60
500
5
50
1 2 1 94.6359 54.4637
1 3 0 99.7858 64.8339
1 4 0 92.5064 73.1504
1 5 0 30.6568 97.6025
1 6 0 99.6236 41.5416
1 7 0 3.29808 86.5221
1 8 0 9.79812 76.118
1 9 0 75.7121 52.0059
1 10 0 46.5114 57.6708
1 11 1 64.1197 38.7135
1 12 0 78.8952 41.8564
1 13 1 50.2226 8.08665
1 14 0 98.0668 58.5101
1 15 0 51.8406 67.4596
1 16 0 6.44122 5.86708
1 17 0 7.23302 64.0746
1 18 0 70.6131 26.021
1 19 0 42.8686 80.4237
1 20 0 28.5623 4.70835
1 21 0 18.0075 21.1725
1 22 0 49.532 37.7422
1 23 0 78.2846 92.8215
1 24 0 24.9245 55.5564
1 25 0 64.0539 98.4189
1 26 0 52.5808 31.3981
1 27 1 39.5472 78.9069
1 28 0 55.6452 28.6047
1 29 0 39.0518 44.2341
1 30 0 97.5278 34.9416
1 31 0 57.5915 39.2202
1 32 0 76.109 92.7766
1 33 0 4.2383 96.658
1 34 0 85.1986 80.4504
1 35 0 36.9786 24.0412
1 36 0 81.6321 14.1104
1 37 0 25.041 47.8957
1 38 0 14.8298 30.7017
1 39 0 31.5153 61.0396
1 40 0 1.2692 70.8846
1 41 0 3.67562 42.8342
1 42 1 2.30643 51.3673
1 43 0 80.3707 57.7538
1 44 0 1.55179 94.501
1 45 0 51.6955 73.8409
1 46 0 33.5275 35.3205
1 47 0 90.479 17.7735
1 48 0 25.5097 64.0789
1 49 0 91.4388 45.712
1 50 0 30.8989 93.3788
1 51 0 78.5168 56.2131
1 52 0 47.0498 31.3836
1 53 0 33.1886 12.6866
1 54 0 57.5817 20.3797
1 55 0 10.269 87.6773
1 56 0 32.7783 73.4574
1 57 0 91.6945 84.8
1 58 0 97.1519 12.2504
1 59 0 43.1255 79.1842
1 60 1 42.8321 44.8333
2 1 0 33.9302 65.318
2 3 1 32.3455 33.6284
2 4 0 98.2669 2.17895
2 5 0 31.9589 87.4897
2 6 0 91.9049 79.7669
2 7 0 28.847 87.2489
2 8 0 71.2734 40.5314
2 9 0 92.6723 19.7749
2 10 0 61.9229 39.2349
2 11 0 46.002 63.7767
2 12 0 33.1798 79.5424
2 13 0 71.0931 11.711
2 14 0 68.3632 41.6605
2 15 1 6.83883 33.1062
2 16 0 93.895 47.1783
2 17 1 84.9767 21.6807
2 18 0 64.1228 95.1784
2 19 0 75.9465 82.3517
2 20 1 90.4446 84.9947
2 21 0 75.1098 27.2067
2 22 0 53.9958 80.9918
2 23 1 49.2452 29.4372
2 24 0 92.7406 86.8776
2 25 0 79.8887 63.216
2 26 0 30.237 33.4699
2 27 0 38.8688 56.4071
2 28 0 64.6423 15.7186
2 29 0 43.2292 93.2609
2 30 0 65.0026 0.289248
2 31 0 59.6256 25.4858
2 32 0 89.7978 71.3345
2 33 0 6.94957 44.9654
2 34 1 9.36279 91.901
2 35 0 10.6953 30.7964
2 36 0 8.55768 84.2983
2 37 0 55.207 14.105
2 38 0 1.49051 21.6659
2 39 0 65.638 14.9326
2 40 0 56.5544 10.6683
2 41 0 10.2819 51.0031
2 42 0 64.6062 15.8634
2 43 0 98.5168 52.837
2 44 0 46.1636 57.1538
2 45 0 31.7926 56.5808
2 46 0 37.9034 48.4259
2 47 0 48.644 34.07
2 48 0 51.0787 99.4381
2 49 0 78.2149 64.3132
2 50 0 2.49831 48.5869
2 51 0 83.128 13.4712
2 52 0 43.7908 50.3214
2 53 0 50.9636 83.242
2 54 0 81.2307 70.5486
2 55 0 44.7812 30.0132
2 56 0 11.0144 59.6936
2 57 0 71.188 52.0941
2 58 0 43.1164 16.8756
2 59 1 27.9645 83.3988
2 60 0 69.6077 28.1596
3 1 0 95.9418 86.4336
3 2 1 60.4153 1.02627
3 4 1 64.0392 71.4592
3 5 0 56.962 78.9544
3 6 1 83.2136 18.4616
3 7 0 12.5728 55.0261
3 8 0 11.8576 61.3853
3 9 0 59.2489 90.1699
3 10 0 62.9868 20.2479
3 11 0 84.1651 2.5674
3 12 0 18.5365 62.2975
3 13 0 32.0124 96.8696
3 14 0 44.4551 34.8252
3 15 0 60.752 68.8253
3 16 0 66.6225 7.64743
3 17 1 31.5751 30.7547
3 18 0 78.7852 77.3139
3 19 0 39.8561 91.9354
3 20 1 57.6376 42.3371
3 21 0 87.7524 8.70806
3 22 0 83.7217 89.9235
3 23 0 51.564 86.9219
3 24 0 19.1016 15.1819
3 25 0 53.3575 29.7089
3 26 0 79.2636 43.6961
3 27 0 21.5409 17.9432
3 28 0 83.4221 60.6192
3 29 0 73.0474 79.7344
3 30 0 25.0957 30.4314
3 31 0 66.0627 20.9102
3 32 0 26.7541 97.1574
3 33 0 3.75449 31.6115
3 34 0 89.8466 10.438
3 35 0 34.6328 52.1126
3 36 0 11.4324 84.9262
3 37 0 22.7457 35.9863
3 38 0 80.9529 77.2297
3 39 1 8.20659 99.7298
3 40 1 37.0429 25.8634
3 41 0 59.8184 40.1696
3 42 0 51.3552 63.3089
3 43 1 7.127 94.6933
3 44 0 48.7954 95.6374
3 45 0 14.6356 8.42411
3 46 0 43.6558 71.4354
3 47 0 93.6435 99.8269
3 48 0 78.9434 77.2963
3 49 0 66.1361 91.5795
3 50 0 1.74021 59.0419
3 51 0 37.8124 94.515
3 52 0 38.5638 83.9419
3 53 1 48.8805 23.5781
3 54 0 77.0704 13.5134
3 55 0 1.49946 21.2067
3 56 0 30.0737 36.0222
3 57 0 89.0729 8.39481
3 58 0 84.1054 11.6248
3 59 0 87.7945 73.6045
3 60 0 79.9845 5.79995
4 1 1 37.5578 59.0639
4 2 0 34.9352 93.6792
4 3 1 4.74604 84.1074
4 5 1 41.455 52.2588
4 6 0 75.0152 70.8761
4 7 0 79.1014 78.6953
4 8 0 26.9011 62.5142
4 9 0 47.7633 22.2591
4 10 0 55.8445 15.9318
4 11 0 74.6896 66.1989
4 12 0 62.968 78.7482
4 13 0 55.3312 41.1378
4 14 1 98.1091 37.5776
4 15 0 61.0133 30.7088
4 16 0 66.7468 76.2799
4 17 0 33.107 82.1017
4 18 1 56.8228 13.7939
4 19 0 76.0907 66.2481
4 20 0 47.5971 77.6217
4 21 0 44.993 12.0726
4 22 0 43.0863 99.9777
4 23 0 56.4079 31.5632
4 24 1 93.3412 85.7306
4 25 0 80.6889 15.3631
4 26 0 64.8456 14.0464
4 27 0 30.3763 3.4885
4 28 1 55.4816 43.805
4 29 0 34.0749 32.1796
4 30 0 15.8382 14.9166
4 31 1 35.3233 31.1561
4 32 0 23.0138 84.2573
4 33 0 64.6675 3.40418
4 34 0 53.3069 40.3437
4 35 0 89.7969 24.3282
4 36 0 83.2764 72.042
4 37 0 98.7733 25.8847
4 38 0 96.9341 18.9523
4 39 0 93.5298 31.6657
4 40 0 37.9479 34.693
4 41 0 25.9727 5.27886
4 42 0 59.698 87.3612
4 43 0 71.7882 3.2667
4 44 0 15.4974 59.7882
4 45 0 22.0667 4.64464
4 46 0 35.516 74.2415
4 47 1 0.852949 41.5916
4 48 0 57.4556 32.2678
4 49 0 37.7246 71.8944
4 50 0 54.5814 18.3106
4 51 0 61.7143 10.524
4 52 0 69.3763 97.4158
4 53 0 8.04355 67.7227
4 54 0 24.0779 77.1976
4 55 1 37.7921 59.481
4 56 0 23.8033 76.6919
4 57 0 59.554 39.4565
4 58 1 45.462 80.346
4 59 1 73.9837 87.4298
4 60 0 20.3921 59.7117
5 1 0 28.1126 44.709
5 2 0 49.7453 57.3234
5 3 0 98.9691 29.949
5 4 0 55.3658 48.2422
5 6 1 38.4106 30.2987
5 7 0 23.9049 32.4255
5 8 0 70.1933 5.62821
5 9 0 79.7443 60.3688
5 10 0 89.8169 47.0377
5 11 0 32.3384 75.9021
5 12 1 16.7589 23.9558
5 13 0 66.9662 74.4417
5 14 0 44.4289 93.2774
5 15 0 66.2007 34.8711
5 16 0 58.7218 29.4734
5 17 0 1.2628 95.2322
5 18 0 24.8409 66.1683
5 19 0 61.0673 51.3857
5 20 0 79.2106 77.9602
5 21 0 75.5774 63.4908
5 22 0 85.2323 3.65753
5 23 1 0.341717 54.0816
5 24 0 17.4875 26.8279
5 25 0 18.6326 30.0004
5 26 0 74.8553 90.419
5 27 0 35.9047 14.4664
5 28 0 72.1797 85.5268
5 29 0 14.7849 63.3455
5 30 0 87.9715 93.7305
5 31 0 30.1696 7.12027
5 32 0 28.6244 21.8421
5 33 0 33.5523 17.3958
5 34 0 60.7377 13.9424
5 35 0 4.58093 14.4142
5 36 0 92.8289 74.0618
5 37 0 32.3588 68.0614
5 38 0 10.5222 59.2765
5 39 0 67.9279 19.2499
5 40 0 88.8118 41.8128
5 41 0 97.2948 45.4397
5 42 0 4.76305 63.1832
5 43 0 19.8389 41.7406
5 44 0 50.7476 60.7427
5 45 1 13.6446 49.5255
5 46 0 3.43888 75.4545
5 47 0 31.4978 96.8521
5 48 0 78.216 71.3904
5 49 1 91.6751 76.6907
5 50 0 32.7232 67.7386
5 51 0 70.2218 22.6839
5 52 0 58.7598 90.0201
5 53 0 59.7202 28.1915
5 54 0 46.94 69.3894
5 55 0 76.3792 3.19751
5 56 0 84.1861 28.538
5 57 0 11.9946 16.6601
5 58 0 76.8565 47.6393
5 59 0 50.9979 81.6783
5 60 0 54.2214 6.0622
6 1 0 52.5126 8.86377
6 2 1 22.7048 4.21502
6 3 0 12.8283 64.819
6 4 0 99.7193 96.9294
6 5 0 60.6968 30.7105
6 7 1 36.9363 92.564
6 8 0 89.91 34.4621
6 9 0 74.3952 70.3451
6 10 0 17.3144 6.64657
6 11 0 92.4148 13.3751
6 12 0 47.4882 56.2142
6 13 1 77.9765 37.4325
6 14 0 46.3808 6.82817
6 15 0 79.7704 55.8992
6 16 0 17.8406 56.4244
6 17 0 12.462 48.1257
6 18 0 90.1557 29.0706
6 19 0 98.5567 27.0844
6 20 0 29.0364 28.4923
6 21 0 12.7096 76.8839
6 22 0 51.986 40.4885
6 23 0 58.8879 25.246
6 24 0 30.3174 87.2341
6 25 0 27.6607 59.9001
6 26 0 15.0578 13.8979
6 27 1 92.7148 98.5159
6 28 0 49.6001 74.8038
6 29 0 29.4149 7.70107
6 30 0 73.7054 92.2074
6 31 0 41.6739 31.8562
6 32 0 44.6087 68.0998
6 33 1 63.7555 89.5305
6 34 0 16.7764 55.9896
6 35 0 5.81654 29.1392
6 36 0 81.4702 42.8189
6 37 1 22.2282 93.0275
6 38 0 29.6158 26.1908
6 39 0 37.0544 48.0797
6 40 0 1.55879 63.7578
6 41 0 50.888 62.2345
6 42 0 58.4627 45.4674
6 43 1 83.4042 2.93907
6 44 0 48.6763 24.0126
6 45 0 60.3818 38.3445
6 46 0 14.7367 73.8411
6 47 0 85.3132 76.3646
6 48 0 15.6156 57.8969
6 49 0 93.6509 42.1291
6 50 0 58.6161 33.7724
6 51 0 40.0059 88.0125
6 52 0 92.3283 59.0134
6 53 0 61.2239 57.3058
6 54 0 76.0751 1.03686
6 55 0 76.7516 12.4171
6 56 1 12.0528 86.8802
6 57 0 58.5766 75.388
6 58 0 90.7012 31.6866
6 59 0 77.3786 25.1279
6 60 0 71.9308 84.9582
7 1 0 74.0032 15.487
7 2 0 1.72044 69.7554
7 3 0 5.07878 61.0672
7 4 0 8.91585 42.9909
7 5 0 62.6263 38.9377
7 6 0 45.1212 13.3114
7 8 1 38.8235 77.2128
7 9 0 15.6588 90.5424
7 10 0 51.9729 25.3585
7 11 0 59.1087 81.7869
7 12 0 22.7445 89.0263
7 13 1 2.28103 65.2971
7 14 0 74.3673 54.5929
7 15 0 15.4682 38.7111
7 16 0 0.681932 93.6043
7 17 1 18.019 12.4582
7 18 1 66.2285 21.364
7 19 0 26.3744 49.0903
7 20 0 67.4115 93.0538
7 21 0 80.4376 87.9381
7 22 0 27.003 7.74933
7 23 0 15.0077 59.0722
7 24 0 79.5298 26.5663
7 25 0 48.4373 47.8514
7 26 0 71.7068 3.28958
7 27 0 78.124 94.857
7 28 0 93.5028 82.1386
7 29 0 66.9836 38.5558
7 30 1 34.4231 28.2732
7 31 0 53.6208 18.054
7 32 1 0.0392032 5.59464
7 33 0 58.0002 45.5323
7 34 0 29.0377 47.826
7 35 0 37.2734 28.4551
7 36 0 95.2375 93.1586
7 37 0 64.3998 87.9972
7 38 0 23.455 69.5338
7 39 0 35.9861 93.4837
7 40 0 88.5086 61.9129
7 41 0 96.4404 80.4378
7 42 0 64.7789 10.071
7 43 0 38.3272 75.9504
7 44 1 39.1007 64.2093
7 45 0 92.5738 43.0601
7 46 1 30.4076 18.2658
7 47 0 89.0991 16.0097
7 48 1 24.975 56.1852
7 49 0 66.0163 11.723
7 50 0 59.8081 9.00563
7 51 0 1.57744 54.2627
7 52 0 83.5808 58.1879
7 53 0 78.3526 92.4398
7 54 0 12.5878 29.1369
7 55 0 73.2083 47.002
7 56 1 45.5691 36.678
7 57 0 7.95068 24.1145
7 58 0 9.05715 93.5689
7 59 0 40.142 36.883
7 60 0 88.4041 32.7596
8 1 0 93.8261 46.7354
8 2 1 54.5559 41.7288
8 3 0 57.0645 72.0924
8 4 0 41.9045 24.8249
8 5 0 72.1414 90.7836
8 6 0 37.1095 0.0730803
8 7 0 36.3792 0.27829
8 9 1 33.4133 6.93291
8 10 1 58.8148 16.0789
8 11 0 31.0052 3.93635
8 12 0 89.5457 74.3584
8 13 0 36.4082 50.9188
8 14 0 85.4203 60.195
8 15 0 89.9745 4.54531
8 16 0 47.066 4.26046
8 17 0 63.1777 78.9578
8 18 0 21.0027 92.9916
8 19 0 82.9211 25.6152
8 20 0 11.3534 35.7904
8 21 0 41.49 28.261
8 22 0 4.10939 92.7269
8 23 0 91.0935 40.5455
8 24 0 8.17454 48.8542
8 25 0 67.0819 61.7441
8 26 0 70.1163 12.7018
8 27 0 27.1742 81.4575
8 28 0 85.314 51.8504
8 29 0 11.3135 4.84993
8 30 0 92.7341 44.1062
8 31 1 42.3462 92.5389
8 32 0 81.6832 86.9588
8 33 0 84.869 92.5395
8 34 0 3.10991 57.8821
8 35 0 2.73168 14.5795
8 36 0 99.0513 57.2404
8 37 0 73.4889 85.5678
8 38 0 66.5457 23.8239
8 39 0 86.1743 91.9513
8 40 0 6.70548 7.66856
8 41 0 13.3448 55.8388
8 42 0 85.2286 37.4257
8 43 0 49.6977 85.3506
8 44 0 98.2268 18.0409
8 45 0 37.5956 82.1327
8 46 0 45.7034 39.865
8 47 0 99.3062 16.3961
8 48 0 79.8272 35.2469
8 49 0 15.933 60.7154
8 50 0 8.54884 59.5976
8 51 0 69.9918 70.6462
8 52 0 32.1563 46.8215
8 53 0 0.950914 45.7106
8 54 0 55.3958 49.629
8 55 1 81.9022 70.0398
8 56 0 69.9296 34.2922
8 57 0 26.3249 82.6258
8 58 0 51.2824 94.6972
8 59 0 1.8938 61.7155
8 60 0 31.9929 49.9217
9 1 0 42.1986 40.2246
9 2 0 94.9527 75.1101
9 3 1 12.6603 57.5705
9 4 0 51.5164 53.9726
9 5 0 14.5211 56.1052
9 6 0 88.6827 8.16919
9 7 0 45.4393 62.8581
9 8 0 68.8671 87.9914
9 10 1 38.0622 54.2691
9 11 0 55.4453 99.5901
9 12 0 4.13599 78.7277
9 13 0 49.3629 92.1307
9 14 0 59.1825 86.2595
9 15 0 82.0103 43.2995
9 16 0 13.6333 1.32391
9 17 0 8.41756 62.7763
9 18 1 15.8997 84.0716
9 19 0 6.53989 28.4223
9 20 0 13.1869 87.558
9 21 0 72.7681 91.3649
9 22 0 68.5714 20.2696
9 23 0 80.2433 97.9832
9 24 1 95.056 85.2391
9 25 0 37.1089 70.4328
9 26 0 23.5402 70.6079
9 27 0 36.0844 91.8063
9 28 0 61.0942 57.9966
9 29 0 43.958 29.0896
9 30 0 58.1601 53.7212
9 31 0 29.6368 7.73994
9 32 0 47.2629 11.643
9 33 0 68.1281 63.2425
9 34 0 13.7861 34.4902
9 35 0 88.5442 82.3092
9 36 0 74.0143 77.3222
9 37 1 62.9091 46.9465
9 38 0 97.9912 17.6737
9 39 0 49.5088 74.932
9 40 0 90.0614 5.53965
9 41 0 49.4163 58.7521
9 42 0 26.3375 56.9242
9 43 0 43.9349 64.9275
9 44 0 16.2202 56.3058
9 45 0 32.2204 35.8618
9 46 0 0.69665 30.8658
9 47 0 55.6019 24.3875
9 48 0 27.1681 12.5773
9 49 0 44.6842 37.678
9 50 1 7.01225 41.2237
9 51 0 28.892 64.7778
9 52 0 35.8178 28.7392
9 53 0 5.7969 16.5477
9 54 0 14.4088 32.4949
9 55 0 43.6633 0.424134
9 56 0 8.59982 20.3031
9 57 0 57.7261 48.8227
9 58 0 12.7468 29.5253
9 59 0 76.411 71.4404
9 60 0 16.6556 88.5417
10 1 0 54.8129 91.6081
10 2 0 98.6784 20.1795
10 3 1 49.8141 67.4377
10 4 0 64.9042 26.3318
10 5 0 3.03146 47.8482
10 6 0 44.4873 24.6801
10 7 0 54.9567 16.7294
10 8 0 45.0588 97.9643
10 9 0 0.287541 62.9612
10 11 1 3.61511 13.8089
10 12 0 28.8556 71.7065
10 13 0 3.3183 14.2461
10 14 0 95.5555 3.84704
10 15 1 72.7114 90.3115
10 16 0 40.0073 34.4055
10 17 0 40.0385 91.9091
10 18 0 7.74445 53.7745
10 19 0 47.9949 80.5862
10 20 0 59.1185 12.7637
10 21 0 49.6168 96.6234
10 22 0 28.2194 92.8881
10 23 0 1.42287 64.0167
10 24 0 72.5548 50.1284
10 25 0 86.6251 10.4634
10 26 0 35.9231 58.9014
10 27 0 70.6033 20.0269
10 28 0 97.4608 87.5905
10 29 0 27.8512 57.9492
10 30 0 87.6989 21.0695
10 31 0 55.1119 15.6891
10 32 1 32.6938 86.8551
10 33 1 41.0153 88.5519
10 34 0 40.0397 87.1538
10 35 0 60.9263 55.1592
10 36 0 28.5605 29.3055
10 37 0 30.8023 97.966
10 38 0 98.4968 73.8175
10 39 0 20.6737 41.1608
10 40 1 37.9892 50.6827
10 41 0 4.54337 54.3776
10 42 0 14.2038 54.1549
10 43 0 9.45103 98.6175
10 44 0 68.3382 98.0611
10 45 0 62.661 66.916
10 46 1 4.55761 32.8277
10 47 0 72.398 86.3404
10 48 0 42.2261 46.2875
10 49 0 71.643 14.7344
10 50 0 29.8876 14.7324
10 51 1 35.1699 70.7022
10 52 1 19.6662 57.1724
10 53 0 31.6235 94.3308
10 54 0 13.1714 7.61756
10 55 0 92.7651 11.8081
10 56 0 60.5816 24.7469
10 57 0 60.4628 7.70535
10 58 0 67.8995 68.776
10 59 0 51.9955 18.8758
10 60 0 90.7484 18.0772
11 1 0 95.5833 23.4637
11 2 0 23.6084 2.13117
11 3 0 10.371 23.2681
11 4 0 3.59088 92.7567
11 5 0 64.3122 28.3823
11 6 0 87.7411 80.6925
11 7 0 28.5184 37.1283
11 8 0 39.8461 52.4998
11 9 0 96.119 35.4554
11 10 0 29.1009 10.5854
11 12 1 59.1503 99.8421
11 13 0 84.1286 56.9222
11 14 0 6.45402 46.1136
11 15 0 88.4053 35.424
11 16 1 81.8273 44.3272
11 17 0 99.1627 72.3607
11 18 1 0.448124 12.2858
11 19 1 93.5647 7.89985
11 20 0 39.9494 18.5208
11 21 1 35.9435 45.8019
11 22 1 92.5986 52.2861
11 23 0 52.9454 9.61768
11 24 0 2.16814 18.2565
11 25 0 97.1829 68.8065
11 26 0 22.9724 78.8005
11 27 0 98.0745 9.96672
11 28 0 75.6368 40.2295
11 29 0 43.5029 71.2352
11 30 0 0.663958 50.9347
11 31 1 88.9853 29.5318
11 32 0 19.8378 10.6569
11 33 0 4.10173 96.5451
11 34 0 23.665 30.6342
11 35 0 27.289 39.1519
11 36 0 62.6304 33.3145
11 37 0 37.7927 10.3551
11 38 0 52.9051 25.2578
11 39 0 94.3172 35.1209
11 40 0 1.82092 66.0232
11 41 0 0.095546 92.2062
11 42 0 59.8143 23.1101
11 43 0 87.2981 49.9151
11 44 0 93.4027 76.6891
11 45 0 2.22493 69.9429
11 46 0 98.5166 17.3959
11 47 0 45.7899 37.7373
11 48 1 84.6476 87.2511
11 49 0 78.094 38.2838
11 50 0 90.2674 82.5384
11 51 0 5.84184 61.6332
11 52 1 44.6266 70.7275
11 53 0 79.6478 51.2804
11 54 0 2.76508 72.0556
11 55 1 45.3942 73.3098
11 56 0 28.8266 63.4635
11 57 0 4.19209 21.9703
11 58 0 33.4402 48.1849
11 59 1 37.7918 42.896
11 60 0 79.011 88.138
12 1 0 88.9996 60.7215
12 2 0 24.2419 94.5556
12 3 0 39.3435 7.9044
12 4 0 4.03643 37.7265
12 5 0 78.1628 87.0211
12 6 0 40.3352 23.6084
12 7 0 23.8255 65.9629
12 8 1 61.4758 93.4202
12 9 0 69.1782 13.9197
12 10 0 56.451 92.5875
12 11 0 71.6427 86.7606
12 13 1 83.7535 72.475
12 14 0 13.2042 30.6349
12 15 0 66.234 49.2466
12 16 0 18.7483 37.6866
12 17 0 53.3495 31.3482
12 18 0 8.58649 29.4879
12 19 0 28.2335 58.7152
12 20 0 90.8359 76.9246
12 21 0 26.6404 52.6954
12 22 0 46.4576 86.2417
12 23 0 84.1787 37.388
12 24 1 90.3425 60.3019
12 25 1 14.1228 76.7341
12 26 1 86.9674 31.533
12 27 0 40.7905 53.1583
12 28 1 24.6445 63.6263
12 29 0 95.5942 81.3569
12 30 0 14.087 63.5565
12 31 0 45.8815 52.3708
12 32 0 75.6048 75.7364
12 33 0 65.1767 4.1101
12 34 1 12.2079 49.1377
12 35 0 37.7119 25.8214
12 36 0 47.3372 38.9457
12 37 0 50.1774 81.0646
12 38 0 38.6336 59.1835
12 39 0 81.7912 49.9751
12 40 0 90.5127 17.855
12 41 0 47.6674 70.3863
12 42 0 65.1432 96.102
12 43 0 92.1221 70.0225
12 44 0 19.6514 2.8587
12 45 1 6.65142 62.3758
12 46 0 5.11605 48.4979
12 47 0 35.0483 22.4285
12 48 0 76.4861 2.69962
12 49 0 73.3737 29.4564
12 50 0 95.615 32.2395
12 51 0 0.523633 78.4723
12 52 0 16.516 36.8362
12 53 1 43.864 4.8937
12 54 0 87.7714 69.008
12 55 0 93.3738 80.6289
12 56 0 13.5694 47.3458
12 57 1 0.701361 93.0508
12 58 0 51.0267 49.196
12 59 0 61.4978 93.3094
12 60 0 50.9442 51.1882
13 1 0 72.7831 53.9144
13 2 0 61.6151 84.2835
13 3 0 65.7141 95.7509
13 4 0 61.4829 46.2296
13 5 0 85.4309 30.1618
13 6 0 30.1565 95.2842
13 7 0 85.4656 29.8626
13 8 0 53.7608 19.4275
13 9 0 22.1815 72.8338
13 10 0 58.672 47.6682
13 11 0 67.1448 20.6885
13 12 0 37.1449 11.6936
13 14 1 94.684 92.7884
13 15 0 64.619 11.4158
13 16 0 30.4286 74.4718
13 17 0 57.4389 34.013
13 18 0 21.1049 42.0627
13 19 0 61.1069 98.6078
13 20 0 39.6265 18.0566
13 21 1 92.9366 55.0546
13 22 0 85.3586 66.129
13 23 0 74.7842 80.5348
13 24 0 41.3391 43.3982
13 25 0 39.4573 88.3944
13 26 1 95.5057 2.13463
13 27 1 2.43963 47.3918
13 28 0 22.6318 55.696
13 29 0 60.5296 41.0194
13 30 0 88.9805 30.9088
13 31 0 68.2921 77.2483
13 32 0 10.2709 38.5535
13 33 0 95.4829 64.2552
13 34 0 34.8343 84.944
13 35 0 23.3795 2.36835
13 36 0 0.445806 9.26498
13 37 0 59.4633 67.7891
13 38 0 92.6591 12.4398
13 39 0 64.4913 51.4771
13 40 0 2.91753 64.8817
13 41 0 68.4328 82.2673
13 42 0 15.7409 29.43
13 43 0 6.54433 67.4547
13 44 0 24.3541 66.9875
13 45 0 71.4148 36.7689
13 46 0 3.18359 40.2497
13 47 0 19.9239 4.78267
13 48 0 85.0115 77.0362
13 49 0 5.13804 11.1088
13 50 0 41.7097 58.1424
13 51 0 34.0075 6.08213
13 52 0 81.4008 54.6669
13 53 0 85.9816 35.4835
13 54 0 37.9846 87.4202
13 55 0 64.5704 66.0687
13 56 0 55.7074 74.3492
13 57 0 98.29 75.0253
13 58 0 39.6192 86.5869
13 59 0 56.0529 36.5228
13 60 1 80.8816 45.4059
14 1 0 57.3658 1.05429
14 2 1 15.4867 15.8526
14 3 0 21.8851 39.5038
14 4 0 0.851506 71.8781
14 5 0 73.4961 15.0916
14 6 0 55.0267 85.2531
14 7 0 78.5342 15.1679
14 8 0 25.0317 74.6676
14 9 1 81.2564 19.6034
14 10 0 26.9418 81.9167
14 11 0 22.0768 57.5369
14 12 0 41.8921 38.0243
14 13 0 73.3236 22.7476
14 15 1 81.3876 73.9613
14 16 0 45.1495 81.6113
14 17 1 90.4842 8.8298
14 18 0 22.087 33.9958
14 19 0 39.4148 50.6627
14 20 0 88.45 98.6203
14 21 0 31.9493 45.055
14 22 0 49.9867 24.326
14 23 0 34.184 41.2195
14 24 0 22.0463 71.7598
14 25 0 72.4433 48.1254
14 26 0 43.9409 16.4536
14 27 0 24.3786 34.7904
14 28 0 66.5955 27.609
14 29 1 48.5264 89.8176
14 30 0 32.5583 84.7272
14 31 0 8.00063 38.5437
14 32 0 73.6955 89.4057
14 33 0 71.0145 26.1516
14 34 0 11.2597 3.78569
14 35 0 57.2183 76.9685
14 36 0 7.97672 43.8457
14 37 0 87.3464 37.515
14 38 0 11.2308 21.9288
14 39 0 14.3166 14.7864
14 40 0 64.8148 3.76519
14 41 0 15.0484 81.4793
14 42 0 44.8345 14.3018
14 43 0 40.6197 91.9005
14 44 0 53.7434 14.7112
14 45 0 47.9588 5.53676
14 46 0 8.20147 71.2464
14 47 0 16.8287 5.63829
14 48 0 83.3923 14.9735
14 49 0 19.0292 7.25977
14 50 0 14.1392 71.1656
14 51 0 53.9892 59.9136
14 52 0 26.5319 74.2306
14 53 0 28.0502 10.2644
14 54 0 17.9133 65.594
14 55 0 3.25704 10.9453
14 56 0 6.49571 62.2709
14 57 1 42.7145 48.0828
14 58 0 44.8649 62.662
14 59 0 97.31 87.0739
14 60 0 77.0743 29.3343
15 1 0 7.07215 22.2608
15 2 0 11.1617 56.5236
15 3 0 73.6446 2.49238
15 4 0 31.7773 46.4113
15 5 0 42.1305 71.6951
15 6 0 94.5978 21.2678
15 7 0 68.6227 41.2869
15 8 0 13.0724 15.6486
15 9 0 96.2763 59.9836
15 10 0 98.9944 96.5854
15 11 0 35.373 18.003
15 12 1 41.7904 71.4782
15 13 0 76.1587 54.9339
15 14 0 13.2765 68.3552
15 16 1 32.8254 79.976
15 17 0 83.1723 75.5239
15 18 0 41.0444 22.1082
15 19 1 53.298 39.3865
15 20 1 15.1852 42.2689
15 21 0 7.02616 98.7369
15 22 0 38.6697 51.338
15 23 0 88.6254 4.29888
15 24 0 64.7303 67.1768
15 25 0 34.1437 12.896
15 26 0 68.7349 40.9882
15 27 0 99.2099 95.935
15 28 0 46.2406 0.089254
15 29 0 5.32132 38.3419
15 30 0 89.9989 93.1217
15 31 0 17.4402 56.346
15 32 0 90.188 69.0568
15 33 0 28.8213 32.0063
15 34 0 34.8792 79.9431
15 35 0 65.7436 13.7864
15 36 0 60.4514 66.4353
15 37 0 50.5289 84.8258
15 38 0 56.8002 10.4442
15 39 0 18.3505 51.8651
15 40 0 0.370678 63.2172
15 41 0 81.3153 93.5152
15 42 0 27.4782 45.2443
15 43 0 68.6553 11.6829
15 44 0 8.8594 62.9904
15 45 0 36.6245 82.904
15 46 0 53.2819 38.7699
15 47 0 41.4441 14.5621
15 48 0 25.5513 92.5374
15 49 0 56.2845 68.0291
15 50 0 4.73552 76.5002
15 51 0 81.4916 7.45229
15 52 1 92.8992 88.8392
15 53 0 38.6122 57.25
15 54 0 47.749 21.2047
15 55 0 21.3805 73.7966
15 56 0 88.729 27.7362
15 57 0 29.9879 1.49827
15 58 0 7.268 22.1286
15 59 0 38.9287 50.6928
15 60 0 54.3886 79.1267
16 1 0 14.0748 65.5556
16 2 0 50.9095 89.7927
16 3 0 51.9846 88.9291
16 4 0 12.1868 16.2229
16 5 0 22.1974 0.0911529
16 6 0 95.5562 10.7071
16 7 0 63.8928 32.7298
16 8 0 17.0681 77.7037
16 9 0 89.9045 74.4921
16 10 0 52.8672 77.349
16 11 0 23.2 37.1625
16 12 0 53.7635 45.1659
16 13 0 12.8371 65.3438
16 14 1 53.2999 27.1682
16 15 0 3.02174 4.94501
16 17 1 89.8049 56.817
16 18 0 84.0026 30.7412
16 19 0 12.1734 36.2015
16 20 0 23.0174 24.7224
16 21 0 24.966 53.924
16 22 0 33.1065 29.9526
16 23 0 63.2035 0.987723
16 24 0 48.3254 21.5546
16 25 0 8.8231 67.5895
16 26 0 79.7548 23.1377
16 27 0 44.2448 88.4947
16 28 0 47.7707 58.5874
16 29 1 64.9015 90.3017
16 30 0 71.5574 45.1221
16 31 0 81.6752 9.56765
16 32 0 15.967 68.2137
16 33 0 5.79425 24.5958
16 34 0 58.4169 81.4925
16 35 0 50.9882 45.3331
16 36 0 32.131 83.7628
16 37 0 35.5073 91.4169
16 38 0 74.6543 2.77803
16 39 0 72.2606 56.5757
16 40 0 61.2054 67.2758
16 41 0 99.9912 57.0527
16 42 0 6.45254 90.9074
16 43 0 0.024569 83.372
16 44 0 4.54983 68.2682
16 45 0 88.6455 80.1921
16 46 0 1.77997 85.0971
16 47 0 68.6216 39.3623
16 48 0 73.4003 13.6503
16 49 0 79.8668 20.001
16 50 0 12.9318 68.4491
16 51 0 86.3487 89.0919
16 52 0 40.553 4.75301
16 53 0 38.1396 74.9094
16 54 1 14.7802 89.7334
16 55 0 19.0103 5.22265
16 56 0 89.8467 77.1046
16 57 0 3.39906 49.4511
16 58 0 23.1989 11.3818
16 59 0 20.1068 0.88398
16 60 1 37.6678 33.3189
17 1 0 10.7212 67.9263
17 2 1 57.4364 67.5198
17 3 0 65.2462 34.3666
17 4 0 14.8005 82.2892
17 5 0 91.6664 84.012
17 6 0 98.0636 0.085587
17 7 1 29.7207 49.282
17 8 0 38.2567 29.0629
17 9 0 57.9617 63.3103
17 10 1 23.0635 3.48013
17 11 0 39.8705 23.2152
17 12 0 19.0016 84.5178
17 13 0 3.68644 70.0005
17 14 0 88.0907 87.2599
17 15 1 83.53 94.7068
17 16 0 37.0054 42.0552
17 18 1 23.4818 77.9097
17 19 1 62.4337 88.4298
17 20 1 21.4036 20.6713
17 21 0 58.3426 18.6153
17 22 0 59.2231 78.9505
17 23 0 86.3054 67.9223
17 24 0 5.39149 0.00967518
17 25 0 63.635 11.386
17 26 0 27.4956 59.377
17 27 0 68.9238 33.849
17 28 0 51.8734 62.6108
17 29 0 92.6985 60.1045
17 30 1 52.8094 58.1819
17 31 0 90.0689 88.8222
17 32 0 14.1824 72.0978
17 33 0 18.1206 97.3416
17 34 0 49.2229 80.0954
17 35 0 45.7675 1.22159
17 36 1 44.1629 82.6765
17 37 0 19.2067 38.4608
17 38 0 95.1322 98.2045
17 39 0 3.00163 8.99133
17 40 0 27.99 89.0575
17 41 0 44.5966 43.4371
17 42 0 7.45251 15.1121
17 43 0 15.3429 22.3787
17 44 1 10.0323 45.213
17 45 0 62.9454 43.2896
17 46 0 70.8243 81.0705
17 47 0 35.1633 17.33
17 48 0 90.8724 42.0004
17 49 0 88.4284 31.945
17 50 0 0.262393 63.3342
17 51 0 70.3469 57.2905
17 52 0 65.2691 70.4554
17 53 0 24.214 37.7146
17 54 0 59.56 94.1406
17 55 0 24.7454 16.2858
17 56 0 97.6972 96.8832
17 57 0 66.8665 20.9866
17 58 1 27.1405 47.5244
17 59 0 20.0872 64.7219
17 60 0 54.3571 25.4225
18 1 0 62.3255 90.4787
18 2 0 96.8282 67.5898
18 3 1 79.1141 31.3371
18 4 0 18.1602 64.0284
18 5 0 12.7065 17.6221
18 6 1 11.1151 10.7409
18 7 0 10.8957 44.4016
18 8 0 17.4373 42.0618
18 9 0 10.1913 16.3958
18 10 0 69.0298 53.0162
18 11 1 17.9975 1.12364
18 12 0 84.2598 64.5853
18 13 1 64.0204 23.541
18 14 1 83.3342 1.03779
18 15 0 10.0059 82.1507
18 16 1 54.9838 84.4407
18 17 0 98.3959 69.7874
18 19 1 77.8012 84.5768
18 20 1 80.2348 59.1373
18 21 0 47.7545 76.7924
18 22 1 58.2507 39.827
18 23 0 35.5555 91.9484
18 24 0 31.1677 34.2169
18 25 1 25.1811 48.6954
18 26 0 26.1107 70.0552
18 27 0 51.0202 20.523
18 28 0 16.4574 56.2545
18 29 0 22.4674 9.9548
18 30 0 91.7079 43.1284
18 31 0 5.3075 1.77689
18 32 0 74.1757 36.6521
18 33 0 50.0398 0.659755
18 34 0 10.0175 36.1892
18 35 0 8.64891 31.4547
18 36 0 7.93188 54.0184
18 37 0 94.0112 29.8485
18 38 0 40.7835 80.7021
18 39 0 55.3097 0.190211
18 40 0 62.2727 59.9477
18 41 0 40.6819 82.1247
18 42 0 18.2791 11.6891
18 43 0 63.7458 57.6012
18 44 0 68.967 12.4566
18 45 0 11.9428 78.5462
18 46 0 57.5828 12.6689
18 47 0 90.1178 51.1633
18 48 0 3.21936 30.2388
18 49 0 17.431 44.2383
18 50 0 36.4596 59.154
18 51 0 10.3255 25.8916
18 52 0 24.7144 73.9626
18 53 1 75.441 47.338
18 54 0 34.6968 87.9897
18 55 0 50.2103 89.4903
18 56 0 77.9174 0.895757
18 57 0 58.2312 25.794
18 58 0 74.4391 24.6844
18 59 1 62.1514 41.5206
18 60 0 1.07153 2.71531
19 1 0 7.86684 19.8716
19 2 0 46.5199 31.1306
19 3 0 4.83774 43.5012
19 4 0 60.1067 37.7463
19 5 0 9.44985 70.9293
19 6 0 84.7824 42.3295
19 7 0 81.9286 33.5218
19 8 1 28.7385 49.113
19 9 0 41.4322 17.1179
19 10 0 9.14717 64.2699
19 11 0 47.524 6.66041
19 12 0 57.2196 21.3166
19 13 1 17.3789 43.4121
19 14 0 13.4617 95.4196
19 15 0 84.5491 76.201
19 16 0 27.7149 10.2797
19 17 0 95.7464 59.5405
19 18 0 59.5656 19.0091
19 20 1 89.4095 68.2029
19 21 0 98.3376 63.2028
19 22 0 17.5303 98.7641
19 23 0 56.8881 21.893
19 24 0 85.9081 9.64109
19 25 1 72.2566 34.6872
19 26 0 86.9762 40.5813
19 27 0 14.2286 0.322699
19 28 0 18.4966 2.04935
19 29 1 11.3933 24.9936
19 30 0 16.1794 63.6232
19 31 0 10.7236 52.6256
19 32 0 32.0395 86.0798
19 33 1 83.2117 22.7947
19 34 0 4.22077 31.9372
19 35 0 55.1215 16.757
19 36 0 16.392 73.5586
19 37 0 88.5018 70.9774
19 38 1 27.3976 23.6089
19 39 0 16.8219 1.50307
19 40 1 54.4738 68.2235
19 41 0 42.3189 37.4697
19 42 0 12.8589 15.1657
19 43 1 80.6099 69.3543
19 44 0 48.3702 46.2494
19 45 0 36.484 24.5117
19 46 0 92.6108 14.0439
19 47 0 36.105 88.5573
19 48 0 53.6464 54.9902
19 49 0 14.1063 41.6936
19 50 1 68.8705 71.0846
19 51 0 5.73718 82.5648
19 52 0 26.545 85.7606
19 53 1 34.2686 13.3457
19 54 0 80.6612 93.179
19 55 0 6.1921 8.39258
19 56 0 85.7822 28.5663
19 57 0 53.1136 26.3482
19 58 0 9.24574 81.181
19 59 0 19.97 97.6062
19 60 0 41.7682 79.1494
20 1 0 84.701 58.6035
20 2 0 92.6644 67.7709
20 3 0 35.3452 94.3641
20 4 0 46.3186 18.936
20 5 0 36.2402 85.647
20 6 0 42.0787 97.0336
20 7 0 45.6319 48.7599
20 8 0 17.5073 34.6269
20 9 0 51.9375 76.646
20 10 0 9.83779 56.6332
20 11 0 49.145 8.3332
20 12 0 70.6404 19.1615
20 13 0 49.7344 76.3066
20 14 0 23.396 94.4989
20 15 1 38.0531 68.0119
20 16 0 92.2925 56.0343
20 17 0 85.6037 40.7904
20 18 0 34.6097 64.7
20 19 0 45.7737 69.3584
20 21 1 93.1408 43.4749
20 22 0 55.0312 87.8207
20 23 0 76.0015 59.6561
20 24 0 51.297 87.8435
20 25 0 33.0459 85.016
20 26 0 96.0814 84.3683
20 27 0 25.0984 17.076
20 28 1 41.9942 79.8664
20 29 0 19.3952 7.87817
20 30 0 55.2119 34.506
20 31 0 12.2276 80.2519
20 32 0 3.11319 9.54697
20 33 0 23.5942 15.8098
20 34 0 27.7427 85.2805
20 35 0 24.2473 18.1927
20 36 0 18.1097 14.6409
20 37 0 48.7733 1.79079
20 38 0 2.8338 36.538
20 39 0 93.2539 63.3889
20 40 0 48.4627 2.60885
20 41 0 77.4433 53.4608
20 42 0 9.62975 20.1992
20 43 1 78.6216 43.0689
20 44 1 39.5374 97.869
20 45 0 70.944 78.5176
20 46 0 15.7674 77.753
20 47 0 95.3934 58.7789
20 48 0 67.7173 42.6866
20 49 0 29.9236 34.3322
20 50 0 38.4966 62.0682
20 51 0 45.2163 63.126
20 52 0 50.8569 6.44966
20 53 0 47.2634 55.8555
20 54 0 20.2339 53.721
20 55 0 40.2703 3.9796
20 56 1 18.4755 75.8818
20 57 0 85.7058 52.656
20 58 0 9.56643 5.9864
20 59 1 87.686 77.1581
20 60 0 41.5026 96.2518
21 1 0 24.8373 97.0049
21 2 1 31.4509 20.8184
21 3 0 56.4388 88.602
21 4 1 86.447 58.203
21 5 0 93.5324 89.5828
21 6 0 57.8105 75.5286
21 7 0 82.2726 72.652
21 8 0 72.9414 15.2583
21 9 0 40.8016 86.4791
21 10 0 42.8181 68.9127
21 11 0 93.8712 46.927
21 12 0 57.4788 45.581
21 13 0 34.2156 66.5019
21 14 0 83.7379 60.8211
21 15 0 62.232 39.1747
21 16 0 28.1939 89.4523
21 17 1 7.06363 48.0816
21 18 0 43.7291 43.9279
21 19 0 92.5484 96.4517
21 20 0 95.968 62.5434
21 22 1 91.2548 77.4382
21 23 0 29.7535 7.32424
21 24 0 20.2445 87.6627
21 25 0 97.3723 57.2885
21 26 0 71.7029 9.93325
21 27 0 51.1326 94.0034
21 28 0 83.047 87.4124
21 29 0 54.8992 46.456
21 30 1 23.5127 70.9637
21 31 0 43.0049 86.3535
21 32 1 36.8495 2.91372
21 33 0 82.9923 99.5094
21 34 0 80.3044 67.0574
21 35 0 39.1649 63.3762
21 36 0 36.1497 40.5062
21 37 0 90.607 66.8446
21 38 0 0.532089 28.0124
21 39 0 89.7339 9.01164
21 40 0 5.87546 56.2095
21 41 0 5.21763 85.112
21 42 0 26.1169 24.5075
21 43 0 69.8954 97.2983
21 44 0 84.7469 7.0761
21 45 0 55.9169 74.2371
21 46 0 75.3614 98.5656
21 47 0 71.6123 20.3737
21 48 0 2.22721 33.9487
21 49 0 48.8627 68.2418
21 50 0 70.8215 2.53354
21 51 0 46.8224 97.0612
21 52 1 17.3965 85.1424
21 53 0 67.5548 74.3701
21 54 1 46.1419 81.4176
21 55 1 52.2925 64.7579
21 56 0 40.8925 4.90602
21 57 0 66.8823 81.4644
21 58 1 5.86773 28.0397
21 59 0 46.1532 81.173
21 60 0 18.9873 95.4455
22 1 0 59.0068 58.0415
22 2 0 80.8591 68.8515
22 3 0 84.8016 25.9192
22 4 0 32.783 50.2922
22 5 0 98.1528 3.78898
22 6 0 26.9521 70.3136
22 7 0 96.7991 70.8304
22 8 0 67.1834 63.1989
22 9 0 30.674 63.442
22 10 0 7.66103 26.5192
22 11 0 49.4102 45.7767
22 12 0 52.7723 70.847
22 13 0 18.8706 84.5794
22 14 0 46.1948 96.4821
22 15 0 62.1138 14.6577
22 16 0 50.6787 92.8331
22 17 1 28.6792 81.9015
22 18 0 43.0394 60.5135
22 19 0 58.0372 63.2455
22 20 0 95.6297 7.53517
22 21 0 41.9471 20.6391
22 23 1 70.5497 13.7305
22 24 0 44.2287 82.2052
22 25 0 24.8494 77.4512
22 26 0 99.6648 46.7696
22 27 0 45.8444 70.115
22 28 0 95.2443 22.4347
22 29 0 59.3337 37.4796
22 30 0 19.7989 15.482
22 31 0 10.4793 65.6955
22 32 0 98.9469 65.1842
22 33 0 60.9696 94.2842
22 34 0 43.6612 21.1568
22 35 0 22.2326 46.7702
22 36 0 71.45 79.2669
22 37 0 64.5086 60.8029
22 38 0 77.3074 21.9072
22 39 1 0.234832 5.92697
22 40 0 43.485 31.2348
22 41 0 35.5263 47.9746
22 42 0 51.4016 48.5019
22 43 0 14.3972 40.6152
22 44 0 57.3303 55.4592
22 45 0 94.7903 2.47363
22 46 0 44.2372 50.9054
22 47 0 15.9305 68.8422
22 48 0 79.7469 38.044
22 49 0 48.0985 60.8543
22 50 0 63.7689 38.6081
22 51 0 83.4934 12.8308
22 52 0 31.01 27.4337
22 53 0 74.1743 43.6527
22 54 0 32.5813 18.7046
22 55 0 79.9099 15.2369
22 56 0 86.7736 50.4599
22 57 0 92.0914 14.554
22 58 0 56.709 2.82369
22 59 0 69.9963 10.1871
22 60 0 99.047 86.8363
23 1 0 45.3992 60.6605
23 2 0 69.2536 46.805
23 3 1 97.7217 44.658
23 4 0 8.35671 32.7031
23 5 0 63.4183 94.9643
23 6 0 74.1622 53.6266
23 7 0 42.7035 77.385
23 8 0 69.7513 54.244
23 9 0 0.631211 65.2076
23 10 0 71.3554 53.832
23 11 1 8.18409 97.4121
23 12 1 52.8184 67.311
23 13 0 48.1551 78.1135
23 14 0 4.68104 43.9934
23 15 0 37.6011 41.3894
23 16 0 60.6028 83.4106
23 17 1 25.0691 44.1039
23 18 0 6.69614 87.6694
23 19 0 92.0501 67.3449
23 20 0 86.4888 29.4305
23 21 0 11.1315 98.1579
23 22 0 14.2111 48.5827
23 24 1 8.88369 2.40047
23 25 0 86.7786 78.9573
23 26 0 1.49327 67.7479
23 27 0 50.0167 19.4007
23 28 0 86.5562 79.2785
23 29 1 61.7584 99.3355
23 30 0 90.2012 38.2701
23 31 0 35.8497 51.196
23 32 0 10.5342 57.8189
23 33 0 97.4421 52.5716
23 34 0 8.75545 84.0162
23 35 0 32.4544 39.6637
23 36 0 17.4222 57.0884
23 37 0 45.159 59.6811
23 38 0 51.1454 74.6911
23 39 0 20.2709 74.4647
23 40 1 40.8707 81.7313
23 41 0 8.42699 76.6435
23 42 1 42.2256 37.912
23 43 0 30.3771 47.2043
23 44 0 54.2835 6.11527
23 45 0 84.0602 55.453
23 46 0 43.8064 81.8557
23 47 0 20.5264 23.1074
23 48 1 25.5031 85.5807
23 49 0 10.8042 0.563735
23 50 1 77.7952 34.4499
23 51 0 73.6283 14.6384
23 52 0 12.5191 61.9491
23 53 0 8.80041 99.1005
23 54 0 47.926 22.1965
23 55 0 50.1172 27.2058
23 56 0 87.2687 78.9423
23 57 1 93.0996 85.0433
23 58 0 87.5529 47.0439
23 59 0 4.43726 47.2414
23 60 0 19.9922 44.0175
24 1 0 44.7941 28.3519
24 2 0 7.30914 68.0573
24 3 0 32.2865 32.441
24 4 0 85.9896 32.453
24 5 0 53.1991 85.2849
24 6 0 63.4323 41.521
24 7 0 19.3915 59.5014
24 8 0 32.9079 73.0836
24 9 1 3.20096 57.65
24 10 0 69.8717 63.1998
24 11 0 31.4805 4.95519
24 12 0 60.3609 86.7525
24 13 1 24.5198 89.8647
24 14 0 90.8192 11.2167
24 15 0 16.9388 35.4971
24 16 0 27.0733 79.1301
24 17 0 53.745 98.3543
24 18 0 39.6926 16.2627
24 19 0 9.45976 81.5614
24 20 0 92.7628 51.2481
24 21 0 74.8761 59.8487
24 22 0 59.7014 47.8769
24 23 0 26.0622 1.90155
24 25 1 83.4269 17.4859
24 26 0 7.29501 36.6318
24 27 1 12.0606 80.9522
24 28 1 59.35 63.9237
24 29 0 16.963 63.8167
24 30 0 42.5603 62.4741
24 31 1 92.5116 78.0235
24 32 0 56.1238 66.4473
24 33 0 67.5407 67.1678
24 34 0 5.29797 70.1628
24 35 0 85.4071 9.22906
24 36 0 98.503 34.0362
24 37 0 3.31661 83.6431
24 38 0 22.4542 70.9126
24 39 0 27.1003 43.9271
24 40 1 88.2822 59.306
24 41 0 91.2162 10.7374
24 42 0 47.2209 21.4007
24 43 0 39.0281 35.9544
24 44 0 57.2966 75.5409
24 45 0 5.42376 54.9337
24 46 0 14.0419 48.7565
24 47 1 1.04315 40.3295
24 48 0 73.8454 79.3091
24 49 0 72.046 16.36
24 50 0 70.7525 88.896
24 51 0 36.4904 58.4531
24 52 0 77.0023 15.5747
24 53 0 64.0959 39.4879
24 54 0 13.9163 40.2956
24 55 0 52.7653 73.4849
24 56 1 45.0261 67.8236
24 57 0 83.454 25.7419
24 58 0 95.9842 43.6424
24 59 0 27.2428 56.7768
24 60 0 77.236 31.5844
25 1 0 29.6288 36.2609
25 2 0 42.0874 42.4307
25 3 0 37.2849 87.9612
25 4 0 2.30437 64.9391
25 5 0 27.1298 2.1814
25 6 0 61.4935 18.4665
25 7 0 77.0505 16.973
25 8 0 20.7165 20.085
25 9 0 91.8225 53.7718
25 10 0 13.7646 41.2908
25 11 0 88.8937 14.5386
25 12 1 5.37953 38.8989
25 13 0 76.6974 60.2733
25 14 0 96.5198 62.7152
25 15 0 35.9292 6.06541
25 16 0 2.49663 66.9438
25 17 0 60.9152 69.9571
25 18 0 42.7974 89.191
25 19 0 18.5817 50.8125
25 20 0 57.157 27.6122
25 21 0 84.2195 68.1733
25 22 0 49.7612 74.4179
25 23 0 41.5554 12.8976
25 24 0 38.943 18.5883
25 26 1 2.26556 41.002
25 27 1 36.0057 51.1346
25 28 0 23.0402 61.2214
25 29 0 43.7711 21.9031
25 30 0 93.5354 27.3186
25 31 0 1.25106 48.352
25 32 0 61.0651 73.6979
25 33 0 48.0359 21.4196
25 34 0 98.1353 31.2567
25 35 0 43.2031 17.0542
25 36 0 59.453 55.2545
25 37 0 57.37 31.3412
25 38 0 95.708 22.8038
25 39 0 73.2685 76.7736
25 40 0 37.3557 33.4826
25 41 0 20.3605 71.3476
25 42 0 8.55008 61.8777
25 43 0 5.67639 26.202
25 44 0 82.5981 33.6289
25 45 0 64.479 43.5374
25 46 0 71.7849 78.3672
25 47 1 36.7289 48.5582
25 48 0 59.583 1.53732
25 49 0 40.2629 41.353
25 50 0 26.5987 15.2214
25 51 0 1.98981 99.8486
25 52 0 49.459 65.1774
25 53 0 17.2313 25.5929
25 54 0 15.8324 33.1024
25 55 0 30.3999 51.9078
25 56 0 81.5802 17.8751
25 57 0 22.0339 62.7388
25 58 0 98.5737 25.92
25 59 0 6.96495 37.9782
25 60 0 29.8594 13.4957
26 1 0 73.4787 97.3772
26 2 0 43.301 18.6247
26 3 0 59.8346 56.6195
26 4 1 21.803 63.1295
26 5 0 11.4494 3.87505
26 6 0 3.02882 40.0235
26 7 0 79.478 75.727
26 8 0 15.7263 76.197
26 9 0 31.8423 99.5838
26 10 1 93.8494 79.2108
26 11 0 40.093 26.7798
26 12 0 42.2943 28.0107
26 13 0 34.514 0.202283
26 14 0 64.1293 66.3178
26 15 0 24.236 51.5334
26 16 1 78.7337 54.9567
26 17 0 46.2523 51.5185
26 18 0 28.2168 21.0624
26 19 0 80.8068 17.9463
26 20 0 81.235 95.8861
26 21 0 83.5578 37.881
26 22 0 56.6834 26.1557
26 23 0 98.2353 99.7646
26 24 0 77.9125 70.6221
26 25 1 26.5052 33.2138
26 27 1 19.5822 96.785
26 28 0 47.311 75.6101
26 29 1 87.1679 5.11517
26 30 0 88.2277 77.9274
26 31 0 91.2169 19.949
26 32 1 39.7304 20.1256
26 33 0 48.7421 81.0832
26 34 0 50.5431 45.0824
26 35 0 36.8474 33.0645
26 36 0 25.3956 79.8694
26 37 0 41.1405 73.4449
26 38 0 17.8869 37.7829
26 39 0 62.7639 78.8959
26 40 0 23.9423 97.22
26 41 0 98.0473 64.7632
26 42 0 80.1484 56.9392
26 43 0 55.9667 58.1458
26 44 0 42.1903 85.3476
26 45 1 27.1505 25.2013
26 46 0 16.1139 3.90889
26 47 0 18.4538 82.0825
26 48 0 27.0279 37.3409
26 49 0 91.7372 29.7444
26 50 0 68.5565 56.1622
26 51 0 92.4033 95.3344
26 52 1 20.7137 75.3745
26 53 0 8.62442 60.2476
26 54 0 75.0271 24.4739
26 55 0 53.9324 38.6729
26 56 0 49.66 28.9907
26 57 0 52.3453 31.7637
26 58 0 66.948 3.74232
26 59 0 35.0517 13.7574
26 60 0 95.3005 43.1237
27 1 0 13.0552 2.5821
27 2 0 26.6015 44.1703
27 3 0 44.3756 87.9874
27 4 0 16.4027 20.9294
27 5 0 57.5798 64.5727
27 6 0 1.0579 82.679
27 7 0 72.5678 21.1264
27 8 0 19.3392 4.88333
27 9 0 53.2957 0.418072
27 10 1 8.5388 47.28
27 11 0 40.0159 87.6519
27 12 0 29.5444 57.6667
27 13 0 79.573 37.5819
27 14 0 26.4086 95.3544
27 15 0 54.426 43.6229
27 16 1 11.9217 55.0394
27 17 0 55.6418 51.9274
27 18 0 16.7894 85.894
27 19 0 88.2737 39.2588
27 20 0 46.3776 89.5971
27 21 0 38.6142 65.153
27 22 0 65.683 74.0489
27 23 0 16.1887 75.976
27 24 0 70.4404 70.7543
27 25 0 35.1558 66.0963
27 26 0 83.8658 69.6746
27 28 1 72.423 11.0579
27 29 0 72.4562 64.3573
27 30 0 26.9402 2.39847
27 31 0 96.9903 23.9256
27 32 0 5.85032 38.6384
27 33 1 47.5172 51.5832
27 34 0 11.572 29.7869
27 35 0 79.8884 21.8988
27 36 0 88.5939 53.8442
27 37 0 91.5274 50.8258
27 38 0 13.2774 56.1854
27 39 0 0.324533 25.3134
27 40 0 97.8326 23.0507
27 41 1 70.1529 87.8459
27 42 0 79.4226 58.089
27 43 0 10.3131 27.2618
27 44 0 81.1573 29.0893
27 45 1 37.6143 8.80513
27 46 0 13.8042 82.5927
27 47 0 54.2709 39.9662
27 48 0 84.9509 59.068
27 49 0 77.5716 52.0382
27 50 1 47.4867 42.3259
27 51 0 46.2594 94.898
27 52 0 1.08965 57.8268
27 53 0 30.4868 51.0221
27 54 1 34.4136 27.8142
27 55 1 54.9651 5.21018
27 56 0 21.5233 18.7079
27 57 1 71.4471 50.4835
27 58 0 24.0517 96.5836
27 59 1 38.8175 80.9929
27 60 0 54.7263 47.128
28 1 0 31.7779 17.3835
28 2 0 4.11299 58.2083
28 3 1 59.1686 48.4915
28 4 0 15.3863 16.2085
28 5 0 84.24 15.6882
28 6 0 98.6853 2.71934
28 7 0 91.3741 5.52471
28 8 1 49.4529 22.7618
28 9 0 66.24 3.33876
28 10 0 7.9387 13.0246
28 11 0 68.6122 26.5339
28 12 1 12.9158 80.801
28 13 0 96.8171 7.93218
28 14 0 33.016 28.9981
28 15 0 54.4027 67.426
28 16 0 65.833 8.83436
28 17 0 91.3634 34.4275
28 18 0 25.2814 71.4602
28 19 0 40.5706 79.1493
28 20 1 67.4282 83.9552
28 21 0 80.2644 71.8028
28 22 0 7.25024 67.5874
28 23 1 75.2895 54.9965
28 24 0 19.8231 71.9241
28 25 0 90.5424 62.5792
28 26 0 32.5668 17.4157
28 27 0 25.1175 3.94597
28 29 1 68.9989 47.6267
28 30 0 46.6305 54.775
28 31 0 95.4524 45.5081
28 32 0 18.3212 35.0662
28 33 0 25.6845 8.37553
28 34 0 53.5512 25.7874
28 35 1 50.1684 33.0032
28 36 0 89.9218 53.0612
28 37 0 71.1409 6.67607
28 38 0 76.2885 52.1782
28 39 0 3.46082 55.8767
28 40 0 46.3847 5.7635
28 41 1 79.9852 82.4035
28 42 0 15.6263 54.8489
28 43 0 43.3902 52.5247
28 44 0 35.3538 24.3501
28 45 1 69.6217 4.09838
28 46 0 36.5004 83.2323
28 47 0 17.0168 85.1585
28 48 0 83.5797 27.9498
28 49 0 4.36107 59.6208
28 50 0 20.8959 67.016
28 51 0 65.941 90.5483
28 52 0 1.68475 14.4673
28 53 0 35.4005 80.8492
28 54 0 56.0235 41.7116
28 55 0 11.1014 72.9506
28 56 1 83.186 54.4422
28 57 0 61.6368 58.409
28 58 0 76.352 72.1577
28 59 1 62.9631 81.1651
28 60 0 53.5157 55.8915
29 1 0 33.1498 41.9049
29 2 0 65.7615 69.2141
29 3 0 0.428731 61.8725
29 4 0 5.68652 78.6942
29 5 0 29.9015 51.724
29 6 1 64.5725 79.7238
29 7 0 64.3135 5.02411
29 8 0 74.5387 67.7184
29 9 1 84.6517 12.7188
29 10 0 41.942 37.6127
29 11 0 24.0862 89.9358
29 12 0 19.1805 65.4155
29 13 0 53.6741 9.50828
29 14 0 17.4975 68.6689
29 15 0 87.1578 89.7563
29 16 0 69.2366 92.3207
29 17 0 1.8716 22.049
29 18 0 25.6149 18.3059
29 19 0 59.3212 5.73466
29 20 1 87.868 99.1783
29 21 0 75.2922 79.8169
29 22 0 67.6542 20.307
29 23 0 31.6312 11.4011
29 24 0 80.3196 5.53204
29 25 0 78.6567 85.3592
29 26 0 39.0768 3.50432
29 27 0 95.7102 59.4541
29 28 0 10.8612 1.07723
29 30 1 5.11768 42.8794
29 31 0 9.79437 49.2371
29 32 0 54.0395 44.8448
29 33 1 3.57041 67.2228
29 34 0 80.0145 76.9827
29 35 1 64.5048 49.7158
29 36 0 71.9824 72.7443
29 37 0 8.33398 21.7797
29 38 0 31.5942 68.7047
29 39 0 4.63135 55.3473
29 40 0 63.6855 25.5399
29 41 0 45.1212 97.0773
29 42 0 98.0234 32.9085
29 43 0 96.4792 46.002
29 44 0 85.6521 12.98
29 45 1 39.815 33.9512
29 46 0 32.9973 58.613
29 47 0 16.1667 95.7828
29 48 1 7.83244 4.68304
29 49 0 12.704 47.7728
29 50 0 45.0775 92.9932
29 51 0 0.867682 99.2038
29 52 0 47.7937 34.8521
29 53 0 42.1063 13.0572
29 54 0 59.1067 21.571
29 55 0 72.7234 82.5218
29 56 0 51.753 43.3155
29 57 0 82.012 20.115
29 58 0 79.2216 93.4214
29 59 0 61.4354 21.724
29 60 0 77.7216 72.7922
30 1 0 52.4472 37.287
30 2 0 80.6969 65.4874
30 3 0 91.2464 34.0814
30 4 0 3.67112 43.6745
30 5 0 14.2123 28.6412
30 6 0 18.4982 22.7557
30 7 0 80.475 18.2508
30 8 0 17.507 41.0059
30 9 0 29.0418 37.4086
30 10 1 13.9867 72.607
30 11 0 87.6378 22.7032
30 12 1 62.2569 40.8927
30 13 0 77.479 12.8397
30 14 0 89.694 46.4267
30 15 0 42.8467 8.78334
30 16 0 99.3398 20.3144
30 17 1 83.1251 50.9325
30 18 0 73.6176 40.1333
30 19 1 23.3106 18.4085
30 20 0 6.92457 83.6861
30 21 0 43.5246 33.6484
30 22 0 52.0024 57.4009
30 23 0 86.8042 37.6867
30 24 1 51.7768 75.6641
30 25 1 85.4875 21.8179
30 26 0 88.167 86.6758
30 27 0 87.8355 45.353
30 28 0 74.0845 98.047
30 29 0 51.2429 15.4022
30 31 1 39.2499 41.0361
30 32 0 13.4822 43.2744
30 33 1 55.1998 8.46027
30 34 0 71.5157 75.3785
30 35 0 71.3898 10.4465
30 36 0 34.8331 74.4249
30 37 0 73.394 49.6043
30 38 0 45.7126 91.5227
30 39 0 98.41 17.9479
30 40 0 3.77639 86.2429
30 41 0 84.7854 29.3532
30 42 0 10.0478 26.5925
30 43 0 2.90186 63.8743
30 44 0 76.6485 5.78672
30 45 0 73.903 69.1017
30 46 0 11.4153 27.5243
30 47 0 46.3143 22.1005
30 48 0 56.9747 99.3302
30 49 0 3.39878 7.26132
30 50 0 41.373 57.0166
30 51 0 72.5344 85.6808
30 52 0 20.2248 5.04606
30 53 0 81.2759 90.8154
30 54 1 69.8668 7.88672
30 55 0 40.0469 24.9774
30 56 1 80.9558 50.8004
30 57 0 5.69007 60.1104
30 58 0 15.556 18.0986
30 59 0 24.0991 52.1333
30 60 1 35.0616 47.5427
31 1 0 68.3472 87.232
31 2 0 80.5143 49.8553
31 3 0 23.5625 9.47832
31 4 0 94.5481 11.3593
31 5 1 83.0102 19.4055
31 6 0 95.3717 74.1375
31 7 0 97.1358 15.1298
31 8 0 73.5016 93.9019
31 9 1 19.1886 99.8851
31 10 0 2.42133 3.01809
31 11 0 4.96155 83.6716
31 12 0 14.3424 84.7622
31 13 0 53.4238 2.16649
31 14 0 32.9229 68.3449
31 15 0 95.2984 43.3837
31 16 1 51.3333 91.7925
31 17 0 91.7734 54.2111
31 18 0 40.3454 50.2091
31 19 0 73.1852 1.66654
31 20 0 70.3197 36.5679
31 21 0 12.8026 96.7246
31 22 0 2.54066 99.1331
31 23 0 48.5232 30.6282
31 24 0 31.4035 9.08087
31 25 0 79.2506 25.6115
31 26 0 48.4994 4.78674
31 27 0 52.8727 18.0493
31 28 0 13.0718 47.6945
31 29 0 21.3688 12.2699
31 30 0 62.4293 48.7315
31 32 1 28.5832 77.2542
31 33 0 93.2501 23.8691
31 34 0 96.9612 52.3739
31 35 0 58.9023 59.1775
31 36 0 3.54707 95.606
31 37 0 28.8691 52.0039
31 38 0 71.1142 66.2508
31 39 0 18.4579 96.5031
31 40 0 33.0216 38.5423
31 41 0 31.3224 36.4319
31 42 1 25.0196 71.0509
31 43 0 67.9522 33.9504
31 44 0 55.5333 97.5716
31 45 0 0.813902 30.2593
31 46 0 45.1332 67.4343
31 47 0 13.7802 59.3849
31 48 0 48.3502 49.4108
31 49 0 67.7075 25.3421
31 50 0 10.0228 19.5663
31 51 0 18.5348 29.7903
31 52 0 26.9307 84.5125
31 53 0 15.0776 72.3946
31 54 1 32.5962 85.7765
31 55 0 3.76718 62.161
31 56 0 42.2229 77.2319
31 57 0 50.1826 68.4144
31 58 0 59.1509 0.89708
31 59 0 41.6994 96.7972
31 60 0 22.0841 82.0454
32 1 0 7.02512 73.4558
32 2 0 72.7657 39.5069
32 3 0 86.9827 36.7121
32 4 0 55.6343 20.8102
32 5 1 52.748 47.451
32 6 0 66.6453 37.1117
32 7 0 3.68023 68.0009
32 8 1 71.3168 98.163
32 9 0 53.3068 36.1388
32 10 0 52.3568 77.8908
32 11 0 61.4239 4.06367
32 12 0 44.8448 50.5436
32 13 0 55.3896 80.47
32 14 0 44.9828 93.6064
32 15 0 79.4268 50.4688
32 16 0 35.0549 16.3627
32 17 0 69.3375 86.6291
32 18 0 32.5486 91.987
32 19 0 42.2545 51.4483
32 20 0 80.876 92.1955
32 21 0 1.77696 80.0613
32 22 0 36.3215 7.64868
32 23 0 65.2834 68.5321
32 24 0 66.514 10.024
32 25 0 51.4905 30.5959
32 26 1 26.545 8.9583
32 27 0 73.1767 78.2056
32 28 0 15.5611 3.04505
32 29 0 80.6475 24.8074
32 30 0 34.8778 40.0349
32 31 0 3.96693 53.7436
32 33 1 91.8667 30.649
32 34 0 16.6351 60.3748
32 35 0 11.4579 25.9775
32 36 0 53.6628 35.9462
32 37 0 26.938 0.564831
32 38 0 86.3137 24.9167
32 39 0 34.9469 74.8424
32 40 0 31.6743 6.1792
32 41 0 33.0399 91.0404
32 42 0 38.56 57.625
32 43 0 27.5592 76.881
32 44 0 39.7816 93.1214
32 45 0 58.5663 59.8447
32 46 0 7.51954 37.746
32 47 0 69.2578 75.9914
32 48 0 18.7204 50.8268
32 49 0 83.4574 90.1563
32 50 0 62.126 48.3191
32 51 1 41.0769 0.0224841
32 52 1 1.85249 98.8076
32 53 0 1.8349 74.0585
32 54 0 24.3008 90.8192
32 55 1 83.6478 46.4343
32 56 0 25.2007 39.1746
32 57 0 24.1992 99.664
32 58 1 25.4212 40.2192
32 59 0 16.0474 63.8034
32 60 0 73.4233 43.0351
33 1 0 74.375 27.9794
33 2 0 88.7734 97.0193
33 3 0 38.9151 43.861
33 4 0 16.155 19.2339
33 5 0 30.558 91.688
33 6 0 39.4689 9.84823
33 7 0 89.4447 56.3057
33 8 0 51.6862 10.4035
33 9 0 72.9688 41.3063
33 10 0 13.7176 58.0403
33 11 0 20.292 34.8067
33 12 0 21.5592 4.07561
33 13 0 63.0052 98.5399
33 14 0 72.1181 51.2766
33 15 0 26.784 51.5892
33 16 0 9.20632 33.3743
33 17 0 12.3415 12.9194
33 18 0 68.5263 44.8384
33 19 0 89.4076 5.43683
33 20 0 68.3129 1.2301
33 21 0 88.3756 86.9781
33 22 0 28.9785 55.9338
33 23 0 24.9181 87.1756
33 24 0 8.03292 41.5457
33 25 0 26.134 82.241
33 26 0 77.7073 85.1078
33 27 0 88.8273 70.0948
33 28 0 88.9167 57.3876
33 29 0 83.8778 23.7293
33 30 0 54.859 59.082
33 31 0 22.0349 60.8486
33 32 0 84.5971 21.9789
33 34 1 23.3139 87.3969
33 35 0 61.5441 78.8707
33 36 0 48.4956 39.6754
33 37 0 44.4519 72.0881
33 38 0 46.4926 64.4083
33 39 0 4.1745 84.3493
33 40 0 50.1935 10.5566
33 41 0 35.2012 96.0601
33 42 0 22.9808 37.1741
33 43 0 41.0906 18.4507
33 44 0 65.8728 29.3601
33 45 0 41.2381 19.3513
33 46 0 56.1121 76.7422
33 47 0 65.9107 52.7846
33 48 0 76.0448 22.4723
33 49 0 10.9231 85.3163
33 50 0 34.479 24.0666
33 51 0 87.9408 48.3089
33 52 0 34.7188 18.319
33 53 1 31.7737 52.1685
33 54 0 77.858 62.5958
33 55 0 33.1206 25.5406
33 56 0 68.8068 83.617
33 57 0 23.6552 61.4212
33 58 0 20.941 63.2525
33 59 0 27.61 36.4648
33 60 0 36.1523 31.5495
34 1 0 61.7581 91.577
34 2 0 9.71228 6.16061
34 3 0 57.5017 35.5139
34 4 0 16.8509 35.7714
34 5 0 97.1217 57.9681
34 6 0 86.5795 4.98383
34 7 0 72.0697 62.9891
34 8 0 59.2061 92.9039
34 9 0 28.4358 93.2625
34 10 1 22.3469 33.6324
34 11 0 8.88981 10.638
34 12 0 75.3282 5.55289
34 13 0 36.2429 4.71211
34 14 0 50.2119 14.5728
34 15 1 39.5066 34.7177
34 16 0 98.82 70.4938
34 17 0 11.7789 79.4051
34 18 0 30.7032 87.3357
34 19 0 6.53811 28.3549
34 20 0 20.4364 95.9682
34 21 0 11.0782 27.4428
34 22 0 1.85179 63.6119
34 23 0 23.3608 96.5035
34 24 0 85.9951 92.8986
34 25 0 67.9783 60.2132
34 26 0 63.0412 86.8443
34 27 0 41.9087 23.1169
34 28 0 84.1456 61.4894
34 29 0 18.5081 28.8143
34 30 0 20.2661 24.9892
34 31 0 39.2586 46.3989
34 32 0 70.5824 0.76965
34 33 0 45.5649 82.0814
34 35 1 11.1995 46.4953
34 36 0 18.6421 13.665
34 37 1 19.3506 32.3302
34 38 0 26.1301 2.88821
34 39 0 90.4712 68.3904
34 40 0 21.1139 1.53247
34 41 0 88.832 9.24832
34 42 0 79.6307 18.0365
34 43 0 48.0176 98.8444
34 44 1 34.2776 74.3163
34 45 0 34.3931 35.1892
34 46 0 29.8388 74.2443
34 47 1 22.9544 63.7959
34 48 0 88.6484 45.9349
34 49 0 4.19949 83.054
34 50 1 68.3072 37.3682
34 51 0 23.9788 17.455
34 52 0 61.3301 7.89142
34 53 0 25.9482 20.7299
34 54 0 98.6779 38.2368
34 55 0 77.7475 51.4687
34 56 0 74.2625 77.3925
34 57 1 11.7765 46.3475
34 58 0 11.5949 62.1646
34 59 0 37.0932 27.0003
34 60 1 78.1162 47.0508
35 1 0 16.6576 52.3829
35 2 0 74.9205 77.7025
35 3 0 63.7495 46.4099
35 4 0 12.2177 11.6463
35 5 0 25.0311 42.1678
35 6 0 90.0155 83.0896
35 7 0 74.7104 0.135406
35 8 0 8.57309 47.0293
35 9 0 94.0465 54.4975
35 10 0 65.4735 58.3846
35 11 0 87.9754 89.0406
35 12 0 61.5668 59.1431
35 13 0 4.67008 73.6192
35 14 0 57.1593 65.8104
35 15 0 26.9415 36.5411
35 16 0 17.0025 75.7704
35 17 0 51.8301 97.6594
35 18 0 0.521841 31.0325
35 19 0 18.5214 94.4724
35 20 1 9.83276 27.7917
35 21 0 3.32701 43.5446
35 22 0 3.98744 93.4985
35 23 1 37.9112 95.0692
35 24 0 68.6342 83.91
35 25 0 77.1649 28.6605
35 26 0 78.5656 91.3836
35 27 1 80.8973 11.3849
35 28 0 15.884 2.54617
35 29 0 48.2865 97.0621
35 30 0 40.8582 25.2628
35 31 0 43.3906 75.8598
35 32 0 37.947 71.6502
35 33 0 62.6727 23.2283
35 34 0 78.2603 98.2991
35 36 1 19.0102 46.247
35 37 0 52.6509 61.2722
35 38 0 59.2255 39.2005
35 39 0 16.901 35.9361
35 40 0 38.6518 14.5756
35 41 1 70.9363 89.2548
35 42 1 34.6564 17.5547
35 43 1 98.3566 73.727
35 44 0 91.1892 56.9845
35 45 1 39.2446 41.7539
35 46 0 46.4982 75.255
35 47 1 70.2818 30.346
35 48 0 94.4607 36.0362
35 49 0 38.6612 55.9226
35 50 1 97.8615 75.4899
35 51 0 74.7485 92.274
35 52 0 54.0075 61.1029
35 53 0 35.2748 62.1443
35 54 0 1.53952 16.2887
35 55 0 2.25194 20.4838
35 56 0 40.5109 86.121
35 57 0 39.8042 81.1594
35 58 0 6.21389 97.2109
35 59 0 74.0562 34.8114
35 60 0 96.3215 13.8954
36 1 0 59.3764 91.0983
36 2 0 1.22532 78.1886
36 3 1 67.4306 28.9322
36 4 0 39.7663 49.3791
36 5 0 36.7744 23.1241
36 6 1 81.4863 17.7506
36 7 0 66.2593 61.2736
36 8 1 95.6746 64.3102
36 9 0 62.6552 76.1089
36 10 0 26.498 97.3569
36 11 0 55.1264 63.2375
36 12 0 74.6999 44.7924
36 13 0 39.0886 59.2528
36 14 1 2.85324 32.9186
36 15 0 27.881 6.10515
36 16 0 65.7697 25.2712
36 17 0 72.0767 60.0482
36 18 0 42.6265 40.9856
36 19 0 74.4553 63.3541
36 20 0 88.113 44.7937
36 21 0 21.3375 48.2587
36 22 0 93.8753 18.5323
36 23 0 93.8773 9.32593
36 24 0 67.8119 29.0406
36 25 0 62.3186 28.9414
36 26 0 46.1788 26.2003
36 27 0 59.0419 31.2097
36 28 0 59.8497 48.4046
36 29 0 39.2795 97.2188
36 30 0 23.2327 1.32949
36 31 0 11.1742 29.4553
36 32 0 51.5403 83.3654
36 33 0 61.6802 56.9963
36 34 0 95.8563 84.7733
36 35 1 13.8291 38.5571
36 37 1 47.8667 57.7357
36 38 0 20.9816 63.0719
36 39 0 12.8618 60.8595
36 40 0 22.3014 41.8969
36 41 0 99.1932 60.7521
36 42 0 90.0277 45.3677
36 43 0 48.6293 66.4186
36 44 0 45.1135 39.2226
36 45 0 71.3422 57.8665
36 46 0 17.7342 50.0272
36 47 0 93.7911 39.2692
36 48 0 19.4575 76.5752
36 49 0 22.1835 26.5961
36 50 0 92.2551 35.4545
36 51 0 97.2272 33.088
36 52 0 31.9533 84.765
36 53 0 3.83043 63.8637
36 54 0 67.6051 7.48768
36 55 0 25.6821 58.9948
36 56 0 74.9189 99.4219
36 57 0 83.599 43.2641
36 58 0 92.6086 94.647
36 59 0 96.7371 45.2107
36 60 0 5.24345 22.3944
37 1 0 25.0977 71.6493
37 2 0 52.0179 25.7225
37 3 1 37.2471 52.2335
37 4 0 54.3817 83.6494
37 5 0 91.2859 2.69279
37 6 0 91.6468 39.5452
37 7 0 84.965 96.0897
37 8 0 13.8409 46.5168
37 9 0 38.8524 8.53058
37 10 1 57.2261 52.344
37 11 0 19.8575 87.2687
37 12 0 26.6545 31.165
37 13 0 36.0905 35.414
37 14 0 17.4268 88.4691
37 15 0 60.13 89.1843
37 16 0 12.0438 16.0624
37 17 0 39.3251 56.2598
37 18 0 36.0441 44.7806
37 19 0 61.116 35.534
37 20 0 20.1028 66.8065
37 21 0 94.4935 82.6011
37 22 0 7.97813 25.5015
37 23 0 3.54249 89.4263
37 24 0 88.4355 60.2126
37 25 0 38.515 32.934
37 26 0 87.6392 0.620644
37 27 0 56.912 4.06954
37 28 1 92.4849 45.9589
37 29 0 7.43302 21.5942
37 30 0 57.0013 26.0034
37 31 0 1.02159 40.2557
37 32 0 71.9269 96.8049
37 33 0 65.5927 0.781551
37 34 0 96.5827 65.6587
37 35 0 56.7238 10.7962
37 36 0 71.0758 56.4901
37 38 1 19.2998 8.62261
37 39 0 46.9778 19.6405
37 40 0 22.0584 93.1172
37 41 0 82.7272 75.7429
37 42 0 16.6473 79.7139
37 43 0 76.9394 10.8841
37 44 0 52.3125 84.0508
37 45 0 73.7382 51.6594
37 46 0 23.6967 97.8861
37 47 0 85.3706 27.6694
37 48 0 26.7515 21.2996
37 49 0 51.5595 9.22925
37 50 1 90.925 79.8839
37 51 0 69.7894 69.3333
37 52 0 40.1063 89.6465
37 53 0 67.3222 77.8477
37 54 0 17.7755 58.9141
37 55 1 87.8875 41.3588
37 56 0 72.3092 39.5994
37 57 1 76.5204 83.1325
37 58 0 24.6261 34.0191
37 59 0 77.7871 95.5534
37 60 0 51.8114 16.5693
38 1 1 48.4486 93.5083
38 2 0 82.6314 16.0325
38 3 0 23.6442 90.9242
38 4 0 94.2481 63.6718
38 5 0 85.5646 89.4063
38 6 0 67.4101 48.4868
38 7 0 86.3336 22.7847
38 8 0 70.2429 73.5164
38 9 0 10.8953 70.7998
38 10 0 68.3993 28.735
38 11 0 72.2202 8.93478
38 12 0 63.435 44.8129
38 13 1 70.9993 33.9676
38 14 0 93.5234 20.5503
38 15 0 75.8024 57.9785
38 16 0 27.8667 3.85802
38 17 1 62.227 25.9733
38 18 0 58.6034 26.3794
38 19 0 84.2708 46.8653
38 20 0 3.94773 37.577
38 21 0 21.3992 99.666
38 22 0 84.077 27.5139
38 23 0 90.967 65.8354
38 24 0 99.3438 3.3429
38 25 0 59.9223 46.888
38 26 0 99.9153 10.5062
38 27 1 17.1197 84.2288
38 28 0 8.79574 87.2089
38 29 1 50.6795 71.5362
38 30 0 55.6954 85.4241
38 31 0 92.7581 28.8472
38 32 0 90.148 23.4685
38 33 0 29.9794 77.7489
38 34 0 98.4031 18.1415
38 35 0 46.9773 32.2003
38 36 1 72.8092 56.0027
38 37 0 59.6518 40.5187
38 39 1 14.311 95.6434
38 40 0 12.5326 89.1528
38 41 0 95.3884 4.47495
38 42 0 83.5527 95.93
38 43 0 7.37729 4.07215
38 44 0 92.6459 67.7036
38 45 0 17.1864 81.8883
38 46 0 47.4441 80.8906
38 47 0 8.93114 69.6572
38 48 0 85.4975 35.0065
38 49 0 4.84283 33.088
38 50 0 83.1429 65.3371
38 51 0 74.5871 96.3054
38 52 0 5.70912 94.1724
38 53 0 75.0207 54.4543
38 54 0 71.4225 21.0139
38 55 0 81.1507 37.2143
38 56 0 51.318 28.709
38 57 0 0.168707 97.715
38 58 0 71.5787 83.5186
38 59 0 10.5134 2.12453
38 60 0 47.8275 20.1228
39 1 0 30.5296 37.1446
39 2 0 20.2201 90.0719
39 3 0 82.6803 40.624
39 4 0 72.3732 79.9434
39 5 0 76.4383 7.0365
39 6 0 24.6392 34.6188
39 7 0 49.4784 97.7126
39 8 0 30.1218 79.2225
39 9 0 57.6888 25.1029
39 10 1 77.1042 97.4583
39 11 0 54.8387 47.0008
39 12 0 35.4505 8.28251
39 13 0 51.5058 4.66537
39 14 0 74.1146 55.8641
39 15 0 18.3349 98.8777
39 16 0 66.6943 36.6566
39 17 0 37.3808 10.8495
39 18 0 88.5688 78.4067
39 19 0 52.402 42.142
39 20 0 75.5576 41.7385
39 21 0 29.5392 54.2972
39 22 0 94.0734 64.8961
39 23 0 94.8102 83.29
39 24 0 69.5625 92.2615
39 25 0 78.9906 90.1527
39 26 0 98.0112 55.2933
39 27 0 39.8946 27.1768
39 28 0 17.2063 80.07
39 29 1 95.6199 53.237
39 30 1 36.2543 8.11001
39 31 0 26.7937 27.9502
39 32 0 97.15 4.88366
39 33 0 72.0197 58.295
39 34 1 96.2811 59.9005
39 35 0 22.7667 86.3745
39 36 0 73.6335 54.7449
39 37 0 79.9019 65.5576
39 38 0 42.9209 61.2964
39 40 1 93.4131 79.6909
39 41 0 56.3376 98.0885
39 42 0 91.0412 9.52278
39 43 0 26.5537 50.8986
39 44 0 69.8899 59.6137
39 45 0 26.0453 61.5457
39 46 1 33.2342 33.9894
39 47 0 51.7044 12.2677
39 48 0 52.0047 92.0759
39 49 1 51.8373 57.0054
39 50 0 28.8613 65.061
39 51 0 90.9365 77.9355
39 52 0 12.2945 30.8356
39 53 0 95.819 38.5422
39 54 0 10.6525 14.0076
39 55 1 80.899 10.7203
39 56 0 28.7841 60.4078
39 57 0 54.887 60.6803
39 58 0 64.6688 50.1218
39 59 0 67.6076 18.9584
39 60 0 84.3772 27.8811
40 1 1 81.4824 59.588
40 2 0 32.2615 97.1047
40 3 0 61.8821 50.9842
40 4 0 53.1654 38.1326
40 5 0 77.2709 68.4805
40 6 1 42.3033 8.37164
40 7 0 75.0571 27.2779
40 8 0 66.3293 44.6891
40 9 0 25.8596 96.0046
40 10 0 67.9278 13.4705
40 11 0 66.4892 51.3339
40 12 0 75.1764 27.3924
40 13 0 76.365 40.0737
40 14 0 62.5243 83.6109
40 15 1 92.5404 8.79735
40 16 0 86.0701 44.0614
40 17 0 21.8846 19.3308
40 18 0 36.0975 93.8802
40 19 0 39.7614 92.3041
40 20 0 35.5087 74.4734
40 21 0 37.9726 25.0006
40 22 1 5.48872 7.55472
40 23 0 98.3355 33.8605
40 24 1 38.8219 54.0585
40 25 0 11.8152 94.376
40 26 0 60.4759 88.8472
40 27 0 39.3169 89.725
40 28 0 61.5827 2.89543
40 29 0 94.6989 38.557
40 30 0 69.1177 72.2036
40 31 0 67.1249 18.2653
40 32 0 89.0619 54.6121
40 33 0 21.0538 46.0696
40 34 0 76.1131 93.1987
40 35 1 46.332 55.0377
40 36 0 35.9813 51.7694
40 37 0 48.8494 45.2435
40 38 0 58.8025 88.6414
40 39 0 87.4464 63.5431
40 41 1 14.6364 93.2991
40 42 0 84.3295 96.5784
40 43 0 38.4468 92.5747
40 44 0 3.69432 38.5813
40 45 0 78.0086 30.4104
40 46 0 32.3398 19.1271
40 47 0 93.7787 89.7834
40 48 0 79.6274 14.7411
40 49 0 17.8135 55.8187
40 50 0 94.581 56.6454
40 51 0 95.6675 73.5977
40 52 0 3.81764 7.90117
40 53 0 45.1751 2.05577
40 54 0 34.4876 68.3602
40 55 0 33.1329 48.3575
40 56 0 27.4942 87.1737
40 57 0 84.5526 20.8362
40 58 0 27.6217 21.1397
40 59 0 23.1859 31.3296
40 60 0 93.4157 51.2492
41 1 1 93.8646 77.6753
41 2 0 63.0741 20.3379
41 3 0 2.2368 56.1899
41 4 0 43.4866 81.6339
41 5 0 96.7261 26.4612
41 6 0 83.4752 85.0242
41 7 0 65.2398 61.3632
41 8 0 67.8607 89.0921
41 9 0 75.7029 94.8999
41 10 0 57.1504 36.6078
41 11 1 92.838 49.411
41 12 0 8.36458 62.5669
41 13 0 10.5243 53.8619
41 14 1 20.3959 51.339
41 15 0 70.6808 67.2067
41 16 0 98.523 11.4751
41 17 0 90.4422 69.2479
41 18 0 38.9285 62.4697
41 19 0 85.8419 76.2843
41 20 0 85.0723 43.3621
41 21 1 56.059 73.5305
41 22 0 99.8254 62.2755
41 23 0 67.0101 0.736959
41 24 0 88.5898 43.6135
41 25 0 38.8201 95.279
41 26 0 49.2507 64.9464
41 27 0 65.0618 95.4256
41 28 0 48.6636 0.0913603
41 29 0 91.0026 51.8966
41 30 0 21.8767 19.7041
41 31 0 34.3909 86.3064
41 32 0 28.4956 30.5454
41 33 0 92.2995 96.0922
41 34 0 24.8453 30.0372
41 35 0 75.2462 9.06928
41 36 0 29.5059 64.202
41 37 0 74.6898 35.493
41 38 0 91.1721 54.9029
41 39 1 11.0241 18.672
41 40 0 78.3823 94.9457
41 42 1 18.2334 3.42896
41 43 0 10.7576 95.827
41 44 0 83.8252 94.7952
41 45 0 30.8115 44.1041
41 46 0 77.0155 88.464
41 47 0 5.71054 10.1544
41 48 0 87.2134 40.782
41 49 0 83.4137 25.6441
41 50 0 54.5614 23.4914
41 51 0 33.7954 96.6282
41 52 1 24.8839 56.9167
41 53 0 81.7163 21.4293
41 54 1 27.4228 61.5906
41 55 0 10.3906 5.57815
41 56 1 28.6758 19.1792
41 57 0 13.6607 0.0244313
41 58 0 75.6033 35.067
41 59 1 94.7552 91.2346
41 60 0 54.3951 66.6219
42 1 0 95.4249 66.0642
42 2 0 42.2959 38.1298
42 3 0 0.97902 14.3212
42 4 0 34.6642 83
42 5 0 63.6684 54.186
42 6 0 81.0368 79.8874
42 7 0 49.6895 72.7049
42 8 0 85.6979 54.43
42 9 0 58.8164 47.4353
42 10 0 5.9036 53.5191
42 11 0 50.9347 12.7981
42 12 1 71.1641 4.00914
42 13 0 49.4774 48.4389
42 14 0 16.3795 97.3735
42 15 1 49.2609 70.5199
42 16 0 81.5959 23.5319
42 17 0 69.966 43.85
42 18 0 78.3294 99.4215
42 19 0 70.5014 77.3873
42 20 0 44.7961 86.0769
42 21 0 96.1343 53.7698
42 22 0 38.8699 56.4701
42 23 0 20.7765 33.3492
42 24 0 72.1515 83.2848
42 25 0 99.96 81.6474
42 26 0 99.1755 1.66039
42 27 0 92.1373 91.9565
42 28 0 27.0473 90.774
42 29 0 18.8653 68.4297
42 30 0 82.5489 48.3487
42 31 1 53.0936 38.1494
42 32 0 49.5495 97.299
42 33 1 17.4423 7.46073
42 34 0 82.9486 85.7805
42 35 0 93.9878 20.762
42 36 0 72.5222 13.2738
42 37 0 99.2736 92.2679
42 38 0 51.6948 98.5485
42 39 0 52.8645 68.3657
42 40 1 32.4595 4.08472
42 41 1 6.70466 47.1909
42 43 1 56.8665 70.9027
42 44 0 72.8982 48.4494
42 45 0 68.6177 55.7371
42 46 0 43.2997 46.8841
42 47 0 86.0696 38.3666
42 48 1 90.2941 56.9149
42 49 1 38.7946 80.6566
42 50 0 79.8942 44.7526
42 51 0 87.31 88.0887
42 52 1 63.6431 77.2616
42 53 1 81.851 92.552
42 54 1 82.0055 91.9027
42 55 0 86.4078 61.9527
42 56 0 33.1059 10.6175
42 57 0 80.6186 34.947
42 58 0 38.2777 12.6013
42 59 0 22.1597 28.3211
42 60 0 85.2722 22.4838
43 1 0 13.6353 89.6465
43 2 0 50.1543 44.9647
43 3 0 47.5386 72.3654
43 4 0 92.9749 56.8937
43 5 0 34.3617 60.4778
43 6 0 67.7117 47.7434
43 7 0 4.81387 49.66
43 8 0 0.603888 46.0257
43 9 1 70.9806 4.36197
43 10 0 18.8748 83.9564
43 11 0 90.8665 6.13033
43 12 0 14.2698 68.2073
43 13 0 64.3904 30.2662
43 14 0 11.429 31.3566
43 15 0 69.1492 95.6091
43 16 0 25.4566 86.1328
43 17 0 16.5759 17.468
43 18 0 28.4201 68.3105
43 19 0 90.2451 31.1284
43 20 1 50.2423 74.7296
43 21 0 9.90185 11.6052
43 22 0 11.32 22.5353
43 23 0 38.8791 11.1015
43 24 0 81.0924 93.3693
43 25 0 30.986 38.6772
43 26 0 56.4696 34.7927
43 27 0 66.5487 50.3877
43 28 0 14.4375 73.8453
43 29 1 21.2722 81.7453
43 30 0 48.5932 60.1595
43 31 0 20.3495 63.5239
43 32 0 31.9237 13.3927
43 33 0 31.69 66.3849
43 34 0 46.229 67.19
43 35 0 28.6412 52.3613
43 36 0 63.0136 66.7345
43 37 0 21.7595 36.6517
43 38 0 70.4436 30.9018
43 39 0 55.2135 62.0088
43 40 0 66.671 88.4996
43 41 0 37.42 82.9895
43 42 1 71.2787 83.9346
43 44 1 78.4119 7.25967
43 45 0 2.84185 22.1644
43 46 0 68.4194 57.1334
43 47 0 49.3615 48.3646
43 48 0 41.4334 54.5293
43 49 0 6.63793 27.0096
43 50 0 56.8443 1.99583
43 51 0 70.0742 32.5203
43 52 0 34.0721 79.6934
43 53 1 71.3061 50.1263
43 54 0 41.4058 5.86396
43 55 0 41.8182 1.28108
43 56 0 17.3993 46.8614
43 57 0 69.3614 73.7828
43 58 0 20.5698 6.10959
43 59 1 72.7595 89.9039
43 60 1 84.7031 38.6324
44 1 1 10.9457 50.5582
44 2 0 41.6546 83.6788
44 3 0 30.4505 91.9205
44 4 0 97.1708 79.1724
44 5 0 58.1265 1.69475
44 6 0 94.8022 14.3022
44 7 0 54.9038 73.0739
44 8 0 55.7374 68.923
44 9 0 29.9218 17.1677
44 10 0 73.2186 26.9868
44 11 0 85.4351 66.1062
44 12 0 7.42806 55.5616
44 13 0 38.2695 80.4347
44 14 0 89.5938 63.3811
44 15 0 84.6944 13.0584
44 16 0 17.2857 64.202
44 17 1 82.0505 79.3231
44 18 0 56.3761 87.9919
44 19 0 17.471 23.7773
44 20 0 11.7943 47.3934
44 21 0 43.4828 43.6235
44 22 0 16.2357 54.65
44 23 0 68.4836 74.6527
44 24 0 11.0113 42.3166
44 25 0 4.32314 17.6914
44 26 0 51.6373 58.765
44 27 0 58.0734 40.7237
44 28 0 52.0598 79.3135
44 29 0 64.9676 5.04474
44 30 0 49.0137 88.7858
44 31 1 67.6886 86.8931
44 32 0 33.6879 13.2282
44 33 0 6.95666 83.9476
44 34 0 21.0152 66.6626
44 35 1 34.1337 51.7983
44 36 0 78.0338 36.2924
44 37 0 43.2405 23.4817
44 38 0 58.9963 12.4711
44 39 0 10.5441 40.9043
44 40 0 91.9902 41.246
44 41 0 6.7306 11.6303
44 42 0 14.0053 29.4289
44 43 0 18.4466 56.9456
44 45 1 14.7652 85.0615
44 46 0 18.4568 13.6781
44 47 0 3.11456 88.6385
44 48 0 97.4779 67.4549
44 49 0 84.4063 40.907
44 50 1 51.6577 70.623
44 51 0 46.3961 15.6636
44 52 0 41.6432 21.5458
44 53 1 66.5831 24.3731
44 54 0 8.8462 11.735
44 55 0 97.1868 61.2689
44 56 0 67.3013 84.1399
44 57 0 26.7796 47.4946
44 58 0 73.5509 1.94667
44 59 0 3.33297 45.8121
44 60 0 78.9472 76.7638
45 1 0 19.343 21.34
45 2 0 86.677 35.8366
45 3 0 32.288 18.2966
45 4 0 80.4331 34.6068
45 5 0 98.0573 64.4069
45 6 0 73.0619 7.69352
45 7 0 69.4919 62.096
45 8 0 23.2483 35.4499
45 9 0 20.5695 2.20327
45 10 0 48.2669 96.7633
45 11 1 22.7768 8.07771
45 12 0 46.7087 97.8401
45 13 0 30.6222 8.39116
45 14 1 45.9929 5.35852
45 15 0 96.7204 72.6345
45 16 0 35.2966 55.4935
45 17 0 69.4671 38.8324
45 18 1 36.6661 25.9199
45 19 0 36.0227 63.0363
45 20 0 48.575 30.3503
45 21 0 43.8643 46.6557
45 22 1 22.4689 0.197846
45 23 0 26.7803 98.8606
45 24 0 47.7818 60.6646
45 25 0 55.7021 99.007
45 26 0 95.7843 76.9952
45 27 1 35.2851 25.1981
45 28 0 0.449557 29.2934
45 29 0 8.75036 25.2025
45 30 0 84.368 68.8228
45 31 0 27.5273 82.3309
45 32 0 75.761 5.80924
45 33 0 39.8386 3.68917
45 34 0 2.80342 92.1164
45 35 0 18.9372 97.5703
45 36 0 33.685 9.35469
45 37 0 59.4804 90.6291
45 38 0 90.3956 19.9939
45 39 0 17.0079 4.73995
45 40 0 75.7547 0.149937
45 41 0 40.5824 54.1249
45 42 0 68.657 77.0772
45 43 0 50.5889 24.2975
45 44 1 64.2846 6.43772
45 46 1 61.5597 77.7506
45 47 1 52.1392 19.404
45 48 0 78.9942 44.133
45 49 0 86.4033 31.0429
45 50 0 22.1848 4.34457
45 51 0 67.7322 42.9037
45 52 0 74.6403 40.9521
45 53 0 2.66774 20.5025
45 54 0 17.8581 90.8957
45 55 0 65.5762 55.2177
45 56 0 54.7672 20.9091
45 57 0 1.82812 71.6372
45 58 0 0.965591 12.6031
45 59 0 85.7053 72.4515
45 60 0 18.9263 3.81252
46 1 0 41.8489 79.4205
46 2 0 67.1343 21.4656
46 3 0 82.681 75.6895
46 4 0 41.642 37.4779
46 5 1 67.1157 11.1738
46 6 0 13.4751 98.824
46 7 0 79.0192 36.7135
46 8 1 35.0936 19.4394
46 9 0 59.5001 34.514
46 10 0 76.9756 84.8539
46 11 0 39.5172 38.875
46 12 0 64.8762 36.8435
46 13 0 73.6536 50.7095
46 14 0 19.3313 23.3366
46 15 0 92.7808 22.301
46 16 0 56.9999 57.8812
46 17 0 72.7421 42.692
46 18 0 62.1384 85.189
46 19 0 53.5981 74.1415
46 20 0 95.6557 32.4659
46 21 0 25.2073 99.7026
46 22 0 76.2564 9.54274
46 23 1 22.4781 17.523
46 24 0 94.888 86.0655
46 25 0 69.7909 2.24032
46 26 0 33.9292 83.0678
46 27 0 53.7783 19.539
46 28 0 70.8437 39.4211
46 29 0 95.3094 96.9863
46 30 0 81.2159 25.0329
46 31 0 17.2407 19.1713
46 32 0 28.6889 93.7329
46 33 0 79.1529 6.94933
46 34 0 40.6245 13.526
46 35 1 89.6438 46.2743
46 36 1 3.88919 83.5601
46 37 0 50.6454 19.2416
46 38 0 28.9067 93.3322
46 39 1 3.30693 34.5488
46 40 0 3.10461 49.2784
46 41 0 48.5927 35.9194
46 42 0 15.2735 67.2536
46 43 0 63.0105 13.9014
46 44 0 42.6645 78.0339
46 45 0 56.3643 76.6478
46 47 1 14.3728 8.30034
46 48 1 32.6925 62.4727
46 49 0 65.5851 57.554
46 50 0 63.0555 88.0608
46 51 0 32.2167 93.0097
46 52 1 27.7047 25.7076
46 53 0 74.9522 64.5144
46 54 0 41.5392 34.981
46 55 1 72.9511 67.0635
46 56 0 44.5237 36.2104
46 57 0 85.278 5.74739
46 58 0 98.1373 54.4593
46 59 1 80.901 97.3984
46 60 0 79.5686 53.8445
47 1 0 8.19033 10.1609
47 2 0 76.8276 27.6945
47 3 0 22.372 49.6468
47 4 0 5.92498 31.1339
47 5 0 92.7094 93.9715
47 6 0 15.3963 49.5154
47 7 0 49.8916 34.5011
47 8 0 39.4498 3.05052
47 9 0 9.83105 4.45762
47 10 0 34.257 70.138
47 11 0 96.8904 13.8898
47 12 1 3.70133 87.7299
47 13 0 25.3942 76.9811
47 14 0 36.6957 3.87844
47 15 0 65.2736 72.1841
47 16 0 66.7577 53.0045
47 17 0 25.7065 21.7741
47 18 0 16.3089 51.0457
47 19 0 75.9745 22.1877
47 20 0 18.8385 8.5374
47 21 1 59.2619 84.982
47 22 0 88.3278 13.9409
47 23 0 30.541 91.1717
47 24 1 52.9418 21.7141
47 25 0 79.2201 9.40242
47 26 1 54.8768 68.3908
47 27 0 88.4436 96.4124
47 28 0 62.7563 31.2225
47 29 0 14.5548 59.2391
47 30 0 27.3412 96.506
47 31 0 16.4538 23.8546
47 32 0 38.1844 60.5697
47 33 0 27.8386 91.902
47 34 0 77.0862 17.1785
47 35 1 65.4505 61.1182
47 36 0 4.7093 47.1983
47 37 0 20.4389 57.2778
47 38 0 26.8514 13.9383
47 39 0 36.3056 21.6706
47 40 1 3.45181 18.2338
47 41 0 88.6191 60.1225
47 42 0 29.5058 78.6895
47 43 0 45.0825 97.2651
47 44 0 69.1816 74.2229
47 45 0 71.1392 90.4815
47 46 1 73.6066 22.1286
47 48 1 63.4377 34.3127
47 49 1 44.0643 46.9581
47 50 1 88.527 32.1384
47 51 1 67.5957 50.4939
47 52 0 22.5511 26.4926
47 53 0 18.6188 43.7576
47 54 0 88.3722 16.0237
47 55 0 96.8541 0.476245
47 56 0 37.1953 43.7658
47 57 1 70.857 77.2092
47 58 1 6.2936 15.322
47 59 0 14.2273 32.3738
47 60 0 49.2103 15.6719
48 1 0 23.3372 55.0839
48 2 0 56.6488 64.4237
48 3 0 91.2693 13.5185
48 4 0 0.858413 48.2779
48 5 0 66.7424 50.7595
48 6 0 26.415 97.6564
48 7 0 60.9967 93.2763
48 8 0 48.6566 61.0258
48 9 1 98.9341 4.24463
48 10 1 97.8712 17.5635
48 11 0 69.531 7.84021
48 12 0 82.1405 94.2642
48 13 0 76.7868 61.1441
48 14 0 88.0017 36.2983
48 15 0 43.1732 67.528
48 16 0 10.3905 22.2957
48 17 0 82.6063 25.0272
48 18 0 97.1308 11.5474
48 19 0 7.29505 54.7642
48 20 0 34.7307 70.4395
48 21 0 45.5454 98.3157
48 22 0 62.1525 56.7645
48 23 0 76.7417 93.5463
48 24 1 77.2834 41.2052
48 25 0 72.8523 37.2525
48 26 0 76.4696 72.9359
48 27 0 27.9487 94.5268
48 28 0 26.5114 48.072
48 29 0 30.7818 76.249
48 30 0 80.5491 65.9337
48 31 0 92.0664 32.8336
48 32 1 25.1178 6.64056
48 33 0 50.542 29.2288
48 34 0 1.16571 23.6814
48 35 0 54.1098 35.1513
48 36 0 59.1854 93.465
48 37 0 28.4658 9.56628
48 38 0 59.3558 56.553
48 39 0 58.4854 94.3541
48 40 0 20.7385 22.4839
48 41 0 21.9231 40.4978
48 42 0 85.591 68.4509
48 43 0 35.4973 33.1553
48 44 1 1.69097 41.2393
48 45 0 39.4418 80.3947
48 46 0 71.871 39.5307
48 47 0 7.8656 76.4229
48 49 1 17.7044 45.9764
48 50 1 96.3791 60.4192
48 51 0 11.9263 46.5683
48 52 0 27.6995 51.5037
48 53 0 21.3623 17.746
48 54 0 97.2115 43.918
48 55 1 99.5679 15.429
48 56 0 20.7568 27.3027
48 57 0 86.5783 87.4669
48 58 0 59.8214 99.0434
48 59 0 47.4429 11.2807
48 60 1 97.291 4.13812
49 1 0 60.2556 65.4337
49 2 0 95.0802 76.5352
49 3 0 71.5636 59.7397
49 4 1 9.49947 22.0691
49 5 0 70.1412 15.4148
49 6 1 8.02779 33.5343
49 7 0 57.6527 92.5047
49 8 0 52.4304 26.1144
49 9 0 36.6002 10.3269
49 10 0 69.0678 29.8819
49 11 1 49.1196 99.6752
49 12 0 12.1329 77.4695
49 13 0 23.1123 42.2465
49 14 0 34.0072 26.139
49 15 0 24.7199 44.7229
49 16 0 79.1111 10.6583
49 17 0 92.1757 57.8281
49 18 0 97.1691 49.3372
49 19 0 17.0787 86.7815
49 20 1 22.1081 63.9244
49 21 0 86.983 83.5094
49 22 0 51.4188 10.2726
49 23 0 45.691 75.2138
49 24 0 20.1968 21.7777
49 25 0 15.1872 7.13991
49 26 0 19.3907 9.24018
49 27 0 33.9136 78.6047
49 28 0 20.5978 17.9472
49 29 0 3.67836 32.3205
49 30 1 93.8637 91.831
49 31 0 80.7704 4.20329
49 32 1 24.0467 24.6316
49 33 0 80.4066 6.74077
49 34 0 0.607485 9.88062
49 35 1 58.1538 54.0756
49 36 0 32.9414 85.9212
49 37 0 22.2564 34.413
49 38 0 9.99802 44.8951
49 39 1 98.7076 34.6984
49 40 0 22.8937 70.8733
49 41 0 28.1611 78.4323
49 42 0 64.7659 63.6455
49 43 0 66.8865 79.7798
49 44 0 22.6945 37.7286
49 45 0 0.524553 38.8862
49 46 1 50.423 96.3008
49 47 0 62.2679 10.6155
49 48 0 40.9818 95.6196
49 50 1 36.4452 37.6276
49 51 1 28.9155 27.0816
49 52 0 16.1616 32.9645
49 53 0 74.9319 56.7993
49 54 0 34.0302 18.6792
49 55 0 51.7539 90.192
49 56 1 13.7679 11.3539
49 57 0 85.7562 47.8387
49 58 0 93.8099 40.8124
49 59 1 63.5331 17.2864
49 60 1 27.5181 46.1049
50 1 0 62.3542 67.447
50 2 0 97.0781 39.7389
50 3 0 34.7237 79.8667
50 4 0 78.3283 74.9864
50 5 0 36.7436 65.8906
50 6 0 71.0046 21.4894
50 7 0 82.8211 82.4882
50 8 0 45.9154 59.1333
50 9 0 75.0567 29.7047
50 10 0 45.1378 16.354
50 11 1 74.1499 24.5879
50 12 0 19.3733 21.7923
50 13 0 63.4679 20.4087
50 14 0 6.34865 22.7939
50 15 0 52.4265 75.3033
50 16 0 69.2208 48.1099
50 17 0 80.4658 96.7507
50 18 0 74.7359 25.5761
50 19 0 4.56877 19.8179
50 20 1 4.57925 96.3956
50 21 0 93.5414 34.7796
50 22 0 52.5033 81.4407
50 23 0 50.8388 8.66475
50 24 0 40.1063 63.5744
50 25 0 91.5458 4.81793
50 26 1 21.7195 12.7043
50 27 0 87.3466 92.0921
50 28 0 8.41717 25.6448
50 29 0 98.5453 41.1994
50 30 0 1.84274 89.1488
50 31 0 23.8837 84.5566
50 32 0 9.59266 36.2153
50 33 1 3.29831 31.4335
50 34 0 50.5398 80.1648
50 35 0 66.7352 61.2011
50 36 0 96.1272 56.7668
50 37 0 67.3533 28.4381
50 38 0 26.0477 59.8597
50 39 0 1.77107 76.5124
50 40 0 76.0712 84.7086
50 41 0 37.9126 45.0539
50 42 0 18.7429 49.3795
50 43 0 89.2854 97.039
50 44 0 2.78716 61.672
50 45 0 50.1298 93.4991
50 46 0 5.99905 18.2985
50 47 0 4.75433 61.4491
50 48 0 72.9583 16.5807
50 49 0 88.0582 84.8479
50 51 1 73.8056 73.5549
50 52 0 84.2894 6.41163
50 53 0 89.3303 85.3661
50 54 0 52.1116 73.5527
50 55 0 54.6185 37.3706
50 56 0 98.9563 21.6175
50 57 0 96.2799 37.5319
50 58 0 82.8941 71.6345
50 59 0 82.9256 0.0141233
50 60 0 50.0407 95.0473
51 1 0 28.6704 98.0087
51 2 0 63.3777 36.932
51 3 0 35.0746 17.2038
51 4 0 86.3676 89.1934
51 5 0 66.1014 7.13066
51 6 0 1.27267 88.4993
51 7 0 86.2947 58.2835
51 8 0 85.8328 44.6644
51 9 1 18.7872 24.6154
51 10 0 86.6107 21.0617
51 11 0 55.9361 44.5377
51 12 0 63.853 82.9085
51 13 0 96.7497 2.15894
51 14 0 53.5104 88.2705
51 15 1 78.1946 94.9838
51 16 0 71.6659 61.6567
51 17 0 47.6511 39.0307
51 18 0 73.6002 44.3919
51 19 0 70.2911 82.6109
51 20 0 17.4375 41.6568
51 21 1 50.2672 75.3857
51 22 0 68.5574 39.0297
51 23 0 91.437 58.3507
51 24 0 12.2322 92.3593
51 25 0 75.8199 71.1659
51 26 0 31.4318 95.3167
51 27 0 7.31655 3.32237
51 28 0 65.9485 83.9926
51 29 0 63.3846 94.0935
51 30 0 16.1219 12.7848
51 31 1 15.6731 63.7662
51 32 0 51.3705 47.3246
51 33 1 18.3235 11.8068
51 34 0 84.3755 42.2679
51 35 0 64.0851 30.2533
51 36 0 24.6594 75.4027
51 37 0 29.2899 66.6604
51 38 0 43.6185 60.3392
51 39 0 90.8595 39.0527
51 40 0 4.18352 61.6644
51 41 0 10.2924 13.3268
51 42 0 12.4873 75.7476
51 43 1 84.4415 33.7555
51 44 0 70.8213 24.5583
51 45 0 31.4164 43.3211
51 46 0 65.9426 81.1327
51 47 0 26.3357 52.0364
51 48 0 89.6918 15.5193
51 49 0 30.7805 80.0151
51 50 0 45.3838 96.7857
51 52 1 77.5423 28.3461
51 53 0 73.4912 97.7648
51 54 1 64.362 64.6094
51 55 1 93.8856 90.5847
51 56 0 60.3357 66.7105
51 57 0 66.4129 66.4293
51 58 1 95.9742 15.2649
51 59 0 64.8976 56.1086
51 60 0 19.936 78.5825
52 1 0 17.5441 18.0396
52 2 1 57.4922 46.5614
52 3 0 58.9726 0.558939
52 4 0 29.781 25.9872
52 5 0 15.4229 43.528
52 6 0 94.116 63.1164
52 7 0 39.9518 41.4923
52 8 0 39.6305 26.5518
52 9 0 61.9382 17.4883
52 10 0 34.0115 45.9022
52 11 0 5.74142 77.6926
52 12 0 54.2146 13.3399
52 13 0 62.7636 92.4086
52 14 0 69.4998 79.7149
52 15 1 76.5875 79.9516
52 16 1 30.7175 73.903
52 17 0 27.2512 75.0412
52 18 0 39.1539 67.5898
52 19 0 95.4516 56.4463
52 20 0 67.7255 94.3166
52 21 0 31.1501 91.8288
52 22 1 34.4503 61.0325
52 23 0 71.9989 83.3688
52 24 0 69.1866 27.4747
52 25 1 72.6322 27.1924
52 26 0 4.50889 86.0795
52 27 0 59.1828 7.18005
52 28 1 28.9955 70.0062
52 29 0 32.85 69.1267
52 30 0 47.0137 81.0903
52 31 1 72.313 88.2073
52 32 0 59.3595 60.6007
52 33 0 71.7246 18.6084
52 34 0 80.946 22.9664
52 35 0 67.0862 14.5037
52 36 0 54.2889 81.6958
52 37 0 86.0108 52.0668
52 38 0 57.1891 77.6198
52 39 0 46.4168 95.0292
52 40 0 12.435 39.8112
52 41 0 8.77356 84.208
52 42 0 96.6518 61.7507
52 43 1 97.3377 46.6196
52 44 0 95.4978 95.8212
52 45 0 74.125 49.902
52 46 0 0.7346 57.1608
52 47 0 81.4553 57.6867
52 48 0 33.2581 24.6317
52 49 0 90.9367 7.92916
52 50 0 51.1426 44.9385
52 51 0 99.3489 6.28378
52 53 1 82.9831 55.7481
52 54 0 66.7541 10.5956
52 55 0 96.0346 0.891363
52 56 0 36.8784 80.17
52 57 1 9.12742 52.5326
52 58 0 78.8168 44.7377
52 59 0 24.4598 6.68177
52 60 0 36.0651 0.514588
53 1 1 93.3864 47.1497
53 2 0 2.83408 29.0667
53 3 0 10.5174 77.5884
53 4 0 95.5006 7.1488
53 5 0 32.2421 0.556145
53 6 0 36.2767 47.1275
53 7 1 58.2062 71.9866
53 8 0 1.49869 0.0473035
53 9 1 51.1873 5.63779
53 10 0 32.4244 74.7086
53 11 0 6.92599 45.6189
53 12 0 45.3363 98.7446
53 13 0 88.5402 28.7405
53 14 0 60.3567 79.1219
53 15 0 55.8248 44.3238
53 16 0 53.921 58.0989
53 17 0 66.6052 85.052
53 18 0 84.3537 82.3255
53 19 0 74.0753 9.70529
53 20 0 14.8992 48.9586
53 21 0 11.0768 54.3848
53 22 0 5.28385 76.6971
53 23 1 54.5589 2.22277
53 24 0 33.6316 16.9772
53 25 0 10.0053 36.3425
53 26 0 97.9999 90.7983
53 27 1 56.8488 7.38494
53 28 0 83.6766 58.1249
53 29 0 38.5013 30.311
53 30 0 85.851 89.9255
53 31 0 49.9674 14.6574
53 32 0 73.8145 65.4169
53 33 0 91.3785 56.0924
53 34 0 71.3126 60.322
53 35 1 27.5376 16.785
53 36 0 6.19301 55.9538
53 37 0 85.0866 43.0417
53 38 0 76.0337 45.6076
53 39 0 28.9781 50.2725
53 40 0 75.825 49.9315
53 41 0 18.84 50.8752
53 42 0 58.1349 95.0455
53 43 0 2.1492 11.5148
53 44 0 52.4962 93.0595
53 45 0 3.13619 81.8069
53 46 1 86.7064 51.0259
53 47 0 74.8092 95.684
53 48 0 63.0065 60.8371
53 49 0 83.4517 1.3511
53 50 0 21.611 63.935
53 51 0 75.1098 86.0143
53 52 0 73.0931 36.94
53 54 1 16.4144 41.3926
53 55 1 96.8245 95.9387
53 56 0 5.58737 28.6139
53 57 0 98.4784 11.3514
53 58 0 62.8668 89.3269
53 59 0 69.1455 82.7358
53 60 0 37.3583 29.5048
54 1 0 5.0743 97.3918
54 2 0 74.8276 67.5427
54 3 0 66.0972 48.6867
54 4 0 45.9355 30.2431
54 5 0 21.2212 34.4796
54 6 0 18.3791 83.2133
54 7 1 46.1609 9.21845
54 8 0 75.1953 29.093
54 9 0 96.8505 12.7525
54 10 0 26.6065 65.7471
54 11 0 81.2273 39.3111
54 12 0 67.3376 2.61853
54 13 0 86.4863 22.3471
54 14 0 27.2469 68.3446
54 15 0 85.1106 41.8644
54 16 1 39.8366 11.8917
54 17 0 94.9156 64.6717
54 18 0 67.3699 87.8043
54 19 0 43.4605 37.2112
54 20 1 64.8986 31.9929
54 21 0 9.2833 3.46371
54 22 1 58.8874 35.4062
54 23 0 70.8819 9.66373
54 24 0 24.3578 44.714
54 25 0 42.9201 41.0957
54 26 1 46.1254 68.5336
54 27 0 27.1213 22.2329
54 28 0 34.2969 28.1503
54 29 0 70.3253 11.6745
54 30 0 87.151 96.5226
54 31 0 28.7223 64.1933
54 32 0 43.5755 7.76448
54 33 0 18.9416 94.2233
54 34 0 6.85392 64.9711
54 35 0 25.7796 69.3734
54 36 0 43.957 85.1403
54 37 0 50.9457 27.4994
54 38 0 44.8919 38.5127
54 39 0 45.3007 15.5023
54 40 0 55.9935 12.89
54 41 0 50.7509 15.6565
54 42 1 68.3856 7.90126
54 43 0 72.5023 58.0111
54 44 0 35.0798 65.4793
54 45 0 81.9909 4.08839
54 46 0 27.7336 84.9996
54 47 1 26.0216 50.4456
54 48 0 36.3502 86.6085
54 49 1 90.1441 68.87
54 50 0 64.5545 13.6164
54 51 1 29.9593 39.3988
54 52 0 27.0404 76.9808
54 53 0 38.5059 31.1813
54 55 1 68.1818 67.3232
54 56 0 58.7542 45.7564
54 57 0 77.5562 55.2461
54 58 0 28.4386 96.5548
54 59 0 2.29123 93.1995
54 60 0 11.5038 17.2029
55 1 0 56.7777 74.9991
55 2 0 9.49824 71.5213
55 3 0 93.0584 37.7828
55 4 0 50.9929 69.3281
55 5 0 74.5082 59.7166
55 6 1 81.1085 13.0971
55 7 1 54.1705 15.4857
55 8 0 76.7165 93.2157
55 9 0 36.876 57.0274
55 10 0 24.4145 34.5706
55 11 0 47.6301 87.6299
55 12 0 97.7309 97.6504
55 13 0 27.0964 97.9199
55 14 0 8.75852 80.7001
55 15 0 92.8914 77.6195
55 16 0 97.2356 0.425532
55 17 0 85.6671 46.7739
55 18 0 34.2254 85.3697
55 19 0 85.3391 12.1222
55 20 0 32.925 46.4904
55 21 0 70.1715 51.0019
55 22 0 94.9268 98.8048
55 23 1 87.6107 27.3856
55 24 0 32.0673 38.9764
55 25 0 53.0585 57.3082
55 26 0 38.593 10.7206
55 27 0 4.40438 41.5632
55 28 0 20.7851 21.464
55 29 0 6.30647 98.327
55 30 0 86.7374 62.7062
55 31 0 72.6217 28.6403
55 32 0 32.087 51.917
55 33 0 61.9286 21.8756
55 34 0 66.7678 27.229
55 35 0 33.8793 3.31263
55 36 1 98.8678 57.6051
55 37 1 6.3386 8.27447
55 38 0 40.9696 10.5453
55 39 0 68.4778 69.0563
55 40 0 90.9965 79.3139
55 41 0 95.5915 69.0047
55 42 0 60.8818 96.163
55 43 0 70.839 62.4238
55 44 0 54.356 28.577
55 45 0 68.4536 55.8646
55 46 0 58.0133 8.47042
55 47 1 32.956 23.6889
55 48 0 78.8088 40.2599
55 49 0 85.9564 75.4393
55 50 0 76.3621 61.603
55 51 0 0.437224 34.0526
55 52 0 16.6593 18.2832
55 53 0 93.8732 60.0492
55 54 1 14.2471 50.5126
55 56 1 39.1092 81.549
55 57 0 73.3756 5.32482
55 58 0 17.2308 67.684
55 59 0 0.853123 97.9048
55 60 1 75.421 37.2866
56 1 0 5.3356 80.3878
56 2 0 23.7946 10.8269
56 3 0 38.4968 38.8824
56 4 0 33.6476 26.056
56 5 0 14.4743 48.4541
56 6 0 1.44875 1.92853
56 7 0 74.7808 61.9653
56 8 0 14.5138 93.2633
56 9 1 39.4664 72.7441
56 10 0 85.55 47.4005
56 11 1 14.9346 49.6928
56 12 0 85.1929 1.25684
56 13 0 90.6078 87.6662
56 14 0 39.9156 78.5614
56 15 0 37.2934 64.9675
56 16 1 48.4285 75.1446
56 17 0 16.3792 23.1481
56 18 0 33.9308 37.1111
56 19 0 38.7005 15.2713
56 20 0 16.7843 77.0675
56 21 0 82.7433 57.5466
56 22 0 51.1356 64.5281
56 23 0 33.4904 71.9675
56 24 0 66.6873 18.4448
56 25 0 95.8238 22.721
56 26 0 38.4305 85.5071
56 27 0 13.9261 89.013
56 28 0 46.0069 71.5521
56 29 0 82.8986 67.2293
56 30 0 68.9081 5.59878
56 31 0 36.0575 53.3948
56 32 0 94.4558 70.0851
56 33 0 90.0074 91.8027
56 34 0 51.5212 23.5389
56 35 0 38.4352 42.1054
56 36 0 54.9955 29.6256
56 37 1 18.4087 22.465
56 38 0 55.3263 0.226077
56 39 0 38.5247 6.54915
56 40 0 55.6696 21.0173
56 41 0 85.7103 18.0483
56 42 0 37.5112 65.2908
56 43 0 33.5973 14.8549
56 44 0 79.8564 67.9622
56 45 0 68.7818 27.1947
56 46 0 62.8424 68.5458
56 47 1 55.2688 9.962
56 48 1 69.5156 8.53273
56 49 0 22.0544 88.9084
56 50 0 29.3798 46.4385
56 51 0 75.7016 53.2767
56 52 0 41.5794 44.6061
56 53 1 87.2231 48.8236
56 54 0 48.8668 23.7643
56 55 0 18.4556 65.9887
56 57 1 5.5212 65.7313
56 58 0 24.5629 4.64415
56 59 0 96.3879 61.2271
56 60 1 12.8587 5.52291
57 1 1 9.22208 40.7936
57 2 0 8.12681 99.6772
57 3 0 21.8019 98.6384
57 4 1 15.7578 63.6554
57 5 0 14.0672 47.6725
57 6 0 15.3044 71.5114
57 7 1 39.4839 95.3284
57 8 0 3.79355 23.5874
57 9 0 58.2457 92.4201
57 10 0 10.3953 84.5957
57 11 1 91.4022 54.1783
57 12 0 29.798 78.2915
57 13 0 90.64 76.163
57 14 0 21.3246 41.197
57 15 0 94.8199 60.1751
57 16 1 89.0709 17.6079
57 17 0 15.9136 10.6294
57 18 1 37.457 16.4484
57 19 0 92.492 19.796
57 20 0 9.47998 84.2929
57 21 0 98.7637 71.2949
57 22 0 49.1363 9.23357
57 23 0 94.8482 49.0303
57 24 0 87.1085 50.1761
57 25 0 27.7062 75.696
57 26 0 7.75788 79.3571
57 27 0 24.8524 70.4159
57 28 0 35.1335 34.4071
57 29 0 32.1245 17.7229
57 30 0 58.2709 47.146
57 31 0 38.7754 16.1921
57 32 0 59.3996 97.8053
57 33 0 50.7846 56.5532
57 34 1 60.4484 97.2996
57 35 0 42.555 54.6215
57 36 0 87.7078 0.265985
57 37 0 31.7521 71.3684
57 38 0 57.4356 26.6729
57 39 0 20.236 31.4147
57 40 0 29.9689 65.9893
57 41 0 2.29723 75.3817
57 42 0 12.4461 61.8756
57 43 0 66.133 88.4346
57 44 0 47.313 52.7369
57 45 0 63.1803 40.9271
57 46 0 67.7221 55.5535
57 47 0 34.8098 81.4393
57 48 1 45.0918 63.5767
57 49 0 95.4931 89.793
57 50 1 71.3885 10.5099
57 51 1 97.1914 12.0633
57 52 0 98.1533 61.7871
57 53 0 31.9952 30.119
57 54 0 51.136 75.2226
57 55 0 21.4154 6.59428
57 56 0 12.3331 79.8605
57 58 1 47.1148 92.2582
57 59 0 47.5874 99.5042
57 60 0 39.0974 87.2185
58 1 0 6.21423 66.4366
58 2 0 29.847 99.8338
58 3 0 82.707 4.07657
58 4 0 53.3625 35.346
58 5 0 5.0632 91.2654
58 6 0 70.7152 45.6717
58 7 0 65.7186 44.7713
58 8 0 78.0496 68.7678
58 9 0 86.3918 96.2142
58 10 0 26.2359 88.5744
58 11 0 57.407 64.4471
58 12 0 42.8281 43.8665
58 13 0 21.6427 79.6716
58 14 0 69.0243 88.6844
58 15 0 9.40507 40.2925
58 16 0 91.7271 9.55367
58 17 0 16.39 56.4475
58 18 1 57.4601 23.8821
58 19 0 58.9997 69.5186
58 20 0 47.4612 39.9627
58 21 0 10.2277 60.7655
58 22 1 20.8748 13.8238
58 23 0 33.8249 31.2852
58 24 0 65.806 88.1299
58 25 0 71.0465 56.5991
58 26 0 95.8244 87.2809
58 27 0 57.8072 14.8477
58 28 0 80.6665 91.9788
58 29 0 58.1973 67.2558
58 30 0 96.5292 45.7788
58 31 0 13.036 22.62
58 32 0 5.33465 29.6101
58 33 0 56.483 37.4453
58 34 1 26.7087 66.2978
58 35 0 2.51437 31.4296
58 36 1 56.7815 87.6363
58 37 0 32.2569 2.65912
58 38 0 79.3362 50.925
58 39 0 66.8368 40.0186
58 40 0 2.92396 81.3657
58 41 0 26.1659 27.3781
58 42 0 41.2225 72.0288
58 43 1 8.03438 66.7142
58 44 0 57.8634 18.2732
58 45 0 69.9545 32.5968
58 46 0 42.9293 17.2766
58 47 0 49.0117 28.8646
58 48 0 61.7715 79.6515
58 49 0 29.1796 73.8595
58 50 0 10.8321 28.0053
58 51 0 93.5942 37.5812
58 52 0 43.5726 53.1827
58 53 0 65.9184 83.6096
58 54 0 8.07423 40.9138
58 55 0 39.9232 18.1916
58 56 0 96.4045 5.44954
58 57 0 93.1218 1.98526
58 59 1 13.4971 52.7542
58 60 1 98.405 53.5939
59 1 0 43.2538 1.00116
59 2 0 96.8255 70.6259
59 3 0 44.0553 56.9692
59 4 0 34.1678 91.8062
59 5 0 24.9177 96.8425
59 6 0 10.4686 9.34004
59 7 0 74.5369 50.2581
59 8 0 81.2926 78.0581
59 9 0 55.3284 42.7947
59 10 0 5.00723 76.8276
59 11 0 93.4213 81.0671
59 12 0 37.7698 6.47373
59 13 0 40.0633 15.3361
59 14 0 20.0385 83.6554
59 15 0 38.2864 26.553
59 16 1 87.8454 10.4523
59 17 0 48.0604 85.0709
59 18 0 91.2458 87.4804
59 19 0 50.5694 83.5894
59 20 0 1.74743 69.6662
59 21 0 3.64006 1.80065
59 22 0 2.00813 45.2134
59 23 0 21.173 37.3488
59 24 0 17.689 2.25015
59 25 0 24.3082 29.2412
59 26 0 75.0323 90.3496
59 27 0 78.89 67.0611
59 28 0 91.7599 84.8652
59 29 0 81.4961 87.0923
59 30 0 33.8564 77.9636
59 31 0 10.5417 61.7866
59 32 0 68.0708 12.7621
59 33 0 46.3723 30.3367
59 34 0 19.0939 12.2241
59 35 0 51.1789 15.8079
59 36 0 4.42799 41.8235
59 37 0 55.203 95.0772
59 38 0 25.3229 36.7654
59 39 0 78.5 99.7778
59 40 0 47.6641 3.92705
59 41 0 12.1307 27.933
59 42 0 97.0106 80.5626
59 43 0 18.8893 47.6413
59 44 1 43.372 12.9787
59 45 0 71.7462 65.964
59 46 0 38.0476 2.3846
59 47 0 98.2127 65.759
59 48 0 36.1459 52.4697
59 49 0 79.1893 53.0363
59 50 0 81.6731 83.7637
59 51 0 47.0646 59.7607
59 52 0 79.9611 40.2253
59 53 0 67.2201 72.101
59 54 0 57.2741 4.04656
59 55 0 88.6618 1.7088
59 56 0 61.2193 58.3292
59 57 0 68.9099 63.5658
59 58 0 79.6943 95.4437
59 60 1 76.699 7.50463
60 1 1 24.5819 99.9281
60 2 0 74.5061 74.4929
60 3 1 65.677 64.7672
60 4 0 42.0635 81.2805
60 5 0 85.3025 58.2765
60 6 0 4.24243 80.9057
60 7 1 23.6376 66.7445
60 8 1 63.8234 38.7388
60 9 0 0.730532 14.0694
60 10 0 96.8674 95.5883
60 11 0 38.7588 81.1329
60 12 0 22.392 51.5476
60 13 0 30.6009 16.1634
60 14 0 68.9697 53.7803
60 15 0 22.4572 21.702
60 16 0 9.08813 83.1834
60 17 0 78.4875 3.68794
60 18 0 38.2312 42.2877
60 19 1 55.4239 84.8104
60 20 0 51.2853 33.464
60 21 0 52.6997 28.1017
60 22 0 80.43 19.7636
60 23 0 50.6335 72.1191
60 24 0 87.7376 84.2233
60 25 0 7.8867 5.3671
60 26 0 52.7191 4.82636
60 27 0 21.3693 64.998
60 28 0 4.06886 41.0724
60 29 1 14.9956 16.6867
60 30 0 46.214 94.8355
60 31 0 5.05405 63.471
60 32 0 32.8079 62.3923
60 33 0 14.7615 52.7884
60 34 0 2.29279 11.84
60 35 0 55.9081 29.4552
60 36 0 53.072 57.341
60 37 0 63.9875 83.147
60 38 0 9.82066 23.0657
60 39 0 6.92189 20.9424
60 40 0 72.2237 65.0557
60 41 0 80.3925 87.6151
60 42 0 6.37362 50.1102
60 43 0 48.0394 75.9993
60 44 1 39.3321 29.4068
60 45 0 96.4868 28.89
60 46 0 47.8227 30.1893
60 47 0 93.0828 91.221
60 48 0 90.6258 50.4514
60 49 0 2.71051 83.3009
60 50 0 82.291 83.7659
60 51 0 67.4623 97.6693
60 52 0 57.5169 77.6572
60 53 0 60.505 37.4207
60 54 0 51.825 39.9937
60 55 1 63.4651 63.6201
60 56 0 58.5696 76.9464
60 57 0 8.09608 65.341
60 58 0 33.1584 88.062
60 59 0 2.01987 38.364
10.6259 1.58313 19.6615 38.0669 21.3932 13.7751 2.40611 17.566 6.96255 25.9991 2.32373 36.4221 33.3212 1.18649 26.5304 39.8764 34.6661 7.94207 1.27238 16.7307 21.7767 33.9378 38.2576 11.6591 33.6432 32.4831 24.88 30.8542 15.0133 7.08546 23.9786 36.7344 32.7859 29.6055 2.52799 7.96342 35.3688 30.1676 35.449 16.0544 30.8299 25.5352 8.98059 25.7691 9.2239 26.0844 0.376485 22.9454 9.75898 7.58949 26.152 36.6086 22.1913 27.8321 39.5421 16.0623 16.8475 30.7912 36.74 36.7475 