60
100
5
100
1 2 1 67.2719 95.4059
1 3 0 6.47027 63.7924
1 4 0 6.53622 13.909
1 5 0 64.0164 43.1125
1 6 0 92.1659 23.9472
1 7 0 52.8319 44.932
1 8 0 49.9148 82.5548
1 9 0 39.4542 53.9023
1 10 0 37.8677 94.6996
1 11 0 99.6869 71.4679
1 12 0 58.0812 87.5406
1 13 0 65.1862 36.5142
1 14 0 54.3515 42.4783
1 15 0 95.901 93.9896
1 16 0 8.04884 92.8535
1 17 0 24.0289 3.68025
1 18 0 35.9099 58.8863
1 19 0 20.0899 75.0557
1 20 0 85.1556 53.6415
1 21 0 27.5618 43.1007
1 22 0 19.0962 37.2086
1 23 0 36.8512 88.6617
1 24 0 11.3249 70.2498
1 25 0 0.855801 88.2829
1 26 0 6.00916 79.4091
1 27 0 30.3189 2.77287
1 28 0 18.7461 52.6111
1 29 0 75.8219 21.0195
1 30 0 47.558 60.7143
1 31 0 36.7109 67.9259
1 32 0 33.0245 91.2954
1 33 0 1.90947 90.3553
1 34 0 65.9753 62.6202
1 35 0 13.9385 61.6493
1 36 0 52.6849 24.5322
1 37 0 85.6986 82.4787
1 38 0 57.3728 63.3988
1 39 0 39.4327 20.5359
1 40 0 36.8974 35.0285
1 41 0 20.0419 25.7975
1 42 0 81.8607 86.517
1 43 0 84.4391 31.5637
1 44 0 18.3007 91.662
1 45 0 77.9087 16.9361
1 46 0 11.5341 84.2969
1 47 0 43.2419 91.0642
1 48 0 68.9979 11.8197
1 49 0 36.9649 4.59195
1 50 0 43.8536 1.61577
1 51 0 92.4326 90.6953
1 52 0 85.6242 93.3002
1 53 0 7.18898 9.66335
1 54 0 81.2408 96.45
1 55 0 17.1807 65.0676
1 56 0 25.1838 16.2322
1 57 0 64.0377 53.5894
1 58 0 45.7387 98.2947
1 59 0 74.9831 34.0525
1 60 0 55.1943 50.0572
2 1 0 30.0532 15.1267
2 3 1 34.1548 68.0046
2 4 0 43.5887 13.5132
2 5 0 80.2528 16.6699
2 6 0 38.8384 78.4691
2 7 0 35.1189 58.2847
2 8 0 45.0928 56.3219
2 9 0 1.60753 10.4105
2 10 0 95.585 99.7734
2 11 0 3.81277 4.27339
2 12 0 47.4028 34.464
2 13 0 54.1929 91.9331
2 14 0 62.3411 11.9712
2 15 0 10.6564 30.3893
2 16 0 28.1597 15.3415
2 17 0 66.1548 84.4595
2 18 0 97.1201 92.7143
2 19 0 64.184 92.8066
2 20 0 30.6421 99.1856
2 21 0 63.5059 52.2584
2 22 0 78.5292 85.7688
2 23 0 88.3908 89.546
2 24 0 37.6532 45.0539
2 25 0 84.7646 18.8114
2 26 0 48.9071 15.2432
2 27 0 76.5261 95.0431
2 28 0 64.4391 91.9376
2 29 0 20.6293 13.1617
2 30 0 47.0188 19.2882
2 31 0 95.416 71.7867
2 32 0 3.11054 28.6406
2 33 0 1.14852 37.5376
2 34 0 35.8843 70.5456
2 35 0 38.1529 11.3895
2 36 0 24.5219 0.882819
2 37 0 14.9468 36.3485
2 38 0 96.7839 36.9604
2 39 0 78.5111 7.41238
2 40 0 16.5723 12.7716
2 41 0 57.5713 63.4135
2 42 0 79.707 95.1912
2 43 0 25.4738 77.0014
2 44 0 0.376667 2.11211
2 45 0 7.152 29.5834
2 46 0 82.0158 23.188
2 47 0 44.7258 27.3809
2 48 0 35.4198 19.9258
2 49 0 3.6214 90.7724
2 50 0 78.817 62.3647
2 51 0 7.65199 46.036
2 52 0 28.718 32.0861
2 53 0 40.5617 22.8349
2 54 0 64.8426 21.7989
2 55 0 75.9686 85.6959
2 56 0 57.3556 41.7359
2 57 0 84.1618 39.1995
2 58 0 63.5538 20.5946
2 59 0 82.5362 73.2375
2 60 0 2.17809 63.0127
3 1 0 87.3463 44.9219
3 2 0 38.9656 96.4331
3 4 1 69.565 15.6194
3 5 0 8.55269 32.1559
3 6 0 83.9041 50.5578
3 7 0 44.5614 27.5684
3 8 0 48.1961 73.5459
3 9 0 90.1278 53.5459
3 10 0 31.0183 30.8802
3 11 0 76.6167 15.0188
3 12 0 86.3479 50.1604
3 13 0 88.7501 7.18106
3 14 0 44.5242 60.7683
3 15 0 59.2183 12.679
3 16 0 48.7655 26.196
3 17 0 82.3731 92.1261
3 18 0 9.20207 91.2068
3 19 0 22.6459 43.3186
3 20 0 9.0763 48.576
3 21 0 22.2803 42.8623
3 22 0 64.5857 92.3343
3 23 0 7.14253 55.9465
3 24 0 92.4509 30.956
3 25 0 41.1108 77.6299
3 26 0 1.14169 87.8929
3 27 0 43.4515 54.6042
3 28 0 85.7977 17.4325
3 29 0 18.4506 10.7924
3 30 0 38.608 75.8273
3 31 0 23.6044 38.0224
3 32 0 23.0668 16.078
3 33 0 19.54 28.1535
3 34 0 4.72363 87.7514
3 35 0 58.1156 42.5917
3 36 0 77.7848 89.6578
3 37 0 56.2455 71.7551
3 38 0 74.9186 34.1034
3 39 0 17.7701 46.493
3 40 0 90.124 58.6574
3 41 0 99.1279 68.4673
3 42 0 19.0984 60.0693
3 43 0 48.5835 26.2864
3 44 0 29.0468 81.1533
3 45 0 18.1386 87.2797
3 46 0 23.771 3.24559
3 47 0 9.42754 7.39198
3 48 0 28.7597 60.0539
3 49 0 25.775 2.80394
3 50 0 6.91303 45.2222
3 51 0 49.7266 47.67
3 52 0 19.3744 63.2766
3 53 0 87.6492 46.1807
3 54 0 18.7879 4.1339
3 55 0 22.4159 35.2096
3 56 0 89.2684 79.8156
3 57 0 44.1997 34.6755
3 58 0 43.2664 39.1973
3 59 0 19.0755 82.8809
3 60 0 64.3857 77.1698
4 1 0 83.0338 1.21871
4 2 0 90.297 1.41037
4 3 0 12.2346 31.5585
4 5 1 32.0139 78.3755
4 6 0 40.8402 89.5622
4 7 0 63.4162 93.3843
4 8 0 3.43671 78.8432
4 9 0 43.406 78.8743
4 10 0 49.0633 34.0799
4 11 0 68.8476 59.2759
4 12 0 86.5546 89.742
4 13 0 1.93313 40.6675
4 14 0 1.32796 88.2605
4 15 0 24.7522 61.6989
4 16 0 29.8811 5.03965
4 17 0 98.8827 95.6768
4 18 0 68.1256 54.8727
4 19 0 43.4325 38.5927
4 20 0 55.0634 51.5594
4 21 0 71.042 76.1742
4 22 0 89.5921 99.2522
4 23 0 73.159 8.6409
4 24 0 2.11958 67.02
4 25 0 10.4216 94.2288
4 26 1 82.4918 61.0763
4 27 0 60.741 47.0503
4 28 0 56.5912 50.1029
4 29 0 24.9403 9.08346
4 30 0 56.3088 55.0604
4 31 0 96.2504 8.86093
4 32 0 67.3247 39.2392
4 33 0 15.0733 25.6625
4 34 0 45.4256 25.7413
4 35 0 27.653 17.926
4 36 0 21.5896 79.615
4 37 0 35.8186 80.6215
4 38 0 39.2161 5.20917
4 39 0 14.5665 74.4012
4 40 0 16.6635 64.1953
4 41 0 1.09414 57.4904
4 42 0 47.2107 32.1391
4 43 0 49.7346 5.35682
4 44 0 50.2333 39.0699
4 45 0 46.7792 50.9679
4 46 0 64.2283 60.8222
4 47 0 6.13867 17.5581
4 48 0 72.6694 35.1583
4 49 0 56.0092 72.6038
4 50 0 54.1336 48.612
4 51 0 77.2696 99.0695
4 52 0 72.0932 8.20224
4 53 0 45.4618 39.2367
4 54 0 81.1003 32.3833
4 55 0 49.407 62.886
4 56 0 71.7471 21.4305
4 57 0 23.421 23.5112
4 58 0 79.7847 24.161
4 59 0 3.51584 64.0538
4 60 0 92.7022 20.7883
5 1 0 54.8572 88.3837
5 2 0 70.3776 15.8117
5 3 0 78.8813 42.5078
5 4 0 65.1641 73.4108
5 6 1 52.9887 41.9585
5 7 0 41.3245 79.1835
5 8 0 36.7022 50.4991
5 9 0 78.0753 66.225
5 10 0 37.1511 0.926241
5 11 0 25.2222 3.25812
5 12 0 84.9863 24.8547
5 13 0 74.5894 51.9237
5 14 0 98.7332 73.0762
5 15 0 11.157 37.0715
5 16 0 70.8977 29.0323
5 17 0 47.5092 89.6098
5 18 0 90.6931 14.3476
5 19 0 65.3062 94.8522
5 20 0 69.8662 67.3301
5 21 0 35.4051 92.4527
5 22 0 1.19013 99.1928
5 23 0 92.643 77.8588
5 24 0 67.7201 65.7529
5 25 0 36.7238 24.4036
5 26 0 87.2187 36.7274
5 27 0 84.7922 74.8909
5 28 0 26.4432 97.2735
5 29 0 2.52185 39.8171
5 30 0 84.1355 54.3206
5 31 0 77.4493 92.9517
5 32 0 9.56751 50.4754
5 33 0 33.5298 76.9321
5 34 0 4.2809 6.1952
5 35 0 13.0223 69.6874
5 36 0 59.3438 10.0879
5 37 0 41.9144 75.064
5 38 0 94.1408 43.4363
5 39 0 55.5683 99.4098
5 40 0 1.27016 7.74066
5 41 0 99.014 72.354
5 42 0 2.60805 84.7152
5 43 0 24.137 91.7734
5 44 0 57.2241 6.05288
5 45 0 81.9803 34.1419
5 46 0 28.1217 66.0511
5 47 0 13.4646 22.6451
5 48 0 53.9586 95.9411
5 49 0 65.849 35.8199
5 50 0 2.24769 81.5901
5 51 0 74.1763 58.3744
5 52 0 1.74943 82.041
5 53 0 13.7637 91.4193
5 54 0 41.8116 95.3786
5 55 0 43.5037 58.5274
5 56 0 94.7279 84.1166
5 57 0 67.4104 48.2938
5 58 0 79.0096 34.1154
5 59 0 87.7593 13.0928
5 60 0 37.4937 49.7493
6 1 0 76.9993 1.76711
6 2 0 41.7212 52.1253
6 3 0 91.4877 30.7517
6 4 0 65.693 91.031
6 5 0 16.9834 74.0958
6 7 1 73.6445 58.7404
6 8 0 26.4576 24.4781
6 9 0 8.57035 39.9095
6 10 0 56.4984 97.3316
6 11 0 20.645 7.05653
6 12 0 63.9601 99.0592
6 13 0 72.169 9.88758
6 14 0 21.6523 91.1962
6 15 0 46.3884 71.2505
6 16 0 9.19281 23.1267
6 17 0 73.5846 35.4628
6 18 0 66.0735 69.3872
6 19 0 43.7889 63.483
6 20 0 2.24896 81.1724
6 21 0 72.7819 80.8635
6 22 0 99.0793 30.9406
6 23 0 69.9455 12.029
6 24 0 43.8679 84.618
6 25 0 22.2422 5.91988
6 26 0 81.8838 28.3104
6 27 0 81.0441 93.6798
6 28 0 39.4304 74.3954
6 29 0 10.7431 6.58068
6 30 0 8.7239 80.5496
6 31 0 98.215 18.1052
6 32 0 70.2669 39.9107
6 33 0 75.1984 23.4254
6 34 0 15.7711 58.9503
6 35 0 60.6953 23.0996
6 36 0 91.0095 18.6765
6 37 0 5.1182 19.3364
6 38 0 94.9398 64.9738
6 39 0 32.9635 64.8558
6 40 0 22.5498 64.4285
6 41 0 60.4422 50.1497
6 42 0 16.5825 57.447
6 43 0 45.0298 95.8758
6 44 0 59.2468 27.5971
6 45 0 36.2198 81.7775
6 46 0 86.2388 2.68351
6 47 0 31.2735 44.8597
6 48 0 54.9336 60.5462
6 49 0 27.6836 42.7883
6 50 0 10.9224 85.6017
6 51 0 85.4876 84.0843
6 52 0 89.1949 23.8158
6 53 0 6.03238 83.8948
6 54 0 12.039 77.9067
6 55 0 76.8051 34.5978
6 56 0 42.4195 78.4158
6 57 0 65.6615 95.4971
6 58 0 26.1809 37.4449
6 59 0 6.23412 38.5581
6 60 0 43.2069 86.9351
7 1 0 33.7063 57.201
7 2 0 99.4094 93.7072
7 3 0 35.4211 67.5662
7 4 0 82.1913 51.3917
7 5 0 51.3902 41.0599
7 6 0 41.411 83.9744
7 8 1 77.7892 53.513
7 9 0 3.85754 51.8002
7 10 0 7.91992 36.4636
7 11 0 89.6493 68.3827
7 12 0 72.401 21.8026
7 13 0 82.684 27.6709
7 14 0 28.2514 36.3137
7 15 0 81.9963 25.2396
7 16 0 36.9285 31.705
7 17 0 13.3414 99.8989
7 18 0 45.9924 96.441
7 19 0 16.3049 50.5068
7 20 0 24.8835 7.24848
7 21 0 68.2164 83.34
7 22 0 2.43407 92.8196
7 23 0 24.4412 16.1196
7 24 0 74.9248 20.7014
7 25 0 34.0059 2.91139
7 26 0 73.1113 71.9171
7 27 0 41.7483 85.6478
7 28 0 16.2928 61.4875
7 29 0 58.8609 61.1224
7 30 0 37.049 31.0622
7 31 0 94.0449 42.5458
7 32 0 39.6951 44.2824
7 33 0 24.364 10.0173
7 34 0 80.4273 77.0086
7 35 0 15.8817 88.2274
7 36 0 25.3832 1.54835
7 37 0 9.46677 67.3845
7 38 0 33.4835 2.46938
7 39 0 64.0229 4.44101
7 40 0 49.2572 4.8636
7 41 0 52.6785 19.4339
7 42 0 20.9863 45.372
7 43 0 96.9478 96.8818
7 44 0 81.7822 78.2916
7 45 0 37.0259 46.3646
7 46 0 94.1684 85.7722
7 47 0 87.9586 42.6983
7 48 0 92.1601 11.6081
7 49 0 2.02368 92.5801
7 50 0 99.9512 1.59251
7 51 0 19.2464 99.1444
7 52 0 20.9924 73.2334
7 53 0 96.9502 31.9833
7 54 0 98.6194 50.1564
7 55 0 48.8236 20.6669
7 56 0 50.5589 22.9301
7 57 0 43.1023 78.5734
7 58 0 34.5585 33.6019
7 59 0 19.346 91.9566
7 60 0 41.6641 15.9652
8 1 0 46.6954 65.2969
8 2 0 80.1368 66.4152
8 3 0 29.1669 39.9952
8 4 0 56.5203 8.02413
8 5 0 16.0168 49.3507
8 6 0 7.53432 8.05289
8 7 0 17.7481 54.1599
8 9 1 8.7802 28.6526
8 10 0 28.974 84.2037
8 11 0 36.1233 37.419
8 12 0 77.9491 65.9794
8 13 0 58.0141 97.5441
8 14 0 23.5578 9.30316
8 15 0 92.5465 75.7645
8 16 0 34.5684 94.5391
8 17 0 75.9064 47.4338
8 18 0 59.4471 65.4951
8 19 0 12.294 73.0944
8 20 0 29.6551 58.2253
8 21 0 0.319861 20.5757
8 22 0 91.8188 91.6425
8 23 0 3.96981 87.4895
8 24 0 43.6436 86.5579
8 25 0 47.7575 69.0598
8 26 0 79.9753 33.6684
8 27 0 53.6048 97.2504
8 28 0 74.5586 73.1277
8 29 0 33.3751 76.1341
8 30 0 13.5741 47.1157
8 31 0 12.0533 60.4318
8 32 0 91.5614 62.003
8 33 0 39.9578 47.9496
8 34 0 20.7528 29.5263
8 35 0 68.754 34.8564
8 36 0 21.6959 15.5653
8 37 0 64.7445 1.64265
8 38 0 39.1891 27.4356
8 39 0 53.4578 15.6096
8 40 0 30.0148 7.44446
8 41 0 72.2659 57.0802
8 42 0 57.9346 85.3207
8 43 0 26.7577 88.033
8 44 0 29.3288 18.4271
8 45 0 35.276 36.2869
8 46 0 20.6275 91.3255
8 47 0 85.7661 44.3309
8 48 0 63.579 46.4144
8 49 0 70.7807 5.02915
8 50 0 60.1229 25.4074
8 51 0 65.8768 46.0655
8 52 0 61.6469 24.8764
8 53 0 90.77 63.8972
8 54 0 41.0932 76.8059
8 55 0 65.1761 87.144
8 56 0 91.0044 62.7452
8 57 0 72.2474 86.5822
8 58 0 83.3725 13.3491
8 59 0 73.6252 23.1603
8 60 0 40.3057 84.3212
9 1 0 11.8786 30.8809
9 2 0 96.4028 61.343
9 3 0 48.534 88.8311
9 4 0 15.3425 57.9516
9 5 0 5.68789 73.2589
9 6 0 70.9624 44.4807
9 7 0 10.5962 7.51974
9 8 0 56.8409 54.7911
9 10 1 61.6406 98.0699
9 11 0 50.9295 35.2142
9 12 0 44.6032 42.1311
9 13 0 59.6093 79.4473
9 14 0 30.6737 20.8126
9 15 0 13.0864 85.2647
9 16 0 73.9212 38.1907
9 17 0 48.9564 23.9516
9 18 0 50.0609 87.7389
9 19 0 33.3052 73.6319
9 20 0 6.89032 54.025
9 21 0 91.3013 41.7358
9 22 0 85.8654 79.1785
9 23 0 81.3108 52.2258
9 24 0 18.6142 14.9062
9 25 0 65.763 70.464
9 26 0 70.5867 71.4074
9 27 0 29.8409 95.7138
9 28 0 42.5723 74.3833
9 29 0 53.7116 41.4409
9 30 0 43.8231 84.3917
9 31 0 61.0219 82.1119
9 32 0 94.4334 27.922
9 33 0 25.0937 18.0465
9 34 0 69.0077 93.1899
9 35 0 58.0431 96.9361
9 36 0 51.2021 98.2898
9 37 0 17.0013 85.8049
9 38 0 93.9182 94.4387
9 39 0 50.257 72.1637
9 40 0 33.3025 56.0239
9 41 0 40.899 97.2919
9 42 0 18.1268 22.6758
9 43 0 15.7158 43.4555
9 44 0 24.2863 93.9308
9 45 0 16.2078 62.4538
9 46 0 80.4225 62.5973
9 47 0 61.8213 59.0848
9 48 0 88.9659 32.0223
9 49 0 10.9261 44.2456
9 50 0 36.232 60.7497
9 51 0 43.8433 38.2919
9 52 0 84.4701 54.7833
9 53 0 35.3928 70.5826
9 54 0 49.097 62.4902
9 55 0 57.1201 41.4393
9 56 0 2.76274 46.0186
9 57 0 73.1207 64.3447
9 58 0 5.39401 71.8047
9 59 0 92.7845 79.7516
9 60 0 1.00764 71.2472
10 1 0 45.9372 81.7302
10 2 0 73.984 30.7473
10 3 0 65.6995 84.3614
10 4 0 83.5877 99.5441
10 5 0 46.5398 81.7241
10 6 0 57.7901 57.7101
10 7 0 29.6094 21.8909
10 8 0 30.9525 36.2019
10 9 0 68.0307 56.9929
10 11 1 80.2164 97.0829
10 12 0 57.3023 34.4136
10 13 0 46.9012 53.0572
10 14 0 93.5164 51.2514
10 15 0 78.7528 27.0764
10 16 0 52.8807 69.4983
10 17 0 18.9226 74.1357
10 18 0 73.9324 60.4195
10 19 0 77.7152 85.44
10 20 0 86.926 12.4807
10 21 0 49.5033 71.0071
10 22 0 15.6979 86.9845
10 23 0 10.0528 37.2848
10 24 0 18.6261 34.154
10 25 0 94.3917 19.8111
10 26 0 35.3316 59.3849
10 27 0 1.45734 22.1835
10 28 0 98.9384 8.25829
10 29 0 78.603 20.5177
10 30 0 32.7759 15.1534
10 31 0 32.4132 82.0013
10 32 0 45.5285 90.048
10 33 0 53.7364 55.9137
10 34 0 57.5465 58.8493
10 35 0 65.1048 73.1037
10 36 0 93.8351 48.3264
10 37 0 8.2118 84.1412
10 38 0 89.0165 17.5635
10 39 0 97.1035 57.196
10 40 0 18.3611 18.8267
10 41 0 97.6562 67.2611
10 42 0 71.4157 5.55561
10 43 0 5.64067 98.3232
10 44 0 11.4999 32.4171
10 45 0 41.2803 78.4563
10 46 0 69.1334 39.4404
10 47 0 84.4667 69.6233
10 48 0 28.0163 84.2072
10 49 0 70.0545 18.4925
10 50 0 44.0383 3.14664
10 51 0 74.4982 7.30828
10 52 0 16.1055 7.66748
10 53 0 82.9828 25.1588
10 54 0 47.4418 80.3705
10 55 0 70.0598 64.3974
10 56 0 98.8225 45.6585
10 57 0 92.4308 9.30241
10 58 0 33.964 44.4174
10 59 0 97.8625 59.379
10 60 0 60.7618 83.5272
11 1 0 42.7294 64.0566
11 2 0 15.5497 2.59769
11 3 0 12.1619 19.0305
11 4 0 41.0671 27.8613
11 5 0 56.2239 23.9145
11 6 0 91.712 42.1734
11 7 0 22.9288 89.9869
11 8 0 60.9395 89.5173
11 9 0 29.0567 77.2152
11 10 0 92.1906 86.7206
11 12 1 15.8039 2.08033
11 13 0 85.6595 59.8276
11 14 0 51.0907 76.7146
11 15 0 64.9531 21.7755
11 16 0 27.9498 22.2287
11 17 0 80.7996 2.8658
11 18 0 95.0226 59.8566
11 19 0 52.0449 10.224
11 20 0 77.8818 45.2362
11 21 0 84.7223 74.1701
11 22 0 86.427 20.7963
11 23 0 91.1864 34.839
11 24 0 25.4148 8.78077
11 25 0 83.2264 82.8508
11 26 0 79.5064 42.1555
11 27 0 86.6754 65.4714
11 28 0 70.3943 7.84553
11 29 0 15.6162 47.395
11 30 0 54.9267 23.646
11 31 0 21.2671 39.5521
11 32 0 66.0984 27.4649
11 33 0 46.8045 97.9296
11 34 0 10.4219 30.1987
11 35 1 53.0216 38.0471
11 36 0 20.152 11.4107
11 37 0 46.6805 80.617
11 38 0 87.5083 31.6239
11 39 0 83.1125 48.9239
11 40 0 52.3713 56.8175
11 41 0 40.8827 85.5374
11 42 0 33.8979 81.4033
11 43 1 64.0892 67.7756
11 44 0 59.6646 64.069
11 45 0 65.7196 30.2309
11 46 0 59.5221 80.297
11 47 0 0.494201 20.5047
11 48 0 16.0956 85.5894
11 49 0 48.4373 94.5086
11 50 0 63.8493 34.1785
11 51 0 58.9755 22.2774
11 52 0 4.32724 32.1301
11 53 0 32.1676 81.1181
11 54 0 12.0342 72.1969
11 55 0 51.6535 10.3639
11 56 0 57.3927 31.613
11 57 0 61.9244 58.8851
11 58 0 86.5633 45.0107
11 59 0 67.0234 29.4348
11 60 0 6.0443 4.47267
12 1 0 63.8193 24.2176
12 2 0 7.27446 51.2976
12 3 0 18.8185 73.8788
12 4 0 16.2441 49.2373
12 5 0 15.049 16.0615
12 6 0 3.45874 98.7817
12 7 0 6.3046 77.9306
12 8 0 4.96475 34.1724
12 9 0 37.192 42.5689
12 10 0 46.6204 3.98823
12 11 0 14.4775 59.294
12 13 1 42.635 16.7322
12 14 0 99.0666 9.57496
12 15 0 47.7913 31.6441
12 16 0 28.2863 47.0781
12 17 0 48.8978 14.6611
12 18 0 30.062 57.6377
12 19 0 52.6586 34.0416
12 20 0 66.4184 7.49638
12 21 0 77.2718 90.2872
12 22 0 94.3709 56.5849
12 23 0 52.6519 27.1238
12 24 0 48.8588 79.5727
12 25 0 32.6646 81.1001
12 26 0 10.8318 79.4732
12 27 0 49.6559 5.8652
12 28 0 31.7189 52.4326
12 29 0 0.0833127 88.3382
12 30 0 70.1502 93.9901
12 31 0 61.6947 38.8934
12 32 0 79.7895 51.6946
12 33 0 4.66276 78.3132
12 34 0 75.3151 76.3954
12 35 0 32.6579 97.1409
12 36 0 12.7678 26.3103
12 37 0 82.1261 2.17644
12 38 0 13.4918 52.9394
12 39 0 53.7891 24.6889
12 40 0 31.0613 54.0423
12 41 0 94.767 37.6845
12 42 0 82.0712 64.3259
12 43 0 33.6092 86.0061
12 44 0 36.2143 12.509
12 45 0 20.7611 96.7589
12 46 0 42.6234 65.0184
12 47 0 91.0326 1.35516
12 48 0 17.5762 30.006
12 49 0 71.5192 68.9807
12 50 0 71.6402 45.3597
12 51 0 12.4066 73.5627
12 52 0 0.236073 0.0365717
12 53 0 87.5928 57.8833
12 54 0 23.0983 91.6465
12 55 0 93.9306 92.9664
12 56 0 38.8101 53.669
12 57 0 10.743 61.7339
12 58 0 97.6128 53.0422
12 59 0 85.5019 10.1861
12 60 0 21.3528 79.3602
13 1 0 18.5043 45.954
13 2 0 42.5128 22.1825
13 3 0 1.15378 97.0644
13 4 0 77.7142 99.8824
13 5 0 86.1389 52.7055
13 6 0 99.5552 65.5328
13 7 0 47.4742 24.4278
13 8 0 67.6749 58.5204
13 9 0 70.5559 29.8479
13 10 0 18.4148 44.6091
13 11 0 38.8059 11.3083
13 12 0 66.6171 9.30047
13 14 1 70.4785 15.1745
13 15 0 51.1621 42.3662
13 16 0 52.612 41.4085
13 17 0 99.2547 48.7076
13 18 0 69.3239 91.5807
13 19 0 49.1997 45.8698
13 20 0 26.3373 44.3927
13 21 0 2.91262 74.6434
13 22 0 66.7088 20.6984
13 23 0 9.66577 13.4297
13 24 0 32.995 33.245
13 25 0 2.51032 70.024
13 26 0 36.1451 45.7263
13 27 0 90.9573 30.8298
13 28 0 91.5775 45.7038
13 29 0 2.85819 4.82845
13 30 0 21.3088 77.0737
13 31 0 23.7841 49.1283
13 32 0 26.5325 63.2044
13 33 0 31.5366 25.207
13 34 0 85.4062 23.254
13 35 0 91.4601 53.9066
13 36 0 37.5744 38.2527
13 37 0 20.3016 61.6173
13 38 0 5.53062 13.4983
13 39 0 51.5432 8.52936
13 40 0 73.5963 50.4519
13 41 0 61.1165 15.4891
13 42 0 57.3198 5.65377
13 43 0 93.7455 77.3197
13 44 0 38.7938 11.9252
13 45 0 8.16746 7.51178
13 46 0 85.7069 22.9827
13 47 0 66.1474 72.8065
13 48 0 89.9399 55.8457
13 49 0 41.7342 58.9132
13 50 0 11.041 8.87997
13 51 0 20.1336 19.9533
13 52 0 70.4721 97.9121
13 53 0 42.143 20.8434
13 54 0 27.92 49.3184
13 55 0 5.76296 27.2043
13 56 0 25.3022 73.6582
13 57 0 7.72089 58.5492
13 58 0 97.9916 68.2096
13 59 0 32.1796 39.5779
13 60 0 58.1285 54.7379
14 1 0 70.0872 36.5841
14 2 0 42.0388 0.211067
14 3 0 46.7131 77.2018
14 4 0 31.5929 30.0024
14 5 0 32.5798 51.6808
14 6 0 53.4022 69.8929
14 7 0 86.182 45.5765
14 8 0 45.5135 98.6361
14 9 0 56.432 94.0639
14 10 0 67.9455 48.3385
14 11 0 45.2985 59.0771
14 12 0 12.1362 27.7214
14 13 0 51.785 9.58307
14 15 1 51.2592 27.7815
14 16 0 33.1356 58.1702
14 17 0 30.6986 22.857
14 18 0 60.1261 55.4625
14 19 0 10.1012 93.8721
14 20 0 94.8732 43.3288
14 21 0 32.3476 28.7656
14 22 0 77.5025 26.2679
14 23 0 75.3431 63.4316
14 24 0 22.8552 23.3339
14 25 0 53.0497 23.8595
14 26 0 74.1463 77.9279
14 27 0 83.5491 91.9513
14 28 0 81.2937 77.0081
14 29 0 79.447 60.517
14 30 0 74.6029 79.4077
14 31 0 17.7057 13.0131
14 32 0 82.1575 89.3928
14 33 0 66.406 10.791
14 34 0 40.7716 66.0893
14 35 0 42.0692 13.7641
14 36 0 57.3763 60.6653
14 37 0 73.1624 91.5706
14 38 0 7.06663 8.86708
14 39 0 35.2383 99.0628
14 40 0 36.8479 88.6264
14 41 0 22.6044 2.01493
14 42 0 18.5685 19.6758
14 43 0 68.8906 32.8053
14 44 0 60.4714 52.8735
14 45 0 38.2078 84.2792
14 46 0 96.5846 6.3509
14 47 0 11.3224 75.4886
14 48 0 58.7084 29.0707
14 49 0 5.54024 28.9875
14 50 0 65.0325 7.29529
14 51 0 61.3676 44.8094
14 52 0 85.437 32.8785
14 53 0 12.9834 4.49204
14 54 0 70.5829 24.4737
14 55 0 13.2079 34.0846
14 56 0 91.6993 58.7456
14 57 0 55.7444 94.6406
14 58 0 10.6488 62.3467
14 59 0 77.203 6.62052
14 60 0 26.6745 12.6277
15 1 0 2.00721 21.2891
15 2 0 12.989 95.8175
15 3 0 8.15781 20.1186
15 4 0 36.379 11.4808
15 5 0 11.7599 64.8634
15 6 0 99.1896 44.6824
15 7 0 50.6654 34.2035
15 8 0 80.533 43.2533
15 9 0 84.8996 61.4166
15 10 1 44.0407 33.4268
15 11 0 48.5092 98.7122
15 12 0 97.5565 37.5926
15 13 0 13.3666 33.4559
15 14 0 1.79093 81.691
15 16 1 10.3199 59.2341
15 17 0 77.6827 58.81
15 18 0 79.9065 43.1124
15 19 0 72.0046 56.5601
15 20 0 14.8591 89.6968
15 21 0 52.1106 18.1618
15 22 0 52.6096 62.9071
15 23 0 55.5275 88.8524
15 24 0 30.4813 35.7247
15 25 0 83.7352 8.27153
15 26 0 44.3664 4.37418
15 27 0 77.4766 36.9358
15 28 0 52.7651 31.7691
15 29 0 50.8638 21.1057
15 30 0 79.3235 57.7583
15 31 0 23.7856 26.3899
15 32 0 48.1506 93.2614
15 33 0 50.0542 71.1177
15 34 0 89.3134 80.2602
15 35 0 31.6908 27.754
15 36 0 96.3779 58.2621
15 37 0 65.7034 12.9326
15 38 0 65.851 16.7735
15 39 0 81.1093 25.8269
15 40 0 90.0011 17.1836
15 41 0 20.3648 40.0336
15 42 0 49.708 63.808
15 43 0 37.4236 73.2506
15 44 0 59.819 62.6065
15 45 0 11.95 89.7997
15 46 0 81.255 23.6111
15 47 0 10.0002 79.9336
15 48 0 53.6959 10.0861
15 49 0 68.3685 47.6581
15 50 0 4.76293 63.0311
15 51 0 81.1788 3.06068
15 52 0 50.5701 45.3499
15 53 0 77.6891 42.8214
15 54 0 99.261 34.6538
15 55 0 61.061 74.0963
15 56 0 29.9074 63.9378
15 57 0 69.6204 44.2808
15 58 0 90.9209 71.0811
15 59 0 8.36143 37.7884
15 60 0 0.158257 17.8491
16 1 0 23.2922 32.4637
16 2 0 48.0536 36.1983
16 3 0 24.1046 0.355509
16 4 0 30.7821 28.1235
16 5 0 73.4963 45.1736
16 6 0 64.6556 85.4719
16 7 0 71.5126 76.2505
16 8 0 51.8511 12.1858
16 9 0 36.6897 91.4813
16 10 0 25.9315 11.0929
16 11 0 89.2057 91.611
16 12 0 31.5316 6.6594
16 13 0 71.4802 44.014
16 14 0 61.6692 14.4605
16 15 1 12.398 39.5216
16 17 1 67.4489 5.39547
16 18 0 51.7207 43.5458
16 19 0 75.0167 59.5823
16 20 0 43.6504 1.96071
16 21 0 24.0855 12.7545
16 22 0 98.6922 32.9704
16 23 0 32.9929 31.0668
16 24 0 97.5237 11.9244
16 25 0 87.3036 24.4818
16 26 0 45.8308 70.2412
16 27 0 73.4931 26.677
16 28 0 71.6089 65.2832
16 29 0 81.3327 76.973
16 30 0 66.515 25.8756
16 31 0 56.0187 42.9941
16 32 0 67.945 14.0746
16 33 0 77.9739 32.6348
16 34 0 39.17 93.3346
16 35 0 39.7314 65.7335
16 36 0 95.6177 58.4353
16 37 0 68.4822 4.19703
16 38 0 58.2779 53.5797
16 39 0 51.6381 6.5486
16 40 0 5.86298 83.3422
16 41 0 69.6682 23.7495
16 42 0 26.5921 2.16566
16 43 0 42.2855 86.0197
16 44 0 30.7382 37.0218
16 45 0 19.7163 39.639
16 46 0 51.0873 34.1942
16 47 0 94.1389 88.4009
16 48 0 60.5976 40.8562
16 49 0 58.6395 67.7092
16 50 0 19.9199 36.0272
16 51 0 55.3954 62.2089
16 52 0 6.61381 51.0255
16 53 0 54.8364 97.7402
16 54 0 34.1137 79.8872
16 55 0 10.9304 44.237
16 56 0 53.5027 31.9351
16 57 0 13.1373 7.08553
16 58 0 67.2015 16.503
16 59 0 64.1649 78.3859
16 60 0 30.8658 60.0919
17 1 0 36.6606 90.6676
17 2 0 5.30983 54.3009
17 3 0 92.1542 13.5608
17 4 0 60.6447 88.0638
17 5 0 72.2311 86.5019
17 6 0 43.7036 33.2101
17 7 0 13.9845 5.80152
17 8 0 50.6229 72.0363
17 9 0 29.6956 75.0447
17 10 0 51.7253 9.21945
17 11 0 1.49777 6.15973
17 12 0 35.4275 11.2627
17 13 0 46.9497 39.805
17 14 0 55.572 44.7675
17 15 0 61.8701 65.2053
17 16 0 84.3781 1.97592
17 18 1 26.6315 37.3992
17 19 0 17.5828 88.7601
17 20 0 19.6142 60.9705
17 21 0 94.7423 97.7409
17 22 0 94.3281 88.8832
17 23 0 7.54025 20.0377
17 24 0 49.0875 84.5072
17 25 0 22.8822 31.8008
17 26 0 17.1588 76.564
17 27 0 12.8601 59.6151
17 28 0 15.5591 74.2072
17 29 0 26.928 91.6082
17 30 0 77.409 30.4971
17 31 0 76.813 75.3876
17 32 0 45.6949 24.4798
17 33 0 93.8147 78.1883
17 34 0 29.0383 15.0769
17 35 0 73.0041 95.7375
17 36 0 43.0788 57.0452
17 37 0 24.8834 9.03029
17 38 0 33.5998 50.8373
17 39 0 98.0351 51.0316
17 40 0 6.85201 56.8976
17 41 0 47.3836 2.14791
17 42 0 76.4999 46.1476
17 43 0 93.7789 69.3014
17 44 0 79.3895 98.2771
17 45 0 14.1213 99.9393
17 46 0 78.8119 46.2756
17 47 0 89.0055 2.00184
17 48 0 91.8901 73.2434
17 49 0 61.4437 13.2862
17 50 0 95.4589 85.4189
17 51 0 68.4054 11.9428
17 52 0 18.6357 2.88422
17 53 0 11.717 60.7774
17 54 0 76.4361 31.5174
17 55 0 99.415 23.218
17 56 0 25.2556 34.294
17 57 1 91.5122 45.2495
17 58 1 4.70604 23.6545
17 59 0 84.0103 8.91481
17 60 0 33.9726 99.9022
18 1 0 19.0471 54.3359
18 2 0 38.9842 64.8894
18 3 0 46.4247 49.0061
18 4 0 41.7016 26.6939
18 5 0 10.5422 51.2327
18 6 0 21.2282 77.991
18 7 0 91.7026 29.109
18 8 0 45.5942 60.4587
18 9 0 74.0825 10.7304
18 10 0 47.4213 78.9986
18 11 0 63.4497 79.2221
18 12 0 9.45152 63.717
18 13 0 95.5703 99.8723
18 14 0 38.564 52.1014
18 15 0 45.4379 75.8115
18 16 0 92.5934 64.6255
18 17 0 5.80666 30.3899
18 19 1 26.6917 39.4353
18 20 0 30.7459 68.071
18 21 0 99.271 92.1574
18 22 0 98.6988 1.02698
18 23 0 61.7687 29.1076
18 24 0 94.4867 91.9777
18 25 0 28.2473 61.2378
18 26 0 57.801 69.386
18 27 0 88.2546 45.0019
18 28 0 37.6215 46.5495
18 29 0 51.7746 69.2874
18 30 0 79.8374 69.6537
18 31 0 83.1759 91.2352
18 32 0 47.6308 28.0891
18 33 0 44.6947 86.1888
18 34 0 75.0172 78.9896
18 35 0 81.579 91.1484
18 36 0 21.8113 48.3566
18 37 0 49.212 53.9469
18 38 0 82.4614 68.3763
18 39 0 27.5706 95.7554
18 40 0 74.0797 35.0688
18 41 0 16.7219 75.0771
18 42 0 98.4186 54.3732
18 43 0 47.0931 58.5916
18 44 0 3.28576 93.995
18 45 0 31.4375 43.5767
18 46 0 30.7069 37.1924
18 47 0 87.3001 93.4682
18 48 0 96.168 89.5133
18 49 0 74.7538 80.3783
18 50 0 5.64371 99.9339
18 51 0 76.302 62.3357
18 52 0 68.5564 92.7155
18 53 0 44.8384 94.654
18 54 0 29.105 51.1178
18 55 0 52.8509 75.448
18 56 0 24.2351 20.5875
18 57 0 83.3533 17.4994
18 58 0 23.7373 26.5434
18 59 0 35.9379 29.4785
18 60 0 7.74813 5.91587
19 1 0 70.6767 22.1418
19 2 0 36.1051 57.584
19 3 0 8.28217 61.2573
19 4 0 98.4841 45.4335
19 5 0 43.8341 13.7557
19 6 0 37.6245 41.416
19 7 0 76.2375 36.8241
19 8 0 80.5009 3.20073
19 9 0 19.1838 64.9768
19 10 0 78.5151 50.7165
19 11 0 44.836 28.1816
19 12 0 71.5126 41.439
19 13 0 22.6433 15.2698
19 14 0 52.4548 13.2335
19 15 0 63.3329 8.95162
19 16 0 83.9328 14.9671
19 17 1 7.57735 49.8753
19 18 0 17.9782 50.6253
19 20 1 80.9976 46.869
19 21 0 91.7844 86.078
19 22 0 13.3772 45.7131
19 23 0 15.7841 70.9941
19 24 0 20.4478 89.186
19 25 0 57.9813 49.4084
19 26 0 53.1115 26.6698
19 27 0 27.2703 93.5885
19 28 0 52.2167 1.27923
19 29 0 41.7334 23.7345
19 30 0 3.91477 64.8645
19 31 0 67.1911 46.9634
19 32 0 79.2311 49.3692
19 33 0 53.5713 53.9174
19 34 0 66.9039 13.7777
19 35 0 27.2562 68.8208
19 36 0 12.7104 73.7318
19 37 0 68.3896 86.4426
19 38 0 95.8295 97.1947
19 39 0 72.6509 27.6876
19 40 0 44.0035 48.7708
19 41 0 20.0003 90.4384
19 42 0 50.8477 11.0876
19 43 0 23.46 89.8771
19 44 0 28.9836 49.4123
19 45 0 55.6651 50.5771
19 46 0 38.2874 39.2318
19 47 0 12.2686 69.6909
19 48 1 58.5904 10.8672
19 49 0 97.9557 73.2523
19 50 0 60.0566 44.6556
19 51 0 93.3644 51.6436
19 52 0 72.1645 70.0373
19 53 0 1.4261 52.5244
19 54 0 69.8563 77.9594
19 55 0 45.1972 48.0898
19 56 0 68.5329 14.2185
19 57 0 72.324 3.33854
19 58 0 88.6424 41.1642
19 59 0 45.1345 13.5842
19 60 0 93.4758 56.71
20 1 0 26.7977 76.8718
20 2 0 5.65869 68.7792
20 3 1 10.997 63.5174
20 4 0 27.2202 26.7302
20 5 0 43.358 56.0689
20 6 0 92.0575 98.7745
20 7 0 75.7805 88.3653
20 8 0 97.6287 51.4675
20 9 0 81.9473 36.7328
20 10 0 89.4117 39.7478
20 11 0 3.3509 16.9603
20 12 0 18.5222 68.5544
20 13 0 23.636 49.3213
20 14 0 65.2302 72.14
20 15 0 31.2066 30.4097
20 16 0 24.535 60.547
20 17 0 53.4735 84.8567
20 18 0 59.285 26.762
20 19 0 89.9674 33.1758
20 21 1 47.4248 10.9639
20 22 0 20.264 77.6302
20 23 0 32.6261 9.17483
20 24 0 7.18468 53.7066
20 25 0 42.0373 85.4211
20 26 0 34.6364 21.7237
20 27 0 65.5035 45.1341
20 28 0 28.8414 96.1194
20 29 0 37.0149 99.9481
20 30 0 84.0543 72.8569
20 31 0 17.6336 91.8382
20 32 0 83.9325 90.4955
20 33 0 91.1609 6.0504
20 34 0 33.5022 25.5192
20 35 0 13.4348 10.7581
20 36 0 5.58531 30.4331
20 37 0 78.3474 23.9851
20 38 0 95.7362 48.3802
20 39 0 50.2054 64.5143
20 40 0 47.6507 21.7667
20 41 0 33.8109 56.4453
20 42 0 17.1057 32.6179
20 43 0 42.0313 70.2285
20 44 0 89.6105 1.37572
20 45 0 12.0862 58.4666
20 46 0 2.55587 77.031
20 47 0 12.3431 89.5697
20 48 0 84.5347 2.45831
20 49 0 65.8935 88.1442
20 50 0 32.3278 98.2634
20 51 0 25.2642 84.1115
20 52 0 56.4904 66.4115
20 53 0 75.9215 18.7639
20 54 0 70.7715 14.0404
20 55 0 49.8657 67.1763
20 56 0 19.9991 83.1472
20 57 0 59.5534 45.0041
20 58 0 88.2862 75.9387
20 59 0 95.1856 32.2246
20 60 0 97.251 59.9457
21 1 0 56.7334 17.4167
21 2 0 22.078 94.6343
21 3 0 9.56091 2.47421
21 4 0 2.51481 13.1908
21 5 0 74.8856 31.4484
21 6 0 67.7874 46.4527
21 7 0 53.5552 1.93465
21 8 0 90.1574 83.3269
21 9 0 85.5471 59.4515
21 10 1 66.3565 30.3347
21 11 0 37.4204 77.8774
21 12 0 78.7702 15.5856
21 13 0 54.6021 75.1903
21 14 0 24.8251 61.0963
21 15 0 96.8663 36.0711
21 16 0 89.6761 57.3296
21 17 0 35.221 40.1519
21 18 0 51.5275 38.0434
21 19 0 97.0917 56.734
21 20 0 86.7615 0.889911
21 22 1 73.0937 28.7103
21 23 0 3.13187 47.6861
21 24 0 8.19031 63.153
21 25 0 98.9403 12.3469
21 26 0 15.169 44.736
21 27 0 95.6273 26.0391
21 28 0 75.5844 23.6416
21 29 0 65.2077 85.4205
21 30 0 99.8945 79.6249
21 31 0 94.7667 7.21888
21 32 0 92.8874 98.26
21 33 0 30.1313 96.8254
21 34 0 27.1481 0.237004
21 35 0 26.9484 86.5599
21 36 0 74.4048 62.3192
21 37 0 55.0191 51.3854
21 38 0 83.0054 89.0794
21 39 0 20.3564 97.364
21 40 0 19.288 77.6869
21 41 0 6.6179 99.414
21 42 0 71.4997 80.5808
21 43 0 46.2474 99.0652
21 44 0 18.6158 67.1274
21 45 0 15.391 53.279
21 46 0 44.1121 56.5169
21 47 0 84.8392 34.1635
21 48 0 45.7372 22.6766
21 49 0 80.9384 82.5764
21 50 0 23.043 71.0797
21 51 0 71.915 7.13918
21 52 0 93.5828 89.4614
21 53 0 67.5236 46.6699
21 54 0 70.3012 98.3606
21 55 0 84.1129 79.4046
21 56 0 76.8374 10.1315
21 57 0 58.03 6.79469
21 58 0 0.707852 91.9172
21 59 0 76.9503 22.3182
21 60 0 2.82295 74.1631
22 1 0 19.8721 62.5645
22 2 0 27.0615 19.2602
22 3 0 21.5264 55.1634
22 4 0 52.4744 99.6977
22 5 0 80.0806 57.8998
22 6 0 71.5596 18.4918
22 7 0 87.9675 35.9017
22 8 0 47.4697 33.7776
22 9 0 80.2951 92.2993
22 10 0 69.5704 87.69
22 11 0 70.4711 52.7664
22 12 0 20.6932 28.9669
22 13 0 3.65733 78.9446
22 14 0 6.091 22.6464
22 15 0 94.4504 6.24789
22 16 0 32.9724 16.798
22 17 0 2.82781 39.5096
22 18 0 8.07119 11.4642
22 19 0 22.9716 17.7266
22 20 0 2.29123 27.0513
22 21 0 37.842 46.7771
22 23 1 58.402 50.3646
22 24 0 45.3037 72.5173
22 25 0 24.4762 8.21364
22 26 0 78.6671 30.1772
22 27 0 0.727119 98.943
22 28 0 26.4619 32.9116
22 29 0 37.0562 9.73526
22 30 0 22.7988 15.2925
22 31 0 9.87835 46.1117
22 32 0 31.2178 77.5865
22 33 0 68.7853 20.674
22 34 0 91.3551 59.4466
22 35 0 41.798 48.065
22 36 0 76.0752 21.7778
22 37 0 90.4866 1.67571
22 38 0 7.03548 67.3338
22 39 0 10.1076 53.5372
22 40 0 88.5467 18.5776
22 41 0 23.3178 21.5541
22 42 0 21.6927 64.0226
22 43 0 5.00354 46.5913
22 44 0 27.7425 80.8447
22 45 0 5.06911 34.591
22 46 0 32.2313 38.6095
22 47 0 72.0794 51.9138
22 48 0 8.65364 97.1173
22 49 0 2.93779 57.1468
22 50 0 38.401 45.2871
22 51 0 62.5826 67.2041
22 52 0 10.7662 20.5912
22 53 0 75.4844 38.3114
22 54 0 34.136 78.3467
22 55 0 83.2778 0.0814651
22 56 0 70.4173 28.5251
22 57 0 7.34717 93.5418
22 58 0 86.3403 20.5285
22 59 0 32.476 87.8925
22 60 0 74.0949 22.8638
23 1 0 49.4488 71.1841
23 2 0 45.2728 74.9861
23 3 0 97.4659 49.9055
23 4 0 47.149 27.9743
23 5 0 19.9047 59.5437
23 6 0 34.4518 63.6954
23 7 0 96.4611 98.9509
23 8 0 67.7023 47.3293
23 9 0 99.3031 51.0213
23 10 0 25.8044 73.0914
23 11 0 12.0721 59.1867
23 12 0 77.8237 64.3491
23 13 0 83.1364 52.1639
23 14 0 12.6433 66.66
23 15 0 30.7658 20.3836
23 16 0 4.66516 17.8762
23 17 0 96.2446 90.53
23 18 0 76.0615 45.7429
23 19 0 71.6252 14.8522
23 20 0 95.2263 59.1766
23 21 0 1.27884 97.8136
23 22 0 21.947 18.7846
23 24 1 25.456 57.5773
23 25 0 25.2659 36.6903
23 26 0 12.1398 69.1842
23 27 0 44.7594 28.9974
23 28 0 38.0452 97.2114
23 29 0 63.859 54.2591
23 30 0 78.5017 76.7651
23 31 0 43.7087 35.4123
23 32 0 8.76029 17.8414
23 33 0 67.5944 36.0528
23 34 0 66.168 35.7582
23 35 0 11.8026 45.1356
23 36 0 73.0692 79.3506
23 37 0 36.3253 48.6804
23 38 0 57.7186 12.5702
23 39 0 45.0585 45.2988
23 40 0 73.6108 28.9155
23 41 0 25.063 23.8137
23 42 0 34.0735 0.32302
23 43 0 41.5384 70.9465
23 44 0 12.9854 59.8217
23 45 0 69.1548 83.8015
23 46 0 62.5907 58.8847
23 47 0 53.991 73.7501
23 48 0 45.6106 54.9948
23 49 0 7.88774 17.0603
23 50 0 45.8209 88.6086
23 51 0 45.5176 38.9766
23 52 0 38.6665 9.71909
23 53 0 77.1199 22.1193
23 54 0 93.4053 83.5711
23 55 0 83.8406 35.2388
23 56 0 4.15715 93.3616
23 57 0 46.8615 32.4756
23 58 0 68.4373 65.9203
23 59 0 66.0783 88.5451
23 60 0 74.2662 51.1543
24 1 0 69.2332 7.48429
24 2 0 94.7416 61.7358
24 3 0 62.0404 26.2828
24 4 0 5.30464 15.2427
24 5 0 46.6631 77.1769
24 6 0 67.3097 31.7925
24 7 0 91.2993 75.5514
24 8 0 62.5375 97.593
24 9 0 21.7324 36.5513
24 10 0 13.831 2.69817
24 11 0 86.1721 79.0511
24 12 0 58.96 83.6287
24 13 0 90.677 31.963
24 14 0 33.3172 45.6343
24 15 0 31.1493 11.8047
24 16 0 83.944 66.2948
24 17 0 67.5639 92.3876
24 18 0 63.8801 48.0857
24 19 0 61.8332 48.2999
24 20 0 22.9672 67.8387
24 21 0 75.1439 72.7413
24 22 0 54.6536 97.5795
24 23 0 56.3066 12.667
24 25 1 13.5264 94.465
24 26 0 90.6107 83.6239
24 27 0 66.3343 2.0681
24 28 0 31.7396 73.2432
24 29 0 1.87752 70.4039
24 30 0 13.6238 11.3421
24 31 0 79.9178 78.0075
24 32 0 26.2041 74.9993
24 33 0 1.95937 40.1643
24 34 0 90.34 50.8161
24 35 0 78.2619 74.8461
24 36 0 21.4754 89.0598
24 37 0 30.4629 57.7899
24 38 0 55.4638 57.821
24 39 0 92.7136 71.3315
24 40 0 77.6106 41.3905
24 41 0 45.1712 1.93177
24 42 0 35.4176 68.3311
24 43 0 33.4736 44.0335
24 44 0 30.6355 65.9177
24 45 0 27.7628 13.7642
24 46 0 37.2293 10.1928
24 47 0 67.1216 50.8818
24 48 0 47.1488 4.42602
24 49 0 94.3127 90.3628
24 50 0 57.2335 57.8135
24 51 0 37.4231 68.6773
24 52 0 83.6463 97.3288
24 53 0 79.9864 78.819
24 54 0 67.833 97.6559
24 55 0 43.1991 95.7419
24 56 0 26.7737 44.0057
24 57 0 25.7978 35.3006
24 58 0 73.0786 11.0218
24 59 0 66.7721 23.5119
24 60 0 84.5874 16.7092
25 1 0 94.8419 4.28697
25 2 0 71.4661 34.9481
25 3 0 39.1776 66.9967
25 4 0 26.04 43.0413
25 5 0 32.5597 20.0113
25 6 0 12.4607 32.4648
25 7 0 78.677 58.6402
25 8 0 61.89 88.6739
25 9 0 87.6392 72.6952
25 10 0 98.0882 88.1512
25 11 0 86.3167 75.0408
25 12 0 35.1934 69.9107
25 13 0 59.6302 59.2741
25 14 0 25.5439 86.2185
25 15 0 1.15911 79.2972
25 16 0 12.3697 34.7685
25 17 0 76.9638 61.264
25 18 0 58.5868 42.5306
25 19 0 30.8776 33.7449
25 20 0 27.2699 97.1432
25 21 0 31.7152 54.2203
25 22 0 81.1017 17.8916
25 23 0 30.5662 9.10305
25 24 0 75.7569 38.0224
25 26 1 68.7849 12.598
25 27 0 75.5197 4.44598
25 28 0 64.3104 94.9284
25 29 0 46.7476 81.3891
25 30 0 64.9019 4.03215
25 31 0 59.1333 67.4201
25 32 0 87.242 63.7909
25 33 0 75.6901 52.8594
25 34 0 37.1845 65.1892
25 35 0 24.2559 69.4636
25 36 0 52.0584 99.6938
25 37 0 68.8207 92.5721
25 38 0 6.92195 62.5673
25 39 0 70.3683 14.0047
25 40 0 44.8604 61.7878
25 41 0 54.1288 59.3636
25 42 0 9.25129 54.1904
25 43 0 68.616 58.6295
25 44 0 44.7216 20.4682
25 45 0 95.6058 50.7822
25 46 0 95.9169 74.7435
25 47 0 31.2628 10.2094
25 48 0 10.2834 13.3667
25 49 0 47.4711 15.4005
25 50 0 47.3417 77.9627
25 51 0 43.7226 59.9155
25 52 0 59.67 36.3968
25 53 0 68.0747 89.4008
25 54 0 99.7544 89.2164
25 55 0 8.05472 22.0577
25 56 0 13.6729 53.3414
25 57 0 45.0361 8.43881
25 58 0 72.8346 64.6579
25 59 0 30.6744 25.6807
25 60 0 6.40592 76.4064
26 1 0 50.9373 28.5647
26 2 0 73.0794 2.17669
26 3 0 87.914 29.2327
26 4 0 15.4881 78.6084
26 5 0 3.41576 20.8359
26 6 0 9.4446 32.8197
26 7 0 92.2558 34.1996
26 8 0 86.3842 42.1651
26 9 0 97.4256 23.2424
26 10 0 30.9544 88.0675
26 11 0 70.3464 23.9952
26 12 0 29.6065 72.132
26 13 0 42.543 53.1095
26 14 0 1.34194 1.49659
26 15 0 36.559 71.8655
26 16 0 52.568 77.6375
26 17 0 30.7852 47.9073
26 18 0 83.1588 65.6955
26 19 0 4.98375 89.925
26 20 0 91.0911 23.1538
26 21 0 88.4337 46.3184
26 22 0 47.6247 6.81662
26 23 0 45.0408 82.5664
26 24 0 8.66234 96.107
26 25 0 12.6513 29.8028
26 27 1 15.8769 15.1527
26 28 0 92.0171 19.1128
26 29 0 44.9716 65.8441
26 30 0 40.0409 7.93982
26 31 0 59.7311 48.5445
26 32 0 54.0497 63.2598
26 33 0 46.184 93.6304
26 34 0 53.8 15.6914
26 35 0 53.4166 85.8133
26 36 0 77.34 77.8319
26 37 0 32.6978 89.7045
26 38 0 80.7814 44.6212
26 39 0 33.3555 17.6027
26 40 0 51.9276 16.8587
26 41 0 75.8681 32.2498
26 42 0 92.3694 69.4601
26 43 0 43.2709 92.5561
26 44 1 50.735 5.22502
26 45 0 36.7249 70.2796
26 46 0 23.5542 68.3826
26 47 0 10.0954 67.8861
26 48 0 68.1792 88.5612
26 49 0 13.5617 36.5603
26 50 0 49.5176 39.2171
26 51 0 54.0751 5.26426
26 52 0 53.3107 98.8123
26 53 0 24.481 54.2878
26 54 0 79.6007 50.5791
26 55 0 46.5477 48.5401
26 56 0 72.9325 14.0646
26 57 0 7.31526 95.7364
26 58 0 67.0286 20.5875
26 59 0 62.0064 42.0996
26 60 0 58.1099 21.6395
27 1 0 20.6044 19.8324
27 2 0 68.7111 75.4896
27 3 0 79.6617 17.9054
27 4 0 19.926 22.5051
27 5 0 61.9449 48.2548
27 6 0 74.2244 99.7071
27 7 0 6.35428 35.6798
27 8 0 96.3277 76.8539
27 9 1 33.7883 16.2575
27 10 0 26.4257 39.6249
27 11 0 45.6126 83.9985
27 12 0 95.5201 87.7206
27 13 0 89.2928 69.7612
27 14 0 37.9279 38.0727
27 15 0 16.1217 44.8961
27 16 0 80.6237 69.0922
27 17 0 64.11 81.2151
27 18 0 42.5668 84.3438
27 19 0 46.9467 69.1881
27 20 0 89.4166 70.8357
27 21 0 40.2796 2.08303
27 22 0 79.612 12.9882
27 23 0 68.0867 76.6448
27 24 0 7.46499 86.1147
27 25 0 93.0142 43.5365
27 26 0 90.4711 23.1556
27 28 1 40.9644 32.8055
27 29 0 72.2757 42.6113
27 30 0 10.5428 39.5381
27 31 0 49.7746 81.3574
27 32 0 38.11 73.0411
27 33 0 37.8807 72.669
27 34 0 86.3209 47.9748
27 35 0 5.79232 16.2797
27 36 0 34.9583 29.0858
27 37 0 92.1628 13.8051
27 38 0 86.9781 97.8659
27 39 0 1.48183 12.6578
27 40 0 2.92875 38.5655
27 41 0 88.6973 81.4428
27 42 0 40.8038 9.13595
27 43 0 53.5658 61.0111
27 44 0 52.6619 86.746
27 45 0 33.6343 61.3875
27 46 0 44.4653 97.9178
27 47 0 11.3276 70.501
27 48 0 61.516 9.53717
27 49 0 97.466 10.7799
27 50 0 51.4989 95.0147
27 51 0 64.8784 68.4608
27 52 0 32.586 47.4963
27 53 0 11.5659 36.0812
27 54 0 76.2379 40.399
27 55 0 36.1927 51.0796
27 56 0 98.8818 14.7141
27 57 0 26.0784 10.8259
27 58 0 28.3996 11.7219
27 59 0 41.5946 20.3915
27 60 0 30.9191 53.4668
28 1 0 88.3283 70.3585
28 2 0 3.41113 88.7127
28 3 0 5.17635 44.8552
28 4 0 18.9496 73.1702
28 5 0 97.0665 13.2942
28 6 0 59.3506 36.6407
28 7 0 90.1685 36.1459
28 8 0 98.5018 35.9708
28 9 0 54.0512 61.7602
28 10 0 57.2955 98.7363
28 11 0 39.121 60.5455
28 12 0 95.5436 94.4652
28 13 0 82.6346 9.45236
28 14 0 42.9009 20.443
28 15 0 32.996 86.3142
28 16 0 70.547 4.89074
28 17 0 20.5024 63.0413
28 18 0 35.4765 83.2454
28 19 0 20.4831 95.3616
28 20 0 38.7313 99.7997
28 21 0 64.8247 76.7306
28 22 0 96.2974 21.2404
28 23 0 8.65408 66.9986
28 24 0 84.2201 65.8652
28 25 0 49.0437 15.5253
28 26 0 0.112234 70.1336
28 27 0 34.8904 53.0408
28 29 1 19.9063 3.77191
28 30 0 73.7778 35.8223
28 31 0 80.3987 90.1783
28 32 0 60.3372 56.2511
28 33 0 29.9296 31.108
28 34 0 64.1875 81.2304
28 35 0 0.683713 35.5491
28 36 0 76.4304 82.632
28 37 0 57.2333 62.3172
28 38 0 3.47447 10.8943
28 39 0 86.1626 33.139
28 40 0 49.8536 86.6526
28 41 0 76.5381 46.221
28 42 0 65.8091 12.839
28 43 0 88.0279 78.4119
28 44 0 7.06294 56.3924
28 45 0 83.2795 37.0518
28 46 0 79.3346 87.6145
28 47 0 86.9027 95.8313
28 48 0 51.2035 64.8499
28 49 0 0.243726 64.6851
28 50 0 2.31843 41.2071
28 51 0 1.85526 70.2077
28 52 0 81.289 68.1977
28 53 0 76.4475 33.5264
28 54 1 90.6066 9.803
28 55 0 1.48676 37.9907
28 56 0 24.1042 4.63705
28 57 0 88.9284 26.2916
28 58 0 52.4021 46.7334
28 59 0 17.6475 64.6792
28 60 0 39.2675 67.6069
29 1 0 83.4415 13.2165
29 2 0 19.0881 62.8182
29 3 0 95.3726 18.2638
29 4 0 91.1575 15.9922
29 5 0 5.83982 62.2789
29 6 0 68.5043 57.6211
29 7 0 24.835 95.4165
29 8 1 65.5923 21.7017
29 9 0 8.6275 56.9772
29 10 0 88.0036 89.2891
29 11 0 10.0325 27.2578
29 12 0 83.2604 92.4932
29 13 0 41.2215 6.93156
29 14 1 76.9874 42.4703
29 15 0 13.2654 69.2014
29 16 0 90.281 67.4489
29 17 0 72.1371 59.1761
29 18 0 27.7079 97.6737
29 19 0 6.28835 32.5592
29 20 0 4.13352 30.1286
29 21 0 43.6428 29.9611
29 22 0 5.6566 7.6535
29 23 0 42.0525 15.269
29 24 0 76.4679 72.2029
29 25 0 70.4324 84.3143
29 26 0 88.7094 37.3688
29 27 0 73.3402 65.6171
29 28 0 28.4936 13.5516
29 30 1 57.1948 46.3907
29 31 0 53.3866 32.9278
29 32 0 63.0166 96.7875
29 33 0 1.81497 81.8598
29 34 0 22.8396 33.466
29 35 0 90.7956 52.7364
29 36 0 16.2994 98.6428
29 37 0 70.3598 46.9921
29 38 0 16.6434 96.2716
29 39 0 55.8618 40.1113
29 40 0 35.1699 70.2186
29 41 0 65.2528 36.8468
29 42 0 0.128808 62.4552
29 43 0 64.8817 99.253
29 44 0 60.1448 15.9314
29 45 0 73.8986 22.2197
29 46 0 97.8557 17.2976
29 47 0 6.79854 33.0321
29 48 0 55.5448 4.92665
29 49 0 90.0606 63.247
29 50 0 26.0188 84.8433
29 51 0 91.2093 58.9733
29 52 0 59.4726 89.9415
29 53 0 36.4599 2.63434
29 54 0 49.0189 91.1762
29 55 0 76.8424 59.3928
29 56 0 64.605 20.8333
29 57 0 66.9624 18.1709
29 58 0 4.99737 76.3008
29 59 0 96.7985 22.3393
29 60 0 55.3172 70.8798
30 1 0 83.3392 48.0346
30 2 0 48.9561 59.2779
30 3 0 9.70234 90.7254
30 4 0 8.71952 21.617
30 5 0 26.0239 2.57103
30 6 0 24.541 84.8826
30 7 0 67.4219 51.2162
30 8 0 39.0178 2.18456
30 9 0 37.344 78.6955
30 10 0 81.8415 85.4879
30 11 0 62.8961 34.5732
30 12 0 74.4653 17.4761
30 13 0 82.0565 11.3194
30 14 0 78.8789 70.8973
30 15 0 52.5251 56.662
30 16 0 15.9083 94.4282
30 17 0 32.5751 84.1116
30 18 0 27.3748 50.4257
30 19 1 19.8988 71.5351
30 20 0 9.43389 89.0634
30 21 0 4.1409 21.0499
30 22 0 71.4975 17.188
30 23 0 70.0561 9.29122
30 24 0 17.2805 53.4635
30 25 0 20.2671 82.6592
30 26 0 79.5859 67.5144
30 27 0 68.3608 83.3932
30 28 0 7.20632 84.2153
30 29 0 96.1099 36.4427
30 31 1 54.0689 89.9144
30 32 0 9.05354 91.2938
30 33 0 89.4343 55.5493
30 34 0 81.4973 39.6195
30 35 0 64.8937 63.1789
30 36 0 17.1546 18.9535
30 37 0 98.8987 74.9532
30 38 0 22.867 60.7029
30 39 0 39.5018 17.4512
30 40 0 16.5799 37.8471
30 41 0 14.18 77.6099
30 42 0 25.4093 44.4796
30 43 0 18.2888 45.6686
30 44 0 70.8378 27.7098
30 45 0 33.1885 75.3174
30 46 0 28.7332 6.60604
30 47 0 60.0063 95.5935
30 48 0 85.3205 16.7411
30 49 0 90.0647 14.333
30 50 0 29.5529 60.5581
30 51 0 15.133 16.6189
30 52 0 70.6855 69.8832
30 53 0 19.3044 40.2387
30 54 0 89.6428 94.5086
30 55 0 40.7521 46.1635
30 56 0 92.6736 18.7396
30 57 0 60.1348 61.0528
30 58 0 39.61 22.286
30 59 0 43.492 69.4744
30 60 0 25.1465 14.0738
31 1 0 11.941 26.1809
31 2 0 0.72233 56.467
31 3 0 53.7792 88.1666
31 4 0 7.98648 44.2376
31 5 0 28.7874 85.4182
31 6 0 21.054 68.4478
31 7 0 89.1291 6.24362
31 8 0 92.933 85.7392
31 9 0 36.9928 11.3509
31 10 0 58.2899 57.6182
31 11 0 16.5174 88.827
31 12 0 92.177 15.2997
31 13 0 74.072 33.0992
31 14 0 17.9964 87.9209
31 15 0 74.0812 14.1435
31 16 0 94.4369 10.5632
31 17 0 22.0811 14.0116
31 18 0 67.9445 87.8501
31 19 0 51.1328 54.8395
31 20 0 39.5681 21.5611
31 21 0 97.0882 12.7956
31 22 0 23.8453 51.1411
31 23 0 66.9965 15.1568
31 24 0 9.51373 45.1141
31 25 0 41.8478 41.8047
31 26 0 60.5563 25.557
31 27 0 38.454 98.381
31 28 0 24.6029 45.8698
31 29 0 79.953 65.2654
31 30 0 25.7423 89.9752
31 32 1 6.455 32.3706
31 33 0 45.7227 35.3278
31 34 0 87.4324 56.3999
31 35 0 24.5339 92.855
31 36 0 76.968 1.96475
31 37 0 67.2919 13.4078
31 38 0 70.1835 38.2023
31 39 0 40.0655 38.7076
31 40 0 36.9059 60.6594
31 41 0 27.8489 53.0327
31 42 0 4.9765 33.3158
31 43 0 40.2045 20.0096
31 44 0 35.9933 4.03077
31 45 0 39.3708 45.1335
31 46 0 57.6207 52.2434
31 47 0 55.7193 93.046
31 48 0 21.464 35.2923
31 49 0 89.2172 0.57487
31 50 0 74.2949 58.1407
31 51 0 5.48604 61.8454
31 52 0 17.8531 36.0143
31 53 0 1.38665 3.61869
31 54 0 36.5932 48.8123
31 55 0 30.9485 17.8137
31 56 0 61.6165 23.892
31 57 0 79.5226 19.9416
31 58 0 1.52942 73.4842
31 59 1 85.034 55.4124
31 60 0 70.9901 1.22592
32 1 0 94.8971 19.297
32 2 0 3.82977 41.4793
32 3 0 23.1449 15.9009
32 4 0 31.0189 8.01776
32 5 1 96.7553 51.4991
32 6 0 43.3906 61.5232
32 7 0 45.6821 0.253042
32 8 0 82.7852 19.9765
32 9 0 95.1022 45.3644
32 10 0 60.1772 88.9606
32 11 0 66.5829 91.3377
32 12 0 52.93 20.9201
32 13 0 97.2883 94.135
32 14 0 1.46843 58.6949
32 15 0 8.43731 24.9182
32 16 0 80.5309 54.4322
32 17 0 59.4638 38.3781
32 18 0 72.211 1.91801
32 19 0 64.6709 9.79914
32 20 0 81.9726 97.1947
32 21 0 32.5836 69.6051
32 22 0 49.6885 58.6442
32 23 0 94.8536 81.4303
32 24 0 31.7649 92.4589
32 25 0 18.6915 52.605
32 26 0 96.3518 30.0635
32 27 0 58.2056 12.4186
32 28 0 65.3044 10.5728
32 29 0 70.1123 57.0628
32 30 0 70.6815 62.6356
32 31 0 58.9526 55.3633
32 33 1 17.05 39.6167
32 34 0 98.04 10.8412
32 35 0 50.5629 54.8721
32 36 0 73.0678 68.0947
32 37 0 32.9131 75.019
32 38 0 61.4029 40.4088
32 39 0 66.748 52.24
32 40 0 50.1085 16.0997
32 41 0 36.2109 38.1305
32 42 0 66.0378 58.6821
32 43 0 27.2468 34.99
32 44 0 4.74313 52.8819
32 45 0 65.8445 69.4378
32 46 0 10.4816 14.0217
32 47 0 73.6804 70.6527
32 48 0 96.2332 31.6296
32 49 0 57.8249 23.6969
32 50 0 73.9917 99.0684
32 51 0 51.6356 97.7101
32 52 0 36.5854 1.10727
32 53 0 91.0579 7.8902
32 54 0 83.1138 59.1319
32 55 0 77.3736 81.576
32 56 0 33.8759 15.9969
32 57 0 91.5615 41.3215
32 58 0 28.503 67.9986
32 59 0 79.048 29.8991
32 60 0 47.4306 87.6276
33 1 0 47.9537 74.9659
33 2 0 27.8546 42.0383
33 3 0 63.496 5.32177
33 4 0 78.0271 86.5357
33 5 0 67.8487 59.1667
33 6 0 93.4782 21.4696
33 7 0 37.7911 31.9615
33 8 0 52.1012 89.3019
33 9 0 29.421 74.038
33 10 0 54.345 57.2165
33 11 0 71.2905 36.0063
33 12 0 15.7835 47.577
33 13 0 1.86045 5.62313
33 14 0 11.4876 56.632
33 15 0 88.5257 48.4313
33 16 0 66.0121 97.7909
33 17 0 65.7095 9.95954
33 18 0 24.9277 96.9551
33 19 0 47.8479 38.034
33 20 0 51.8827 90.7587
33 21 0 45.6591 59.0597
33 22 0 65.4449 75.5163
33 23 0 81.2682 14.075
33 24 0 49.4953 98.6679
33 25 0 43.4104 93.2187
33 26 0 97.9928 9.16719
33 27 0 68.5569 60.0001
33 28 0 59.1197 77.0221
33 29 0 65.6486 76.3592
33 30 0 15.6852 21.4563
33 31 0 22.3737 58.6727
33 32 0 25.2897 72.9027
33 34 1 78.9044 2.17993
33 35 0 76.5293 89.9185
33 36 0 74.4729 59.0258
33 37 0 56.2045 78.7611
33 38 0 62.37 90.5199
33 39 0 73.4829 23.2927
33 40 0 98.8611 96.2695
33 41 0 57.6019 76.3421
33 42 0 20.6117 15.823
33 43 0 78.858 67.5674
33 44 0 58.8471 43.0318
33 45 0 56.1621 38.2791
33 46 0 58.6519 26.6859
33 47 0 43.514 46.6335
33 48 0 8.19049 26.7195
33 49 0 71.8776 29.2832
33 50 0 54.3178 36.156
33 51 0 39.9176 85.5654
33 52 0 45.7337 14.0201
33 53 0 96.8933 69.5698
33 54 0 18.7931 12.036
33 55 0 16.7666 37.365
33 56 0 34.9463 98.2342
33 57 0 78.0287 60.0455
33 58 0 42.6726 32.8864
33 59 0 25.5277 11.9509
33 60 0 8.27655 95.7577
34 1 0 44.4233 88.3674
34 2 0 81.3604 42.158
34 3 0 95.4393 92.3894
34 4 0 40.2609 85.5479
34 5 0 68.6667 21.8975
34 6 0 20.5947 48.9551
34 7 1 55.6854 63.2956
34 8 0 36.477 77.6562
34 9 0 50.7994 90.3046
34 10 0 98.786 17.823
34 11 0 24.0885 49.4776
34 12 0 42.4471 30.4205
34 13 0 58.0034 66.7221
34 14 0 95.4677 69.3338
34 15 0 4.05428 52.7694
34 16 0 77.2591 25.9137
34 17 0 85.7296 42.7778
34 18 0 5.89461 51.1709
34 19 0 20.6039 81.1102
34 20 0 12.8037 25.1587
34 21 0 53.8172 19.6369
34 22 0 91.6053 36.8703
34 23 0 4.03158 99.3092
34 24 0 49.7066 89.3049
34 25 0 49.0396 53.637
34 26 0 20.9917 24.8248
34 27 0 18.9409 94.2126
34 28 0 99.1409 96.6156
34 29 0 32.3743 2.53581
34 30 0 33.0123 8.96194
34 31 0 12.3879 3.42315
34 32 0 61.1627 71.6354
34 33 0 62.5724 47.5326
34 35 1 72.6156 76.6393
34 36 0 23.0699 75.9656
34 37 0 15.518 85.5235
34 38 0 39.239 2.77826
34 39 0 40.2143 18.4174
34 40 0 77.0137 77.2157
34 41 0 90.3357 92.7391
34 42 0 62.1363 28.6013
34 43 0 98.0288 97.1482
34 44 0 1.32757 36.0903
34 45 0 34.2572 38.2005
34 46 0 2.89316 88.4708
34 47 0 58.834 69.3343
34 48 0 79.742 52.3974
34 49 0 96.9622 59.4464
34 50 0 85.1585 48.0057
34 51 0 8.80282 42.8009
34 52 0 91.7139 38.1365
34 53 0 50.8982 74.394
34 54 0 7.02876 37.0003
34 55 0 41.0483 37.6435
34 56 0 11.6785 88.2377
34 57 0 25.3762 39.755
34 58 0 63.4493 82.1624
34 59 0 69.9357 40.1659
34 60 0 52.9793 75.989
35 1 0 19.2397 95.7474
35 2 0 60.463 19.3085
35 3 0 76.9194 57.8651
35 4 0 60.8296 81.1701
35 5 0 45.0097 15.663
35 6 0 35.2218 25.3404
35 7 0 10.9006 48.2393
35 8 0 90.6324 21.1454
35 9 0 98.5137 28.6338
35 10 0 92.9881 98.9912
35 11 0 67.1691 44.5968
35 12 0 81.7822 62.0065
35 13 0 73.3685 98.1984
35 14 0 48.959 41.3711
35 15 0 7.88952 90.4795
35 16 0 61.7755 3.26507
35 17 0 97.0127 38.8679
35 18 0 11.4109 69.9231
35 19 0 62.835 62.6843
35 20 0 44.8717 54.9405
35 21 0 92.8355 1.11344
35 22 0 83.4499 85.5373
35 23 0 7.17362 66.3762
35 24 0 92.8856 69.0098
35 25 0 58.4486 5.03113
35 26 0 72.4206 13.1219
35 27 0 66.97 31.0973
35 28 0 41.7509 67.0638
35 29 0 60.2005 93.2621
35 30 0 28.1803 26.834
35 31 0 92.3819 49.9175
35 32 0 57.0909 63.192
35 33 0 26.9055 58.2097
35 34 0 58.4307 47.5742
35 36 1 81.4368 44.1622
35 37 0 46.2386 23.7474
35 38 0 93.2801 13.6433
35 39 0 8.30179 66.0648
35 40 0 31.4962 88.7038
35 41 0 22.2257 66.6694
35 42 0 53.5055 56.2496
35 43 0 89.7335 30.9167
35 44 0 63.8827 50.4069
35 45 0 41.3693 34.1999
35 46 0 25.2314 31.6558
35 47 0 69.8836 47.0511
35 48 0 58.5033 19.7254
35 49 0 33.6465 68.2851
35 50 0 61.2776 8.70941
35 51 0 64.9421 40.5271
35 52 0 81.2759 39.9003
35 53 0 32.9696 10.8372
35 54 0 22.8191 38.9419
35 55 0 92.9454 40.502
35 56 1 45.3754 33.6439
35 57 0 20.4347 88.3642
35 58 0 69.7355 87.6842
35 59 0 67.1632 89.8189
35 60 0 52.5748 86.0962
36 1 0 65.1913 44.2966
36 2 0 18.3189 85.4148
36 3 0 3.77526 73.8548
36 4 0 46.0594 11.6312
36 5 0 38.9632 17.6018
36 6 0 68.5167 43.5801
36 7 0 92.2005 10.5948
36 8 0 5.34533 33.6401
36 9 0 94.7139 23.6146
36 10 0 24.497 66.3478
36 11 0 53.8826 3.36283
36 12 0 33.8742 54.4455
36 13 0 19.977 79.0676
36 14 0 53.9355 79.1065
36 15 0 86.5961 81.6753
36 16 0 51.6 46.8299
36 17 0 13.1594 77.3516
36 18 0 66.1615 98.3549
36 19 0 99.0248 42.1973
36 20 0 25.6422 41.9362
36 21 0 56.2246 27.7966
36 22 0 5.7563 34.0092
36 23 1 86.712 32.2985
36 24 0 46.0557 62.823
36 25 0 56.2661 30.4374
36 26 0 12.3534 88.5818
36 27 0 68.4501 19.3416
36 28 0 84.1433 84.3163
36 29 0 85.3228 60.3645
36 30 0 53.4992 21.9041
36 31 0 80.2706 40.3622
36 32 0 72.5765 52.9258
36 33 0 99.9139 94.5824
36 34 0 96.9091 50.4509
36 35 0 75.9307 39.4113
36 37 1 35.855 24.364
36 38 0 86.4558 39.263
36 39 0 80.0308 62.135
36 40 0 91.1572 43.3176
36 41 0 9.7154 77.8057
36 42 0 6.07826 80.0304
36 43 0 8.69004 16.8359
36 44 0 23.8628 88.3942
36 45 0 89.8308 30.4595
36 46 0 23.495 21.5107
36 47 0 62.8758 32.0194
36 48 1 70.4928 66.2686
36 49 0 93.9247 67.7798
36 50 0 67.8937 66.2416
36 51 0 57.3318 22.4902
36 52 0 44.345 2.10546
36 53 0 61.2866 16.6743
36 54 0 20.7484 85.5129
36 55 0 48.8014 48.5841
36 56 0 64.5025 37.6441
36 57 0 30.0746 86.4434
36 58 0 96.1821 28.8434
36 59 0 94.0043 27.7077
36 60 0 97.2811 80.5416
37 1 0 67.8818 32.3904
37 2 0 30.8414 78.0369
37 3 0 49.4733 35.1837
37 4 0 60.9977 86.1654
37 5 0 92.2521 32.7214
37 6 0 83.2632 23.8492
37 7 0 76.348 54.2791
37 8 0 89.3075 37.4476
37 9 0 53.1715 98.2717
37 10 0 77.8923 71.4183
37 11 0 74.4201 55.6527
37 12 0 14.5282 98.9644
37 13 0 46.1405 80.1594
37 14 0 18.2538 74.1253
37 15 0 72.9276 52.26
37 16 0 4.62657 78.9232
37 17 0 13.7973 2.92504
37 18 0 58.8088 68.2324
37 19 0 52.1341 92.5956
37 20 0 58.1749 2.74303
37 21 0 85.7261 48.6883
37 22 0 44.4464 71.6662
37 23 0 99.7959 38.7669
37 24 0 83.6326 93.1179
37 25 0 47.4668 0.999415
37 26 0 16.9248 97.1619
37 27 0 69.2523 4.07586
37 28 0 64.1693 75.6731
37 29 1 88.8052 33.0873
37 30 0 79.2432 45.0586
37 31 1 9.98294 46.1819
37 32 0 4.5406 59.864
37 33 0 39.9759 53.7465
37 34 0 64.7408 55.9293
37 35 0 91.316 83.2322
37 36 0 98.1048 50.3447
37 38 1 39.6478 8.29156
37 39 0 3.86696 19.1117
37 40 0 73.8742 82.6131
37 41 0 24.034 44.9611
37 42 0 53.6937 34.2077
37 43 0 40.8699 56.0992
37 44 0 4.37652 83.2121
37 45 0 18.3793 3.50827
37 46 0 8.29155 13.1443
37 47 0 91.2812 52.0181
37 48 0 30.7414 60.6802
37 49 0 93.712 29.5046
37 50 0 74.4324 49.3806
37 51 0 0.399743 99.818
37 52 0 47.6749 6.70632
37 53 0 37.6812 68.5065
37 54 0 97.2939 4.83138
37 55 0 71.2789 58.7609
37 56 0 56.0595 61.0472
37 57 0 61.9292 85.2565
37 58 0 55.1674 51.7371
37 59 0 93.367 71.1302
37 60 0 65.2192 41.5966
38 1 0 91.9516 16.7749
38 2 0 98.0653 82.753
38 3 0 51.7054 88.4488
38 4 0 98.4792 15.4476
38 5 0 40.7442 94.81
38 6 0 43.9957 85.1716
38 7 0 25.7785 5.46787
38 8 0 51.6499 20.4752
38 9 0 87.2473 88.1659
38 10 0 59.8754 32.3077
38 11 0 19.566 37.678
38 12 0 81.6422 13.2276
38 13 0 88.0667 95.5302
38 14 0 47.5001 75.4289
38 15 0 29.2708 15.4909
38 16 0 85.2779 14.3615
38 17 0 19.8939 82.6232
38 18 0 34.3672 74.9112
38 19 1 20.1671 61.1123
38 20 0 17.4945 22.5862
38 21 0 72.8186 0.0415877
38 22 0 38.9772 30.0117
38 23 0 53.6474 5.46683
38 24 0 46.3675 72.5581
38 25 0 93.6886 12.6835
38 26 0 94.8855 48.7832
38 27 0 2.89663 80.931
38 28 0 90.4045 94.3743
38 29 0 72.7871 73.1811
38 30 0 55.0326 45.493
38 31 0 39.7626 63.4222
38 32 0 32.7982 75.8506
38 33 0 30.3811 55.0356
38 34 0 5.16722 54.5956
38 35 0 36.5486 1.52601
38 36 0 78.4045 57.0087
38 37 0 33.8694 27.1507
38 39 1 42.3379 21.718
38 40 0 97.822 84.7544
38 41 0 65.4071 33.4725
38 42 0 84.0599 81.039
38 43 0 9.58367 52.4867
38 44 0 57.9414 98.4276
38 45 1 84.2623 7.24081
38 46 0 42.8099 96.2517
38 47 0 21.1913 43.7929
38 48 0 15.3126 85.6486
38 49 0 74.7954 9.74617
38 50 0 89.289 21.6953
38 51 0 56.8685 85.6851
38 52 0 76.0771 85.4716
38 53 0 99.9467 62.0612
38 54 0 62.4686 70.7937
38 55 0 56.2762 73.12
38 56 0 99.8664 26.9463
38 57 0 54.8029 78.0785
38 58 0 79.8899 30.1542
38 59 0 74.1391 45.736
38 60 0 38.264 27.0236
39 1 0 10.1096 11.1036
39 2 0 5.85328 20.9645
39 3 0 77.8037 51.0776
39 4 0 53.832 80.329
39 5 0 13.5238 82.5537
39 6 0 27.7467 99.858
39 7 0 24.7517 89.5478
39 8 0 18.4841 67.3518
39 9 0 59.175 1.87544
39 10 0 12.138 83.7691
39 11 0 38.865 61.035
39 12 0 31.5249 72.8324
39 13 0 55.3078 27.4178
39 14 0 45.6658 84.6494
39 15 0 89.6953 62.3355
39 16 0 3.62348 91.9681
39 17 0 3.76041 16.5425
39 18 0 2.42404 60.1104
39 19 0 70.6763 14.6312
39 20 0 12.9109 1.09007
39 21 0 4.27862 91.0618
39 22 0 40.8328 6.71508
39 23 0 33.4101 29.3352
39 24 0 25.3306 93.5309
39 25 0 10.7422 86.7926
39 26 0 8.23335 70.0729
39 27 0 61.8299 94.4444
39 28 0 72.53 36.183
39 29 0 26.2588 95.1675
39 30 0 90.8184 50.8426
39 31 0 8.34859 61.6948
39 32 0 99.124 43.9792
39 33 0 2.86271 73.4447
39 34 0 76.3526 7.03731
39 35 0 1.2165 23.3606
39 36 0 67.8565 30.5442
39 37 0 12.7086 21.8962
39 38 0 84.5838 32.0281
39 40 1 3.50009 84.5984
39 41 0 99.3944 91.4102
39 42 0 39.8327 10.2393
39 43 0 77.8322 2.87568
39 44 0 64.9774 80.8703
39 45 0 9.89128 3.76397
39 46 0 84.5659 72.654
39 47 0 35.9049 67.786
39 48 0 47.3656 65.4305
39 49 0 32.0762 96.2653
39 50 0 62.6103 99.8782
39 51 0 37.5342 15.2881
39 52 0 98.7495 58.8017
39 53 0 26.5781 6.97198
39 54 0 90.5319 79.7841
39 55 0 26.0131 55.2776
39 56 0 29.2085 47.628
39 57 0 60.3961 20.8456
39 58 0 77.1007 31.5501
39 59 0 83.4437 49.8169
39 60 0 27.9249 5.86086
40 1 0 45.8865 51.0541
40 2 0 54.0989 53.0491
40 3 0 31.5525 8.83125
40 4 0 45.7592 14.8118
40 5 0 15.414 56.2366
40 6 0 51.5937 2.09471
40 7 0 1.83375 23.5233
40 8 0 75.3596 56.0808
40 9 0 26.427 48.0331
40 10 0 60.2615 25.4997
40 11 0 91.4099 76.1213
40 12 0 70.3517 18.5752
40 13 0 57.8202 60.3465
40 14 0 20.5574 96.585
40 15 0 23.0694 20.2513
40 16 0 44.5128 3.43796
40 17 0 23.3173 74.2613
40 18 0 28.5579 65.8818
40 19 0 13.8509 74.8081
40 20 0 94.1511 20.1739
40 21 0 14.7302 41.6698
40 22 0 56.446 27.51
40 23 0 37.2029 15.8501
40 24 0 33.4808 96.415
40 25 0 3.51778 13.7587
40 26 0 39.5387 69.0634
40 27 0 37.9938 32.0135
40 28 0 1.81426 81.8127
40 29 0 48.239 75.6228
40 30 0 11.0755 92.372
40 31 0 36.8329 37.2009
40 32 0 34.4751 11.3405
40 33 0 45.3299 36.1649
40 34 0 73.1861 57.685
40 35 0 31.0163 68.3534
40 36 0 64.3932 62.6587
40 37 0 74.8282 0.257051
40 38 0 49.3811 92.7064
40 39 0 46.4772 45.1037
40 41 1 74.6814 45.0003
40 42 0 69.29 68.6239
40 43 0 34.827 70.3355
40 44 0 59.012 16.4531
40 45 0 69.8896 80.4901
40 46 0 61.8914 42.1552
40 47 0 6.75285 54.4291
40 48 0 1.50175 30.5855
40 49 0 18.8521 97.0343
40 50 0 69.7345 63.816
40 51 0 42.8484 28.4006
40 52 0 21.6495 47.6911
40 53 0 15.24 51.2296
40 54 0 95.5915 26.7909
40 55 0 88.7294 90.6337
40 56 0 6.43457 20.1386
40 57 0 31.2085 16.7225
40 58 0 48.9717 6.01719
40 59 0 56.3499 62.6101
40 60 0 35.5532 93.078
41 1 0 9.18876 14.95
41 2 0 4.5384 7.66445
41 3 0 47.4565 74.7765
41 4 0 75.0758 4.34442
41 5 0 53.2514 89.256
41 6 0 63.7951 46.8772
41 7 0 66.5776 75.7234
41 8 0 69.0457 78.7258
41 9 0 39.2679 30.9348
41 10 0 92.2484 62.6927
41 11 0 95.0815 24.951
41 12 0 14.5257 16.8876
41 13 0 1.58949 28.7017
41 14 0 21.0279 49.1115
41 15 0 73.3802 70.0341
41 16 0 5.83459 51.6098
41 17 0 79.9641 82.8677
41 18 0 95.1464 3.37233
41 19 0 85.7339 61.6121
41 20 0 50.9391 46.7968
41 21 0 98.0097 88.2388
41 22 0 62.4995 14.4684
41 23 0 53.3844 34.157
41 24 0 36.6502 27.4709
41 25 0 74.1687 56.6261
41 26 0 1.66223 94.1554
41 27 0 66.809 97.2814
41 28 0 28.2456 43.7373
41 29 0 76.8474 21.5841
41 30 0 37.9031 64.9151
41 31 0 28.0502 16.7885
41 32 0 96.6744 25.4126
41 33 0 25.5952 42.1558
41 34 0 50.1824 95.6119
41 35 0 21.3259 39.4074
41 36 0 58.2199 65.7813
41 37 0 99.0286 29.7109
41 38 1 24.3433 9.34415
41 39 0 39.0649 76.5469
41 40 0 34.5719 63.2002
41 42 1 22.9432 29.7704
41 43 0 42.4563 32.5999
41 44 0 75.8418 9.14156
41 45 0 76.1787 7.16933
41 46 0 68.2047 38.991
41 47 0 52.1039 50.656
41 48 0 33.2929 73.1685
41 49 0 23.8143 24.2376
41 50 0 91.4689 64.6888
41 51 0 39.1495 72.4728
41 52 0 63.7826 39.7677
41 53 0 80.0338 31.7619
41 54 0 58.9294 31.983
41 55 0 58.7964 40.4162
41 56 0 3.51919 35.7197
41 57 0 37.1368 1.79057
41 58 0 94.1131 28.7154
41 59 0 15.367 56.7104
41 60 0 28.9205 12.7292
42 1 0 10.4109 45.5768
42 2 0 42.8658 87.8919
42 3 0 17.4849 99.3006
42 4 0 26.7698 19.9498
42 5 0 72.5194 49.6219
42 6 0 83.7832 47.1062
42 7 0 59.1694 46.7732
42 8 0 47.1103 86.971
42 9 0 57.1273 95.7421
42 10 0 90.9348 50.1551
42 11 0 40.567 21.6362
42 12 0 9.45859 16.3412
42 13 0 27.0906 33.0558
42 14 0 97.0759 75.0611
42 15 0 5.79178 94.8993
42 16 0 82.1809 52.0633
42 17 0 6.27066 28.1879
42 18 0 53.0124 98.1536
42 19 0 98.7289 23.39
42 20 0 41.5614 75.9152
42 21 0 11.7073 1.83519
42 22 0 77.9373 48.5987
42 23 0 15.5743 17.7295
42 24 0 18.9299 69.7572
42 25 0 53.9432 13.8379
42 26 0 94.601 49.7702
42 27 0 90.5051 11.0855
42 28 0 33.4328 11.8523
42 29 0 36.658 66.2219
42 30 0 13.7497 75.6728
42 31 0 38.6568 43.062
42 32 0 49.9719 2.73278
42 33 0 41.7382 42.5127
42 34 0 62.654 71.3134
42 35 0 70.4677 51.4344
42 36 0 23.6763 63.5064
42 37 0 11.2953 7.54545
42 38 1 25.3302 21.6119
42 39 0 91.8095 53.4938
42 40 0 98.0038 64.4462
42 41 0 50.8159 42.3848
42 43 1 13.2688 79.668
42 44 0 37.3642 6.30387
42 45 0 18.8872 61.9505
42 46 0 4.76681 17.8728
42 47 0 22.9253 14.8362
42 48 0 93.9735 57.5719
42 49 0 7.2321 66.7906
42 50 0 49.7062 74.2529
42 51 0 69.3529 16.3227
42 52 0 58.4693 19.6408
42 53 0 93.1099 1.44403
42 54 0 2.64697 64.4045
42 55 0 43.5921 5.77547
42 56 0 14.6472 2.51787
42 57 0 38.9502 72.5075
42 58 0 80.1017 11.4881
42 59 0 51.4252 91.2164
42 60 0 71.9744 52.2422
43 1 0 54.4003 75.2688
43 2 0 15.7379 67.7617
43 3 0 63.8304 92.0754
43 4 0 75.2816 54.7579
43 5 0 24.3671 69.87
43 6 0 62.5942 71.8555
43 7 0 27.0168 39.298
43 8 0 8.28242 51.6089
43 9 0 76.5394 15.7475
43 10 0 71.3725 81.1707
43 11 0 35.6648 54.9236
43 12 0 35.9038 67.974
43 13 0 94.4835 12.8251
43 14 0 21.1327 3.62204
43 15 0 35.2999 77.93
43 16 0 84.6622 68.4068
43 17 0 78.6411 70.1519
43 18 0 20.29 81.7931
43 19 0 93.4436 42.5895
43 20 0 63.5139 68.2501
43 21 0 32.2064 11.8159
43 22 0 66.1581 31.9185
43 23 0 56.8096 9.91265
43 24 0 17.8892 8.43235
43 25 0 22.8076 1.04433
43 26 0 57.8588 69.5115
43 27 0 67.2649 90.1692
43 28 0 75.1989 22.4206
43 29 0 10.6468 12.9912
43 30 0 73.9834 42.4272
43 31 0 66.5702 21.1323
43 32 0 44.3987 35.4003
43 33 0 72.4933 91.1494
43 34 0 32.3235 51.0423
43 35 0 30.7179 18.8534
43 36 0 54.4968 1.82146
43 37 1 45.0659 89.2784
43 38 0 35.2914 24.4565
43 39 0 6.03957 39.8397
43 40 0 85.7716 96.7703
43 41 0 7.06152 44.039
43 42 0 55.3347 79.5297
43 44 1 26.0208 13.2222
43 45 0 93.5179 86.2946
43 46 0 68.5162 80.0471
43 47 0 60.8636 37.6021
43 48 0 38.2754 97.0827
43 49 0 59.2325 91.1057
43 50 0 2.94189 24.7509
43 51 0 78.7394 93.2824
43 52 0 82.9907 27.9571
43 53 0 5.17937 68.1682
43 54 0 60.7603 70.9709
43 55 0 72.5379 1.52463
43 56 0 42.9082 35.072
43 57 0 73.7691 79.0962
43 58 0 16.7983 73.0198
43 59 0 20.9061 79.4688
43 60 0 25.0651 16.8811
44 1 0 80.8351 69.6042
44 2 0 63.7421 45.004
44 3 0 51.1234 1.60871
44 4 0 14.3611 82.2542
44 5 0 36.7025 73.8574
44 6 0 32.7816 21.2989
44 7 0 58.6557 89.685
44 8 0 94.8357 54.9469
44 9 0 17.7839 59.0569
44 10 0 83.8846 75.5811
44 11 0 12.9709 65.8126
44 12 0 43.7545 4.19736
44 13 0 11.1402 73.7767
44 14 0 86.8586 42.65
44 15 0 99.0858 52.6329
44 16 0 87.5928 89.0635
44 17 1 49.9236 62.0443
44 18 0 97.5686 51.9855
44 19 0 93.9522 10.962
44 20 0 10.3307 88.3203
44 21 0 30.4203 38.6475
44 22 0 51.4298 43.7198
44 23 0 19.5897 34.397
44 24 0 48.3498 46.7018
44 25 0 47.1081 87.9885
44 26 0 47.7286 34.1605
44 27 1 74.4918 22.478
44 28 0 25.3575 75.2453
44 29 0 15.6542 99.7259
44 30 0 27.5168 99.4483
44 31 0 95.1306 11.4176
44 32 0 11.9837 53.2477
44 33 0 10.5125 77.9988
44 34 0 48.4741 91.0937
44 35 0 83.8068 47.2181
44 36 0 74.6133 10.6245
44 37 0 40.227 98.5158
44 38 0 44.7668 95.2519
44 39 0 40.4135 69.376
44 40 0 39.7789 47.7948
44 41 0 84.5216 90.55
44 42 0 73.2191 11.3378
44 43 0 35.6244 74.6363
44 45 1 99.6332 11.7821
44 46 0 45.4877 35.4974
44 47 0 63.9367 21.0332
44 48 0 2.80952 17.9188
44 49 0 3.55588 18.6915
44 50 0 1.48008 32.8272
44 51 0 59.0504 54.9815
44 52 0 38.794 55.8828
44 53 0 54.1437 62.5297
44 54 0 96.1773 34.0797
44 55 0 5.2269 93.8277
44 56 0 60.6344 21.3964
44 57 0 75.7492 23.4743
44 58 0 9.17397 73.3737
44 59 0 34.2177 4.46675
44 60 0 46.5365 57.7081
45 1 0 33.3821 26.0665
45 2 0 24.5069 95.4129
45 3 0 69.0428 31.8486
45 4 0 40.3936 81.5274
45 5 0 91.0565 87.4423
45 6 0 95.7655 83.6183
45 7 0 6.69124 31.8218
45 8 0 76.8623 68.3127
45 9 0 4.6455 92.935
45 10 0 59.7249 4.31907
45 11 0 95.6033 41.8616
45 12 0 62.4956 22.0099
45 13 0 39.4778 48.9868
45 14 0 17.7711 35.5077
45 15 0 59.216 70.2102
45 16 0 86.2611 9.79565
45 17 0 92.354 53.0773
45 18 0 78.0486 70.9736
45 19 0 51.655 44.989
45 20 0 28.5809 5.61738
45 21 0 83.6514 45.3409
45 22 0 56.1733 60.0536
45 23 0 86.7559 49.1504
45 24 0 47.4757 34.0865
45 25 0 61.165 17.8782
45 26 0 19.6396 26.3577
45 27 0 58.8414 20.6018
45 28 0 91.7801 79.0236
45 29 0 23.9758 70.7097
45 30 0 7.90691 37.6129
45 31 0 64.0657 35.5163
45 32 0 53.7549 92.1786
45 33 0 93.6922 95.332
45 34 0 17.0632 53.6246
45 35 0 29.7907 36.3024
45 36 0 37.0477 47.5044
45 37 0 72.4493 21.3997
45 38 0 93.8045 99.0657
45 39 0 3.30931 72.586
45 40 0 64.9872 20.9878
45 41 0 68.9518 92.7638
45 42 0 91.4808 5.75534
45 43 0 86.6778 21.0098
45 44 0 84.776 2.71114
45 46 1 99.5837 5.94598
45 47 0 4.99395 5.3317
45 48 0 19.9638 87.0127
45 49 0 73.463 28.7671
45 50 0 79.0426 52.3467
45 51 0 45.6514 60.6793
45 52 0 87.2594 52.0451
45 53 0 60.186 96.3716
45 54 0 34.9124 30.0758
45 55 0 9.97674 83.0426
45 56 0 3.58548 87.9585
45 57 0 87.0763 77.1485
45 58 0 55.4032 21.6995
45 59 0 72.713 9.80316
45 60 0 85.1258 30.4017
46 1 0 89.9051 38.6331
46 2 0 54.1112 30.6508
46 3 0 35.2072 42.0601
46 4 0 35.8068 43.9225
46 5 0 87.8025 12.0754
46 6 0 89.1532 30.6266
46 7 0 82.2078 71.92
46 8 0 60.3197 24.5733
46 9 0 60.9172 92.2882
46 10 0 18.2113 66.0978
46 11 0 94.2467 78.7169
46 12 0 68.431 97.2064
46 13 0 31.5983 80.7833
46 14 0 69.1502 92.1184
46 15 0 14.6821 30.7062
46 16 0 25.3668 51.1252
46 17 0 43.8094 89.4012
46 18 0 54.433 79.2114
46 19 0 98.3452 57.0011
46 20 0 62.5862 67.4374
46 21 0 30.9344 79.3236
46 22 0 4.03463 73.5968
46 23 0 91.5565 62.0124
46 24 0 61.2709 17.855
46 25 0 77.2734 70.0509
46 26 0 61.1444 47.482
46 27 0 65.1111 12.304
46 28 0 20.5555 53.5522
46 29 0 92.0738 84.3191
46 30 0 81.4045 5.89512
46 31 0 21.5754 22.0644
46 32 0 79.5161 42.1985
46 33 0 9.28509 60.0998
46 34 0 85.0222 69.0673
46 35 0 66.2991 86.5815
46 36 0 60.1383 36.0375
46 37 0 31.3756 51.1937
46 38 0 45.2228 95.3372
46 39 0 21.6238 66.4449
46 40 0 3.92818 98.6968
46 41 0 8.85235 33.1443
46 42 0 13.8963 64.275
46 43 0 37.2779 34.3417
46 44 0 97.1668 13.8221
46 45 0 46.2855 70.0413
46 47 1 66.1999 24.2029
46 48 0 36.6875 78.6939
46 49 0 21.885 97.7147
46 50 0 81.4711 67.3537
46 51 0 79.4374 46.0205
46 52 0 20.9564 97.7363
46 53 0 8.36615 49.4682
46 54 0 18.1997 74.4567
46 55 0 33.8526 90.3593
46 56 0 97.0303 32.2707
46 57 0 20.7644 93.9351
46 58 0 73.6383 38.0524
46 59 0 27.3497 3.79437
46 60 0 29.5366 58.8629
47 1 0 75.8142 40.9412
47 2 0 21.7726 9.00835
47 3 0 72.1993 99.6245
47 4 0 54.3248 88.308
47 5 0 30.734 85.5899
47 6 0 3.38345 9.864
47 7 0 9.93147 93.6351
47 8 0 4.42622 17.6308
47 9 0 59.1535 14.749
47 10 0 92.6945 66.8537
47 11 0 26.8507 12.3963
47 12 0 36.9134 83.0326
47 13 0 23.0762 33.4339
47 14 0 41.769 9.25991
47 15 0 29.8284 49.8028
47 16 0 21.0424 93.3778
47 17 0 19.9433 29.5064
47 18 0 71.3748 21.467
47 19 0 58.9181 0.0851209
47 20 0 79.9317 61.7298
47 21 0 17.5625 3.3501
47 22 0 71.1885 95.2708
47 23 0 86.6032 31.3857
47 24 0 54.5568 45.6536
47 25 0 3.3332 44.0464
47 26 0 69.0712 29.754
47 27 0 9.8946 32.6161
47 28 1 93.3581 42.2223
47 29 0 12.2038 50.8984
47 30 0 22.7938 72.6149
47 31 0 30.7584 0.254988
47 32 0 39.9935 42.8721
47 33 0 83.3063 79.7954
47 34 0 12.2995 28.384
47 35 0 40.5406 94.0443
47 36 0 42.6616 68.7001
47 37 0 56.9132 32.8471
47 38 0 40.532 2.6108
47 39 0 51.1854 77.975
47 40 0 54.0928 6.4259
47 41 0 7.05076 99.684
47 42 0 39.7139 35.5158
47 43 0 29.3627 84.2668
47 44 0 9.73063 98.9793
47 45 0 28.4852 86.496
47 46 0 30.233 71.499
47 48 1 75.2629 61.6409
47 49 0 65.6524 51.5885
47 50 0 22.8787 21.0397
47 51 0 65.6518 79.2671
47 52 0 1.97774 21.0978
47 53 0 81.5426 78.928
47 54 0 13.9483 42.7489
47 55 0 82.8953 25.6929
47 56 0 51.4295 45.7963
47 57 0 98.3238 75.4504
47 58 0 92.198 56.3267
47 59 0 96.1945 15.7108
47 60 0 61.2281 13.8278
48 1 0 7.45505 3.88724
48 2 0 3.77195 47.5617
48 3 0 2.11394 89.3459
48 4 0 28.9136 13.9151
48 5 0 91.2717 32.6837
48 6 0 41.6867 39.302
48 7 0 73.5158 98.6491
48 8 0 86.3214 41.3052
48 9 0 98.626 20.3972
48 10 0 91.2085 81.4222
48 11 0 60.2646 50.8146
48 12 0 26.1239 38.8695
48 13 0 8.94313 63.497
48 14 0 65.0099 7.20497
48 15 0 29.5103 82.917
48 16 0 14.7415 23.9426
48 17 0 75.532 9.27164
48 18 0 95.1688 24.4072
48 19 0 28.091 98.6131
48 20 0 0.364568 94.2799
48 21 0 53.5738 92.9093
48 22 0 28.1832 36.8616
48 23 0 24.6835 37.4696
48 24 0 39.8127 68.5098
48 25 0 44.3345 26.3961
48 26 0 87.8669 16.122
48 27 0 78.2842 42.2819
48 28 0 21.0604 61.8599
48 29 0 97.054 22.2966
48 30 0 23.4988 94.5747
48 31 0 3.67346 25.217
48 32 0 21.7263 44.3952
48 33 0 76.4027 62.0818
48 34 0 75.0251 59.0043
48 35 0 5.35814 42.6336
48 36 0 39.9061 22.9701
48 37 0 39.8244 85.3073
48 38 0 9.1192 16.5517
48 39 0 27.2895 49.7663
48 40 0 80.5771 27.0703
48 41 0 85.1536 89.4126
48 42 0 58.2807 70.3915
48 43 0 80.5515 84.1693
48 44 0 48.1245 11.8521
48 45 0 30.8999 32.8269
48 46 0 59.2493 93.3696
48 47 0 60.2006 22.7089
48 49 1 65.7603 61.1435
48 50 0 32.4465 67.6144
48 51 0 65.5437 93.898
48 52 0 55.2582 59.0224
48 53 0 29.878 95.9385
48 54 0 88.5893 43.2081
48 55 0 15.9627 37.7749
48 56 0 62.2485 58.087
48 57 0 62.9039 97.8529
48 58 0 40.4542 16.447
48 59 0 66.3132 90.433
48 60 0 59.2426 56.1723
49 1 0 19.6682 25.5449
49 2 0 1.64844 84.9441
49 3 0 59.2033 26.9049
49 4 0 42.0245 92.0494
49 5 0 67.7098 33.9804
49 6 0 42.0326 93.1656
49 7 0 27.5638 79.0541
49 8 0 7.26174 63.6057
49 9 0 26.1443 68.8359
49 10 0 1.94681 87.2054
49 11 0 86.0007 74.1772
49 12 0 27.6766 13.5407
49 13 0 16.0159 69.3517
49 14 0 40.2805 27.2302
49 15 0 10.3553 96.7977
49 16 0 26.8465 14.1312
49 17 0 5.84286 23.5644
49 18 0 98.4179 9.20798
49 19 0 0.472102 89.8134
49 20 0 79.2427 10.6995
49 21 0 91.217 38.4181
49 22 0 44.8315 97.9123
49 23 0 28.5605 31.69
49 24 0 34.061 62.5461
49 25 0 89.9649 76.3091
49 26 0 63.238 8.84409
49 27 0 77.034 36.1188
49 28 0 54.1797 43.5351
49 29 0 14.3948 3.51032
49 30 0 55.9633 14.1564
49 31 0 22.5809 13.5773
49 32 0 34.6189 44.1944
49 33 0 7.12386 57.0874
49 34 0 20.0283 11.5566
49 35 0 5.65157 55.9025
49 36 0 66.7536 26.0482
49 37 0 65.0054 94.5665
49 38 0 99.5436 79.0512
49 39 0 27.3985 83.0592
49 40 0 10.5412 58.553
49 41 0 30.4701 73.4481
49 42 0 86.7744 93.6886
49 43 0 32.2429 12.2617
49 44 0 16.941 41.5323
49 45 0 0.879917 26.401
49 46 0 86.3672 46.5923
49 47 0 29.5006 38.054
49 48 0 71.7278 52.6352
49 50 1 15.3252 49.5303
49 51 0 16.9876 7.69828
49 52 0 41.7957 44.9026
49 53 0 44.9754 46.2694
49 54 0 86.9808 47.2705
49 55 0 23.9612 87.5535
49 56 0 52.7104 48.2987
49 57 0 33.432 10.6812
49 58 0 16.5492 32.4988
49 59 1 54.2556 34.9175
49 60 0 11.1176 77.2789
50 1 0 74.9016 14.5859
50 2 0 99.2954 74.7628
50 3 0 56.4067 3.52589
50 4 1 14.3826 21.8804
50 5 0 72.4611 93.4751
50 6 0 90.8717 59.6378
50 7 0 64.1392 99.4415
50 8 0 57.8424 40.2294
50 9 0 96.1273 49.6778
50 10 0 47.6457 64.4986
50 11 0 84.3035 57.8696
50 12 0 25.9867 40.2632
50 13 0 28.1713 96.5295
50 14 0 53.9223 76.7186
50 15 0 11.3697 42.036
50 16 0 90.075 7.07218
50 17 0 28.1073 11.5337
50 18 0 20.6893 27.3836
50 19 0 53.7261 62.1019
50 20 0 39.5726 38.3676
50 21 0 88.7684 8.6387
50 22 0 21.5764 4.22378
50 23 0 30.6775 23.2377
50 24 0 25.7357 55.8772
50 25 0 34.0769 32.6737
50 26 0 61.9611 35.8162
50 27 0 93.9476 62.4586
50 28 0 4.66126 39.3199
50 29 0 74.1035 50.1764
50 30 0 69.4606 34.5825
50 31 0 70.5512 36.7148
50 32 0 60.3966 62.8523
50 33 0 31.0624 77.4096
50 34 0 27.7641 99.0665
50 35 0 31.8319 44.6181
50 36 0 99.2105 74.8683
50 37 0 80.3353 36.266
50 38 0 73.7469 59.0943
50 39 0 53.5051 23.1337
50 40 0 96.9618 1.98873
50 41 0 32.0942 28.6064
50 42 0 91.5828 91.4674
50 43 0 24.5201 28.1572
50 44 0 84.7224 72.6409
50 45 0 5.13386 88.4119
50 46 0 7.15497 19.5433
50 47 0 13.3845 78.9804
50 48 0 10.9341 9.3222
50 49 0 97.187 14.6893
50 51 1 61.2079 83.4017
50 52 0 89.6364 78.2972
50 53 0 85.882 63.3469
50 54 0 38.2619 97.2162
50 55 0 36.7755 81.4027
50 56 0 4.30853 35.5759
50 57 0 21.3513 38.0962
50 58 0 19.2853 15.9513
50 59 0 20.3051 13.7152
50 60 0 67.7093 80.3702
51 1 0 58.3601 24.4677
51 2 0 7.16396 19.9772
51 3 0 50.6034 54.6477
51 4 0 30.0566 24.5111
51 5 0 19.1425 94.4168
51 6 0 89.4639 90.6467
51 7 0 18.3082 75.9307
51 8 0 80.6992 13.0888
51 9 0 7.08351 92.18
51 10 0 88.5358 25.7765
51 11 0 65.4009 57.4308
51 12 0 9.71067 82.5977
51 13 0 36.2322 22.5155
51 14 0 9.27217 28.7996
51 15 0 19.7154 66.8831
51 16 0 29.8426 13.9551
51 17 0 43.8347 66.7846
51 18 0 1.84478 58.4648
51 19 0 60.9344 12.194
51 20 0 68.0918 89.0675
51 21 0 20.5112 75.918
51 22 0 5.81718 26.3858
51 23 0 37.432 72.649
51 24 0 71.372 5.08573
51 25 0 86.2789 83.5665
51 26 0 5.66926 45.005
51 27 0 20.2942 31.6825
51 28 0 28.0133 58.4778
51 29 0 27.5356 58.1826
51 30 0 73.4945 23.7605
51 31 0 52.4932 98.2294
51 32 0 21.0891 75.6424
51 33 0 20.0258 2.43842
51 34 0 23.2023 57.5994
51 35 0 85.7834 43.0577
51 36 0 79.0624 10.9362
51 37 0 94.7474 75.2655
51 38 0 66.1455 72.7723
51 39 0 52.5215 47.0905
51 40 0 13.8111 71.2071
51 41 0 91.2915 47.5513
51 42 0 3.91419 54.2513
51 43 0 1.17927 10.4319
51 44 0 48.7439 77.9466
51 45 0 41.7755 49.1046
51 46 0 73.7967 58.9204
51 47 0 52.9668 79.108
51 48 0 32.6558 69.8456
51 49 0 70.4768 1.39578
51 50 0 73.718 83.3331
51 52 1 47.4256 41.6349
51 53 0 6.38868 68.2738
51 54 0 49.8665 55.1948
51 55 0 4.0517 75.8588
51 56 0 24.365 53.6201
51 57 0 32.3657 56.2805
51 58 0 73.9398 75.6591
51 59 0 83.7121 6.19214
51 60 0 20.7902 50.6175
52 1 0 61.6132 93.0781
52 2 0 39.2725 48.9125
52 3 0 83.204 92.4243
52 4 0 76.7322 60.0509
52 5 0 29.7152 65.2178
52 6 1 69.3629 28.0107
52 7 0 6.29403 82.5815
52 8 0 96.9846 40.9667
52 9 0 54.6402 33.6138
52 10 0 52.8878 51.956
52 11 0 62.0202 99.6882
52 12 0 50.0512 27.9867
52 13 0 68.0321 72.6696
52 14 0 81.23 1.18131
52 15 0 81.451 40.3606
52 16 0 12.4217 42.4647
52 17 0 29.7181 68.3252
52 18 0 70.1499 46.3233
52 19 0 10.1058 46.5908
52 20 0 1.4407 72.6468
52 21 0 2.82063 9.74065
52 22 0 38.5961 58.217
52 23 0 10.062 89.5104
52 24 0 25.6226 86.6486
52 25 0 21.286 58.3682
52 26 0 38.3679 68.4341
52 27 0 73.5682 75.7406
52 28 0 64.0672 1.93193
52 29 0 21.9093 11.1563
52 30 0 91.7366 44.6997
52 31 0 53.2471 74.7699
52 32 0 78.5011 57.6096
52 33 0 50.1355 97.2489
52 34 0 36.2763 9.91881
52 35 0 85.0582 72.2043
52 36 0 70.648 36.9985
52 37 0 68.592 18.6733
52 38 0 95.4632 4.25966
52 39 0 49.789 69.9351
52 40 0 19.6556 86.9543
52 41 0 68.1497 98.911
52 42 0 44.577 85.6623
52 43 0 81.82 63.0163
52 44 0 27.7564 68.6483
52 45 0 71.867 62.8795
52 46 0 36.1305 67.4368
52 47 0 7.46479 9.91797
52 48 0 49.0193 26.2063
52 49 0 54.0711 5.43284
52 50 0 82.8167 45.0344
52 51 0 51.2204 37.3735
52 53 1 46.3172 17.9482
52 54 0 57.1995 26.0989
52 55 0 32.0931 48.2113
52 56 0 17.7881 75.5472
52 57 0 92.5385 15.712
52 58 0 54.9225 96.0686
52 59 0 37.7745 35.3856
52 60 0 91.1736 60.4919
53 1 0 50.7992 16.289
53 2 0 43.1395 97.7905
53 3 0 74.5281 14.8223
53 4 0 55.116 87.8084
53 5 0 81.7938 72.0889
53 6 0 75.4711 49.8312
53 7 0 72.3312 50.6565
53 8 0 58.7937 32.3145
53 9 0 10.1741 41.8119
53 10 0 60.6635 31.0273
53 11 0 16.2097 27.2109
53 12 0 52.4812 25.2365
53 13 0 36.5625 32.4309
53 14 0 83.0076 67.6287
53 15 0 39.1482 91.4874
53 16 0 7.64976 22.2179
53 17 0 8.83199 71.2458
53 18 0 0.87317 93.5541
53 19 0 83.9813 29.2114
53 20 0 58.7168 57.7933
53 21 0 28.4106 33.6994
53 22 0 13.8912 35.3703
53 23 0 45.6509 36.6677
53 24 0 55.1919 59.4383
53 25 0 45.3168 74.6551
53 26 0 58.416 38.6154
53 27 0 22.5872 4.14298
53 28 0 18.4361 86.7732
53 29 0 46.06 17.8775
53 30 0 65.1456 28.8189
53 31 0 33.9453 39.7619
53 32 0 96.1654 6.09006
53 33 0 5.24508 55.6794
53 34 0 51.246 71.3268
53 35 0 29.6618 90.5114
53 36 0 22.7258 1.97172
53 37 0 70.3909 72.1588
53 38 0 19.7705 25.936
53 39 0 72.7529 66.76
53 40 0 55.7463 68.5387
53 41 0 96.9159 80.2321
53 42 0 66.953 1.76039
53 43 0 57.7413 80.5654
53 44 0 1.81296 9.48835
53 45 0 18.919 28.5267
53 46 0 30.306 77.5107
53 47 0 9.96943 83.2925
53 48 0 96.4071 58.0335
53 49 0 49.7965 77.8548
53 50 0 39.3311 69.9403
53 51 0 53.0791 75.8337
53 52 0 15.9999 23.5526
53 54 1 14.5562 51.1618
53 55 0 52.4043 25.4161
53 56 0 0.950002 73.2719
53 57 0 36.0588 63.3054
53 58 0 25.4512 91.39
53 59 0 61.0234 25.813
53 60 0 62.0426 40.6981
54 1 0 20.3079 35.3221
54 2 0 39.619 78.8917
54 3 0 16.2254 65.6965
54 4 0 66.6902 61.5463
54 5 0 15.1915 33.315
54 6 0 49.6478 4.82891
54 7 0 21.2719 6.66693
54 8 0 23.5252 70.7908
54 9 0 56.2578 48.1456
54 10 0 23.1889 9.38451
54 11 0 57.237 61.858
54 12 0 82.0829 44.3181
54 13 0 71.7096 97.2726
54 14 0 24.6879 59.3488
54 15 0 66.9736 88.405
54 16 0 34.6979 37.7688
54 17 0 32.8321 22.3363
54 18 0 32.9892 37.7286
54 19 0 92.3137 32.435
54 20 0 69.5327 54.0851
54 21 0 37.3682 4.46105
54 22 0 27.3631 8.06833
54 23 0 8.39057 4.41735
54 24 0 75.3745 91.8784
54 25 0 63.6197 63.2998
54 26 0 24.7774 65.4408
54 27 0 48.1512 53.2052
54 28 0 62.1942 41.155
54 29 0 15.2748 0.535726
54 30 0 67.4399 70.6471
54 31 0 77.2671 42.4219
54 32 0 84.188 67.2989
54 33 0 31.7866 92.4701
54 34 0 16.3219 40.165
54 35 0 24.1349 80.7125
54 36 0 99.5381 97.8219
54 37 0 98.1802 34.2741
54 38 0 56.5259 34.8391
54 39 0 24.6583 3.95061
54 40 0 37.9459 12.164
54 41 0 87.4174 73.5506
54 42 0 60.6852 12.6355
54 43 0 78.8705 74.6714
54 44 0 0.476875 71.5562
54 45 0 19.4462 45.2137
54 46 0 98.0459 73.4833
54 47 0 31.0174 69.4556
54 48 0 76.3834 39.9899
54 49 0 56.0919 81.073
54 50 0 42.6012 94.0103
54 51 0 6.57814 64.511
54 52 0 48.8537 20.3268
54 53 0 36.9476 63.1826
54 55 1 61.5023 32.7406
54 56 0 87.169 54.5192
54 57 0 80.2753 31.7051
54 58 0 48.6698 73.6671
54 59 0 81.6103 40.7605
54 60 0 37.2811 6.70387
55 1 0 23.6016 1.01221
55 2 0 29.7308 92.8807
55 3 0 70.5728 37.1858
55 4 0 72.8899 3.82228
55 5 0 52.4747 40.9849
55 6 0 30.429 53.0039
55 7 0 54.4062 76.8633
55 8 0 95.9792 82.7237
55 9 0 2.19678 85.8683
55 10 0 93.6549 4.28176
55 11 0 22.2027 90.2981
55 12 0 65.0773 49.0767
55 13 0 47.3969 84.7369
55 14 0 94.8952 86.6308
55 15 0 42.1114 42.3294
55 16 0 22.6018 40.1111
55 17 0 40.8199 82.6744
55 18 0 11.4089 65.6623
55 19 0 76.379 71.9901
55 20 0 16.237 13.6939
55 21 0 34.4641 44.6938
55 22 0 83.7011 9.52227
55 23 0 3.54517 30.688
55 24 0 29.0365 47.7164
55 25 0 92.1883 43.2821
55 26 0 64.3923 34.7163
55 27 0 60.3816 56.2557
55 28 0 61.1458 44.3654
55 29 0 32.1114 23.0478
55 30 0 84.1396 35.1985
55 31 0 76.1373 98.0415
55 32 0 9.04451 30.9665
55 33 0 68.869 7.97035
55 34 0 4.65438 36.1327
55 35 0 39.9198 21.2084
55 36 0 84.7611 62.8821
55 37 0 77.7026 59.6258
55 38 0 19.9967 65.6258
55 39 0 58.5428 85.1795
55 40 0 10.2653 29.9003
55 41 0 80.5206 24.6659
55 42 0 47.0932 9.6758
55 43 0 33.0951 63.718
55 44 0 41.6017 37.3834
55 45 0 18.1758 57.2846
55 46 0 11.016 84.2733
55 47 0 23.887 2.91457
55 48 0 49.9029 81.9643
55 49 0 34.6619 80.1357
55 50 1 46.2293 8.30641
55 51 0 91.9334 60.6032
55 52 0 73.7401 3.15388
55 53 0 26.162 4.4408
55 54 0 16.9661 32.5319
55 56 1 52.3752 5.90299
55 57 0 5.1224 64.1805
55 58 0 52.3861 92.7101
55 59 0 13.2692 74.4128
55 60 0 75.9826 11.0707
56 1 0 25.7475 59.8913
56 2 0 89.2562 92.5943
56 3 1 56.7991 9.84637
56 4 0 46.8926 78.1069
56 5 0 55.3621 88.0565
56 6 0 8.39187 36.6064
56 7 0 85.194 78.7465
56 8 0 69.5559 27.9278
56 9 0 55.0695 80.3416
56 10 0 58.3513 22.1144
56 11 0 45.2996 4.83488
56 12 0 39.8858 71.3436
56 13 0 35.1409 62.1814
56 14 0 71.6035 42.9753
56 15 0 76.5951 60.4152
56 16 0 84.6638 68.74
56 17 0 21.0553 7.24923
56 18 0 38.7843 82.7389
56 19 0 90.9143 31.3398
56 20 0 61.1896 82.2442
56 21 0 96.379 5.84639
56 22 0 29.0362 4.24155
56 23 0 32.3362 98.8571
56 24 0 62.1947 49.3857
56 25 0 63.0073 57.7117
56 26 0 49.9751 92.1092
56 27 0 49.9231 86.6265
56 28 0 20.7588 37.7736
56 29 0 99.66 76.4445
56 30 0 29.5514 94.8644
56 31 0 56.3592 77.7219
56 32 0 2.85883 77.6736
56 33 0 66.3988 93.2997
56 34 0 39.3738 79.279
56 35 0 86.2942 4.21747
56 36 0 84.8158 91.3263
56 37 0 75.2616 17.0243
56 38 0 64.9601 63.5139
56 39 0 78.8731 71.2269
56 40 0 68.6699 87.6521
56 41 0 77.3441 86.2136
56 42 0 69.709 42.2622
56 43 0 57.1051 13.5275
56 44 0 43.7609 64.534
56 45 0 48.277 28.6269
56 46 0 93.3674 60.2371
56 47 0 46.0024 57.2244
56 48 0 68.1939 26.8983
56 49 0 13.3762 76.1709
56 50 0 35.526 87.2563
56 51 0 95.8087 47.1354
56 52 0 64.3932 35.0941
56 53 0 99.2135 91.2133
56 54 0 66.4159 70.2974
56 55 0 22.0381 32.8083
56 57 1 9.94354 69.1629
56 58 0 62.0698 81.3961
56 59 0 87.4623 63.5865
56 60 0 21.8165 50.7767
57 1 0 25.2613 47.1285
57 2 0 44.5767 90.834
57 3 0 86.6438 78.484
57 4 0 8.382 26.7765
57 5 0 31.0806 85.278
57 6 0 52.0583 88.9148
57 7 0 73.7809 8.98121
57 8 0 14.2672 17.38
57 9 0 94.8839 88.4172
57 10 0 37.8123 66.346
57 11 0 21.6145 70.8406
57 12 0 76.3325 9.57159
57 13 0 14.401 30.8142
57 14 0 25.5048 4.81164
57 15 0 19.8166 33.3534
57 16 0 79.5097 23.6416
57 17 0 81.1277 83.0906
57 18 0 78.9677 69.7256
57 19 0 9.98996 13.6649
57 20 0 71.1258 64.4226
57 21 0 38.399 78.9326
57 22 0 1.16496 59.1245
57 23 0 89.6042 21.2522
57 24 0 99.9075 82.8308
57 25 0 78.8697 36.4879
57 26 0 1.31928 47.6931
57 27 0 36.9918 0.95468
57 28 0 13.6156 40.6278
57 29 0 36.3269 4.38296
57 30 0 75.5239 81.5996
57 31 0 19.9581 18.5287
57 32 0 77.4546 71.5604
57 33 0 31.9207 52.8
57 34 0 28.6599 20.5986
57 35 0 17.7144 69.2639
57 36 0 29.704 89.7083
57 37 0 74.5744 16.3889
57 38 0 31.0898 28.6303
57 39 0 92.3233 61.5923
57 40 0 16.7363 44.7141
57 41 0 71.9934 81.5916
57 42 0 77.9443 75.0419
57 43 0 18.3299 67.733
57 44 0 52.9835 47.6714
57 45 0 25.2711 73.7783
57 46 0 46.4376 87.9918
57 47 0 56.897 42.0688
57 48 0 72.4144 3.64956
57 49 0 93.1859 38.179
57 50 0 67.0109 0.355666
57 51 0 62.6136 91.8846
57 52 0 10.6788 45.3061
57 53 0 73.1521 9.91153
57 54 0 43.4822 65.7858
57 55 0 5.73217 1.76463
57 56 0 14.772 56.3773
57 58 1 9.06569 54.9342
57 59 0 31.482 23.2638
57 60 0 70.5941 84.3182
58 1 0 66.7194 83.0394
58 2 0 4.74645 17.9828
58 3 0 73.1297 49.7491
58 4 0 40.3947 58.1899
58 5 0 53.3312 46.2685
58 6 0 34.0336 27.2127
58 7 0 41.4128 5.10924
58 8 0 13.1893 81.0087
58 9 0 90.0644 35.4009
58 10 0 21.1218 11.8566
58 11 0 91.7962 64.2493
58 12 0 4.7364 77.1854
58 13 0 54.8558 42.887
58 14 0 32.2697 60.7117
58 15 0 57.5386 19.314
58 16 0 80.2727 24.5093
58 17 0 97.0098 53.3776
58 18 0 93.5025 83.3494
58 19 0 8.60883 37.5392
58 20 0 73.0137 12.8373
58 21 0 60.614 10.3634
58 22 0 11.1447 75.592
58 23 0 22.8322 57.1734
58 24 0 46.5241 25.6647
58 25 0 79.9417 97.7178
58 26 0 55.9823 21.9037
58 27 0 91.9554 4.75794
58 28 0 49.5058 42.8938
58 29 0 34.0463 12.5313
58 30 0 94.0912 75.1559
58 31 0 59.7847 85.1626
58 32 0 64.4934 71.0041
58 33 0 73.5064 28.4371
58 34 0 16.4256 33.2849
58 35 0 2.55743 44.2901
58 36 0 42.8735 47.0398
58 37 0 51.7075 56.0794
58 38 0 82.6649 66.7035
58 39 0 99.1385 37.8412
58 40 0 94.9217 60.0152
58 41 0 41.979 12.8459
58 42 0 32.104 72.5689
58 43 0 44.2222 97.3083
58 44 0 92.0346 44.9094
58 45 1 25.7693 8.07913
58 46 0 49.615 77.8587
58 47 0 5.0779 65.4105
58 48 0 88.6055 74.5378
58 49 0 39.374 3.62855
58 50 0 39.0333 81.8085
58 51 0 15.3962 85.7476
58 52 0 47.6968 54.1155
58 53 0 24.2636 16.8827
58 54 0 14.7255 21.9228
58 55 0 98.6212 92.3414
58 56 0 56.3572 32.8451
58 57 0 90.7512 80.5027
58 59 1 0.584271 61.8731
58 60 0 6.40995 91.1382
59 1 0 43.6376 98.499
59 2 0 22.3926 85.036
59 3 1 29.4125 1.46567
59 4 0 13.1239 97.7537
59 5 0 36.7228 3.03518
59 6 0 36.4569 27.2006
59 7 0 66.7289 20.0955
59 8 0 79.6249 1.32711
59 9 0 25.7119 10.9708
59 10 0 29.5011 45.4921
59 11 0 78.1772 0.657712
59 12 0 23.7375 52.1532
59 13 0 63.3176 28.1623
59 14 0 73.2909 42.7132
59 15 0 99.5128 55.7668
59 16 0 67.2641 33.4957
59 17 0 62.7967 73.2014
59 18 0 9.69664 4.312
59 19 0 40.8232 71.8553
59 20 0 6.17977 18.6912
59 21 0 98.5935 20.1262
59 22 0 84.2583 52.5824
59 23 0 11.3439 21.1088
59 24 0 97.1028 55.7763
59 25 0 71.1542 81.0685
59 26 0 24.3279 95.1758
59 27 0 54.4541 60.5161
59 28 0 40.33 60.5701
59 29 0 63.9911 61.0975
59 30 0 38.1803 65.8983
59 31 0 25.5676 47.7192
59 32 0 55.773 85.9116
59 33 0 31.649 12.1989
59 34 0 52.4414 39.5599
59 35 0 71.5304 15.975
59 36 0 33.613 92.4886
59 37 0 16.2133 1.51146
59 38 0 11.3825 29.2212
59 39 0 30.5915 74.8001
59 40 0 76.4146 22.0667
59 41 0 75.0106 0.487803
59 42 0 34.5736 2.04373
59 43 0 12.0523 12.0045
59 44 0 65.8421 29.3489
59 45 0 28.9783 48.8969
59 46 0 7.76668 93.0412
59 47 0 59.0948 83.7331
59 48 0 19.8426 72.5413
59 49 0 58.5416 10.2496
59 50 0 69.4253 34.8059
59 51 0 60.359 15.4742
59 52 0 41.4692 58.9102
59 53 0 7.34753 28.293
59 54 0 2.33649 82.4493
59 55 0 7.78599 80.0063
59 56 0 73.6764 47.4019
59 57 0 71.3562 24.8736
59 58 0 24.4213 65.8483
59 60 1 53.045 65.7275
60 1 1 96.4931 83.2551
60 2 0 95.4973 52.3067
60 3 0 71.9589 31.902
60 4 0 52.6526 18.6424
60 5 0 92.3111 39.9407
60 6 0 93.8518 66.909
60 7 0 13.4044 87.1958
60 8 0 23.6786 43.0195
60 9 0 28.8027 65.5965
60 10 0 2.17185 98.3224
60 11 0 79.313 60.6956
60 12 0 0.860026 53.25
60 13 0 23.7363 45.0674
60 14 0 70.6358 84.0679
60 15 0 32.1193 99.4812
60 16 0 87.2846 87.9251
60 17 0 67.8605 60.6093
60 18 0 76.9026 56.8684
60 19 0 78.6406 27.1976
60 20 0 35.6944 85.6103
60 21 0 13.0722 41.1446
60 22 0 16.4854 16.477
60 23 0 27.7364 10.9904
60 24 0 53.6298 82.3953
60 25 0 55.8467 86.5843
60 26 0 94.0486 74.2348
60 27 0 0.601921 68.4886
60 28 0 16.2192 15.7042
60 29 0 27.288 33.2303
60 30 0 29.5588 34.0698
60 31 0 75.7913 69.3735
60 32 0 1.54717 3.05185
60 33 0 99.8682 60.0663
60 34 0 51.433 81.907
60 35 0 56.7013 22.983
60 36 0 21.3735 17.1883
60 37 0 30.3398 42.891
60 38 0 41.8072 64.7607
60 39 0 93.281 28.7195
60 40 0 79.1575 10.3024
60 41 0 3.25117 2.11358
60 42 0 89.9905 55.6389
60 43 0 61.1005 86.9872
60 44 0 49.0506 75.1522
60 45 0 25.8005 86.7257
60 46 0 78.797 69.0814
60 47 0 61.372 69.4446
60 48 0 55.4854 19.5342
60 49 0 74.7668 77.4704
60 50 0 88.294 51.4395
60 51 0 15.5028 80.7124
60 52 0 32.7677 18.5012
60 53 0 95.3491 97.1204
60 54 0 5.58695 22.8103
60 55 0 79.6761 12.4589
60 56 0 91.9955 68.113
60 57 0 81.3864 91.2502
60 58 0 88.7982 50.5135
60 59 0 53.9801 80.4177
2.65253 0.259224 20.7201 31.4774 7.85681 16.2106 9.39337 38.443 25.71 15.2802 7.42999 39.2732 16.1277 13.957 18.0758 31.2673 4.23994 3.90074 22.6025 7.39649 15.0446 30.7972 17.6549 20.4467 37.9725 22.1018 8.36246 20.6799 13.5596 39.7434 15.1598 24.8103 29.9156 21.1002 11.4529 22.7288 33.3769 18.2939 7.49054 5.89188 6.53343 15.4424 28.1846 25.0098 24.4549 18.8101 0.336927 21.7265 38.4902 16.9928 9.33247 35.7935 28.513 16.9523 30.7595 27.2605 13.1833 8.4193 24.7927 12.6409 