60
100
2
100
1 2 1 60.1736 88.9397
1 3 0 71.9969 51.7103
1 4 0 83.204 43.3543
1 5 0 45.0277 41.344
1 6 0 86.6945 26.5973
1 7 0 6.65055 44.5403
1 8 0 93.1293 10.2586
1 9 0 35.9389 75.2126
1 10 0 36.7589 89.0298
1 11 0 49.3262 35.3471
1 12 0 89.3244 74.4269
1 13 0 68.6065 95.4583
1 14 0 38.1861 89.1811
1 15 0 72.2241 89.8758
1 16 0 51.7543 54.6924
1 17 0 80.4153 95.6805
1 18 0 23.3929 45.3415
1 19 0 14.0245 88.0193
1 20 0 23.5846 15.0962
1 21 0 76.3373 65.9989
1 22 1 32.1431 88.4771
1 23 0 39.5971 40.138
1 24 0 86.4412 38.8835
1 25 0 62.2563 51.9039
1 26 0 55.2539 78.7307
1 27 0 76.0054 42.4842
1 28 0 84.9581 21.2116
1 29 0 86.2763 84.4264
1 30 0 15.0034 34.5236
1 31 0 1.4855 43.3528
1 32 0 83.8422 38.9563
1 33 0 34.2383 49.2843
1 34 0 91.4736 67.0539
1 35 0 9.92142 23.3498
1 36 0 39.6051 37.4899
1 37 0 97.1135 67.7331
1 38 0 72.6147 49.9538
1 39 0 17.6724 12.2538
1 40 0 29.1747 39.5684
1 41 0 6.60039 65.759
1 42 0 42.352 57.9795
1 43 0 30.976 44.1801
1 44 0 78.9225 85.9844
1 45 0 23.5721 66.2324
1 46 0 66.8701 38.6673
1 47 0 2.8016 45.6499
1 48 0 42.8101 11.0882
1 49 0 91.3687 18.9948
1 50 0 53.4552 38.6069
1 51 0 46.7118 71.3677
1 52 0 42.3908 52.5788
1 53 0 25.8928 20.9147
1 54 0 9.71353 70.1313
1 55 0 20.9277 32.5073
1 56 0 78.715 44.3888
1 57 0 97.3605 77.6471
1 58 0 53.8093 26.655
1 59 0 31.0938 3.39073
1 60 0 33.1289 2.92354
2 1 1 54.9624 1.52091
2 3 1 41.2327 6.61231
2 4 0 71.5214 24.7065
2 5 0 72.2244 73.6848
2 6 0 72.1522 29.8236
2 7 0 51.7196 95.4454
2 8 0 19.648 40.6251
2 9 0 24.664 90.6804
2 10 0 38.3554 30.2604
2 11 0 32.6622 61.498
2 12 0 85.5022 25.5441
2 13 0 62.0385 60.6058
2 14 0 46.3644 7.01446
2 15 0 93.8283 87.7954
2 16 0 8.72409 39.8377
2 17 0 51.2876 95.9977
2 18 0 60.5106 97.0392
2 19 0 39.1152 6.81191
2 20 0 1.57318 85.2387
2 21 0 31.3456 58.5926
2 22 0 40.3876 81.2882
2 23 0 25.1087 34.7574
2 24 0 60.0672 20.8341
2 25 0 19.1423 38.9164
2 26 0 1.40556 26.3723
2 27 0 1.7147 91.9749
2 28 0 54.5281 81.6837
2 29 0 36.1056 59.3256
2 30 0 26.2717 31.1334
2 31 0 41.3729 58.5832
2 32 0 11.0944 98.3564
2 33 0 49.2964 39.6773
2 34 0 48.0453 8.36921
2 35 0 57.7792 56.6534
2 36 0 74.1552 46.1149
2 37 0 50.8396 19.4224
2 38 0 18.8742 20.7478
2 39 0 96.2548 88.4694
2 40 0 70.6673 7.0998
2 41 0 64.3989 38.0808
2 42 0 29.6943 2.67972
2 43 0 68.661 45.5648
2 44 0 39.3426 38.8938
2 45 0 79.6776 77.5034
2 46 0 28.1276 31.5976
2 47 0 91.9481 76.8501
2 48 0 80.6944 36.6767
2 49 0 2.1986 84.7992
2 50 0 54.0987 73.7271
2 51 0 37.5163 78.6019
2 52 0 88.85 12.8125
2 53 0 97.5429 98.7757
2 54 0 26.1386 53.2101
2 55 0 50.3343 22.5704
2 56 0 21.1149 77.2582
2 57 0 77.8914 82.7954
2 58 0 85.7092 71.9699
2 59 0 93.5586 73.62
2 60 0 87.1352 19.6504
3 1 0 79.8502 4.74201
3 2 0 81.8857 2.25495
3 4 1 70.48 51.6972
3 5 0 41.0541 49.5888
3 6 0 68.2496 61.4517
3 7 0 71.3565 21.8948
3 8 0 99.3802 89.3988
3 9 0 35.755 98.9642
3 10 0 37.2137 36.9268
3 11 0 83.6874 41.8405
3 12 0 66.1756 38.0902
3 13 0 80.3328 13.2943
3 14 0 72.3726 56.9666
3 15 0 80.8842 24.3017
3 16 0 65.4244 57.7632
3 17 0 95.7751 73.4432
3 18 0 20.8033 63.4451
3 19 0 59.0176 61.9512
3 20 0 14.8379 98.3494
3 21 0 81.7423 13.7434
3 22 0 67.3274 13.8022
3 23 0 71.4146 20.5256
3 24 0 52.9335 21.9066
3 25 0 75.5792 59.7295
3 26 0 9.0248 19.6033
3 27 0 6.12952 17.7447
3 28 0 70.0561 91.9848
3 29 0 23.5111 18.9309
3 30 0 23.1631 18.2977
3 31 0 37.1186 30.2788
3 32 0 34.442 76.1496
3 33 0 71.0768 26.3222
3 34 0 33.2324 61.3327
3 35 0 18.8838 66.6578
3 36 0 80.6152 66.0541
3 37 0 83.9264 63.779
3 38 0 79.3131 73.8097
3 39 0 18.7457 8.64365
3 40 0 61.2232 91.169
3 41 0 53.6441 95.0641
3 42 0 72.2305 38.8612
3 43 0 87.4031 16.2738
3 44 0 16.9734 96.2456
3 45 0 13.5108 6.60484
3 46 0 18.0984 30.2432
3 47 0 55.3183 99.9612
3 48 0 71.1625 73.0898
3 49 0 99.273 19.0534
3 50 0 53.8813 42.8807
3 51 0 78.1737 81.1874
3 52 0 56.5546 31.1749
3 53 0 99.4418 81.8068
3 54 0 58.5994 97.0084
3 55 0 82.8442 27.1872
3 56 0 58.479 10.2057
3 57 0 39.6193 14.5695
3 58 0 78.7275 73.7322
3 59 0 60.2774 36.0279
3 60 0 75.443 85.5942
4 1 0 14.9055 14.0878
4 2 0 35.1461 13.1828
4 3 0 87.2315 77.7759
4 5 1 85.8284 75.3197
4 6 0 0.0270998 64.4519
4 7 0 53.3452 62.8321
4 8 0 79.7501 10.5236
4 9 0 81.5929 98.8346
4 10 0 81.7852 97.7925
4 11 0 14.4953 6.53457
4 12 0 36.8843 0.492759
4 13 0 14.4702 74.2026
4 14 0 14.7223 63.2091
4 15 0 68.18 70.7791
4 16 0 15.3105 68.0655
4 17 0 1.95222 33.7992
4 18 0 34.0121 26.0179
4 19 0 81.6437 99.2264
4 20 0 22.5986 26.5179
4 21 0 52.048 41.9886
4 22 0 50.4858 1.42872
4 23 0 5.9542 76.0559
4 24 0 22.6711 67.7938
4 25 0 10.9006 57.4821
4 26 0 12.8339 73.4045
4 27 0 8.57196 72.2962
4 28 0 16.9764 45.3585
4 29 0 99.7905 31.5769
4 30 0 62.631 1.54947
4 31 0 50.5966 14.2771
4 32 0 72.236 78.84
4 33 0 27.7992 12.5703
4 34 0 34.2819 70.7293
4 35 0 69.3515 68.3499
4 36 0 66.1783 26.7992
4 37 0 11.0138 76.8705
4 38 0 30.8003 54.4372
4 39 0 51.8229 28.0472
4 40 0 64.1056 78.5367
4 41 0 16.372 47.7614
4 42 0 82.2101 42.6946
4 43 0 91.3614 61.981
4 44 0 43.108 26.4333
4 45 0 82.5954 11.5891
4 46 0 8.99976 83.9416
4 47 0 61.3781 87.6776
4 48 0 32.1727 26.6088
4 49 0 4.14743 75.9403
4 50 0 70.9073 66.2861
4 51 0 5.77695 63.6567
4 52 0 49.4498 82.6244
4 53 0 94.6103 98.3426
4 54 0 77.77 1.91449
4 55 0 26.5804 99.7186
4 56 0 98.1915 87.012
4 57 0 5.21904 11.9342
4 58 0 81.4667 29.2913
4 59 0 91.2216 69.4525
4 60 0 58.8831 96.0471
5 1 0 63.7604 38.9064
5 2 0 23.8884 7.47473
5 3 0 39.0153 85.8616
5 4 1 20.9902 92.5458
5 6 1 40.6725 33.0215
5 7 0 49.0981 45.0824
5 8 0 11.0388 60.6798
5 9 0 59.0791 29.5398
5 10 0 11.577 38.3677
5 11 0 20.3436 81.5088
5 12 0 62.7575 74.6883
5 13 0 74.5491 40.2547
5 14 0 23.3711 76.6198
5 15 0 47.4457 29.3973
5 16 0 36.7538 73.9975
5 17 0 37.423 6.60328
5 18 0 35.5741 17.9869
5 19 0 93.9988 27.7884
5 20 0 29.0867 86.9953
5 21 0 42.1799 5.95188
5 22 0 82.0037 83.9205
5 23 0 92.5152 49.1466
5 24 0 2.98754 3.9771
5 25 0 68.9159 11.2431
5 26 0 3.54504 16.7989
5 27 0 60.9503 73.0579
5 28 0 22.1795 18.0357
5 29 0 0.300571 44.6269
5 30 0 3.95079 25.2922
5 31 0 41.5036 84.8145
5 32 0 2.54135 77.9027
5 33 0 97.6107 31.5065
5 34 0 92.2747 24.0629
5 35 0 54.8643 35.4118
5 36 0 65.7394 54.9838
5 37 0 93.1552 69.9656
5 38 0 79.1038 46.2382
5 39 0 81.9786 74.5081
5 40 0 12.4564 43.5494
5 41 0 25.5857 43.1266
5 42 0 21.1157 58.7
5 43 0 18.7703 14.3896
5 44 0 68.7707 25.0965
5 45 1 1.008 57.5919
5 46 0 50.5632 26.0606
5 47 0 17.4941 70.4454
5 48 0 91.5636 20.6569
5 49 0 30.3578 21.4554
5 50 0 51.6869 55.8343
5 51 0 97.3352 82.0563
5 52 0 15.1175 63.2067
5 53 0 61.4007 22.0191
5 54 0 51.2448 20.4155
5 55 0 44.4104 6.88372
5 56 0 9.3515 25.5175
5 57 0 61.4817 10.0181
5 58 0 98.5519 49.8212
5 59 0 6.20594 15.6406
5 60 0 42.7021 34.8649
6 1 0 94.2852 23.0667
6 2 0 28.5626 62.2675
6 3 0 94.8679 85.6532
6 4 0 50.9833 47.7469
6 5 0 61.3949 62.5923
6 7 1 5.62675 82.7537
6 8 0 89.9017 11.4878
6 9 0 73.7928 41.4626
6 10 0 23.3058 71.0731
6 11 0 70.5538 73.4787
6 12 0 3.35334 0.396186
6 13 0 35.039 10.6285
6 14 0 38.2477 84.0068
6 15 0 19.7753 45.6645
6 16 0 29.6664 79.7525
6 17 0 75.6937 78.4675
6 18 0 60.0417 18.0021
6 19 0 14.2242 89.576
6 20 0 3.29021 44.201
6 21 0 72.5785 29.941
6 22 0 73.9723 29.9112
6 23 0 74.9205 27.6719
6 24 1 88.8781 43.6509
6 25 0 0.68269 1.56337
6 26 1 59.5524 46.8591
6 27 0 88.2418 74.3933
6 28 0 37.7021 31.1981
6 29 0 74.6714 81.4931
6 30 0 74.7509 22.8673
6 31 0 9.13226 21.349
6 32 0 28.0077 30.1731
6 33 0 65.6771 12.3949
6 34 0 88.6791 60.1489
6 35 0 72.7565 12.4678
6 36 0 85.965 19.432
6 37 0 12.5801 14.4076
6 38 0 80.0368 99.9209
6 39 0 23.3829 28.8823
6 40 0 52.6043 49.0521
6 41 0 0.929031 98.1787
6 42 0 58.6867 62.3445
6 43 0 15.3523 94.0417
6 44 0 29.9012 24.8516
6 45 0 44.2273 9.80035
6 46 0 63.6002 58.9365
6 47 0 72.6199 76.3973
6 48 0 81.1404 23.3442
6 49 0 49.7969 66.1596
6 50 0 51.6889 80.4499
6 51 0 78.8099 61.961
6 52 0 30.5683 54.8014
6 53 0 73.3187 94.735
6 54 0 17.4529 47.2462
6 55 0 12.5563 45.8495
6 56 1 76.9901 39.3917
6 57 0 28.66 81.2478
6 58 0 24.9004 98.5107
6 59 0 36.6085 93.3215
6 60 0 26.1305 33.1903
7 1 0 23.9923 41.591
7 2 1 36.555 88.2598
7 3 0 79.7229 10.1371
7 4 0 98.5914 44.3088
7 5 0 16.8138 94.0951
7 6 0 87.1338 3.85421
7 8 1 2.247 75.6073
7 9 0 58.1187 37.3093
7 10 0 0.260427 3.02382
7 11 0 89.3175 81.8075
7 12 0 59.8549 20.4444
7 13 0 47.5262 46.3224
7 14 0 61.4489 38.0886
7 15 0 84.1112 55.8525
7 16 0 96.6666 82.3469
7 17 0 84.0603 94.1272
7 18 0 59.8973 54.4816
7 19 0 23.8508 18.4827
7 20 0 65.3309 78.932
7 21 0 44.2148 13.6117
7 22 0 68.1409 41.0997
7 23 0 39.267 62.7293
7 24 0 18.4214 90.1424
7 25 0 96.3397 91.02
7 26 0 94.1187 93.0331
7 27 0 28.7925 42.355
7 28 0 55.5921 4.7469
7 29 0 97.1791 72.6929
7 30 0 11.9829 56.0548
7 31 0 76.1472 97.041
7 32 0 64.2206 71.1128
7 33 0 65.5531 49.5961
7 34 0 71.9061 77.747
7 35 0 0.510926 61.7114
7 36 0 61.3013 68.7917
7 37 0 96.9505 12.7566
7 38 0 32.5513 94.455
7 39 0 70.4319 44.8799
7 40 0 21.1681 8.3434
7 41 0 2.90618 19.5302
7 42 0 81.5507 96.2759
7 43 0 53.3288 27.5975
7 44 0 45.001 55.143
7 45 0 51.2048 91.7286
7 46 0 71.3987 60.2332
7 47 0 36.0064 96.8537
7 48 0 16.7549 70.0919
7 49 0 39.9137 19.4425
7 50 0 36.5348 74.8063
7 51 0 42.1871 80.4184
7 52 0 78.6726 41.7858
7 53 0 99.2986 39.9973
7 54 0 14.9303 27.5789
7 55 0 58.301 34.1545
7 56 0 59.5384 8.0718
7 57 0 21.8311 69.5945
7 58 0 60.3648 18.0909
7 59 0 78.8561 68.1943
7 60 0 47.9265 49.1877
8 1 0 57.2692 99.5048
8 2 0 94.0845 81.9309
8 3 0 15.6492 38.2427
8 4 0 39.3992 38.9769
8 5 0 82.784 23.1643
8 6 0 20.8965 56.7114
8 7 0 33.9177 98.4076
8 9 1 40.5752 47.1112
8 10 0 78.152 93.7637
8 11 0 36.8396 80.4199
8 12 0 51.1831 16.6091
8 13 0 24.5415 57.9923
8 14 0 47.4901 15.3689
8 15 0 63.8908 69.6333
8 16 0 25.8151 51.3214
8 17 0 2.90292 22.8402
8 18 0 50.4207 10.9904
8 19 0 84.4952 73.311
8 20 0 81.8708 93.7238
8 21 0 0.762766 81.0331
8 22 0 5.28082 21.2657
8 23 0 79.0489 53.8165
8 24 0 92.5336 34.2227
8 25 0 33.9022 57.5456
8 26 0 48.0229 64.4401
8 27 0 29.2708 81.1536
8 28 0 16.002 2.63232
8 29 0 76.1931 48.7948
8 30 0 94.1615 41.8135
8 31 0 58.2065 49.7554
8 32 0 13.1468 43.6498
8 33 0 67.5727 22.3757
8 34 0 99.1335 67.3123
8 35 0 1.17615 76.914
8 36 0 89.3784 76.5929
8 37 0 90.7113 14.8042
8 38 0 56.55 44.149
8 39 0 33.6133 31.7707
8 40 0 36.5854 95.121
8 41 0 12.3749 58.6792
8 42 0 89.6706 98.2902
8 43 0 36.2291 5.20935
8 44 0 16.419 35.0854
8 45 0 55.6525 82.8077
8 46 0 7.26083 14.3942
8 47 0 13.0912 82.9072
8 48 0 38.4884 14.0275
8 49 0 20.6993 61.031
8 50 0 19.8096 23.5902
8 51 0 25.6603 47.0821
8 52 0 25.9359 68.2346
8 53 0 89.6689 8.61039
8 54 0 98.2881 69.611
8 55 0 69.7041 11.954
8 56 1 68.8369 18.4491
8 57 0 71.0524 13.0817
8 58 0 78.0665 55.8519
8 59 0 51.4551 35.1577
8 60 0 54.6721 48.9626
9 1 0 62.5298 77.6411
9 2 0 54.5443 14.7012
9 3 0 87.7436 10.6945
9 4 0 82.994 7.59036
9 5 0 39.0902 25.8699
9 6 0 54.1635 84.5277
9 7 0 49.9055 53.4802
9 8 0 90.5234 42.5761
9 10 1 54.5092 41.3956
9 11 0 24.1374 16.9607
9 12 0 10.783 71.1674
9 13 0 54.4891 95.8593
9 14 0 9.47184 60.798
9 15 0 75.0339 3.15328
9 16 0 8.71776 61.1441
9 17 0 37.5906 69.8214
9 18 0 46.1548 99.4979
9 19 0 32.7081 43.2773
9 20 0 88.2202 62.6655
9 21 0 37.734 63.8096
9 22 0 79.197 9.84497
9 23 0 42.2536 53.3443
9 24 0 35.1846 60.1486
9 25 0 28.5589 16.4957
9 26 0 26.4506 18.7065
9 27 0 64.5316 4.5865
9 28 0 6.53001 88.4701
9 29 0 90.8538 48.405
9 30 0 1.8905 65.6134
9 31 0 16.6797 64.4829
9 32 0 89.2403 45.6501
9 33 0 4.87454 22.0678
9 34 0 81.9565 97.1665
9 35 0 55.557 59.2419
9 36 0 95.1148 31.3586
9 37 0 5.47591 94.3096
9 38 0 47.3666 61.6392
9 39 0 76.875 93.3602
9 40 0 28.0473 61.058
9 41 0 68.3559 47.0288
9 42 0 73.8008 51.5705
9 43 0 74.5869 10.2259
9 44 0 16.7988 64.8989
9 45 0 56.8601 40.6771
9 46 0 73.5698 78.2715
9 47 0 37.2673 48.5919
9 48 0 55.4044 15.8408
9 49 0 99.4151 85.2605
9 50 0 79.6258 40.4927
9 51 0 29.5146 23.1755
9 52 0 82.2496 50.5349
9 53 0 90.7717 35.7131
9 54 0 53.5641 75.77
9 55 0 20.2903 63.8157
9 56 0 72.5108 46.1835
9 57 0 95.3002 60.1922
9 58 0 70.3721 25.1333
9 59 0 64.2476 51.4215
9 60 0 57.8529 70.0444
10 1 0 86.7433 42.4144
10 2 0 74.6914 5.79797
10 3 0 88.3078 73.5954
10 4 0 47.8579 74.7284
10 5 0 99.4016 19.8235
10 6 0 18.7172 58.3723
10 7 0 52.0252 80.6807
10 8 0 19.3365 46.432
10 9 0 42.8921 76.8081
10 11 1 92.1419 50.0835
10 12 0 65.2611 10.3186
10 13 0 67.9031 30.8173
10 14 0 29.1496 23.6833
10 15 0 14.9882 55.963
10 16 0 85.4617 55.7085
10 17 0 9.79517 18.3392
10 18 0 94.504 37.5001
10 19 0 89.8974 64.0481
10 20 0 74.5299 74.2593
10 21 0 27.4989 74.1258
10 22 0 22.0283 46.5986
10 23 0 93.1561 85.8901
10 24 0 55.1173 63.3941
10 25 0 44.0556 30.2759
10 26 0 64.0378 63.9902
10 27 0 56.1518 34.1574
10 28 0 53.8259 0.0867915
10 29 0 22.549 84.4615
10 30 0 54.0398 63.1543
10 31 0 80.2858 97.9429
10 32 0 80.5031 39.9465
10 33 0 66.9967 64.7605
10 34 0 43.7561 44.0883
10 35 0 52.6477 34.7274
10 36 0 8.81508 36.9973
10 37 0 34.2211 6.37111
10 38 0 82.7099 57.9075
10 39 0 7.47101 16.9215
10 40 0 59.5861 22.7265
10 41 0 94.836 82.5262
10 42 0 91.8588 48.5307
10 43 0 46.0852 82.7594
10 44 0 37.7976 12.7569
10 45 0 26.4193 92.6977
10 46 0 42.1999 13.4483
10 47 0 41.2095 96.3663
10 48 0 65.3175 58.7045
10 49 0 49.2427 42.048
10 50 0 24.5712 77.4037
10 51 0 62.6041 55.054
10 52 0 93.9893 27.0675
10 53 0 8.99186 64.4797
10 54 0 25.8291 15.3532
10 55 0 12.3737 96.01
10 56 0 89.6407 40.6605
10 57 0 71.4328 20.3076
10 58 0 5.4006 32.9278
10 59 0 44.4517 26.1333
10 60 0 68.3676 45.5256
11 1 0 86.6685 40.9536
11 2 0 74.2363 65.0991
11 3 0 71.7524 49.0283
11 4 0 64.3755 4.67017
11 5 0 67.6906 24.4315
11 6 0 88.1329 12.3825
11 7 0 48.4658 78.2391
11 8 0 78.261 0.445403
11 9 0 14.035 22.8764
11 10 0 56.701 57.6975
11 12 1 5.94641 30.9855
11 13 0 59.0659 83.5484
11 14 0 88.8806 91.5331
11 15 0 30.8565 28.5295
11 16 0 9.46372 34.9125
11 17 0 17.9061 79.2306
11 18 0 91.872 0.186524
11 19 0 26.1182 73.7419
11 20 0 91.1774 81.9739
11 21 0 74.4247 73.8817
11 22 0 71.2018 89.5999
11 23 0 87.8196 17.3768
11 24 0 51.595 99.9472
11 25 0 63.6496 92.4175
11 26 0 83.7653 29.9662
11 27 0 51.3551 41.948
11 28 0 34.5013 65.6322
11 29 0 10.9133 13.9005
11 30 0 48.1251 18.1616
11 31 0 15.6139 27.3379
11 32 0 75.093 74.5267
11 33 0 41.9541 36.6044
11 34 0 90.5869 19.2532
11 35 0 17.4055 20.2185
11 36 0 38.4824 29.4165
11 37 0 53.657 69.5717
11 38 0 86.5751 24.3278
11 39 0 49.0969 80.2788
11 40 0 96.951 88.0695
11 41 0 67.7867 10.1046
11 42 0 43.3945 21.4691
11 43 0 32.9886 2.32424
11 44 0 62.9054 83.2683
11 45 0 63.7901 5.94018
11 46 0 85.9396 82.1299
11 47 0 13.0847 67.5002
11 48 0 54.76 53.6424
11 49 0 28.5365 67.4032
11 50 0 57.0565 46.6799
11 51 0 25.195 70.9386
11 52 0 55.4854 79.2137
11 53 0 72.6762 75.5248
11 54 0 80.314 10.4342
11 55 0 41.3384 91.7724
11 56 0 75.5386 25.077
11 57 0 51.0045 72.9233
11 58 0 41.7726 21.7111
11 59 0 11.6854 18.123
11 60 0 47.9144 91.2104
12 1 0 14.4333 80.5427
12 2 0 12.2135 27.8267
12 3 0 63.9897 81.8106
12 4 0 86.3279 66.7012
12 5 0 13.0965 44.5086
12 6 0 79.8035 55.7635
12 7 0 3.35644 49.6843
12 8 0 22.8015 54.5179
12 9 0 33.0974 53.8015
12 10 0 77.8715 83.9494
12 11 0 96.8496 37.0072
12 13 1 17.6005 67.8185
12 14 0 24.0216 80.2732
12 15 0 8.55647 48.9014
12 16 0 84.5892 41.2319
12 17 0 37.7133 91.1319
12 18 0 31.1018 77.0541
12 19 0 69.7283 82.7803
12 20 0 36.6167 6.01581
12 21 0 72.5798 76.4424
12 22 0 50.8243 31.6808
12 23 0 50.7285 12.41
12 24 0 57.5701 88.0157
12 25 0 23.0225 45.5817
12 26 0 50.4416 51.6662
12 27 0 81.0463 70.7192
12 28 0 64.3453 17.6669
12 29 0 27.7704 52.5958
12 30 0 38.7281 97.5993
12 31 0 26.2524 61.9641
12 32 0 68.6864 13.6232
12 33 0 67.6311 67.7629
12 34 0 90.4072 30.316
12 35 0 39.241 63.4783
12 36 0 12.876 79.72
12 37 0 47.6387 21.4852
12 38 0 75.3424 49.9228
12 39 0 54.8517 1.13614
12 40 0 3.53727 93.7209
12 41 0 52.0503 64.7904
12 42 0 97.8093 71.9982
12 43 0 81.2321 90.0964
12 44 1 80.5414 48.6353
12 45 0 14.8976 98.1354
12 46 0 11.4927 1.3781
12 47 0 56.9422 61.6499
12 48 0 45.4592 61.7775
12 49 0 21.0857 27.9601
12 50 0 29.4545 85.2881
12 51 0 24.2614 83.6047
12 52 0 32.0222 59.6875
12 53 0 8.54511 25.6659
12 54 0 71.7972 66.2645
12 55 0 60.8634 66.5098
12 56 0 9.05629 26.9373
12 57 0 93.9968 4.91622
12 58 0 11.2605 68.1061
12 59 0 93.4309 34.9331
12 60 0 42.5406 7.74451
13 1 0 94.161 28.7048
13 2 0 41.4811 29.9263
13 3 0 48.8927 49.9797
13 4 0 58.2181 60.4173
13 5 0 92.9588 44.6543
13 6 0 81.8855 12.7802
13 7 0 20.4463 93.8101
13 8 0 72.4886 41.1831
13 9 0 17.6984 95.113
13 10 0 92.3931 50.4975
13 11 0 68.4008 25.3229
13 12 0 72.9834 20.4639
13 14 1 44.4736 42.1851
13 15 0 59.2415 11.3677
13 16 0 98.1019 95.2846
13 17 0 35.1172 57.4571
13 18 0 30.5776 46.4271
13 19 0 16.5733 56.8391
13 20 0 33.0617 3.53335
13 21 0 68.3164 36.2226
13 22 0 20.9994 35.8303
13 23 0 52.8802 6.41635
13 24 0 58.2754 99.1343
13 25 0 52.9402 33.6406
13 26 0 46.0928 82.2631
13 27 0 98.5097 11.8073
13 28 0 65.7108 56.6731
13 29 0 29.446 20.1671
13 30 0 27.7698 79.9724
13 31 0 6.94891 74.1277
13 32 0 72.1212 4.15708
13 33 0 36.1872 49.1763
13 34 0 0.834639 83.1755
13 35 0 52.2614 50.3462
13 36 0 17.6215 80.832
13 37 0 27.3324 23.2487
13 38 0 17.9213 45.1226
13 39 0 6.82424 85.0788
13 40 0 3.63359 7.14058
13 41 0 61.1685 27.5163
13 42 0 43.3196 44.034
13 43 0 14.8597 1.46464
13 44 0 56.1548 97.0565
13 45 0 4.66241 65.6912
13 46 0 96.6966 92.4755
13 47 0 40.3829 49.2558
13 48 0 34.1115 62.0824
13 49 0 75.9165 30.7108
13 50 0 72.3094 8.67991
13 51 0 69.805 73.5089
13 52 0 4.4174 41.3308
13 53 0 30.6449 13.2598
13 54 0 73.286 94.9872
13 55 0 54.6316 5.23017
13 56 0 50.3558 47.5851
13 57 0 18.0346 5.98149
13 58 0 21.5025 86.5888
13 59 0 98.5153 16.2714
13 60 0 36.099 66.0514
14 1 0 12.7486 84.3348
14 2 0 3.09695 18.1442
14 3 0 66.5269 17.9762
14 4 0 15.7359 76.4309
14 5 0 23.129 59.9442
14 6 0 47.7104 30.9098
14 7 0 47.7328 0.826777
14 8 0 72.175 59.0653
14 9 0 34.7849 18.5685
14 10 0 1.45515 74.5497
14 11 0 41.7793 72.1619
14 12 0 49.5748 32.0247
14 13 0 45.8165 72.2884
14 15 1 58.8605 61.4872
14 16 0 81.0804 78.9349
14 17 0 83.5102 28.0863
14 18 0 11.897 64.2947
14 19 0 72.796 96.9187
14 20 0 37.9084 9.79856
14 21 0 8.86022 69.2699
14 22 0 92.0626 51.417
14 23 0 68.7762 48.9872
14 24 0 93.8419 97.3917
14 25 0 48.8373 59.8401
14 26 0 5.04812 54.9381
14 27 0 1.28716 37.5323
14 28 0 79.9065 83.2126
14 29 0 89.0844 45.8009
14 30 0 31.6555 1.28869
14 31 0 13.7789 61.104
14 32 0 56.6753 47.2093
14 33 0 32.2359 21.6538
14 34 0 26.7951 80.4798
14 35 1 95.051 45.0525
14 36 0 22.3868 58.3592
14 37 0 16.2832 75.516
14 38 0 61.9335 57.213
14 39 0 79.1902 20.4399
14 40 0 77.3285 80.147
14 41 0 82.1059 30.9596
14 42 0 41.2337 58.1996
14 43 0 88.1124 18.8711
14 44 0 60.6192 66.672
14 45 0 46.7819 25.4148
14 46 0 43.7274 97.6829
14 47 0 68.9875 34.9525
14 48 0 75.2021 39.5506
14 49 0 32.9873 85.7534
14 50 0 70.8268 22.8249
14 51 0 88.8743 46.6354
14 52 0 72.7403 38.271
14 53 0 12.612 92.5165
14 54 0 44.4109 15.1012
14 55 0 89.7255 27.2439
14 56 0 20.1993 52.4236
14 57 0 29.6847 54.4191
14 58 0 33.2977 46.8011
14 59 0 56.8402 9.36434
14 60 0 13.3796 95.649
15 1 0 68.4466 88.3969
15 2 0 85.004 68.124
15 3 0 96.0687 73.3
15 4 0 60.1058 15.5044
15 5 0 46.8965 88.773
15 6 0 54.7018 64.9474
15 7 0 29.372 55.6946
15 8 0 27.1449 47.3369
15 9 0 86.3902 9.89946
15 10 0 74.9937 32.679
15 11 0 88.8123 87.5002
15 12 0 12.7625 28.6329
15 13 0 85.0473 96.9531
15 14 0 44.2729 83.5335
15 16 1 18.1811 90.8043
15 17 0 25.9979 47.6402
15 18 0 49.2678 95.0329
15 19 0 43.6753 90.5078
15 20 0 17.1589 8.62512
15 21 0 63.066 26.6728
15 22 0 26.7348 7.7946
15 23 0 50.4782 31.2242
15 24 0 55.4069 62.3883
15 25 0 51.3421 88.4756
15 26 0 89.1962 57.0495
15 27 0 55.3905 35.5312
15 28 0 21.0361 47.6345
15 29 0 99.478 47.0738
15 30 0 11.1324 19.9466
15 31 0 15.2087 48.2878
15 32 0 48.9338 42.942
15 33 0 86.2838 24.6699
15 34 0 29.5847 14.0304
15 35 0 7.01787 82.7529
15 36 0 2.23642 55.0328
15 37 0 21.686 67.3347
15 38 0 59.2861 70.3835
15 39 0 70.3626 35.899
15 40 0 12.7578 50.9026
15 41 0 84.6614 3.8881
15 42 0 70.5857 62.9037
15 43 0 2.32644 33.2997
15 44 0 14.4608 49.0277
15 45 0 0.434381 23.3063
15 46 0 21.4478 51.2139
15 47 0 43.2501 26.5986
15 48 0 72.351 84.8485
15 49 0 93.9998 24.5382
15 50 0 19.6013 37.866
15 51 0 62.8008 86.449
15 52 0 93.5043 86.7462
15 53 0 87.587 12.5343
15 54 0 70.4209 51.2006
15 55 0 13.454 14.3584
15 56 0 72.4768 1.77992
15 57 0 5.1286 42.7375
15 58 0 72.8876 9.39794
15 59 0 95.2183 17.9419
15 60 0 96.297 97.8183
16 1 0 9.5883 60.014
16 2 0 41.5949 4.86885
16 3 0 92.914 41.8865
16 4 0 68.0487 98.6777
16 5 0 90.3478 26.4231
16 6 0 94.0145 21.1154
16 7 0 50.582 26.6153
16 8 0 52.9286 85.307
16 9 0 42.3472 64.8005
16 10 0 97.6304 86.7657
16 11 0 22.3206 23.4817
16 12 0 98.05 42.6568
16 13 0 88.763 38.5537
16 14 0 6.58913 32.9156
16 15 0 12.7277 70.5989
16 17 1 39.1649 14.8882
16 18 0 69.2332 69.7393
16 19 0 1.60421 26.5093
16 20 0 17.0502 34.3323
16 21 0 2.56402 48.4576
16 22 0 30.3393 55.6219
16 23 0 33.7248 26.8844
16 24 0 23.6788 34.5495
16 25 0 40.3753 42.0051
16 26 0 0.630691 19.3955
16 27 0 67.2419 55.4849
16 28 0 77.1111 74.4588
16 29 0 10.5645 35.264
16 30 0 30.8442 54.6788
16 31 0 34.0933 21.9421
16 32 0 5.94031 68.2227
16 33 0 33.6156 46.7208
16 34 0 0.811384 90.7019
16 35 0 61.4019 72.7582
16 36 0 81.2816 80.4104
16 37 0 85.8132 56.3156
16 38 0 0.64934 40.5933
16 39 0 50.6104 80.0529
16 40 0 29.2362 61.0328
16 41 0 85.9404 93.6134
16 42 0 99.4949 82.0059
16 43 0 86.9855 28.9122
16 44 0 20.63 90.1949
16 45 0 63.5111 30.7396
16 46 0 30.7888 85.5196
16 47 0 46.0297 85.1472
16 48 0 29.7903 96.7919
16 49 0 38.5202 68.9747
16 50 0 82.6835 90.869
16 51 0 28.8927 0.675887
16 52 0 3.20562 7.77644
16 53 0 36.9272 48.8481
16 54 0 25.744 68.6782
16 55 0 27.2321 43.426
16 56 0 74.3336 86.7502
16 57 0 76.7186 80.9592
16 58 0 85.0983 42.8375
16 59 0 35.198 90.3433
16 60 0 12.2255 27.4108
17 1 0 47.4377 29.6278
17 2 0 3.61579 94.1511
17 3 0 5.92683 81.0633
17 4 0 19.7609 17.8774
17 5 0 73.3087 21.0285
17 6 0 51.9963 10.2946
17 7 0 56.7529 76.1362
17 8 0 3.64743 32.8922
17 9 0 21.7625 73.7591
17 10 0 62.0904 72.5508
17 11 0 8.77782 70.5587
17 12 0 84.6748 30.7139
17 13 0 97.2833 53.3313
17 14 0 28.7877 36.0758
17 15 0 47.1831 56.8356
17 16 0 11.5261 78.5355
17 18 1 53.999 19.8812
17 19 0 64.7147 46.8044
17 20 0 0.0915404 60.319
17 21 0 10.5823 70.0423
17 22 0 25.371 55.2121
17 23 0 24.9927 65.4501
17 24 0 38.8161 57.7548
17 25 0 76.7737 43.7152
17 26 0 1.48731 66.1853
17 27 0 54.6028 71.2138
17 28 0 29.4193 32.589
17 29 0 19.1687 74.0864
17 30 0 94.832 79.2976
17 31 0 43.5023 20.6564
17 32 0 73.6532 18.6641
17 33 0 10.1582 64.3391
17 34 0 9.34741 11.7171
17 35 0 2.18393 40.9966
17 36 0 99.3935 96.1513
17 37 0 35.879 39.0454
17 38 0 40.8029 45.4241
17 39 0 7.16746 87.015
17 40 0 61.6025 0.262859
17 41 0 41.2032 25.0321
17 42 0 78.6117 70.099
17 43 1 64.2133 46.384
17 44 0 50.0479 77.3739
17 45 0 60.8365 30.4144
17 46 0 84.456 49.275
17 47 0 5.36895 5.85299
17 48 0 70.8154 60.2867
17 49 0 0.0196549 61.2502
17 50 0 52.3811 88.6468
17 51 0 83.3541 77.0256
17 52 0 35.9581 65.1224
17 53 0 74.7354 41.1603
17 54 0 63.4999 27.818
17 55 0 9.06071 44.492
17 56 0 26.5178 81.8091
17 57 0 1.89704 59.6291
17 58 0 6.02636 86.5245
17 59 0 17.8854 23.5243
17 60 0 12.7308 26.1048
18 1 0 29.7603 86.1026
18 2 0 37.8411 11.6671
18 3 0 14.9081 80.8549
18 4 0 90.2483 62.9777
18 5 0 64.9661 16.8352
18 6 0 12.6799 91.0181
18 7 0 89.6526 8.1707
18 8 0 92.0832 14.6847
18 9 0 73.7239 79.9721
18 10 0 17.6482 1.53311
18 11 0 94.8528 72.5379
18 12 0 63.8548 93.0721
18 13 0 42.1282 35.2202
18 14 0 51.8692 71.275
18 15 0 85.0079 77.8593
18 16 0 52.3364 22.9617
18 17 0 28.9848 88.6471
18 19 1 83.6315 39.9557
18 20 0 27.0966 41.7848
18 21 0 1.82532 48.7705
18 22 0 78.0855 16.0126
18 23 0 60.4331 24.4838
18 24 0 32.4122 37.8201
18 25 1 35.4228 98.3945
18 26 0 13.0611 72.695
18 27 0 49.3917 93.2266
18 28 0 68.9609 58.8325
18 29 0 0.280004 30.136
18 30 0 8.65694 12.8408
18 31 0 11.2038 41.3966
18 32 0 42.8668 16.8397
18 33 0 51.3137 71.701
18 34 0 22.3143 17.6469
18 35 0 83.5851 16.1366
18 36 0 65.6247 43.1239
18 37 0 92.9822 59.97
18 38 0 98.1046 86.4111
18 39 0 69.8265 56.573
18 40 0 67.5281 46.413
18 41 0 82.3458 26.3061
18 42 0 19.3697 92.6314
18 43 0 95.4105 90.7864
18 44 0 52.3587 51.8807
18 45 0 59.9218 15.1288
18 46 0 7.92053 21.7386
18 47 0 19.0467 65.9184
18 48 0 55.2111 14.1338
18 49 0 7.34443 59.9184
18 50 0 25.964 79.4132
18 51 0 53.8352 52.5338
18 52 0 66.3552 88.2049
18 53 0 73.4512 42.1149
18 54 0 44.6368 28.0466
18 55 0 8.85364 5.72689
18 56 0 32.5688 24.4832
18 57 0 20.2855 78.4294
18 58 0 77.43 16.053
18 59 0 97.204 83.6037
18 60 0 80.2225 27.1129
19 1 0 65.5804 94.158
19 2 1 46.7702 37.951
19 3 0 7.18928 62.4371
19 4 0 30.1567 29.0781
19 5 0 35.672 63.5046
19 6 0 38.1612 67.0459
19 7 0 44.8914 65.019
19 8 0 91.7519 44.1653
19 9 0 66.5842 27.947
19 10 0 51.7493 29.8861
19 11 0 28.9879 38.5282
19 12 0 85.8818 64.6625
19 13 0 47.4756 88.3102
19 14 0 44.9674 41.1175
19 15 0 95.7576 61.6882
19 16 0 33.1903 82.5215
19 17 0 43.5497 33.345
19 18 0 1.66359 75.0695
19 20 1 12.3979 59.6947
19 21 0 17.3619 45.6055
19 22 0 10.3559 29.8189
19 23 0 11.6938 35.0911
19 24 0 78.9256 98.4124
19 25 0 71.7598 80.1721
19 26 0 99.2666 89.3747
19 27 0 28.8553 16.4125
19 28 0 10.6597 20.1008
19 29 0 2.51749 48.1743
19 30 0 37.5016 24.0657
19 31 0 94.7341 89.4323
19 32 0 71.7299 21.594
19 33 0 74.4469 43.8478
19 34 0 49.8606 57.6937
19 35 0 86.4885 20.1778
19 36 0 57.5823 54.8917
19 37 0 78.6322 23.3303
19 38 0 11.4223 82.3904
19 39 0 2.38448 90.8233
19 40 0 75.9944 20.4267
19 41 0 6.54661 29.0607
19 42 0 73.8434 57.5715
19 43 0 21.7271 49.7965
19 44 0 39.7814 50.7873
19 45 0 38.5565 2.04326
19 46 0 2.95915 35.3182
19 47 0 50.871 3.86801
19 48 0 89.273 13.7734
19 49 0 26.12 75.0002
19 50 0 84.2489 97.889
19 51 0 94.2914 9.64938
19 52 0 19.1077 21.7946
19 53 0 15.7972 9.07945
19 54 0 37.6021 45.2515
19 55 0 34.4033 65.0413
19 56 0 16.0585 2.19649
19 57 0 18.4798 12.0454
19 58 0 2.56533 1.83496
19 59 0 15.6061 78.6432
19 60 0 75.2035 77.1418
20 1 0 89.3337 42.1101
20 2 0 21.2319 44.4128
20 3 0 54.9663 73.9011
20 4 0 71.277 52.311
20 5 0 43.8521 12.7395
20 6 0 89.8621 83.557
20 7 0 57.6269 78.0732
20 8 0 51.4175 41.8698
20 9 0 90.9515 5.39909
20 10 0 97.7611 15.6116
20 11 0 29.3941 46.1294
20 12 0 26.1381 42.4236
20 13 0 44.2925 9.3342
20 14 0 31.8243 89.5385
20 15 0 63.7723 35.2683
20 16 0 67.1323 46.2495
20 17 0 71.1304 43.2624
20 18 0 57.3411 11.8461
20 19 0 6.54143 56.2565
20 21 1 42.1141 3.99909
20 22 0 20.5234 79.8997
20 23 0 35.5855 55.9494
20 24 0 3.92114 23.767
20 25 0 39.0829 52.3459
20 26 0 89.4868 61.1082
20 27 0 70.2687 12.3435
20 28 0 91.5395 62.7662
20 29 0 8.63649 56.2491
20 30 0 66.6006 14.51
20 31 0 79.8055 74.7631
20 32 0 73.8347 13.1232
20 33 0 21.4206 95.0428
20 34 0 83.0293 95.2677
20 35 0 24.149 74.6371
20 36 0 4.89197 84.1865
20 37 0 97.9125 97.5118
20 38 0 53.4386 44.2674
20 39 0 86.0211 94.0571
20 40 0 93.0298 25.0306
20 41 0 24.4074 66.5041
20 42 0 57.8033 86.3324
20 43 0 3.7167 97.2583
20 44 0 0.493608 38.451
20 45 0 61.7269 76.0042
20 46 0 99.823 81.0442
20 47 0 96.0688 4.0944
20 48 0 71.7531 80.2704
20 49 0 64.1354 84.4956
20 50 0 81.6672 66.0331
20 51 0 91.4653 54.7787
20 52 0 19.5908 50.6691
20 53 0 7.22862 24.9875
20 54 0 15.8506 69.8414
20 55 0 15.4675 8.26103
20 56 0 44.4119 96.8742
20 57 0 89.7666 89.608
20 58 0 14.6763 64.3365
20 59 0 41.0349 51.7493
20 60 0 15.195 77.8622
21 1 0 76.6928 0.861813
21 2 0 30.9013 3.79937
21 3 0 56.4119 17.4964
21 4 0 21.8956 29.8057
21 5 0 63.1655 98.313
21 6 0 31.3593 18.3445
21 7 0 7.06739 63.3967
21 8 0 14.3626 11.914
21 9 0 40.9589 84.4976
21 10 0 76.0779 12.7897
21 11 0 96.4424 22.1083
21 12 0 54.6704 29.5632
21 13 0 28.4986 8.98004
21 14 0 8.173 89.8353
21 15 0 35.1315 10.3357
21 16 0 73.9869 83.3368
21 17 0 18.9271 98.4851
21 18 0 50.4382 27.5585
21 19 0 41.7807 41.5931
21 20 0 10.0789 17.5143
21 22 1 15.2921 46.4798
21 23 0 55.0372 45.528
21 24 0 3.21125 13.4827
21 25 0 98.8566 64.6542
21 26 0 90.0907 93.2697
21 27 0 95.2149 76.2664
21 28 0 38.8887 96.5023
21 29 0 62.0174 61.5226
21 30 0 79.6329 65.1565
21 31 0 28.5726 1.53817
21 32 0 71.5393 85.8412
21 33 0 45.6376 40.844
21 34 0 74.4032 94.7077
21 35 0 71.0492 11.2613
21 36 0 30.0484 98.7374
21 37 0 67.0393 1.76728
21 38 0 1.26903 36.881
21 39 0 82.8512 3.18879
21 40 0 55.7408 32.4783
21 41 0 75.7082 66.8649
21 42 0 96.4978 56.0191
21 43 0 61.9704 13.0171
21 44 0 66.3161 21.4257
21 45 1 47.6728 40.0898
21 46 0 67.2097 15.7911
21 47 0 29.5663 52.6505
21 48 0 95.6654 38.6593
21 49 0 95.7321 11.8657
21 50 0 39.0352 37.1395
21 51 0 36.8814 53.865
21 52 0 94.2269 67.6105
21 53 0 64.5324 54.3742
21 54 0 58.2524 20.8007
21 55 0 63.6764 19.0344
21 56 0 65.7568 35.5518
21 57 0 25.9613 57.3107
21 58 0 12.1134 12.0213
21 59 0 85.4205 3.29371
21 60 0 75.6066 9.06403
22 1 0 38.3707 75.7035
22 2 0 95.7627 92.95
22 3 0 41.1356 52.0434
22 4 0 64.7281 6.53741
22 5 0 40.6303 40.9576
22 6 0 28.5357 35.5976
22 7 0 31.0846 91.4714
22 8 0 75.0562 35.8497
22 9 0 46.0929 29.3181
22 10 0 23.7537 73.0752
22 11 0 8.82122 88.5642
22 12 0 61.2658 48.1049
22 13 0 69.8239 41.6481
22 14 0 25.864 83.7942
22 15 0 55.5292 79.58
22 16 0 3.12598 62.3855
22 17 0 26.8969 69.1442
22 18 0 0.478868 69.2444
22 19 0 36.2721 71.8341
22 20 0 83.5272 14.8919
22 21 0 25.8406 29.4472
22 23 1 28.5908 72.539
22 24 0 69.0626 27.3295
22 25 0 97.9949 2.71879
22 26 0 55.4195 61.6739
22 27 0 48.3384 34.0437
22 28 0 21.4212 39.225
22 29 0 24.3197 74.2431
22 30 0 23.4821 1.60221
22 31 0 97.8992 35.3444
22 32 0 48.361 29.1909
22 33 0 35.9692 68.1444
22 34 0 21.9695 97.2381
22 35 0 91.3085 3.60931
22 36 0 35.0717 63.0178
22 37 0 70.4169 6.70178
22 38 0 75.4476 14.3026
22 39 0 35.7903 81.482
22 40 0 53.9967 80.4405
22 41 0 3.38763 64.1182
22 42 0 23.4291 23.745
22 43 0 97.0064 43.8492
22 44 0 21.5636 3.02382
22 45 0 34.3546 57.8123
22 46 0 47.9702 59.1939
22 47 0 19.859 33.3276
22 48 0 51.7271 64.6114
22 49 0 41.6413 87.864
22 50 0 43.5994 26.8413
22 51 0 18.1714 28.3296
22 52 0 92.8566 70.8973
22 53 0 86.4196 87.6231
22 54 0 1.36527 29.7587
22 55 0 29.37 44.123
22 56 0 6.71003 89.7904
22 57 0 64.1842 99.7363
22 58 0 99.5326 1.05675
22 59 0 5.81018 7.06452
22 60 0 71.3998 82.9898
23 1 0 21.7085 89.8118
23 2 0 6.73458 39.4542
23 3 0 82.6666 23.5743
23 4 0 41.083 31.0341
23 5 0 6.78129 67.2407
23 6 0 26.7439 71.5357
23 7 0 81.5062 75.1056
23 8 0 85.0286 75.1672
23 9 0 90.5513 81.8342
23 10 0 36.1612 8.02489
23 11 0 22.0071 10.0618
23 12 0 15.7319 3.27254
23 13 0 73.1584 60.8689
23 14 0 74.3087 32.9723
23 15 0 89.0602 95.2669
23 16 0 44.8699 89.5185
23 17 0 28.1444 74.4018
23 18 0 28.3622 13.6644
23 19 0 81.4278 10.0071
23 20 0 20.8345 42.0177
23 21 0 52.4857 75.3424
23 22 0 88.0061 87.4889
23 24 1 73.2308 36.6571
23 25 0 34.8362 50.8937
23 26 0 27.6815 26.1685
23 27 0 50.0042 54.9976
23 28 0 17.8934 81.4682
23 29 0 44.8557 25.8073
23 30 0 21.7279 52.5604
23 31 0 3.52936 5.35804
23 32 0 49.1151 91.4249
23 33 0 71.8276 49.0468
23 34 0 78.1551 21.7454
23 35 0 74.3242 18.5929
23 36 0 24.3589 27.1141
23 37 0 43.074 71.6009
23 38 0 75.0147 48.8357
23 39 0 55.4603 70.5667
23 40 0 73.4974 21.3419
23 41 0 6.17902 13.7742
23 42 0 44.9843 81.0687
23 43 0 30.3503 66.4835
23 44 0 57.7295 55.6821
23 45 0 73.9954 83.2495
23 46 0 39.4474 74.378
23 47 0 83.368 13.755
23 48 0 59.6063 64.2726
23 49 0 43.4401 51.1769
23 50 0 36.2566 96.6029
23 51 0 99.2011 83.0234
23 52 0 87.169 4.40206
23 53 0 65.636 4.60609
23 54 0 72.6278 14.4886
23 55 0 81.6171 47.0063
23 56 0 37.1938 92.9381
23 57 0 35.3235 14.5934
23 58 0 0.529697 15.7338
23 59 0 96.5031 3.25684
23 60 0 66.117 9.81827
24 1 0 67.9249 21.5992
24 2 0 13.0849 64.7745
24 3 0 26.2138 34.6802
24 4 0 72.3812 78.5569
24 5 0 13.044 29.1574
24 6 0 15.0442 40.3853
24 7 0 15.226 71.0799
24 8 0 2.58755 9.93424
24 9 0 80.7721 24.6864
24 10 0 57.048 40.4617
24 11 0 32.2057 76.423
24 12 0 76.7878 42.9572
24 13 0 63.9077 17.0431
24 14 0 78.2642 43.451
24 15 0 79.4899 88.5237
24 16 0 0.748336 73.8986
24 17 0 10.5896 85.3898
24 18 0 78.6161 81.0717
24 19 0 77.2853 60.2078
24 20 0 9.48161 78.829
24 21 0 74.7382 4.0133
24 22 0 62.6355 81.5389
24 23 0 57.3987 20.4685
24 25 1 11.7551 66.6479
24 26 0 83.213 47.6995
24 27 0 29.7317 38.0486
24 28 0 3.51831 28.2054
24 29 0 93.1169 12.3089
24 30 0 55.2879 92.1043
24 31 0 96.4324 82.184
24 32 0 36.9556 50.671
24 33 0 2.61086 69.7232
24 34 0 34.4425 40.8159
24 35 0 90.0895 63.2887
24 36 0 34.0248 86.323
24 37 0 1.09535 85.4051
24 38 0 34.0229 45.4978
24 39 0 44.9627 14.7105
24 40 0 15.9221 66.2309
24 41 0 58.1264 82.6252
24 42 0 24.3171 24.3952
24 43 0 50.7727 97.4313
24 44 0 11.1833 6.67518
24 45 0 25.2085 43.9961
24 46 0 47.2043 95.7367
24 47 0 50.6337 38.4257
24 48 0 40.0341 88.3166
24 49 0 38.9741 93.2545
24 50 0 53.1229 20.1538
24 51 0 53.9569 27.6247
24 52 0 86.8173 37.7236
24 53 0 97.6156 46.6262
24 54 0 81.7405 46.5241
24 55 0 78.8015 3.1292
24 56 0 24.5462 89.1523
24 57 0 67.6052 47.0292
24 58 0 17.5115 81.0013
24 59 0 11.9606 90.6567
24 60 0 52.42 20.5593
25 1 0 99.4664 40.3676
25 2 0 23.6337 65.223
25 3 0 18.9374 57.8655
25 4 0 98.1047 71.9509
25 5 0 4.72363 29.1715
25 6 0 50.6732 37.5528
25 7 0 92.2595 71.0765
25 8 0 64.5973 99.0919
25 9 0 83.0502 91.8794
25 10 0 11.2674 13.3817
25 11 0 49.7645 46.4964
25 12 0 32.8169 92.5002
25 13 0 92.3128 38.075
25 14 0 30.7895 71.3801
25 15 0 17.4303 85.0834
25 16 0 59.7102 81.9239
25 17 0 17.003 60.0811
25 18 0 43.6468 51.4899
25 19 0 68.6223 9.60309
25 20 0 81.3982 49.9268
25 21 0 48.6384 91.4738
25 22 0 0.589021 19.0306
25 23 0 88.546 5.76373
25 24 0 93.3983 50.5363
25 26 1 90.023 62.9138
25 27 0 81.1498 82.2641
25 28 0 71.8997 67.6907
25 29 0 61.2235 65.8154
25 30 0 70.9604 11.4768
25 31 0 1.23502 72.5606
25 32 0 55.095 98.9457
25 33 0 31.0826 97.3367
25 34 0 72.7163 33.8391
25 35 0 16.436 79.1446
25 36 0 30.7354 99.4653
25 37 0 75.2964 32.9313
25 38 0 48.104 76.5507
25 39 0 62.4296 47.658
25 40 0 39.664 25.8366
25 41 0 37.3713 58.8365
25 42 0 22.6449 12.2389
25 43 0 29.3297 91.7886
25 44 0 23.0573 35.5093
25 45 0 7.81758 30.9133
25 46 0 72.8179 80.5897
25 47 0 6.73428 86.8533
25 48 0 4.15975 92.2275
25 49 0 61.2402 43.5134
25 50 0 23.3178 37.0773
25 51 0 34.8012 29.3959
25 52 0 48.986 56.0653
25 53 0 31.8453 85.6967
25 54 0 99.6801 35.186
25 55 0 10.773 21.8847
25 56 0 64.7528 83.7087
25 57 0 78.6784 79.295
25 58 0 25.5023 89.7326
25 59 0 23.3018 33.742
25 60 0 67.9667 10.4091
26 1 0 45.0404 41.8423
26 2 0 1.25614 67.7469
26 3 0 48.6074 89.8073
26 4 0 21.4209 89.6271
26 5 0 15.9047 77.5102
26 6 0 83.0739 46.2796
26 7 0 94.2442 21.5814
26 8 0 37.7277 4.49622
26 9 0 2.47212 67.9905
26 10 0 92.2151 40.0534
26 11 0 84.3297 47.0602
26 12 0 22.4017 20.7599
26 13 0 90.4813 32.0771
26 14 0 43.8999 62.774
26 15 0 78.562 1.63499
26 16 0 54.6012 89.7668
26 17 0 45.1523 13.6381
26 18 0 74.753 26.0143
26 19 0 12.9175 11.17
26 20 0 88.9755 41.9899
26 21 0 20.6209 23.9269
26 22 0 91.1152 47.4288
26 23 0 2.07863 83.0255
26 24 0 55.2212 35.9183
26 25 0 27.16 23.5823
26 27 1 35.5334 43.8618
26 28 0 16.6729 71.4067
26 29 0 73.5421 41.6132
26 30 0 80.1371 70.4428
26 31 0 74.2207 10.816
26 32 0 7.13219 61.1454
26 33 0 3.79396 77.461
26 34 0 65.1416 15.5692
26 35 0 40.7065 38.4144
26 36 0 70.152 77.9189
26 37 0 32.7512 97.3091
26 38 0 21.4611 42.8399
26 39 0 0.848679 83.9921
26 40 0 88.9516 59.6828
26 41 0 94.5916 38.6564
26 42 0 5.65275 90.9206
26 43 0 56.0284 70.796
26 44 0 9.78871 55.6612
26 45 0 65.9749 78.0005
26 46 0 18.5446 2.2129
26 47 0 46.8262 91.2912
26 48 0 77.5201 45.7866
26 49 0 24.3072 89.743
26 50 0 9.31282 30.8109
26 51 0 78.6253 15.635
26 52 0 70.6806 18.2343
26 53 0 18.2941 17.2098
26 54 0 50.5739 44.9821
26 55 0 64.5404 51.3327
26 56 0 69.5546 16.1441
26 57 0 52.2994 13.5187
26 58 0 6.0701 73.3796
26 59 0 49.8613 91.214
26 60 0 58.9332 64.6904
27 1 0 21.2571 85.2794
27 2 0 27.1809 54.5561
27 3 0 18.8987 6.60838
27 4 0 32.0594 16.4959
27 5 0 68.128 49.6584
27 6 0 35.161 95.3983
27 7 0 93.9993 29.7344
27 8 0 88.7755 36.3728
27 9 0 63.818 88.8117
27 10 0 20.127 49.3447
27 11 0 76.0871 45.2449
27 12 0 29.7595 9.58231
27 13 0 90.0717 97.7651
27 14 0 96.1363 92.2576
27 15 0 73.4037 64.2242
27 16 0 28.951 16.2856
27 17 0 5.20349 75.2571
27 18 0 36.5645 67.0952
27 19 0 4.086 29.3258
27 20 0 85.5807 7.8622
27 21 0 4.77918 34.0201
27 22 0 15.7599 15.8202
27 23 0 96.2995 20.7427
27 24 0 35.7435 10.2067
27 25 0 55.6087 95.7975
27 26 0 19.4994 30.2974
27 28 1 77.1611 98.9965
27 29 0 4.31399 68.0184
27 30 0 46.5558 48.2689
27 31 0 96.1343 61.5139
27 32 0 34.6728 89.913
27 33 0 46.375 25.2788
27 34 0 86.6703 30.4552
27 35 0 13.2194 24.2626
27 36 0 63.6279 58.5361
27 37 0 63.2705 34.268
27 38 0 91.9206 19.3349
27 39 0 63.7466 0.569729
27 40 0 9.11784 69.5047
27 41 0 53.4454 36.152
27 42 1 23.9619 39.967
27 43 0 68.2367 67.8078
27 44 0 65.1338 48.7091
27 45 0 67.3407 54.0424
27 46 0 18.3357 81.4663
27 47 0 62.9223 8.54941
27 48 0 67.9823 57.0607
27 49 0 78.1949 37.9091
27 50 0 57.0686 67.4145
27 51 0 19.1368 34.8651
27 52 0 27.2275 10.7376
27 53 0 22.6439 75.4407
27 54 0 80.1106 23.2848
27 55 0 49.5967 28.3297
27 56 0 40.1392 9.17643
27 57 0 5.75684 36.4902
27 58 0 87.5818 49.2368
27 59 0 55.0566 76.9679
27 60 0 48.3894 53.7297
28 1 0 92.2324 99.9188
28 2 0 43.468 3.80489
28 3 0 4.62416 20.2612
28 4 0 81.4563 76.4755
28 5 0 29.8741 55.2162
28 6 0 83.0717 18.6488
28 7 0 68.8664 61.3554
28 8 0 74.2302 90.7988
28 9 0 41.7078 85.691
28 10 0 44.4982 12.102
28 11 0 22.5953 23.5172
28 12 0 19.5305 35.0991
28 13 0 73.9743 92.0749
28 14 0 75.4426 12.5212
28 15 0 78.4963 8.70269
28 16 0 49.0089 43.4814
28 17 0 19.2121 72.6786
28 18 1 9.22176 66.1072
28 19 0 95.3263 9.18958
28 20 0 66.9273 61.8677
28 21 0 20.3397 11.7518
28 22 0 86.9614 24.0953
28 23 0 58.6964 70.3808
28 24 0 71.3973 1.48811
28 25 0 69.6302 23.2226
28 26 0 45.0322 28.7148
28 27 0 15.7274 11.2658
28 29 1 30.3272 9.11053
28 30 0 38.1129 62.196
28 31 0 49.9959 28.4443
28 32 0 92.3417 63.3621
28 33 0 97.8964 32.437
28 34 0 96.8564 37.9054
28 35 0 63.113 39.2877
28 36 0 51.1049 19.4458
28 37 0 87.5669 64.3495
28 38 0 35.4746 74.7036
28 39 0 47.2971 30.5645
28 40 0 58.0507 81.4527
28 41 0 16.8885 34.4997
28 42 0 14.6505 90.0605
28 43 0 11.0128 55.5172
28 44 0 25.9437 47.3985
28 45 0 85.9415 2.91279
28 46 0 81.4195 45.8851
28 47 0 62.8827 63.2829
28 48 0 95.0256 84.713
28 49 0 69.1435 43.8879
28 50 0 56.8327 84.9718
28 51 0 71.9294 21.0478
28 52 0 90.1368 60.1764
28 53 0 71.088 52.7329
28 54 0 59.6211 49.9286
28 55 0 35.2215 52.9114
28 56 0 75.4658 41.6788
28 57 0 28.9003 10.3249
28 58 0 23.5588 26.598
28 59 0 31.4585 76.9744
28 60 0 96.5291 22.7255
29 1 0 51.3155 91.1622
29 2 0 95.6549 46.7962
29 3 0 93.5497 50.9138
29 4 0 58.2358 81.7267
29 5 0 52.1473 94.221
29 6 0 89.0508 31.8037
29 7 0 21.6134 43.0368
29 8 0 28.0646 80.1314
29 9 0 40.7326 79.258
29 10 0 63.9505 93.9277
29 11 0 50.4106 0.848219
29 12 0 33.3106 81.3462
29 13 0 39.1678 32.1652
29 14 0 53.4157 56.0102
29 15 0 20.8079 47.763
29 16 0 82.2285 95.9232
29 17 0 37.0887 89.4599
29 18 0 9.9854 20.1611
29 19 1 11.5571 63.6713
29 20 0 43.7722 21.1056
29 21 0 87.7143 60.31
29 22 0 51.9118 23.4034
29 23 0 95.8387 94.3083
29 24 0 77.4941 86.8217
29 25 0 24.5911 8.15515
29 26 0 63.2617 68.0403
29 27 0 91.1522 97.6475
29 28 0 43.0985 29.558
29 30 1 61.9664 71.4678
29 31 0 81.3596 9.95097
29 32 0 60.0693 67.6234
29 33 0 23.2521 64.9756
29 34 0 47.9229 30.0929
29 35 0 54.077 22.5322
29 36 0 40.907 96.0148
29 37 0 68.0872 20.239
29 38 0 40.6573 98.6859
29 39 0 53.1871 44.6732
29 40 0 5.86382 81.2419
29 41 0 80.899 43.2433
29 42 0 26.5599 63.848
29 43 0 13.8605 69.3424
29 44 0 63.4028 14.6027
29 45 0 40.1242 3.41297
29 46 0 0.515378 81.0177
29 47 0 29.8961 57.2873
29 48 0 2.98466 90.3337
29 49 0 86.1934 12.9446
29 50 0 92.4756 78.6812
29 51 0 67.5949 24.7055
29 52 0 14.9168 30.166
29 53 0 40.5226 38.0812
29 54 0 61.5688 25.487
29 55 0 51.1975 46.852
29 56 0 77.2689 1.45518
29 57 0 5.44701 52.8436
29 58 0 97.0526 32.0005
29 59 0 69.7905 49.3596
29 60 0 56.4337 85.0233
30 1 0 56.77 57.4472
30 2 0 98.8854 25.1292
30 3 0 93.2724 12.9358
30 4 0 26.6013 72.8909
30 5 0 18.584 72.126
30 6 0 17.7464 24.9526
30 7 0 4.58576 23.4084
30 8 0 2.08207 13.3405
30 9 0 65.5487 82.5207
30 10 0 63.5665 43.223
30 11 0 58.0315 28.0344
30 12 0 66.1013 33.1756
30 13 0 88.6639 95.7159
30 14 0 98.2077 0.158478
30 15 0 64.5147 25.1156
30 16 0 35.7926 17.2663
30 17 0 84.6935 26.8467
30 18 0 76.9279 65.9665
30 19 0 11.5191 22.465
30 20 0 79.8789 13.7914
30 21 0 62.7547 91.7689
30 22 0 40.1949 39.8037
30 23 0 48.0491 30.2739
30 24 0 57.7441 25.2175
30 25 0 65.5341 98.082
30 26 0 64.7945 71.2859
30 27 0 14.3253 28.3738
30 28 0 74.9716 59.3228
30 29 0 39.348 93.2131
30 31 1 87.4254 94.7834
30 32 0 99.2879 98.1152
30 33 0 98.5804 1.1949
30 34 0 79.2645 21.7092
30 35 0 31.2111 63.5373
30 36 0 52.6962 73.3402
30 37 0 34.3673 78.718
30 38 0 60.2428 77.9749
30 39 0 61.5954 41.4824
30 40 0 86.4471 31.4998
30 41 0 95.3935 94.6509
30 42 0 58.8925 47.4363
30 43 0 39.1096 96.2962
30 44 0 65.8991 28.6841
30 45 0 32.1112 94.6619
30 46 0 39.4887 87.5409
30 47 0 14.3317 46.723
30 48 0 97.4285 11.6395
30 49 0 98.5772 27.0377
30 50 0 47.2832 38.4781
30 51 0 35.3507 84.7837
30 52 0 56.0956 49.6396
30 53 0 29.6898 93.6329
30 54 0 48.1196 40.1297
30 55 0 56.9716 10.6854
30 56 0 98.4122 59.4372
30 57 0 88.7402 59.4869
30 58 0 93.0504 35.1105
30 59 0 98.5571 72.7625
30 60 0 46.0403 72.8042
31 1 0 24.0494 32.5596
31 2 0 76.0075 34.2196
31 3 0 31.7275 30.8044
31 4 0 63.4056 99.0885
31 5 0 65.1513 62.4073
31 6 0 66.6828 2.85136
31 7 0 72.6997 79.8362
31 8 0 80.7024 20.4005
31 9 0 87.1689 7.28389
31 10 0 23.4062 15.2237
31 11 0 1.26697 36.6219
31 12 0 66.4601 22.7663
31 13 0 46.514 2.47139
31 14 0 99.0183 37.4717
31 15 0 22.8595 57.983
31 16 0 5.65446 82.7596
31 17 0 91.4314 59.8995
31 18 0 82.5027 0.716218
31 19 0 97.6885 71.7283
31 20 0 92.8288 82.7093
31 21 0 70.7139 67.9663
31 22 0 29.3448 63.3369
31 23 0 10.9571 20.3411
31 24 0 44.3108 79.9267
31 25 0 76.3011 86.5044
31 26 0 93.8892 88.8497
31 27 0 88.7427 19.5183
31 28 0 0.0644078 17.7032
31 29 0 34.5532 98.3339
31 30 0 21.7435 49.8543
31 32 1 37.681 44.6564
31 33 0 57.919 44.5802
31 34 0 55.3904 62.4714
31 35 0 42.5187 9.77943
31 36 0 6.29081 82.7295
31 37 0 60.2465 17.8202
31 38 0 17.036 90.2746
31 39 0 72.862 41.0418
31 40 0 60.9635 21.1777
31 41 0 45.1737 89.9322
31 42 0 5.47215 99.9078
31 43 0 59.051 84.534
31 44 0 51.3403 66.207
31 45 0 46.5484 4.59222
31 46 0 61.6446 60.0909
31 47 0 28.8012 25.1944
31 48 0 4.22732 61.1775
31 49 0 61.3633 85.916
31 50 0 24.511 74.8443
31 51 0 73.0862 28.8172
31 52 0 46.3276 58.2406
31 53 0 89.5475 70.2188
31 54 0 36.8325 84.2933
31 55 0 69.4195 27.4358
31 56 0 44.7206 90.2612
31 57 0 63.7598 70.4235
31 58 0 37.5407 65.9487
31 59 0 18.65 8.31507
31 60 0 34.054 27.942
32 1 0 96.0651 1.40301
32 2 0 67.843 62.9371
32 3 0 35.3589 81.4552
32 4 0 54.5279 0.470126
32 5 0 76.9897 47.0635
32 6 0 70.4866 40.0003
32 7 0 49.7434 12.0594
32 8 0 55.3969 42.716
32 9 0 24.2876 49.9938
32 10 0 23.2394 26.9574
32 11 0 44.3752 13.7352
32 12 0 36.7372 20.5009
32 13 0 86.3881 46.2885
32 14 0 71.6193 57.2753
32 15 1 22.6803 21.1677
32 16 0 13.7905 91.0318
32 17 0 44.282 90.3143
32 18 0 76.7243 80.3794
32 19 0 2.20876 37.9524
32 20 0 43.605 72.6519
32 21 0 65.0823 3.04504
32 22 0 42.8519 77.1421
32 23 0 37.9281 70.4362
32 24 0 11.5359 37.1005
32 25 0 48.4861 37.8099
32 26 0 88.5882 46.3379
32 27 0 10.124 71.6234
32 28 0 46.4518 67.4849
32 29 0 87.8434 48.3332
32 30 0 16.6412 87.7782
32 31 0 83.2819 38.6249
32 33 1 42.8038 22.4374
32 34 0 28.3794 19.9781
32 35 0 56.2903 37.7407
32 36 0 33.3629 63.6295
32 37 0 19.6928 96.5684
32 38 0 33.3281 80.3189
32 39 0 64.6471 68.5337
32 40 0 57.2933 70.2399
32 41 0 75.7937 9.25033
32 42 0 84.3212 36.7474
32 43 0 49.4709 19.0307
32 44 0 15.4826 82.1635
32 45 0 92.8713 24.2683
32 46 0 86.5614 58.2604
32 47 0 31.389 74.1023
32 48 0 91.9199 1.85552
32 49 0 23.4261 85.7547
32 50 0 56.1904 20.3548
32 51 0 1.67456 19.0285
32 52 0 86.853 54.898
32 53 0 22.888 86.1834
32 54 0 48.3521 60.4424
32 55 0 20.8299 19.7132
32 56 0 23.1744 71.1184
32 57 0 40.5969 44.3143
32 58 0 71.9371 60.9513
32 59 0 84.6352 75.9251
32 60 0 4.76234 79.5661
33 1 0 71.903 83.3807
33 2 0 10.2163 12.7205
33 3 0 88.0171 94.5672
33 4 0 56.9447 62.8359
33 5 0 21.7208 90.5731
33 6 0 83.2252 6.12623
33 7 0 47.886 51.3944
33 8 0 12.9281 17.2069
33 9 0 87.6494 13.8871
33 10 0 55.0233 78.3632
33 11 0 54.0535 87.6548
33 12 0 63.6976 23.9206
33 13 0 97.2405 93.2601
33 14 0 30.3556 8.38571
33 15 0 69.3625 89.6342
33 16 0 54.1177 10.9391
33 17 0 65.2873 60.1751
33 18 0 83.5814 5.67894
33 19 0 81.4492 34.0374
33 20 0 54.375 30.0505
33 21 0 0.346774 77.9747
33 22 0 76.5874 45.9385
33 23 0 60.7037 9.58563
33 24 0 73.5303 91.065
33 25 0 89.8548 27.8711
33 26 0 66.7379 87.9987
33 27 0 6.39533 33.0571
33 28 0 37.7727 77.482
33 29 0 20.6408 19.5955
33 30 0 14.9807 72.9284
33 31 0 36.0366 48.5069
33 32 0 4.80939 20.2034
33 34 1 48.0403 78.7853
33 35 0 17.4889 6.4087
33 36 0 3.82873 28.8054
33 37 0 54.7949 39.5026
33 38 0 41.9322 21.5083
33 39 0 70.2903 54.4058
33 40 0 97.8462 86.6694
33 41 0 52.4592 52.4767
33 42 0 29.7072 66.632
33 43 0 80.9602 97.7288
33 44 0 13.1476 8.29267
33 45 0 25.732 69.9728
33 46 0 49.1762 7.09285
33 47 0 66.9085 97.4886
33 48 0 13.4939 72.1067
33 49 0 4.38571 39.1213
33 50 0 85.963 62.6635
33 51 0 4.74143 29.7212
33 52 0 77.3236 32.6865
33 53 0 47.8422 36.5212
33 54 0 44.4913 81.2292
33 55 0 2.97155 28.3733
33 56 0 53.6888 61.72
33 57 0 80.8106 29.6858
33 58 0 89.6772 88.3088
33 59 0 37.5181 30.3883
33 60 0 89.7651 59.03
34 1 0 62.171 22.7553
34 2 0 83.4755 53.8899
34 3 0 80.7486 36.6179
34 4 0 35.9411 6.58102
34 5 0 77.0783 57.0423
34 6 0 42.7973 46.2487
34 7 0 83.2314 40.8985
34 8 0 93.7846 63.7227
34 9 0 77.4503 98.891
34 10 0 48.7756 9.97494
34 11 0 94.7033 81.515
34 12 0 54.7204 14.457
34 13 0 73.9059 40.8822
34 14 0 73.3235 66.8879
34 15 0 21.8658 50.638
34 16 0 82.1756 31.4304
34 17 0 56.0335 27.4413
34 18 0 46.9817 87.6915
34 19 0 39.8496 17.1037
34 20 0 7.4498 83.9436
34 21 0 92.1872 99.6874
34 22 0 32.4417 25.0239
34 23 0 77.9694 78.4813
34 24 0 85.681 7.16299
34 25 0 77.1917 83.3407
34 26 0 12.7705 62.5478
34 27 0 15.4922 84.3175
34 28 0 43.0694 28.5445
34 29 0 71.5212 61.8698
34 30 0 69.555 6.72095
34 31 0 12.1056 84.8651
34 32 0 88.7877 37.0043
34 33 0 8.76768 12.1666
34 35 1 93.9259 11.2076
34 36 0 52.9986 17.7782
34 37 0 29.393 38.0414
34 38 0 7.53791 8.95454
34 39 0 26.404 48.6158
34 40 0 10.653 12.5218
34 41 0 4.45886 46.4722
34 42 0 60.281 68.2077
34 43 0 58.3444 46.9839
34 44 0 77.3853 22.7592
34 45 0 27.9612 2.16586
34 46 1 27.9819 54.6534
34 47 0 87.5811 1.63695
34 48 0 40.0504 75.275
34 49 0 72.1802 97.6136
34 50 0 98.6272 40.14
34 51 0 11.5208 41.4504
34 52 0 91.3178 57.4848
34 53 0 6.38388 7.72108
34 54 0 16.7744 56.6266
34 55 0 31.0101 2.35575
34 56 0 62.0168 26.1914
34 57 0 65.5962 33.8144
34 58 0 28.2236 17.4914
34 59 0 41.0582 97.6939
34 60 0 46.6955 72.8413
35 1 0 78.6295 48.8195
35 2 0 37.2037 20.1005
35 3 0 82.4031 85.1274
35 4 0 85.42 86.3275
35 5 0 33.928 23.1961
35 6 0 71.8815 29.7183
35 7 0 55.6674 31.5592
35 8 0 54.1237 81.4805
35 9 1 77.5512 1.19186
35 10 0 96.3698 37.5443
35 11 0 12.8153 43.6902
35 12 0 66.844 0.422583
35 13 0 65.4498 30.8538
35 14 0 19.948 25.9174
35 15 0 26.738 6.66279
35 16 0 74.9291 93.1309
35 17 0 58.9384 22.0377
35 18 0 75.2958 61.8686
35 19 0 78.7011 16.2937
35 20 0 21.9649 42.2908
35 21 0 66.2415 95.5468
35 22 0 84.2668 50.1535
35 23 0 2.28596 58.3101
35 24 0 25.2558 51.6414
35 25 0 94.6782 5.62148
35 26 0 29.4397 28.701
35 27 0 65.8983 12.1264
35 28 0 21.1268 91.5927
35 29 0 53.2394 14.5511
35 30 0 3.18193 13.3201
35 31 0 77.4954 30.1013
35 32 0 12.5171 17.4833
35 33 0 93.6803 46.0561
35 34 0 15.5873 71.6922
35 36 1 40.7544 35.6243
35 37 0 53.2555 6.53405
35 38 0 5.71314 79.8188
35 39 0 20.7344 18.0273
35 40 0 74.0885 41.813
35 41 0 55.9022 64.3484
35 42 0 34.8707 48.2062
35 43 0 64.0746 23.4838
35 44 0 72.229 59.8361
35 45 0 75.7103 64.696
35 46 0 83.1983 4.72001
35 47 0 78.5032 95.2768
35 48 0 74.6355 3.14783
35 49 0 37.4644 55.7031
35 50 0 14.3363 47.7614
35 51 0 58.7223 29.2222
35 52 0 48.3972 72.9661
35 53 0 57.2007 34.9809
35 54 0 31.2028 17.1624
35 55 0 7.99122 14.4645
35 56 0 76.2696 12.517
35 57 0 64.9547 63.2917
35 58 0 50.6894 45.9604
35 59 0 86.0452 50.5116
35 60 0 20.1805 98.4468
36 1 0 1.64668 81.3432
36 2 0 2.61922 90.1309
36 3 0 30.849 63.3675
36 4 0 39.538 48.8435
36 5 0 88.1928 14.7648
36 6 0 33.9375 43.5562
36 7 0 72.872 4.09381
36 8 0 17.032 3.16846
36 9 0 63 73.9078
36 10 0 27.6959 87.0907
36 11 0 21.1568 57.4262
36 12 0 13.6926 80.1332
36 13 0 8.64706 6.14711
36 14 0 15.7144 68.7892
36 15 0 16.888 48.43
36 16 0 76.5516 1.48434
36 17 0 11.1458 55.7037
36 18 0 28.4415 52.3124
36 19 0 14.4183 40.1412
36 20 0 40.5748 60.6114
36 21 0 27.6194 39.7064
36 22 0 37.0125 97.1756
36 23 0 56.5722 53.0782
36 24 0 53.5991 52.6029
36 25 0 62.7307 51.6632
36 26 0 35.7909 2.94572
36 27 0 48.3399 23.7205
36 28 0 25.6651 38.29
36 29 0 91.7742 42.4547
36 30 0 49.3271 27.1776
36 31 0 26.2024 8.11447
36 32 0 84.2431 48.26
36 33 0 92.8466 45.5063
36 34 0 73.2939 11.9319
36 35 0 66.2115 41.9879
36 37 1 39.9046 98.6135
36 38 0 68.1735 36.827
36 39 0 60.0043 34.0127
36 40 0 65.5096 93.2998
36 41 0 78.7367 90.2916
36 42 0 72.804 31.8052
36 43 0 62.1205 68.0879
36 44 0 74.5229 30.3576
36 45 0 56.8869 51.8883
36 46 0 47.9672 8.68451
36 47 0 51.2568 67.3858
36 48 0 85.286 71.9209
36 49 0 2.63067 39.4216
36 50 0 78.962 84.5071
36 51 0 20.0962 58.5476
36 52 0 68.9499 9.23637
36 53 0 59.1601 95.8261
36 54 0 73.9287 2.55865
36 55 0 60.1936 60.5658
36 56 0 97.7724 30.3351
36 57 0 1.28687 73.7373
36 58 0 53.2539 8.92358
36 59 0 84.0887 66.1055
36 60 0 90.9976 48.9801
37 1 0 97.4512 53.44
37 2 0 33.6612 71.0747
37 3 0 60.6334 88.1624
37 4 0 56.8771 72.4706
37 5 0 0.72745 37.2398
37 6 0 44.314 74.4016
37 7 0 64.8374 38.3778
37 8 0 6.54014 78.5807
37 9 0 91.8373 35.7165
37 10 0 64.348 16.2003
37 11 0 84.3425 52.232
37 12 0 84.9327 2.33211
37 13 0 51.1961 9.37113
37 14 0 60.5492 89.1698
37 15 0 23.6847 62.9582
37 16 0 98.8232 49.9793
37 17 0 96.018 18.743
37 18 0 82.8767 82.2561
37 19 0 2.57354 85.139
37 20 0 44.3235 5.94997
37 21 0 45.6646 87.3855
37 22 0 10.8154 86.1914
37 23 0 45.0398 12.6255
37 24 0 74.9973 47.3331
37 25 0 26.2484 34.2055
37 26 0 73.4689 13.7367
37 27 0 12.0597 9.83871
37 28 0 79.2813 18.8618
37 29 0 37.9327 92.0523
37 30 0 9.57283 53.5653
37 31 0 22.5432 12.7863
37 32 0 59.818 46.188
37 33 0 53.2373 66.6983
37 34 0 85.9276 76.1837
37 35 0 53.498 98.1837
37 36 0 39.3355 10.1133
37 38 1 54.593 95.2988
37 39 0 92.6948 35.5155
37 40 0 91.0756 98.9399
37 41 0 5.08297 47.8555
37 42 0 72.2141 59.1932
37 43 0 23.5868 1.09277
37 44 0 49.6117 57.5733
37 45 0 19.549 46.0155
37 46 0 34.5106 41.1635
37 47 0 27.7281 97.2047
37 48 0 87.9231 51.8107
37 49 0 98.7601 77.9947
37 50 0 60.2863 10.5282
37 51 0 24.6766 7.54057
37 52 0 6.35416 33.6192
37 53 0 44.5345 60.7274
37 54 0 80.5683 0.659165
37 55 0 82.9938 83.1435
37 56 0 93.0995 34.4291
37 57 0 29.5492 37.4458
37 58 0 84.419 4.38292
37 59 0 12.06 18.7251
37 60 0 30.1333 91.182
38 1 0 53.7388 83.535
38 2 0 21.9792 67.3769
38 3 0 32.4937 35.1824
38 4 0 74.6965 63.7542
38 5 0 28.4945 35.2136
38 6 0 56.2327 50.1228
38 7 0 3.48762 53.3866
38 8 0 32.7143 72.9645
38 9 0 9.68429 78.3816
38 10 0 8.595 39.4418
38 11 0 22.0786 60.0488
38 12 0 16.4699 6.74289
38 13 0 3.1329 34.9165
38 14 0 71.329 78.921
38 15 0 19.6585 59.2011
38 16 0 13.9115 93.5292
38 17 0 29.8904 0.441657
38 18 0 77.7205 27.7663
38 19 0 15.1081 66.0479
38 20 0 8.71526 86.1635
38 21 0 80.6404 96.4663
38 22 0 48.0309 50.6121
38 23 0 94.3187 24.9198
38 24 0 31.1711 28.9751
38 25 0 77.3754 78.5826
38 26 0 47.8925 63.1735
38 27 0 5.87948 13.868
38 28 0 45.1783 14.5678
38 29 0 74.8764 20.1934
38 30 0 63.9363 80.3881
38 31 0 7.28878 87.3198
38 32 0 97.2232 7.06939
38 33 0 0.641861 33.3291
38 34 0 22.8066 40.8465
38 35 0 23.2225 10.2456
38 36 0 17.0284 60.6911
38 37 0 99.9432 43.948
38 39 1 60.5585 72.1431
38 40 0 87.757 23.2379
38 41 0 0.595028 62.5872
38 42 0 60.6246 84.109
38 43 0 28.1486 22.9301
38 44 0 90.9579 37.19
38 45 0 35.661 62.7752
38 46 0 10.3382 52.1983
38 47 0 97.72 71.8428
38 48 0 31.6578 99.4861
38 49 0 26.8399 97.9326
38 50 0 54.6796 26.2166
38 51 0 47.8058 54.7196
38 52 0 81.7724 27.4066
38 53 0 55.1101 65.0246
38 54 0 66.8676 39.1992
38 55 0 90.5798 92.2558
38 56 0 94.2482 36.979
38 57 0 16.445 21.0531
38 58 0 89.3813 30.8045
38 59 0 97.5091 2.99205
38 60 0 68.4315 5.82226
39 1 0 75.5517 17.4496
39 2 0 29.1951 76.1171
39 3 0 12.4878 68.2014
39 4 0 0.848958 72.3988
39 5 0 28.8646 96.6584
39 6 0 46.6637 15.2063
39 7 0 58.593 89.887
39 8 0 68.1766 37.3972
39 9 0 99.4895 70.6934
39 10 0 85.4108 69.5083
39 11 0 87.7259 34.9679
39 12 0 78.6687 32.1018
39 13 0 30.9101 83.0297
39 14 0 76.4265 96.2752
39 15 0 20.4288 93.7781
39 16 0 97.329 40.8106
39 17 0 87.3621 79.7299
39 18 0 94.4467 30.8488
39 19 0 36.1185 71.9347
39 20 0 77.3012 7.78805
39 21 0 4.12749 21.5971
39 22 0 48.4476 44.3905
39 23 0 44.3424 8.73426
39 24 0 0.538881 3.63507
39 25 0 38.0304 15.1961
39 26 0 22.1762 29.0417
39 27 0 96.1855 19.4616
39 28 0 48.0461 94.5888
39 29 0 68.5746 4.22124
39 30 0 21.645 25.4073
39 31 0 70.6604 13.57
39 32 0 10.9239 20.835
39 33 0 77.2022 97.6886
39 34 0 32.3849 22.5004
39 35 0 27.4716 96.5741
39 36 0 15.1346 52.9615
39 37 0 28.5951 20.1743
39 38 0 79.9431 38.9224
39 40 1 42.9689 10.4625
39 41 0 45.1916 20.3414
39 42 0 34.0113 42.5335
39 43 0 48.9576 46.4545
39 44 0 30.6885 53.4624
39 45 0 28.9775 68.5199
39 46 0 52.8131 84.0964
39 47 0 41.0813 93.6896
39 48 0 0.94241 36.6675
39 49 0 27.4561 94.9735
39 50 0 30.924 45.797
39 51 0 29.1307 47.1198
39 52 0 97.0805 81.7901
39 53 0 89.7585 48.489
39 54 0 66.0746 54.7532
39 55 0 81.045 42.6199
39 56 0 25.2911 36.446
39 57 0 98.7444 76.3103
39 58 0 7.66303 95.3998
39 59 0 72.9772 46.6185
39 60 0 72.4529 16.9307
40 1 0 19.8621 1.4753
40 2 0 23.9366 5.97461
40 3 0 23.7877 24.6249
40 4 0 26.3887 10.1473
40 5 0 13.1237 63.1555
40 6 0 40.1814 70.7295
40 7 0 54.1158 6.259
40 8 0 7.73342 41.9007
40 9 0 70.0851 22.679
40 10 0 3.10485 75.426
40 11 0 42.0776 14.4613
40 12 0 88.2633 85.6036
40 13 0 92.5983 75.095
40 14 0 81.8395 86.2347
40 15 0 62.9683 8.38238
40 16 0 16.6633 12.8705
40 17 0 67.5195 46.6001
40 18 0 0.292637 97.9952
40 19 0 87.5382 68.3174
40 20 0 95.7949 12.099
40 21 0 0.120824 84.1586
40 22 0 83.7786 37.5363
40 23 0 81.2189 59.9522
40 24 0 18.3503 78.4775
40 25 0 73.3014 60.4819
40 26 0 22.1336 28.1515
40 27 0 14.0684 73.1063
40 28 0 37.7636 91.9381
40 29 0 92.8311 54.9043
40 30 0 24.334 22.1588
40 31 0 53.1133 59.8849
40 32 0 0.362246 97.6261
40 33 0 90.5864 68.7818
40 34 0 66.7364 15.6193
40 35 0 76.3958 0.0375989
40 36 0 92.6786 3.08715
40 37 0 94.192 68.2305
40 38 0 37.8706 16.0905
40 39 0 76.2357 6.08098
40 41 1 10.4321 2.19297
40 42 0 83.1732 49.4682
40 43 0 86.0181 71.8285
40 44 0 70.3485 81.8335
40 45 0 66.3883 78.3271
40 46 0 49.9279 41.7206
40 47 0 84.9142 14.676
40 48 0 97.0855 75.4191
40 49 0 70.5641 82.6859
40 50 0 16.1698 44.1648
40 51 0 49.0767 31.9253
40 52 0 1.82354 19.6759
40 53 0 62.2 54.1225
40 54 0 26.7634 18.0377
40 55 0 47.6134 57.7914
40 56 0 75.862 57.2581
40 57 0 2.79181 30.7239
40 58 0 12.6588 1.96624
40 59 0 74.658 37.857
40 60 0 32.5313 43.4776
41 1 0 56.7909 2.2863
41 2 0 56.9656 56.0148
41 3 0 44.3365 99.1508
41 4 0 39.0883 35.6805
41 5 0 18.1176 65.1404
41 6 0 52.7801 52.9551
41 7 0 79.661 16.9729
41 8 0 7.0238 27.5082
41 9 0 62.0495 71.1838
41 10 0 56.7819 30.3709
41 11 0 63.4748 85.4439
41 12 0 46.8836 26.9375
41 13 0 37.7067 43.6749
41 14 0 67.3328 85.5197
41 15 0 66.044 68.1506
41 16 0 7.97138 11.7842
41 17 0 19.2806 33.4669
41 18 0 98.7104 33.2153
41 19 0 85.3538 95.0998
41 20 0 48.235 50.8299
41 21 0 38.1534 9.76763
41 22 0 44.6307 51.5556
41 23 0 20.4479 8.67155
41 24 0 90.2879 57.2976
41 25 1 95.5108 76.8243
41 26 0 88.1727 32.5381
41 27 0 79.6575 42.5426
41 28 0 2.41681 21.7083
41 29 0 10.8462 48.9438
41 30 0 27.1275 62.9815
41 31 0 34.1666 48.1174
41 32 0 48.8692 43.5088
41 33 0 84.6449 43.0254
41 34 0 23.4001 95.6886
41 35 0 85.0764 13.6496
41 36 0 15.212 25.8483
41 37 0 92.1199 7.53387
41 38 0 20.5265 32.5611
41 39 0 13.16 28.9548
41 40 0 9.22173 30.4973
41 42 1 43.5199 35.0562
41 43 0 55.1137 96.1533
41 44 0 11.5465 36.1053
41 45 0 0.231984 87.1452
41 46 0 35.1758 51.3108
41 47 0 22.0163 8.87324
41 48 0 67.5288 64.9841
41 49 0 75.0142 53.0997
41 50 0 37.2173 75.1043
41 51 0 45.148 23.6109
41 52 0 83.5017 59.3775
41 53 0 31.8735 58.1446
41 54 0 37.2954 55.2046
41 55 0 48.2189 83.5155
41 56 0 23.985 68.3127
41 57 0 2.42195 80.6718
41 58 0 19.5362 77.6702
41 59 0 49.6303 9.8675
41 60 0 48.4327 42.7149
42 1 0 53.436 38.5099
42 2 0 23.9101 41.0059
42 3 0 8.38632 31.6313
42 4 1 62.0693 89.0586
42 5 0 49.8112 3.8634
42 6 0 98.1675 99.9719
42 7 0 67.985 45.2071
42 8 0 5.77377 31.9767
42 9 0 92.8463 25.856
42 10 0 89.6977 2.73904
42 11 0 8.54618 29.4332
42 12 0 94.8466 15.2297
42 13 0 3.67755 22.223
42 14 0 81.4226 43.1055
42 15 0 15.2777 81.5568
42 16 0 37.1013 11.4446
42 17 0 21.5475 17.2328
42 18 0 41.1943 64.4995
42 19 0 76.6362 74.2405
42 20 0 39.6768 46.593
42 21 0 27.4459 89.3775
42 22 0 98.961 62.5952
42 23 0 26.6105 98.2744
42 24 0 52.7926 30.0999
42 25 0 79.3361 68.8159
42 26 0 35.5706 44.876
42 27 0 26.114 22.388
42 28 0 4.46013 25.0501
42 29 0 68.5975 19.1174
42 30 0 42.5585 27.8719
42 31 0 60.2885 39.687
42 32 0 87.0756 27.4815
42 33 0 56.7388 5.47243
42 34 0 76.0007 36.9685
42 35 0 68.7369 13.5317
42 36 0 94.1649 88.6372
42 37 0 37.3754 75.0363
42 38 0 94.8142 98.8765
42 39 0 62.584 35.4342
42 40 0 98.7194 72.0395
42 41 0 85.5837 97.0799
42 43 1 59.7102 96.4554
42 44 0 27.4631 49.5813
42 45 0 42.7415 46.7838
42 46 0 29.6381 26.553
42 47 0 31.1958 45.6679
42 48 1 39.9458 67.6551
42 49 0 61.3288 48.9849
42 50 0 49.172 70.6651
42 51 0 80.1825 90.0201
42 52 0 90.0217 0.0296609
42 53 0 74.3295 5.53155
42 54 0 31.6802 40.1602
42 55 0 72.0784 75.2035
42 56 0 51.9315 98.5108
42 57 0 61.4797 1.78438
42 58 0 3.6339 42.4247
42 59 0 56.018 16.8381
42 60 0 1.12541 41.8515
43 1 0 48.8273 80.7183
43 2 0 74.9657 88.6297
43 3 0 76.7384 8.34429
43 4 0 32.6346 77.3888
43 5 0 13.5406 58.3152
43 6 0 42.1507 78.8646
43 7 0 28.6333 0.107901
43 8 0 69.2244 11.8749
43 9 0 40.5934 1.44832
43 10 0 55.0725 68.7151
43 11 0 15.6858 1.06015
43 12 0 61.8421 84.6203
43 13 0 35.4569 27.4692
43 14 0 49.4769 79.1077
43 15 0 6.25269 46.4609
43 16 0 56.2169 63.3784
43 17 0 91.5387 34.3687
43 18 0 68.8626 68.3417
43 19 0 78.9117 13.9045
43 20 0 48.7661 68.2335
43 21 0 17.8545 17.7958
43 22 0 91.2243 32.9364
43 23 0 5.29609 62.9689
43 24 0 24.7466 21.5721
43 25 0 14.7614 18.7485
43 26 0 93.1677 22.5931
43 27 0 23.4375 75.7327
43 28 0 44.5697 18.3983
43 29 0 15.4528 15.856
43 30 0 83.4652 45.8233
43 31 0 17.519 14.6202
43 32 0 78.3914 93.6859
43 33 0 21.7533 88.0715
43 34 0 97.5522 13.4958
43 35 0 62.3213 49.9014
43 36 0 5.98317 17.9756
43 37 0 14.3836 51.6599
43 38 0 92.4319 59.2735
43 39 0 99.78 19.8338
43 40 0 0.432576 70.6739
43 41 0 30.8447 15.5238
43 42 0 58.2899 84.1252
43 44 1 70.3049 3.21365
43 45 0 11.4311 32.513
43 46 0 56.3467 21.8061
43 47 0 10.8484 87.8038
43 48 0 16.534 57.1836
43 49 0 37.3861 41.6605
43 50 0 59.1966 62.0991
43 51 0 86.8909 73.7061
43 52 0 34.071 16.398
43 53 0 1.43947 23.5768
43 54 0 14.2436 91.8178
43 55 0 88.4925 92.5898
43 56 0 12.6764 64.4518
43 57 0 89.8586 94.4946
43 58 0 54.224 67.9878
43 59 0 71.3337 79.2719
43 60 0 72.2149 49.2363
44 1 0 88.9051 92.0047
44 2 0 93.4842 40.8984
44 3 0 94.1853 85.4757
44 4 0 58.232 5.73785
44 5 0 41.6287 49.6922
44 6 0 69.6828 55.4013
44 7 0 48.3212 77.7123
44 8 0 7.33494 81.32
44 9 0 79.965 87.1197
44 10 0 49.0031 77.5308
44 11 0 82.219 50.9352
44 12 0 2.48928 54.7654
44 13 0 30.4272 62.2926
44 14 0 91.528 89.9297
44 15 0 54.6356 89.3219
44 16 0 88.7338 14.1437
44 17 0 76.0727 51.9597
44 18 0 27.4946 48.0868
44 19 0 33.934 68.8976
44 20 0 29.311 17.9301
44 21 0 80.1881 80.5998
44 22 0 93.0774 13.8606
44 23 0 21.6367 0.0520747
44 24 0 95.0735 92.5451
44 25 0 60.9468 29.7784
44 26 0 28.2723 42.1013
44 27 0 43.6966 86.4091
44 28 0 44.4513 72.5433
44 29 0 69.9585 48.913
44 30 0 92.746 5.07916
44 31 0 98.6194 60.2766
44 32 0 71.9173 20.3852
44 33 0 35.2458 43.2195
44 34 0 80.5284 39.2066
44 35 0 8.21673 45.9784
44 36 0 55.2623 48.572
44 37 0 48.0746 39.1731
44 38 0 51.5401 84.3149
44 39 0 42.7224 67.2501
44 40 0 36.3885 10.5738
44 41 0 75.1012 94.9952
44 42 0 7.03442 99.1022
44 43 0 99.6604 20.3754
44 45 1 17.6281 23.2712
44 46 0 58.6173 41.433
44 47 0 32.5903 0.046666
44 48 0 14.8655 75.909
44 49 0 42.47 35.7201
44 50 0 91.2948 63.2841
44 51 0 47.1752 79.8714
44 52 0 67.9966 93.7762
44 53 0 89.2642 20.2821
44 54 0 90.1236 87.751
44 55 0 97.7055 13.7681
44 56 0 5.22378 96.3275
44 57 0 15.1418 69.391
44 58 0 21.3476 65.3784
44 59 0 96.3546 32.8357
44 60 0 31.6384 75.9947
45 1 0 10.6694 25.679
45 2 0 75.1745 36.0117
45 3 0 13.3702 87.055
45 4 0 99.5111 45.5747
45 5 0 98.2896 80.5161
45 6 0 69.0164 69.1122
45 7 0 66.6001 35.0573
45 8 0 11.6617 25.9472
45 9 0 88.9453 96.4554
45 10 0 36.687 40.8779
45 11 0 92.1172 93.5814
45 12 0 2.64378 1.85503
45 13 0 45.2835 23.3132
45 14 0 81.8092 0.0769668
45 15 0 34.3753 16.9689
45 16 0 85.6661 14.9279
45 17 0 53.2236 15.3056
45 18 0 92.6202 78.4675
45 19 1 90.5947 19.2283
45 20 0 3.37869 54.7276
45 21 0 53.1266 95.2472
45 22 0 3.77835 96.0311
45 23 0 79.361 94.0659
45 24 0 26.0189 65.6933
45 25 0 27.5727 63.4824
45 26 0 56.7372 7.23218
45 27 0 9.99052 30.5944
45 28 0 54.3704 77.4165
45 29 0 19.8597 6.34833
45 30 0 83.1967 22.2065
45 31 0 86.5993 95.6836
45 32 0 92.6759 7.17048
45 33 0 2.73442 19.1853
45 34 0 24.368 72.1482
45 35 0 2.81847 73.1802
45 36 0 53.031 66.8566
45 37 0 18.7893 14.268
45 38 0 86.7087 2.98941
45 39 0 24.097 53.6971
45 40 0 91.8763 94.2937
45 41 0 98.4383 86.1632
45 42 0 59.0013 94.7079
45 43 0 83.2338 12.1046
45 44 0 13.8409 47.9872
45 46 1 86.2197 51.2885
45 47 0 85.5136 75.219
45 48 0 51.1239 24.3422
45 49 0 32.4138 47.6281
45 50 0 95.0966 61.0802
45 51 0 86.9014 87.9162
45 52 0 38.5552 6.4387
45 53 0 69.6133 44.3814
45 54 0 34.3654 55.835
45 55 0 30.4345 77.0995
45 56 0 75.3279 66.6578
45 57 0 3.41505 89.3613
45 58 0 81.8246 36.3774
45 59 0 36.4087 27.7625
45 60 0 74.3733 4.41459
46 1 0 96.0437 81.8342
46 2 1 13.1482 49.0369
46 3 0 20.7168 59.68
46 4 0 79.0079 41.4849
46 5 0 26.4864 94.4977
46 6 0 82.4289 25.6512
46 7 0 78.8464 15.898
46 8 0 41.7453 87.4028
46 9 0 88.3978 42.6207
46 10 0 57.338 84.8253
46 11 0 18.1077 93.005
46 12 0 5.63515 23.0033
46 13 0 99.844 17.2107
46 14 0 2.47624 16.106
46 15 0 64.1359 22.1631
46 16 0 6.03691 68.8476
46 17 0 98.0762 69.2883
46 18 0 66.1795 15.4819
46 19 0 79.5594 94.7788
46 20 0 4.67248 58.5103
46 21 0 75.8172 33.503
46 22 0 33.7895 74.8787
46 23 0 24.3014 59.183
46 24 0 27.6575 8.48826
46 25 0 13.193 94.8763
46 26 0 72.9399 43.8751
46 27 1 79.1672 86.5303
46 28 0 21.9079 27.1722
46 29 0 49.6194 82.4725
46 30 0 34.0103 28.177
46 31 0 23.5824 24.0569
46 32 0 28.6661 58.3338
46 33 0 34.2794 86.0418
46 34 1 54.2877 22.2524
46 35 0 94.2397 65.4091
46 36 0 62.5021 2.19089
46 37 0 76.5916 47.2706
46 38 0 29.1976 71.6684
46 39 0 34.1797 3.85288
46 40 0 57.8007 97.9668
46 41 0 19.9409 81.7331
46 42 0 0.133382 94.5443
46 43 0 79.2156 99.0354
46 44 0 84.3237 15.1197
46 45 0 34.9024 55.2712
46 47 1 54.8774 37.0126
46 48 0 56.0492 65.3606
46 49 0 3.25804 86.4761
46 50 0 6.71323 89.7925
46 51 0 13.6256 34.9358
46 52 0 73.1877 2.00447
46 53 0 65.799 3.21002
46 54 0 78.0878 44.6073
46 55 0 93.2374 87.6017
46 56 0 39.8109 47.726
46 57 0 68.6711 50.8057
46 58 0 57.3365 86.3668
46 59 0 64.929 62.0246
46 60 0 96.9949 31.248
47 1 0 59.0217 6.41194
47 2 0 28.4211 5.34295
47 3 0 41.003 57.3678
47 4 0 30.3714 30.5878
47 5 0 31.6735 83.3035
47 6 0 37.7381 17.3544
47 7 0 96.1334 95.5291
47 8 0 19.2775 74.9648
47 9 0 61.9024 70.1604
47 10 0 47.2586 91.3574
47 11 0 91.715 83.8263
47 12 0 50.3359 72.8745
47 13 0 97.1399 14.5196
47 14 0 57.9514 37.7939
47 15 0 88.6733 47.7806
47 16 0 52.64 51.5928
47 17 0 58.1608 19.9102
47 18 0 86.6257 17.7466
47 19 0 82.1544 1.60932
47 20 0 58.4931 55.1293
47 21 0 7.61241 69.979
47 22 0 27.3159 30.9504
47 23 0 53.3452 41.0111
47 24 0 57.8077 34.4575
47 25 0 98.9767 31.4069
47 26 0 8.98356 62.1628
47 27 0 0.866397 8.94171
47 28 0 94.4217 82.3464
47 29 0 68.5985 2.95597
47 30 0 13.3116 68.6965
47 31 0 97.9028 72.1625
47 32 0 18.8233 80.9233
47 33 0 34.6916 43.0578
47 34 0 92.9767 74.6701
47 35 0 67.6717 4.27946
47 36 0 5.94961 96.5546
47 37 0 73.6138 47.8797
47 38 0 52.0591 27.2854
47 39 0 97.7573 96.8224
47 40 0 13.2336 96.4236
47 41 0 95.1338 87.6683
47 42 0 80.3597 22.2974
47 43 0 45.6154 41.9936
47 44 0 53.1199 46.2934
47 45 0 59.9003 80.2893
47 46 0 62.3654 24.915
47 48 1 73.3003 30.3212
47 49 0 1.57434 19.175
47 50 0 25.3514 10.341
47 51 0 61.5376 19.323
47 52 0 46.9077 3.25568
47 53 0 75.3119 90.0813
47 54 0 55.0515 61.3784
47 55 0 62.3291 25.0212
47 56 0 48.8301 18.4261
47 57 0 86.8033 1.77716
47 58 0 41.7382 31.5697
47 59 0 37.1047 20.1241
47 60 0 93.1607 29.1738
48 1 0 51.6846 6.06909
48 2 0 10.5114 24.4751
48 3 0 10.3703 98.2587
48 4 0 78.1293 34.1308
48 5 0 65.9437 79.0534
48 6 0 63.0581 64.4552
48 7 0 78.0429 89.044
48 8 0 3.05014 53.8055
48 9 0 88.5764 82.3498
48 10 0 17.7544 92.5407
48 11 0 47.2897 82.9716
48 12 0 69.1141 67.1927
48 13 1 59.6301 91.8548
48 14 0 30.6342 7.13564
48 15 0 18.038 30.5702
48 16 0 19.1603 98.2127
48 17 0 17.6232 16.0238
48 18 0 64.5093 93.9738
48 19 0 90.3998 41.3614
48 20 0 4.10062 51.9409
48 21 0 17.469 85.9291
48 22 0 34.6044 33.4745
48 23 0 32.2065 12.0312
48 24 0 64.9037 18.2203
48 25 0 96.0771 64.8593
48 26 0 15.8604 10.2235
48 27 0 1.04966 15.8632
48 28 0 7.66967 12.149
48 29 0 63.4275 53.2125
48 30 0 0.703972 43.9321
48 31 0 77.89 71.4979
48 32 1 49.4441 52.5209
48 33 0 27.3756 56.9134
48 34 0 4.17379 92.452
48 35 0 72.6662 33.7941
48 36 0 66.2634 59.2441
48 37 0 28.6482 88.7491
48 38 0 81.6127 25.9382
48 39 0 93.4253 17.9802
48 40 0 94.3451 43.3033
48 41 0 31.6632 45.3476
48 42 0 79.461 8.26858
48 43 0 7.98052 76.7953
48 44 0 97.1528 15.8965
48 45 0 43.572 45.4023
48 46 0 44.2811 80.7582
48 47 0 15.1729 7.58673
48 49 1 89.2927 61.4071
48 50 0 68.1664 8.81882
48 51 0 21.3264 39.6258
48 52 0 7.75478 13.1033
48 53 0 33.2676 78.4383
48 54 0 0.332007 8.28462
48 55 0 32.0519 49.9917
48 56 0 73.3072 91.0227
48 57 0 90.535 6.36838
48 58 0 58.5139 53.6723
48 59 0 65.6166 69.2871
48 60 0 47.0121 70.0919
49 1 0 2.04177 63.8286
49 2 0 73.892 87.9665
49 3 0 44.4771 37.4603
49 4 0 65.2698 79.9679
49 5 0 48.1859 16.4071
49 6 0 60.6258 31.8253
49 7 0 5.39547 33.4276
49 8 0 38.0729 43.1781
49 9 0 36.9768 76.0148
49 10 0 41.6897 82.0808
49 11 0 95.8687 28.6317
49 12 1 84.5481 97.8408
49 13 0 1.40086 9.81525
49 14 0 38.4006 98.124
49 15 0 72.6334 57.1537
49 16 0 99.5773 16.9535
49 17 0 29.2554 59.8407
49 18 0 33.4235 31.5613
49 19 0 2.6206 93.8418
49 20 0 1.01612 89.8105
49 21 0 94.4274 59.1829
49 22 0 49.3128 48.8791
49 23 0 53.7491 70.1822
49 24 0 63.7431 67.6542
49 25 0 13.4381 13.657
49 26 0 42.2418 96.1633
49 27 0 71.848 58.6333
49 28 0 1.55325 31.0803
49 29 0 40.5156 80.9578
49 30 0 77.9509 9.86255
49 31 0 97.1144 82.7711
49 32 0 20.4225 42.2015
49 33 0 80.1322 98.9588
49 34 0 80.0401 33.9114
49 35 0 7.17398 49.9113
49 36 0 81.1075 67.3386
49 37 0 73.0597 70.9666
49 38 0 20.5046 60.009
49 39 0 86.8333 85.5388
49 40 0 99.53 43.301
49 41 0 42.1543 54.4345
49 42 0 22.5166 87.985
49 43 0 12.5742 49.743
49 44 0 91.2133 71.7207
49 45 0 47.8958 98.0346
49 46 0 36.4321 79.9224
49 47 0 49.3885 28.8455
49 48 0 14.97 2.97072
49 50 1 41.6057 10.7744
49 51 0 17.9163 6.18358
49 52 0 63.5972 90.488
49 53 0 78.9487 88.5269
49 54 0 29.3868 71.274
49 55 0 84.9519 67.3546
49 56 0 40.593 9.42453
49 57 0 57.7074 94.921
49 58 0 85.1698 13.7504
49 59 0 11.494 35.5336
49 60 0 19.7125 87.4939
50 1 0 71.8296 21.2853
50 2 0 37.2132 49.7054
50 3 0 1.04126 72.0038
50 4 0 42.331 52.4478
50 5 0 86.2778 34.2946
50 6 0 22.8922 55.6537
50 7 0 18.982 34.009
50 8 0 81.7443 4.09492
50 9 0 48.4172 36.7449
50 10 0 0.473081 47.5403
50 11 0 30.2757 35.8275
50 12 0 15.7203 72.8854
50 13 0 71.3955 52.9822
50 14 0 75.6222 71.643
50 15 0 88.4775 35.4533
50 16 0 26.024 0.462513
50 17 0 16.0848 19.3111
50 18 0 44.5086 4.94055
50 19 0 96.3952 54.5173
50 20 0 46.2508 23.3476
50 21 0 0.538514 69.0377
50 22 0 78.8888 45.6879
50 23 0 38.2112 88.4517
50 24 0 78.9079 1.94773
50 25 0 66.118 25.183
50 26 0 43.8555 95.9151
50 27 0 67.1746 85.7879
50 28 0 79.3525 9.0025
50 29 1 4.30055 85.5053
50 30 0 63.6861 19.5379
50 31 0 44.0196 49.9979
50 32 0 77.0277 85.2621
50 33 0 40.9339 33.3854
50 34 0 44.1333 2.31181
50 35 0 56.1874 7.73156
50 36 0 13.5348 73.2869
50 37 0 51.0731 73.4497
50 38 0 58.8789 63.845
50 39 0 5.60617 64.3934
50 40 0 45.9646 51.7557
50 41 0 59.3726 69.0811
50 42 0 52.3679 82.9863
50 43 0 97.7065 27.3787
50 44 0 46.7851 44.2877
50 45 0 83.9502 51.4925
50 46 0 12.4776 93.9998
50 47 0 48.6572 43.5068
50 48 0 11.4047 42.6212
50 49 0 41.6938 4.76323
50 51 1 53.6897 36.7911
50 52 0 75.0207 77.3264
50 53 0 41.42 0.805748
50 54 0 61.6443 59.4908
50 55 0 61.8947 67.14
50 56 0 0.572064 63.8426
50 57 0 3.77617 58.4515
50 58 0 47.4019 2.54673
50 59 0 47.4299 75.9438
50 60 0 61.4977 82.7677
51 1 0 14.6805 14.1301
51 2 0 72.8326 88.0443
51 3 0 3.84791 34.3849
51 4 0 78.227 60.2358
51 5 0 53.7958 87.9436
51 6 0 48.24 70.1366
51 7 0 92.1798 54.0021
51 8 0 34.4627 37.3123
51 9 0 82.045 86.1292
51 10 0 62.292 59.5443
51 11 0 66.2775 74.2906
51 12 0 4.03723 43.2708
51 13 0 11.8367 55.6831
51 14 0 53.7789 28.6784
51 15 0 11.8926 56.1563
51 16 0 36.8042 62.2867
51 17 0 75.5532 9.22293
51 18 0 70.1024 62.2814
51 19 0 55.3425 34.0491
51 20 0 68.4755 61.3113
51 21 0 10.27 17.9084
51 22 1 68.1467 62.1167
51 23 0 54.7928 52.4309
51 24 0 1.88938 72.9053
51 25 0 35.9659 9.73401
51 26 0 40.944 1.77223
51 27 0 10.6861 93.6279
51 28 0 2.75886 51.5967
51 29 0 83.1321 94.0594
51 30 0 22.4213 19.7064
51 31 0 19.0509 9.14919
51 32 0 88.3627 62.832
51 33 0 76.2603 1.60664
51 34 0 45.5917 0.742644
51 35 0 56.5329 92.5393
51 36 0 50.9154 81.6166
51 37 0 35.6335 83.7819
51 38 0 1.67905 5.1249
51 39 0 69.6537 65.1686
51 40 0 58.9874 48.0153
51 41 0 26.2901 70.3611
51 42 0 7.40317 37.2957
51 43 0 14.0554 98.4235
51 44 0 26.3392 28.4996
51 45 0 14.245 52.272
51 46 0 3.29186 29.674
51 47 0 7.90366 88.2311
51 48 0 14.982 2.72132
51 49 0 54.9303 8.63765
51 50 0 61.0926 54.6706
51 52 1 66.5493 84.624
51 53 0 68.13 4.04053
51 54 0 32.2494 85.011
51 55 0 29.2992 87.2762
51 56 0 83.7475 27.6019
51 57 0 70.2657 85.2005
51 58 0 96.3513 5.49585
51 59 0 50.8102 51.6289
51 60 0 58.0235 99.4496
52 1 0 76.3678 74.7717
52 2 0 44.2613 56.2791
52 3 0 99.3768 2.81392
52 4 0 92.8455 4.0041
52 5 0 31.9614 0.199608
52 6 0 67.3764 20.4926
52 7 0 16.2948 31.1986
52 8 0 25.1384 49.8177
52 9 0 26.3018 44.6513
52 10 0 82.6037 65.2569
52 11 0 68.0519 80.1359
52 12 0 37.3888 93.1729
52 13 0 1.56406 72.9818
52 14 0 87.2372 46.0223
52 15 0 47.5706 52.9252
52 16 0 78.136 54.8076
52 17 0 40.2161 29.6449
52 18 0 44.6424 93.266
52 19 0 98.041 87.2949
52 20 0 75.1 52.5019
52 21 0 48.0632 36.542
52 22 0 63.2914 41.8033
52 23 0 27.0694 99.5218
52 24 0 19.6085 51.6538
52 25 0 41.9004 44.9533
52 26 0 19.7971 18.554
52 27 0 65.0436 6.09054
52 28 0 34.3491 18.64
52 29 0 64.6777 40.4328
52 30 0 0.381943 10.8702
52 31 0 0.368853 82.5847
52 32 0 23.8285 34.1634
52 33 0 55.9792 86.2648
52 34 0 80.4008 99.8896
52 35 0 38.2663 60.7508
52 36 0 42.4524 63.6279
52 37 0 88.4047 13.319
52 38 0 20.4524 22.6495
52 39 0 18.1234 7.32927
52 40 0 92.9067 96.9614
52 41 0 6.1501 45.2612
52 42 0 13.3911 55.0687
52 43 0 58.4804 61.3914
52 44 1 68.3434 5.73469
52 45 0 79.5135 54.7113
52 46 0 37.5241 93.4315
52 47 0 66.8379 19.2182
52 48 0 28.9804 47.8904
52 49 0 95.5595 22.4938
52 50 0 93.9584 28.6967
52 51 0 29.6869 5.72495
52 53 1 6.13383 59.1136
52 54 0 91.294 97.1096
52 55 0 53.032 3.40694
52 56 0 58.6582 57.2039
52 57 0 67.8366 14.1455
52 58 0 59.3201 35.8737
52 59 0 45.279 29.4578
52 60 0 98.2947 23.089
53 1 0 38.517 26.6862
53 2 0 74.7164 68.7126
53 3 0 82.7162 68.8345
53 4 0 59.95 54.9167
53 5 0 95.9975 1.10688
53 6 0 48.3021 81.7367
53 7 0 90.625 30.5273
53 8 0 81.3984 28.5035
53 9 0 98.3726 15.908
53 10 0 92.1607 33.5473
53 11 0 56.4446 72.6446
53 12 0 28.2367 65.093
53 13 0 13.8724 83.0092
53 14 0 77.7574 54.6151
53 15 0 55.7024 79.5153
53 16 0 84.1814 51.8586
53 17 0 97.1839 38.9989
53 18 0 69.0473 29.401
53 19 0 48.0094 65.5857
53 20 0 22.0057 67.3024
53 21 0 5.84781 73.9741
53 22 0 8.85086 32.8534
53 23 0 63.7805 21.9749
53 24 0 72.1321 58.7328
53 25 0 91.8307 16.9187
53 26 0 78.7505 99.2933
53 27 0 73.9617 44.0898
53 28 0 44.5213 60.4982
53 29 0 74.879 3.74984
53 30 0 18.3709 16.9047
53 31 0 15.1488 77.4466
53 32 0 9.63144 4.38411
53 33 0 30.301 10.698
53 34 0 29.0063 43.3826
53 35 0 81.8546 97.3857
53 36 0 23.5575 44.9466
53 37 0 47.3394 17.4445
53 38 0 41.8187 0.715805
53 39 0 44.9504 14.0569
53 40 0 59.853 53.2853
53 41 0 49.0707 46.4269
53 42 0 56.7246 38.248
53 43 0 58.876 39.1484
53 44 0 82.3171 54.9321
53 45 0 53.9604 38.8437
53 46 0 65.2302 44.5439
53 47 0 36.5945 46.7754
53 48 0 83.8401 37.2509
53 49 0 25.6128 65.4863
53 50 0 5.31713 28.1502
53 51 0 33.9449 67.8663
53 52 0 19.3117 19.8584
53 54 1 29.7696 21.9
53 55 0 29.9074 53.3145
53 56 0 78.9839 49.9462
53 57 0 50.4563 69.2425
53 58 0 64.7971 82.5418
53 59 0 58.1412 51.1957
53 60 0 3.86896 19.988
54 1 0 39.2941 40.6318
54 2 0 44.0823 18.0601
54 3 0 59.2533 33.7437
54 4 0 5.75073 94.0592
54 5 0 52.4782 30.8402
54 6 0 69.0798 37.3003
54 7 0 27.4315 96.3404
54 8 0 61.8397 91.6882
54 9 0 70.4887 3.37521
54 10 0 81.908 30.8704
54 11 0 29.182 4.13055
54 12 0 82.6348 50.0877
54 13 0 25.0551 8.16432
54 14 0 26.9299 5.28372
54 15 0 7.99401 84.7595
54 16 0 12.4137 38.5878
54 17 0 49.2225 45.4654
54 18 0 4.22933 75.986
54 19 0 58.8816 30.5367
54 20 0 42.111 24.7983
54 21 0 70.3195 84.8784
54 22 0 18.7377 92.436
54 23 0 25.9927 19.5127
54 24 0 55.2991 17.7302
54 25 0 74.7682 30.2041
54 26 0 49.7308 52.1686
54 27 0 69.6252 52.4526
54 28 0 55.8673 5.03323
54 29 0 46.3232 71.7494
54 30 0 99.9847 72.3817
54 31 0 30.2152 59.9687
54 32 0 0.342356 89.1004
54 33 0 84.8757 86.5951
54 34 0 99.3195 89.3568
54 35 1 20.0976 2.43812
54 36 0 15.7707 29.7027
54 37 0 61.3789 69.037
54 38 0 10.1635 27.8432
54 39 0 4.01438 98.0713
54 40 0 90.0194 35.4518
54 41 0 50.0802 22.0758
54 42 0 22.3468 97.2565
54 43 0 12.4922 60.2004
54 44 0 55.5445 59.5468
54 45 0 11.7711 46.3505
54 46 0 47.5689 29.644
54 47 0 7.93128 81.8266
54 48 0 11.5906 19.6828
54 49 0 0.335924 56.4076
54 50 0 58.3653 56.0705
54 51 0 55.3005 51.5186
54 52 0 90.7539 93.5153
54 53 0 69.2004 18.9835
54 55 1 14.9134 92.689
54 56 0 59.0617 22.991
54 57 0 49.9942 31.829
54 58 0 45.8747 40.3101
54 59 0 37.2952 71.0138
54 60 0 38.4798 60.384
55 1 0 0.303444 12.7026
55 2 0 17.2918 13.2646
55 3 0 82.5695 56.5914
55 4 0 53.978 41.243
55 5 0 52.0722 92.1479
55 6 0 29.7981 52.3428
55 7 0 80.3926 32.0416
55 8 0 43.7835 51.6613
55 9 0 71.2869 65.3737
55 10 0 0.625769 93.3443
55 11 0 11.0803 58.5688
55 12 0 5.66519 48.7694
55 13 0 36.758 72.9442
55 14 0 19.7571 60.9067
55 15 0 32.6699 57.6698
55 16 1 15.6313 17.7026
55 17 0 26.6737 41.7962
55 18 0 94.4098 66.9577
55 19 0 31.863 6.71986
55 20 0 94.4742 70.3321
55 21 0 6.28829 62.5369
55 22 0 15.9877 70.6856
55 23 0 27.324 69.6949
55 24 0 34.7062 47.4677
55 25 0 50.3074 26.9266
55 26 1 8.61842 73.2052
55 27 0 15.0925 55.7711
55 28 0 23.3035 71.1389
55 29 0 15.8593 88.931
55 30 0 58.9185 82.1951
55 31 0 62.2331 77.229
55 32 0 44.9965 26.9621
55 33 0 26.0601 8.69775
55 34 0 43.7941 99.9208
55 35 0 90.4162 50.2675
55 36 0 91.1543 56.4509
55 37 0 76.849 43.6263
55 38 0 75.6152 74.9547
55 39 0 39.008 83.1563
55 40 0 58.4049 52.3239
55 41 0 31.6156 91.3274
55 42 0 87.2474 12.0913
55 43 0 45.2183 38.0507
55 44 0 97.447 70.6886
55 45 0 83.7349 31.0362
55 46 0 4.5585 40.3092
55 47 0 72.098 16.8047
55 48 0 53.9482 27.7905
55 49 0 14.7384 54.0743
55 50 0 28.2874 8.36146
55 51 0 49.8459 25.9972
55 52 0 51.8874 52.5207
55 53 0 38.615 61.2738
55 54 0 2.90536 44.2639
55 56 1 45.7671 28.6393
55 57 0 35.5099 69.0936
55 58 0 47.899 36.602
55 59 0 82.9495 88.6852
55 60 0 78.9832 25.2188
56 1 0 59.7743 35.149
56 2 0 63.592 41.0079
56 3 0 23.7702 83.0929
56 4 0 25.974 36.9406
56 5 0 25.6023 55.2351
56 6 0 63.5663 15.9709
56 7 0 52.1658 20.3696
56 8 0 32.0534 9.86983
56 9 0 41.2413 40.4841
56 10 0 34.7567 56.1742
56 11 0 3.54615 49.8683
56 12 0 70.3294 63.4562
56 13 0 92.4991 61.9235
56 14 0 64.2553 10.1142
56 15 0 98.393 96.1663
56 16 0 14.4154 27.2577
56 17 0 88.1678 97.2306
56 18 0 91.2575 35.6215
56 19 0 4.59443 31.7635
56 20 0 44.6397 36.4584
56 21 0 42.0303 61.7445
56 22 0 64.7187 77.5337
56 23 0 18.6211 7.50009
56 24 0 45.1616 23.0996
56 25 0 95.748 25.2069
56 26 0 67.6275 88.8325
56 27 0 4.37486 19.1645
56 28 0 83.3162 70.994
56 29 0 52.4342 87.9063
56 30 0 91.2787 75.2524
56 31 0 46.0988 86.0083
56 32 0 37.137 77.4137
56 33 0 27.0985 59.9366
56 34 0 59.249 60.5632
56 35 0 30.4662 78.519
56 36 0 35.8233 97.5201
56 37 0 10.5308 8.08364
56 38 0 35.8703 42.0502
56 39 0 40.5967 36.2593
56 40 0 20.9903 9.92804
56 41 0 16.8379 8.83297
56 42 0 54.1582 59.6752
56 43 0 30.8317 68.3378
56 44 0 21.1008 63.5449
56 45 0 42.5865 43.7542
56 46 0 37.4239 88.6793
56 47 0 63.2457 31.3179
56 48 0 82.7723 39.1271
56 49 0 6.04832 67.5782
56 50 0 18.7545 26.7327
56 51 0 52.7276 76.8237
56 52 0 54.1652 83.7079
56 53 0 0.790853 9.23019
56 54 0 84.3721 31.9421
56 55 0 86.033 27.1166
56 57 1 2.83384 96.8114
56 58 0 67.3431 55.6428
56 59 0 13.43 87.1925
56 60 0 56.5065 54.8631
57 1 0 65.6882 77.2205
57 2 0 4.05967 42.2191
57 3 0 55.7936 61.8023
57 4 0 52.0716 50.9803
57 5 0 78.8631 48.76
57 6 0 61.009 44.4603
57 7 0 77.4411 9.59391
57 8 0 7.81834 50.4095
57 9 0 46.8533 93.3396
57 10 0 7.14051 32.4748
57 11 0 85.9194 9.24844
57 12 0 59.0675 21.9319
57 13 0 70.672 37.7329
57 14 0 59.4695 48.2653
57 15 0 17.333 58.722
57 16 0 50.723 39.7979
57 17 0 21.433 47.9089
57 18 0 22.3644 4.5505
57 19 0 50.1198 11.0328
57 20 0 86.3077 12.0759
57 21 0 36.5115 26.1801
57 22 0 37.2464 38.5627
57 23 0 94.8087 47.8891
57 24 0 61.7429 71.9361
57 25 0 96.171 42.9069
57 26 0 83.2378 16.5668
57 27 0 34.8283 36.0309
57 28 0 48.9964 10.695
57 29 0 0.116168 8.24942
57 30 0 63.1465 35.5884
57 31 0 0.885704 9.16296
57 32 0 23.1695 86.9353
57 33 0 27.0129 44.81
57 34 0 90.8411 41.0193
57 35 0 54.1029 82.1175
57 36 0 25.0504 75.8804
57 37 0 36.9858 69.0793
57 38 0 57.7768 91.7553
57 39 0 49.2886 95.2613
57 40 0 54.9963 93.5847
57 41 0 54.1242 3.19703
57 42 0 37.627 29.406
57 43 0 69.6402 4.35461
57 44 0 93.6334 87.2839
57 45 0 20.0246 52.4787
57 46 0 73.0188 59.0168
57 47 0 26.9192 80.1718
57 48 0 65.2603 52.6785
57 49 0 8.9854 41.0875
57 50 0 42.2822 58.3622
57 51 0 91.9996 58.1631
57 52 0 82.5081 43.6213
57 53 0 88.2167 15.8948
57 54 0 3.95348 49.3728
57 55 0 33.0889 49.696
57 56 1 21.6496 2.40542
57 58 1 30.8961 34.8514
57 59 0 91.8696 22.1232
57 60 0 11.6631 47.3985
58 1 0 8.22058 27.8163
58 2 0 6.81828 48.0297
58 3 0 6.55095 27.0964
58 4 0 1.81432 8.48031
58 5 0 17.6071 25.1177
58 6 0 45.8075 56.8848
58 7 0 48.0182 42.93
58 8 0 24.2897 23.8716
58 9 0 23.2425 20.4574
58 10 0 75.3797 67.5071
58 11 0 15.344 94.2681
58 12 0 66.5211 32.4586
58 13 0 84.9904 57.496
58 14 0 37.2758 21.2738
58 15 0 29.7944 98.062
58 16 0 19.4646 68.0942
58 17 0 43.8309 27.6302
58 18 0 36.584 73.1613
58 19 0 35.8092 40.6546
58 20 0 60.5181 48.4176
58 21 0 78.0551 28.5808
58 22 0 32.7121 80.9542
58 23 0 96.153 47.4822
58 24 0 72.4929 29.5971
58 25 0 77.1349 38.4413
58 26 0 54.2082 35.9285
58 27 0 96.9406 26.6925
58 28 0 64.3516 74.3701
58 29 0 87.2736 38.8884
58 30 0 92.5767 60.8332
58 31 0 40.9977 38.3705
58 32 0 94.8421 69.4117
58 33 0 44.273 38.4366
58 34 0 83.5402 86.4219
58 35 0 21.5172 54.5214
58 36 0 66.5427 20.9537
58 37 0 54.1972 7.07195
58 38 0 39.5042 63.2816
58 39 0 80.4738 23.2399
58 40 0 24.229 55.334
58 41 0 7.39767 46.4764
58 42 0 93.3284 10.2195
58 43 0 55.3425 1.83774
58 44 0 32.3125 9.36202
58 45 0 77.6132 84.1744
58 46 0 94.0167 94.0542
58 47 0 68.8404 81.1254
58 48 0 22.8466 83.2451
58 49 0 22.5501 12.9484
58 50 1 59.5723 31.0614
58 51 0 97.9029 62.9952
58 52 0 46.8727 18.3058
58 53 0 1.12206 10.5969
58 54 0 71.0668 73.2392
58 55 0 95.2972 26.856
58 56 0 2.25473 12.0323
58 57 0 35.2087 59.6119
58 59 1 7.08558 31.7594
58 60 0 99.8094 75.2501
59 1 0 35.6376 68.5987
59 2 0 2.91047 92.5968
59 3 0 58.4699 31.7598
59 4 0 54.7346 24.747
59 5 0 19.6118 64.8649
59 6 0 17.5418 25.8176
59 7 0 20.0117 48.1716
59 8 0 24.4696 0.955732
59 9 0 32.4001 34.3443
59 10 0 15.6158 21.503
59 11 0 91.8757 29.4749
59 12 0 96.7704 62.6957
59 13 0 91.513 61.9215
59 14 0 45.4097 7.73097
59 15 0 61.9108 80.1995
59 16 0 47.8036 84.422
59 17 0 67.2086 57.1813
59 18 0 24.2716 28.0661
59 19 0 84.1495 15.2277
59 20 0 58.4053 56.3077
59 21 0 94.2307 42.1941
59 22 0 0.315545 97.1756
59 23 0 1.46928 58.2967
59 24 0 45.037 9.93848
59 25 0 54.0728 20.7656
59 26 0 34.5704 1.79853
59 27 0 54.5012 22.892
59 28 0 1.0381 0.176231
59 29 0 37.5163 48.761
59 30 0 76.2873 32.1665
59 31 0 55.1855 45.3443
59 32 0 27.5628 9.80385
59 33 0 16.2691 18.8421
59 34 0 61.1178 78.7261
59 35 0 1.07104 33.5846
59 36 0 47.4594 56.2855
59 37 0 0.920089 25.0324
59 38 0 59.0341 56.9748
59 39 0 79.7944 73.1309
59 40 0 61.2496 96.8494
59 41 0 62.9178 23.5369
59 42 0 89.5515 25.2934
59 43 0 40.4074 11.5095
59 44 0 50.4082 12.3497
59 45 0 5.73197 61.8086
59 46 0 27.4824 9.90413
59 47 0 5.14635 17.8247
59 48 0 28.4172 16.7882
59 49 0 45.7111 91.5812
59 50 0 37.0798 52.6103
59 51 0 47.3986 34.1593
59 52 0 86.2677 50.6142
59 53 0 92.7444 70.414
59 54 0 3.37086 93.4079
59 55 0 63.3287 75.8416
59 56 0 20.1839 22.976
59 57 0 6.79384 59.8352
59 58 0 33.9998 79.1149
59 60 1 0.764989 84.6379
60 1 1 86.5749 55.6162
60 2 0 95.4358 4.40487
60 3 0 4.54245 97.4745
60 4 0 76.6218 10.1342
60 5 0 10.375 84.2739
60 6 0 48.26 80.1842
60 7 0 77.0034 20.8309
60 8 0 59.3225 62.1976
60 9 0 57.1625 9.30094
60 10 0 24.4567 58.7097
60 11 0 84.9927 39.8172
60 12 0 45.7135 6.54829
60 13 0 23.7998 52.5258
60 14 0 82.9727 40.1086
60 15 0 72.7185 79.951
60 16 0 95.6622 58.0598
60 17 0 6.19424 1.73618
60 18 0 6.59007 6.21937
60 19 0 54.5324 2.03688
60 20 0 72.2976 43.3544
60 21 0 48.8852 36.1165
60 22 0 9.83454 24.2585
60 23 0 32.8321 45.1663
60 24 0 25.8337 89.9633
60 25 0 7.22695 44.8639
60 26 0 80.0799 94.7325
60 27 0 30.9767 88.6392
60 28 0 66.3012 68.5578
60 29 0 63.9368 58.2943
60 30 0 83.3869 70.9016
60 31 0 92.3811 5.03277
60 32 0 89.4911 57.5697
60 33 0 30.7276 86.8262
60 34 0 31.7682 32.6768
60 35 0 97.5824 48.7678
60 36 0 35.2326 28.9972
60 37 0 2.97953 27.8893
60 38 0 64.4759 49.6913
60 39 0 34.6424 57.8421
60 40 0 33.0637 45.001
60 41 0 51.4194 51.3322
60 42 0 14.335 66.2307
60 43 0 54.4324 31.4028
60 44 0 3.21268 97.4033
60 45 0 14.4035 33.8203
60 46 0 56.2799 25.8818
60 47 0 44.4745 59.7809
60 48 0 14.4296 24.6179
60 49 0 36.0022 88.9805
60 50 1 13.2947 96.6045
60 51 0 15.6051 40.3937
60 52 0 92.346 39.8853
60 53 0 67.2132 37.2481
60 54 0 27.6929 21.5439
60 55 0 67.5507 10.4376
60 56 0 87.0081 18.0741
60 57 0 22.1047 4.50859
60 58 0 17.9802 85.9609
60 59 0 94.6429 32.0817
4.72563 23.4729 15.187 10.2557 1.08476 17.3454 24.448 4.10815 7.09953 22.2927 26.7513 34.4073 0.478394 0.784042 30.3464 8.33266 3.22575 12.5578 29.2975 5.94583 18.1104 23.7192 1.84222 29.1688 26.8156 9.42718 11.597 28.1508 2.1575 10.688 0.204723 32.6083 10.2102 24.5465 33.1772 14.1148 11.8553 20.5884 3.35909 25.049 10.2008 27.326 3.71231 31.4093 16.798 17.3947 26.0207 15.7877 2.15864 30.2032 7.32739 4.32382 8.96081 32.8494 20.678 13.1107 38.5236 9.22082 17.063 9.92514 