60
300
3
100
1 2 1 95.2247 90.1491
1 3 0 69.3149 65.9724
1 4 1 19.269 87.7034
1 5 0 1.59605 51.3791
1 6 0 83.3563 80.0497
1 7 0 77.7221 69.4663
1 8 0 67.9937 28.7304
1 9 0 26.4926 22.3362
1 10 0 13.6328 26.9313
1 11 0 75.1671 61.4755
1 12 0 12.9647 35.8287
1 13 0 86.4136 40.426
1 14 0 63.0862 73.2926
1 15 0 44.5221 99.3613
1 16 0 91.4454 73.9804
1 17 0 45.0448 84.0709
1 18 0 91.0904 8.75292
1 19 0 56.3066 8.25868
1 20 0 28.6835 39.3662
1 21 0 34.7224 88.367
1 22 0 56.5613 38.4039
1 23 0 79.2488 90.9697
1 24 0 90.1645 30.396
1 25 0 54.8735 18.218
1 26 0 2.50987 39.688
1 27 0 37.761 7.13485
1 28 0 65.5327 28.2912
1 29 0 34.2055 62.4928
1 30 0 25.5343 40.1941
1 31 0 55.2083 88.8712
1 32 0 94.4311 27.0308
1 33 0 54.7274 0.555732
1 34 0 82.7346 28.864
1 35 0 49.5278 17.1169
1 36 0 40.0216 15.957
1 37 0 61.2405 36.7055
1 38 1 84.1997 42.6601
1 39 0 25.4864 4.24389
1 40 0 43.6713 87.9103
1 41 0 59.2449 0.0504775
1 42 0 16.476 56.7734
1 43 0 18.9718 10.2586
1 44 0 62.3275 6.61258
1 45 0 46.4191 59.0716
1 46 0 45.6091 10.1493
1 47 0 47.1789 78.9073
1 48 0 49.8432 94.9869
1 49 0 97.5014 27.0626
1 50 0 69.0044 48.3761
1 51 0 3.50225 73.5413
1 52 0 5.58175 29.6946
1 53 0 4.87165 90.2443
1 54 0 77.7636 26.6038
1 55 0 53.9357 81.0758
1 56 0 61.8924 42.0475
1 57 0 6.31565 22.2843
1 58 0 47.9197 90.6884
1 59 1 5.35627 15.3426
1 60 0 72.2395 81.9159
2 1 0 0.169186 77.5593
2 3 1 0.162774 79.6293
2 4 0 59.9966 36.8975
2 5 0 21.6113 10.1102
2 6 0 77.8667 25.2003
2 7 0 29.9205 91.3927
2 8 0 34.6439 66.5687
2 9 0 59.4167 28.5678
2 10 0 18.9064 54.3854
2 11 0 59.4177 7.69373
2 12 1 40.5477 94.229
2 13 0 15.3714 91.8892
2 14 0 97.9334 91.6422
2 15 0 22.7584 56.2605
2 16 0 57.2649 6.40954
2 17 0 7.15432 2.30506
2 18 0 20.9904 29.5121
2 19 0 85.1949 69.754
2 20 0 65.8555 44.191
2 21 0 97.8018 21.8633
2 22 0 28.3764 41.8449
2 23 0 77.2402 37.0811
2 24 0 33.7762 25.7773
2 25 0 89.0667 55.4645
2 26 0 10.2811 55.2807
2 27 0 63.8891 19.0168
2 28 0 68.4708 65.4492
2 29 0 92.3156 25.7198
2 30 0 52.5185 77.2785
2 31 0 50.5693 50.0806
2 32 0 87.581 54.3878
2 33 0 61.9204 15.9773
2 34 0 70.5218 8.70531
2 35 0 0.506032 18.0477
2 36 0 88.2144 30.4334
2 37 0 93.7473 13.9518
2 38 0 77.0505 19.3375
2 39 0 98.4781 30.5729
2 40 0 48.6965 8.95011
2 41 0 86.1784 93.9713
2 42 0 71.4936 41.0874
2 43 0 67.0844 3.97334
2 44 1 39.1847 31.6491
2 45 0 60.595 23.2285
2 46 0 10.6246 21.4117
2 47 0 95.4239 84.7396
2 48 0 20.4594 3.7158
2 49 0 74.384 93.6029
2 50 0 35.7387 70.646
2 51 0 75.8458 87.3254
2 52 0 82.263 88.091
2 53 0 65.7037 55.9881
2 54 0 45.542 23.8133
2 55 0 35.6695 36.5656
2 56 0 15.5857 80.007
2 57 0 19.5233 38.8425
2 58 1 59.7223 77.5213
2 59 0 41.1282 85.4558
2 60 0 80.9488 41.8068
3 1 0 12.9595 98.8632
3 2 0 97.3015 4.92883
3 4 1 11.0063 78.5842
3 5 0 42.2512 28.6082
3 6 0 2.95157 18.5851
3 7 0 86.6807 75.1121
3 8 0 82.7473 16.4838
3 9 0 4.39017 35.012
3 10 0 62.7946 48.1126
3 11 0 88.9474 41.5171
3 12 0 41.9594 34.2453
3 13 0 26.1425 84.0267
3 14 0 81.6375 5.48284
3 15 0 84.6305 54.8637
3 16 0 46.3369 69.1054
3 17 0 10.5764 17.5666
3 18 0 96.8243 31.9034
3 19 0 15.622 89.7604
3 20 0 95.9494 47.0024
3 21 0 56.4039 11.5161
3 22 0 51.8017 39.0466
3 23 0 73.5642 17.6365
3 24 1 52.491 9.99822
3 25 0 18.4509 95.3603
3 26 0 42.6773 77.6283
3 27 0 51.6179 47.3215
3 28 0 57.8937 2.44513
3 29 0 68.5023 27.9059
3 30 0 85.6554 72.1655
3 31 0 95.895 78.4943
3 32 0 48.5731 47.5823
3 33 0 30.6172 41.3846
3 34 0 41.4172 51.71
3 35 0 23.8749 54.9369
3 36 0 21.3811 69.6079
3 37 0 45.5899 99.3997
3 38 0 6.78032 61.3884
3 39 1 31.7829 83.1009
3 40 0 21.2448 2.37014
3 41 0 81.669 51.5143
3 42 0 20.4555 55.8437
3 43 1 53.8756 65.4538
3 44 0 73.3993 38.3633
3 45 0 4.35282 19.7715
3 46 0 84.2368 58.5523
3 47 1 87.8285 46.5055
3 48 0 24.4096 94.5944
3 49 0 38.2627 75.7587
3 50 0 23.8794 75.7269
3 51 0 79.7715 33.2989
3 52 0 7.03849 40.0855
3 53 0 29.7822 75.357
3 54 0 75.7135 53.7959
3 55 0 49.3844 21.6794
3 56 0 84.0112 25.168
3 57 0 31.4971 0.383536
3 58 1 49.4528 62.2473
3 59 0 14.7127 85.8844
3 60 0 80.1362 43.0079
4 1 0 89.2963 72.842
4 2 0 72.0581 46.0865
4 3 0 32.8688 10.2266
4 5 1 17.2272 54.0577
4 6 0 19.8979 74.5811
4 7 0 33.3053 30.5926
4 8 0 67.3597 15.3409
4 9 1 71.5715 24.4591
4 10 0 33.7327 1.56604
4 11 0 81.4535 86.959
4 12 0 76.5778 47.5175
4 13 0 69.1863 25.1962
4 14 0 15.1564 77.5324
4 15 0 71.0975 30.1645
4 16 0 94.4055 87.7765
4 17 0 21.3473 17.0585
4 18 0 52.5901 98.8709
4 19 0 65.7047 30.9208
4 20 0 88.5116 75.3056
4 21 0 85.4062 39.2024
4 22 0 2.53593 96.295
4 23 0 77.0778 77.9992
4 24 0 21.4134 82.7161
4 25 0 51.4389 59.2647
4 26 0 32.8764 98.1383
4 27 0 33.9157 91.6248
4 28 0 68.3878 88.8093
4 29 0 54.0682 61.1493
4 30 1 62.2201 20.6787
4 31 0 28.762 84.8919
4 32 0 49.5608 71.8315
4 33 0 28.0521 81.8606
4 34 0 42.1146 93.8344
4 35 0 14.9567 97.4545
4 36 0 72.9424 69.1403
4 37 0 22.5125 12.4295
4 38 0 75.0871 24.9302
4 39 0 71.1567 10.2066
4 40 0 42.4928 60.2671
4 41 0 0.508759 14.9919
4 42 0 7.33451 60.0054
4 43 0 2.49001 39.3615
4 44 0 42.4898 9.95998
4 45 0 77.9819 59.6858
4 46 0 60.2831 95.0357
4 47 0 27.4142 50.5519
4 48 1 28.0657 90.4993
4 49 0 19.8604 42.2928
4 50 0 29.9062 26.8299
4 51 0 50.8343 64.5231
4 52 0 32.8237 65.9413
4 53 0 93.4309 30.9674
4 54 0 40.715 37.2751
4 55 0 58.153 0.863421
4 56 0 99.4331 41.9154
4 57 0 21.0591 85.2547
4 58 0 62.8295 73.006
4 59 0 67.8125 68.8753
4 60 0 93.9082 36.8811
5 1 0 76.8698 76.0331
5 2 0 78.2636 17.7363
5 3 0 36.1388 36.7877
5 4 0 57.934 6.76881
5 6 1 20.1299 19.4807
5 7 0 33.6723 68.5472
5 8 0 61.0432 24.2869
5 9 0 76.7192 8.76776
5 10 0 33.3621 58.6618
5 11 0 80.6808 74.3779
5 12 0 16.1786 89.1333
5 13 0 77.9647 46.212
5 14 0 99.0856 70.0973
5 15 0 13.6622 63.4799
5 16 0 50.7076 49.3261
5 17 0 30.723 72.2475
5 18 0 75.9285 10.8471
5 19 0 86.6026 1.12569
5 20 0 76.9208 89.1281
5 21 0 70.8675 7.29918
5 22 0 78.0019 33.4492
5 23 0 34.1014 47.8132
5 24 0 31.9926 65.5317
5 25 0 46.8982 96.2674
5 26 0 72.3763 12.1329
5 27 0 41.9736 10.3659
5 28 0 53.4431 26.9946
5 29 0 14.7752 74.9479
5 30 0 81.5016 91.7898
5 31 0 21.9148 41.1223
5 32 0 50.3695 76.6698
5 33 0 97.7535 63.3671
5 34 0 30.04 33.2895
5 35 0 43.5277 21.5599
5 36 0 95.2903 28.4057
5 37 0 62.8805 90.0622
5 38 0 22.7514 74.7153
5 39 0 53.3274 5.64639
5 40 0 43.2803 34.9063
5 41 0 40.685 60.9662
5 42 0 21.1547 29.6263
5 43 0 30.4564 24.1858
5 44 0 16.6264 43.228
5 45 0 32.8367 30.8075
5 46 0 17.6555 2.42657
5 47 0 25.8724 19.9604
5 48 0 93.9289 9.02744
5 49 0 93.1755 39.2885
5 50 0 52.6479 65.0801
5 51 0 73.5301 19.0757
5 52 1 17.5876 25.4935
5 53 0 87.9632 2.2018
5 54 0 25.0715 54.8001
5 55 1 97.9866 20.4837
5 56 0 20.659 64.0496
5 57 0 15.0342 26.231
5 58 0 12.406 81.549
5 59 0 56.8428 2.65666
5 60 1 85.151 93.3814
6 1 0 70.3656 98.8119
6 2 0 42.8963 25.4916
6 3 0 47.5109 98.18
6 4 0 36.0634 22.3432
6 5 0 13.3269 83.33
6 7 1 89.5345 98.1557
6 8 0 68.6647 0.435041
6 9 0 82.392 9.01209
6 10 0 8.32114 70.0312
6 11 0 25.2792 45.3916
6 12 0 47.761 77.2503
6 13 0 5.15027 82.0324
6 14 0 25.7471 97.2696
6 15 0 57.9455 12.7936
6 16 0 72.0468 47.9559
6 17 0 22.8869 57.8648
6 18 0 58.8996 80.7944
6 19 1 95.8106 76.0591
6 20 0 60.055 15.8669
6 21 0 1.91581 10.7432
6 22 0 67.4932 9.70505
6 23 0 96.6583 78.8899
6 24 0 14.6805 74.3474
6 25 0 97.6274 45.5631
6 26 0 19.2102 13.3406
6 27 0 66.4766 65.5148
6 28 0 12.4001 96.9119
6 29 0 27.7725 46.431
6 30 0 2.64151 5.14562
6 31 0 79.4438 79.5049
6 32 0 99.9841 12.5587
6 33 0 53.6553 82.4455
6 34 0 26.1273 75.5903
6 35 0 18.1068 56.6321
6 36 0 6.48948 62.6271
6 37 0 99.4799 61.275
6 38 0 80.2933 94.7285
6 39 0 66.5306 96.1282
6 40 0 37.9857 68.9252
6 41 0 19.532 17.4995
6 42 0 84.0446 15.3733
6 43 0 35.7053 11.9423
6 44 0 60.5996 2.8329
6 45 0 35.2341 22.0118
6 46 0 6.07712 11.733
6 47 0 55.1081 5.35632
6 48 0 89.9289 83.0255
6 49 0 60.2545 14.8829
6 50 0 38.1885 37.4847
6 51 0 6.00538 39.2988
6 52 0 69.4127 14.8763
6 53 0 29.3333 99.1494
6 54 0 79.0579 48.1395
6 55 0 19.1122 7.13766
6 56 0 32.3431 52.8005
6 57 0 37.1207 17.0849
6 58 0 34.9182 28.5499
6 59 0 19.8808 94.7197
6 60 0 52.0003 26.5927
7 1 0 50.4962 22.3955
7 2 0 59.8877 21.8086
7 3 0 40.3585 32.3613
7 4 0 4.79948 4.84376
7 5 0 64.7843 41.3496
7 6 0 1.16969 26.5422
7 8 1 67.1244 90.3394
7 9 0 18.3975 91.5241
7 10 0 83.3019 66.1285
7 11 0 89.6713 14.3954
7 12 0 87.1923 59.2927
7 13 0 90.7615 11.8493
7 14 0 44.7284 37.5999
7 15 0 10.0631 7.33381
7 16 0 26.0021 0.652798
7 17 0 35.389 23.7117
7 18 0 37.3813 71.4153
7 19 0 85.432 43.3705
7 20 0 26.5709 34.1113
7 21 0 42.8741 17.2303
7 22 0 4.31399 73.6776
7 23 0 59.3811 74.4812
7 24 0 18.4898 97.301
7 25 0 50.4639 31.7731
7 26 0 33.1123 17.2979
7 27 0 68.7463 26.2211
7 28 0 27.9199 7.87694
7 29 0 82.9878 28.0369
7 30 0 46.1293 52.488
7 31 0 4.72189 71.5758
7 32 0 20.6598 53.2516
7 33 0 83.1753 61.9166
7 34 0 69.1391 3.91914
7 35 0 30.2988 87.76
7 36 0 32.3337 82.6506
7 37 0 13.5296 63.2891
7 38 0 52.5408 50.8957
7 39 0 61.2431 19.7893
7 40 1 29.0782 77.2665
7 41 1 53.8289 36.7354
7 42 1 19.6696 3.43353
7 43 0 75.4553 52.7708
7 44 0 58.0322 4.01645
7 45 0 11.2581 57.1688
7 46 0 60.876 0.504516
7 47 0 49.1663 15.4711
7 48 0 90.6441 99.1313
7 49 0 76.6112 66.3868
7 50 0 67.9464 22.7048
7 51 0 91.5744 22.5949
7 52 1 15.732 74.335
7 53 0 17.306 37.4348
7 54 0 99.386 76.7869
7 55 0 17.0238 98.9455
7 56 0 81.0409 58.6647
7 57 1 32.323 66.4743
7 58 0 2.21441 76.9367
7 59 0 57.1359 89.0757
7 60 0 74.5956 18.3461
8 1 1 88.8715 93.601
8 2 0 95.8604 8.30146
8 3 0 8.39249 65.587
8 4 0 55.4362 17.3859
8 5 0 20.7898 37.5009
8 6 0 14.6646 48.5707
8 7 0 17.5164 10.7158
8 9 1 32.7948 9.27066
8 10 0 2.93665 98.7741
8 11 0 56.3591 95.5521
8 12 0 27.4414 36.3899
8 13 0 90.1927 11.3994
8 14 0 31.1245 5.47359
8 15 0 37.3488 39.2376
8 16 0 56.4189 37.3152
8 17 0 93.9572 90.8124
8 18 0 8.93327 77.307
8 19 0 41.5085 63.9475
8 20 0 75.1187 95.5443
8 21 0 6.90274 61.9617
8 22 0 31.0626 37.1722
8 23 0 24.8934 22.1595
8 24 0 63.6884 48.5681
8 25 0 18.1149 57.0956
8 26 0 77.3105 44.5126
8 27 0 37.6825 80.0371
8 28 0 57.5807 94.6153
8 29 0 14.7686 11.3357
8 30 0 52.8219 84.4995
8 31 0 97.736 89.6227
8 32 0 54.7085 66.3258
8 33 1 33.316 24.0236
8 34 0 66.0706 94.4972
8 35 0 14.4023 98.8067
8 36 0 41.9164 68.0408
8 37 0 69.8481 6.05371
8 38 0 28.5687 83.2724
8 39 0 47.7741 43.6733
8 40 0 79.2953 0.173576
8 41 0 76.2958 33.7456
8 42 0 98.4332 62.2058
8 43 0 82.593 19.8708
8 44 0 77.6777 4.45641
8 45 0 99.49 25.1305
8 46 0 27.7676 20.2249
8 47 0 38.9389 65.812
8 48 0 66.7124 36.1412
8 49 1 5.07566 68.5485
8 50 0 75.6158 63.4095
8 51 1 8.31286 98.4478
8 52 0 30.383 95.9205
8 53 0 73.666 12.3934
8 54 1 7.02869 44.7832
8 55 0 55.9752 3.81414
8 56 0 40.8558 2.15505
8 57 0 3.21981 85.4313
8 58 0 93.09 71.2803
8 59 0 59.2907 99.2876
8 60 0 35.3033 97.7138
9 1 0 83.1686 39.9028
9 2 0 89.6477 58.5722
9 3 1 45.7324 94.8714
9 4 0 21.2754 76.1412
9 5 0 41.5692 1.98717
9 6 1 1.63561 96.2165
9 7 0 48.4854 79.627
9 8 0 3.90602 4.32551
9 10 1 69.4446 0.784175
9 11 0 15.2956 2.71081
9 12 0 6.55698 16.141
9 13 0 76.1482 12.384
9 14 0 63.6018 4.36762
9 15 0 79.2275 60.9663
9 16 0 48.4024 23.7321
9 17 1 24.9025 44.6607
9 18 0 38.4589 6.56018
9 19 0 18.5679 98.8438
9 20 0 75.9504 46.4224
9 21 0 96.2751 37.7614
9 22 0 16.5842 22.1099
9 23 0 11.4038 27.4729
9 24 0 28.3154 19.9235
9 25 0 75.9727 54.6477
9 26 0 63.276 27.0802
9 27 0 94.8507 8.19908
9 28 0 79.0139 55.7669
9 29 0 56.4321 56.8078
9 30 0 66.6353 60.7257
9 31 0 70.7023 86.4597
9 32 0 63.642 10.4813
9 33 0 58.0983 33.9485
9 34 1 31.9521 44.6316
9 35 0 63.1764 66.3647
9 36 0 73.349 25.2127
9 37 0 72.4327 69.3002
9 38 0 1.12137 59.5906
9 39 0 4.809 98.0925
9 40 0 35.5989 74.8894
9 41 0 39.2878 83.2755
9 42 0 54.1626 68.8638
9 43 0 22.3955 81.0628
9 44 0 25.4153 66.2736
9 45 0 52.265 49.9535
9 46 0 88.3788 15.1957
9 47 0 10.4994 62.6024
9 48 0 94.1943 50.6038
9 49 0 57.9147 36.4574
9 50 0 76.7391 23.0931
9 51 0 74.5795 8.4553
9 52 0 46.9256 28.267
9 53 0 54.9072 99.8415
9 54 0 91.9151 56.4468
9 55 0 7.126 24.3409
9 56 0 10.9476 93.2302
9 57 0 94.7686 35.1878
9 58 0 75.2509 70.6963
9 59 0 84.9255 7.91637
9 60 1 57.9203 20.3478
10 1 0 42.2851 1.9014
10 2 0 97.7572 81.5292
10 3 0 14.2591 33.0403
10 4 0 30.3571 36.4108
10 5 0 23.572 95.1672
10 6 0 17.5071 60.5144
10 7 0 87.4513 23.0354
10 8 0 47.5301 88.3061
10 9 0 68.1565 7.61623
10 11 1 17.4093 40.1353
10 12 0 87.8667 91.0935
10 13 0 12.072 61.3194
10 14 0 91.0147 34.306
10 15 0 43.9381 50.0575
10 16 0 55.347 23.1374
10 17 1 5.88707 80.5719
10 18 0 2.38498 50.3561
10 19 0 77.9141 99.806
10 20 0 33.2985 75.4794
10 21 0 53.6848 90.3851
10 22 0 24.6086 71.2482
10 23 1 13.6127 75.0691
10 24 1 41.1308 63.7992
10 25 0 58.6741 38.9851
10 26 0 38.66 55.8959
10 27 0 13.3035 84.1628
10 28 0 97.9899 91.1138
10 29 0 34.8689 41.7802
10 30 0 84.299 93.2936
10 31 0 10.351 15.4977
10 32 0 0.181026 60.1737
10 33 1 96.3112 99.5368
10 34 0 84.1514 82.8919
10 35 0 94.2094 14.1438
10 36 0 86.6776 66.7583
10 37 0 75.9762 34.8704
10 38 0 2.64423 16.9608
10 39 0 17.6466 60.4352
10 40 0 99.2412 6.93788
10 41 0 64.0852 68.7535
10 42 1 80.4368 36.2866
10 43 0 72.1385 68.985
10 44 0 42.0461 13.6166
10 45 0 16.1263 25.4299
10 46 0 89.2154 69.2379
10 47 0 46.4985 45.577
10 48 1 46.6784 56.765
10 49 0 77.1684 82.1436
10 50 0 17.7619 90.6364
10 51 0 50.1258 63.9952
10 52 0 4.80229 30.9961
10 53 0 97.4354 85.4272
10 54 0 43.2469 39.9569
10 55 0 33.1737 51.7871
10 56 0 41.598 23.2214
10 57 0 13.816 39.605
10 58 0 42.5397 44.523
10 59 0 53.4619 56.4494
10 60 0 37.5473 44.9164
11 1 0 9.26653 80.9805
11 2 0 67.8343 41.2997
11 3 0 95.0667 69.9033
11 4 0 78.7029 34.9055
11 5 0 65.9752 54.1944
11 6 0 72.2895 86.0364
11 7 0 44.7809 99.247
11 8 0 68.7144 4.90811
11 9 0 1.37733 72.9866
11 10 0 24.8521 0.650505
11 12 1 34.0578 46.2849
11 13 0 6.31603 25.4248
11 14 0 80.9408 9.06973
11 15 0 11.3941 88.9161
11 16 0 77.5878 73.6084
11 17 0 83.6423 84.4912
11 18 0 90.0564 73.9898
11 19 0 63.7399 63.6106
11 20 0 50.5126 75.5023
11 21 1 32.8241 68.7351
11 22 0 58.7221 0.414648
11 23 0 79.0539 43.0058
11 24 0 94.2988 61.1515
11 25 0 70.3583 30.2248
11 26 0 20.0555 66.3652
11 27 0 85.8451 58.8263
11 28 0 58.8872 39.3482
11 29 1 99.9361 93.7158
11 30 0 73.5833 11.6187
11 31 0 48.8671 54.2593
11 32 0 32.385 36.1084
11 33 1 3.61754 82.2357
11 34 1 74.6637 10.77
11 35 0 98.0305 3.51338
11 36 0 78.8956 10.8993
11 37 0 26.7379 12.002
11 38 0 41.0427 63.0697
11 39 0 97.454 48.0083
11 40 0 15.1297 66.0891
11 41 0 34.2058 30.674
11 42 0 30.9388 99.0082
11 43 1 86.1673 98.8717
11 44 0 44.388 93.3593
11 45 0 9.07479 78.0272
11 46 0 42.8985 75.9123
11 47 0 40.7172 12.9418
11 48 0 28.6883 11.9301
11 49 1 49.9159 12.8136
11 50 0 98.7524 82.0615
11 51 0 33.249 63.1411
11 52 0 39.8078 58.4588
11 53 0 28.2966 38.4135
11 54 0 96.3216 15.7362
11 55 1 83.807 31.3756
11 56 0 74.9097 14.4523
11 57 0 3.2912 95.1093
11 58 0 87.7553 60.7624
11 59 0 7.68907 43.345
11 60 0 18.1608 92.589
12 1 0 75.9049 42.733
12 2 1 17.158 83.4915
12 3 0 28.7785 1.54078
12 4 0 72.1995 93.5915
12 5 0 96.6308 41.0276
12 6 1 57.806 50.6989
12 7 0 29.0462 97.8237
12 8 0 44.7582 90.1555
12 9 0 42.1859 46.2226
12 10 0 65.0203 36.8936
12 11 0 30.2638 20.0549
12 13 1 36.6301 6.8064
12 14 0 79.8592 87.7281
12 15 0 84.7377 60.0751
12 16 0 14.6563 10.9468
12 17 0 16.1623 88.013
12 18 0 10.1948 59.8427
12 19 0 79.8547 76.5481
12 20 0 84.3647 12.3985
12 21 0 44.9216 44.6629
12 22 0 86.8591 81.9009
12 23 0 17.0344 95.7817
12 24 0 20.4013 35.5394
12 25 0 26.9438 8.86986
12 26 0 86.7936 33.68
12 27 0 65.4497 41.7028
12 28 0 84.1592 68.7277
12 29 0 13.0342 59.1348
12 30 0 97.8711 59.7157
12 31 0 11.6322 93.2382
12 32 0 84.9275 6.22769
12 33 0 4.74338 17.6631
12 34 0 73.2311 48.2383
12 35 0 50.7953 17.6212
12 36 0 43.3274 78.6183
12 37 0 41.4044 15.3365
12 38 0 67.5295 99.5142
12 39 0 19.9703 16.2647
12 40 0 6.89988 90.4483
12 41 0 79.3675 48.9316
12 42 0 76.5463 37.466
12 43 0 80.0684 92.4488
12 44 1 27.0181 14.0824
12 45 0 66.2286 81.5805
12 46 0 39.7966 26.1509
12 47 0 58.9024 69.9285
12 48 0 25.5897 72.5996
12 49 0 32.046 14.5742
12 50 0 2.59766 8.17727
12 51 0 40.6687 86.9324
12 52 1 67.9383 2.75567
12 53 0 97.0668 3.40966
12 54 0 26.1202 83.5353
12 55 0 29.9764 35.3816
12 56 0 64.1468 59.5938
12 57 0 21.9463 66.7647
12 58 1 19.1634 67.1982
12 59 0 60.9138 98.728
12 60 0 97.357 23.9717
13 1 0 30.2214 23.6088
13 2 0 39.8746 54.8126
13 3 0 1.88082 49.3378
13 4 0 78.4639 74.3357
13 5 0 19.5652 0.478881
13 6 0 80.1377 55.0338
13 7 0 72.7964 16.2025
13 8 0 12.259 92.5713
13 9 0 2.56958 93.7114
13 10 0 2.88408 95.3259
13 11 0 12.7925 17.9266
13 12 0 12.532 59.4214
13 14 1 3.14167 38.4875
13 15 0 83.1923 41.2
13 16 0 51.8839 19.954
13 17 0 36.6911 75.7832
13 18 0 28.4812 55.1484
13 19 0 18.2563 53.1468
13 20 0 12.3703 65.5399
13 21 0 32.0053 95.8922
13 22 0 13.8322 58.3417
13 23 0 77.5071 99.4625
13 24 0 92.6649 39.82
13 25 0 42.5089 38.2747
13 26 0 43.2766 28.6333
13 27 0 52.4226 77.9969
13 28 0 17.1568 20.1919
13 29 0 24.5857 87.0304
13 30 0 70.8621 32.8527
13 31 0 44.1856 73.066
13 32 0 65.2684 34.794
13 33 0 72.7894 17.5733
13 34 0 49.2909 48.6452
13 35 0 77.4744 16.2096
13 36 0 22.0742 52.2427
13 37 0 97.9561 5.64742
13 38 0 95.8183 52.559
13 39 0 16.334 52.4264
13 40 0 28.97 69.0987
13 41 1 55.5735 14.2143
13 42 0 9.68217 48.5607
13 43 0 12.4884 42.4342
13 44 0 42.9575 83.2027
13 45 0 66.2012 59.5239
13 46 0 49.1956 79.8568
13 47 1 18.9526 64.0377
13 48 0 89.9263 18.2519
13 49 0 94.8105 90.9117
13 50 0 34.8464 43.0213
13 51 0 54.796 47.9953
13 52 0 90.8992 72.9903
13 53 0 1.48464 1.81963
13 54 0 62.0075 82.2061
13 55 0 74.4033 56.486
13 56 1 33.8382 35.9983
13 57 0 91.8174 82.4747
13 58 0 96.9412 32.4672
13 59 0 47.8393 87.0948
13 60 0 68.8606 44.2665
14 1 0 47.7065 45.9883
14 2 0 42.1375 82.0182
14 3 0 70.4528 71.7926
14 4 0 4.28258 17.5863
14 5 0 60.7808 54.8631
14 6 0 82.8571 29.8993
14 7 0 43.0962 55.2886
14 8 0 7.47567 68.815
14 9 0 77.9691 75.1763
14 10 0 36.9073 36.0131
14 11 0 27.832 10.839
14 12 0 31.3822 79.1364
14 13 0 76.247 38.2942
14 15 1 51.7194 54.6509
14 16 0 44.0488 28.2401
14 17 0 2.3503 73.0189
14 18 0 91.0801 18.265
14 19 0 83.2951 88.3661
14 20 0 48.2772 46.3006
14 21 0 77.3313 80.3065
14 22 0 78.8069 16.0382
14 23 0 90.8163 67.6566
14 24 0 61.088 20.7259
14 25 0 7.70823 72.1214
14 26 0 16.2231 88.1221
14 27 0 63.2769 4.35167
14 28 0 1.44189 29.9916
14 29 0 61.954 17.6229
14 30 0 23.36 93.9761
14 31 0 0.187293 60.3996
14 32 0 6.56347 60.1677
14 33 0 12.1062 59.4422
14 34 0 86.8609 45.2789
14 35 0 86.9449 38.5141
14 36 0 96.4208 18.4805
14 37 0 73.2806 89.1646
14 38 0 78.8407 10.6573
14 39 0 45.3693 86.8993
14 40 0 47.5494 19.2826
14 41 0 98.3754 61.1998
14 42 0 40.5749 2.60297
14 43 0 33.2482 80.2423
14 44 0 91.1512 6.02689
14 45 0 20.9867 16.5354
14 46 0 40.4859 53.7708
14 47 0 66.081 1.89312
14 48 0 99.8137 7.53408
14 49 0 31.8895 59.1023
14 50 0 22.5634 76.3974
14 51 0 15.2943 16.1903
14 52 0 74.8273 38.493
14 53 0 77.4767 5.8341
14 54 0 95.0405 1.31722
14 55 0 41.8443 55.1618
14 56 0 95.0387 51.6246
14 57 0 49.0388 41.2696
14 58 0 47.8451 50.1781
14 59 0 99.6449 96.517
14 60 0 82.8705 89.383
15 1 0 6.1997 25.5798
15 2 0 53.4748 58.0362
15 3 0 72.1543 61.4109
15 4 0 76.5861 39.1568
15 5 0 82.6411 90.4749
15 6 0 93.6192 97.2682
15 7 0 23.21 22.8969
15 8 0 65.0492 35.385
15 9 0 4.71271 11.1493
15 10 0 57.9152 19.4709
15 11 0 11.0091 54.0988
15 12 1 64.7109 97.5068
15 13 0 19.8924 80.0268
15 14 0 90.3178 25.2098
15 16 1 32.5007 47.4715
15 17 1 4.64479 44.1196
15 18 0 32.3025 48.0815
15 19 0 19.0938 10.7277
15 20 0 59.4746 52.4828
15 21 0 12.3053 15.7384
15 22 1 39.3607 59.9268
15 23 0 71.2917 21.7349
15 24 0 43.5327 78.5734
15 25 0 94.485 27.1209
15 26 0 8.62734 20.9347
15 27 0 61.1748 4.06204
15 28 0 78.8017 11.3906
15 29 0 50.7813 1.76878
15 30 0 52.2132 42.0895
15 31 0 36.853 61.7609
15 32 0 73.5796 26.2274
15 33 0 20.1657 29.7079
15 34 0 15.6113 10.251
15 35 0 81.3695 18.5405
15 36 0 53.8345 33.2318
15 37 1 80.3844 18.8326
15 38 0 38.147 0.385437
15 39 0 38.4736 10.6057
15 40 0 34.1624 99.7868
15 41 0 64.0338 99.8172
15 42 0 35.7029 16.9542
15 43 0 58.5617 17.2502
15 44 0 7.81456 85.1173
15 45 0 89.5923 48.9386
15 46 0 89.3877 26.2332
15 47 0 34.9489 32.0197
15 48 0 12.5549 23.4203
15 49 0 59.1341 10.123
15 50 0 10.0482 86.9945
15 51 0 19.75 40.3812
15 52 0 99.3847 98.2168
15 53 0 38.6085 48.5206
15 54 0 67.7007 87.4181
15 55 0 0.171528 16.2852
15 56 0 51.7678 66.8436
15 57 0 87.9371 56.2481
15 58 0 86.4689 83.0963
15 59 0 45.0373 10.5417
15 60 0 80.9215 70.1325
16 1 0 68.7115 30.8572
16 2 0 60.7413 55.6197
16 3 0 78.0471 84.7167
16 4 0 24.6477 7.29832
16 5 0 72.1378 4.88257
16 6 0 47.3255 78.04
16 7 0 38.4792 32.7459
16 8 0 40.8318 65.5324
16 9 0 30.7164 10.5703
16 10 0 94.3709 13.1798
16 11 0 49.9369 73.6284
16 12 0 43.7758 84.8343
16 13 0 4.7213 5.62031
16 14 0 9.63075 67.443
16 15 0 51.8296 68.4765
16 17 1 50.9224 24.5293
16 18 0 48.5695 3.44322
16 19 0 19.7876 99.3764
16 20 0 0.492367 29.705
16 21 0 79.3942 76.6844
16 22 0 7.82917 14.9314
16 23 0 80.8434 65.7261
16 24 0 64.6788 11.8771
16 25 0 96.7997 50.1318
16 26 1 23.301 27.9189
16 27 0 59.4223 36.7862
16 28 0 6.58328 36.9937
16 29 0 57.022 86.1926
16 30 0 74.1091 37.2285
16 31 1 10.6946 39.0807
16 32 1 76.6317 4.76169
16 33 0 45.1811 93.2101
16 34 0 69.8472 84.0929
16 35 0 26.0148 32.749
16 36 0 53.1499 52.2775
16 37 0 70.7425 57.1302
16 38 0 57.9619 0.905678
16 39 0 0.397589 63.6632
16 40 0 95.1666 28.1401
16 41 0 89.3294 7.38388
16 42 0 29.9763 60.5086
16 43 0 74.8809 37.9206
16 44 0 82.2832 12.9668
16 45 0 67.2857 89.9757
16 46 0 53.1152 30.3731
16 47 0 84.9021 98.9322
16 48 0 10.841 82.9123
16 49 1 33.8901 4.53029
16 50 0 44.8561 33.501
16 51 0 50.3634 40.6475
16 52 0 18.09 49.6006
16 53 0 69.6201 51.7884
16 54 0 96.53 62.4101
16 55 0 1.54512 58.8948
16 56 0 16.9871 26.2881
16 57 0 75.7858 87.0284
16 58 0 91.5779 29.2587
16 59 0 96.9103 76.3781
16 60 0 75.2092 0.891889
17 1 0 99.6736 23.5179
17 2 0 99.1816 27.5952
17 3 0 62.5511 26.1138
17 4 0 94.1149 3.13987
17 5 0 52.8699 8.93767
17 6 0 73.5631 53.7847
17 7 0 38.4082 35.1821
17 8 1 40.5129 50.3488
17 9 0 53.6783 34.1168
17 10 0 69.5601 15.3659
17 11 0 31.4008 99.9736
17 12 0 5.29027 87.4214
17 13 0 21.3826 94.8185
17 14 0 18.611 15.7433
17 15 0 41.1495 62.8529
17 16 0 99.9093 64.6099
17 18 1 58.4101 1.72998
17 19 0 79.694 54.8377
17 20 0 68.602 6.58568
17 21 0 65.1228 11.7871
17 22 0 84.9681 92.209
17 23 0 38.4072 51.6752
17 24 0 71.8858 23.8792
17 25 0 47.7988 57.1966
17 26 1 49.653 75.7617
17 27 0 95.0835 35.7979
17 28 0 44.0453 85.4658
17 29 0 13.5107 48.529
17 30 1 32.8479 88.9947
17 31 0 46.4493 56.6417
17 32 1 79.1172 20.058
17 33 0 58.9331 17.7621
17 34 0 69.3377 43.6581
17 35 0 76.6672 55.4227
17 36 0 45.3658 76.4956
17 37 0 72.1603 14.0712
17 38 0 67.2038 53.5999
17 39 0 88.5145 7.37966
17 40 0 68.8418 60.8537
17 41 0 14.8357 21.626
17 42 0 22.1715 60.4612
17 43 1 59.8418 83.6515
17 44 0 60.5283 91.0816
17 45 0 9.95214 75.4582
17 46 0 8.97277 29.9247
17 47 0 99.9643 14.1391
17 48 1 44.2877 44.7742
17 49 0 71.6513 0.424004
17 50 0 79.1994 68.5236
17 51 1 97.3755 22.3117
17 52 0 31.6798 20.0405
17 53 0 37.0127 30.8145
17 54 0 82.0273 31.1788
17 55 0 26.118 18.6747
17 56 0 66.1135 71.2798
17 57 0 54.7258 13.0467
17 58 0 85.1536 21.664
17 59 0 34.7532 45.0181
17 60 0 95.6701 7.20622
18 1 0 48.788 90.4078
18 2 1 69.1527 95.6111
18 3 0 50.3939 27.6339
18 4 0 98.1346 71.7757
18 5 0 26.2156 16.2141
18 6 0 57.6628 93.5751
18 7 0 89.2078 73.2395
18 8 1 77.2761 59.2394
18 9 0 44.2537 35.3639
18 10 0 42.0391 94.1583
18 11 0 6.17863 77.3815
18 12 1 74.0788 35.5763
18 13 0 42.7414 7.75903
18 14 1 99.8554 69.1286
18 15 0 30.1371 51.5695
18 16 0 23.4389 25.8357
18 17 0 12.9357 50.1072
18 19 1 69.8615 5.83026
18 20 0 10.5228 34.0341
18 21 0 8.6994 37.9695
18 22 0 10.7474 45.0884
18 23 0 80.3065 80.9704
18 24 0 69.9427 70.7104
18 25 0 50.5611 6.09707
18 26 0 55.9904 29.3293
18 27 0 33.571 66.5136
18 28 1 5.16426 66.5794
18 29 0 92.7917 20.2035
18 30 1 14.8688 81.5839
18 31 0 40.8754 97.4875
18 32 0 36.0238 53.314
18 33 0 17.4591 19.9316
18 34 0 9.18107 70.9023
18 35 0 12.1759 85.8039
18 36 0 40.2665 19.2972
18 37 1 96.2139 90.614
18 38 0 34.922 44.3016
18 39 0 8.78944 11.3325
18 40 0 20.5498 67.9762
18 41 0 42.2805 60.4017
18 42 0 91.272 99.7262
18 43 0 48.2389 77.2492
18 44 0 33.7009 96.6215
18 45 0 53.773 6.0568
18 46 0 46.9182 5.89687
18 47 0 39.5228 61.1218
18 48 0 89.5224 81.6848
18 49 0 68.8898 55.1245
18 50 0 34.9625 27.9521
18 51 0 11.733 82.6936
18 52 0 80.4123 76.6393
18 53 0 58.7574 80.6263
18 54 0 61.2286 65.0494
18 55 0 65.5684 14.5904
18 56 0 63.5351 9.97094
18 57 0 47.6683 25.0399
18 58 0 39.2641 16.9379
18 59 0 12.5202 29.4127
18 60 0 50.7759 8.61666
19 1 0 14.818 10.7756
19 2 0 82.7049 31.881
19 3 1 27.1707 36.8069
19 4 0 14.7178 18.0764
19 5 0 89.2534 13.9327
19 6 0 27.4439 99.8829
19 7 0 92.8089 75.6102
19 8 0 54.3904 20.8469
19 9 0 90.304 45.1308
19 10 1 88.703 45.1969
19 11 1 74.5869 54.5637
19 12 0 61.7859 76.9392
19 13 0 16.4246 10.5502
19 14 0 24.0448 20.3284
19 15 0 49.4104 17.7102
19 16 0 14.4039 30.7943
19 17 0 39.1913 67.1048
19 18 0 85.981 45.3788
19 20 1 9.79648 31.9096
19 21 0 20.2683 58.6356
19 22 0 62.6861 89.1062
19 23 0 60.8862 13.2055
19 24 0 61.7831 60.3177
19 25 0 99.9788 74.7056
19 26 0 52.8119 4.05958
19 27 0 21.8712 73.6404
19 28 1 92.4714 37.8814
19 29 0 90.2117 12.8049
19 30 0 82.6283 67.5776
19 31 0 81.7096 43.0591
19 32 0 81.9032 99.3578
19 33 0 47.4586 58.7678
19 34 0 11.0447 44.8998
19 35 0 32.7776 94.4862
19 36 0 59.9744 86.9139
19 37 0 44.4512 81.7008
19 38 0 76.7894 74.5178
19 39 0 30.7775 24.8058
19 40 0 39.9198 99.967
19 41 0 0.568 7.94533
19 42 0 84.6279 31.0597
19 43 0 46.3759 33.0424
19 44 0 2.84758 42.7765
19 45 0 74.4797 20.0992
19 46 0 34.5845 92.7408
19 47 0 68.0383 39.228
19 48 0 38.0219 10.8149
19 49 1 51.9411 15.5586
19 50 0 52.4548 65.8373
19 51 0 36.4058 27.454
19 52 0 26.7057 24.1098
19 53 0 31.9742 98.7803
19 54 0 21.9835 99.7547
19 55 0 98.055 60.1828
19 56 0 90.8998 76.9345
19 57 0 97.5113 85.1678
19 58 0 47.9363 39.7292
19 59 0 75.6146 55.4053
19 60 0 59.3046 9.22147
20 1 0 48.2666 77.4944
20 2 0 94.416 53.8416
20 3 0 3.64799 92.9937
20 4 0 63.1432 12.0221
20 5 0 66.1153 97.3944
20 6 0 42.2191 92.8969
20 7 0 65.0476 44.8724
20 8 0 22.2427 53.7551
20 9 0 88.7992 95.564
20 10 0 71.7488 61.5243
20 11 0 50.0487 18.9715
20 12 0 71.7988 1.86898
20 13 0 87.4105 15.0037
20 14 0 80.3525 7.12975
20 15 0 49.5537 45.4929
20 16 0 74.1874 98.439
20 17 0 90.3865 13.5589
20 18 1 9.412 40.3806
20 19 0 54.0205 14.2853
20 21 1 92.2078 95.3729
20 22 0 65.479 69.1759
20 23 0 45.759 50.1923
20 24 0 83.8864 29.4486
20 25 0 36.0014 48.8619
20 26 0 23.1103 28.8032
20 27 0 71.7564 28.6879
20 28 0 95.2939 30.9747
20 29 0 67.9901 91.4329
20 30 0 33.5174 84.8931
20 31 0 91.7706 14.9946
20 32 0 33.9644 17.7344
20 33 0 61.4947 62.6854
20 34 0 76.7123 7.53257
20 35 0 50.4006 76.2484
20 36 0 9.03167 99.8926
20 37 0 95.702 65.6166
20 38 0 43.5079 63.2672
20 39 0 27.0569 9.17479
20 40 0 15.618 31.4603
20 41 0 28.4644 21.1972
20 42 0 32.0969 7.95123
20 43 0 49.23 32.9748
20 44 0 37.0085 6.94735
20 45 0 26.7009 85.0943
20 46 0 11.9508 12.2835
20 47 0 35.6961 70.3227
20 48 0 91.1764 59.958
20 49 0 40.8788 39.6149
20 50 0 87.8034 4.73123
20 51 0 9.89671 71.8584
20 52 0 36.6782 51.8562
20 53 0 51.049 13.5972
20 54 0 75.8722 48.3307
20 55 0 76.9665 57.4303
20 56 0 49.9507 37.1484
20 57 0 15.5228 88.8279
20 58 0 57.0896 31.4195
20 59 0 82.9163 79.8359
20 60 0 71.8764 73.3925
21 1 0 2.58774 65.5678
21 2 0 79.1748 0.7457
21 3 0 48.839 36.2671
21 4 0 17.6879 5.26862
21 5 0 89.3912 99.1278
21 6 0 14.8047 64.8128
21 7 0 81.0166 79.4871
21 8 0 24.0488 13.0567
21 9 0 62.6085 80.8582
21 10 0 39.6256 76.4754
21 11 0 76.631 52.9163
21 12 0 21.742 13.755
21 13 0 7.96677 21.6315
21 14 0 84.6456 64.0855
21 15 0 4.40583 74.6163
21 16 0 10.3244 43.8972
21 17 0 23.0754 6.05495
21 18 0 62.9292 99.3005
21 19 0 50.6056 43.6351
21 20 0 19.7626 61.0699
21 22 1 46.3912 35.5309
21 23 0 86.8252 58.1721
21 24 0 42.8193 91.2599
21 25 0 94.3425 24.9308
21 26 0 39.1377 11.4452
21 27 0 28.7845 54.6827
21 28 0 4.65352 63.8525
21 29 0 64.1862 35.7483
21 30 0 46.634 84.9793
21 31 0 12.051 8.71986
21 32 0 77.6077 1.98779
21 33 1 81.1601 40.0106
21 34 0 43.7415 51.4963
21 35 0 45.4019 23.8426
21 36 0 0.847748 78.4402
21 37 0 8.25394 59.8558
21 38 0 47.5839 13.982
21 39 0 88.7723 23.2857
21 40 0 1.11601 85.1216
21 41 0 38.3777 90.6065
21 42 0 29.3284 49.633
21 43 0 22.7656 83.2327
21 44 0 52.5166 28.3849
21 45 1 77.2193 12.7343
21 46 0 71.2207 75.6631
21 47 0 61.0962 96.1756
21 48 1 9.01273 53.9811
21 49 0 14.0473 13.8859
21 50 0 56.848 32.0731
21 51 0 83.7813 81.9488
21 52 0 96.1168 73.3948
21 53 0 70.282 21.3028
21 54 0 3.38155 62.5653
21 55 0 20.8592 80.3176
21 56 0 25.3575 39.0826
21 57 0 1.13266 98.105
21 58 1 64.7905 73.3154
21 59 1 79.8239 56.2247
21 60 0 5.87071 39.1906
22 1 0 78.6953 84.6617
22 2 0 53.9309 13.6872
22 3 0 44.488 75.9711
22 4 0 34.72 52.664
22 5 0 28.3406 50.9362
22 6 0 46.5839 16.503
22 7 0 15.0264 94.8036
22 8 0 92.6153 24.2958
22 9 0 80.1032 69.2339
22 10 0 3.02343 40.9302
22 11 0 10.3359 11.8411
22 12 0 48.1032 43.6731
22 13 0 92.3361 10.6063
22 14 0 26.8599 60.7642
22 15 0 70.8937 60.4734
22 16 0 79.4299 74.1678
22 17 0 33.6106 39.6519
22 18 0 11.6746 41.9103
22 19 1 41.3194 63.4216
22 20 0 69.015 79.824
22 21 0 48.7588 2.40285
22 23 1 14.8578 27.8608
22 24 0 18.595 68.0914
22 25 0 95.3115 29.7119
22 26 0 98.2019 46.4468
22 27 0 6.12807 95.0071
22 28 0 17.3084 59.3982
22 29 0 57.9154 38.9743
22 30 0 84.5111 44.0337
22 31 0 41.6639 51.7739
22 32 0 94.0564 66.6533
22 33 0 84.231 80.5021
22 34 0 78.8956 32.9413
22 35 0 88.8609 46.3004
22 36 0 93.0246 13.9001
22 37 0 42.9201 4.4665
22 38 0 42.3213 67.268
22 39 0 8.85528 17.3586
22 40 0 42.7615 42.706
22 41 0 30.6715 57.1614
22 42 0 93.7593 47.0498
22 43 0 94.3108 1.34904
22 44 0 99.2698 44.3175
22 45 0 70.9886 79.7509
22 46 0 5.19637 45.9884
22 47 0 4.66356 9.00266
22 48 0 74.8029 23.2783
22 49 0 35.4262 5.49918
22 50 0 48.057 47.1967
22 51 0 35.4415 75.9682
22 52 0 80.619 68.532
22 53 1 40.9191 34.7245
22 54 0 57.2758 97.7563
22 55 1 52.0075 9.99819
22 56 0 1.88964 27.4513
22 57 0 93.1244 74.087
22 58 1 52.6215 40.6335
22 59 0 70.0137 91.4437
22 60 0 32.8301 66.596
23 1 0 84.6618 68.9677
23 2 0 90.5779 24.7165
23 3 0 26.974 96.1947
23 4 0 57.4909 64.2676
23 5 0 93.7389 12.0565
23 6 0 54.7805 45.1473
23 7 0 64.8047 60.7432
23 8 0 15.0148 46.2252
23 9 0 72.2055 63.0009
23 10 0 59.4741 49.4287
23 11 0 33.792 69.2118
23 12 0 95.8336 35.535
23 13 0 27.594 40.0242
23 14 0 39.7311 7.52745
23 15 0 34.6728 10.5846
23 16 0 38.8908 47.7755
23 17 0 96.6982 18.2155
23 18 0 7.66281 14.2317
23 19 0 95.4874 74.0612
23 20 0 26.8755 81.524
23 21 0 88.7783 71.4736
23 22 0 43.4545 47.5197
23 24 1 96.0942 94.1446
23 25 0 57.3849 51.4279
23 26 0 60.7564 18.2791
23 27 0 7.13877 90.9352
23 28 0 96.1062 86.7067
23 29 0 20.4822 86.1429
23 30 0 32.1932 27.2157
23 31 0 81.3118 91.0205
23 32 1 81.998 90.1843
23 33 0 9.93456 40.5249
23 34 1 10.6619 72.358
23 35 0 49.4298 14.444
23 36 0 63.5413 47.6893
23 37 0 68.4304 88.3747
23 38 0 36.7919 76.5944
23 39 0 7.39251 41.9926
23 40 0 16.9224 73.8434
23 41 0 80.3744 46.7585
23 42 0 38.0229 3.11974
23 43 0 45.9943 98.1323
23 44 0 12.9957 86.1394
23 45 0 9.34181 15.0252
23 46 0 78.6732 69.4387
23 47 1 41.3003 7.53223
23 48 0 2.78614 20.2624
23 49 0 19.7212 68.8451
23 50 0 78.3739 19.8845
23 51 0 85.6841 16.2419
23 52 0 76.0185 42.1664
23 53 0 59.1779 40.8577
23 54 0 43.5782 90.6484
23 55 0 93.0901 13.963
23 56 0 32.1672 98.4483
23 57 0 30.0535 91.2897
23 58 0 33.956 94.2708
23 59 0 7.5434 14.2876
23 60 0 29.2251 9.83344
24 1 0 81.9563 50.8389
24 2 0 70.0987 31.656
24 3 0 54.9887 26.4045
24 4 0 33.5139 28.7032
24 5 0 40.1381 98.0575
24 6 0 34.889 70.5995
24 7 0 89.8422 78.0363
24 8 0 34.1348 22.4931
24 9 0 35.2953 37.4815
24 10 0 19.7948 64.4239
24 11 0 3.30702 33.5169
24 12 0 12.7363 32.6134
24 13 0 20.2136 84.2273
24 14 0 6.74668 60.2908
24 15 0 1.88591 55.4235
24 16 0 65.11 29.8651
24 17 0 27.2483 73.7791
24 18 0 68.2653 95.2034
24 19 0 62.3365 69.5013
24 20 0 18.1839 5.36125
24 21 0 60.0251 43.8668
24 22 1 54.5762 84.0123
24 23 0 70.9844 39.092
24 25 1 95.6076 62.9191
24 26 0 15.3852 70.2496
24 27 0 51.2105 49.8559
24 28 0 26.7044 56.4929
24 29 0 30.8313 94.6794
24 30 1 96.4668 53.5461
24 31 0 18.2153 35.6991
24 32 0 62.1432 81.5952
24 33 0 40.6061 27.3242
24 34 0 8.34294 33.8593
24 35 0 76.5417 7.89785
24 36 0 40.3948 98.5968
24 37 0 87.0064 5.06964
24 38 0 54.3131 28.8027
24 39 1 66.5512 94.0469
24 40 0 82.1 70.2055
24 41 0 17.3927 86.9972
24 42 0 48.4085 5.38457
24 43 1 67.3843 7.93607
24 44 0 72.2146 52.9041
24 45 0 7.84835 87.4417
24 46 0 17.1316 62.2747
24 47 0 92.0552 19.1906
24 48 0 6.86069 56.8492
24 49 0 73.135 62.7399
24 50 0 63.9717 99.3328
24 51 0 17.2387 58.3869
24 52 0 79.6521 54.1672
24 53 0 81.1182 44.1243
24 54 0 69.8731 87.132
24 55 0 25.3149 29.3044
24 56 0 23.2735 81.4491
24 57 0 36.0208 95.117
24 58 0 71.4587 14.6902
24 59 0 77.0612 7.77703
24 60 0 29.9892 47.7232
25 1 0 57.4957 61.7875
25 2 0 15.8307 18.9374
25 3 1 83.5348 81.4514
25 4 0 11.0485 20.4521
25 5 0 67.458 1.64145
25 6 0 90.7398 94.6565
25 7 0 13.031 38.6036
25 8 0 45.0427 37.6551
25 9 0 79.4264 69.64
25 10 0 57.1415 98.1235
25 11 0 33.7519 11.0804
25 12 0 13.1892 8.53736
25 13 0 13.4828 99.2027
25 14 0 53.7312 21.2124
25 15 1 87.8427 25.064
25 16 1 90.9986 31.8702
25 17 0 76.1833 42.063
25 18 0 82.866 28.2557
25 19 0 12.3231 80.4558
25 20 0 14.7038 7.70874
25 21 0 59.6951 38.2107
25 22 0 1.31416 40.2065
25 23 0 35.5993 53.9642
25 24 0 58.9769 78.9454
25 26 1 91.3876 69.7269
25 27 1 91.8445 50.0816
25 28 0 61.5236 83.7764
25 29 0 5.83231 87.7982
25 30 0 1.63988 76.761
25 31 0 23.7136 6.46534
25 32 0 67.4694 55.5098
25 33 0 27.1599 77.2387
25 34 0 68.3803 25.2918
25 35 0 11.896 58.1253
25 36 0 65.7641 27.5408
25 37 0 82.4708 50.8097
25 38 0 78.2511 4.17167
25 39 0 57.1491 50.4104
25 40 0 17.231 15.9585
25 41 0 68.4901 63.9906
25 42 0 13.3365 87.8807
25 43 0 97.7037 37.4085
25 44 0 72.7098 97.5008
25 45 0 63.6079 6.51104
25 46 0 57.6179 79.3123
25 47 0 46.5065 50.3256
25 48 0 6.2389 52.0877
25 49 0 45.2647 6.24221
25 50 0 16.9756 13.7176
25 51 0 34.2827 10.7098
25 52 0 65.5176 16.3645
25 53 0 74.3853 37.3332
25 54 0 50.9415 29.7793
25 55 0 32.7139 99.3827
25 56 0 7.8951 0.919176
25 57 0 11.5763 50.8732
25 58 0 87.2204 12.7507
25 59 0 98.8628 87.9686
25 60 0 11.1591 53.6699
26 1 0 99.5509 2.08158
26 2 0 32.6496 23.8954
26 3 0 65.0179 22.1281
26 4 0 92.8773 67.5444
26 5 0 26.4017 80.1413
26 6 0 36.5849 52.544
26 7 1 54.7044 10.461
26 8 0 95.0725 87.7284
26 9 0 30.0082 39.3774
26 10 0 28.5318 77.1451
26 11 0 86.3347 85.1878
26 12 0 51.3972 27.053
26 13 0 86.2715 80.515
26 14 0 91.7045 52.5177
26 15 0 48.964 64.5509
26 16 0 71.4042 59.6748
26 17 0 24.9172 64.1281
26 18 0 50.4261 15.2122
26 19 0 77.191 17.9234
26 20 0 30.5098 51.2565
26 21 0 28.083 42.5903
26 22 1 38.6845 15.6839
26 23 0 29.1247 94.0359
26 24 0 86.0725 25.4876
26 25 0 49.1965 44.6418
26 27 1 4.35202 68.7159
26 28 0 9.74272 15.3241
26 29 0 41.8555 29.8146
26 30 0 67.1332 8.09891
26 31 0 89.8936 48.59
26 32 0 84.3275 99.8432
26 33 0 46.3343 18.339
26 34 0 45.9602 31.2999
26 35 1 67.6129 11.9959
26 36 0 51.7793 6.67773
26 37 0 62.0103 76.4464
26 38 0 32.6855 76.0876
26 39 0 57.8875 92.5875
26 40 0 93.3252 66.1194
26 41 0 45.828 21.795
26 42 0 70.7892 30.9786
26 43 0 92.4476 82.9402
26 44 0 11.7744 13.1872
26 45 0 57.1373 9.01904
26 46 0 4.24893 40.2387
26 47 1 31.0619 71.5283
26 48 0 17.923 7.36028
26 49 0 52.6869 80.1548
26 50 0 21.4197 95.2783
26 51 0 67.5503 58.1777
26 52 0 54.2465 58.5875
26 53 0 83.0983 14.8182
26 54 0 71.1886 52.7804
26 55 0 36.1349 60.9418
26 56 0 70.8326 72.1652
26 57 0 54.08 46.6326
26 58 0 30.0008 35.9816
26 59 0 15.188 42.9774
26 60 0 41.6321 48.5233
27 1 0 7.16081 34.0713
27 2 0 56.0956 50.7092
27 3 0 67.0578 27.9226
27 4 0 5.85649 91.827
27 5 0 9.93724 39.4068
27 6 0 92.8423 61.1356
27 7 0 18.9917 95.226
27 8 1 42.5243 36.331
27 9 0 6.06824 30.1354
27 10 0 54.0974 78.1688
27 11 1 1.84393 60.5365
27 12 1 63.4706 32.9862
27 13 0 16.0498 27.854
27 14 0 64.9349 53.2956
27 15 0 24.0298 16.0372
27 16 1 67.0174 75.8583
27 17 0 90.9415 18.1495
27 18 1 45.8119 38.4214
27 19 0 92.2911 34.5768
27 20 0 59.835 52.3887
27 21 0 0.570964 41.7358
27 22 1 44.233 85.5489
27 23 0 46.3307 4.92917
27 24 0 14.0222 1.26661
27 25 0 77.7656 37.8156
27 26 0 6.65116 13.9433
27 28 1 54.0948 87.686
27 29 0 37.5941 32.6216
27 30 1 3.21916 42.5358
27 31 0 79.368 37.8251
27 32 0 41.2653 38.1242
27 33 0 50.7812 41.3406
27 34 0 60.8403 77.4285
27 35 0 60.8993 49.1265
27 36 0 29.2853 19.8922
27 37 0 41.0292 6.0438
27 38 0 88.7402 84.2379
27 39 0 91.6383 82.7187
27 40 0 79.4824 42.7486
27 41 0 46.0516 18.5181
27 42 0 70.5065 68.627
27 43 0 94.0124 10.4603
27 44 0 33.0925 69.4199
27 45 0 96.1923 6.30117
27 46 0 47.2205 3.76394
27 47 0 40.984 43.1869
27 48 0 96.2655 74.3474
27 49 0 59.7234 63.3548
27 50 0 98.8037 79.7245
27 51 0 65.7737 84.5917
27 52 0 16.6454 26.3274
27 53 0 68.2668 99.0473
27 54 0 71.6605 37.1141
27 55 0 13.997 44.5912
27 56 0 3.55039 4.94021
27 57 0 69.2358 46.0855
27 58 0 2.5686 38.9669
27 59 0 34.7483 11.4904
27 60 0 22.4784 40.3206
28 1 0 51.9615 15.9426
28 2 0 56.0379 57.2065
28 3 0 64.3165 49.4171
28 4 0 59.8115 21.105
28 5 0 78.3925 12.5093
28 6 0 11.5037 52.8169
28 7 1 15.3654 45.0192
28 8 0 70.4454 74.2141
28 9 0 45.1187 11.1157
28 10 0 42.4415 46.6279
28 11 0 88.7097 72.0316
28 12 0 33.5594 35.2517
28 13 0 34.8938 49.5353
28 14 0 87.6396 59.4354
28 15 0 12.8449 33.0304
28 16 0 90.9033 14.6771
28 17 0 33.6176 14.0061
28 18 0 84.5161 3.10801
28 19 0 44.3768 87.2219
28 20 0 94.0618 29.0896
28 21 0 44.3076 97.5537
28 22 0 83.7508 2.12706
28 23 0 23.2852 92.1054
28 24 0 58.1817 38.968
28 25 0 0.595581 75.1455
28 26 0 10.483 33.7253
28 27 0 85.9696 60.1834
28 29 1 75.9892 58.2205
28 30 0 71.3322 52.4876
28 31 0 12.1434 0.283931
28 32 0 36.9768 24.6037
28 33 0 61.589 19.2845
28 34 0 7.45485 31.5234
28 35 0 80.5374 25.4832
28 36 0 93.5852 8.18719
28 37 0 25.2385 17.674
28 38 0 19.9502 70.0632
28 39 0 60.5909 67.7526
28 40 0 98.1255 70.2469
28 41 0 42.5699 3.44252
28 42 0 97.0615 16.7296
28 43 0 18.4175 38.4128
28 44 0 97.3404 73.5847
28 45 0 85.0173 16.6983
28 46 0 69.3952 49.2784
28 47 1 65.8954 71.3835
28 48 0 99.5777 98.6733
28 49 0 49.292 69.0441
28 50 0 71.6123 97.2127
28 51 1 67.9672 53.3955
28 52 0 25.4236 94.4418
28 53 0 48.1239 98.3193
28 54 1 63.7719 78.7691
28 55 0 85.2863 54.598
28 56 0 50.5366 72.1257
28 57 1 60.3367 14.3189
28 58 0 85.6975 36.3237
28 59 0 11.7926 48.7696
28 60 0 3.37646 24.2754
29 1 0 75.2273 88.2163
29 2 0 82.9872 83.2043
29 3 0 82.447 76.3774
29 4 0 80.1879 38.6937
29 5 0 70.1285 22.0512
29 6 0 13.5689 37.0302
29 7 1 5.26423 19.8377
29 8 0 46.192 51.7748
29 9 0 99.755 15.2478
29 10 0 93.8218 86.2748
29 11 0 99.6132 15.8217
29 12 0 55.4052 56.9658
29 13 0 78.3177 4.67158
29 14 0 13.0988 1.71055
29 15 0 38.3844 69.0182
29 16 0 67.6426 18.3839
29 17 0 53.0231 93.4407
29 18 0 98.6715 14.6887
29 19 0 73.421 22.8107
29 20 1 88.5516 65.7969
29 21 0 26.4714 58.4696
29 22 0 58.9728 58.3574
29 23 0 68.2451 4.43759
29 24 0 95.7952 13.0873
29 25 0 95.7978 11.3936
29 26 0 89.3905 75.7024
29 27 0 79.8615 41.4762
29 28 0 3.46445 45.3802
29 30 1 32.0538 15.6999
29 31 0 50.8237 84.1222
29 32 0 30.5692 0.764055
29 33 0 93.9963 57.5652
29 34 0 86.033 82.6357
29 35 0 51.6607 22.3236
29 36 0 67.5426 91.9113
29 37 0 47.1821 42.2807
29 38 0 55.1866 33.8956
29 39 0 86.2262 78.6666
29 40 0 18.2214 1.28046
29 41 0 85.3364 92.7214
29 42 0 75.0937 88.9799
29 43 0 48.9963 66.2463
29 44 0 6.58665 53.9123
29 45 0 95.0539 20.6309
29 46 1 98.9063 5.35366
29 47 0 77.3748 58.6951
29 48 0 22.2747 68.4162
29 49 0 85.9742 40.0415
29 50 0 29.3343 89.7879
29 51 0 88.3798 66.1058
29 52 0 55.8483 13.2672
29 53 0 1.74779 88.0275
29 54 1 94.8734 6.20872
29 55 0 53.8151 15.9539
29 56 0 89.5617 83.056
29 57 0 84.6724 70.9436
29 58 0 62.3441 99.1363
29 59 0 72.2349 37.0918
29 60 0 37.6438 47.7245
30 1 0 92.5088 12.5327
30 2 0 49.4941 32.3878
30 3 0 71.2203 38.1207
30 4 0 52.2603 82.0852
30 5 0 46.9099 71.4331
30 6 0 0.962878 76.9123
30 7 0 63.7404 71.8471
30 8 0 20.635 40.4061
30 9 0 18.3248 65.7582
30 10 0 99.2818 49.8978
30 11 0 70.42 34.1172
30 12 0 83.0901 12.4392
30 13 0 17.7791 78.5906
30 14 0 96.7334 94.8995
30 15 0 85.0143 15.823
30 16 0 72.6621 63.46
30 17 0 81.248 21.6311
30 18 0 43.1289 67.217
30 19 0 43.2608 69.4877
30 20 0 61.3616 29.4947
30 21 0 31.9796 34.0919
30 22 1 96.7137 85.0535
30 23 0 38.7642 79.8651
30 24 0 35.811 48.375
30 25 1 48.206 80.061
30 26 0 12.367 97.7699
30 27 0 61.2867 65.0636
30 28 0 37.7014 94.9163
30 29 0 60.729 38.3196
30 31 1 62.6225 37.2937
30 32 0 86.8374 24.6287
30 33 0 9.61443 48.4375
30 34 0 39.3899 19.3587
30 35 0 25.7068 57.5592
30 36 0 46.9022 36.5332
30 37 0 11.2239 89.9639
30 38 0 78.9612 42.2096
30 39 0 81.7494 85.5083
30 40 0 75.5672 16.5168
30 41 0 49.6912 77.9431
30 42 0 45.9474 5.63036
30 43 0 89.8825 16.8658
30 44 0 77.9778 75.3216
30 45 0 1.56019 29.9616
30 46 0 52.4417 5.14854
30 47 0 95.0385 65.1971
30 48 0 19.2099 7.62092
30 49 0 76.2299 70.1992
30 50 0 97.8085 38.4188
30 51 0 97.6158 11.8033
30 52 0 70.3066 94.9871
30 53 0 28.8258 84.8582
30 54 0 16.8016 21.204
30 55 0 58.2102 65.8089
30 56 0 28.5623 98.2411
30 57 0 44.4267 73.2199
30 58 0 6.87137 43.0943
30 59 0 99.2535 44.5006
30 60 0 42.6132 83.2412
31 1 0 4.82166 98.0568
31 2 0 68.1004 85.5465
31 3 0 15.4106 9.03572
31 4 0 26.9288 84.1666
31 5 0 35.7081 55.8236
31 6 0 71.5423 77.674
31 7 0 99.2827 93.3563
31 8 0 70.5291 77.1385
31 9 0 53.8722 70.6797
31 10 0 35.3471 87.4856
31 11 0 97.3138 42.6185
31 12 0 30.7641 12.2585
31 13 0 60.1679 14.9959
31 14 1 54.7478 7.26557
31 15 0 17.1344 89.52
31 16 0 79.7454 60.8701
31 17 0 46.1236 96.0996
31 18 1 42.1557 35.2537
31 19 0 82.068 88.8714
31 20 0 98.5364 79.4378
31 21 0 59.989 62.3653
31 22 0 55.6479 10.291
31 23 1 73.4614 33.154
31 24 1 89.7532 31.4879
31 25 0 87.1719 5.91874
31 26 0 59.1646 1.1328
31 27 1 80.5236 75.3482
31 28 0 48.775 19.6782
31 29 0 22.1876 63.2722
31 30 0 59.348 38.8876
31 32 1 51.8306 31.0355
31 33 0 2.11878 39.0195
31 34 0 66.8116 52.1761
31 35 0 78.5821 78.9863
31 36 0 69.9207 76.4516
31 37 0 21.3159 68.4058
31 38 0 2.94957 15.3261
31 39 0 37.8455 19.1854
31 40 0 0.87081 96.7114
31 41 0 6.84661 61.1781
31 42 0 11.315 21.2735
31 43 0 37.2551 16.0587
31 44 0 77.1619 67.6262
31 45 0 73.3843 19.8535
31 46 0 91.5153 39.6555
31 47 0 75.6947 81.7016
31 48 1 17.1002 61.9702
31 49 0 65.6482 85.2942
31 50 0 69.1818 12.8281
31 51 0 42.9345 77.7245
31 52 0 81.8963 33.6598
31 53 0 31.9327 76.3441
31 54 0 48.0585 13.5794
31 55 0 56.6349 55.6145
31 56 0 23.3427 33.5498
31 57 0 61.9637 28.5138
31 58 0 9.89311 67.328
31 59 0 22.6569 44.3905
31 60 0 20.9322 27.9084
32 1 0 99.6434 49.4479
32 2 0 93.5568 47.0736
32 3 0 31.2217 64.9977
32 4 0 34.3818 27.8903
32 5 0 93.8488 24.5948
32 6 0 10.2697 22.7314
32 7 0 86.7581 23.5332
32 8 0 72.5632 22.5029
32 9 0 3.17911 5.81955
32 10 0 17.5331 15.2559
32 11 0 38.4326 93.3261
32 12 0 70.8928 13.1386
32 13 0 86.5065 84.5421
32 14 0 45.3976 91.9828
32 15 0 60.5987 99.2897
32 16 0 7.46039 27.6458
32 17 1 48.6477 53.735
32 18 0 28.8216 32.5431
32 19 0 6.17475 51.5571
32 20 0 27.8987 58.6931
32 21 0 32.0936 50.0142
32 22 0 55.2109 2.26639
32 23 0 73.5581 5.38873
32 24 0 97.4968 6.31193
32 25 0 41.9639 48.907
32 26 0 15.4396 16.0798
32 27 0 30.0787 90.4411
32 28 1 65.3993 37.1141
32 29 0 85.3192 21.0232
32 30 0 80.4149 71.3367
32 31 0 39.0458 24.5414
32 33 1 52.9925 30.659
32 34 0 56.7941 20.5066
32 35 0 4.59457 60.4268
32 36 0 66.1175 60.6052
32 37 0 37.3765 16.1092
32 38 0 79.001 50.131
32 39 0 51.0135 76.5607
32 40 0 46.8796 30.7963
32 41 0 25.0827 13.4476
32 42 0 36.3284 61.4262
32 43 0 6.16698 47.9116
32 44 0 51.8525 86.1814
32 45 0 29.1246 90.7554
32 46 0 69.0807 26.7272
32 47 0 44.516 92.6947
32 48 0 33.1724 35.3336
32 49 0 71.7082 97.7367
32 50 0 67.3409 4.45009
32 51 0 85.4112 95.2062
32 52 0 17.1566 99.2256
32 53 0 93.2692 6.26142
32 54 0 88.0232 20.4744
32 55 0 98.2669 13.0729
32 56 0 45.4009 52.2307
32 57 0 98.4192 51.8706
32 58 0 78.2793 11.4248
32 59 0 48.4696 44.3033
32 60 0 97.4948 35.207
33 1 1 31.4183 28.9704
33 2 1 32.1232 50.6784
33 3 0 77.047 17.1852
33 4 0 42.2942 50.964
33 5 0 53.4522 30.8812
33 6 0 99.8187 11.3245
33 7 0 82.4286 30.9476
33 8 0 93.8094 23.5401
33 9 0 68.9704 85.7274
33 10 0 95.3339 87.3467
33 11 0 10.4723 9.39674
33 12 0 85.3005 38.1758
33 13 0 17.5945 56.4876
33 14 0 10.8654 91.2225
33 15 0 74.0216 61.375
33 16 0 40.5335 41.7387
33 17 0 83.3605 1.69769
33 18 0 9.66921 56.0359
33 19 0 98.4041 19.7751
33 20 0 36.8602 78.4412
33 21 0 92.4043 55.0386
33 22 0 14.4129 44.0337
33 23 0 70.4688 35.6815
33 24 0 8.06744 99.0249
33 25 0 49.2964 20.9619
33 26 0 83.4463 74.6028
33 27 0 74.5196 80.3244
33 28 0 78.3884 48.8423
33 29 0 47.3245 1.64142
33 30 0 18.2213 41.8126
33 31 0 7.40753 15.0498
33 32 0 20.3854 60.654
33 34 1 70.4249 51.0849
33 35 0 11.1037 88.2979
33 36 0 50.9925 51.9009
33 37 0 64.3421 41.9672
33 38 0 39.6155 55.9434
33 39 0 74.4734 92.4482
33 40 1 9.75492 59.6758
33 41 1 6.4374 52.3633
33 42 1 25.173 98.7542
33 43 0 95.0373 75.6356
33 44 0 89.4017 89.6918
33 45 0 38.441 42.9761
33 46 0 57.6442 61.7707
33 47 0 5.41155 67.3244
33 48 0 39.0054 53.6643
33 49 0 94.5076 80.8717
33 50 0 67.3246 83.9123
33 51 0 76.8678 86.9495
33 52 0 88.2325 31.0343
33 53 0 24.8524 21.1745
33 54 0 43.3374 7.76766
33 55 1 23.7795 6.43056
33 56 0 17.398 4.47894
33 57 0 43.1145 35.6072
33 58 0 8.05068 73.6286
33 59 0 50.6633 70.3184
33 60 0 93.3464 93.9184
34 1 0 28.461 50.7182
34 2 0 97.3385 21.2695
34 3 0 30.6449 89.3202
34 4 0 37.5295 20.8011
34 5 0 5.19438 9.15038
34 6 0 90.8315 77.5884
34 7 0 97.0868 72.9827
34 8 0 58.9754 13.2999
34 9 0 89.0992 40.3672
34 10 0 12.0615 76.1494
34 11 0 12.9738 20.4152
34 12 0 44.7261 93.1194
34 13 0 40.2292 10.458
34 14 0 96.175 94.1677
34 15 0 1.98687 99.4925
34 16 0 94.9336 76.5082
34 17 0 65.0503 2.78575
34 18 0 72.1519 18.7753
34 19 0 26.692 20.1741
34 20 0 98.6712 85.3338
34 21 0 46.9467 40.7996
34 22 0 76.8098 4.3531
34 23 1 61.6952 27.5924
34 24 0 29.3538 52.4461
34 25 0 99.8689 71.0959
34 26 0 46.2825 31.2905
34 27 0 28.8694 59.3147
34 28 0 49.6982 43.3843
34 29 0 70.0543 55.2964
34 30 0 50.9077 77.4279
34 31 0 24.3409 15.8401
34 32 0 7.74708 20.348
34 33 0 52.3249 5.01353
34 35 1 29.7488 56.3502
34 36 0 66.5805 71.6271
34 37 0 93.3755 53.9482
34 38 0 24.0047 19.2814
34 39 0 55.582 77.0624
34 40 1 61.3397 61.726
34 41 0 14.3898 62.4714
34 42 0 88.0365 66.9628
34 43 0 48.4096 29.4729
34 44 0 19.1518 18.932
34 45 0 82.2937 51.1361
34 46 0 44.9557 80.2793
34 47 0 43.8309 30.1669
34 48 0 74.5437 16.0828
34 49 0 54.2263 29.1294
34 50 0 22.7343 28.2649
34 51 0 22.9442 95.7982
34 52 0 69.2203 20.5138
34 53 0 83.5981 3.15316
34 54 0 59.6701 87.1143
34 55 0 95.4601 62.3464
34 56 0 17.4778 44.1298
34 57 0 5.25564 76.8176
34 58 0 13.6981 44.4498
34 59 0 98.1841 64.0885
34 60 0 77.9582 53.4988
35 1 0 1.92862 67.8022
35 2 0 99.6143 89.0888
35 3 0 87.3872 90.4976
35 4 0 80.3658 57.1569
35 5 0 31.9377 51.4366
35 6 0 30.4387 95.2318
35 7 1 82.6644 41.7383
35 8 1 43.2061 36.6585
35 9 0 31.5911 44.8988
35 10 0 49.4259 7.11859
35 11 0 93.312 58.2448
35 12 0 81.8244 34.9712
35 13 0 9.80804 57.7377
35 14 0 20.6335 82.7747
35 15 0 94.3154 14.9902
35 16 0 55.6119 23.9355
35 17 0 4.02625 80.3421
35 18 0 65.311 61.4999
35 19 0 49.7682 63.8998
35 20 0 48.0545 42.1913
35 21 0 39.4858 4.47181
35 22 0 7.83989 20.5045
35 23 0 65.9041 95.3365
35 24 0 40.25 48.492
35 25 0 66.0515 13.6204
35 26 0 32.7408 78.5357
35 27 0 53.4687 86.5189
35 28 0 18.9814 19.6861
35 29 0 39.39 88.9232
35 30 0 74.7666 36.6118
35 31 0 79.9907 93.6469
35 32 0 7.12497 65.3517
35 33 0 27.3655 33.9183
35 34 0 81.4688 8.00093
35 36 1 37.0956 33.125
35 37 0 48.1126 47.6242
35 38 0 27.4779 39.8511
35 39 0 16.9289 84.3638
35 40 0 68.5527 43.9566
35 41 0 1.49454 97.3661
35 42 0 35.5663 75.9395
35 43 0 21.6108 35.4499
35 44 0 50.6431 12.7304
35 45 0 50.8675 77.6375
35 46 0 34.711 82.1254
35 47 0 30.1038 35.8806
35 48 0 0.84547 81.2573
35 49 0 71.4899 37.9034
35 50 0 82.2719 73.8464
35 51 0 24.1404 19.1066
35 52 0 85.0766 20.9725
35 53 1 9.17517 85.8859
35 54 0 55.6921 18.5411
35 55 0 78.274 47.5573
35 56 0 52.9812 57.8731
35 57 0 88.5794 24.2009
35 58 0 79.9187 49.1275
35 59 0 96.918 49.534
35 60 0 63.4205 24.1519
36 1 0 90.3338 29.8104
36 2 0 99.8438 80.8795
36 3 0 18.1241 54.2464
36 4 0 6.28306 9.53367
36 5 0 32.8226 66.4973
36 6 0 18.7587 32.3649
36 7 0 54.8185 20.5485
36 8 0 50.211 84.4515
36 9 0 0.547382 77.1571
36 10 0 37.7696 33.8036
36 11 0 57.8188 80.3984
36 12 0 33.4473 19.6846
36 13 0 5.84538 55.7433
36 14 1 20.6575 39.5645
36 15 0 43.2668 15.42
36 16 0 43.6695 91.8923
36 17 0 90.236 59.9845
36 18 0 64.7608 22.4807
36 19 0 11.2551 21.9198
36 20 0 20.0357 81.8951
36 21 0 65.5435 72.0542
36 22 0 53.3253 63.2228
36 23 0 84.2752 59.1023
36 24 0 12.0547 17.4647
36 25 0 38.637 79.5472
36 26 0 80.8347 32.3675
36 27 0 75.5053 95.2063
36 28 1 16.0728 32.9351
36 29 0 26.4567 23.244
36 30 0 3.62981 10.8798
36 31 0 37.167 60.49
36 32 0 54.4746 63.7581
36 33 0 94.9369 4.70326
36 34 0 27.7812 97.0065
36 35 0 9.37188 79.3349
36 37 1 88.4557 41.3752
36 38 0 24.0705 65.0858
36 39 0 3.22066 57.8167
36 40 0 13.1047 47.6467
36 41 0 82.2566 20.5701
36 42 1 3.72425 0.880512
36 43 0 87.021 24.3461
36 44 0 29.567 34.8136
36 45 0 55.3482 42.671
36 46 0 0.823146 11.5429
36 47 1 13.7907 93.3019
36 48 0 61.2039 59.2172
36 49 0 65.4463 33.6215
36 50 0 25.858 32.7448
36 51 0 82.6446 74.3425
36 52 0 54.2965 31.5764
36 53 0 11.5035 73.7798
36 54 0 93.5334 16.8867
36 55 0 51.3506 98.0557
36 56 0 13.3346 75.6618
36 57 0 99.229 51.8353
36 58 0 34.6062 60.1326
36 59 0 49.9733 24.5349
36 60 0 12.1678 4.91335
37 1 0 75.4127 26.0472
37 2 0 46.0589 9.89946
37 3 0 56.4336 89.2131
37 4 0 23.135 84.5548
37 5 0 80.1028 77.8397
37 6 0 75.6736 76.725
37 7 0 93.5107 71.5787
37 8 0 60.7807 95.738
37 9 1 41.187 62.589
37 10 0 95.6759 1.22768
37 11 0 34.6095 48.486
37 12 0 32.016 76.3373
37 13 0 75.3042 23.1246
37 14 0 36.4185 8.73517
37 15 0 59.0057 32.5488
37 16 0 58.4578 14.2676
37 17 1 36.9017 0.82461
37 18 0 82.2834 94.8213
37 19 1 40.1727 50.8155
37 20 0 15.1827 16.8933
37 21 0 55.1948 78.7533
37 22 0 81.8394 47.2026
37 23 0 46.5327 61.4057
37 24 0 34.1559 25.7338
37 25 0 8.99846 85.4859
37 26 0 7.64105 53.9758
37 27 1 40.4412 98.7728
37 28 0 74.9465 6.84695
37 29 0 59.883 28.8033
37 30 0 82.8329 6.67696
37 31 0 6.83705 54.6031
37 32 0 94.8589 98.9816
37 33 0 89.0914 83.2483
37 34 0 30.1589 56.9067
37 35 0 13.6319 35.7336
37 36 0 25.055 78.6885
37 38 1 72.5844 45.218
37 39 0 29.4661 32.8017
37 40 0 34.4037 97.5935
37 41 0 7.2914 71.6146
37 42 0 96.6901 55.587
37 43 0 71.2348 33.3178
37 44 0 93.313 0.586936
37 45 0 85.1183 55.2893
37 46 0 16.012 47.6441
37 47 0 12.7036 1.20698
37 48 0 22.1661 92.5479
37 49 0 0.947881 4.02426
37 50 0 39.7453 11.9941
37 51 0 93.8734 60.8271
37 52 0 42.8854 85.7112
37 53 0 72.0824 24.7277
37 54 0 84.8331 57.6206
37 55 0 54.0067 46.1424
37 56 0 99.2983 98.2389
37 57 0 58.4002 64.6344
37 58 0 7.31881 56.9462
37 59 0 87.7636 48.0443
37 60 0 43.6327 9.06508
38 1 0 38.6408 8.63529
38 2 0 52.329 84.7073
38 3 0 40.8672 4.60635
38 4 0 13.8155 1.11091
38 5 0 76.88 56.7247
38 6 0 37.0609 35.8086
38 7 0 3.34312 15.7767
38 8 0 61.1421 69.7416
38 9 0 37.1599 10.9209
38 10 0 65.9363 71.1422
38 11 0 99.445 98.9521
38 12 0 59.4289 76.609
38 13 0 51.356 45.1156
38 14 0 4.64079 81.0065
38 15 0 91.816 59.495
38 16 0 63.5065 86.5773
38 17 0 29.9233 28.2252
38 18 0 89.6474 15.0716
38 19 0 10.5262 53.8856
38 20 0 52.9121 53.395
38 21 0 85.449 66.6393
38 22 0 58.9877 56.2611
38 23 0 22.0028 89.9341
38 24 0 22.7549 21.2087
38 25 0 76.9595 1.47846
38 26 0 10.7256 72.3383
38 27 1 4.13839 94.9413
38 28 0 42.1659 47.3582
38 29 0 97.7283 35.7521
38 30 0 60.6769 22.2609
38 31 0 97.2562 18.8759
38 32 0 55.4965 5.68064
38 33 0 7.01252 81.4942
38 34 0 0.506368 26.3906
38 35 0 42.4438 48.1183
38 36 0 2.52011 50.5844
38 37 0 44.6522 49.2991
38 39 1 30.8342 74.4859
38 40 0 58.3554 84.8908
38 41 0 68.7438 72.8985
38 42 0 41.1234 34.531
38 43 0 70.3127 71.9287
38 44 0 75.7341 17.5505
38 45 0 76.4164 39.5965
38 46 1 57.5098 75.2247
38 47 0 86.3291 96.5409
38 48 1 55.1478 60.4302
38 49 0 14.356 3.75278
38 50 0 19.6234 60.9787
38 51 0 69.6129 1.05669
38 52 1 8.85093 59.1203
38 53 0 81.082 95.8478
38 54 0 31.0309 70.7979
38 55 0 59.1591 82.1707
38 56 0 83.1634 68.2019
38 57 1 46.7244 59.5345
38 58 0 1.56154 47.4468
38 59 0 45.7608 40.1356
38 60 0 55.3444 99.3224
39 1 0 37.8578 43.4698
39 2 0 97.0848 17.623
39 3 0 20.766 42.4466
39 4 0 94.9329 82.413
39 5 0 92.9993 52.0398
39 6 0 82.6702 29.5675
39 7 0 16.3893 4.70647
39 8 0 90.2705 59.8648
39 9 0 78.7115 36.0615
39 10 0 10.0758 70.969
39 11 0 44.7706 74.0199
39 12 0 61.2437 76.6135
39 13 0 29.5008 11.6482
39 14 0 43.7035 87.6231
39 15 0 66.6751 13.8815
39 16 0 32.7641 1.65804
39 17 0 71.3715 38.827
39 18 0 37.5703 30.011
39 19 0 6.59915 87.4283
39 20 0 44.0715 63.2307
39 21 0 32.3157 67.956
39 22 0 70.3087 32.6909
39 23 1 78.2912 54.221
39 24 0 56.8254 5.99509
39 25 0 24.4313 7.50826
39 26 0 57.8435 75.7677
39 27 0 51.8997 14.7645
39 28 0 53.8796 75.3063
39 29 0 22.1816 43.9596
39 30 0 79.0544 62.8138
39 31 0 4.44766 58.8272
39 32 0 31.0289 65.1952
39 33 0 68.6344 12.6969
39 34 0 4.35356 28.7324
39 35 1 12.8695 77.632
39 36 0 75.2243 6.19313
39 37 0 67.0901 31.5449
39 38 0 99.4613 97.7918
39 40 1 63.7611 35.7752
39 41 0 37.7853 51.26
39 42 0 40.5975 35.657
39 43 0 86.6519 59.575
39 44 0 26.6578 91.3816
39 45 0 45.9255 72.8685
39 46 0 28.1018 40.9719
39 47 0 2.26978 70.631
39 48 0 73.3124 26.5152
39 49 0 36.3396 69.7509
39 50 0 40.2476 19.1672
39 51 0 58.9933 23.8627
39 52 0 66.5728 5.24923
39 53 0 53.3007 73.1471
39 54 0 41.9975 84.4259
39 55 0 39.1863 61.5195
39 56 0 74.7456 77.9041
39 57 0 5.76165 4.22283
39 58 0 45.5521 61.0117
39 59 0 48.2008 17.9323
39 60 0 92.4765 15.5751
40 1 0 34.9963 31.766
40 2 0 35.9776 83.2622
40 3 0 16.7725 94.4628
40 4 0 62.6222 64.078
40 5 1 54.3099 25.5151
40 6 0 79.3601 43.371
40 7 0 35.9739 45.2918
40 8 0 96.0691 87.9344
40 9 0 95.4564 3.06273
40 10 0 58.454 73.2771
40 11 0 49.0504 23.7513
40 12 0 29.8145 81.0829
40 13 0 98.1436 11.8465
40 14 1 25.1457 46.8497
40 15 0 11.1197 7.53844
40 16 1 23.4696 74.4894
40 17 0 51.802 97.8063
40 18 0 88.4537 86.9735
40 19 1 90.7453 87.5658
40 20 0 92.4268 98.4905
40 21 0 75.3855 0.467448
40 22 0 90.8701 29.0889
40 23 0 4.29047 91.4443
40 24 0 97.4837 33.7291
40 25 1 29.0881 97.4113
40 26 0 87.5962 75.332
40 27 0 62.3297 88.1269
40 28 0 29.9261 93.406
40 29 0 16.2237 57.5587
40 30 0 32.8328 96.4256
40 31 0 6.52879 3.13262
40 32 0 22.409 49.5462
40 33 0 81.1065 85.966
40 34 0 63.6085 56.3928
40 35 0 21.2336 57.1545
40 36 0 6.85997 47.3444
40 37 0 28.414 24.5689
40 38 0 76.8334 30.4049
40 39 0 9.99063 39.0883
40 41 1 8.78383 9.11512
40 42 0 24.7364 46.7493
40 43 0 54.4827 54.2659
40 44 0 73.8183 86.5015
40 45 0 92.741 29.2168
40 46 1 12.446 34.153
40 47 0 16.5047 88.7712
40 48 0 38.9777 64.8282
40 49 1 4.0931 50.0263
40 50 0 80.4255 76.7897
40 51 0 90.7131 22.7087
40 52 1 94.7504 57.7101
40 53 0 36.1596 17.9931
40 54 0 68.3916 63.6818
40 55 0 90.6991 3.25958
40 56 0 62.9408 36.0579
40 57 0 15.3533 3.83042
40 58 0 94.0615 27.8576
40 59 0 46.6069 92.7404
40 60 0 94.354 68.1595
41 1 0 35.4413 75.0542
41 2 0 21.6894 15.8385
41 3 0 42.9657 98.2683
41 4 0 5.11716 77.6952
41 5 0 26.2037 58.6381
41 6 1 84.1462 41.911
41 7 0 83.2786 88.7135
41 8 0 18.8135 1.80301
41 9 1 88.1974 5.55953
41 10 0 72.1732 82.9343
41 11 0 1.07662 91.9024
41 12 0 89.4631 45.6221
41 13 0 20.3944 55.9339
41 14 0 34.112 81.7627
41 15 0 98.5737 83.9613
41 16 0 10.806 60.9969
41 17 0 70.4788 23.6903
41 18 0 29.4106 97.0751
41 19 0 45.3589 20.5328
41 20 0 61.9175 7.43625
41 21 0 15.397 35.2089
41 22 0 90.994 3.15243
41 23 0 53.8056 39.6016
41 24 0 51.7761 9.83965
41 25 0 57.4917 85.4319
41 26 0 34.9131 86.4715
41 27 0 15.112 64.4114
41 28 0 99.2262 95.9617
41 29 0 43.6637 95.3731
41 30 0 33.1547 7.34778
41 31 0 2.45396 62.8735
41 32 0 97.8029 91.4147
41 33 0 69.6805 37.9242
41 34 1 15.2422 78.3418
41 35 0 1.37857 14.6359
41 36 0 74.8296 99.9522
41 37 0 69.2984 22.529
41 38 0 79.114 64.4209
41 39 0 6.22734 28.4531
41 40 1 30.6197 26.222
41 42 1 47.6537 95.2069
41 43 0 84.4403 94.1299
41 44 0 0.946169 1.40253
41 45 0 15.7265 5.14307
41 46 0 37.2005 68.488
41 47 0 49.9138 70.605
41 48 0 19.1996 36.2651
41 49 0 30.6243 15.331
41 50 0 76.9305 15.8912
41 51 0 71.3345 30.31
41 52 1 2.14212 2.2534
41 53 1 54.6082 18.7912
41 54 0 23.837 45.4729
41 55 0 48.8756 91.6199
41 56 0 4.43203 10.6463
41 57 0 10.8096 90.7815
41 58 0 55.6265 42.5672
41 59 0 13.1435 36.7387
41 60 0 69.1745 60.6261
42 1 0 81.7097 5.76334
42 2 0 98.1338 23.9543
42 3 0 60.3546 5.4366
42 4 0 77.1404 4.66934
42 5 0 53.5302 93.0217
42 6 0 91.9543 52.3997
42 7 0 94.8072 83.8053
42 8 0 47.9155 75.5998
42 9 0 19.8436 53.4183
42 10 0 89.1443 55.3377
42 11 0 73.3225 51.1777
42 12 0 15.1605 97.6253
42 13 0 76.2604 83.1978
42 14 0 88.9233 88.4759
42 15 1 39.3914 67.0854
42 16 0 29.1501 99.3071
42 17 0 47.7392 38.1951
42 18 0 3.90071 32.0248
42 19 0 11.9808 13.5837
42 20 0 61.3966 42.9055
42 21 0 45.9088 81.0789
42 22 0 88.6938 41.1267
42 23 0 28.2717 8.02494
42 24 1 2.69158 41.4904
42 25 0 94.2591 93.6338
42 26 0 99.8217 55.1911
42 27 0 52.3262 42.8053
42 28 0 28.7103 61.0074
42 29 0 89.3172 75.5938
42 30 0 58.0645 14.9075
42 31 0 33.6259 22.8243
42 32 0 76.7641 77.6577
42 33 0 3.43478 13.4988
42 34 0 12.843 74.9268
42 35 1 60.1299 15.9636
42 36 0 32.1394 12.7282
42 37 0 77.6082 29.0616
42 38 0 60.1919 22.8186
42 39 0 23.5419 94.1076
42 40 0 2.36924 72.3519
42 41 0 54.5232 39.0355
42 43 1 39.3886 2.78818
42 44 0 62.3373 12.454
42 45 0 78.319 27.1644
42 46 0 2.5829 72.949
42 47 0 56.2672 26.4236
42 48 0 13.7072 45.0118
42 49 0 99.3588 94.8023
42 50 1 98.8208 65.7896
42 51 0 18.6262 72.2043
42 52 0 99.2943 13.8507
42 53 1 50.4487 88.4963
42 54 0 81.1067 22.721
42 55 0 5.71654 84.6829
42 56 0 45.7428 63.1755
42 57 0 66.6186 72.9816
42 58 0 34.1675 7.93
42 59 0 68.611 52.0976
42 60 0 5.6361 28.4904
43 1 0 43.8609 56.8088
43 2 0 70.5424 42.062
43 3 0 8.20851 81.7121
43 4 0 7.55333 44.8755
43 5 0 30.379 42.5712
43 6 0 60.0235 34.2535
43 7 0 7.53887 93.7837
43 8 0 80.2661 93.9421
43 9 0 2.41827 78.4195
43 10 0 77.9287 75.1171
43 11 0 45.3251 66.0813
43 12 0 60.9975 85.4232
43 13 0 54.3998 81.1411
43 14 0 82.6515 95.4142
43 15 0 60.3768 96.9117
43 16 0 81.371 38.0857
43 17 0 66.986 1.17523
43 18 0 0.215966 4.41604
43 19 0 90.4589 15.8538
43 20 0 14.8042 69.4168
43 21 0 2.07167 54.3798
43 22 0 59.1944 61.7053
43 23 0 48.2003 35.724
43 24 0 37.4137 93.1086
43 25 0 23.253 50.6076
43 26 0 8.02977 90.7513
43 27 1 97.5075 19.8186
43 28 0 42.5424 14.571
43 29 1 20.6686 79.4942
43 30 0 59.2515 42.4015
43 31 0 20.0237 53.1998
43 32 0 89.0111 89.6472
43 33 0 80.338 58.7703
43 34 0 8.07345 43.6267
43 35 0 72.4846 68.8708
43 36 0 51.9819 60.2659
43 37 0 10.3351 99.7156
43 38 1 53.0869 74.8677
43 39 0 35.3607 44.507
43 40 0 18.9977 42.42
43 41 0 84.2969 86.2029
43 42 0 47.2897 79.1719
43 44 1 12.4952 52.0308
43 45 0 7.73964 91.398
43 46 1 21.5851 25.892
43 47 0 56.631 88.8405
43 48 0 9.14406 99.1161
43 49 0 71.3432 90.9729
43 50 0 85.4305 40.413
43 51 1 88.3117 0.942103
43 52 0 77.9494 33.9197
43 53 0 42.5572 28.8795
43 54 0 70.5176 56.729
43 55 0 58.2819 43.5108
43 56 0 76.3314 87.3522
43 57 0 49.2816 29.1491
43 58 1 48.1114 81.8855
43 59 0 92.4997 98.8601
43 60 0 7.00897 40.2095
44 1 0 1.03875 35.6541
44 2 1 1.66121 19.9988
44 3 0 97.5729 66.4238
44 4 0 48.1865 78.0912
44 5 0 42.9752 26.4282
44 6 0 76.4953 21.2697
44 7 0 23.9182 51.3562
44 8 0 94.2627 13.9668
44 9 0 71.8866 85.0909
44 10 0 80.8018 68.2124
44 11 0 96.2647 43.0901
44 12 0 79.2327 85.6469
44 13 0 89.4626 69.2748
44 14 0 92.2205 12.1663
44 15 0 84.2566 20.4525
44 16 0 96.7066 78.9841
44 17 0 97.2207 9.06634
44 18 0 69.2938 28.8565
44 19 0 56.9421 46.1064
44 20 0 25.3897 53.8935
44 21 0 25.6154 12.2865
44 22 0 67.1264 5.90598
44 23 0 97.9032 89.2356
44 24 0 65.3275 79.2372
44 25 0 10.4475 25.3343
44 26 0 86.1291 96.53
44 27 1 44.011 42.219
44 28 0 58.5281 78.81
44 29 0 76.5733 65.35
44 30 0 43.9812 38.3319
44 31 1 95.9108 32.8833
44 32 0 29.2001 7.41845
44 33 0 32.9597 94.2253
44 34 0 25.9892 48.8909
44 35 0 92.9667 9.87432
44 36 0 24.1615 87.5932
44 37 0 92.1389 86.4024
44 38 0 65.6686 59.1713
44 39 0 90.7277 50.2937
44 40 0 22.8609 86.5097
44 41 0 91.7131 53.7914
44 42 0 1.0084 26.8155
44 43 0 6.95361 37.0827
44 45 1 88.6648 92.0929
44 46 0 82.6575 0.376965
44 47 0 81.8129 38.4071
44 48 0 78.4145 49.1279
44 49 0 88.7894 16.6571
44 50 0 26.2854 83.1594
44 51 0 99.0936 9.80913
44 52 0 59.9446 55.6914
44 53 0 33.3758 71.4362
44 54 0 84.7027 57.1969
44 55 0 71.0118 72.1807
44 56 0 59.0276 81.6894
44 57 0 72.7877 42.0184
44 58 0 63.223 8.8966
44 59 0 88.2283 17.1945
44 60 0 53.0744 34.1609
45 1 0 80.1237 92.5279
45 2 0 45.4604 7.82786
45 3 0 23.4578 70.8715
45 4 1 48.1959 52.147
45 5 0 21.2727 41.4179
45 6 0 65.5903 91.9005
45 7 0 62.0763 87.0047
45 8 1 81.8504 11.4519
45 9 0 12.3369 3.60433
45 10 0 53.3867 79.6208
45 11 0 2.0805 25.1843
45 12 0 11.9668 28.863
45 13 0 51.6775 44.9538
45 14 0 89.5919 37.8727
45 15 0 16.3497 41.6221
45 16 0 90.56 49.5569
45 17 0 2.29214 43.2162
45 18 0 81.2305 42.6387
45 19 0 71.9026 8.70105
45 20 0 12.3854 87.7091
45 21 0 40.3687 5.78651
45 22 0 8.57893 68.0386
45 23 0 89.3385 1.45052
45 24 0 44.9331 62.9108
45 25 0 67.8295 71.961
45 26 0 22.5859 66.2735
45 27 0 11.1145 80.2889
45 28 0 8.62818 24.4961
45 29 0 47.5914 77.9326
45 30 0 1.71851 15.648
45 31 0 90.6668 38.1098
45 32 0 29.2074 48.5299
45 33 0 61.0986 27.9056
45 34 0 64.6565 6.26681
45 35 0 42.4683 42.9736
45 36 0 31.0611 38.6234
45 37 0 9.16004 56.4024
45 38 0 68.964 34.3587
45 39 0 52.2621 12.0418
45 40 0 76.8074 51.5183
45 41 0 42.1089 6.47644
45 42 0 55.2276 10.399
45 43 0 43.3499 15.9367
45 44 0 90.2838 60.5079
45 46 1 74.8666 46.8195
45 47 0 15.3215 79.2258
45 48 0 40.4237 64.5838
45 49 0 13.7888 68.6783
45 50 0 24.9654 45.109
45 51 0 83.4259 59.3211
45 52 0 82.4449 93.3993
45 53 0 9.85199 2.69037
45 54 0 39.1961 15.0454
45 55 0 93.065 68.1424
45 56 0 37.0922 37.8531
45 57 1 39.6654 80.002
45 58 1 65.8063 10.4558
45 59 0 12.5545 77.086
45 60 0 43.9746 90.8051
46 1 0 66.1376 56.7631
46 2 0 44.1643 9.66602
46 3 0 10.7882 50.0209
46 4 0 41.9031 47.784
46 5 0 14.2003 54.5737
46 6 0 70.0488 77.9349
46 7 0 1.54979 1.38246
46 8 0 73.9119 16.8425
46 9 0 4.16047 84.7815
46 10 0 29.7472 17.0495
46 11 0 9.89234 90.6223
46 12 0 59.5769 57.0756
46 13 0 52.876 51.0519
46 14 0 47.2432 83.8499
46 15 0 78.2992 58.0408
46 16 0 36.9974 92.6894
46 17 0 32.2189 34.9587
46 18 0 59.2783 99.7476
46 19 0 68.6091 62.0951
46 20 0 17.3856 22.3338
46 21 0 24.07 95.7215
46 22 0 81.2346 87.6847
46 23 0 64.163 58.8857
46 24 0 86.5327 11.6843
46 25 0 91.1913 29.6355
46 26 0 5.74357 26.2616
46 27 0 76.4009 19.8495
46 28 0 16.3855 61.7615
46 29 0 30.5003 22.1667
46 30 1 69.1611 56.16
46 31 1 70.4826 73.8953
46 32 0 23.1046 76.0186
46 33 0 19.0447 58.9094
46 34 0 83.0037 66.4249
46 35 0 82.4443 41.6262
46 36 0 74.1821 75.39
46 37 0 23.5662 76.1381
46 38 1 21.5992 0.690382
46 39 0 17.1104 90.5569
46 40 0 31.9099 89.9129
46 41 0 75.0464 16.6065
46 42 0 21.5346 16.7108
46 43 0 88.407 14.6787
46 44 0 63.6349 72.3176
46 45 0 47.558 17.6698
46 47 1 71.5869 70.4338
46 48 1 18.3746 26.8285
46 49 1 57.1441 63.1301
46 50 0 5.18238 30.1445
46 51 0 21.2484 20.6916
46 52 0 9.95982 27.1244
46 53 0 91.3899 21.9824
46 54 0 12.74 51.9067
46 55 0 21.168 30.394
46 56 0 90.3127 92.4864
46 57 0 94.7207 77.3909
46 58 0 56.0101 3.25767
46 59 0 99.6796 67.1284
46 60 0 83.2975 64.1091
47 1 0 79.2775 57.666
47 2 0 84.6164 52.3927
47 3 0 7.25369 15.4039
47 4 0 60.6415 42.3304
47 5 0 89.6936 81.9421
47 6 0 49.4534 32.0052
47 7 0 60.8953 62.7724
47 8 0 75.3717 90.536
47 9 1 16.3271 5.83773
47 10 0 58.6785 21.755
47 11 1 9.60835 18.1925
47 12 0 84.7775 61.8473
47 13 0 99.9623 79.4164
47 14 0 76.2879 78.0954
47 15 0 60.8629 43.4415
47 16 0 46.038 44.7198
47 17 0 99.0397 97.8646
47 18 0 49.2208 32.6484
47 19 0 18.0131 57.4647
47 20 0 22.8757 39.3647
47 21 0 60.3551 11.9223
47 22 0 1.20246 3.05948
47 23 0 0.310797 51.6342
47 24 0 50.5694 1.71759
47 25 0 80.0657 99.7714
47 26 0 12.2746 46.2079
47 27 0 66.3726 33.1378
47 28 0 0.27551 16.0868
47 29 0 20.0605 60.858
47 30 0 94.3565 40.147
47 31 0 62.732 60.6096
47 32 1 67.8868 8.75575
47 33 0 52.9675 5.49635
47 34 0 56.1512 71.6116
47 35 0 35.9895 27.5553
47 36 0 87.0218 61.1358
47 37 0 23.4515 69.3448
47 38 0 49.2972 45.5997
47 39 0 37.4075 3.84722
47 40 0 90.7819 74.2932
47 41 0 55.1538 46.2582
47 42 0 5.54476 75.9041
47 43 0 87.5463 40.3143
47 44 0 71.5843 57.8312
47 45 0 73.5443 70.2838
47 46 0 16.342 4.90129
47 48 1 67.1848 76.0553
47 49 0 72.3431 23.5053
47 50 0 92.5066 9.59216
47 51 0 68.6195 66.151
47 52 0 52.0996 36.0499
47 53 0 70.6733 8.32586
47 54 0 28.0176 77.728
47 55 1 21.3056 86.5247
47 56 0 13.221 88.6486
47 57 0 70.5179 80.6671
47 58 0 85.0442 51.1716
47 59 0 71.308 58.5362
47 60 0 83.4212 28.9558
48 1 0 70.7094 92.5744
48 2 0 61.2653 98.7115
48 3 1 37.41 6.07508
48 4 1 69.844 72.6738
48 5 0 42.367 53.0729
48 6 0 9.5211 25.3832
48 7 0 82.4331 93.3756
48 8 0 85.1694 73.834
48 9 0 60.5974 47.7158
48 10 0 62.2804 65.3284
48 11 0 6.80838 8.47151
48 12 0 92.9049 64.8458
48 13 0 12.6462 91.8386
48 14 0 12.595 28.8423
48 15 0 26.5779 2.71755
48 16 0 38.2234 18.219
48 17 0 3.80462 48.8195
48 18 0 84.1689 41.506
48 19 0 76.077 62.232
48 20 0 54.287 63.5571
48 21 0 88.3254 71.2958
48 22 0 26.2348 60.5267
48 23 0 52.2905 53.7918
48 24 1 70.2556 95.9373
48 25 0 93.2043 81.5785
48 26 0 85.7754 6.47691
48 27 0 25.9777 30.7533
48 28 0 25.004 51.3922
48 29 0 15.3171 59.5249
48 30 0 95.1658 47.7239
48 31 0 5.24919 14.6172
48 32 0 20.9375 67.5638
48 33 0 20.1709 39.6807
48 34 0 94.235 54.241
48 35 0 7.12407 94.7701
48 36 0 15.5938 0.435398
48 37 0 41.6914 48.0708
48 38 0 83.9541 28.8086
48 39 0 96.8211 32.3056
48 40 0 96.9674 60.2576
48 41 0 63.2675 94.6528
48 42 0 23.203 77.4738
48 43 0 74.2745 62.9929
48 44 0 37.9254 78.9333
48 45 0 45.8571 12.0977
48 46 0 9.7735 32.2211
48 47 0 17.283 63.383
48 49 1 71.3611 98.919
48 50 0 56.8982 28.2157
48 51 0 21.2912 69.0643
48 52 0 8.35348 32.2216
48 53 0 30.2928 53.7842
48 54 0 10.2471 4.63363
48 55 0 92.5087 21.5474
48 56 0 88.4517 28.1303
48 57 0 93.6053 76.3308
48 58 0 24.6991 81.0893
48 59 0 20.6473 60.5022
48 60 0 96.0845 77.7703
49 1 0 67.5518 73.6059
49 2 0 44.7593 51.957
49 3 0 26.7206 59.8497
49 4 0 33.7682 22.9062
49 5 0 21.4861 20.8801
49 6 0 9.3826 79.7161
49 7 0 50.7839 94.9618
49 8 0 42.1168 85.6061
49 9 0 47.2802 22.4019
49 10 0 30.8246 10.5152
49 11 0 86.1041 60.9778
49 12 0 7.40259 65.8482
49 13 0 92.7105 26.9355
49 14 0 85.8197 35.3798
49 15 0 35.6797 13.3852
49 16 0 45.8436 86.6067
49 17 0 68.972 39.2683
49 18 0 40.6128 32.4213
49 19 0 98.9187 68.9391
49 20 0 42.5279 92.5072
49 21 0 59.1435 69.2064
49 22 0 79.193 48.3012
49 23 0 33.3839 8.26852
49 24 0 81.0532 47.2917
49 25 0 58.0179 4.49022
49 26 0 68.6475 17.7117
49 27 0 39.0831 26.1328
49 28 0 69.9613 46.0242
49 29 1 57.6647 95.6461
49 30 1 2.89991 1.32916
49 31 0 25.2165 2.04726
49 32 0 12.5472 40.2258
49 33 0 30.9126 73.2341
49 34 0 80.0402 87.3605
49 35 0 99.6015 77.597
49 36 0 39.2844 83.7739
49 37 0 96.4261 17.7335
49 38 0 93.3146 51.8147
49 39 0 73.429 68.4694
49 40 0 19.9083 12.2893
49 41 0 61.8654 27.4158
49 42 0 28.4653 48.9255
49 43 0 76.3505 51.9003
49 44 0 72.0693 46.4277
49 45 1 60.3145 90.316
49 46 0 61.8961 7.94979
49 47 0 2.0425 67.118
49 48 0 0.354946 10.5784
49 50 1 48.9857 97.4605
49 51 0 25.6429 4.29442
49 52 0 65.5725 87.8653
49 53 0 67.1816 53.9109
49 54 1 38.7693 58.6492
49 55 0 72.0826 15.8923
49 56 0 83.973 54.0874
49 57 0 38.1905 11.436
49 58 0 6.78498 91.1674
49 59 0 69.2017 50.6629
49 60 0 33.2068 50.2858
50 1 0 6.14027 10.8002
50 2 0 34.1699 67.064
50 3 0 88.8285 59.3676
50 4 0 17.6168 5.48838
50 5 0 94.5571 83.1245
50 6 0 92.9678 49.8217
50 7 0 9.67218 25.6114
50 8 0 72.468 66.6285
50 9 0 35.2379 62.9942
50 10 1 88.1553 50.8376
50 11 0 96.1359 18.5186
50 12 0 29.3145 43.2841
50 13 0 87.3867 71.7769
50 14 0 21.2404 18.2903
50 15 0 6.47123 78.8059
50 16 0 55.2146 43.1131
50 17 0 69.3457 90.8815
50 18 0 91.366 44.3334
50 19 0 89.3488 53.2608
50 20 0 84.9078 75.294
50 21 0 36.1532 40.7003
50 22 0 35.8532 11.5276
50 23 0 56.1378 41.2723
50 24 0 94.6874 31.2604
50 25 0 44.864 44.7521
50 26 0 25.4631 52.4505
50 27 0 50.9193 64.6801
50 28 0 69.1295 15.7711
50 29 0 10.689 96.1066
50 30 0 85.2505 41.1579
50 31 0 73.4846 66.9063
50 32 0 4.45266 86.453
50 33 0 40.8645 22.8143
50 34 0 53.458 82.5803
50 35 0 8.1048 90.1957
50 36 0 83.572 72.6668
50 37 0 44.1202 51.355
50 38 0 73.7529 64.0481
50 39 1 63.5677 56.8896
50 40 0 0.946936 42.7215
50 41 0 66.2274 17.5257
50 42 0 15.1489 44.1186
50 43 1 76.788 74.6751
50 44 0 8.51722 91.9667
50 45 0 82.1287 43.9491
50 46 0 37.759 33.4244
50 47 0 27.5275 94.1259
50 48 0 65.0954 0.667432
50 49 0 16.6658 75.6985
50 51 1 0.974721 6.12051
50 52 0 2.46481 19.5091
50 53 0 41.7276 28.4252
50 54 0 37.9961 89.0863
50 55 0 32.0553 39.013
50 56 0 9.98966 64.0418
50 57 1 74.3178 23.3299
50 58 0 50.8667 83.7057
50 59 0 58.679 42.0622
50 60 0 7.1042 67.4637
51 1 0 98.3582 53.9003
51 2 0 52.3218 35.8992
51 3 0 14.2365 28.3978
51 4 0 49.3223 11.3696
51 5 0 33.8104 93.8934
51 6 0 80.5342 1.05861
51 7 0 22.4223 92.1282
51 8 0 71.4589 97.3554
51 9 0 17.628 91.1634
51 10 0 7.35948 41.8216
51 11 0 72.9926 37.5887
51 12 0 47.4097 84.5997
51 13 0 98.1244 1.57575
51 14 1 87.4566 0.186935
51 15 0 59.0863 14.2555
51 16 1 73.6284 82.262
51 17 0 36.0672 78.9753
51 18 0 8.33034 64.1704
51 19 0 33.3156 67.5649
51 20 0 76.258 53.9558
51 21 0 59.1598 35.6435
51 22 0 30.7027 60.8753
51 23 0 28.4189 77.7719
51 24 0 65.0591 98.8247
51 25 0 20.7537 95.4411
51 26 0 26.9937 22.4311
51 27 0 54.1037 63.9602
51 28 0 90.7385 68.1111
51 29 0 50.156 44.026
51 30 0 83.1676 51.4671
51 31 0 6.3445 84.0497
51 32 0 97.0429 83.4929
51 33 0 86.769 59.6092
51 34 0 26.8775 10.4626
51 35 0 58.4466 81.8779
51 36 0 81.2081 51.9386
51 37 0 68.9765 91.6618
51 38 0 53.9671 78.3446
51 39 0 12.366 65.7386
51 40 0 37.8085 81.0364
51 41 0 37.626 62.1504
51 42 0 68.0878 31.7282
51 43 0 26.004 6.81865
51 44 0 38.4475 79.8393
51 45 0 51.0131 78.1151
51 46 0 97.2564 44.3187
51 47 0 97.2164 77.9968
51 48 0 99.7415 43.5675
51 49 0 54.5767 38.2844
51 50 0 35.8253 46.1704
51 52 1 86.3187 52.6175
51 53 0 16.1325 2.82914
51 54 0 24.5275 91.372
51 55 0 87.7524 49.3522
51 56 0 72.3373 18.7207
51 57 0 20.1774 62.7854
51 58 0 45.9225 78.3293
51 59 0 15.8 3.68558
51 60 0 88.3062 4.49904
52 1 0 75.5319 87.5433
52 2 0 35.7875 88.7657
52 3 1 75.2273 12.9252
52 4 1 76.5667 88.8073
52 5 0 34.2029 33.7884
52 6 0 0.359123 11.8548
52 7 0 16.4335 55.1847
52 8 0 57.3261 45.3362
52 9 0 86.5923 43.0739
52 10 0 19.4138 78.1729
52 11 0 16.7684 78.6094
52 12 0 88.6308 43.4166
52 13 0 78.93 4.03067
52 14 0 57.4482 39.4248
52 15 0 17.0752 42.4084
52 16 0 26.6333 47.4079
52 17 0 10.8411 25.4128
52 18 0 15.6285 39.4708
52 19 0 1.09466 58.6871
52 20 0 84.7259 46.2072
52 21 0 82.0516 23.1275
52 22 0 89.1345 81.2506
52 23 0 25.214 89.8139
52 24 0 98.0324 88.5021
52 25 0 71.196 63.1546
52 26 0 31.2748 46.878
52 27 0 3.35484 65.6278
52 28 0 81.742 61.003
52 29 0 59.3445 79.7889
52 30 0 55.4413 2.76953
52 31 0 90.3656 57.0519
52 32 0 2.97715 56.4486
52 33 0 18.0073 62.6956
52 34 0 25.7225 66.1688
52 35 0 36.9097 90.9228
52 36 0 56.2048 72.0489
52 37 1 69.7756 64.5325
52 38 0 98.986 37.1366
52 39 0 40.5009 65.5031
52 40 1 6.11283 68.5958
52 41 0 70.1064 55.3621
52 42 0 54.222 89.714
52 43 0 49.8575 39.4637
52 44 0 81.7568 15.9729
52 45 0 78.4108 12.8903
52 46 0 71.652 81.4951
52 47 0 44.4373 64.1913
52 48 0 26.8613 36.6783
52 49 0 88.0618 89.0365
52 50 0 19.0174 60.4814
52 51 0 40.687 39.0634
52 53 1 8.7141 73.9329
52 54 0 83.3104 73.7353
52 55 0 46.5014 56.2513
52 56 0 20.5218 24.4504
52 57 0 18.628 58.5985
52 58 0 2.92069 11.4541
52 59 0 26.2392 93.0896
52 60 0 9.93559 70.6714
53 1 0 30.7685 45.9687
53 2 0 47.9459 30.818
53 3 0 83.2062 30.5398
53 4 0 10.8751 3.06742
53 5 0 12.4144 40.3381
53 6 0 44.8491 24.4596
53 7 0 77.1412 8.22878
53 8 0 47.6173 43.0121
53 9 0 41.2811 54.386
53 10 0 80.1075 32.1271
53 11 0 49.5365 54.9279
53 12 0 70.5539 61.3075
53 13 0 59.2622 62.6301
53 14 0 49.668 76.6039
53 15 0 47.406 13.7549
53 16 0 84.2209 60.4285
53 17 0 11.7061 32.2699
53 18 0 78.4783 94.766
53 19 0 95.8022 70.5469
53 20 1 17.4436 99.8877
53 21 0 50.82 63.7217
53 22 0 38.3412 60.8147
53 23 0 57.8501 30.3192
53 24 0 67.2568 54.1366
53 25 0 77.9979 31.6197
53 26 0 42.1057 74.9072
53 27 0 0.0235498 15.6846
53 28 0 31.3671 51.857
53 29 0 57.861 57.1939
53 30 0 11.8885 1.1588
53 31 0 57.4397 74.4944
53 32 0 5.7938 15.523
53 33 0 87.4186 44.0846
53 34 0 49.2509 11.9416
53 35 0 1.03425 75.9277
53 36 0 19.6014 13.4256
53 37 0 11.5934 5.87255
53 38 0 76.4377 84.0518
53 39 0 74.9075 22.1739
53 40 0 65.4261 85.2208
53 41 0 26.8689 85.2391
53 42 0 87.6487 29.9904
53 43 0 87.4647 89.952
53 44 0 71.8042 78.0188
53 45 1 52.3988 50.7006
53 46 0 92.243 96.9943
53 47 0 35.9491 64.7259
53 48 0 54.2185 47.5667
53 49 0 56.8741 98.3513
53 50 0 87.7049 25.0026
53 51 0 9.00328 6.48634
53 52 0 84.4714 6.24165
53 54 1 12.2147 21.2397
53 55 1 78.2884 15.4347
53 56 0 89.2027 24.9389
53 57 0 72.8576 69.7941
53 58 0 41.8138 81.4818
53 59 0 70.686 13.8555
53 60 0 95.5409 66.7442
54 1 0 30.3571 51.6649
54 2 0 49.22 74.167
54 3 0 13.537 89.826
54 4 0 97.7627 92.4036
54 5 0 66.162 17.3321
54 6 0 9.92294 95.466
54 7 0 83.7292 64.9242
54 8 0 82.6714 19.3741
54 9 0 81.6142 94.1433
54 10 0 90.4036 83.7893
54 11 0 99.4351 24.9318
54 12 0 71.872 70.1487
54 13 0 90.3769 89.6665
54 14 0 30.3734 74.5566
54 15 0 80.7784 82.3987
54 16 1 35.8898 37.0987
54 17 0 71.865 82.3691
54 18 0 81.8481 43.5535
54 19 0 13.6806 3.33559
54 20 0 36.144 60.2686
54 21 0 99.5493 53.1975
54 22 0 85.9036 22.6151
54 23 0 32.1824 18.19
54 24 0 41.3641 99.642
54 25 0 33.8782 74.9459
54 26 0 98.1116 56.0804
54 27 0 82.4377 5.47127
54 28 0 86.6368 62.5448
54 29 0 30.1778 47.4151
54 30 0 52.8669 34.7411
54 31 0 56.6947 2.96215
54 32 0 36.0607 37.1863
54 33 0 9.83414 95.7471
54 34 0 94.9593 19.4941
54 35 0 63.7521 6.09386
54 36 0 64.3283 42.2495
54 37 1 36.3187 79.5004
54 38 0 75.6697 37.933
54 39 0 93.8741 26.7915
54 40 0 75.3696 15.9842
54 41 0 83.3685 24.9682
54 42 0 92.2999 55.6212
54 43 0 67.0299 31.3287
54 44 0 51.9959 91.5997
54 45 0 21.544 72.3686
54 46 0 31.2238 83.5444
54 47 0 77.5226 84.8027
54 48 0 41.2675 48.7133
54 49 0 61.9666 83.0068
54 50 0 28.3378 64.1384
54 51 0 19.601 88.1765
54 52 0 40.8413 99.8367
54 53 0 55.4775 40.0835
54 55 1 88.4562 16.254
54 56 0 21.0301 73.6758
54 57 0 38.2854 0.824903
54 58 0 27.3524 21.3031
54 59 0 65.2412 9.59528
54 60 0 8.73972 8.82672
55 1 0 17.3697 47.0019
55 2 0 89.3071 6.52169
55 3 0 41.5829 9.97799
55 4 0 62.5423 80.3183
55 5 0 85.2124 39.6357
55 6 0 84.6301 17.7807
55 7 0 85.1197 57.4385
55 8 0 6.94122 83.9553
55 9 0 64.1774 10.0828
55 10 0 40.7262 66.6667
55 11 0 77.5713 67.8166
55 12 0 33.4179 46.0781
55 13 0 72.2607 99.9589
55 14 0 5.14273 86.3579
55 15 0 56.8615 74.7193
55 16 0 90.6037 69.3504
55 17 0 13.499 18.9564
55 18 0 4.60581 43.7544
55 19 0 11.9674 76.0094
55 20 0 81.1016 27.6298
55 21 0 33.492 39.4284
55 22 0 98.5192 77.6016
55 23 0 85.1069 20.0287
55 24 0 61.085 74.1516
55 25 0 10.354 26.2688
55 26 0 95.2276 22.0688
55 27 0 73.7039 69.5613
55 28 0 11.7756 98.9513
55 29 0 94.7018 89.1568
55 30 0 53.2618 13.1128
55 31 0 49.1382 28.0935
55 32 0 42.657 31.8031
55 33 0 45.1966 68.4211
55 34 0 84.8124 34.2938
55 35 0 53.934 32.7379
55 36 1 3.72434 34.0029
55 37 0 30.7072 87.0706
55 38 0 20.226 59.0841
55 39 0 84.5912 54.2244
55 40 0 90.3443 16.6876
55 41 0 86.3322 49.9943
55 42 0 97.4516 0.0164544
55 43 0 79.9342 71.6037
55 44 0 90.0576 44.5133
55 45 0 69.5227 66.176
55 46 0 25.6195 25.0511
55 47 0 78.3712 90.3691
55 48 0 0.867605 18.8842
55 49 0 16.376 25.8549
55 50 0 29.4052 99.7501
55 51 0 64.4888 34.5939
55 52 0 84.8721 41.2363
55 53 0 68.4443 1.29805
55 54 0 39.6161 67.246
55 56 1 61.5503 67.423
55 57 0 68.4295 2.2787
55 58 0 58.8514 38.5555
55 59 0 35.2881 10.5681
55 60 0 65.029 92.0894
56 1 0 37.9334 54.0549
56 2 0 15.2105 18.3674
56 3 0 85.139 0.640277
56 4 0 46.5734 31.831
56 5 0 54.1376 95.041
56 6 0 17.1201 58.3156
56 7 0 30.3133 63.3794
56 8 0 76.4585 60.9456
56 9 0 18.9384 90.4864
56 10 0 63.5448 99.2855
56 11 0 84.483 70.3016
56 12 0 51.1507 3.89355
56 13 0 28.0979 67.7873
56 14 0 1.33815 43.6028
56 15 0 35.4275 52.8731
56 16 0 20.1157 93.1149
56 17 0 9.74889 13.7964
56 18 0 30.375 86.8739
56 19 0 72.5726 53.3208
56 20 0 71.8231 76.8525
56 21 0 66.1213 17.3991
56 22 0 15.4551 59.8096
56 23 0 87.77 75.8494
56 24 0 81.8329 63.3629
56 25 0 83.3319 62.5499
56 26 0 99.3675 94.7451
56 27 0 43.351 20.3957
56 28 0 23.0531 91.7449
56 29 0 43.6967 42.0046
56 30 1 30.9995 51.6623
56 31 0 76.6572 87.6029
56 32 0 26.8882 1.28033
56 33 0 76.2796 19.1995
56 34 0 26.6264 94.3973
56 35 0 10.6461 33.3489
56 36 0 15.6112 86.3105
56 37 1 52.4933 91.2565
56 38 0 73.706 34.9478
56 39 0 78.3961 58.8655
56 40 0 90.3454 91.0134
56 41 1 55.1199 66.0154
56 42 1 54.1706 93.2856
56 43 0 70.4487 87.4051
56 44 0 2.61533 53.1068
56 45 0 30.7809 43.8289
56 46 0 62.8206 38.8576
56 47 0 49.6181 83.6392
56 48 0 95.0392 49.7407
56 49 0 13.2685 61.1333
56 50 0 78.2741 20.9949
56 51 0 21.0765 65.6949
56 52 0 56.8463 17.9781
56 53 0 54.181 39.7823
56 54 0 31.1154 87.6222
56 55 0 8.23163 32.3128
56 57 1 43.2163 43.3465
56 58 0 38.4758 68.2123
56 59 0 6.50846 94.0945
56 60 0 73.5031 34.3984
57 1 0 53.6991 21.2759
57 2 0 66.5974 5.80675
57 3 0 55.8787 85.6187
57 4 0 25.6824 40.9664
57 5 0 75.8112 74.9319
57 6 0 29.4327 43.0613
57 7 0 35.68 92.6995
57 8 0 35.0067 58.3591
57 9 0 98.1558 83.3514
57 10 0 10.9318 65.7338
57 11 0 59.4085 81.2699
57 12 1 11.0201 92.2333
57 13 0 19.6523 1.20568
57 14 0 35.5551 80.9464
57 15 0 3.73185 98.1462
57 16 0 37.1193 18.4309
57 17 0 2.06623 45.6696
57 18 0 88.0888 16.415
57 19 0 32.9547 94.0446
57 20 0 98.7196 2.42789
57 21 1 21.284 84.9039
57 22 0 25.5966 36.9544
57 23 0 75.8631 5.53493
57 24 0 30.7596 98.1399
57 25 0 77.3784 77.271
57 26 0 39.7178 60.766
57 27 0 62.2678 74.2432
57 28 0 96.9083 1.03468
57 29 0 93.024 91.6418
57 30 0 59.0373 47.2413
57 31 0 74.3049 87.8071
57 32 0 97.6335 53.0281
57 33 0 88.5392 21.4742
57 34 0 20.2193 25.5547
57 35 0 53.5761 57.2125
57 36 0 94.7627 63.8122
57 37 0 23.9221 81.1408
57 38 0 8.36785 79.531
57 39 0 34.3367 3.20403
57 40 0 25.4057 44.1279
57 41 0 54.1762 7.42246
57 42 0 73.5185 76.5495
57 43 0 64.3843 24.3396
57 44 1 49.0241 14.7763
57 45 0 47.8862 71.8921
57 46 0 92.5731 16.3793
57 47 0 78.9416 49.2275
57 48 1 63.0889 37.8506
57 49 0 70.2262 69.7955
57 50 0 56.4639 67.8221
57 51 0 71.1647 65.4757
57 52 0 41.3814 78.7769
57 53 0 1.92552 50.1602
57 54 1 23.9853 97.1484
57 55 0 80.9413 57.4953
57 56 0 36.5037 40.4938
57 58 1 75.6888 89.8614
57 59 0 99.7152 54.7092
57 60 0 7.17606 47.6149
58 1 0 79.6049 74.0907
58 2 0 25.7584 72.5266
58 3 0 81.0569 56.0686
58 4 0 23.1772 70.5948
58 5 0 31.0184 98.3825
58 6 0 36.2468 10.5184
58 7 0 21.9362 23.4791
58 8 0 88.6296 3.6205
58 9 0 7.95746 41.7095
58 10 0 0.275075 73.7867
58 11 0 85.6804 45.3679
58 12 0 31.2295 11.2849
58 13 0 96.9496 4.34526
58 14 0 53.1921 4.06379
58 15 1 1.65564 54.4221
58 16 0 18.1044 97.8606
58 17 0 44.7416 73.9397
58 18 0 90.5726 37.9425
58 19 0 7.81902 73.7118
58 20 0 14.263 3.6913
58 21 0 58.2295 72.983
58 22 0 97.6078 1.6065
58 23 0 87.3248 86.7159
58 24 0 80.2107 23.2726
58 25 0 64.7164 30.8029
58 26 0 18.114 24.7928
58 27 0 38.8066 78.5222
58 28 0 12.5598 25.4725
58 29 0 12.8625 74.1501
58 30 0 1.57125 76.983
58 31 1 50.1302 37.2347
58 32 0 52.9276 41.8007
58 33 0 0.34519 0.168855
58 34 0 5.56913 53.9533
58 35 0 27.0796 25.5361
58 36 0 39.1364 61.0256
58 37 0 16.3385 75.5885
58 38 0 13.6381 99.9075
58 39 0 8.0803 84.7149
58 40 0 26.3826 93.2575
58 41 0 18.6985 33.8215
58 42 0 89.5454 24.6192
58 43 0 57.1623 24.4935
58 44 0 79.8598 41.1462
58 45 0 85.2926 28.4986
58 46 0 4.5151 23.2358
58 47 0 42.6084 44.9626
58 48 0 87.7483 98.8182
58 49 0 39.9718 33.1859
58 50 0 65.5911 41.5447
58 51 0 13.2274 86.807
58 52 0 89.4403 54.9043
58 53 0 25.5778 30.0513
58 54 0 28.8937 64.6163
58 55 0 0.475238 57.2991
58 56 0 7.51131 83.1543
58 57 0 22.3079 50.0474
58 59 1 90.0458 54.0593
58 60 0 52.76 83.6404
59 1 0 1.60692 96.8714
59 2 0 26.2802 67.1917
59 3 0 37.9139 13.8667
59 4 1 86.147 49.7752
59 5 0 49.4413 87.1099
59 6 0 75.5196 8.67993
59 7 0 24.0765 66.1532
59 8 0 75.4582 76.9421
59 9 0 19.3997 51.2842
59 10 0 41.0527 17.5434
59 11 0 97.4074 51.9073
59 12 1 3.10017 6.44858
59 13 0 65.3987 79.1545
59 14 0 72.7234 61.6268
59 15 0 26.4039 55.7358
59 16 0 55.3374 5.39622
59 17 0 67.9866 0.474623
59 18 0 43.3328 75.6191
59 19 0 6.21132 86.4406
59 20 0 59.4037 58.8135
59 21 0 93.151 38.8051
59 22 0 57.5139 39.68
59 23 0 6.62534 98.3064
59 24 0 0.415033 40.3769
59 25 1 81.3951 35.1397
59 26 0 69.1147 44.8699
59 27 0 94.4064 99.9013
59 28 0 24.7862 92.7077
59 29 0 51.0177 76.2743
59 30 0 38.4403 43.1943
59 31 0 56.179 86.7203
59 32 0 8.82349 66.0351
59 33 0 36.7608 49.2703
59 34 0 32.6294 16.0147
59 35 0 18.7288 81.306
59 36 0 16.4241 94.2405
59 37 1 33.2442 0.730466
59 38 0 14.841 18.1379
59 39 0 62.1975 10.3626
59 40 0 89.4496 37.1366
59 41 0 91.3868 47.4784
59 42 0 79.9717 73.2856
59 43 0 52.13 57.5891
59 44 0 59.3622 51.6926
59 45 0 83.9434 9.97954
59 46 0 9.17646 47.2524
59 47 0 19.422 47.5074
59 48 0 2.20778 3.24349
59 49 0 38.6095 31.5832
59 50 0 0.905111 14.874
59 51 0 47.679 66.5923
59 52 0 55.127 33.1751
59 53 0 12.1985 46.1982
59 54 0 38.0273 69.8994
59 55 0 41.2613 42.3499
59 56 0 10.6909 31.9154
59 57 0 61.6686 10.9434
59 58 0 60.4258 26.858
59 60 1 17.6643 57.0337
60 1 1 35.2251 65.6637
60 2 0 25.288 73.952
60 3 0 20.9085 21.5586
60 4 0 6.24428 73.4559
60 5 1 81.9295 57.5059
60 6 0 57.4217 35.7154
60 7 0 84.611 71.1339
60 8 0 0.937415 46.6775
60 9 0 78.961 25.873
60 10 0 12.0853 6.80202
60 11 0 55.825 26.1831
60 12 0 38.1604 7.66763
60 13 0 63.5166 69.8462
60 14 0 6.90258 43.7766
60 15 0 86.5476 54.0494
60 16 0 16.8996 18.274
60 17 0 31.2804 19.929
60 18 0 28.618 1.25624
60 19 0 18.8903 48.4512
60 20 0 18.2774 13.3526
60 21 0 35.6948 52.7622
60 22 0 29.6877 10.3901
60 23 0 0.648995 17.7311
60 24 0 30.777 59.633
60 25 0 91.1427 57.5009
60 26 0 29.8395 25.8086
60 27 0 94.4916 4.56917
60 28 0 72.6438 17.1087
60 29 1 11.6928 26.4764
60 30 0 19.947 45.039
60 31 0 7.66719 89.7508
60 32 0 72.7013 33.7758
60 33 1 18.8616 67.6455
60 34 0 37.549 68.1952
60 35 0 2.85748 67.5916
60 36 0 34.7054 12.8385
60 37 0 77.9015 56.2736
60 38 0 54.1978 8.89778
60 39 0 49.9615 94.0014
60 40 0 97.4022 6.18483
60 41 0 93.6206 70.1758
60 42 0 20.3394 81.6558
60 43 0 65.6853 64.4378
60 44 0 96.3652 39.7953
60 45 0 91.7486 38.695
60 46 0 87.7814 50.0752
60 47 0 76.5235 91.0889
60 48 0 53.0498 95.0023
60 49 0 42.7043 77.4234
60 50 0 23.6839 4.29178
60 51 0 24.8979 55.6849
60 52 0 95.7355 41.046
60 53 0 31.209 8.75633
60 54 0 43.7253 87.4384
60 55 0 95.7634 2.40573
60 56 0 34.4989 90.0953
60 57 0 17.5494 65.2445
60 58 0 62.4072 37.3565
60 59 0 49.3451 64.678
15.025 23.7447 10.2574 22.3735 37.8591 8.48835 38.849 13.6734 26.4768 30.0786 8.23465 19.6195 24.7491 23.6325 3.51921 10.2456 27.3148 16.8369 14.2174 3.4787 12.369 28.959 19.7324 9.94818 4.50822 9.70858 17.4181 24.3669 39.1446 25.4655 34.8805 12.1417 34.2946 32.88 36.8681 29.2901 28.8175 6.88047 24.7765 16.5722 9.61841 33.846 31.5244 30.9103 17.231 21.923 0.578644 39.0286 9.29243 20.3644 6.54006 17.4069 23.6117 23.8146 37.2739 30.4449 37.838 5.27278 13.9814 13.8168 