60
300
5
50
1 2 1 69.5087 79.7926
1 3 0 33.9375 17.5094
1 4 0 59.4571 33.4904
1 5 0 82.4464 42.724
1 6 0 9.79691 49.5036
1 7 1 56.7343 22.1344
1 8 0 23.9874 73.0458
1 9 0 23.1054 24.8303
1 10 0 28.1623 3.73564
1 11 0 55.7072 75.7175
1 12 0 55.3545 36.6183
1 13 1 0.819907 83.7247
1 14 0 31.1462 53.0084
1 15 0 80.5141 32.231
1 16 0 43.9081 23.0048
1 17 0 48.1464 55.9446
1 18 0 25.5884 86.6081
1 19 0 75.7153 8.10814
1 20 0 72.5331 90.4173
1 21 1 88.2522 17.1712
1 22 0 78.0935 35.0522
1 23 0 85.5522 81.3686
1 24 0 56.8748 62.8164
1 25 0 0.430069 73.8933
1 26 0 84.7129 84.9382
1 27 0 64.9976 62.8525
1 28 0 95.3574 59.0007
1 29 1 65.9683 82.8073
1 30 0 86.5863 46.8292
1 31 0 52.1726 87.318
1 32 0 29.4023 27.6633
1 33 0 70.3831 8.41459
1 34 0 43.8873 62.2029
1 35 0 20.9158 65.1433
1 36 0 94.4853 36.5096
1 37 0 17.4973 59.2341
1 38 0 79.1746 17.6176
1 39 0 28.0074 39.5228
1 40 0 72.8973 22.4123
1 41 0 76.0753 45.4428
1 42 0 5.66222 88.1137
1 43 0 2.3597 44.0257
1 44 0 76.8877 69.5332
1 45 0 73.0953 37.0322
1 46 0 51.584 28.5103
1 47 0 67.3406 0.867082
1 48 0 77.4458 53.1489
1 49 0 65.4788 57.9498
1 50 0 64.4623 73.0666
1 51 0 51.5974 24.2177
1 52 0 41.1782 10.589
1 53 0 82.0145 32.5459
1 54 0 40.3594 37.0349
1 55 0 16.8831 70.9193
1 56 0 31.5964 14.7838
1 57 0 14.1825 12.9623
1 58 0 94.9346 13.0296
1 59 0 29.2099 88.962
1 60 0 93.4659 45.0181
2 1 0 74.7996 20.0044
2 3 1 8.70265 99.6661
2 4 0 28.9358 29.0208
2 5 0 33.0929 40.8715
2 6 0 34.9966 41.6125
2 7 0 70.3522 40.5048
2 8 0 81.8571 61.005
2 9 1 52.0227 51.5645
2 10 0 32.4081 55.0566
2 11 0 7.82187 82.7497
2 12 0 55.8532 74.5726
2 13 0 80.174 8.24399
2 14 0 39.8753 10.8795
2 15 1 44.7502 81.7045
2 16 0 72.7255 91.0956
2 17 0 90.9462 66.6364
2 18 0 92.3955 57.5851
2 19 0 79.3984 73.8507
2 20 0 75.8615 43.6145
2 21 1 17.7873 63.8541
2 22 0 16.1442 43.8822
2 23 1 88.5677 13.9786
2 24 0 98.1737 85.169
2 25 0 64.1592 26.3186
2 26 0 97.5744 37.128
2 27 0 39.253 0.411164
2 28 0 5.0422 27.1246
2 29 0 12.9535 61.7029
2 30 0 87.1424 29.2589
2 31 0 30.9554 88.7809
2 32 0 24.1452 36.0394
2 33 0 23.614 40.2872
2 34 0 35.8894 95.6643
2 35 0 62.2363 6.90293
2 36 0 64.6183 28.5585
2 37 0 24.4346 57.12
2 38 0 92.6543 27.3967
2 39 0 48.1418 94.5285
2 40 0 31.3782 53.5407
2 41 0 90.66 37.6385
2 42 0 74.5394 8.0891
2 43 0 79.067 58.9981
2 44 0 19.7661 13.8256
2 45 0 97.1993 62.5207
2 46 0 71.8579 54.501
2 47 0 5.28435 28.7409
2 48 0 50.4729 80.3126
2 49 0 88.1889 42.5141
2 50 0 1.21017 69.266
2 51 0 32.466 10.425
2 52 0 67.7533 83.2508
2 53 0 82.4964 96.6605
2 54 1 14.1541 36.2426
2 55 0 98.1887 21.908
2 56 1 42.0278 56.761
2 57 0 82.796 73.9529
2 58 1 89.7011 56.195
2 59 0 98.0217 35.5777
2 60 0 97.2734 96.5453
3 1 0 51.7964 58.9633
3 2 0 53.6561 16.3512
3 4 1 59.2695 54.6047
3 5 0 15.1352 27.0558
3 6 0 5.74149 66.2127
3 7 0 11.2128 80.5157
3 8 0 20.5391 40.5715
3 9 0 83.1394 48.9743
3 10 1 90.8402 81.8709
3 11 0 29.4659 88.6035
3 12 0 57.9363 15.1081
3 13 0 23.9183 25.9724
3 14 0 74.2176 91.2954
3 15 0 34.0708 72.8375
3 16 0 61.5471 14.6324
3 17 0 77.427 99.8386
3 18 0 8.29943 41.6427
3 19 0 22.111 85.0566
3 20 0 74.2492 85.4859
3 21 0 6.88822 78.3602
3 22 0 8.2829 58.2468
3 23 0 52.1827 90.4946
3 24 0 40.1238 52.7935
3 25 0 16.2641 54.1642
3 26 0 57.607 92.3182
3 27 0 6.8944 21.0136
3 28 0 33.9994 38.9406
3 29 0 70.3972 53.9129
3 30 0 60.4041 58.9063
3 31 0 66.2085 83.4905
3 32 0 21.3774 90.2751
3 33 0 8.47014 25.0939
3 34 0 53.0479 87.3875
3 35 0 28.5254 0.111686
3 36 0 40.5787 6.21137
3 37 0 26.6167 61.6753
3 38 0 84.9617 39.7785
3 39 0 56.7001 89.7202
3 40 0 31.0676 40.6341
3 41 0 63.0139 43.082
3 42 0 15.9026 76.1943
3 43 0 47.7082 77.1453
3 44 0 83.2015 71.037
3 45 0 57.6145 46.5785
3 46 0 25.8979 98.9922
3 47 0 37.4515 55.0035
3 48 0 40.8031 27.5133
3 49 1 74.4268 36.9903
3 50 0 29.3599 27.0579
3 51 0 66.5912 12.6341
3 52 0 27.1297 77.0605
3 53 0 53.4404 19.441
3 54 0 60.7296 45.409
3 55 0 19.7315 28.6037
3 56 0 68.6496 61.7179
3 57 0 36.0106 17.2999
3 58 1 72.0547 42.9203
3 59 0 33.4872 97.3149
3 60 0 76.4469 42.267
4 1 0 65.5744 38.3873
4 2 0 97.78 59.9245
4 3 1 42.7227 45.6148
4 5 1 10.7175 81.2764
4 6 0 80.1992 80.5224
4 7 0 28.7594 77.1038
4 8 1 19.0121 45.5313
4 9 0 82.9308 99.8334
4 10 0 40.328 75.1773
4 11 0 75.0721 81.5109
4 12 0 56.9785 95.2839
4 13 0 92.0541 62.2116
4 14 0 27.0566 99.5716
4 15 0 30.0687 12.9136
4 16 0 62.9164 34.1075
4 17 0 38.1231 7.11016
4 18 0 69.3196 10.7261
4 19 0 43.8817 45.4744
4 20 0 44.2065 54.1925
4 21 0 39.0292 0.207966
4 22 0 86.5346 25.6648
4 23 0 48.0053 6.33867
4 24 0 94.3143 31.9525
4 25 0 2.82817 69.7229
4 26 0 51.3216 45.4233
4 27 0 5.57881 53.3266
4 28 0 54.2679 60.2942
4 29 0 65.4233 52.3841
4 30 0 94.3289 52.916
4 31 0 69.5927 94.8852
4 32 0 86.7162 58.5799
4 33 0 82.9462 15.5876
4 34 0 96.2735 70.0642
4 35 0 30.9389 97.3938
4 36 0 22.7461 18.7523
4 37 0 74.5886 44.5859
4 38 0 62.3023 97.0447
4 39 0 68.5776 69.0196
4 40 0 17.5546 73.646
4 41 0 88.9209 75.372
4 42 0 51.3448 38.9713
4 43 0 95.3595 70.9585
4 44 0 12.2839 45.9424
4 45 0 10.7641 25.5559
4 46 0 28.927 36.9056
4 47 1 55.3267 41.7449
4 48 1 94.8131 5.47218
4 49 0 56.0319 48.3202
4 50 0 79.7588 13.9936
4 51 1 12.9329 68.7674
4 52 0 95.3564 65.0104
4 53 0 5.99739 17.8875
4 54 0 7.03248 48.3571
4 55 0 93.152 75.7999
4 56 0 16.9549 98.6536
4 57 1 92.4295 17.9476
4 58 0 31.6428 25.6418
4 59 0 15.015 30.9452
4 60 0 92.2906 55.4855
5 1 0 67.0792 30.1181
5 2 0 93.5499 97.1856
5 3 0 26.9029 78.3123
5 4 0 60.8807 36.567
5 6 1 36.6155 42.0894
5 7 0 40.7427 64.2978
5 8 0 13.2192 0.0967241
5 9 0 79.8433 63.9517
5 10 0 53.6855 97.9847
5 11 0 98.0754 39.3717
5 12 0 35.7359 70.4626
5 13 0 68.8383 75.8256
5 14 0 90.4945 50.5312
5 15 0 62.3572 36.3207
5 16 0 38.1695 40.6579
5 17 0 34.4906 90.6228
5 18 0 76.9648 51.6318
5 19 0 53.8597 95.1116
5 20 0 83.1911 37.3232
5 21 0 76.9925 41.0084
5 22 0 60.5292 27.804
5 23 0 51.9025 57.0534
5 24 1 37.9161 97.279
5 25 0 24.9865 16.4318
5 26 0 76.4324 94.2915
5 27 0 85.5425 40.1399
5 28 0 41.517 68.4315
5 29 0 64.9032 1.59804
5 30 0 23.9918 28.1383
5 31 0 64.6891 66.0641
5 32 0 25.4052 47.1058
5 33 0 74.8818 61.2037
5 34 0 98.8647 95.0732
5 35 0 92.0912 15.5216
5 36 0 20.1092 69.7255
5 37 0 15.2775 28.4186
5 38 0 27.8293 93.8326
5 39 0 95.2721 60.6205
5 40 0 28.2553 86.8603
5 41 0 91.3893 95.9913
5 42 0 92.6776 31.8793
5 43 0 67.0484 77.2236
5 44 0 57.0489 31.2069
5 45 0 19.2251 38.3252
5 46 0 31.6363 70.9256
5 47 0 0.415294 1.89435
5 48 0 43.9814 7.90705
5 49 0 63.0948 71.5819
5 50 0 11.7746 34.4827
5 51 0 76.5926 30.9836
5 52 0 29.404 89.1971
5 53 1 4.84126 1.79496
5 54 0 86.7466 50.3526
5 55 0 93.6161 67.9503
5 56 0 81.7978 44.8764
5 57 0 9.44163 29.0314
5 58 0 20.787 6.09998
5 59 0 22.5969 52.6492
5 60 1 84.4596 65.8451
6 1 0 32.1448 59.1609
6 2 0 86.0152 34.7918
6 3 0 33.523 39.3114
6 4 0 21.0915 36.0525
6 5 0 90.0178 71.1592
6 7 1 38.8784 20.4225
6 8 0 22.1375 12.2167
6 9 0 28.5139 25.564
6 10 0 9.26361 82.4201
6 11 0 49.4039 90.2575
6 12 0 76.7757 22.3936
6 13 1 66.2765 36.5155
6 14 0 75.6969 71.6489
6 15 0 31.8598 2.81596
6 16 0 45.2631 69.6297
6 17 0 7.85823 68.4081
6 18 0 65.6226 38.0874
6 19 0 73.2683 73.0631
6 20 0 25.5513 54.2095
6 21 0 34.4823 98.4808
6 22 0 48.6976 46.2964
6 23 0 18.399 16.9208
6 24 0 19.8826 3.65416
6 25 0 36.6121 76.7585
6 26 0 98.3402 36.3949
6 27 0 29.0589 46.0147
6 28 0 63.0848 55.6435
6 29 0 81.3024 92.598
6 30 0 20.334 37.6061
6 31 0 24.3197 3.77801
6 32 0 31.8655 49.0314
6 33 0 56.7879 37.4479
6 34 0 37.9855 25.8233
6 35 0 41.0622 45.5414
6 36 0 5.82052 12.0132
6 37 0 93.5701 21.4164
6 38 0 57.3583 32.2854
6 39 0 86.7676 96.8666
6 40 0 85.4373 14.4105
6 41 0 4.46729 48.8905
6 42 0 71.7039 27.9429
6 43 0 48.1747 7.53009
6 44 0 3.91246 76.7228
6 45 0 33.5926 70.6209
6 46 0 24.8044 91.3586
6 47 0 80.456 97.9256
6 48 1 27.2317 94.2022
6 49 0 42.8689 21.7354
6 50 0 54.5411 99.0875
6 51 0 13.7567 70.7926
6 52 0 11.4913 96.7044
6 53 0 52.9833 10.85
6 54 0 87.2804 53.6978
6 55 0 81.7953 6.18777
6 56 0 50.839 6.29666
6 57 0 29.9892 31.6779
6 58 0 16.589 64.3852
6 59 0 56.7695 20.4746
6 60 1 63.1525 55.3186
7 1 0 10.7366 37.7734
7 2 0 75.9463 36.0568
7 3 0 31.8532 35.5987
7 4 0 75.6323 16.7696
7 5 0 36.7741 1.062
7 6 0 41.3008 34.1817
7 8 1 29.2938 63.7772
7 9 0 79.0575 41.0208
7 10 0 82.642 40.8093
7 11 0 40.0791 8.97731
7 12 0 2.82945 62.3172
7 13 0 56.8161 94.8549
7 14 0 21.5736 90.0168
7 15 0 50.9835 16.547
7 16 0 8.91766 26.6619
7 17 0 66.5902 0.358879
7 18 0 67.4262 6.36274
7 19 0 80.2943 29.9337
7 20 0 25.059 87.6704
7 21 0 64.3831 15.7319
7 22 0 87.5679 5.34686
7 23 0 39.0448 57.3132
7 24 0 23.4223 34.7576
7 25 0 51.2276 46.2026
7 26 0 93.2675 58.2051
7 27 0 27.3317 58.8112
7 28 0 54.9317 47.0539
7 29 0 48.422 93.6336
7 30 0 17.0846 10.7616
7 31 1 18.8208 12.1936
7 32 1 85.1665 28.9175
7 33 0 10.3655 66.9141
7 34 0 54.2177 83.8786
7 35 0 3.57324 14.5425
7 36 0 40.0354 7.70474
7 37 0 72.8767 19.7398
7 38 1 49.2618 36.9066
7 39 0 55.3769 39.4114
7 40 0 27.8844 4.26708
7 41 0 82.3826 17.9901
7 42 0 66.6998 33.1301
7 43 0 5.73662 38.6377
7 44 0 53.596 27.7546
7 45 0 75.8474 64.69
7 46 0 63.297 48.04
7 47 0 36.9727 35.9977
7 48 0 32.4246 68.1637
7 49 0 62.5015 54.2792
7 50 0 68.6133 88.9572
7 51 0 7.7663 25.6222
7 52 0 46.8127 34.3725
7 53 0 34.7573 15.6789
7 54 0 83.2524 0.548324
7 55 0 64.3784 44.9527
7 56 0 46.9817 87.2284
7 57 0 70.5049 25.6806
7 58 0 90.9929 7.40311
7 59 0 75.2236 18.0702
7 60 0 45.4078 48.4802
8 1 0 21.3658 12.7122
8 2 0 98.1616 69.8589
8 3 0 42.8343 37.4064
8 4 0 60.4278 54.7279
8 5 0 13.0176 5.38027
8 6 0 29.0936 71.4524
8 7 0 12.3892 23.4426
8 9 1 59.79 24.7442
8 10 1 8.59847 29.9325
8 11 1 25.9607 22.4225
8 12 0 67.0235 67.7698
8 13 0 20.6715 11.8287
8 14 0 70.9896 17.0716
8 15 0 37.618 41.2837
8 16 0 87.7157 81.7296
8 17 0 0.289931 69.6835
8 18 0 58.8393 75.3275
8 19 1 12.1726 10.7156
8 20 0 84.4169 67.9973
8 21 0 1.48008 98.1953
8 22 0 3.28411 40.5032
8 23 0 28.1262 15.9121
8 24 0 94.7096 30.514
8 25 1 44.5056 6.68142
8 26 0 90.3535 73.7158
8 27 0 94.1395 97.0306
8 28 0 7.84195 12.8675
8 29 0 18.0443 37.575
8 30 0 18.7242 63.9361
8 31 0 64.9062 98.067
8 32 0 44.0289 26.4891
8 33 0 99.6498 17.7053
8 34 0 22.6493 74.0969
8 35 0 39.1133 71.8288
8 36 0 7.44298 17.1329
8 37 0 96.1364 35.8671
8 38 0 73.0467 0.554238
8 39 0 38.2502 5.97552
8 40 0 74.0326 76.2877
8 41 0 6.42397 52.224
8 42 0 65.7975 80.4866
8 43 0 34.9796 27.8534
8 44 0 95.4099 48.113
8 45 0 58.5296 55.1221
8 46 0 95.9936 15.0785
8 47 0 53.7154 2.53713
8 48 0 17.8108 46.0337
8 49 0 78.1356 30.5859
8 50 0 15.4135 45.8098
8 51 0 14.446 48.6393
8 52 0 22.1671 6.00656
8 53 0 98.2135 88.7453
8 54 0 3.40919 26.2633
8 55 0 37.2542 33.1889
8 56 0 8.15456 24.0286
8 57 0 18.3131 94.6033
8 58 0 48.524 65.7593
8 59 0 93.1718 73.5832
8 60 0 45.7524 18.935
9 1 0 63.0811 5.40062
9 2 0 25.8263 65.7832
9 3 0 70.3656 21.8015
9 4 1 36.9493 8.70841
9 5 1 31.675 26.0648
9 6 0 23.5942 91.6889
9 7 0 8.52451 13.3355
9 8 0 60.9837 66.4959
9 10 1 67.6941 80.8141
9 11 0 88.4934 43.0019
9 12 0 15.0219 48.0552
9 13 0 63.0457 52.9223
9 14 0 1.06504 94.9987
9 15 0 84.949 22.2361
9 16 0 60.3371 96.9074
9 17 0 76.1219 30.9424
9 18 0 95.2306 97.4679
9 19 0 36.1485 96.8017
9 20 0 68.9355 46.3113
9 21 1 59.4496 42.4378
9 22 0 53.7858 43.0188
9 23 1 47.0904 13.8512
9 24 0 92.3023 62.0345
9 25 0 24.3943 95.1845
9 26 0 12.1722 62.8805
9 27 0 63.9115 85.5793
9 28 0 86.9126 57.3819
9 29 0 3.88849 35.2137
9 30 0 86.811 75.858
9 31 0 33.3871 41.6193
9 32 0 99.6556 96.7467
9 33 0 71.4754 13.7865
9 34 0 65.151 22.0448
9 35 0 94.1235 53.4061
9 36 0 45.4583 52.2619
9 37 0 94.7166 10.427
9 38 0 50.7619 27.9808
9 39 0 76.9605 76.6659
9 40 0 77.8393 6.37027
9 41 0 10.8958 80.0664
9 42 0 73.0466 43.5677
9 43 0 35.1829 65.0954
9 44 0 18.2165 9.39323
9 45 0 52.9834 37.3888
9 46 0 73.8032 41.1677
9 47 0 69.2648 22.7509
9 48 0 98.3382 31.9439
9 49 0 87.1065 15.9218
9 50 0 61.0124 41.0053
9 51 0 92.753 75.884
9 52 0 68.8713 19.1277
9 53 0 71.1313 98.2971
9 54 0 45.3938 6.65573
9 55 0 55.5167 79.6902
9 56 0 0.0278027 52.9079
9 57 0 40.3584 50.5704
9 58 0 80.7238 79.567
9 59 0 42.1504 8.91769
9 60 0 67.3653 13.1736
10 1 0 24.4071 43.2755
10 2 0 20.2459 17.418
10 3 0 1.43612 31.1547
10 4 0 6.76253 45.7254
10 5 0 77.9185 31.803
10 6 0 26.3663 45.3342
10 7 0 0.193934 54.6206
10 8 0 54.2959 81.475
10 9 0 65.9491 64.4504
10 11 1 74.4003 17.2076
10 12 0 55.2669 25.1061
10 13 0 68.7902 93.9679
10 14 1 33.441 58.3057
10 15 1 35.3476 83.2416
10 16 0 34.0938 20.903
10 17 0 57.215 40.0227
10 18 0 94.1831 41.5652
10 19 0 69.6896 91.0171
10 20 1 83.9089 23.72
10 21 0 53.8433 82.623
10 22 0 92.1035 98.2423
10 23 0 46.8773 61.6953
10 24 0 67.2796 6.43861
10 25 0 56.152 45.6915
10 26 0 97.0751 76.3507
10 27 0 4.2088 43.6806
10 28 0 36.4468 57.793
10 29 1 12.7823 53.6264
10 30 0 37.3111 26.395
10 31 0 73.1583 3.99752
10 32 0 66.7336 62.1783
10 33 0 43.049 9.23773
10 34 0 91.8066 58.5186
10 35 0 41.6277 41.0667
10 36 0 17.6602 22.6656
10 37 0 14.2097 22.4373
10 38 0 70.7193 20.4816
10 39 0 9.56665 58.6312
10 40 0 38.1608 70.1298
10 41 0 57.7847 40.4201
10 42 0 3.00146 14.6402
10 43 0 37.7205 37.3648
10 44 0 4.31476 53.3751
10 45 0 56.6117 8.66407
10 46 0 18.2352 70.2071
10 47 0 1.4275 78.2376
10 48 0 78.6276 11.4801
10 49 0 87.0585 79.6188
10 50 0 37.3746 23.9321
10 51 0 80.0751 34.5285
10 52 0 93.4 12.2448
10 53 0 14.2614 26.0973
10 54 0 91.9385 17.0923
10 55 0 14.874 42.3219
10 56 0 86.7728 71.2632
10 57 0 73.6065 82.0625
10 58 0 22.7553 3.35335
10 59 0 79.9332 69.5282
10 60 0 32.2315 30.5343
11 1 0 32.8258 57.3901
11 2 0 65.937 10.4884
11 3 0 47.5348 67.6915
11 4 0 36.6004 13.3038
11 5 0 3.69681 47.5464
11 6 0 40.0425 17.0709
11 7 0 94.1655 33.4763
11 8 0 45.6066 8.93535
11 9 0 43.7179 78.9958
11 10 0 90.5516 17.1068
11 12 1 60.9273 7.55976
11 13 0 54.7792 77.9501
11 14 0 24.7229 44.2686
11 15 0 5.83162 22.7313
11 16 0 44.41 14.1108
11 17 0 7.80483 13.8987
11 18 0 50.8786 94.1904
11 19 0 21.6431 86.3184
11 20 0 37.6066 72.0642
11 21 0 98.2254 3.77476
11 22 0 16.9784 70.3968
11 23 0 74.5219 59.398
11 24 0 9.33574 60.4135
11 25 0 26.8191 32.163
11 26 0 12.8124 2.88439
11 27 0 46.196 97.1826
11 28 1 93.9148 59.7911
11 29 0 74.2076 64.3578
11 30 0 50.8422 17.3442
11 31 0 48.6968 56.9209
11 32 0 63.7045 80.5315
11 33 0 70.0274 70.4028
11 34 0 9.53537 60.0602
11 35 0 55.3254 15.9988
11 36 0 78.462 7.32055
11 37 0 12.0703 59.2311
11 38 0 85.4927 36.4806
11 39 0 17.0113 60.9846
11 40 1 64.0121 6.58702
11 41 0 52.0609 37.0184
11 42 0 66.5279 65.2195
11 43 0 67.8386 92.2537
11 44 0 71.2088 26.3475
11 45 0 87.076 91.2675
11 46 0 51.4332 5.51478
11 47 0 47.0858 20.5307
11 48 1 34.9528 21.0395
11 49 0 80.8202 62.3755
11 50 0 20.7697 44.3164
11 51 0 47.7479 82.0214
11 52 0 17.4655 90.1928
11 53 0 38.1374 17.641
11 54 0 99.3949 7.98697
11 55 1 30.39 25.4836
11 56 1 31.8443 86.8678
11 57 0 3.19318 78.7772
11 58 0 72.3266 29.8674
11 59 0 8.57777 1.39112
11 60 0 5.03323 54.0333
12 1 0 57.1797 98.8266
12 2 0 93.7987 37.6876
12 3 0 46.6477 39.6173
12 4 0 70.4437 16.5638
12 5 0 48.3102 36.9346
12 6 0 8.803 3.22156
12 7 0 50.8137 41.0759
12 8 0 7.53956 35.9095
12 9 0 23.8331 83.996
12 10 0 11.3567 25.3033
12 11 1 75.5371 51.7984
12 13 1 51.9792 80.0456
12 14 0 62.9046 67.9907
12 15 0 75.989 15.3099
12 16 1 56.1949 57.2795
12 17 0 74.9997 67.8447
12 18 0 18.4001 29.7377
12 19 0 68.0381 19.6683
12 20 0 6.64891 45.5589
12 21 1 37.5956 40.7345
12 22 0 13.9379 25.1424
12 23 0 10.72 26.5353
12 24 0 79.3393 99.7468
12 25 1 62.91 9.44943
12 26 0 44.5172 93.3727
12 27 0 90.4529 87.2042
12 28 0 0.848178 76.4543
12 29 0 89.5992 97.4167
12 30 0 49.0377 33.675
12 31 0 13.9539 61.073
12 32 0 85.644 9.17717
12 33 0 50.1224 59.2939
12 34 0 16.2221 93.9098
12 35 0 58.9869 96.8988
12 36 0 56.8225 65.2061
12 37 0 88.4669 44.7674
12 38 0 5.98015 5.91484
12 39 1 25.6415 21.0106
12 40 0 93.5747 9.81769
12 41 0 89.9831 75.3438
12 42 0 42.7623 41.0523
12 43 0 75.8553 10.7396
12 44 0 0.315006 85.3851
12 45 0 76.9742 0.680731
12 46 0 56.602 65.208
12 47 0 62.3873 4.18811
12 48 0 54.2916 55.2483
12 49 0 94.3064 50.7116
12 50 0 15.6774 78.2305
12 51 0 0.290859 44.7569
12 52 0 9.72879 89.5136
12 53 0 18.6793 72.3411
12 54 0 33.29 7.83724
12 55 0 63.3937 47.2997
12 56 0 83.725 95.7744
12 57 0 86.7137 19.137
12 58 0 25.1915 57.9631
12 59 0 54.7195 66.646
12 60 0 55.3599 42.5729
13 1 0 47.6983 99.0754
13 2 0 8.29706 35.5688
13 3 0 12.9224 67.5361
13 4 0 48.6955 45.1956
13 5 0 41.044 28.9646
13 6 0 17.2402 23.3301
13 7 0 28.3547 34.4555
13 8 0 70.0996 95.759
13 9 0 41.9476 11.8065
13 10 1 54.5042 59.7788
13 11 0 65.7191 52.5285
13 12 0 92.3373 13.905
13 14 1 42.4831 66.6455
13 15 0 12.7321 21.6934
13 16 0 96.6795 31.7995
13 17 0 33.8272 18.5014
13 18 0 57.5034 75.9793
13 19 0 5.29759 68.2096
13 20 0 6.28635 13.1862
13 21 0 27.2444 17.9299
13 22 0 98.1108 59.2594
13 23 0 54.2554 54.0992
13 24 0 88.3308 37.8779
13 25 0 68.2523 87.1289
13 26 1 75.8172 3.03247
13 27 0 11.7811 48.5044
13 28 0 1.81046 47.2667
13 29 0 5.42047 37.5866
13 30 0 9.41783 58.2716
13 31 1 54.1149 23.0162
13 32 0 8.61941 16.8981
13 33 1 85.5094 76.1125
13 34 0 86.8804 72.7387
13 35 0 27.4874 39.3377
13 36 0 56.2834 86.6491
13 37 0 79.5329 70.2327
13 38 0 43.4452 80.5561
13 39 0 77.2814 0.638363
13 40 0 78.6252 0.864972
13 41 0 53.2414 48.4359
13 42 0 6.53845 17.2361
13 43 0 91.6599 44.5534
13 44 0 60.0415 0.532801
13 45 0 36.5654 62.0283
13 46 0 42.4563 72.1476
13 47 0 28.6407 76.2566
13 48 0 50.3922 9.72073
13 49 0 94.3357 70.1298
13 50 0 48.7686 86.2155
13 51 0 93.03 72.5642
13 52 0 72.2122 58.5609
13 53 0 7.00654 11.8246
13 54 0 18.0622 84.6412
13 55 0 52.3383 49.8496
13 56 0 90.1419 8.82728
13 57 0 66.4996 49.2204
13 58 0 59.0337 21.342
13 59 0 17.4483 20.6257
13 60 0 35.9505 48.3893
14 1 0 11.942 31.9658
14 2 0 78.3368 55.6589
14 3 0 97.6929 32.7458
14 4 0 54.6444 37.7227
14 5 0 24.7646 44.343
14 6 0 69.2437 41.4402
14 7 0 17.4616 2.09141
14 8 0 95.3769 84.8127
14 9 0 15.3378 0.376114
14 10 0 68.8254 65.0277
14 11 0 79.8985 11.5047
14 12 0 42.868 26.1082
14 13 0 9.37234 43.7754
14 15 1 44.3741 35.8508
14 16 0 65.4102 6.51763
14 17 0 60.1874 95.2539
14 18 1 71.2389 41.7844
14 19 0 87.57 12.9449
14 20 0 81.5436 14.7305
14 21 0 69.0538 20.5133
14 22 0 40.9584 78.8466
14 23 0 83.9103 23.2372
14 24 0 12.5051 34.875
14 25 0 51.2398 44.849
14 26 0 20.2167 15.9419
14 27 0 27.6497 60.0727
14 28 0 0.804275 47.3885
14 29 0 8.56543 74.9829
14 30 0 81.0714 22.3727
14 31 0 89.2892 6.92989
14 32 0 88.1128 77.5509
14 33 0 75.1214 33.616
14 34 0 64.1339 80.4718
14 35 0 60.3336 72.619
14 36 0 26.6996 92.4076
14 37 0 34.9142 2.5109
14 38 0 99.0124 50.356
14 39 0 83.1406 84.2517
14 40 0 34.0816 20.0538
14 41 1 53.9644 49.1386
14 42 0 66.2682 88.0462
14 43 0 2.64408 7.47542
14 44 0 2.84867 42.7418
14 45 0 79.998 2.87502
14 46 0 88.3665 88.1196
14 47 0 66.1686 89.8654
14 48 0 63.3355 43.3576
14 49 0 11.1335 75.8804
14 50 0 1.38293 61.0409
14 51 0 25.8633 31.8313
14 52 0 48.4617 15.1173
14 53 0 82.5073 67.1059
14 54 0 31.6948 19.1239
14 55 0 94.0161 35.0173
14 56 0 2.19856 70.6327
14 57 0 22.6748 65.2912
14 58 0 95.6732 33.7864
14 59 0 30.445 68.5725
14 60 0 20.9788 74.3607
15 1 0 39.319 89.1178
15 2 0 86.4631 10.7561
15 3 1 81.3947 48.1055
15 4 0 13.9142 35.3775
15 5 0 9.70819 2.90847
15 6 0 12.5794 22.4516
15 7 0 66.376 95.1534
15 8 0 18.2006 97.5845
15 9 0 54.049 50.2764
15 10 0 27.8672 25.8693
15 11 0 95.0326 8.83655
15 12 0 73.1787 67.4645
15 13 0 2.47842 61.9284
15 14 0 88.5919 16.1105
15 16 1 72.932 6.19864
15 17 0 90.6453 59.9178
15 18 0 99.7622 70.387
15 19 0 45.2271 82.5867
15 20 0 68.9689 84.6394
15 21 0 55.0784 21.0716
15 22 0 3.13508 80.1751
15 23 0 59.1229 77.1339
15 24 0 39.1084 69.3292
15 25 0 42.3593 1.01654
15 26 0 67.4858 68.9776
15 27 0 19.3148 10.9665
15 28 0 67.4625 68.6556
15 29 0 68.7703 28.4685
15 30 0 2.40013 54.7877
15 31 0 74.9128 94.9991
15 32 0 3.03036 88.2209
15 33 0 0.951974 59.5805
15 34 0 24.5754 8.99631
15 35 0 64.7512 32.6488
15 36 0 97.1745 36.6075
15 37 1 87.4791 73.176
15 38 0 32.9512 31.1096
15 39 0 55.9785 99.2699
15 40 1 38.9988 28.8723
15 41 0 35.6703 11.9773
15 42 0 95.451 78.7048
15 43 0 2.427 47.7795
15 44 0 38.1873 94.3876
15 45 0 47.9395 73.0039
15 46 0 12.1089 29.3099
15 47 0 82.2541 90.2374
15 48 0 10.2021 76.3132
15 49 0 78.3647 30.0001
15 50 0 83.7372 2.72563
15 51 0 74.8786 13.6015
15 52 0 99.8349 97.5709
15 53 0 24.9862 2.67687
15 54 0 13.7377 26.7444
15 55 0 45.2383 17.4768
15 56 0 61.0818 94.9839
15 57 0 20.0303 45.343
15 58 0 22.6532 23.1128
15 59 0 64.2337 6.2586
15 60 0 88.6967 58.6715
16 1 0 59.0144 17.9048
16 2 0 60.3996 3.83592
16 3 0 35.6868 50.6045
16 4 0 18.7156 57.4176
16 5 0 23.1037 94.5367
16 6 0 69.0081 70.3202
16 7 0 61.6232 99.7012
16 8 0 57.5518 51.7606
16 9 0 25.6832 45.6724
16 10 1 91.2181 71.3928
16 11 0 31.1827 31.3329
16 12 1 14.8847 92.7278
16 13 0 75.8222 2.81955
16 14 1 95.0087 40.0265
16 15 0 52.4706 89.1963
16 17 1 18.7786 20.649
16 18 0 87.6343 94.1362
16 19 0 11.2766 95.1348
16 20 0 83.9015 5.63229
16 21 0 1.53418 53.2067
16 22 0 72.9387 29.5397
16 23 0 84.8884 60.4347
16 24 0 42.3402 95.2257
16 25 0 11.4636 61.9742
16 26 0 11.4704 69.0888
16 27 0 16.7388 40.5713
16 28 0 59.6124 84.4401
16 29 0 3.20547 96.5904
16 30 1 52.7733 75.6104
16 31 0 37.69 93.1493
16 32 0 80.328 96.9538
16 33 0 32.2545 11.9121
16 34 0 12.3839 2.76482
16 35 0 28.5665 2.44448
16 36 0 46.9617 72.3191
16 37 1 72.2186 79.5622
16 38 0 42.6946 47.9987
16 39 0 89.0115 14.3479
16 40 0 64.4203 92.4527
16 41 0 55.7317 44.6052
16 42 0 35.5535 25.9797
16 43 0 72.6161 25.5194
16 44 0 16.8833 89.3962
16 45 0 17.3541 85.0957
16 46 0 21.9892 70.4344
16 47 0 6.31933 26.8946
16 48 0 77.6277 82.5595
16 49 0 1.26137 85.0001
16 50 0 92.5533 1.37023
16 51 0 65.3625 67.7139
16 52 0 92.4108 91.4261
16 53 0 57.0754 91.6145
16 54 0 74.3906 53.0535
16 55 0 67.5862 6.0288
16 56 0 32.3414 0.0316282
16 57 1 69.356 66.3653
16 58 0 8.89529 1.12769
16 59 0 92.2159 96.873
16 60 0 55.4607 91.1808
17 1 0 48.9526 69.7827
17 2 0 38.3541 29.5024
17 3 0 87.4563 78.1085
17 4 0 68.3816 76.1852
17 5 0 76.5059 17.0811
17 6 0 72.0698 79.1309
17 7 0 19.6095 37.3159
17 8 0 83.2965 75.9106
17 9 0 82.5782 81.6679
17 10 0 39.1597 29.8383
17 11 0 12.8745 97.9899
17 12 0 84.6017 79.4072
17 13 0 81.9116 97.8558
17 14 0 57.7864 91.8081
17 15 0 28.7511 67.8544
17 16 0 7.04697 44.1695
17 18 1 73.6588 34.821
17 19 1 64.0185 61.6882
17 20 0 66.6482 83.5323
17 21 0 87.8691 33.6526
17 22 0 65.2997 82.4833
17 23 0 18.9642 89.6914
17 24 1 58.4423 77.1584
17 25 0 70.2013 92.88
17 26 0 91.3387 47.5002
17 27 0 15.1335 68.5056
17 28 0 67.5305 36.6595
17 29 0 31.974 12.639
17 30 0 34.5506 74.4149
17 31 0 46.6513 66.8315
17 32 0 44.1444 1.07508
17 33 0 58.343 56.6163
17 34 0 13.7323 16.832
17 35 0 70.8202 93.1158
17 36 0 98.8186 18.8904
17 37 0 19.8051 68.2457
17 38 0 68.3295 26.5853
17 39 0 74.2689 47.3451
17 40 0 29.5424 90.4207
17 41 0 27.0381 66.4626
17 42 0 82.7016 99.4439
17 43 0 96.7793 77.3099
17 44 0 99.907 36.3967
17 45 0 0.747834 68.9532
17 46 0 77.2926 28.1489
17 47 0 15.9971 99.0832
17 48 0 72.4006 41.6761
17 49 0 78.8377 77.6087
17 50 0 78.0609 50.1382
17 51 0 37.858 37.2355
17 52 1 16.1937 72.5123
17 53 1 79.8677 10.9375
17 54 0 38.208 97.2733
17 55 0 0.877741 5.23641
17 56 0 35.2138 17.6829
17 57 0 20.6437 94.4769
17 58 0 68.8438 50.2629
17 59 0 34.3607 13.3236
17 60 0 36.5991 95.6215
18 1 0 26.6075 38.0165
18 2 0 5.36168 17.3779
18 3 0 18.9123 13.5442
18 4 0 93.0262 98.4481
18 5 0 45.0271 63.13
18 6 0 70.0621 47.1716
18 7 0 91.9152 10.2019
18 8 0 50.6124 6.6617
18 9 1 58.7962 23.6446
18 10 0 33.014 98.7519
18 11 0 18.339 95.9787
18 12 0 52.1887 17.6845
18 13 0 26.0113 15.5859
18 14 0 25.648 51.4843
18 15 0 67.1232 44.1422
18 16 0 57.7842 35.5594
18 17 0 72.1579 29.3381
18 19 1 23.5096 85.1425
18 20 0 36.4605 92.3167
18 21 0 40.1987 72.7271
18 22 0 86.8258 85.0899
18 23 0 85.1251 15.7167
18 24 0 93.2661 95.6397
18 25 0 51.254 58.1773
18 26 0 66.0301 72.9574
18 27 0 90.7096 54.6559
18 28 0 44.9141 31.5748
18 29 0 43.1278 42.6846
18 30 0 57.355 8.34644
18 31 0 56.9772 44.0511
18 32 0 64.1605 88.7174
18 33 0 81.5713 63.0201
18 34 0 13.8346 14.5634
18 35 0 67.111 89.5568
18 36 0 97.4308 78.0096
18 37 1 59.5666 78.599
18 38 0 70.3528 19.2109
18 39 0 48.2449 24.8765
18 40 0 56.4475 67.6604
18 41 0 45.4317 78.8506
18 42 0 83.0587 10.6675
18 43 0 42.9397 99.3838
18 44 0 67.2853 68.1655
18 45 1 52.124 44.3664
18 46 0 70.9346 92.7636
18 47 0 92.5661 50.0538
18 48 0 19.9728 80.4718
18 49 0 27.9259 66.9021
18 50 0 40.429 2.25296
18 51 0 21.8298 18.8358
18 52 0 8.17904 89.1178
18 53 0 83.8714 20.491
18 54 0 90.9918 17.5369
18 55 0 66.6572 35.8965
18 56 0 90.5946 72.5216
18 57 0 87.4803 56.5671
18 58 0 23.5167 64.5479
18 59 0 19.8899 7.58114
18 60 0 54.1252 2.86147
19 1 0 49.5541 96.7048
19 2 0 58.2234 12.7366
19 3 0 61.2217 16.185
19 4 0 84.8214 8.73785
19 5 0 99.3338 4.67192
19 6 1 48.0327 25.6389
19 7 0 31.9615 54.2578
19 8 0 57.8985 22.4717
19 9 0 76.9416 2.6325
19 10 0 61.1948 20.9532
19 11 0 57.2249 38.3774
19 12 0 14.1904 23.3245
19 13 0 87.6095 10.5224
19 14 0 64.1102 22.9013
19 15 0 70.0864 23.0157
19 16 0 38.5772 87.8508
19 17 0 72.9431 43.0558
19 18 0 15.7577 31.023
19 20 1 74.8034 13.436
19 21 0 29.9069 24.4962
19 22 0 24.5139 8.40675
19 23 0 3.96319 65.9827
19 24 0 66.5811 77.6579
19 25 0 6.01322 92.6228
19 26 0 3.74489 42.5978
19 27 0 1.33459 9.19042
19 28 1 81.902 79.7956
19 29 0 7.62924 83.2913
19 30 0 81.4844 99.5339
19 31 0 13.9484 1.8803
19 32 0 92.256 49.5907
19 33 0 24.5675 66.4068
19 34 0 31.6656 25.2964
19 35 0 80.1639 65.7244
19 36 1 36.0021 43.1067
19 37 0 90.1066 85.4997
19 38 0 46.3538 1.58481
19 39 0 52.8584 8.61718
19 40 0 22.6298 93.1983
19 41 0 10.2835 51.7097
19 42 0 65.6516 40.6963
19 43 0 40.4356 41.2405
19 44 0 52.2241 77.7896
19 45 0 42.1505 56.9436
19 46 0 98.9642 16.541
19 47 0 67.3373 7.72095
19 48 0 83.1787 54.7017
19 49 1 56.3094 30.7914
19 50 0 60.1114 63.4049
19 51 0 48.1264 5.37899
19 52 1 20.8116 70.6947
19 53 0 9.40465 46.3751
19 54 0 74.8607 65.4991
19 55 0 37.7336 28.6054
19 56 0 84.8216 35.8261
19 57 0 78.4361 57.1006
19 58 0 34.4497 87.145
19 59 0 95.9084 28.5979
19 60 0 18.9004 62.3397
20 1 0 70.132 23.4717
20 2 0 35.8513 29.433
20 3 0 14.3338 85.4867
20 4 0 92.7755 95.9473
20 5 0 78.1526 60.0657
20 6 0 13.4774 75.1603
20 7 0 21.97 14.6062
20 8 0 23.4233 26.0445
20 9 0 31.8328 93.4818
20 10 0 35.5289 71.2127
20 11 0 68.0622 20.1979
20 12 0 10.7705 71.6878
20 13 0 8.27331 90.8203
20 14 0 31.514 57.9753
20 15 0 59.3069 25.3285
20 16 0 42.6041 58.2589
20 17 0 74.6244 63.524
20 18 0 49.528 92.1974
20 19 0 67.3928 12.9567
20 21 1 65.0725 69.5629
20 22 0 68.0452 58.7382
20 23 0 73.3034 90.3402
20 24 0 98.0065 92.1764
20 25 0 11.6446 57.1643
20 26 0 23.7333 99.9421
20 27 0 13.3551 60.9156
20 28 0 14.1508 57.4408
20 29 0 65.1838 0.611597
20 30 0 34.6685 45.2404
20 31 0 71.6443 65.7817
20 32 0 37.0184 48.5477
20 33 0 48.7781 28.9964
20 34 0 94.8874 85.0206
20 35 0 8.90289 43.4303
20 36 0 85.3341 9.49096
20 37 1 31.6483 25.1198
20 38 0 10.0138 48.2234
20 39 0 16.8461 2.55502
20 40 1 45.0329 93.7724
20 41 0 56.3838 33.0432
20 42 0 1.83921 81.7713
20 43 1 21.4264 80.476
20 44 0 30.906 83.3689
20 45 0 88.114 72.8059
20 46 0 32.0436 90.374
20 47 0 44.9653 26.1242
20 48 0 51.6005 90.7509
20 49 0 95.9526 69.0248
20 50 0 76.2388 41.2566
20 51 0 98.7474 60.9634
20 52 0 38.7587 2.25917
20 53 0 16.5367 92.1625
20 54 0 57.9492 12.1753
20 55 0 50.3249 12.5121
20 56 0 3.22059 61.1998
20 57 0 30.4588 36.8304
20 58 0 99.7768 43.0193
20 59 0 34.748 63.1425
20 60 1 32.0614 47.7573
21 1 0 22.9559 50.5023
21 2 0 32.889 72.5994
21 3 0 11.554 73.6508
21 4 0 32.1091 9.44052
21 5 0 38.8696 34.4921
21 6 0 9.23556 3.47524
21 7 0 46.0487 70.8943
21 8 0 20.4143 30.4256
21 9 0 38.2281 42.2871
21 10 0 54.5009 8.42466
21 11 0 63.9574 93.7774
21 12 0 54.9264 74.6592
21 13 0 14.4917 66.8625
21 14 0 43.7529 15.8804
21 15 0 31.6272 45.8317
21 16 1 10.8797 33.1835
21 17 0 80.9848 96.8152
21 18 0 75.9573 80.7437
21 19 0 56.6808 49.2711
21 20 0 75.3353 9.89854
21 22 1 91.8292 69.8574
21 23 0 50.1443 55.8468
21 24 0 60.9115 16.9594
21 25 0 46.8 52.2753
21 26 0 16.779 64.7236
21 27 0 21.9953 93.2772
21 28 0 87.8764 45.3939
21 29 0 49.2071 90.7903
21 30 0 56.6417 91.4626
21 31 0 41.5551 55.0148
21 32 0 11.5367 11.5245
21 33 0 55.9421 60.4515
21 34 0 79.575 43.7439
21 35 0 19.0694 7.52612
21 36 0 58.5961 91.5143
21 37 0 39.7167 34.079
21 38 0 25.4069 12.3455
21 39 0 10.7535 19.0761
21 40 0 89.3352 16.7644
21 41 0 88.7349 92.6879
21 42 0 7.64584 43.8435
21 43 0 96.8603 12.4088
21 44 0 28.5332 90.883
21 45 1 76.1999 20.4821
21 46 0 17.3632 71.2494
21 47 1 87.5467 65.7888
21 48 0 3.62922 69.016
21 49 0 40.095 26.9051
21 50 1 36.2173 53.7462
21 51 1 73.9818 66.0034
21 52 0 11.9497 94.5106
21 53 0 7.18199 90.447
21 54 0 96.3099 48.6912
21 55 0 80.8415 12.1414
21 56 0 28.3537 88.6794
21 57 0 3.62779 48.6632
21 58 1 39.625 81.6831
21 59 0 77.1659 0.182879
21 60 0 72.2407 8.14217
22 1 0 58.6123 70.7648
22 2 0 17.2093 38.8859
22 3 0 49.5279 56.2458
22 4 1 66.9864 12.891
22 5 0 74.1008 9.2428
22 6 0 13.2801 55.2776
22 7 0 17.0296 72.3394
22 8 0 15.7468 59.4555
22 9 0 93.0574 12.5183
22 10 0 45.1204 8.66729
22 11 0 41.1488 71.1106
22 12 0 19.2056 51.3648
22 13 0 41.1565 6.24574
22 14 0 86.16 16.0026
22 15 0 41.3069 89.4699
22 16 1 11.8727 84.2068
22 17 1 96.6157 15.3714
22 18 0 4.08011 82.8791
22 19 0 53.2547 3.35893
22 20 0 57.5313 92.7622
22 21 0 98.4421 34.4142
22 23 1 97.066 49.4631
22 24 0 2.25721 63.1353
22 25 0 10.254 72.1599
22 26 0 48.0215 23.9079
22 27 0 56.7878 19.5139
22 28 0 45.1301 99.4185
22 29 0 76.2948 79.1041
22 30 0 90.7487 43.2149
22 31 0 54.3331 94.9825
22 32 0 1.79361 38.8796
22 33 0 39.7093 87.932
22 34 0 51.2579 47.9267
22 35 0 39.2566 99.2604
22 36 0 39.5165 56.9978
22 37 0 87.0365 8.03033
22 38 0 44.6059 57.5831
22 39 0 23.0614 47.6212
22 40 0 36.9851 46.9999
22 41 0 27.9383 24.6743
22 42 0 4.34981 34.9226
22 43 0 18.9089 22.2263
22 44 0 91.9564 15.1082
22 45 0 31.7483 53.4618
22 46 0 4.76325 56.4957
22 47 0 87.5854 20.13
22 48 0 15.0199 43.3782
22 49 0 55.9882 51.0253
22 50 0 93.6494 26.6908
22 51 0 43.4472 55.317
22 52 0 91.2744 44.0133
22 53 0 63.2452 43.1837
22 54 0 61.729 34.7253
22 55 1 86.3177 23.6995
22 56 0 2.5191 17.0888
22 57 0 65.0764 54.3255
22 58 0 9.07091 0.178161
22 59 0 19.7718 46.9004
22 60 0 47.6791 1.22658
23 1 0 73.6044 66.6655
23 2 0 79.381 58.9361
23 3 0 74.3266 30.7332
23 4 0 60.362 17.6181
23 5 0 54.8345 72.946
23 6 0 18.8174 44.0552
23 7 0 33.1743 94.3517
23 8 0 17.4652 81.4068
23 9 0 14.9851 32.4089
23 10 0 63.558 77.1161
23 11 0 17.4659 8.32569
23 12 0 60.1323 70.1803
23 13 0 73.299 27.1272
23 14 0 99.814 19.6882
23 15 0 8.75467 33.5833
23 16 0 50.112 9.10838
23 17 0 54.0124 93.0217
23 18 0 35.5656 22.7002
23 19 0 26.2749 31.4436
23 20 0 2.98016 55.9226
23 21 0 18.3089 2.97892
23 22 0 75.261 10.421
23 24 1 78.8724 47.1714
23 25 0 4.89081 93.148
23 26 0 37.9687 91.0612
23 27 0 23.2464 18.5226
23 28 0 39.7291 13.2988
23 29 0 24.8772 11.599
23 30 0 11.646 47.0395
23 31 0 93.5963 37.9793
23 32 0 57.9523 4.26248
23 33 0 69.9127 96.3779
23 34 0 14.1091 28.6296
23 35 0 43.9088 61.2372
23 36 1 38.5399 19.2826
23 37 0 34.8233 67.8084
23 38 0 22.3758 45.6626
23 39 0 74.4597 3.95244
23 40 0 43.182 34.1452
23 41 0 62.7405 56.3538
23 42 0 75.9431 51.143
23 43 0 88.4904 28.3763
23 44 0 39.1422 79.4839
23 45 0 98.1807 61.9713
23 46 0 60.2751 85.082
23 47 0 11.8488 19.8584
23 48 0 44.4408 73.3598
23 49 0 4.46232 13.4292
23 50 0 63.8439 24.2689
23 51 0 81.3733 64.8811
23 52 0 19.3754 68.9144
23 53 0 51.1378 15.3584
23 54 0 81.0227 20.3915
23 55 0 4.57332 88.5631
23 56 0 71.932 39.5577
23 57 0 36.6701 71.6745
23 58 0 23.3254 82.891
23 59 0 30.4121 77.8193
23 60 0 6.66111 84.4644
24 1 0 44.3197 90.6996
24 2 0 91.4781 9.66221
24 3 1 16.2504 87.8219
24 4 0 9.17406 1.41616
24 5 0 70.0889 78.8152
24 6 0 97.3993 75.2218
24 7 0 8.98002 5.96876
24 8 0 0.0603978 1.03727
24 9 0 16.2914 87.2103
24 10 0 36.348 16.9533
24 11 0 80.5906 92.8021
24 12 0 21.0329 33.9283
24 13 0 50.243 33.3221
24 14 0 33.9454 77.8793
24 15 0 73.7705 87.3833
24 16 0 92.6626 21.9838
24 17 0 35.1244 19.4311
24 18 0 7.13615 69.4473
24 19 0 28.2257 92.9257
24 20 0 58.1228 65.1382
24 21 0 20.9435 78.4782
24 22 0 26.1449 42.904
24 23 1 70.311 68.3604
24 25 1 90.4923 43.697
24 26 0 95.6664 47.4599
24 27 0 96.6692 23.4231
24 28 0 18.4658 42.466
24 29 0 15.5475 89.2757
24 30 0 52.1013 40.7204
24 31 0 17.5855 96.2349
24 32 0 90.763 77.8949
24 33 0 65.5896 47.5982
24 34 0 61.2234 56.2256
24 35 0 27.2768 38.7326
24 36 0 79.3858 1.44541
24 37 0 37.2658 60.1786
24 38 0 64.4799 52.305
24 39 0 47.7815 15.7269
24 40 0 60.7759 81.3807
24 41 0 63.9094 2.94556
24 42 0 99.3143 25.0475
24 43 0 72.0431 28.8492
24 44 0 46.6571 22.2809
24 45 0 83.4435 83.7387
24 46 0 82.1235 33.4323
24 47 0 33.9868 16.9006
24 48 0 59.6208 93.707
24 49 0 29.4786 34.699
24 50 0 45.1425 33.9401
24 51 0 94.6769 64.1996
24 52 0 55.3038 85.6949
24 53 0 47.9813 83.6343
24 54 0 75.8928 0.747558
24 55 0 40.6614 96.8897
24 56 0 14.7011 26.7952
24 57 0 53.433 24.9671
24 58 0 45.639 60.2547
24 59 0 91.6133 72.9854
24 60 0 81.9508 80.4022
25 1 0 16.2829 74.0851
25 2 0 40.6189 46.1044
25 3 0 65.3721 53.5492
25 4 0 46.6984 21.4665
25 5 0 96.8892 26.69
25 6 1 60.5415 9.73491
25 7 0 62.5361 32.9113
25 8 0 0.249128 61.283
25 9 0 89.7909 43.3716
25 10 0 66.8423 95.8628
25 11 0 31.8248 66.051
25 12 1 66.4939 58.6697
25 13 0 56.7677 61.6641
25 14 0 10.1162 19.5991
25 15 0 40.3993 63.0548
25 16 0 92.8661 83.4535
25 17 0 17.464 21.2436
25 18 0 61.4323 89.1094
25 19 1 33.9216 19.331
25 20 0 94.2492 37.6946
25 21 0 44.1688 87.2033
25 22 0 87.0888 2.62517
25 23 0 4.27312 40.7265
25 24 0 99.1606 2.49362
25 26 1 93.3741 15.1002
25 27 0 65.8533 49.5787
25 28 0 46.8112 55.7697
25 29 0 11.1473 18.7221
25 30 0 91.0521 3.2607
25 31 0 90.3845 50.8455
25 32 0 39.1835 65.8591
25 33 0 12.4571 87.0444
25 34 0 31.3795 91.8403
25 35 0 32.1538 2.63947
25 36 0 59.542 9.12507
25 37 0 46.4409 90.7414
25 38 0 55.6215 44.8403
25 39 0 4.92633 75.9576
25 40 0 36.6511 18.9835
25 41 0 93.1278 92.456
25 42 1 95.8396 97.0293
25 43 0 9.7228 91.0936
25 44 0 85.1704 64.7137
25 45 0 52.9563 61.7461
25 46 0 48.625 65.01
25 47 0 55.3612 28.0365
25 48 0 41.6566 62.4238
25 49 0 25.4738 9.16069
25 50 1 24.7412 81.9716
25 51 0 87.0148 66.8732
25 52 0 10.9029 11.475
25 53 0 12.0254 56.849
25 54 0 77.7149 55.9597
25 55 0 55.8294 93.2081
25 56 0 63.6624 18.369
25 57 0 19.8187 48.7541
25 58 0 22.7928 94.8589
25 59 1 58.2609 10.2152
25 60 0 56.0654 68.8136
26 1 0 47.7213 79.4809
26 2 0 80.03 76.7435
26 3 0 24.7809 34.4415
26 4 0 1.6929 61.5256
26 5 0 52.8584 90.5722
26 6 0 45.0039 32.5515
26 7 0 0.918763 60.9877
26 8 0 33.2325 23.45
26 9 0 21.9564 14.6274
26 10 0 69.8836 22.883
26 11 0 36.833 93.5107
26 12 0 15.4873 75.8759
26 13 0 38.6628 30.1246
26 14 0 57.5168 21.9944
26 15 0 52.605 14.1135
26 16 0 37.8331 34.5817
26 17 0 78.2409 4.73157
26 18 0 52.28 10.7075
26 19 1 27.2504 13.673
26 20 0 72.9314 42.06
26 21 0 20.2234 86.4467
26 22 0 99.7859 59.704
26 23 0 94.3686 12.1493
26 24 0 22.771 6.29925
26 25 0 40.9218 47.0744
26 27 1 16.946 49.6947
26 28 0 96.1591 57.0592
26 29 0 84.0227 93.7278
26 30 0 16.7169 5.87741
26 31 0 33.8449 42.8159
26 32 0 61.9885 93.3115
26 33 0 21.7231 18.0741
26 34 0 11.0848 47.0672
26 35 0 54.636 82.8664
26 36 0 32.2698 79.4291
26 37 0 78.1797 79.3318
26 38 1 38.2986 10.3515
26 39 0 98.1578 15.6318
26 40 0 2.63486 26.3378
26 41 0 57.8427 8.68035
26 42 0 94.016 22.9819
26 43 0 31.6962 96.498
26 44 0 15.2614 44.7322
26 45 0 99.0943 71.9364
26 46 0 4.30316 28.094
26 47 0 23.2174 7.20604
26 48 0 68.8746 11.8465
26 49 0 72.6174 41.4585
26 50 0 82.0988 11.7009
26 51 0 17.6681 62.1873
26 52 0 48.2167 17.6245
26 53 0 58.9309 92.688
26 54 0 72.4814 56.1865
26 55 0 51.8259 19.3238
26 56 0 84.2329 57.593
26 57 0 38.1733 35.516
26 58 1 47.9803 2.32301
26 59 0 82.3328 30.9027
26 60 0 27.8107 18.9562
27 1 0 1.67888 83.6836
27 2 0 23.2506 32.3562
27 3 0 93.6169 72.5479
27 4 0 94.5988 0.371177
27 5 0 94.2894 33.7797
27 6 0 11.7332 61.9446
27 7 0 0.294191 76.2323
27 8 0 49.8374 81.5981
27 9 0 71.2305 93.9169
27 10 0 18.8107 88.78
27 11 0 1.73144 24.7321
27 12 0 1.56191 4.23566
27 13 1 4.77046 70.6796
27 14 0 29.4397 2.02174
27 15 0 44.005 79.9945
27 16 0 61.4481 77.0894
27 17 0 66.5617 74.7362
27 18 0 91.6318 3.4438
27 19 1 72.0778 66.1176
27 20 0 13.7129 65.2269
27 21 0 37.3992 63.6764
27 22 1 81.0019 82.7819
27 23 0 98.8426 91.7842
27 24 0 69.1456 32.881
27 25 0 78.6163 67.052
27 26 0 34.1494 35.7222
27 28 1 17.4197 43.7738
27 29 0 79.2635 25.5549
27 30 0 29.1694 38.3778
27 31 0 75.4705 8.46027
27 32 1 66.5763 15.7769
27 33 0 89.1319 36.5641
27 34 0 75.4244 28.7071
27 35 0 38.4139 35.9567
27 36 0 14.76 63.4782
27 37 0 53.0019 15.4159
27 38 0 72.3346 71.5115
27 39 0 24.8202 39.2672
27 40 0 30.1878 96.8359
27 41 0 37.3558 17.769
27 42 0 2.69139 28.3848
27 43 0 77.0685 78.1908
27 44 0 19.1583 29.6172
27 45 0 4.21876 92.4021
27 46 0 89.9551 56.0436
27 47 0 11.4547 30.9921
27 48 0 79.3123 22.9584
27 49 0 0.0498218 5.90624
27 50 0 11.9251 72.6266
27 51 0 41.2598 99.4986
27 52 0 75.0688 43.5246
27 53 0 25.4207 81.8008
27 54 0 41.1227 94.339
27 55 0 11.3318 44.9896
27 56 0 92.3848 54.2751
27 57 0 40.5322 37.3378
27 58 0 93.6799 53.1337
27 59 0 70.806 73.3485
27 60 0 90.107 63.5558
28 1 0 46.4414 17.9092
28 2 0 32.0519 39.8817
28 3 0 49.4038 0.157374
28 4 0 51.0786 64.1477
28 5 0 22.2413 17.196
28 6 0 88.4453 13.0648
28 7 0 82.1674 0.00946596
28 8 1 71.7999 8.19077
28 9 0 3.60458 21.0465
28 10 0 71.2052 24.9476
28 11 0 75.5381 30.2312
28 12 0 53.3819 37.1887
28 13 0 44.4645 69.0043
28 14 0 87.7828 59.0944
28 15 0 12.6 70.5116
28 16 0 78.7602 45.3488
28 17 0 53.9393 88.7293
28 18 0 92.5356 80.2555
28 19 0 36.7885 2.33968
28 20 0 88.7137 2.40387
28 21 0 14.7426 82.2182
28 22 0 78.9141 45.5301
28 23 0 9.10521 7.97314
28 24 0 13.3662 1.84219
28 25 0 85.9087 40.627
28 26 0 90.4907 68.1172
28 27 0 2.67662 68.021
28 29 1 67.3359 58.7989
28 30 0 22.3902 76.808
28 31 0 5.02842 76.1171
28 32 0 68.9228 78.6878
28 33 0 85.6326 6.46649
28 34 0 71.784 58.6286
28 35 0 3.25726 31.319
28 36 0 11.7453 24.2082
28 37 0 53 44.4552
28 38 0 78.5628 69.5876
28 39 0 67.0984 12.3584
28 40 0 74.3072 26.4697
28 41 0 9.33471 2.00493
28 42 0 22.695 70.5496
28 43 0 81.794 88.061
28 44 0 68.1487 4.49851
28 45 1 31.5555 96.0114
28 46 0 65.7169 24.6795
28 47 0 21.2472 82.2902
28 48 0 45.872 17.4136
28 49 0 46.1543 64.6656
28 50 0 29.334 62.2993
28 51 0 0.873964 43.0282
28 52 0 82.3484 26.5097
28 53 1 90.2256 83.0369
28 54 0 73.2363 71.2009
28 55 0 53.203 60.8531
28 56 0 31.2177 18.8363
28 57 0 97.4619 61.7507
28 58 0 48.4316 7.22092
28 59 0 4.2648 58.37
28 60 0 55.889 25.3619
29 1 0 57.5498 5.01902
29 2 0 29.5278 85.5428
29 3 0 38.7452 86.7982
29 4 0 36.0467 27.6943
29 5 0 54.5489 58.6315
29 6 0 93.1554 27.3552
29 7 0 75.68 71.9269
29 8 0 27.2025 15.6969
29 9 0 89.2693 73.8229
29 10 1 34.203 95.9592
29 11 0 1.92484 18.2871
29 12 0 42.12 85.4888
29 13 0 49.4825 58.5989
29 14 0 97.6059 75.1044
29 15 0 90.3729 6.24969
29 16 0 34.5518 19.3626
29 17 0 87.9765 61.9217
29 18 0 62.8591 18.0264
29 19 0 51.3595 27.8192
29 20 0 57.5959 79.7641
29 21 0 62.824 38.4993
29 22 0 43.6238 80.5503
29 23 0 11.166 53.0877
29 24 0 26.659 61.4632
29 25 0 85.8651 41.7454
29 26 1 44.8276 80.9606
29 27 0 16.7845 19.6941
29 28 0 67.0078 81.5102
29 30 1 85.5046 54.8888
29 31 0 65.4063 93.0077
29 32 0 27.9891 61.9645
29 33 1 25.4397 3.61854
29 34 0 32.1056 28.2788
29 35 0 12.0324 58.6346
29 36 0 28.3111 13.1539
29 37 0 83.0115 34.9261
29 38 0 10.7476 72.5499
29 39 0 33.9521 10.1825
29 40 0 37.3555 41.4044
29 41 0 72.5813 16.719
29 42 0 49.822 15.2153
29 43 0 66.368 24.2236
29 44 0 62.981 51.6732
29 45 0 25.2711 98.9947
29 46 0 99.1097 81.8628
29 47 0 46.2999 73.5285
29 48 0 82.8658 51.5635
29 49 0 40.8605 76.3019
29 50 0 13.2581 77.9037
29 51 0 34.9599 48.9684
29 52 0 50.128 5.84467
29 53 1 21.4316 81.2432
29 54 1 65.5518 96.3708
29 55 0 32.454 37.962
29 56 0 63.0779 45.5655
29 57 0 85.6252 51.6504
29 58 0 1.70318 46.1801
29 59 0 27.9236 29.6758
29 60 0 54.1794 54.1984
30 1 0 20.6867 80.4672
30 2 0 72.6772 80.653
30 3 1 2.10558 24.9554
30 4 0 7.63689 12.6838
30 5 0 83.0443 41.2395
30 6 0 36.3118 75.8882
30 7 0 18.996 11.091
30 8 1 6.86247 27.8679
30 9 0 33.4095 24.2669
30 10 0 2.57775 9.34803
30 11 0 42.3712 70.0796
30 12 0 92.7271 40.5014
30 13 0 80.9704 50.8913
30 14 0 13.526 62.0056
30 15 0 64.3612 36.3944
30 16 1 24.2586 25.3794
30 17 0 25.1437 12.5865
30 18 1 53.2557 12.3139
30 19 0 68.7099 23.7587
30 20 0 21.5644 42.0214
30 21 0 79.8131 60.3811
30 22 0 78.5093 4.76504
30 23 0 36.2649 41.2971
30 24 0 36.6145 78.4419
30 25 0 82.5968 26.0135
30 26 0 13.8773 76.4781
30 27 0 6.05642 25.5919
30 28 0 62.8544 3.54086
30 29 0 90.3338 10.6871
30 31 1 37.5881 43.3867
30 32 0 74.6408 18.8873
30 33 0 47.4813 3.85991
30 34 0 88.5596 0.467668
30 35 0 54.8193 1.62794
30 36 1 26.5811 50.0865
30 37 0 57.4598 83.412
30 38 0 76.2854 52.0345
30 39 1 69.732 37.6145
30 40 0 18.1922 7.37094
30 41 1 24.9755 54.2253
30 42 0 40.6174 38.7056
30 43 0 18.7883 57.8405
30 44 1 70.8833 12.7937
30 45 0 71.221 67.8603
30 46 0 8.85523 71.0541
30 47 1 19.0435 64.3486
30 48 0 11.1566 41.585
30 49 0 42.7181 72.1652
30 50 0 0.901167 43.6988
30 51 0 86.2677 20.6147
30 52 1 13.6852 80.1518
30 53 0 12.2192 39.4124
30 54 0 53.9235 61.0085
30 55 0 69.0174 72.8036
30 56 0 29.9295 71.0302
30 57 0 32.6971 53.0766
30 58 0 64.746 26.8137
30 59 0 10.5703 5.5496
30 60 0 77.5037 11.7778
31 1 0 37.5124 60.0884
31 2 0 86.7026 97.5315
31 3 0 12.8801 6.83953
31 4 0 76.4549 25.5654
31 5 0 36.0426 4.00171
31 6 0 4.53426 56.7557
31 7 1 67.4904 69.153
31 8 0 48.1746 6.75602
31 9 0 34.7685 19.7769
31 10 0 18.4238 89.8249
31 11 0 10.5509 58.0523
31 12 0 69.8599 4.88909
31 13 0 3.47712 27.8934
31 14 0 48.9356 90.4699
31 15 0 70.6388 5.86725
31 16 0 40.6495 93.2634
31 17 0 92.9357 11.5212
31 18 0 45.9201 93.7196
31 19 0 92.0769 0.768155
31 20 1 26.595 3.23898
31 21 0 74.755 53.1208
31 22 0 75.6789 48.48
31 23 0 18.1364 5.83336
31 24 0 86.883 24.541
31 25 0 40.2256 5.69277
31 26 0 68.7773 36.5431
31 27 0 10.9271 86.058
31 28 0 42.4847 56.9056
31 29 0 51.4742 10.8463
31 30 0 65.2033 10.385
31 32 1 96.0665 9.81851
31 33 0 0.0463683 81.1838
31 34 0 70.2632 87.3217
31 35 0 11.6178 33.8289
31 36 0 60.0593 56.9931
31 37 0 41.5109 62.8964
31 38 0 16.0016 58.7446
31 39 0 95.6502 8.48441
31 40 0 73.3424 95.8546
31 41 0 22.562 35.7084
31 42 0 28.6123 48.8983
31 43 0 39.9469 48.9342
31 44 0 76.8199 33.0492
31 45 0 99.6784 64.2178
31 46 1 92.6514 97.4544
31 47 0 27.1001 55.9388
31 48 0 72.1737 77.2096
31 49 0 64.5472 11.2657
31 50 0 36.0827 62.6858
31 51 0 26.8333 71.8609
31 52 0 15.5469 71.0059
31 53 0 71.9175 65.6775
31 54 0 96.9775 64.0836
31 55 0 28.7291 99.7838
31 56 0 69.5683 65.5483
31 57 0 45.1212 42.7539
31 58 0 81.6759 3.91443
31 59 0 7.23581 94.5052
31 60 0 25.7051 86.0522
32 1 0 89.7143 34.1325
32 2 0 54.0709 43.3434
32 3 0 3.84979 43.3176
32 4 0 96.7749 90.6608
32 5 0 11.7787 40.5512
32 6 0 51.6802 15.9396
32 7 0 38.8253 53.4564
32 8 0 34.3203 70.2324
32 9 0 88.0265 42.0115
32 10 0 62.2335 36.2877
32 11 0 89.4026 79.5165
32 12 0 9.63826 60.8933
32 13 0 63.0581 46.1421
32 14 0 1.21678 27.8248
32 15 0 65.2791 77.381
32 16 0 71.1879 96.0236
32 17 0 86.6314 75.2477
32 18 0 92.7695 11.8381
32 19 0 49.9028 68.3108
32 20 0 95.562 87.6981
32 21 1 66.5653 42.8068
32 22 0 60.8479 96.0162
32 23 0 90.2684 63.174
32 24 0 41.2114 63.4999
32 25 0 89.0372 92.0305
32 26 0 85.9613 87.0637
32 27 0 30.5012 88.0741
32 28 0 98.0774 94.9674
32 29 0 1.67776 34.7291
32 30 0 54.3527 43.69
32 31 0 58.899 17.2984
32 33 1 20.3419 38.179
32 34 0 25.8912 79.3422
32 35 0 86.3665 97.2756
32 36 0 96.0097 64.0069
32 37 0 96.5557 55.9805
32 38 0 19.3524 98.7804
32 39 0 79.1978 36.1121
32 40 0 4.14605 59.4207
32 41 0 15.9913 11.0111
32 42 0 48.7661 70.7881
32 43 0 13.6429 1.73713
32 44 0 27.7466 43.9772
32 45 0 76.7987 64.2309
32 46 0 20.8383 36.4896
32 47 0 6.49525 72.7147
32 48 0 84.7194 12.2929
32 49 0 55.0734 63.1419
32 50 0 32.4388 16.751
32 51 0 51.8302 24.4365
32 52 1 17.2483 80.0378
32 53 0 71.1704 79.5999
32 54 0 32.1491 58.3429
32 55 0 99.8424 15.728
32 56 0 35.1398 9.83749
32 57 0 50.4367 37.6352
32 58 0 51.3078 84.6183
32 59 1 5.85422 33.4696
32 60 0 61.6512 62.1283
33 1 0 60.3907 15.6103
33 2 1 0.779533 53.6481
33 3 0 93.8973 80.7535
33 4 0 55.4594 68.7644
33 5 0 23.5319 25.7897
33 6 1 45.6101 28.4234
33 7 0 13.7636 50.6241
33 8 0 74.6198 61.0489
33 9 0 37.6332 23.0676
33 10 0 92.2087 38.6302
33 11 1 33.0406 67.9399
33 12 0 10.2829 36.2584
33 13 0 39.2855 34.501
33 14 0 51.1668 18.4348
33 15 0 91.9138 87.7486
33 16 0 61.2406 24.1325
33 17 0 1.61137 59.7347
33 18 0 82.2516 55.5756
33 19 0 24.4196 33.2795
33 20 0 82.6209 57.7868
33 21 0 28.5351 24.0488
33 22 0 34.4104 15.5312
33 23 0 48.4444 97.1698
33 24 0 61.1456 23.8813
33 25 0 45.3297 50.8162
33 26 0 10.1092 73.9189
33 27 0 74.765 58.0197
33 28 0 88.9838 98.575
33 29 0 45.6831 35.3874
33 30 0 82.8524 33.0142
33 31 0 4.97904 44.1363
33 32 0 94.6392 12.9658
33 34 1 56.4841 90.8799
33 35 0 99.4874 64.9452
33 36 0 24.8616 33.9686
33 37 0 88.8621 59.2993
33 38 0 37.7006 5.86839
33 39 1 74.6 4.39606
33 40 0 90.7204 64.4383
33 41 0 16.1448 23.3346
33 42 0 29.5907 55.4909
33 43 0 82.7599 28.2349
33 44 0 76.0567 3.15785
33 45 0 61.9588 15.1625
33 46 0 99.1898 26.299
33 47 0 96.0127 85.5122
33 48 0 38.046 65.4107
33 49 0 74.0034 35.448
33 50 0 75.0701 34.5368
33 51 0 83.2038 18.4766
33 52 1 70.4161 69.0864
33 53 0 30.72 99.6659
33 54 0 78.8523 30.0193
33 55 0 65.6013 8.43194
33 56 0 6.31476 41.2379
33 57 0 26.6863 83.3477
33 58 0 34.3584 86.4715
33 59 1 70.1895 31.2973
33 60 0 8.59055 84.3122
34 1 0 81.3432 62.7705
34 2 1 25.5851 13.079
34 3 1 35.3604 21.913
34 4 0 45.4728 74.7941
34 5 0 33.7464 73.5114
34 6 0 3.06651 8.19602
34 7 0 39.7768 86.4019
34 8 0 67.1604 83.487
34 9 0 11.2846 14.7095
34 10 0 0.0291974 25.2617
34 11 0 63.4593 91.3805
34 12 1 34.074 60.2858
34 13 0 36.0066 32.1371
34 14 0 7.58126 65.8068
34 15 0 67.7275 6.98282
34 16 0 87.2409 11.6979
34 17 0 17.0538 90.1689
34 18 0 92.6328 34.4985
34 19 0 2.44497 35.873
34 20 0 88.8737 21.0352
34 21 0 25.4105 27.9351
34 22 0 81.3892 61.148
34 23 0 96.6372 54.2113
34 24 0 46.3359 64.8187
34 25 0 18.2386 21.909
34 26 0 12.4181 73.7555
34 27 0 57.523 50.4321
34 28 0 28.7259 35.9061
34 29 0 81.4189 37.9387
34 30 0 51.3225 61.8487
34 31 0 2.30357 6.68848
34 32 0 70.9887 93.7026
34 33 0 38.9104 13.8784
34 35 1 6.37642 87.6841
34 36 0 33.1981 8.73571
34 37 0 70.2782 95.3226
34 38 0 82.7274 94.6903
34 39 0 70.7832 65.4519
34 40 0 85.4798 69.0653
34 41 0 87.9046 3.86616
34 42 0 6.30318 15.59
34 43 0 71.4603 7.25684
34 44 0 78.2517 69.118
34 45 0 7.4632 87.0248
34 46 0 71.2257 6.45931
34 47 0 89.987 32.8516
34 48 0 38.3573 29.376
34 49 0 0.132931 93.0438
34 50 0 48.4014 65.6541
34 51 0 60.9388 22.05
34 52 0 34.1686 80.1079
34 53 0 33.39 29.1902
34 54 0 38.8909 11.2587
34 55 0 21.8789 60.1243
34 56 0 85.7991 76.2834
34 57 0 76.048 64.8403
34 58 0 5.61228 6.16333
34 59 0 85.2763 25.9499
34 60 0 77.5111 53.8411
35 1 0 28.7532 13.2307
35 2 0 39.5711 40.1102
35 3 0 85.1734 91.1987
35 4 0 71.9654 24.4932
35 5 0 65.5861 57.3968
35 6 0 1.00376 35.1975
35 7 0 19.1508 16.4212
35 8 0 41.2582 17.4572
35 9 0 51.4218 43.5667
35 10 0 52.5405 56.4624
35 11 0 74.1838 70.3997
35 12 0 74.4532 36.8234
35 13 0 80.911 7.42212
35 14 0 10.8544 17.0602
35 15 0 37.8451 25.9096
35 16 0 5.20231 53.0115
35 17 0 54.4994 14.1796
35 18 1 98.4044 30.8816
35 19 0 68.4504 91.9548
35 20 0 60.3551 20.1269
35 21 0 76.5835 36.0953
35 22 0 23.0769 70.9484
35 23 0 8.52487 91.2579
35 24 0 29.6018 0.615738
35 25 0 53.6268 47.7844
35 26 0 79.4742 57.3656
35 27 0 61.2483 81.6321
35 28 0 41.7453 61.5395
35 29 0 40.1306 38.1951
35 30 0 86.0446 26.8055
35 31 0 35.1862 40.4982
35 32 0 65.2962 4.47917
35 33 0 35.3553 43.9551
35 34 0 67.6223 43.8999
35 36 1 67.4547 30.4463
35 37 0 23.3793 39.9596
35 38 0 41.5403 4.7228
35 39 0 23.9946 76.0357
35 40 0 12.8081 44.6266
35 41 0 5.87785 92.9411
35 42 0 52.0961 31.8006
35 43 0 7.53144 61.7245
35 44 0 36.2893 99.0066
35 45 0 4.77916 78.6037
35 46 1 29.1562 67.9355
35 47 0 11.457 57.3129
35 48 0 0.147917 56.2136
35 49 0 16.2517 64.9391
35 50 0 66.2604 39.8194
35 51 0 14.7268 6.93167
35 52 0 20.8145 30.1244
35 53 0 42.8417 2.93371
35 54 0 66.463 72.3957
35 55 0 36.2834 74.0236
35 56 0 52.0872 65.2736
35 57 0 27.5904 86.842
35 58 0 37.541 90.4336
35 59 0 77.6796 48.234
35 60 0 12.9316 54.2367
36 1 0 14.5618 91.9728
36 2 0 56.1815 17.4454
36 3 1 58.2142 1.48989
36 4 0 63.0773 80.9582
36 5 0 27.3103 56.3708
36 6 0 31.7743 50.5499
36 7 1 39.6493 53.0077
36 8 0 30.3115 97.5132
36 9 0 54.8665 71.4498
36 10 0 42.4506 41.3061
36 11 0 27.3074 62.3122
36 12 0 12.8934 23.0423
36 13 0 41.8779 73.4914
36 14 0 78.9105 53.2263
36 15 0 6.70411 58.7006
36 16 0 12.5038 54.495
36 17 0 39.8924 96.133
36 18 0 1.3032 49.5392
36 19 0 93.2863 55.6946
36 20 0 11.6244 18.9207
36 21 0 40.9468 48.7016
36 22 0 71.6455 7.57343
36 23 0 18.2656 1.98275
36 24 0 63.4222 74.9599
36 25 0 95.7228 76.2002
36 26 0 77.7805 81.6164
36 27 0 44.9668 82.5548
36 28 0 57.0576 62.3355
36 29 0 66.4006 15.7137
36 30 0 55.6883 19.7641
36 31 0 48.8236 80.7141
36 32 0 66.9945 50.744
36 33 0 53.6576 4.0983
36 34 0 23.4066 0.540347
36 35 0 43.5367 19.2507
36 37 1 94.1374 72.9326
36 38 0 8.51886 46.3886
36 39 0 73.85 26.2163
36 40 0 71.1288 81.4366
36 41 0 85.9121 95.6191
36 42 0 60.4729 99.584
36 43 0 75.9995 80.1967
36 44 0 76.4907 37.9958
36 45 0 95.3701 53.7932
36 46 0 72.1359 86.6413
36 47 0 27.7528 98.391
36 48 1 49.4104 45.593
36 49 0 86.4861 52.2935
36 50 0 69.7255 96.2085
36 51 0 40.7848 31.1861
36 52 0 99.8623 24.1614
36 53 0 22.6755 99.9212
36 54 0 20.2356 19.9417
36 55 0 39.5804 97.8697
36 56 0 38.9927 35.9523
36 57 0 0.378326 28.3478
36 58 0 49.9536 91.2827
36 59 0 88.8625 80.777
36 60 0 89.7615 81.7739
37 1 0 19.976 57.8111
37 2 1 16.5586 6.61147
37 3 0 24.4469 41.9539
37 4 0 77.6651 20.4567
37 5 1 85.9527 51.033
37 6 0 11.2675 53.5322
37 7 0 95.1895 99.6884
37 8 1 6.49541 11.5844
37 9 0 88.7325 83.5686
37 10 0 36.3312 39.5593
37 11 0 52.6032 74.1596
37 12 0 1.90586 70.5213
37 13 0 52.3627 66.4973
37 14 0 21.5848 24.3262
37 15 0 18.7016 88.6676
37 16 0 18.4676 56.7832
37 17 0 62.2402 72.6907
37 18 0 76.2239 95.5185
37 19 0 10.1181 16.3022
37 20 0 10.9031 99.1659
37 21 0 48.3996 29.8838
37 22 0 59.4883 74.0029
37 23 0 22.6437 34.6564
37 24 0 85.1496 98.6002
37 25 0 54.3292 84.6893
37 26 0 53.0803 62.618
37 27 0 78.3003 74.4332
37 28 0 46.5326 31.5492
37 29 0 78.4452 4.76724
37 30 0 1.60579 75.6158
37 31 0 76.1396 52.4699
37 32 0 72.2287 81.8635
37 33 0 68.3836 82.0813
37 34 0 67.4096 4.71424
37 35 0 13.4134 10.6318
37 36 0 96.6109 56.4278
37 38 1 89.571 19.9933
37 39 0 52.4254 35.1033
37 40 0 11.1859 47.6738
37 41 0 51.71 62.2087
37 42 0 67.4278 78.1281
37 43 0 39.1136 50.8086
37 44 0 58.5204 32.457
37 45 0 27.6821 0.0482318
37 46 0 23.3349 74.1178
37 47 0 49.2575 94.3714
37 48 0 9.69918 70.2442
37 49 0 58.4769 80.1962
37 50 0 48.8906 75.4921
37 51 0 60.3341 89.4825
37 52 0 19.1557 27.8885
37 53 0 93.6492 97.3914
37 54 0 69.5541 53.8165
37 55 0 73.3727 80.0994
37 56 1 28.9947 44.7764
37 57 0 2.84101 60.7636
37 58 1 75.7922 97.6543
37 59 0 39.0212 28.0182
37 60 0 2.60897 20.8144
38 1 0 68.1459 86.0829
38 2 0 52.9424 94.1003
38 3 0 22.0356 42.8582
38 4 0 79.2444 97.6519
38 5 0 63.4721 18.2008
38 6 0 78.9914 94.5668
38 7 0 53.6807 31.9363
38 8 0 6.43251 56.9251
38 9 0 82.8079 70.7791
38 10 0 58.4089 18.4355
38 11 0 95.0629 4.94609
38 12 0 22.64 35.6423
38 13 0 86.1994 94.6802
38 14 0 70.2747 28.9034
38 15 0 76.5267 73.3999
38 16 0 28.1651 55.0332
38 17 0 66.9583 1.99604
38 18 0 17.954 39.7546
38 19 0 70.2221 39.989
38 20 0 67.7381 84.1631
38 21 0 86.2847 32.1494
38 22 0 47.4247 79.2815
38 23 0 21.6869 47.49
38 24 0 20.7487 89.5697
38 25 0 44.9369 33.7372
38 26 0 88.5324 62.5172
38 27 0 14.0874 43.5767
38 28 0 81.9553 53.3597
38 29 0 27.2487 10.2565
38 30 0 4.62184 40.2136
38 31 0 29.7409 29.6081
38 32 0 58.3023 85.6982
38 33 0 69.4366 93.7248
38 34 0 39.0793 66.3742
38 35 0 70.6912 57.5784
38 36 1 88.4548 83.4977
38 37 0 82.552 23.0239
38 39 1 74.3492 41.053
38 40 0 84.9567 47.544
38 41 0 79.6427 88.7616
38 42 0 27.9607 16.2974
38 43 0 46.8213 10.9952
38 44 0 84.4102 53.3449
38 45 0 34.056 71.3544
38 46 0 99.6074 46.6538
38 47 0 86.3198 64.358
38 48 0 64.8733 45.1923
38 49 0 10.7829 48.781
38 50 0 34.4258 91.2656
38 51 0 14.5071 30.0365
38 52 0 50.9277 72.7182
38 53 0 52.4476 29.1968
38 54 0 52.0918 28.8948
38 55 0 6.55669 33.1659
38 56 0 37.605 10.9803
38 57 0 59.9958 45.7967
38 58 0 91.9153 76.3392
38 59 0 23.9946 57.2282
38 60 0 63.8215 49.6246
39 1 0 4.71544 32.5084
39 2 0 25.2324 26.5186
39 3 0 68.8146 0.659627
39 4 0 49.2534 80.2275
39 5 0 55.069 25.7981
39 6 0 35.1186 50.2571
39 7 0 44.5083 95.773
39 8 1 66.5535 39.4172
39 9 0 6.17479 67.8689
39 10 0 21.5307 23.1005
39 11 0 54.7084 77.7181
39 12 0 56.6464 44.1736
39 13 0 21.4963 48.7323
39 14 1 0.148213 96.2995
39 15 1 6.61736 75.1073
39 16 0 7.18417 95.8023
39 17 0 7.05284 90.342
39 18 1 37.0368 1.62844
39 19 0 55.5763 71.5376
39 20 0 91.0128 80.6776
39 21 0 20.6972 32.0515
39 22 0 37.7327 6.34559
39 23 1 44.3312 12.7386
39 24 0 70.9147 99.6632
39 25 0 25.4938 16.4399
39 26 0 66.4619 69.1882
39 27 0 63.579 1.4344
39 28 0 96.7764 75.2901
39 29 0 20.9237 77.9859
39 30 0 5.33303 64.5032
39 31 0 73.0827 62.7344
39 32 0 39.9021 16.5818
39 33 0 32.2171 40.6833
39 34 0 25.3005 38.7571
39 35 0 15.1255 28.0975
39 36 0 51.7196 89.9713
39 37 1 98.2571 11.1962
39 38 1 25.3164 98.563
39 40 1 76.854 37.3201
39 41 0 74.6628 31.8131
39 42 0 56.3859 31.2498
39 43 0 52.284 18.595
39 44 0 15.2025 53.3329
39 45 0 90.2788 5.21096
39 46 0 1.53332 96.3311
39 47 0 73.7792 8.71727
39 48 0 1.40407 16.1073
39 49 0 99.3701 29.5667
39 50 0 8.46881 96.7829
39 51 0 88.8956 25.8838
39 52 0 28.2025 88.5787
39 53 0 80.3428 41.4265
39 54 0 79.2508 65.5729
39 55 0 76.5967 89.6682
39 56 0 67.8766 94.3531
39 57 0 14.1556 80.0172
39 58 1 23.7596 7.90333
39 59 0 57.4699 28.8683
39 60 0 98.1821 79.5014
40 1 0 37.8397 96.8092
40 2 0 78.0446 10.6501
40 3 0 28.958 55.5478
40 4 0 24.8275 27.2432
40 5 0 54.5358 48.5985
40 6 0 84.8131 54.0662
40 7 0 92.1345 23.473
40 8 0 54.5074 77.2771
40 9 0 10.2325 6.09964
40 10 0 52.4808 76.9219
40 11 0 46.1072 91.6943
40 12 1 72.8012 69.5085
40 13 1 13.5247 63.6529
40 14 0 3.59699 27.8257
40 15 0 54.8317 11.4158
40 16 0 72.1031 51.4383
40 17 1 67.7445 47.5025
40 18 0 97.18 65.2769
40 19 0 29.6831 16.1621
40 20 0 40.5137 90.0803
40 21 0 83.7784 66.467
40 22 0 70.5779 33.8774
40 23 0 70.3704 54.4652
40 24 0 29.9262 8.78726
40 25 0 65.1928 71.4756
40 26 0 13.2513 59.9165
40 27 0 81.1312 65.3846
40 28 0 60.5955 93.2834
40 29 0 73.8574 93.7562
40 30 0 71.5891 92.7977
40 31 0 69.972 62.5669
40 32 0 46.0819 55.7603
40 33 0 47.633 50.8848
40 34 0 73.5977 12.4435
40 35 0 62.3339 22.5509
40 36 1 60.7225 87.4988
40 37 0 91.032 74.9468
40 38 0 90.6451 34.7316
40 39 0 25.0472 82.5165
40 41 1 84.8625 20.588
40 42 0 77.6814 86.3565
40 43 0 63.7318 2.10976
40 44 0 37.3031 14.3253
40 45 0 51.5939 15.0495
40 46 0 92.7678 48.2231
40 47 0 67.7605 38.2218
40 48 0 98.0236 83.9703
40 49 0 83.1538 38.2038
40 50 0 57.3826 16.611
40 51 0 82.6876 14.5238
40 52 0 40.2695 86.409
40 53 0 94.9043 65.717
40 54 0 14.1189 68.0692
40 55 0 53.6162 58.4402
40 56 0 89.9668 25.9235
40 57 1 72.8878 36.0042
40 58 0 20.1577 79.2252
40 59 1 97.0343 51.3948
40 60 0 77.2738 43.4511
41 1 0 21.482 92.0407
41 2 0 0.990891 94.6304
41 3 0 8.95685 62.3368
41 4 0 72.6764 23.0413
41 5 0 85.8571 38.6566
41 6 0 38.6042 76.0372
41 7 0 92.4659 76.8664
41 8 0 2.46702 24.8175
41 9 0 27.0779 86.1075
41 10 0 51.2317 32.3769
41 11 0 50.1697 39.4211
41 12 0 88.875 9.30712
41 13 0 22.8051 91.681
41 14 0 13.7032 84.2194
41 15 0 61.9148 81.2385
41 16 0 74.9465 28.2013
41 17 1 22.9611 90.0667
41 18 0 26.7904 1.33683
41 19 0 76.1878 5.53033
41 20 0 45.2976 5.79978
41 21 0 68.4265 29.2119
41 22 0 63.2223 1.67085
41 23 0 47.8143 89.0004
41 24 0 44.9527 82.0366
41 25 0 44.3725 65.6152
41 26 0 7.10886 53.492
41 27 0 98.3056 39.3612
41 28 0 53.9088 78.8413
41 29 0 1.41743 94.5381
41 30 0 30.8012 75.4882
41 31 0 18.9943 7.53459
41 32 0 17.3396 85.7764
41 33 0 86.9244 45.0301
41 34 0 6.75559 48.5901
41 35 0 3.83618 76.3263
41 36 0 72.0646 54.6046
41 37 0 45.1875 68.4665
41 38 0 78.646 4.36997
41 39 0 28.2121 64.7786
41 40 0 10.5422 56.1116
41 42 1 15.0086 43.7059
41 43 0 65.5923 47.4733
41 44 0 38.0398 99.0484
41 45 0 41.2532 92.5764
41 46 0 2.95948 81.774
41 47 0 59.4818 99.6285
41 48 0 9.46898 69.3286
41 49 0 57.9265 22.5455
41 50 0 9.06057 33.9112
41 51 0 60.6991 20.4902
41 52 1 28.7938 82.2435
41 53 0 52.4518 68.597
41 54 0 22.9059 83.5201
41 55 0 66.7766 36.3914
41 56 0 68.1048 75.9641
41 57 0 83.2563 5.67568
41 58 0 80.942 21.8202
41 59 0 50.6249 81.4028
41 60 0 4.78083 62.0853
42 1 0 69.5034 30.1771
42 2 0 98.2845 33.7895
42 3 0 74.6286 83.5415
42 4 0 43.5741 41.9632
42 5 0 54.7559 76.2633
42 6 0 82.9452 36.8617
42 7 0 58.5118 66.9862
42 8 0 37.2742 30.7052
42 9 0 71.2014 64.8453
42 10 0 89.2627 32.7152
42 11 0 78.7783 55.3333
42 12 1 7.39875 44.1769
42 13 0 67.2645 76.4086
42 14 0 88.9545 31.2135
42 15 0 96.8021 60.1517
42 16 0 74.7761 74.8655
42 17 0 46.9388 58.6588
42 18 0 34.3016 46.0106
42 19 0 95.181 14.2326
42 20 0 3.99511 69.4313
42 21 0 20.3956 61.8951
42 22 0 82.9009 93.1177
42 23 0 86.6521 5.0972
42 24 0 51.268 34.2205
42 25 0 50.8074 0.823324
42 26 0 29.5684 0.40676
42 27 0 5.86689 96.4198
42 28 0 28.5323 52.1184
42 29 0 58.3452 79.4043
42 30 0 61.738 82.6413
42 31 0 14.9049 86.3686
42 32 0 82.4397 78.4719
42 33 0 63.3415 41.7332
42 34 0 64.6897 97.021
42 35 0 10.5412 9.76152
42 36 0 36.6239 81.8848
42 37 0 31.2485 9.1533
42 38 0 84.023 39.3216
42 39 0 62.3139 16.1054
42 40 0 77.897 58.0573
42 41 0 81.9804 23.9268
42 43 1 38.6818 22.3984
42 44 0 40.296 75.4643
42 45 0 28.6755 6.72158
42 46 0 37.1114 51.8156
42 47 0 91.9817 72.8947
42 48 0 42.0081 29.0548
42 49 0 1.24581 69.5956
42 50 0 81.7474 27.6763
42 51 0 25.0235 99.4155
42 52 0 14.5345 84.5468
42 53 0 14.337 39.5353
42 54 0 6.33612 65.4422
42 55 0 78.4497 68.9356
42 56 0 52.5899 22.7393
42 57 0 56.2955 55.5087
42 58 0 75.3423 37.6102
42 59 0 90.1544 4.89938
42 60 0 13.8338 3.61722
43 1 0 91.129 56.2996
43 2 0 48.9832 70.6298
43 3 0 84.8777 99.513
43 4 1 80.8728 51.7696
43 5 0 37.9591 27.8352
43 6 0 48.5429 79.8448
43 7 0 39.4341 69.4386
43 8 0 53.6352 33.7302
43 9 0 38.3999 94.6925
43 10 1 10.7151 48.5972
43 11 0 25.8875 57.0458
43 12 0 59.7374 84.3419
43 13 0 26.411 56.5093
43 14 0 85.8675 87.6283
43 15 0 69.3 36.4134
43 16 0 93.0563 6.08797
43 17 0 18.9647 26.97
43 18 0 41.7364 36.0664
43 19 0 60.8108 48.1987
43 20 0 74.8239 91.598
43 21 0 45.849 57.869
43 22 0 49.2265 68.505
43 23 0 47.463 20.5367
43 24 0 72.1448 44.5137
43 25 0 29.5825 37.9364
43 26 0 61.1016 21.7681
43 27 0 6.7549 87.1689
43 28 0 5.76771 92.0631
43 29 0 8.40031 18.2809
43 30 0 3.72457 87.6641
43 31 0 98.7919 63.1551
43 32 0 37.5467 43.9459
43 33 0 64.6683 47.8778
43 34 0 65.5397 60.577
43 35 0 28.0492 50.7085
43 36 0 66.0288 94.1415
43 37 0 4.30855 87.0763
43 38 0 66.8896 14.1581
43 39 0 20.0782 96.5385
43 40 0 44.585 67.4528
43 41 0 92.8585 43.6061
43 42 1 26.7415 54.5121
43 44 1 24.5644 4.6447
43 45 0 51.4776 75.4941
43 46 0 77.894 34.313
43 47 0 31.2431 8.14465
43 48 0 10.9672 98.9128
43 49 0 79.6029 3.15905
43 50 0 92.5809 55.0738
43 51 0 59.1599 63.4135
43 52 0 64.2013 21.4925
43 53 0 22.3823 91.2842
43 54 0 6.47508 54.5283
43 55 0 95.4226 59.5518
43 56 0 24.664 13.1914
43 57 0 73.369 36.7757
43 58 0 26.3706 90.335
43 59 0 0.975342 35.0641
43 60 0 47.8085 46.4941
44 1 0 37.1111 24.0727
44 2 0 34.2624 14.3002
44 3 0 69.2348 51.166
44 4 0 87.1498 7.95308
44 5 0 46.23 32.015
44 6 0 48.7511 0.686144
44 7 0 97.3612 28.2411
44 8 0 13.0826 96.8717
44 9 0 52.7946 89.2356
44 10 0 26.7078 26.6891
44 11 0 5.34668 29.4514
44 12 0 54.7663 10.3646
44 13 0 87.9553 78.786
44 14 0 2.84719 68.3268
44 15 0 61.7301 83.2275
44 16 0 25.8466 68.4815
44 17 0 91.9417 85.7979
44 18 0 73.1516 79.005
44 19 0 5.37308 20.3597
44 20 0 64.9038 41.685
44 21 0 80.7207 89.9717
44 22 0 54.089 40.5676
44 23 0 38.1632 82.0308
44 24 0 79.0104 5.93143
44 25 0 17.1974 16.9191
44 26 1 16.163 57.5674
44 27 0 34.5573 46.8343
44 28 0 49.807 86.0214
44 29 0 12.1753 48.9836
44 30 0 22.4581 90.6892
44 31 0 91.8073 99.8934
44 32 0 61.8843 76.3025
44 33 0 93.7254 24.7635
44 34 1 52.1065 62.2748
44 35 0 6.56821 94.5946
44 36 0 12.6202 98.4316
44 37 0 86.3751 57.7169
44 38 0 22.7659 91.752
44 39 0 91.4293 37.7794
44 40 0 40.0946 56.81
44 41 0 51.1344 34.944
44 42 0 69.2188 63.2169
44 43 0 33.0531 87.7933
44 45 1 24.8746 68.1316
44 46 0 59.5006 89.6025
44 47 0 54.3012 55.2074
44 48 1 36.6723 8.62704
44 49 1 3.41571 39.5846
44 50 0 47.7741 71.8634
44 51 0 7.78422 67.9246
44 52 0 60.1222 62.9471
44 53 0 4.31821 79.3333
44 54 0 87.0025 70.1888
44 55 0 95.6363 28.1128
44 56 0 8.32343 20.1682
44 57 0 49.9969 88.2556
44 58 0 51.779 52.5399
44 59 0 63.5522 3.86384
44 60 0 67.9608 11.3017
45 1 0 57.6905 21.7481
45 2 0 59.5098 42.217
45 3 0 98.0028 11.3334
45 4 0 29.5107 43.4285
45 5 0 27.3114 9.48524
45 6 0 42.8251 18.4241
45 7 0 40.3407 48.0152
45 8 0 17.1871 64.9216
45 9 0 3.76054 3.13961
45 10 0 32.6662 72.9603
45 11 0 50.7972 25.7093
45 12 0 42.6266 57.3358
45 13 0 58.916 8.35462
45 14 0 90.6033 54.4456
45 15 0 9.72716 38.2671
45 16 0 29.3742 66.8012
45 17 0 90.8852 91.1646
45 18 0 27.2754 4.3358
45 19 0 8.08347 73.7944
45 20 0 74.3897 62.9563
45 21 0 90.1246 36.9057
45 22 0 77.5314 16.1647
45 23 0 78.1179 12.9811
45 24 0 14.9504 53.2459
45 25 0 74.0344 94.8352
45 26 0 62.673 54.5186
45 27 0 24.6508 64.1923
45 28 0 39.1923 12.6544
45 29 0 1.37051 39.1601
45 30 0 84.4585 94.3982
45 31 0 21.5801 79.8733
45 32 0 3.50144 67.4062
45 33 0 4.40554 51.3762
45 34 0 60.6999 78.9655
45 35 0 69.7225 34.6422
45 36 0 22.1069 82.9229
45 37 0 11.0367 5.55193
45 38 0 69.4945 34.9607
45 39 0 16.8357 74.2746
45 40 0 34.1646 84.8047
45 41 0 43.9287 59.0864
45 42 0 25.7162 57.437
45 43 0 49.0605 45.9925
45 44 0 68.0099 75.9362
45 46 1 60.5023 73.9952
45 47 0 2.69631 73.3405
45 48 1 72.1929 35.7251
45 49 0 2.8906 26.6778
45 50 0 51.1365 7.01835
45 51 0 10.2003 43.4161
45 52 0 35.8966 53.4976
45 53 0 73.9506 30.4867
45 54 0 51.4849 66.777
45 55 0 57.7539 31.1463
45 56 0 35.115 82.2857
45 57 0 20.5525 32.6161
45 58 0 94.6725 98.2472
45 59 0 97.321 94.4627
45 60 0 25.5364 79.6772
46 1 0 73.67 15.4147
46 2 0 25.5658 66.7632
46 3 0 96.4879 76.4374
46 4 0 25.8157 48.8692
46 5 1 77.1683 44.1087
46 6 0 70.554 84.6403
46 7 0 13.6781 34.5895
46 8 0 1.67804 20.6139
46 9 0 6.28058 2.13063
46 10 0 60.1891 40.5075
46 11 0 97.3672 88.2953
46 12 1 84.2564 41.5172
46 13 0 18.1151 33.4185
46 14 0 88.5438 63.5391
46 15 0 44.8691 90.258
46 16 1 98.0826 59.3923
46 17 0 26.522 17.6983
46 18 0 60.0812 85.7523
46 19 1 63.4692 98.4158
46 20 0 82.3711 1.92297
46 21 0 56.0297 80.221
46 22 0 76.1691 49.8816
46 23 0 83.9881 39.5358
46 24 1 1.77066 74.9187
46 25 0 20.3338 32.333
46 26 0 43.0015 94.6507
46 27 0 35.8086 19.2806
46 28 0 47.8041 3.95551
46 29 1 71.8131 78.8437
46 30 0 87.7784 79.9154
46 31 0 27.3729 60.3457
46 32 0 57.963 44.022
46 33 0 92.9939 78.6041
46 34 0 14.241 29.9888
46 35 0 91.6059 83.6094
46 36 0 77.1913 23.137
46 37 0 88.2069 50.8608
46 38 0 96.4408 75.6777
46 39 0 67.1899 66.0046
46 40 0 62.3288 43.9678
46 41 0 84.7606 60.7963
46 42 0 46.2661 21.8517
46 43 0 56.2472 94.4924
46 44 0 59.4983 84.4228
46 45 0 95.4229 86.3115
46 47 1 72.8611 73.9397
46 48 0 72.2067 30.714
46 49 0 15.1204 48.647
46 50 0 54.0856 38.0852
46 51 0 5.87125 97.9134
46 52 0 83.2809 36.756
46 53 0 93.7025 33.1452
46 54 0 17.4842 9.88781
46 55 0 91.2493 34.2246
46 56 0 27.5344 88.923
46 57 0 80.4833 46.9592
46 58 0 16.0846 68.897
46 59 0 71.1012 96.487
46 60 0 79.5381 95.4802
47 1 0 65.0979 26.5015
47 2 0 71.4941 58.3154
47 3 0 68.5997 96.5303
47 4 0 45.814 10.7405
47 5 1 76.4149 28.2314
47 6 0 57.5303 3.21705
47 7 0 82.9819 33.6919
47 8 0 73.8518 85.6404
47 9 0 28.5453 75.7204
47 10 0 94.1045 21.7584
47 11 0 23.7844 19.3964
47 12 0 58.3171 75.1008
47 13 0 54.9807 24.0302
47 14 0 74.181 13.2833
47 15 0 45.5413 59.8408
47 16 0 96.4145 91.1715
47 17 0 70.1536 79.1834
47 18 0 67.0893 3.81678
47 19 0 69.8992 37.4512
47 20 0 15.4026 41.0953
47 21 0 60.8481 6.13403
47 22 1 78.0998 96.3698
47 23 0 37.9577 8.67189
47 24 0 94.2507 7.62381
47 25 0 68.4307 68.9043
47 26 0 70.7115 25.4315
47 27 0 47.9003 15.0356
47 28 0 97.1726 72.1867
47 29 0 46.2937 70.7505
47 30 0 53.2438 98.5253
47 31 0 57.0684 97.7534
47 32 0 6.91123 4.79081
47 33 0 49.5248 57.9265
47 34 0 80.115 2.84457
47 35 0 54.7162 57.6058
47 36 1 6.77715 51.1435
47 37 0 26.5341 52.8424
47 38 0 87.9553 37.3602
47 39 0 11.185 87.8589
47 40 0 69.6924 58.8389
47 41 0 53.0541 47.768
47 42 0 83.6374 5.51707
47 43 0 61.019 93.2083
47 44 0 82.6115 58.8413
47 45 1 3.07521 39.3697
47 46 0 57.3444 51.889
47 48 1 60.8362 91.292
47 49 0 85.0694 17.6257
47 50 0 45.0357 77.8299
47 51 0 67.8293 46.5288
47 52 0 93.131 63.0268
47 53 0 97.7026 94.3147
47 54 0 93.4234 70.2724
47 55 0 64.0112 55.382
47 56 0 14.9501 64.3174
47 57 0 59.974 97.5073
47 58 0 24.8351 19.2178
47 59 0 72.1549 18.6081
47 60 0 48.477 11.0676
48 1 0 58.5652 48.3765
48 2 0 64.3329 86.222
48 3 0 45.0355 27.4305
48 4 0 97.8198 15.2848
48 5 0 35.5205 40.2062
48 6 0 25.4119 58.4339
48 7 0 16.5238 35.4113
48 8 0 1.02746 93.0799
48 9 0 77.1503 45.5055
48 10 0 50.7722 65.4785
48 11 0 41.7387 31.0754
48 12 0 30.0247 63.3092
48 13 1 12.856 4.66924
48 14 0 11.3567 33.6775
48 15 0 33.5658 42.71
48 16 0 55.8873 44.5206
48 17 0 35.2639 69.2869
48 18 0 94.1417 51.1382
48 19 0 20.2293 98.39
48 20 0 86.5134 84.4464
48 21 0 3.62336 18.2207
48 22 1 42.2934 52.7571
48 23 1 34.2663 87.4981
48 24 0 10.5487 3.40936
48 25 0 53.3712 55.5534
48 26 0 92.0138 79.796
48 27 0 93.5054 45.5701
48 28 0 42.1152 81.1345
48 29 0 31.1524 46.6829
48 30 0 14.1604 99.2299
48 31 0 94.3567 80.1394
48 32 0 73.9884 57.6302
48 33 0 9.3326 21.0407
48 34 0 79.5512 90.6796
48 35 0 5.05356 33.3593
48 36 0 6.86209 86.7159
48 37 0 62.4266 82.3672
48 38 0 72.023 10.4548
48 39 0 92.1617 88.5264
48 40 0 29.6742 93.624
48 41 0 34.2893 1.51935
48 42 0 78.848 69.1943
48 43 0 3.25232 27.5771
48 44 0 61.6873 34.6225
48 45 0 84.9908 30.5309
48 46 0 50.4972 75.8631
48 47 0 5.24985 13.9326
48 49 1 53.0717 29.5149
48 50 0 9.1851 4.92013
48 51 0 79.115 44.8194
48 52 0 5.42925 90.8162
48 53 0 73.9566 11.1043
48 54 0 40.4426 69.8808
48 55 0 28.049 57.0511
48 56 0 38.9489 25.8052
48 57 0 38.9742 58.564
48 58 0 94.6213 20.6415
48 59 0 2.93284 8.66315
48 60 0 57.3647 74.338
49 1 0 76.3791 44.5978
49 2 0 28.9882 6.08113
49 3 0 88.1937 29.018
49 4 0 15.1623 81.5511
49 5 0 0.833161 48.1746
49 6 0 74.8784 62.832
49 7 1 79.3205 31.4069
49 8 0 29.7625 35.6374
49 9 0 46.627 85.8038
49 10 0 5.05885 56.9434
49 11 0 18.86 8.73033
49 12 0 23.2433 53.0278
49 13 0 90.2487 42.7014
49 14 0 60.0562 34.0978
49 15 0 89.0408 70.4205
49 16 0 38.6733 0.51887
49 17 1 99.775 20.8652
49 18 0 24.0611 30.5976
49 19 0 87.7991 30.3531
49 20 1 47.5823 90.3614
49 21 0 87.8406 86.2742
49 22 0 27.0955 75.3113
49 23 1 38.9477 92.7007
49 24 0 16.3544 5.63542
49 25 0 13.6941 14.8766
49 26 0 65.2077 20.6593
49 27 0 3.77849 69.9762
49 28 0 20.8575 91.8433
49 29 0 51.7813 7.3622
49 30 0 37.2566 97.2994
49 31 0 76.5439 48.1921
49 32 0 10.6233 58.8722
49 33 1 99.1531 56.2264
49 34 0 69.1556 79.3328
49 35 0 39.9561 64.0998
49 36 0 2.74119 64.4059
49 37 0 45.4264 36.8247
49 38 0 98.2639 58.1648
49 39 1 16.6866 73.7182
49 40 0 71.2547 38.7947
49 41 1 51.1976 6.2308
49 42 0 17.1738 36.5282
49 43 0 43.0403 68.8098
49 44 0 34.2556 22.5322
49 45 1 71.893 9.94063
49 46 0 81.9811 14.4226
49 47 0 62.2287 29.8647
49 48 0 81.933 4.08564
49 50 1 83.3632 21.9676
49 51 0 18.5835 18.5064
49 52 0 85.5124 1.16872
49 53 1 9.30619 9.56566
49 54 0 71.2102 37.1754
49 55 0 78.9959 3.91494
49 56 0 56.2897 95.5038
49 57 0 80.5088 5.5424
49 58 0 86.7149 73.2789
49 59 0 17.1938 93.1792
49 60 0 68.5796 98.9019
50 1 0 56.7004 81.7446
50 2 0 16.7037 45.0026
50 3 0 37.5799 22.2416
50 4 0 78.8445 79.1638
50 5 0 38.4004 28.5974
50 6 0 65.8682 91.5687
50 7 0 4.95428 86.3055
50 8 0 63.8198 67.0351
50 9 0 33.1269 93.8218
50 10 0 44.7587 98.7891
50 11 0 12.7931 36.9158
50 12 0 77.6363 49.8705
50 13 0 98.6202 81.2086
50 14 0 13.8599 39.5425
50 15 0 89.5124 62.6779
50 16 0 66.7308 12.1181
50 17 0 45.9656 56.17
50 18 0 72.3323 81.3547
50 19 0 60.0257 43.1962
50 20 1 86.5067 56.6728
50 21 0 94.7485 86.1125
50 22 0 18.818 75.1162
50 23 0 20.0105 58.607
50 24 0 37.5452 66.9942
50 25 1 89.8582 78.1728
50 26 0 44.6465 27.8395
50 27 0 4.59021 32.9017
50 28 0 43.796 98.9464
50 29 0 16.8744 62.6934
50 30 0 44.5092 16.2507
50 31 0 18.8809 5.26474
50 32 0 22.1574 48.5763
50 33 0 98.2107 80.0278
50 34 0 16.5864 58.0228
50 35 0 30.9835 34.0768
50 36 0 60.6948 54.335
50 37 0 74.7712 8.29165
50 38 0 47.5858 45.0456
50 39 0 94.2207 98.3807
50 40 0 11.8961 8.55506
50 41 1 9.20549 5.91067
50 42 0 76.8373 67.7165
50 43 0 34.5937 29.0747
50 44 0 40.3403 90.2699
50 45 0 99.9934 67.4283
50 46 0 83.3304 8.56892
50 47 0 81.8688 76.1418
50 48 0 24.2283 75.0362
50 49 0 66.864 17.0827
50 51 1 3.95645 36.5429
50 52 0 7.5575 87.272
50 53 0 94.4198 72.2125
50 54 0 97.2543 21.1511
50 55 0 20.6536 36.4921
50 56 0 28.4505 98.7478
50 57 0 35.3232 26.7983
50 58 0 53.2833 88.8055
50 59 0 65.8739 51.3656
50 60 0 77.7122 11.7604
51 1 0 14.0806 24.877
51 2 0 67.3793 84.2173
51 3 0 39.6497 57.7273
51 4 0 32.452 65.9295
51 5 0 21.1146 1.83628
51 6 0 94.7284 84.48
51 7 0 70.6635 53.9351
51 8 0 5.28272 78.6938
51 9 0 93.9735 41.0404
51 10 0 8.34656 22.0186
51 11 0 12.4157 96.4047
51 12 0 52.9954 49.8877
51 13 0 32.5389 11.1585
51 14 0 1.31667 18.8253
51 15 0 40.1923 2.52612
51 16 0 4.7481 63.1653
51 17 0 8.23107 84.9228
51 18 0 81.4631 19.6611
51 19 0 5.5582 16.6169
51 20 0 12.8748 70.7697
51 21 0 4.2459 98.4065
51 22 0 94.2056 87.8888
51 23 0 39.6371 68.7382
51 24 0 48.9923 74.1455
51 25 0 95.9896 87.4578
51 26 0 68.5474 20.9884
51 27 0 60.8678 52.2503
51 28 0 76.7183 83.2997
51 29 0 91.9917 72.9755
51 30 0 17.9561 75.7906
51 31 0 33.8332 8.93501
51 32 0 62.0644 62.3738
51 33 0 7.13156 41.4922
51 34 0 87.5708 35.0202
51 35 0 89.7077 56.4817
51 36 0 98.5325 98.9453
51 37 0 41.6668 65.8097
51 38 0 7.70184 78.2457
51 39 0 27.0839 57.5317
51 40 0 43.9878 48.974
51 41 0 39.5626 14.3997
51 42 0 75.7484 7.40118
51 43 0 60.18 96.9655
51 44 0 55.7522 6.61415
51 45 0 11.087 23.3301
51 46 0 50.8986 85.0444
51 47 0 53.2613 12.9836
51 48 0 69.4453 13.4482
51 49 0 80.5681 57.6014
51 50 0 46.1052 43.1082
51 52 1 52.4376 70.6974
51 53 1 0.980901 11.1064
51 54 0 15.907 15.4826
51 55 0 82.9645 7.35243
51 56 0 2.84371 44.2469
51 57 1 39.7861 40.6936
51 58 0 34.0987 27.6081
51 59 0 85.1464 47.3594
51 60 0 80.3601 19.6712
52 1 0 14.1204 15.9273
52 2 0 13.9289 10.1508
52 3 0 92.9491 82.4309
52 4 0 44.7006 55.9897
52 5 0 22.3377 44.8181
52 6 0 16.7417 95.7893
52 7 0 84.9363 41.8227
52 8 0 90.9496 31.3348
52 9 0 73.2726 77.0321
52 10 0 8.89474 67.323
52 11 0 19.0806 63.999
52 12 0 29.2086 60.595
52 13 0 0.345537 99.0609
52 14 0 90.2274 9.53438
52 15 0 35.3374 35.5593
52 16 0 7.43209 28.6814
52 17 0 11.7438 17.7933
52 18 0 67.4779 9.86705
52 19 0 61.5581 9.06933
52 20 0 36.4116 71.583
52 21 0 74.0263 5.16942
52 22 0 16.595 14.9943
52 23 0 21.2762 15.6287
52 24 1 77.5328 93.1735
52 25 0 96.4679 66.4232
52 26 0 66.7616 39.6383
52 27 0 71.1176 99.0847
52 28 0 12.5135 60.2909
52 29 0 95.4646 54.7784
52 30 0 27.7797 24.213
52 31 0 87.8291 57.8269
52 32 0 18.7704 72.3286
52 33 0 21.2511 18.6331
52 34 1 80.9747 2.38792
52 35 0 89.4623 80.2499
52 36 0 76.0981 30.9361
52 37 0 66.8547 89.26
52 38 0 93.9863 63.5437
52 39 0 48.5594 0.741047
52 40 0 3.27047 78.2577
52 41 1 2.43164 76.8172
52 42 0 19.0587 37.5165
52 43 0 42.4945 24.2778
52 44 0 29.6545 90.5001
52 45 0 93.2718 43.1121
52 46 0 34.6651 28.5374
52 47 0 40.9646 66.3023
52 48 0 31.2316 89.9699
52 49 1 9.57657 51.0017
52 50 0 82.577 90.067
52 51 0 24.4952 76.3156
52 53 1 15.1932 47.2551
52 54 0 13.6163 39.9611
52 55 0 33.8286 80.31
52 56 0 41.6785 60.5013
52 57 0 66.1563 69.3038
52 58 0 18.2065 29.7469
52 59 0 20.5522 74.0237
52 60 0 5.90416 43.6915
53 1 0 19.4591 86.3434
53 2 0 5.8956 96.612
53 3 1 87.3399 17.2743
53 4 0 88.376 23.0189
53 5 0 72.7928 70.6819
53 6 0 92.1652 32.8651
53 7 0 53.424 28.2107
53 8 0 86.0066 63.3177
53 9 0 84.6537 85.6256
53 10 0 14.9834 19.3992
53 11 0 57.5651 25.5138
53 12 0 66.6177 43.99
53 13 0 23.4689 47.5195
53 14 0 19.0529 61.0523
53 15 0 21.5727 64.362
53 16 0 4.57778 95.341
53 17 0 71.7728 41.8327
53 18 0 28.4235 59.524
53 19 0 88.9255 60.9993
53 20 0 74.1129 75.8436
53 21 0 14.8053 28.5207
53 22 0 56.3829 10.894
53 23 0 27.8564 67.1414
53 24 0 38.3695 16.3013
53 25 0 52.7186 81.4496
53 26 0 3.9531 44.9708
53 27 0 88.8946 18.3271
53 28 1 43.8149 36.3742
53 29 0 92.9195 28.1662
53 30 0 32.4584 82.6805
53 31 0 96.178 40.6349
53 32 0 96.6172 27.7965
53 33 0 12.5191 53.2408
53 34 0 14.4098 89.6109
53 35 0 30.0779 16.3342
53 36 0 33.1257 15.8086
53 37 0 33.6712 72.1702
53 38 0 67.425 80.8687
53 39 0 82.807 5.48964
53 40 0 96.2467 56.2461
53 41 0 9.22414 66.2965
53 42 0 60.6463 28.4427
53 43 0 73.8467 75.5469
53 44 0 96.2703 32.5687
53 45 0 58.8534 37.9908
53 46 0 84.738 5.87883
53 47 1 25.5939 61.2647
53 48 0 92.2846 4.01812
53 49 0 43.1328 75.2028
53 50 0 62.8383 26.6631
53 51 0 78.7482 76.0913
53 52 0 5.83523 71.2305
53 54 1 80.9108 95.2922
53 55 0 81.4828 37.3968
53 56 0 50.6074 83.3457
53 57 0 65.9431 16.399
53 58 0 96.558 64.1397
53 59 0 34.5455 15.6207
53 60 0 96.6541 28.8393
54 1 0 3.78936 81.4081
54 2 0 67.7126 96.308
54 3 0 99.197 90.6289
54 4 0 21.8322 33.771
54 5 0 38.7392 27.015
54 6 0 27.6293 71.2669
54 7 0 50.7588 93.115
54 8 0 85.262 22.7078
54 9 0 23.0232 23.8017
54 10 1 37.3002 78.5261
54 11 0 87.7005 53.0411
54 12 0 29.3016 35.8015
54 13 0 82.7612 0.61262
54 14 0 78.4248 8.69641
54 15 0 45.0038 45.7506
54 16 0 71.681 50.7358
54 17 0 52.3373 83.7802
54 18 0 70.7004 31.9638
54 19 0 0.759379 49.2178
54 20 0 49.4738 23.6366
54 21 0 44.8694 88.5758
54 22 0 35.0747 45.5924
54 23 0 17.4213 6.2573
54 24 0 41.6437 24.4664
54 25 0 67.3255 7.20127
54 26 0 19.4825 90.0568
54 27 0 42.2083 31.6693
54 28 0 13.0595 0.631637
54 29 0 18.8483 71.4241
54 30 0 11.4806 26.7788
54 31 0 71.2499 2.8873
54 32 0 8.39673 32.5953
54 33 0 49.3421 67.2061
54 34 0 7.90963 25.0837
54 35 0 44.232 65.0972
54 36 0 37.0952 41.4767
54 37 0 59.4617 17.9435
54 38 0 93.1446 48.6251
54 39 0 3.4252 15.9283
54 40 0 28.8641 97.886
54 41 0 90.9856 36.721
54 42 0 4.38637 93.382
54 43 0 21.757 71.82
54 44 0 46.5515 29.7712
54 45 0 14.4233 62.1248
54 46 0 66.7071 34.0082
54 47 0 91.3555 75.5405
54 48 1 18.281 83.3994
54 49 0 72.5479 17.5225
54 50 0 81.3908 34.3226
54 51 0 94.6825 21.1662
54 52 0 81.9616 98.6466
54 53 0 21.8546 59.6453
54 55 1 16.0576 11.1042
54 56 1 20.9102 13.937
54 57 0 58.8176 98.4924
54 58 0 5.38008 28.3001
54 59 0 48.2994 23.3242
54 60 0 7.10681 84.2784
55 1 0 44.1075 18.975
55 2 0 36.4852 24.1583
55 3 0 12.7812 53.2261
55 4 0 7.18249 75.946
55 5 0 64.6455 40.4129
55 6 0 40.3392 40.5531
55 7 0 95.0834 85.9819
55 8 0 9.57417 96.0611
55 9 0 90.245 16.0304
55 10 1 99.5413 12.3578
55 11 0 42.8835 38.7506
55 12 0 55.1239 98.1792
55 13 0 28.9948 33.6899
55 14 0 70.3051 96.729
55 15 0 48.4646 72.0964
55 16 0 77.8762 96.3975
55 17 0 28.1739 95.0653
55 18 0 25.158 34.8945
55 19 0 67.488 58.8516
55 20 0 47.402 34.4168
55 21 0 93.984 19.2668
55 22 0 41.7533 25.5523
55 23 0 22.4311 57.0058
55 24 0 67.2885 17.7601
55 25 1 26.732 24.7504
55 26 0 76.434 57.9319
55 27 0 89.1234 49.3181
55 28 0 89.9323 69.7111
55 29 0 47.3048 32.2261
55 30 0 85.4154 83.2924
55 31 0 61.8651 70.7697
55 32 0 14.048 17.0896
55 33 0 27.2652 89.9927
55 34 0 67.7969 10.9935
55 35 0 85.8909 80.1907
55 36 0 91.8734 94.0253
55 37 0 80.4439 72.6792
55 38 0 28.4902 63.0532
55 39 0 96.6131 95.9634
55 40 0 77.4206 58.0948
55 41 0 62.5244 93.1885
55 42 0 32.7856 18.8929
55 43 0 11.2808 21.2773
55 44 0 47.8426 74.9599
55 45 0 15.6061 99.8673
55 46 0 54.5995 5.31822
55 47 0 99.8527 75.1634
55 48 0 91.9987 70.3568
55 49 0 60.3356 88.0302
55 50 0 16.3833 81.0271
55 51 0 85.0905 91.5546
55 52 0 48.3584 38.7324
55 53 0 55.4075 65.2945
55 54 0 47.4186 69.5176
55 56 1 52.3839 23.8818
55 57 0 62.8791 6.84793
55 58 0 48.9756 66.4075
55 59 0 20.5738 8.39275
55 60 0 15.9712 43.0446
56 1 0 86.3892 56.8809
56 2 0 43.6062 56.7168
56 3 1 7.95422 6.83585
56 4 0 46.3993 61.4227
56 5 0 96.0944 39.5736
56 6 0 9.38847 58.5512
56 7 1 3.49589 90.106
56 8 0 18.1697 15.5094
56 9 0 27.3333 80.5875
56 10 0 53.1345 66.4124
56 11 0 58.8577 50.7206
56 12 0 27.329 66.3603
56 13 0 51.5717 99.1083
56 14 0 23.2307 6.92434
56 15 0 86.6595 11.4888
56 16 0 90.6458 21.8951
56 17 1 98.1879 49.8806
56 18 0 64.1874 19.7844
56 19 0 38.7212 51.5251
56 20 0 27.2054 12.9443
56 21 0 45.2458 86.6579
56 22 1 25.641 98.3859
56 23 0 89.1536 24.1367
56 24 0 84.3234 7.47982
56 25 0 13.0814 65.234
56 26 0 34.2683 69.6403
56 27 0 32.1297 44.3654
56 28 0 10.6043 65.365
56 29 0 98.8102 84.126
56 30 0 9.96508 41.1548
56 31 0 84.3473 30.4877
56 32 0 84.58 25.4033
56 33 0 81.3241 7.60691
56 34 0 78.4346 58.2069
56 35 0 59.7504 30.4948
56 36 0 44.2843 5.12226
56 37 0 5.3005 77.3815
56 38 0 3.06774 50.367
56 39 0 23.7882 95.1402
56 40 0 77.4607 82.8379
56 41 0 92.0122 53.4471
56 42 0 13.7984 61.5678
56 43 0 36.4438 92.3866
56 44 0 58.0191 93.7025
56 45 0 68.8312 19.482
56 46 0 31.0938 55.1672
56 47 0 25.0377 51.7071
56 48 0 85.4349 68.2272
56 49 0 50.5526 54.4371
56 50 0 46.5864 69.3713
56 51 1 66.1856 4.85407
56 52 0 31.7337 9.70554
56 53 0 26.7617 88.4279
56 54 1 8.7145 25.5838
56 55 1 47.7316 89.8106
56 57 1 64.6325 74.9946
56 58 0 83.0374 81.9663
56 59 0 37.8212 58.7881
56 60 0 9.75719 89.2145
57 1 0 22.8047 33.6371
57 2 0 62.0443 25.1527
57 3 0 40.8917 65.2749
57 4 0 83.5633 7.58335
57 5 0 30.365 47.2118
57 6 1 11.1149 13.2656
57 7 0 94.6764 20.9526
57 8 0 49.0212 6.03733
57 9 0 63.4259 67.0683
57 10 0 14.7992 80.9544
57 11 0 16.314 59.9214
57 12 1 59.4961 41.9718
57 13 0 14.3243 85.0542
57 14 0 56.3787 51.1241
57 15 0 0.685422 23.3106
57 16 0 87.6636 28.6403
57 17 0 3.61662 28.4887
57 18 1 81.1916 8.54282
57 19 0 61.5125 5.56477
57 20 0 99.9334 39.065
57 21 0 24.5685 42.2045
57 22 0 26.353 11.6564
57 23 0 96.5323 17.7361
57 24 0 56.8502 49.2622
57 25 0 75.2526 27.1733
57 26 0 78.5107 14.0876
57 27 0 84.0553 2.21045
57 28 0 95.1974 89.1995
57 29 0 32.0013 71.7814
57 30 0 79.2941 50.6615
57 31 0 90.438 11.1324
57 32 0 47.1484 52.1556
57 33 0 80.9942 32.5019
57 34 0 49.7463 30.6726
57 35 0 17.8854 79.2184
57 36 0 57.5474 28.5744
57 37 0 45.6172 27.0966
57 38 0 52.0095 18.8279
57 39 0 78.0658 51.112
57 40 0 87.9985 76.3341
57 41 0 85.519 21.0191
57 42 0 98.7871 36.213
57 43 1 89.1703 93.736
57 44 0 43.0292 33.2484
57 45 0 49.0626 46.9999
57 46 0 49.5542 37.9079
57 47 0 40.1617 80.4161
57 48 0 44.856 11.8261
57 49 0 35.4882 58.9086
57 50 0 88.6536 94.4887
57 51 0 8.67688 93.9941
57 52 0 18.4009 39.4294
57 53 0 57.8836 25.7491
57 54 0 50.0586 78.1601
57 55 0 50.1683 65.7516
57 56 0 97.5246 64.689
57 58 1 18.8229 37.3197
57 59 1 80.0576 70.0004
57 60 0 99.5091 88.4706
58 1 0 4.36399 95.9265
58 2 0 22.3231 90.7318
58 3 0 85.1464 97.2755
58 4 0 91.1293 42.5733
58 5 0 28.6378 53.3559
58 6 0 82.8416 1.21084
58 7 0 91.6948 59.6892
58 8 0 89.1178 50.6106
58 9 0 83.8569 31.1553
58 10 0 33.4023 60.9852
58 11 0 90.2927 5.20309
58 12 0 76.8493 15.2306
58 13 0 78.7852 39.9631
58 14 0 70.4431 29.863
58 15 0 19.8912 21.4821
58 16 0 48.8291 59.9911
58 17 0 98.0293 49.6065
58 18 0 36.4578 28.2636
58 19 0 83.8689 66.9197
58 20 0 5.38655 13.6954
58 21 1 46.3776 83.7885
58 22 0 14.1836 46.2602
58 23 0 81.3277 82.3173
58 24 0 88.8722 8.26397
58 25 1 58.021 23.6399
58 26 0 75.7362 2.10082
58 27 0 59.1084 33.0699
58 28 0 52.6695 8.84324
58 29 0 96.1566 28.5716
58 30 0 14.2554 39.819
58 31 0 80.0607 33.3472
58 32 0 34.1979 8.18228
58 33 0 31.7283 19.5236
58 34 0 11.8438 18.9274
58 35 0 45.5435 11.2105
58 36 1 84.8385 86.6492
58 37 0 72.4811 8.49117
58 38 0 38.0033 82.4068
58 39 0 78.9203 39.8184
58 40 0 68.966 2.59379
58 41 0 64.16 47.1178
58 42 0 69.647 69.0807
58 43 0 92.9665 97.1789
58 44 0 93.1384 9.13672
58 45 0 86.8978 36.3174
58 46 0 46.5322 24.5967
58 47 0 29.4905 2.33516
58 48 0 2.21535 90.2605
58 49 0 70.9851 86.3109
58 50 0 75.4975 36.1478
58 51 0 15.9676 80.1723
58 52 0 42.1596 4.65364
58 53 0 32.3401 37.1621
58 54 0 58.0256 6.20641
58 55 0 67.6107 67.8778
58 56 0 23.0784 37.1391
58 57 0 68.3984 22.3224
58 59 1 55.8179 48.577
58 60 0 65.3162 8.94337
59 1 0 88.7711 29.5282
59 2 0 42.6877 33.9503
59 3 0 30.6097 93.9122
59 4 0 11.6336 27.0231
59 5 0 37.0637 7.36626
59 6 0 0.362282 78.5721
59 7 0 25.9296 11.1244
59 8 1 76.4618 97.4913
59 9 0 82.7861 14.5612
59 10 0 80.4869 96.7518
59 11 0 91.9553 97.2405
59 12 0 90.8538 79.8567
59 13 1 1.64275 64.9325
59 14 0 80.1425 78.5797
59 15 0 85.6489 85.6155
59 16 0 79.2025 0.595359
59 17 0 86.1336 62.3738
59 18 0 48.1379 13.4866
59 19 0 11.8122 51.6707
59 20 0 17.1617 48.2609
59 21 0 85.5793 54.3749
59 22 0 2.43433 33.4833
59 23 0 77.9429 19.8487
59 24 0 73.3338 14.2261
59 25 0 67.5012 52.9181
59 26 0 35.2399 94.4051
59 27 0 36.6919 30.2479
59 28 0 93.1858 61.2733
59 29 0 9.76843 45.0975
59 30 0 30.2456 92.4817
59 31 0 67.8061 77.2124
59 32 0 62.8246 26.3259
59 33 0 18.648 20.9068
59 34 0 37.235 53.1487
59 35 0 73.7654 20.0295
59 36 0 44.0449 42.9161
59 37 0 56.1142 60.7811
59 38 1 94.2833 76.0287
59 39 0 7.02568 9.91683
59 40 0 82.9501 21.2162
59 41 1 21.4664 96.6912
59 42 0 36.9972 35.2169
59 43 0 97.36 3.83224
59 44 0 27.084 72.3822
59 45 0 54.2377 39.0341
59 46 0 7.65165 51.4244
59 47 0 6.60277 65.4927
59 48 0 45.0249 40.2909
59 49 0 63.8667 68.459
59 50 0 43.8662 28.0124
59 51 0 95.0754 72.1035
59 52 0 1.24987 49.8881
59 53 0 73.543 66.7055
59 54 0 28.6883 88.7085
59 55 0 78.379 15.6661
59 56 0 53.8289 79.8618
59 57 0 22.8979 69.8374
59 58 0 97.8125 11.2045
59 60 1 74.8953 16.1497
60 1 1 16.0826 92.9747
60 2 0 58.6837 17.1006
60 3 0 22.6409 88.1552
60 4 0 56.5613 10.2751
60 5 0 72.8564 3.35064
60 6 0 39.1471 85.5269
60 7 0 93.1571 57.2847
60 8 0 37.8199 13.1457
60 9 1 39.1109 70.6649
60 10 0 90.975 47.2067
60 11 0 36.9365 27.9286
60 12 0 37.8231 23.4832
60 13 0 16.7648 8.47465
60 14 0 45.3545 80.7738
60 15 0 99.8234 26.2538
60 16 0 26.2473 29.2288
60 17 0 16.6313 89.6279
60 18 0 11.9942 70.865
60 19 0 65.8582 37.0777
60 20 0 16.6742 86.4869
60 21 0 23.9717 13.1737
60 22 0 96.7096 93.6061
60 23 0 32.3863 24.5568
60 24 0 57.757 48.0102
60 25 0 98.7292 65.4626
60 26 0 53.8233 34.4687
60 27 0 49.1853 22.89
60 28 0 13.7282 6.17694
60 29 0 80.6788 59.0119
60 30 0 73.0439 10.2513
60 31 0 42.3775 27.5992
60 32 0 96.1604 9.49761
60 33 0 80.2348 4.17167
60 34 0 56.7009 84.7014
60 35 1 39.242 11.9907
60 36 0 61.4453 11.101
60 37 0 16.6234 95.5281
60 38 0 68.7317 61.5331
60 39 0 81.4701 14.2612
60 40 0 72.7069 27.2068
60 41 0 71.3601 13.1856
60 42 1 99.3564 44.6557
60 43 0 40.4883 14.3879
60 44 0 74.6989 37.0172
60 45 0 12.2293 43.5436
60 46 0 92.389 88.4701
60 47 0 66.7986 57.6893
60 48 0 12.3968 76.2601
60 49 1 2.17568 28.4442
60 50 0 17.339 26.2901
60 51 0 63.3017 29.0199
60 52 1 32.8494 75.8608
60 53 0 6.42823 47.0504
60 54 0 32.8372 15.7685
60 55 0 2.43889 25.5888
60 56 0 99.1274 92.8738
60 57 0 0.521054 64.6877
60 58 0 62.6661 20.3453
60 59 0 73.9336 5.93571
12.6246 9.10823 34.5488 22.7461 32.2209 7.51036 2.56317 22.8543 33.192 25.4209 6.83721 1.45805 22.0091 38.4841 26.8155 28.9408 26.2138 7.59158 25.3336 30.9828 22.0565 11.6144 2.45264 34.9766 13.0894 2.08064 3.63929 21.8922 25.545 23.53 22.4457 8.26968 8.08851 13.4181 33.9723 5.54733 28.286 34.324 19.4014 33.782 1.05731 13.8058 36.4855 0.85655 36.3273 34.9862 25.5391 28.4651 1.64462 13.1149 5.53932 38.7244 3.17455 22.6934 12.406 14.4418 33.312 4.78179 28.4853 28.8285 