60
300
4
50
1 2 1 48.6764 77.5866
1 3 0 57.6657 6.75008
1 4 0 65.6708 24.7804
1 5 0 92.1537 82.8401
1 6 0 2.55092 41.4748
1 7 0 98.5617 48.1578
1 8 0 44.3118 86.5069
1 9 0 92.1 80.7018
1 10 0 50.5546 2.62493
1 11 0 90.9954 84.1103
1 12 0 85.709 67.1289
1 13 0 81.5323 52.0011
1 14 0 73.3916 68.155
1 15 0 43.6455 48.1782
1 16 0 84.9465 36.4347
1 17 0 61.3734 0.743741
1 18 0 67.3122 13.0819
1 19 0 28.5566 55.3359
1 20 0 34.8446 22.6369
1 21 0 27.9981 4.28197
1 22 0 5.70486 39.1815
1 23 1 29.8382 40.8442
1 24 0 47.8557 34.815
1 25 0 52.7851 79.9686
1 26 0 10.4023 36.3487
1 27 0 76.4133 62.8346
1 28 0 16.8134 29.9075
1 29 0 8.78193 8.79672
1 30 0 61.5309 31.4455
1 31 0 16.3607 17.1895
1 32 1 29.2815 95.4002
1 33 0 26.3439 23.7608
1 34 0 96.3381 30.3773
1 35 0 15.4008 6.34551
1 36 0 40.76 48.9478
1 37 0 28.8568 19.8417
1 38 0 71.7255 2.71094
1 39 0 42.2684 32.3817
1 40 0 83.1371 65.2656
1 41 1 2.39757 31.0351
1 42 0 71.243 43.2354
1 43 0 62.1057 85.5574
1 44 0 85.8884 57.1629
1 45 0 95.9253 88.7928
1 46 0 10.0065 23.0367
1 47 0 28.6376 15.5437
1 48 0 85.7061 39.5049
1 49 0 83.5986 25.7325
1 50 0 20.9301 54.8902
1 51 0 43.3571 59.6258
1 52 0 11.2823 85.8085
1 53 0 36.1848 64.5857
1 54 0 11.2808 55.7071
1 55 0 49.5236 17.9747
1 56 0 61.2734 19.2811
1 57 0 31.718 30.9884
1 58 0 92.7094 69.8396
1 59 0 30.9729 38.847
1 60 0 57.9949 48.5435
2 1 0 58.4059 59.8103
2 3 1 42.1929 21.6808
2 4 0 81.8498 5.45724
2 5 0 77.9061 51.6169
2 6 0 12.5917 30.3152
2 7 1 78.6388 19.8894
2 8 1 32.6193 94.9272
2 9 0 51.3465 57.8042
2 10 0 22.3852 92.3539
2 11 0 28.9369 57.9551
2 12 0 52.6088 67.1773
2 13 0 48.3306 7.9205
2 14 0 7.08463 57.5332
2 15 1 34.7942 26.1582
2 16 0 42.4922 70.7038
2 17 0 1.15236 80.4817
2 18 0 72.4335 60.3242
2 19 0 96.0093 75.5844
2 20 0 14.1251 93.1297
2 21 0 30.0746 48.9038
2 22 0 28.2039 49.8409
2 23 0 83.6345 48.1629
2 24 0 67.7963 74.5526
2 25 0 74.3052 41.6604
2 26 0 90.2817 94.0718
2 27 1 42.8888 33.3056
2 28 0 28.2545 88.6926
2 29 0 44.6637 91.9982
2 30 0 77.8596 67.5164
2 31 0 51.7897 40.4907
2 32 0 22.2889 56.6579
2 33 0 91.9634 68.5201
2 34 1 79.9401 16.7928
2 35 0 64.1239 78.777
2 36 0 47.0545 55.6397
2 37 1 8.78346 59.1408
2 38 1 23.5824 91.0658
2 39 0 43.609 2.97595
2 40 0 57.8246 47.7655
2 41 0 66.604 5.6191
2 42 0 53.4553 41.9618
2 43 0 60.8345 77.1174
2 44 0 71.3007 59.7767
2 45 0 89.3873 36.9703
2 46 0 86.7352 68.4614
2 47 0 19.9606 43.5619
2 48 0 67.2447 40.8928
2 49 0 56.5035 0.000764476
2 50 0 84.5812 91.6195
2 51 0 37.0952 55.5359
2 52 1 48.8861 26.1865
2 53 0 7.88992 17.592
2 54 0 5.86528 45.1994
2 55 0 54.3956 98.5761
2 56 0 55.1091 7.94107
2 57 0 89.5611 26.8262
2 58 0 60.2747 43.9737
2 59 0 18.763 33.1464
2 60 0 58.4904 40.8794
3 1 0 42.439 12.8486
3 2 0 17.4204 62.465
3 4 1 90.213 67.3371
3 5 0 51.6242 35.4733
3 6 0 51.0409 8.8074
3 7 0 88.4229 0.909462
3 8 0 66.4121 45.5868
3 9 0 48.7084 95.3606
3 10 0 82.2888 12.17
3 11 0 62.5009 64.8474
3 12 0 27.1796 99.9321
3 13 0 14.7478 92.2057
3 14 0 12.1904 77.2574
3 15 0 65.7885 85.7046
3 16 0 38.9864 78.6577
3 17 0 87.974 65.7182
3 18 0 38.2899 25.9438
3 19 0 91.8214 85.3273
3 20 0 35.856 38.7604
3 21 0 95.0665 35.7703
3 22 1 64.0336 38.1123
3 23 0 6.74651 69.0797
3 24 0 28.4702 67.9988
3 25 0 57.5881 44.5989
3 26 0 24.0244 86.7243
3 27 0 77.7306 0.521752
3 28 1 8.0949 34.9013
3 29 0 7.72341 22.4922
3 30 0 92.7747 13.5278
3 31 0 76.9855 57.0339
3 32 0 0.493412 15.9074
3 33 0 72.969 65.2962
3 34 0 23.656 97.5934
3 35 0 57.5653 52.1841
3 36 0 76.9059 52.144
3 37 0 73.7503 23.693
3 38 0 61.974 52.8049
3 39 1 47.535 7.95244
3 40 0 44.4838 53.4738
3 41 0 83.8822 65.9216
3 42 1 40.0135 2.7369
3 43 0 70.0409 76.4957
3 44 0 50.5004 78.7612
3 45 0 23.1593 46.1441
3 46 0 97.7776 99.0948
3 47 1 80.483 54.7167
3 48 0 31.3041 54.2878
3 49 0 31.0852 28.4565
3 50 0 7.33485 84.3388
3 51 0 64.2435 67.677
3 52 0 93.4615 14.5597
3 53 0 41.3265 91.58
3 54 0 78.1923 58.9742
3 55 1 40.5055 84.2743
3 56 0 33.0695 96.5167
3 57 0 75.3682 74.7619
3 58 1 63.7757 40.1545
3 59 0 20.2383 25.6299
3 60 0 21.308 73.7074
4 1 0 45.8823 73.8568
4 2 0 78.0451 85.1915
4 3 0 16.849 86.0758
4 5 1 55.6539 80.7108
4 6 0 53.0762 15.5877
4 7 0 27.5869 70.3553
4 8 0 88.5826 62.129
4 9 0 42.2663 67.9663
4 10 0 23.8505 56.3795
4 11 0 52.69 29.4375
4 12 0 66.5913 75.2363
4 13 0 96.3344 54.8709
4 14 0 68.2093 68.9817
4 15 0 37.8493 44.8044
4 16 0 74.33 82.3256
4 17 0 77.8508 56.1935
4 18 1 22.0235 21.4292
4 19 0 96.9654 81.9619
4 20 0 61.3875 9.99994
4 21 0 38.646 22.9546
4 22 0 53.6664 56.6047
4 23 0 88.0923 50.0052
4 24 0 45.6528 54.4768
4 25 0 18.684 69.0032
4 26 0 49.4255 59.7851
4 27 1 23.2866 27.6618
4 28 0 44.3184 46.1644
4 29 0 48.5872 8.87785
4 30 0 40.174 92.2386
4 31 0 66.0351 61.5237
4 32 0 20.6553 38.1658
4 33 0 43.6139 10.8375
4 34 0 86.2258 61.7327
4 35 0 72.8741 60.5915
4 36 0 71.7945 9.48202
4 37 0 99.6268 85.703
4 38 0 59.5815 6.7902
4 39 0 87.0569 79.9439
4 40 0 49.6008 22.8761
4 41 0 82.5857 41.437
4 42 0 4.33945 95.8087
4 43 0 99.4401 44.5692
4 44 0 84.9755 91.9367
4 45 0 53.6051 16.5503
4 46 0 52.4095 98.0442
4 47 0 97.9495 46.9405
4 48 0 55.8879 49.1807
4 49 0 93.6467 22.4358
4 50 0 44.7982 60.3037
4 51 0 79.1862 64.3486
4 52 0 93.9661 28.414
4 53 0 32.7257 37.068
4 54 0 64.1231 63.7385
4 55 0 81.0939 45.2504
4 56 0 75.2566 76.4319
4 57 0 50.6006 1.3162
4 58 0 19.2773 5.31653
4 59 0 60.7057 80.219
4 60 0 83.4684 72.045
5 1 0 70.0014 14.0945
5 2 0 7.44838 77.9642
5 3 0 75.8089 76.8135
5 4 0 71.7781 91.9991
5 6 1 7.2942 60.3857
5 7 0 64.4773 24.4449
5 8 0 51.6376 91.3622
5 9 0 75.0114 24.853
5 10 0 69.8015 81.5601
5 11 0 53.1986 88.5501
5 12 0 27.2275 4.93153
5 13 0 0.0027163 72.57
5 14 0 21.4352 5.0673
5 15 0 17.3383 91.9779
5 16 0 5.05981 81.3051
5 17 0 12.8492 25.1158
5 18 0 8.06727 53.3404
5 19 0 92.6985 13.001
5 20 0 12.3295 66.0791
5 21 0 86.6601 12.3371
5 22 0 8.65072 6.30421
5 23 0 24.6253 15.7596
5 24 0 4.13989 74.1619
5 25 0 98.4229 72.2809
5 26 0 93.5341 23.3512
5 27 0 77.9778 94.6704
5 28 0 82.9496 15.0816
5 29 0 85.8265 29.8926
5 30 0 79.9026 22.8066
5 31 0 73.6224 36.5803
5 32 1 40.0909 10.8256
5 33 0 18.5531 41.3942
5 34 0 63.1224 23.7232
5 35 0 83.8355 37.0724
5 36 0 23.8758 76.0745
5 37 0 5.3861 28.686
5 38 0 24.2667 58.0911
5 39 0 37.6997 31.1684
5 40 0 59.169 10.9105
5 41 1 48.6918 83.5353
5 42 0 40.8026 15.9216
5 43 0 80.9454 71.1741
5 44 0 59.4751 8.01679
5 45 0 4.93163 12.1896
5 46 0 19.4367 21.4483
5 47 0 74.1395 36.0319
5 48 0 97.4629 55.9284
5 49 0 49.8938 98.9189
5 50 0 28.1599 39.354
5 51 0 14.0582 62.0864
5 52 0 93.1055 84.2793
5 53 1 64.9942 81.3628
5 54 0 44.8369 7.32869
5 55 0 22.6498 44.2738
5 56 0 72.3649 61.5682
5 57 0 79.8716 29.863
5 58 0 79.6364 68.9309
5 59 0 34.2304 77.0836
5 60 0 91.2924 89.0469
6 1 0 79.3703 20.4196
6 2 0 10.385 2.55715
6 3 0 73.5574 4.65714
6 4 0 52.8134 25.5188
6 5 0 22.4182 94.3356
6 7 1 22.4969 67.5826
6 8 0 22.1364 4.77428
6 9 0 8.30397 48.5872
6 10 0 46.1836 78.8357
6 11 0 93.0868 84.7448
6 12 0 98.5036 54.8114
6 13 0 1.55028 13.7884
6 14 0 64.7988 81.8146
6 15 0 76.8426 73.2723
6 16 0 57.1621 63.2675
6 17 0 42.1448 45.9964
6 18 0 83.7496 77.059
6 19 0 73.2693 27.7602
6 20 0 85.4677 59.9433
6 21 0 81.3089 31.1878
6 22 0 93.9304 73.5926
6 23 0 38.1503 47.3914
6 24 0 36.5052 12.6552
6 25 0 94.7443 70.4107
6 26 0 34.3297 71.3648
6 27 1 40.6913 19.2881
6 28 0 71.6246 90.6865
6 29 0 34.2823 94.1641
6 30 0 77.0103 67.1237
6 31 0 47.7064 5.7
6 32 0 55.5939 99.9651
6 33 0 82.9524 41.1879
6 34 0 28.7341 77.3833
6 35 0 67.2054 95.7076
6 36 0 22.161 71.8235
6 37 0 64.8318 74.9892
6 38 0 42.5268 70.2785
6 39 0 11.9368 9.02825
6 40 0 70.8863 86.7899
6 41 0 21.544 62.9458
6 42 0 81.5125 7.47965
6 43 0 17.8773 43.6663
6 44 0 52.6652 97.9847
6 45 0 55.9125 25.4238
6 46 0 15.2923 57.9408
6 47 0 21.1626 72.2121
6 48 0 23.6953 37.8663
6 49 0 3.75457 44.3285
6 50 0 99.8621 10.5608
6 51 0 74.7795 9.04995
6 52 0 88.727 35.3862
6 53 0 47.1678 77.9683
6 54 0 97.6923 28.7214
6 55 0 47.4148 26.7668
6 56 0 41.8543 36.6596
6 57 0 82.8798 79.9875
6 58 0 47.1978 96.767
6 59 0 37.0845 20.0398
6 60 0 89.3907 43.9994
7 1 0 18.108 97.4562
7 2 0 52.8433 38.855
7 3 0 37.365 65.3119
7 4 0 64.0785 16.4298
7 5 0 3.06913 65.0549
7 6 0 19.6491 77.0245
7 8 1 34.4695 47.9272
7 9 0 95.6229 70.021
7 10 0 89.5149 19.5778
7 11 0 67.2182 43.0542
7 12 0 66.9842 36.4157
7 13 0 43.1119 72.5925
7 14 0 79.8856 16.4316
7 15 0 49.8763 50.7811
7 16 0 48.9418 50.5167
7 17 1 23.1411 79.7809
7 18 0 10.5445 62.3952
7 19 0 60.1751 11.4671
7 20 0 49.5508 46.9255
7 21 0 32.6154 34.967
7 22 0 90.7664 66.7679
7 23 0 55.4635 36.9328
7 24 1 93.3251 69.842
7 25 0 86.4918 89.8448
7 26 0 98.4497 66.4004
7 27 0 44.7098 33.8133
7 28 0 97.2723 25.858
7 29 0 1.6258 72.4741
7 30 1 19.9672 68.0836
7 31 0 89.064 52.2827
7 32 0 35.5651 77.5112
7 33 0 44.2409 78.4287
7 34 0 24.797 31.1097
7 35 0 67.5949 49.8109
7 36 0 81.7687 22.6316
7 37 0 37.999 80.803
7 38 0 79.4365 44.3278
7 39 0 98.1986 12.0049
7 40 0 63.4624 84.7279
7 41 0 34.2131 99.9355
7 42 0 99.6422 65.8531
7 43 0 83.1519 17.1939
7 44 1 50.789 81.1198
7 45 0 27.9881 84.5011
7 46 0 80.7678 96.1738
7 47 0 3.50349 76.8812
7 48 0 21.9937 63.857
7 49 0 11.8344 78.6088
7 50 0 67.4149 6.45657
7 51 0 0.294567 77.169
7 52 1 11.8235 73.6016
7 53 0 56.5332 77.8495
7 54 0 2.01533 1.87771
7 55 0 88.8996 68.3267
7 56 0 93.0104 99.7952
7 57 0 16.6116 93.7823
7 58 0 36.5936 35.1921
7 59 0 26.2295 0.320142
7 60 0 62.7285 78.5766
8 1 0 33.5077 2.27596
8 2 0 64.1691 36.5833
8 3 0 59.2641 12.3542
8 4 0 3.23708 47.2777
8 5 0 69.81 32.4971
8 6 0 62.8978 15.3172
8 7 0 66.6656 42.5608
8 9 1 67.4134 71.5031
8 10 0 11.5482 80.6195
8 11 0 35.0808 56.2564
8 12 0 66.7851 37.9019
8 13 0 7.15216 93.8464
8 14 0 27.5836 96.2166
8 15 0 56.9619 17.6914
8 16 0 49.3331 58.0833
8 17 0 16.7549 89.247
8 18 0 8.83958 38.3208
8 19 0 32.3822 74.8984
8 20 0 52.2679 58.6358
8 21 0 61.8113 37.8249
8 22 0 41.811 42.1551
8 23 0 86.8744 32.5244
8 24 0 91.3846 42.7119
8 25 0 42.7506 78.8304
8 26 0 26.7071 10.733
8 27 0 47.2664 97.7175
8 28 0 64.1753 18.2005
8 29 0 30.3095 15.1626
8 30 0 63.0908 58.3407
8 31 0 75.7077 17
8 32 0 11.6557 68.0418
8 33 0 6.38724 37.6461
8 34 0 71.0018 19.8179
8 35 0 43.8526 20.7704
8 36 0 39.276 26.8201
8 37 0 10.948 36.4002
8 38 0 93.1111 13.3098
8 39 0 25.3558 78.1537
8 40 0 33.5994 84.7091
8 41 0 27.3825 15.6206
8 42 0 19.8545 97.4682
8 43 0 17.1294 64.2094
8 44 0 94.9528 21.8244
8 45 0 57.3473 65.7943
8 46 0 5.65028 84.5303
8 47 0 41.1581 89.0807
8 48 0 54.164 22.8204
8 49 0 89.8261 78.2938
8 50 1 28.925 47.3189
8 51 0 19.2254 37.4036
8 52 0 60.09 94.7818
8 53 0 90.4639 39.9961
8 54 0 9.81417 0.709634
8 55 0 83.7114 1.39902
8 56 0 84.8671 99.0891
8 57 0 65.98 41.4352
8 58 1 39.9972 15.3974
8 59 1 43.8439 78.7018
8 60 0 61.1914 44.3488
9 1 0 17.2325 9.93915
9 2 1 33.1775 5.45393
9 3 0 93.9361 28.7812
9 4 0 13.7111 18.0718
9 5 0 15.5998 56.3506
9 6 0 66.1768 29.3423
9 7 0 78.566 99.7345
9 8 0 77.1744 61.8049
9 10 1 37.7771 99.7796
9 11 0 58.7361 82.4597
9 12 0 42.4997 91.8396
9 13 0 71.7113 97.2852
9 14 0 42.5216 74.4283
9 15 0 29.6732 0.477004
9 16 0 46.8085 91.293
9 17 0 77.5174 24.4472
9 18 0 23.5707 61.1855
9 19 1 96.7131 96.4642
9 20 0 71.1529 92.4573
9 21 0 17.2834 30.169
9 22 0 16.2034 60.7475
9 23 0 56.9293 37.9796
9 24 0 23.3313 30.6003
9 25 0 27.5351 11.1528
9 26 0 83.4331 54.8106
9 27 0 51.7768 29.4146
9 28 0 16.9805 47.2614
9 29 0 9.97667 70.1183
9 30 0 68.9446 57.3041
9 31 0 75.6623 29.3426
9 32 0 33.1307 21.3671
9 33 0 30.8128 0.544136
9 34 0 95.1314 99.5496
9 35 0 82.2976 83.6661
9 36 0 98.8141 16.4708
9 37 0 89.2357 38.4381
9 38 0 26.2491 86.0265
9 39 0 56.7441 25.5842
9 40 0 77.8373 5.1999
9 41 0 34.0049 1.48746
9 42 0 19.8803 50.3252
9 43 0 11.0559 78.2093
9 44 0 34.4865 7.39783
9 45 0 50.2969 52.038
9 46 0 68.5275 98.8071
9 47 0 49.8097 15.8365
9 48 0 4.44313 73.0532
9 49 0 92.6085 76.0397
9 50 0 52.0169 92.252
9 51 0 24.9467 80.0328
9 52 1 11.6116 51.1907
9 53 0 97.065 21.6935
9 54 0 85.1801 20.2386
9 55 0 12.1603 66.4444
9 56 1 82.8483 45.2862
9 57 0 16.4625 35.2564
9 58 0 41.5562 78.4371
9 59 0 81.442 65.098
9 60 0 24.3175 1.64816
10 1 0 18.3068 62.7357
10 2 0 4.61784 89.9243
10 3 0 51.3135 93.423
10 4 0 93.6466 22.6849
10 5 0 25.2094 49.553
10 6 0 81.5734 17.6782
10 7 0 18.8833 21.198
10 8 0 97.8519 31.6152
10 9 0 32.1675 2.51177
10 11 1 3.91208 67.8521
10 12 0 67.3813 55.9605
10 13 0 79.0789 22.0576
10 14 0 51.2717 11.4234
10 15 0 77.6354 22.0873
10 16 0 50.2861 19.5667
10 17 1 8.82427 61.2009
10 18 0 18.4353 45.147
10 19 0 17.5205 27.919
10 20 0 78.8475 4.00191
10 21 0 89.3145 60.1453
10 22 1 21.3412 9.86587
10 23 0 41.9537 57.9575
10 24 0 12.0675 59.6709
10 25 0 59.5124 28.5812
10 26 0 34.1118 90.3921
10 27 0 9.65789 46.8329
10 28 0 92.3781 15.7461
10 29 0 17.9899 24.4994
10 30 0 90.2193 92.3758
10 31 0 18.6399 20.98
10 32 0 35.6309 59.9815
10 33 0 72.2095 30.0603
10 34 0 99.8523 23.5993
10 35 0 15.2264 5.80337
10 36 0 33.7687 33.7793
10 37 0 78.8585 3.15039
10 38 0 15.4887 57.0224
10 39 0 71.1718 11.4613
10 40 0 15.0196 63.736
10 41 0 48.9813 65.8028
10 42 0 79.4521 89.1548
10 43 0 36.4639 32.8573
10 44 0 20.9266 74.6855
10 45 0 80.5486 74.2792
10 46 0 80.6978 50.9864
10 47 0 93.2874 1.93767
10 48 0 10.4858 48.5428
10 49 0 75.3145 92.8913
10 50 0 9.5879 37.1991
10 51 0 70.2569 34.8526
10 52 0 28.801 52.2589
10 53 0 27.7564 46.5283
10 54 0 56.5838 32.2057
10 55 0 20.2133 63.8276
10 56 0 48.057 80.502
10 57 0 92.3473 67.7033
10 58 0 55.5941 96.9399
10 59 0 51.0626 2.91671
10 60 0 43.784 0.307936
11 1 0 74.2567 46.3773
11 2 0 13.9861 85.3453
11 3 0 58.255 45.8264
11 4 0 95.5092 90.7116
11 5 0 1.95255 42.4616
11 6 0 5.52323 54.363
11 7 0 24.4377 24.3303
11 8 0 71.7033 85.3607
11 9 0 4.52901 89.5999
11 10 0 58.594 68.1778
11 12 1 70.3198 23.7823
11 13 0 75.0537 9.40616
11 14 0 7.74617 68.5893
11 15 0 77.1214 56.1225
11 16 0 97.2368 51.3327
11 17 0 65.1854 1.4033
11 18 0 22.0796 63.9311
11 19 0 89.372 79.9102
11 20 0 47.8986 50.2561
11 21 0 68.0536 8.29385
11 22 0 24.0191 61.2674
11 23 0 68.5613 45.7847
11 24 0 85.8504 4.72005
11 25 0 39.7132 38.4376
11 26 0 47.8088 4.34615
11 27 0 64.7519 23.9065
11 28 0 82.9398 49.1404
11 29 0 3.75688 75.477
11 30 0 28.144 11.3478
11 31 0 19.0326 3.2365
11 32 1 23.5835 38.6714
11 33 0 87.7175 96.6644
11 34 0 9.74979 23.1558
11 35 0 89.8854 50.082
11 36 0 7.20998 79.0665
11 37 0 59.1262 31.2893
11 38 0 16.7726 97.8271
11 39 0 32.1724 76.6672
11 40 0 84.4134 29.3747
11 41 0 42.7879 4.16406
11 42 0 80.4541 95.3846
11 43 1 81.2671 36.7461
11 44 1 32.1172 15.6543
11 45 0 91.3105 80.919
11 46 0 77.4514 83.0626
11 47 0 34.628 64.1324
11 48 0 88.3351 22.0641
11 49 0 50.3786 90.9925
11 50 0 96.8384 29.8632
11 51 0 27.3285 65.7016
11 52 0 81.3468 95.9109
11 53 0 14.4826 96.297
11 54 0 0.604048 0.994198
11 55 0 9.82677 94.7475
11 56 0 78.1312 9.47994
11 57 0 14.7804 0.713714
11 58 0 38.594 29.3623
11 59 0 36.3853 15.3905
11 60 0 36.025 78.6522
12 1 0 13.6171 22.5316
12 2 0 18.8429 19.937
12 3 0 51.3173 5.41118
12 4 0 13.329 47.1944
12 5 0 93.0435 28.2459
12 6 0 81.5857 42.6636
12 7 0 36.4692 11.2348
12 8 0 62.182 72.3396
12 9 0 99.4038 28.366
12 10 0 92.0797 92.3459
12 11 0 26.195 81.9489
12 13 1 8.72741 35.316
12 14 0 12.4958 63.6919
12 15 0 14.7547 8.5274
12 16 0 77.148 70.6226
12 17 0 10.7834 18.3119
12 18 0 86.5536 69.3117
12 19 1 55.4495 2.37058
12 20 0 25.9636 12.0749
12 21 0 15.5963 31.13
12 22 1 5.73309 5.67062
12 23 0 94.0489 32.689
12 24 0 20.3447 32.8499
12 25 0 82.7219 92.5387
12 26 1 58.6518 6.15872
12 27 0 16.9822 86.761
12 28 1 19.2117 89.3399
12 29 1 71.9182 27.842
12 30 0 65.1336 43.9063
12 31 0 36.3142 59.5183
12 32 0 60.1 54.82
12 33 0 1.5305 74.2136
12 34 0 49.629 1.81506
12 35 0 27.0207 75.3529
12 36 0 47.337 53.4578
12 37 0 8.78197 37.8564
12 38 0 82.1197 28.8949
12 39 0 29.7953 78.0619
12 40 0 80.5826 21.3771
12 41 0 82.2228 17.7089
12 42 0 28.668 42.3077
12 43 0 23.4736 58.0491
12 44 0 90.1831 21.3464
12 45 0 71.6555 44.7139
12 46 0 62.9974 36.2296
12 47 0 10.3331 41.142
12 48 0 96.1171 75.8097
12 49 0 39.5949 77.0717
12 50 1 92.9145 35.8541
12 51 0 68.5854 81.8865
12 52 1 68.0397 9.6048
12 53 0 36.1804 55.428
12 54 0 69.2478 85.546
12 55 0 21.6256 0.689464
12 56 0 11.9494 56.2338
12 57 1 10.1226 40.0896
12 58 0 98.0999 72.3298
12 59 0 23.0719 52.059
12 60 0 73.9734 11.405
13 1 0 33.9924 44.4065
13 2 0 27.7552 32.2712
13 3 1 98.6069 97.723
13 4 0 96.9233 8.82689
13 5 0 17.9615 96.7574
13 6 0 74.1841 92.9299
13 7 0 82.3054 30.3825
13 8 0 83.4111 46.4079
13 9 0 97.1018 61.7949
13 10 0 79.3381 10.1825
13 11 0 21.4782 35.5722
13 12 0 50.0624 97.4172
13 14 1 40.5503 74.0166
13 15 0 50.8184 82.6975
13 16 0 37.9237 90.6375
13 17 0 59.7042 39.1965
13 18 0 47.2534 99.2552
13 19 0 85.4966 76.066
13 20 0 39.438 99.9344
13 21 0 75.0877 2.60716
13 22 0 56.0419 20.3505
13 23 0 34.5241 1.66194
13 24 1 87.5843 59.0701
13 25 0 70.5314 33.4445
13 26 0 28.9076 86.557
13 27 0 90.55 85.2098
13 28 0 38.6701 62.2367
13 29 1 66.1184 32.1573
13 30 0 84.589 98.1057
13 31 0 21.4593 46.2402
13 32 0 96.6763 11.4138
13 33 0 31.3055 67.1754
13 34 0 6.22183 68.4656
13 35 0 91.7974 53.2895
13 36 0 4.62523 30.9454
13 37 0 35.1852 75.6775
13 38 0 6.20805 18.4593
13 39 0 62.8727 5.91276
13 40 0 62.1295 37.9426
13 41 0 99.2052 69.6319
13 42 0 64.1983 64.8941
13 43 0 97.733 41.4045
13 44 0 74.3929 65.7664
13 45 0 33.8905 37.4294
13 46 0 23.6887 16.8963
13 47 0 89.9496 83.5273
13 48 0 37.3865 10.3493
13 49 0 0.907024 41.4085
13 50 0 88.5053 86.8846
13 51 0 34.1243 12.5339
13 52 0 50.854 47.053
13 53 0 48.9484 4.82491
13 54 0 42.4836 42.9662
13 55 0 39.0203 67.2529
13 56 0 55.5812 70.0828
13 57 0 0.803606 10.0803
13 58 1 62.8919 8.03637
13 59 0 21.3951 98.1241
13 60 0 65.7408 38.2772
14 1 0 52.5844 32.4454
14 2 0 45.7415 5.39884
14 3 0 64.2747 79.7326
14 4 1 79.2937 20.1753
14 5 0 81.3766 91.0261
14 6 1 89.7343 40.2076
14 7 0 24.727 34.1323
14 8 0 2.48314 62.1156
14 9 0 26.7674 57.6073
14 10 0 70.3111 16.0587
14 11 0 28.277 87.8225
14 12 1 50.8144 87.8217
14 13 0 38.3751 63.2029
14 15 1 24.3314 22.3026
14 16 0 1.52802 86.1378
14 17 0 81.4669 20.0251
14 18 0 56.0908 9.95469
14 19 0 82.7052 4.40284
14 20 0 12.0032 77.4345
14 21 0 65.6272 17.3727
14 22 0 16.5533 84.8315
14 23 0 34.6661 22.3118
14 24 0 26.2726 8.51564
14 25 0 13.7037 98.5835
14 26 0 92.8299 93.4095
14 27 0 57.7118 39.958
14 28 0 70.2668 73.6148
14 29 0 17.7036 85.3817
14 30 0 37.543 96.3494
14 31 0 99.519 71.9128
14 32 0 88.187 48.0275
14 33 0 18.4626 30.016
14 34 0 26.5942 85.0965
14 35 0 99.6696 98.8604
14 36 0 46.8475 94.8209
14 37 0 69.57 47.27
14 38 0 78.5522 77.4977
14 39 0 87.9786 88.9289
14 40 0 65.3154 50.3108
14 41 0 63.0861 97.4734
14 42 0 83.2968 84.422
14 43 0 29.9031 52.7688
14 44 0 43.6539 98.4564
14 45 0 85.2244 57.1934
14 46 0 86.7059 98.351
14 47 1 83.9862 19.4109
14 48 0 62.6749 94.953
14 49 0 69.1951 79.9768
14 50 0 99.468 41.8648
14 51 0 52.293 65.9379
14 52 0 91.4857 17.6313
14 53 0 36.5847 27.2741
14 54 0 85.6905 19.6547
14 55 0 55.3811 60.2131
14 56 0 37.4802 89.9862
14 57 0 30.7538 71.5891
14 58 0 77.3853 28.7502
14 59 0 51.312 3.90628
14 60 0 44.9702 2.25435
15 1 0 87.9693 75.5766
15 2 1 76.6992 39.1546
15 3 0 3.71037 60.3587
15 4 0 44.3445 60.8472
15 5 0 97.3324 4.73205
15 6 0 73.4899 71.3222
15 7 0 59.6746 45.8674
15 8 0 98.5883 24.403
15 9 0 93.0712 44.1913
15 10 0 14.8409 76.7273
15 11 0 46.7089 46.2915
15 12 0 8.25805 78.3069
15 13 0 83.7841 42.1334
15 14 0 90.9319 35.877
15 16 1 69.4143 33.5222
15 17 0 67.3037 43.3325
15 18 0 6.45788 33.8482
15 19 0 94.3166 59.6889
15 20 0 6.00486 31.6333
15 21 0 27.0606 5.78485
15 22 0 13.2476 60.6434
15 23 0 88.5975 26.0336
15 24 0 65.548 57.9196
15 25 0 92.1025 38.3692
15 26 0 24.748 21.6401
15 27 0 11.207 54.713
15 28 0 81.0499 76.4673
15 29 0 57.9388 3.96423
15 30 0 78.6148 36.0217
15 31 0 75.8163 86.2702
15 32 0 65.3315 50.1671
15 33 0 78.8424 58.2566
15 34 1 13.0409 46.3168
15 35 0 69.0632 26.8254
15 36 0 84.4525 5.87531
15 37 0 79.9009 74.8039
15 38 1 82.3757 67.1671
15 39 0 79.6469 84.4478
15 40 0 94.4567 49.3678
15 41 1 66.4595 70.5563
15 42 0 92.3997 33.4728
15 43 1 4.35697 47.1075
15 44 0 84.4617 94.0926
15 45 0 82.8223 2.39437
15 46 0 33.7593 12.0216
15 47 0 86.0978 74.2787
15 48 1 29.4777 5.98493
15 49 0 33.8909 31.2016
15 50 0 43.505 93.9175
15 51 0 14.9987 29.4136
15 52 0 88.1938 82.16
15 53 0 44.6647 43.8186
15 54 0 58.8085 90.2592
15 55 0 44.3692 59.5136
15 56 0 68.25 17.029
15 57 0 58.394 14.7176
15 58 0 78.3643 62.327
15 59 0 91.7342 0.0171036
15 60 0 28.3823 54.9504
16 1 0 54.9578 47.2653
16 2 0 95.0044 86.8941
16 3 0 77.3343 94.3948
16 4 0 77.6237 63.7309
16 5 0 5.39846 72.9404
16 6 0 21.701 24.6379
16 7 0 88.3991 54.9342
16 8 0 1.72358 27.5233
16 9 1 56.4236 86.6265
16 10 0 58.9808 29.9357
16 11 0 7.11 26.006
16 12 0 62.5434 24.7766
16 13 0 21.9362 77.9054
16 14 0 27.5688 87.6168
16 15 0 47.282 77.9318
16 17 1 31.9409 25.114
16 18 0 75.996 76.2211
16 19 0 69.3519 88.6472
16 20 0 72.6889 3.48597
16 21 0 46.8334 90.0091
16 22 0 68.947 60.2768
16 23 0 37.0753 81.2421
16 24 0 39.4439 53.92
16 25 0 39.0185 55.5795
16 26 0 23.3802 89.9774
16 27 0 15.5976 83.2292
16 28 0 55.6674 82.1054
16 29 0 9.11907 29.1184
16 30 0 8.49796 24.4705
16 31 0 16.0929 48.4174
16 32 1 55.4003 83.3302
16 33 0 9.22331 93.4761
16 34 0 73.9746 55.0045
16 35 0 25.2812 50.0577
16 36 0 49.1635 92.8474
16 37 0 90.5854 54.5848
16 38 0 30.1427 6.75571
16 39 0 70.6378 22.9366
16 40 0 94.7255 93.1881
16 41 0 64.2533 39.4525
16 42 0 25.1571 46.6072
16 43 0 86.5827 44.6468
16 44 0 88.4962 90.542
16 45 0 14.5945 19.9756
16 46 0 98.3465 27.7056
16 47 0 28.3595 87.0159
16 48 0 90.4088 19.7908
16 49 0 82.1497 16.365
16 50 0 31.9238 87.4594
16 51 0 97.304 96.6359
16 52 0 84.4503 29.5047
16 53 0 20.1632 52.6027
16 54 0 3.33969 43.2403
16 55 0 31.4097 91.4146
16 56 0 50.8441 16.6433
16 57 0 60.2426 18.2816
16 58 0 29.769 46.2203
16 59 0 56.0564 38.9497
16 60 0 5.50422 23.4064
17 1 0 34.7567 58.4766
17 2 0 51.7774 91.2233
17 3 1 94.1679 3.52509
17 4 0 89.4302 71.4216
17 5 0 40.5166 14.6506
17 6 0 51.1391 30.3434
17 7 0 53.1484 88.8711
17 8 0 90.5915 27.9953
17 9 0 40.1265 46.5935
17 10 0 5.43152 97.3078
17 11 0 70.5312 71.5393
17 12 0 1.5285 1.79533
17 13 0 9.07402 35.8855
17 14 0 9.50428 29.1694
17 15 0 48.2106 71.3088
17 16 0 95.4908 9.37213
17 18 1 91.4119 3.69186
17 19 0 0.599193 82.9358
17 20 0 29.2178 61.5431
17 21 0 62.0093 33.6516
17 22 0 79.6134 32.926
17 23 0 90.5992 77.9218
17 24 0 67.3149 76.5015
17 25 1 31.6556 92.5381
17 26 0 55.6372 81.2925
17 27 0 14.8371 87.8307
17 28 0 90.4911 87.44
17 29 0 84.5323 58.9839
17 30 0 88.2896 66.0487
17 31 0 21.8351 88.677
17 32 0 83.5803 78.3275
17 33 0 62.0248 81.9177
17 34 0 12.2199 54.6069
17 35 0 25.9925 78.9925
17 36 0 46.1189 61.87
17 37 0 1.07067 69.8505
17 38 0 23.0293 4.92047
17 39 0 94.526 14.3207
17 40 0 24.7416 74.0329
17 41 0 66.0769 96.1907
17 42 0 34.9907 42.8684
17 43 0 17.8291 49.8901
17 44 0 91.611 11.8321
17 45 0 35.9209 52.0929
17 46 0 15.6705 56.3426
17 47 0 74.8261 37.7739
17 48 0 38.388 52.3157
17 49 0 60.8978 75.3804
17 50 0 83.258 88.1122
17 51 0 32.8187 64.3102
17 52 0 88.6397 85.2678
17 53 0 12.1469 49.6542
17 54 0 17.448 51.1768
17 55 0 26.7841 42.9126
17 56 0 48.1371 41.3906
17 57 0 55.7104 41.1578
17 58 0 68.2266 38.6692
17 59 0 89.7136 89.7509
17 60 0 15.1935 64.5313
18 1 0 84.5078 78.1518
18 2 0 82.4961 78.0722
18 3 0 32.0123 31.3955
18 4 0 31.0951 31.9208
18 5 0 54.1686 27.8952
18 6 0 64.8104 20.0996
18 7 0 53.4031 59.8393
18 8 0 42.8034 60.101
18 9 0 65.1309 54.7121
18 10 0 96.6371 15.6826
18 11 0 53.9723 24.1148
18 12 0 79.3973 70.1176
18 13 0 80.4477 17.778
18 14 0 35.3492 19.7416
18 15 1 0.923828 12.2244
18 16 0 58.3427 28.8853
18 17 0 97.7752 14.2444
18 19 1 86.4525 95.52
18 20 0 3.63887 52.5401
18 21 0 9.38378 11.2299
18 22 0 56.5292 55.7418
18 23 0 21.6617 73.893
18 24 0 52.3135 73.2702
18 25 0 87.5239 2.58238
18 26 0 31.3369 17.3121
18 27 0 80.8927 28.1984
18 28 0 14.3861 53.2031
18 29 0 79.9193 83.4773
18 30 0 1.14203 49.1828
18 31 0 7.93846 78.0396
18 32 1 64.3378 92.6476
18 33 0 16.6841 1.97862
18 34 0 87.0363 43.9909
18 35 1 52.5175 49.117
18 36 0 11.8003 12.8223
18 37 0 81.9185 84.032
18 38 0 58.4269 2.02968
18 39 0 3.71893 89.4252
18 40 0 61.753 25.8437
18 41 0 32.0838 0.161375
18 42 0 26.1915 53.7278
18 43 0 18.2915 61.0937
18 44 0 34.5064 46.604
18 45 0 73.8295 69.117
18 46 0 59.7391 88.2268
18 47 0 91.7416 3.49313
18 48 0 2.66561 25.2126
18 49 0 70.1725 9.06211
18 50 0 13.2046 98.3114
18 51 0 94.1252 9.87144
18 52 0 9.54806 37.1502
18 53 0 95.3951 64.6882
18 54 0 6.78831 55.4108
18 55 0 88.3715 79.3821
18 56 1 27.0201 89.7181
18 57 0 49.8692 2.28538
18 58 0 25.9454 6.94826
18 59 0 9.88076 87.9358
18 60 0 91.2043 82.0256
19 1 0 99.8293 49.554
19 2 0 68.9995 49.9095
19 3 0 93.7824 87.0504
19 4 0 70.8432 97.1963
19 5 0 52.6707 36.3216
19 6 0 80.7042 95.7406
19 7 0 62.5019 47.6172
19 8 0 59.7034 55.8242
19 9 0 59.6656 2.62714
19 10 0 34.1095 4.29649
19 11 0 0.550358 10.4124
19 12 0 30.9391 56.3929
19 13 0 63.3928 18.569
19 14 0 70.9903 55.7054
19 15 0 18.4405 21.8544
19 16 0 51.8934 29.7945
19 17 0 29.615 40.0822
19 18 0 25.7754 74.1433
19 20 1 20.7318 6.24327
19 21 0 4.10613 30.5988
19 22 0 39.8817 93.3462
19 23 0 34.5768 86.9096
19 24 0 71.783 37.2769
19 25 1 82.6621 37.4295
19 26 0 6.07608 86.8032
19 27 0 31.3844 79.5137
19 28 0 41.4718 54.4227
19 29 0 31.2142 26.9415
19 30 0 41.1731 0.558573
19 31 0 61.9666 77.6102
19 32 0 78.1485 4.4081
19 33 0 40.0054 94.4112
19 34 0 78.0117 76.8226
19 35 0 87.5431 56.6988
19 36 0 62.308 45.9058
19 37 0 37.8091 10.4381
19 38 0 54.8557 73.1925
19 39 0 74.1974 59.3489
19 40 0 57.0334 56.3556
19 41 0 82.8297 44.8751
19 42 0 36.3656 68.5237
19 43 0 43.2772 65.4408
19 44 0 46.3401 13.0542
19 45 0 39.6953 28.6458
19 46 0 79.2138 68.4139
19 47 0 57.1997 84.9938
19 48 0 8.13211 71.4945
19 49 0 61.1865 33.6706
19 50 0 25.9939 34.3726
19 51 0 97.0716 76.6336
19 52 0 44.5738 28.2356
19 53 0 79.0789 96.3303
19 54 0 11.2265 65.3554
19 55 0 71.58 91.3468
19 56 0 60.0367 32.509
19 57 1 56.5387 81.1976
19 58 0 83.7287 8.23133
19 59 0 76.32 11.1042
19 60 0 60.326 77.4058
20 1 0 51.3715 88.8679
20 2 0 11.7714 28.0537
20 3 0 51.2417 40.4004
20 4 0 77.7612 69.3258
20 5 0 14.0989 3.73515
20 6 0 0.541845 37.3217
20 7 0 15.8342 0.575444
20 8 0 1.52983 9.38637
20 9 0 48.1398 28.7981
20 10 0 65.9699 3.49033
20 11 0 68.3305 2.38922
20 12 0 75.2579 85.3162
20 13 1 99.7062 30.0948
20 14 0 33.1323 23.2501
20 15 0 62.0374 96.5424
20 16 0 59.9142 62.053
20 17 0 40.9017 75.7012
20 18 0 91.9069 9.49049
20 19 0 44.734 10.2114
20 21 1 45.8731 31.0931
20 22 0 86.26 69.4405
20 23 0 48.4073 81.9541
20 24 0 32.3243 98.9461
20 25 0 91.5238 13.0206
20 26 0 22.71 66.0377
20 27 1 12.8809 24.081
20 28 0 62.4947 86.7536
20 29 0 35.5983 40.1541
20 30 1 10.5011 92.6651
20 31 0 32.6929 36.0144
20 32 0 22.4047 55.6724
20 33 0 50.4851 43.9424
20 34 0 69.477 86.6654
20 35 0 18.7988 66.2611
20 36 0 19.5056 43.7527
20 37 0 57.2361 55.3448
20 38 0 0.266962 70.8845
20 39 0 83.717 4.93774
20 40 0 86.8278 65.141
20 41 0 62.8944 25.2238
20 42 0 6.35346 55.0563
20 43 0 27.5336 40.4839
20 44 0 45.3402 49.7882
20 45 0 6.76878 56.9121
20 46 0 23.1356 16.4685
20 47 0 47.3216 39.3543
20 48 0 65.8608 58.5031
20 49 0 59.5914 45.1858
20 50 0 72.9006 47.6909
20 51 0 89.9987 60.8523
20 52 0 98.4427 70.4713
20 53 0 7.97831 12.8195
20 54 0 34.9252 21.9994
20 55 0 39.7991 51.1017
20 56 0 79.5687 2.89386
20 57 0 81.0288 24.9979
20 58 1 49.6816 69.8981
20 59 0 0.496429 65.2417
20 60 0 54.367 14.8635
21 1 0 71.2386 17.6694
21 2 0 86.9434 37.4191
21 3 1 61.6551 93.2927
21 4 0 5.49648 89.742
21 5 0 95.8745 6.69692
21 6 0 35.8255 55.318
21 7 0 66.9149 35.2923
21 8 0 43.4763 2.81335
21 9 0 0.768889 19.9857
21 10 0 58.3698 5.14032
21 11 1 71.6401 57.5602
21 12 0 72.8431 30.8563
21 13 0 79.2852 21.7174
21 14 0 98.8386 97.5912
21 15 0 47.4294 30.6671
21 16 0 80.1546 95.188
21 17 0 26.5504 67.6189
21 18 0 40.4881 72.8118
21 19 0 37.9871 58.6985
21 20 0 12.5301 19.9021
21 22 1 34.6417 0.191906
21 23 0 42.9978 42.1668
21 24 0 74.7566 12.8324
21 25 0 67.765 42.9617
21 26 0 64.5728 80.1037
21 27 0 37.4441 44.0266
21 28 0 81.2964 1.86261
21 29 0 45.3955 14.2488
21 30 0 83.6755 2.91944
21 31 0 37.6654 79.3781
21 32 0 93.4428 90.948
21 33 0 56.1939 84.0328
21 34 0 20.8468 88.5304
21 35 0 67.1846 39.0558
21 36 0 42.1434 3.13743
21 37 0 49.2126 14.5784
21 38 0 57.5434 7.32302
21 39 0 43.1943 11.6569
21 40 0 68.7722 89.7062
21 41 0 66.9821 76.0435
21 42 0 51.8575 11.5928
21 43 0 34.5503 93.7534
21 44 1 73.5133 24.3265
21 45 0 16.4004 66.4613
21 46 1 85.4099 55.5572
21 47 1 73.5798 17.5878
21 48 0 54.1496 57.7678
21 49 0 13.6812 23.1272
21 50 0 92.8427 73.485
21 51 0 70.6321 49.8497
21 52 0 61.1706 4.92058
21 53 0 56.3893 63.1767
21 54 0 27.4379 27.0984
21 55 0 39.877 11.5271
21 56 0 63.0553 28.9531
21 57 0 4.08601 45.7086
21 58 1 8.04315 63.0201
21 59 0 45.2708 81.4064
21 60 0 41.745 76.3358
22 1 0 49.2748 93.2902
22 2 0 54.6098 21.9478
22 3 0 93.3143 4.06667
22 4 0 12.7812 46.2118
22 5 0 33.2548 28.4116
22 6 0 25.3434 6.01704
22 7 1 13.5619 95.5084
22 8 1 57.7291 15.3373
22 9 0 10.1037 11.6248
22 10 0 3.94629 18.1892
22 11 0 53.6095 22.8513
22 12 0 75.3897 0.636372
22 13 0 52.2168 77.9369
22 14 0 78.725 78.8885
22 15 0 32.7566 85.5311
22 16 1 52.7183 80.1198
22 17 0 62.4165 94.6517
22 18 0 24.3 73.8802
22 19 0 87.648 48.51
22 20 0 46.8999 7.39848
22 21 0 53.5358 77.3781
22 23 1 23.8498 40.663
22 24 0 23.7193 67.0668
22 25 0 92.1423 63
22 26 0 75.2756 13.8012
22 27 1 3.54391 5.07678
22 28 0 18.379 11.6365
22 29 0 91.781 25.4741
22 30 0 67.0263 97.8175
22 31 0 95.0187 99.5684
22 32 1 75.599 99.9587
22 33 0 10.7833 5.07319
22 34 0 66.8423 26.4021
22 35 0 82.1886 27.7444
22 36 0 7.83977 78.8361
22 37 0 14.2406 11.6747
22 38 0 9.64932 40.5205
22 39 0 16.1599 63.8284
22 40 0 38.7631 91.1515
22 41 0 35.0038 79.58
22 42 0 30.7642 56.9684
22 43 0 73.1271 61.8792
22 44 1 58.023 0.235928
22 45 0 76.0437 76.8998
22 46 0 24.8954 44.906
22 47 0 36.0544 9.73866
22 48 0 44.5281 67.3925
22 49 0 41.6826 1.93914
22 50 0 59.8294 38.5899
22 51 0 12.3832 65.1951
22 52 0 38.2366 34.2365
22 53 0 34.1015 93.6838
22 54 0 10.1719 13.6907
22 55 0 13.5106 83.2585
22 56 1 96.8607 57.2903
22 57 0 43.3168 62.075
22 58 0 45.7067 94.0226
22 59 1 86.5738 16.9902
22 60 0 63.0189 43.2075
23 1 0 8.5889 15.2081
23 2 0 24.8288 52.3236
23 3 0 70.578 77.3142
23 4 0 13.2638 81.0395
23 5 0 87.4359 0.0334429
23 6 0 68.2905 74.1225
23 7 0 99.1608 54.5116
23 8 0 31.8056 34.9506
23 9 0 76.9337 97.5036
23 10 0 18.0324 65.1774
23 11 0 42.2582 67.87
23 12 1 35.8163 54.9518
23 13 0 4.09273 23.6416
23 14 0 34.7735 88.9199
23 15 0 24.7808 13.726
23 16 0 7.14468 82.4983
23 17 0 93.3365 3.29107
23 18 0 92.038 36.6263
23 19 0 78.0353 43.7209
23 20 0 80.5943 83.5475
23 21 0 34.9087 2.39534
23 22 0 44.1121 81.222
23 24 1 57.7613 22.058
23 25 0 46.208 15.0339
23 26 0 66.0487 11.1919
23 27 0 52.6134 32.7396
23 28 0 59.7556 90.5514
23 29 0 91.7899 75.3443
23 30 0 39.3588 11.3336
23 31 0 71.8437 26.1535
23 32 0 80.6879 98.6885
23 33 0 63.8744 17.4263
23 34 0 79.8438 69.1071
23 35 0 97.7171 25.372
23 36 0 72.6663 37.9722
23 37 0 90.6079 77.204
23 38 0 49.65 85.0307
23 39 0 67.9079 11.0318
23 40 1 77.8935 11.6641
23 41 0 3.3417 68.9533
23 42 0 90.1139 8.05539
23 43 0 2.56278 33.578
23 44 0 33.7207 62.0102
23 45 0 2.15866 61.455
23 46 0 55.2669 7.87408
23 47 0 27.6061 66.2507
23 48 0 37.122 76.2309
23 49 0 36.9409 30.7702
23 50 0 43.8107 77.7064
23 51 0 39.2502 92.8342
23 52 0 91.2579 96.9508
23 53 0 95.7334 98.607
23 54 0 35.6658 32.2044
23 55 0 26.9529 75.707
23 56 0 29.1155 27.68
23 57 0 83.661 86.9476
23 58 0 95.2594 54.0649
23 59 0 61.4843 12.4362
23 60 0 58.0946 98.3647
24 1 0 35.2912 59.2008
24 2 0 66.3257 13.0518
24 3 0 84.5697 84.6925
24 4 0 62.9174 16.7009
24 5 0 31.0776 87.6723
24 6 0 92.3908 5.34807
24 7 0 73.9312 58.4756
24 8 0 5.62281 27.1593
24 9 0 99.6136 51.2951
24 10 0 2.55879 49.4622
24 11 0 68.5356 77.1306
24 12 0 28.3521 32.43
24 13 0 64.4451 88.4413
24 14 0 81.1188 51.6665
24 15 0 20.7177 11.4456
24 16 1 39.8496 36.5507
24 17 0 63.9599 99.9324
24 18 0 19.0129 7.43304
24 19 0 99.1822 61.8651
24 20 0 27.3262 39.6717
24 21 0 35.6335 28.2103
24 22 0 32.2502 64.1178
24 23 0 70.9091 83.4103
24 25 1 22.4808 73.5806
24 26 0 92.2832 98.3592
24 27 0 29.2154 88.2821
24 28 0 98.4006 51.8979
24 29 0 19.7757 48.1848
24 30 0 92.3496 65.8992
24 31 0 47.164 66.9598
24 32 0 72.5938 72.1363
24 33 0 40.7074 56.8737
24 34 1 91.4277 12.1405
24 35 0 79.2342 42.075
24 36 0 49.8899 63.9211
24 37 0 88.5789 50.6477
24 38 0 5.42365 54.7425
24 39 1 35.5939 92.422
24 40 0 60.9912 18.4585
24 41 0 94.1211 88.1568
24 42 0 61.6228 62.3701
24 43 0 77.0719 95.2552
24 44 0 62.8964 46.8172
24 45 0 38.7215 30.7332
24 46 0 55.9016 52.0409
24 47 0 78.1834 85.0955
24 48 1 41.9532 3.08134
24 49 0 7.34358 29.188
24 50 0 3.31279 55.013
24 51 0 15.1098 99.9113
24 52 0 21.8815 76.686
24 53 0 68.7301 68.0974
24 54 0 85.9165 95.0375
24 55 0 14.4928 99.0555
24 56 0 13.1689 86.1893
24 57 0 96.1946 94.5024
24 58 0 46.6039 78.3418
24 59 0 97.3739 63.3899
24 60 0 19.6277 88.8906
25 1 0 83.2557 38.1361
25 2 0 11.3442 54.7898
25 3 0 24.9115 0.469221
25 4 0 29.6914 2.03714
25 5 0 84.7694 46.6388
25 6 1 89.2543 25.6414
25 7 1 96.9605 45.7911
25 8 0 77.5772 63.7058
25 9 0 54.495 39.985
25 10 0 10.9147 37.2689
25 11 0 17.4049 54.3814
25 12 0 48.7351 79.1662
25 13 0 8.13333 51.4452
25 14 0 85.9361 4.1408
25 15 0 47.4282 59.3331
25 16 0 87.7229 56.4323
25 17 0 25.2126 82.5195
25 18 0 69.6651 36.3626
25 19 0 41.3602 39.4768
25 20 0 11.5955 49.9399
25 21 0 69.6858 57.8373
25 22 0 42.7642 5.00477
25 23 0 38.1358 93.0316
25 24 0 64.9498 9.56815
25 26 1 48.7176 76.7254
25 27 0 49.1568 84.0731
25 28 0 51.7464 15.2036
25 29 0 56.0932 65.6514
25 30 0 75.2585 15.9147
25 31 0 97.1069 11.9318
25 32 0 57.7945 3.97173
25 33 0 93.6534 24.182
25 34 0 23.4868 96.9289
25 35 0 24.4163 90.5146
25 36 0 43.2915 27.6217
25 37 0 44.9642 3.7929
25 38 0 58.3672 11.0718
25 39 0 96.6243 2.61862
25 40 0 13.5216 58.9971
25 41 0 42.9472 52.862
25 42 0 87.9562 26.9288
25 43 0 78.9149 50.2264
25 44 1 43.1613 4.0614
25 45 0 6.16721 54.9056
25 46 0 28.2688 86.755
25 47 0 64.1963 78.9729
25 48 0 11.0108 90.9102
25 49 0 47.7483 26.8759
25 50 0 2.02114 59.9773
25 51 0 72.106 53.0969
25 52 0 45.5886 38.7852
25 53 0 79.0445 6.33514
25 54 0 3.40533 57.9875
25 55 0 44.1529 72.589
25 56 0 32.6558 94.5949
25 57 0 79.2611 97.0341
25 58 0 45.2708 34.973
25 59 0 99.9334 26.4953
25 60 0 46.766 42.8479
26 1 0 99.6849 73.5104
26 2 0 4.27785 12.3369
26 3 0 66.6448 99.042
26 4 0 22.5376 56.1494
26 5 1 99.9219 85.2491
26 6 0 52.0103 81.5511
26 7 0 69.3055 77.5173
26 8 0 6.13107 51.6141
26 9 0 37.8538 17.7822
26 10 0 13.5129 0.321451
26 11 0 69.2513 98.1241
26 12 0 71.835 47.3204
26 13 0 1.39465 74.6342
26 14 1 77.6546 99.3991
26 15 0 98.7533 39.0072
26 16 0 3.98493 65.0378
26 17 0 30.3302 26.5276
26 18 0 77.7213 91.228
26 19 0 28.5395 32.614
26 20 0 39.8179 13.0988
26 21 0 59.064 33.8597
26 22 0 1.36594 35.344
26 23 0 20.4932 2.68883
26 24 0 39.8738 28.187
26 25 0 20.054 38.1686
26 27 1 47.839 12.5147
26 28 0 93.1027 26.5116
26 29 0 63.9343 72.7621
26 30 0 61.721 84.4613
26 31 0 72.2886 64.9236
26 32 0 40.7885 70.0525
26 33 0 33.3399 14.9322
26 34 0 81.298 68.712
26 35 0 58.435 80.6866
26 36 1 49.4577 29.9775
26 37 0 35.9876 58.4578
26 38 0 49.8231 37.5446
26 39 0 36.9884 0.0854148
26 40 0 63.8335 97.9805
26 41 0 17.6642 40.441
26 42 0 9.65596 97.4448
26 43 0 45.5163 1.98515
26 44 0 97.8076 55.0605
26 45 1 63.8849 14.2182
26 46 1 69.7729 50.5345
26 47 1 39.9251 95.634
26 48 0 10.3318 46.3769
26 49 0 70.2311 47.2795
26 50 0 59.8009 93.3114
26 51 0 81.8092 35.5667
26 52 0 17.008 71.3809
26 53 0 72.6227 48.1139
26 54 0 66.8935 81.8748
26 55 0 9.48437 70.1696
26 56 0 98.6725 34.8205
26 57 0 10.0797 12.1934
26 58 0 28.9639 0.115864
26 59 0 14.4 54.4323
26 60 0 88.5406 44.2295
27 1 0 52.3593 59.7716
27 2 0 74.6934 44.9288
27 3 0 20.6344 18.2357
27 4 0 46.311 20.2968
27 5 0 74.5707 98.1476
27 6 0 77.5231 50.9582
27 7 0 19.7724 58.0883
27 8 0 30.9325 34.9377
27 9 0 75.0877 27.9421
27 10 0 77.7999 41.8737
27 11 0 43.4613 68.8939
27 12 0 79.8423 17.0481
27 13 0 75.409 30.5656
27 14 0 54.5706 97.2175
27 15 0 17.0642 39.8213
27 16 0 56.6205 64.3929
27 17 0 53.8726 4.77468
27 18 0 75.2118 63.2466
27 19 0 90.3597 60.972
27 20 0 77.8439 86.5729
27 21 0 69.1932 42.7801
27 22 0 88.7563 32.4595
27 23 0 30.4021 80.1673
27 24 0 99.7586 20.3544
27 25 0 96.5162 15.4126
27 26 0 57.2838 64.4171
27 28 1 46.973 25.408
27 29 0 50.0471 70.5619
27 30 0 23.2509 46.183
27 31 0 3.82007 31.3281
27 32 0 13.0624 75.362
27 33 0 99.487 40.0069
27 34 1 90.8311 91.2632
27 35 0 42.8403 69.6086
27 36 0 67.3369 23.3953
27 37 0 3.03022 83.2829
27 38 0 29.3186 72.4292
27 39 0 36.401 71.8833
27 40 0 41.6118 55.6733
27 41 0 52.1102 68.6094
27 42 0 5.67415 33.9038
27 43 0 11.1997 11.9987
27 44 0 26.8308 23.6056
27 45 0 22.4218 50.2055
27 46 1 65.402 76.9651
27 47 0 10.0351 61.9119
27 48 0 93.0437 9.50565
27 49 0 62.1736 49.8721
27 50 0 27.9315 28.1057
27 51 0 86.2618 34.3859
27 52 0 4.08456 57.067
27 53 0 45.1415 53.0944
27 54 0 83.3343 32.3771
27 55 0 44.1219 35.8928
27 56 0 77.1932 97.5594
27 57 0 68.1621 43.8027
27 58 0 16.0019 4.0169
27 59 0 85.0665 56.6863
27 60 0 73.5833 80.3638
28 1 0 99.8142 9.90799
28 2 0 85.0456 63.2547
28 3 1 79.5145 12.3026
28 4 0 31.3019 75.0282
28 5 1 9.49706 61.152
28 6 0 73.6496 82.2136
28 7 0 0.304422 3.37096
28 8 1 44.5549 38.7996
28 9 0 14.1448 53.6359
28 10 0 33.4495 22.2085
28 11 0 20.7037 0.41842
28 12 0 82.9476 39.0235
28 13 0 85.7449 74.9448
28 14 0 66.2358 0.548712
28 15 1 42.6987 69.8218
28 16 0 51.104 64.2441
28 17 0 4.17357 98.2917
28 18 0 14.3498 13.6469
28 19 0 4.07019 26.8526
28 20 0 66.8064 79.8118
28 21 0 85.3651 31.9911
28 22 0 17.7536 60.424
28 23 0 36.7394 46.6117
28 24 1 20.1673 63.8805
28 25 0 1.53905 62.5811
28 26 0 66.2219 33.7757
28 27 0 71.0923 15.8006
28 29 1 81.4678 1.24925
28 30 0 66.8423 77.5667
28 31 0 29.8307 32.3643
28 32 0 34.8974 75.3824
28 33 0 26.0919 34.7062
28 34 0 79.8104 46.5766
28 35 0 25.5739 50.838
28 36 0 25.0592 74.0977
28 37 0 65.6616 47.699
28 38 0 19.6885 21.6862
28 39 0 26.238 23.5394
28 40 1 74.284 78.8642
28 41 0 66.0538 68.4784
28 42 0 90.4262 57.8887
28 43 0 94.3022 4.05379
28 44 0 98.9231 32.36
28 45 0 16.4138 7.47868
28 46 0 67.6876 89.6375
28 47 0 99.888 91.8278
28 48 0 44.9047 58.301
28 49 0 91.5514 48.3918
28 50 0 29.2732 3.38513
28 51 0 3.85264 21.4448
28 52 0 0.890765 93.9385
28 53 0 43.9808 89.6329
28 54 0 92.1177 93.0017
28 55 0 22.7564 79.2683
28 56 0 1.93595 95.0769
28 57 0 55.1469 61.0349
28 58 0 60.6753 61.3822
28 59 0 95.34 2.27525
28 60 1 99.4672 28.9781
29 1 0 33.2654 86.0025
29 2 0 7.66952 61.4327
29 3 0 58.464 40.0573
29 4 0 0.757234 95.0466
29 5 0 83.8025 81.3769
29 6 0 85.9475 2.59608
29 7 0 47.9364 43.8316
29 8 0 45.3445 75.7775
29 9 0 53.383 94.145
29 10 0 68.5774 2.30202
29 11 0 98.1932 45.4161
29 12 0 47.7167 8.69824
29 13 0 16.6097 21.9309
29 14 0 13.6668 23.8172
29 15 0 15.333 77.6559
29 16 0 80.0484 91.2762
29 17 0 70.177 65.1579
29 18 0 64.4698 68.3213
29 19 0 37.4352 56.64
29 20 0 51.3432 62.1516
29 21 0 16.271 18.4896
29 22 0 66.9531 52.7225
29 23 0 49.929 92.8153
29 24 0 41.5045 5.6426
29 25 0 30.6787 5.71235
29 26 0 66.8949 57.9701
29 27 0 10.7906 77.579
29 28 1 66.8927 48.141
29 30 1 30.0288 90.108
29 31 0 27.2128 13.8136
29 32 0 76.834 96.074
29 33 0 32.1796 78.8167
29 34 0 74.4451 9.38784
29 35 0 48.7356 87.9117
29 36 0 57.3775 15.7877
29 37 1 14.8285 5.50531
29 38 0 73.0529 3.67289
29 39 1 55.4132 17.7166
29 40 0 79.8745 88.012
29 41 0 99.3819 51.0375
29 42 0 56.4313 27.7202
29 43 0 23.499 14.9205
29 44 0 31.2777 43.8342
29 45 0 48.6556 74.7307
29 46 0 29.8878 47.4864
29 47 0 54.3829 97.8727
29 48 0 81.2841 7.50455
29 49 0 8.96743 98.3327
29 50 0 99.0191 88.7391
29 51 0 15.9093 35.9888
29 52 0 12.9952 95.197
29 53 0 47.7719 21.2485
29 54 0 59.3053 7.43506
29 55 0 87.6498 38.8747
29 56 0 17.1297 54.9237
29 57 0 25.3607 97.9163
29 58 0 13.105 66.9159
29 59 0 36.9231 23.2033
29 60 0 38.3667 62.8636
30 1 0 73.7371 35.2069
30 2 0 2.0397 74.257
30 3 0 22.5685 85.1094
30 4 0 30.6256 90.63
30 5 0 44.6981 92.5899
30 6 0 58.9921 47.7932
30 7 0 77.3622 33.051
30 8 0 56.3901 22.01
30 9 0 44.5681 54.7898
30 10 1 17.1027 45.4235
30 11 0 13.1007 98.7734
30 12 0 60.4141 32.4762
30 13 0 79.8339 12.3135
30 14 0 42.1441 62.3342
30 15 1 43.9833 69.4535
30 16 0 63.7903 62.9477
30 17 0 23.546 52.7194
30 18 0 60.3287 63.5974
30 19 0 6.18802 73.7471
30 20 0 2.68669 47.3441
30 21 0 65.5596 41.1384
30 22 0 16.9812 99.5999
30 23 0 23.6348 27.9944
30 24 0 2.47424 82.1859
30 25 0 69.8482 47.0587
30 26 0 11.4074 34.1701
30 27 0 8.47445 1.12784
30 28 0 52.9299 71.558
30 29 0 28.477 13.8974
30 31 1 46.3235 63.3304
30 32 0 58.7325 51.7051
30 33 0 85.4801 67.3441
30 34 0 15.6314 27.1646
30 35 0 48.3667 94.4855
30 36 0 66.7863 37.7138
30 37 0 93.5952 61.1796
30 38 0 7.74268 8.63413
30 39 0 14.1125 64.7743
30 40 0 30.2675 66.6431
30 41 0 17.8555 93.5151
30 42 0 51.4137 60.4475
30 43 0 89.4757 32.2344
30 44 0 25.6627 67.8584
30 45 0 84.0995 55.5403
30 46 1 74.609 10.0104
30 47 1 59.0805 55.6737
30 48 0 21.7605 5.65895
30 49 0 93.6501 62.2162
30 50 0 57.4095 1.29559
30 51 0 89.4024 96.8112
30 52 0 1.03261 36.8803
30 53 0 61.5022 54.974
30 54 0 84.5968 30.6357
30 55 0 29.5562 78.0086
30 56 0 61.5559 17.915
30 57 0 25.7123 68.3725
30 58 0 55.1022 50.3663
30 59 0 40.9338 70.5892
30 60 0 96.8825 5.31289
31 1 0 92.4154 93.894
31 2 0 86.6132 10.2542
31 3 0 46.2678 10.0096
31 4 0 3.41654 89.3892
31 5 0 17.9074 56.3321
31 6 0 70.2099 30.3396
31 7 0 67.4898 30.7932
31 8 0 70.0338 52.2461
31 9 0 64.752 34.6775
31 10 0 38.7665 41.9722
31 11 0 70.3492 96.291
31 12 0 56.8398 66.317
31 13 0 7.98733 53.2953
31 14 0 81.4944 27.4547
31 15 0 2.4272 8.814
31 16 0 20.4037 62.9263
31 17 0 86.3442 2.48441
31 18 0 93.5657 41.8522
31 19 0 54.1735 13.9237
31 20 0 52.482 93.6938
31 21 0 17.5106 66.276
31 22 1 52.7319 6.27494
31 23 0 99.5631 17.6794
31 24 0 66.0412 96.2607
31 25 0 86.2175 16.196
31 26 0 37.5648 52.3212
31 27 0 53.4791 51.8471
31 28 0 79.4847 60.6429
31 29 0 1.97812 76.3457
31 30 0 53.0504 41.179
31 32 1 19.1125 56.0638
31 33 0 17.6794 62.9453
31 34 0 57.7292 37.8676
31 35 0 96.2065 46.7979
31 36 0 68.0519 44.6676
31 37 0 80.2566 92.9781
31 38 0 24.4206 75.8213
31 39 0 99.1112 84.1397
31 40 0 93.8883 17.6824
31 41 0 23.6988 62.9655
31 42 0 83.5573 38.3746
31 43 0 70.8724 61.8845
31 44 0 23.1687 95.846
31 45 0 36.9951 62.2754
31 46 1 80.1732 75.2301
31 47 1 26.845 41.0355
31 48 0 22.0773 35.7781
31 49 0 68.5663 94.3663
31 50 0 6.18355 92.4456
31 51 0 95.1302 61.6613
31 52 1 75.7147 32.6417
31 53 1 55.6605 74.948
31 54 0 66.8129 7.15382
31 55 0 0.167165 14.5149
31 56 1 37.4871 49.3232
31 57 0 93.2705 88.8658
31 58 0 50.8109 94.7331
31 59 0 46.199 46.4133
31 60 0 57.9101 83.5522
32 1 0 40.4548 83.607
32 2 0 90.3504 69.0295
32 3 0 43.0369 25.5614
32 4 0 65.8039 20.9269
32 5 0 94.2948 23.1405
32 6 0 82.4161 52.8357
32 7 0 76.408 25.8342
32 8 0 67.6197 77.6837
32 9 0 39.5178 8.58341
32 10 0 55.2606 66.3161
32 11 0 83.7683 29.1554
32 12 0 87.804 0.401728
32 13 0 65.2296 41.3233
32 14 0 5.92928 61.3945
32 15 0 9.53665 70.2842
32 16 0 1.79771 58.0459
32 17 0 13.1693 79.3926
32 18 0 76.7336 23.7557
32 19 0 21.0599 76.9254
32 20 1 23.743 55.5586
32 21 0 64.3303 22.6595
32 22 0 56.3615 64.1407
32 23 0 79.6844 68.5517
32 24 0 96.5657 6.86509
32 25 0 76.3841 73.4579
32 26 0 63.5202 67.3806
32 27 1 43.7596 88.9699
32 28 0 33.7407 58.0711
32 29 0 24.4993 62.4852
32 30 0 66.82 70.4893
32 31 0 53.9212 13.0043
32 33 1 36.2804 98.1606
32 34 0 87.7158 11.0053
32 35 0 37.7733 64.1277
32 36 0 53.688 72.3026
32 37 0 42.4161 54.9766
32 38 0 13.7823 26.8094
32 39 0 52.4105 42.1405
32 40 0 33.375 6.62048
32 41 0 70.1861 16.969
32 42 0 89.5918 83.6537
32 43 0 53.1282 78.1733
32 44 0 78.662 88.5562
32 45 0 72.5101 36.4873
32 46 0 93.8948 57.098
32 47 0 77.6069 41.2342
32 48 0 38.4925 44.6644
32 49 0 25.3929 34.5552
32 50 0 79.1673 52.0575
32 51 0 63.7723 84.4078
32 52 0 44.0714 11.7836
32 53 1 8.04249 95.9949
32 54 0 42.7067 0.698195
32 55 0 73.0202 84.5842
32 56 0 20.9296 83.9875
32 57 0 83.6417 84.1041
32 58 0 3.31039 96.7598
32 59 0 67.3222 6.41712
32 60 0 59.085 74.4534
33 1 0 68.0057 9.54975
33 2 0 93.7666 77.4562
33 3 0 64.3128 13.3948
33 4 0 44.1331 61.7692
33 5 0 44.5011 23.8201
33 6 0 20.5296 84.9035
33 7 0 60.0942 35.8658
33 8 0 82.8358 6.59964
33 9 0 3.0959 36.5742
33 10 0 69.1648 37.9133
33 11 0 73.2894 48.633
33 12 0 29.8959 24.6063
33 13 0 23.4892 74.3376
33 14 0 18.1686 3.34324
33 15 0 49.1783 10.1485
33 16 0 9.51211 89.7867
33 17 0 84.1357 99.9495
33 18 0 78.9877 91.3784
33 19 0 42.9074 68.785
33 20 0 39.9554 43.6403
33 21 0 15.6356 70.2905
33 22 0 7.39791 23.4719
33 23 0 29.9304 7.773
33 24 0 41.3533 9.28426
33 25 0 74.4029 48.1905
33 26 0 88.775 28.2863
33 27 0 74.6351 81.602
33 28 1 36.7856 41.2512
33 29 0 39.0524 92.5339
33 30 0 90.3226 90.4875
33 31 0 56.0868 86.9289
33 32 1 92.2154 91.2202
33 34 1 92.302 45.4037
33 35 0 73.6411 72.5118
33 36 0 50.4867 40.8815
33 37 0 50.1994 89.4078
33 38 0 36.0593 98.892
33 39 0 30.0691 14.1186
33 40 0 38.7614 99.7099
33 41 0 71.4409 10.8221
33 42 0 69.0241 26.8452
33 43 0 40.0188 64.2794
33 44 0 53.8371 85.578
33 45 0 67.863 78.6116
33 46 0 54.3801 37.2166
33 47 0 23.0941 40.5647
33 48 0 24.7699 70.4426
33 49 0 62.1535 17.2092
33 50 0 18.7588 37.9654
33 51 0 83.1569 8.60352
33 52 0 65.6029 37.4573
33 53 0 85.4715 20.135
33 54 0 73.5045 30.2598
33 55 0 87.6204 77.0253
33 56 0 7.98286 29.5479
33 57 0 47.191 8.07047
33 58 0 36.6026 59.6661
33 59 0 21.1036 24.5656
33 60 0 20.4193 35.3869
34 1 0 22.4623 8.01724
34 2 0 14.2216 66.305
34 3 0 51.0829 85.4071
34 4 0 49.1296 0.326886
34 5 0 96.396 52.4743
34 6 0 66.7455 20.2287
34 7 0 43.035 45.7731
34 8 0 63.6423 11.7427
34 9 0 6.94974 14.6997
34 10 0 61.3849 87.3025
34 11 0 21.9207 70.3235
34 12 0 44.0882 99.3128
34 13 0 41.3568 93.926
34 14 0 99.1403 8.88538
34 15 0 47.6394 85.5885
34 16 0 74.1096 59.0689
34 17 0 42.2533 30.4201
34 18 0 51.4968 87.8721
34 19 0 80.3935 95.4252
34 20 0 87.5572 35.7212
34 21 0 50.8337 42.2077
34 22 0 94.6459 86.3328
34 23 0 59.7867 64.1325
34 24 0 95.199 84.6731
34 25 0 67.2588 18.826
34 26 0 34.9616 76.1364
34 27 0 28.3943 40.3099
34 28 0 87.9666 41.8492
34 29 0 56.8811 97.3713
34 30 0 35.2921 44.8168
34 31 0 61.6042 25.0129
34 32 0 18.6014 57.9928
34 33 0 52.4214 75.6351
34 35 1 46.8893 76.8799
34 36 0 57.4846 6.07607
34 37 0 74.5093 95.8783
34 38 0 43.7406 12.6804
34 39 0 49.0507 72.2829
34 40 0 18.3549 59.8373
34 41 0 24.3111 88.9207
34 42 0 8.90889 20.0222
34 43 0 25.1916 20.4383
34 44 0 88.2217 86.0504
34 45 0 96.1667 61.1517
34 46 0 33.3838 7.6099
34 47 0 1.44424 65.5122
34 48 0 19.0884 8.66075
34 49 0 23.6654 39.3414
34 50 0 63.4737 76.6591
34 51 0 50.421 7.21465
34 52 0 96.1991 86.393
34 53 0 46.7182 49.6112
34 54 0 31.7339 44.8668
34 55 0 92.7661 59.6783
34 56 0 20.0207 15.6684
34 57 0 87.2408 51.0229
34 58 1 4.25669 14.076
34 59 0 32.849 71.0978
34 60 0 16.4632 70.3543
35 1 0 5.06714 75.9963
35 2 1 36.1927 93.0846
35 3 0 77.0577 25.4495
35 4 0 5.77828 13.1918
35 5 0 60.3133 21.4123
35 6 0 8.53361 48.8457
35 7 0 3.06942 59.386
35 8 0 20.4074 17.6033
35 9 0 78.7272 58.1099
35 10 0 13.8667 14.1195
35 11 0 90.8241 97.0783
35 12 0 96.7858 16.6871
35 13 0 78.2676 22.7047
35 14 0 71.9052 89.4533
35 15 0 92.9806 99.6065
35 16 0 30.27 36.1366
35 17 0 82.4 20.057
35 18 0 86.8868 95.722
35 19 0 68.7057 1.17041
35 20 0 81.2912 27.5251
35 21 0 5.53122 76.343
35 22 0 81.0421 7.65396
35 23 0 6.78169 73.626
35 24 0 21.9902 40.9239
35 25 0 56.8969 9.74693
35 26 0 91.4258 92.3111
35 27 0 14.269 40.0295
35 28 0 10.7235 7.08592
35 29 0 79.3101 69.2507
35 30 0 74.0646 69.7571
35 31 0 79.8664 10.8357
35 32 1 56.0399 58.1859
35 33 0 88.4549 97.57
35 34 1 40.2241 37.194
35 36 1 95.4287 80.5406
35 37 0 47.8079 93.968
35 38 0 68.567 46.0652
35 39 0 52.5852 1.19103
35 40 0 52.578 17.5566
35 41 0 52.3832 47.8694
35 42 0 4.53571 99.4845
35 43 0 42.1178 8.05149
35 44 0 25.7731 84.7629
35 45 0 87.6742 31.7939
35 46 0 18.1633 66.8809
35 47 0 52.9934 85.8434
35 48 0 31.6721 51.0175
35 49 0 90.8225 53.2053
35 50 0 5.42671 2.72293
35 51 0 12.6551 67.7812
35 52 1 6.77068 54.7727
35 53 0 3.43619 64.3104
35 54 0 45.6999 10.3342
35 55 0 43.9172 36.3319
35 56 0 82.0131 21.3822
35 57 0 0.204803 70.3901
35 58 1 89.8252 15.9241
35 59 0 13.9646 98.6599
35 60 0 77.5539 70.0671
36 1 0 0.849708 60.6874
36 2 0 58.3342 35.915
36 3 0 18.5164 12.8973
36 4 0 3.74881 58.7158
36 5 0 29.8793 30.6901
36 6 0 19.873 98.6625
36 7 0 92.1921 61.5988
36 8 0 1.93644 59.5447
36 9 0 46.3876 11.8275
36 10 0 94.4841 43.679
36 11 0 0.940796 18.4125
36 12 0 7.63089 73.4255
36 13 0 48.4935 96.6097
36 14 1 11.9558 12.5847
36 15 0 94.7853 63.9519
36 16 0 31.2428 17.5965
36 17 0 79.8179 84.2528
36 18 0 63.7514 64.7403
36 19 0 65.8507 39.3586
36 20 0 41.587 28.8026
36 21 0 93.9879 45.2557
36 22 0 38.3282 11.4219
36 23 0 70.3027 83.6698
36 24 0 77.7474 19.4799
36 25 0 10.3734 64.8754
36 26 0 59.9059 98.3952
36 27 0 74.3096 12.1861
36 28 0 62.9716 8.61607
36 29 0 80.6859 18.1383
36 30 0 56.1778 0.774646
36 31 0 70.4241 64.4934
36 32 0 23.4172 78.8247
36 33 0 52.1163 47.1835
36 34 0 6.19355 77.0851
36 35 0 55.791 59.8482
36 37 1 98.2062 64.9782
36 38 0 6.98861 79.0543
36 39 0 50.8862 65.5608
36 40 0 29.7092 1.44673
36 41 0 81.7669 95.6613
36 42 0 93.4645 23.4708
36 43 0 54.8585 40.973
36 44 0 60.145 38.4949
36 45 1 34.0153 28.8054
36 46 0 94.9843 32.19
36 47 1 47.9363 51.2081
36 48 0 45.0086 89.2702
36 49 0 52.2955 33.1134
36 50 0 16.106 41.7205
36 51 0 87.6632 92.7638
36 52 0 22.7494 29.7988
36 53 1 73.3641 53.2958
36 54 0 95.565 94.5866
36 55 0 79.4862 38.27
36 56 0 79.1041 81.3264
36 57 0 42.066 10.2664
36 58 0 15.068 22.6879
36 59 0 49.8429 4.05145
36 60 0 24.5058 56.542
37 1 0 96.4313 38.9091
37 2 0 60.9652 30.5388
37 3 0 32.5538 30.1832
37 4 1 31.4916 88.2576
37 5 0 59.2706 79.378
37 6 0 36.1449 15.2747
37 7 0 85.5537 73.8109
37 8 0 63.1613 36.2006
37 9 0 61.7171 68.4693
37 10 0 78.215 40.6494
37 11 0 3.74649 26.6261
37 12 0 23.3034 73.7347
37 13 0 30.4946 76.0871
37 14 1 92.7694 42.2293
37 15 0 83.452 80.0997
37 16 0 75.1701 92.6529
37 17 0 73.5624 5.49951
37 18 1 21.5423 27.6383
37 19 0 99.9854 35.5281
37 20 0 75.787 95.9022
37 21 0 94.5917 51.0817
37 22 0 22.6857 96.4169
37 23 0 15.2846 22.7474
37 24 0 46.7906 99.6387
37 25 0 68.6601 7.05198
37 26 0 87.9464 15.4732
37 27 0 9.44228 17.0391
37 28 0 63.2792 58.0648
37 29 0 81.6294 16.4003
37 30 0 54.2806 80.6096
37 31 0 78.4573 27.2502
37 32 0 90.7004 17.2271
37 33 0 18.9001 13.4676
37 34 0 7.56859 51.3286
37 35 0 51.902 16.3547
37 36 0 69.5967 0.528386
37 38 1 65.6943 80.5867
37 39 0 69.5227 50.1984
37 40 0 96.8378 20.2825
37 41 0 87.261 46.8721
37 42 0 3.5153 16.6781
37 43 0 2.44632 88.0184
37 44 0 57.6055 73.6117
37 45 0 29.2363 21.4806
37 46 0 88.6725 69.4358
37 47 0 68.0843 91.2869
37 48 0 34.4455 93.5614
37 49 0 73.8504 54.7082
37 50 0 2.02342 89.7514
37 51 0 0.0644372 75.7792
37 52 0 30.4936 24.6396
37 53 0 9.74012 86.7744
37 54 0 92.6128 49.1701
37 55 0 26.2931 80.6177
37 56 0 53.8772 41.9979
37 57 0 58.8284 18.4642
37 58 0 82.9958 83.3091
37 59 0 83.9269 65.3666
37 60 0 3.44186 22.2534
38 1 0 42.5835 33.7019
38 2 0 67.32 5.57069
38 3 1 96.2253 86.1556
38 4 0 84.4615 27.4575
38 5 0 44.8112 85.2562
38 6 0 44.4202 83.5812
38 7 0 97.0365 52.7772
38 8 0 5.31048 58.9498
38 9 0 75.24 5.74841
38 10 0 53.1735 58.3497
38 11 1 56.4713 6.15374
38 12 0 12.5961 25.829
38 13 0 55.3962 49.1697
38 14 0 99.2603 77.4564
38 15 0 55.1801 7.30253
38 16 0 11.8399 29.9311
38 17 0 46.6159 45.2772
38 18 0 92.0899 7.21029
38 19 0 73.7785 62.6223
38 20 0 90.4939 25.918
38 21 0 2.15364 45.4094
38 22 0 6.01786 82.8359
38 23 0 12.7414 16.9292
38 24 1 75.8025 62.9769
38 25 0 44.9991 56.7738
38 26 0 34.9849 7.89642
38 27 0 58.2252 22.262
38 28 0 67.3812 4.26378
38 29 0 14.237 15.0917
38 30 0 61.5099 57.2287
38 31 0 44.9688 16.3375
38 32 0 46.9957 61.0024
38 33 0 10.3011 48.3399
38 34 0 67.8667 96.418
38 35 0 7.03353 73.3318
38 36 0 82.6787 20.977
38 37 0 47.4133 59.9094
38 39 1 73.128 95.6278
38 40 0 30.0966 81.8321
38 41 0 42.1876 27.4803
38 42 0 58.0719 98.0895
38 43 0 23.0622 18.0954
38 44 0 95.648 69.3809
38 45 0 81.7749 98.016
38 46 0 3.02872 27.2679
38 47 0 18.9429 57.8644
38 48 0 7.65054 16.7115
38 49 0 70.6315 90.954
38 50 0 24.8935 80.1675
38 51 0 58.4045 8.93329
38 52 0 16.8476 84.1271
38 53 0 11.8587 79.3335
38 54 0 50.2089 31.3778
38 55 1 80.5853 61.4184
38 56 0 29.2156 95.1562
38 57 0 5.12299 58.647
38 58 0 97.4534 38.4484
38 59 0 93.8173 40.1492
38 60 0 4.68068 56.9627
39 1 0 47.2231 28.1762
39 2 0 3.76614 93.3053
39 3 0 35.8548 12.2944
39 4 0 56.4064 17.1595
39 5 0 18.3811 2.68414
39 6 0 31.8281 25.7486
39 7 0 60.9644 91.0893
39 8 0 22.6945 12.8335
39 9 0 91.3916 15.0661
39 10 0 91.8088 68.444
39 11 1 33.1724 28.957
39 12 0 37.5933 54.9124
39 13 0 53.4203 75.917
39 14 0 87.896 97.5524
39 15 0 33.2194 12.7442
39 16 0 16.4385 38.8
39 17 0 84.8716 71.7441
39 18 0 90.6763 64.2597
39 19 0 28.5962 68.163
39 20 0 69.9439 11.6438
39 21 1 6.91922 91.7949
39 22 0 64.8484 95.8748
39 23 0 43.0228 12.1811
39 24 0 2.08942 18.231
39 25 0 46.0865 96.1711
39 26 0 26.0966 40.0145
39 27 0 94.8507 70.4805
39 28 0 91.4759 65.5985
39 29 0 97.1004 14.0144
39 30 0 78.8952 78.9832
39 31 0 45.3305 70.0708
39 32 0 76.0348 28.2821
39 33 0 97.5038 97.3381
39 34 0 35.083 65.5786
39 35 0 10.7299 37.7473
39 36 0 34.7799 43.6204
39 37 0 20.1696 41.8732
39 38 0 76.5255 55.8723
39 40 1 32.2446 91.7423
39 41 1 41.0792 8.86178
39 42 0 93.0352 66.3615
39 43 0 89.0925 40.1153
39 44 0 94.2489 49.3042
39 45 0 95.3491 97.1311
39 46 0 42.6075 98.6948
39 47 0 86.5707 97.33
39 48 0 85.7141 25.6985
39 49 0 90.3303 29.2257
39 50 0 37.5583 5.34888
39 51 0 82.4875 36.8665
39 52 0 68.2243 36.4564
39 53 0 61.074 72.3444
39 54 0 29.9773 52.5496
39 55 0 67.1286 29.6963
39 56 0 77.8915 99.3813
39 57 0 70.2677 14.3756
39 58 0 30.4511 19.6759
39 59 0 16.4483 1.65973
39 60 0 17.7894 47.6545
40 1 0 79.1554 47.4087
40 2 0 39.2102 28.4114
40 3 0 64.9152 12.7793
40 4 0 31.6352 81.975
40 5 0 78.2821 38.3453
40 6 0 92.4254 25.2304
40 7 0 92.9695 11.4416
40 8 0 79.1389 23.0794
40 9 0 71.5047 23.5043
40 10 0 90.0988 52.2922
40 11 0 73.6577 64.1586
40 12 0 0.0776535 63.4884
40 13 0 42.0703 64.3119
40 14 0 78.1811 90.5763
40 15 0 96.0633 37.2825
40 16 1 3.79474 92.6967
40 17 0 68.2698 58.1195
40 18 0 46.4351 2.42488
40 19 0 5.81265 93.9328
40 20 0 65.6727 80.8142
40 21 0 61.7818 92.8185
40 22 0 22.4797 97.0511
40 23 0 27.9487 81.2805
40 24 0 16.1002 28.9905
40 25 0 64.6452 1.08084
40 26 0 99.4902 50.4678
40 27 0 82.2169 76.4006
40 28 0 29.3615 97.1896
40 29 1 89.9077 88.6606
40 30 0 7.9691 0.443916
40 31 1 90.964 82.4246
40 32 0 87.2372 18.4879
40 33 0 81.994 94.7927
40 34 0 34.164 13.1293
40 35 0 31.2174 65.6886
40 36 1 95.1743 34.3919
40 37 0 31.1695 60.8911
40 38 0 73.1709 22.143
40 39 0 36.6572 75.3422
40 41 1 57.978 35.2055
40 42 0 36.8111 94.2069
40 43 0 11.0621 91.6712
40 44 0 90.7891 12.6131
40 45 0 21.2434 18.6582
40 46 0 93.0487 94.002
40 47 0 82.1921 58.4217
40 48 0 15.1711 38.1776
40 49 0 12.5735 43.8409
40 50 0 47.486 90.1843
40 51 0 11.4814 67.5727
40 52 0 20.3 89.1768
40 53 0 2.36046 45.768
40 54 0 97.4575 11.9144
40 55 0 38.3135 28.4436
40 56 0 93.104 26.6783
40 57 0 72.2767 33.9459
40 58 0 19.8019 79.4485
40 59 0 29.4336 64.5572
40 60 0 78.7898 16.636
41 1 0 23.6884 95.2512
41 2 0 48.9067 86.9688
41 3 0 96.7222 90.2338
41 4 0 84.1303 2.15532
41 5 0 53.8316 94.7967
41 6 0 68.0665 50.545
41 7 0 49.7745 10.5002
41 8 0 63.2302 75.8785
41 9 0 84.7586 99.4518
41 10 0 36.1585 51.7384
41 11 1 12.5555 3.72296
41 12 0 97.8519 2.12842
41 13 0 44.2471 34.9066
41 14 0 67.5243 86.6995
41 15 0 22.5403 9.67305
41 16 0 89.2761 71.8426
41 17 0 95.1076 0.654807
41 18 0 10.0591 63.987
41 19 0 10.8544 64.8941
41 20 0 3.66585 45.1659
41 21 0 81.475 24.3932
41 22 0 62.9982 92.1661
41 23 0 23.915 94.0849
41 24 0 35.7459 74.7905
41 25 0 91.7497 52.8806
41 26 0 64.6552 97.2183
41 27 0 14.1468 15.5231
41 28 0 37.3451 85.7081
41 29 0 36.7348 76.4105
41 30 0 11.2024 58.2029
41 31 0 11.8711 85.0301
41 32 0 60.1509 20.9312
41 33 0 59.9958 53.3941
41 34 0 46.8782 88.8988
41 35 0 34.5228 74.9232
41 36 0 78.7148 18.7734
41 37 0 34.7765 46.8163
41 38 0 26.8442 13.5545
41 39 0 74.4093 51.2537
41 40 0 59.372 24.6661
41 42 1 97.7264 30.8344
41 43 0 59.4068 89.609
41 44 0 81.873 3.76865
41 45 0 24.5501 48.3051
41 46 0 64.8383 9.97805
41 47 0 80.65 81.0728
41 48 0 70.0302 98.1951
41 49 0 35.7772 62.7507
41 50 0 40.5341 2.67826
41 51 0 60.9011 6.63683
41 52 1 43.4938 14.3651
41 53 0 68.6038 9.00022
41 54 0 79.8439 99.1029
41 55 0 40.9097 92.9127
41 56 0 79.6994 22.9351
41 57 0 40.6696 10.5005
41 58 1 34.0781 22.3319
41 59 0 80.3697 22.8501
41 60 0 50.6168 3.31502
42 1 0 46.2215 1.84887
42 2 0 50.6384 59.4216
42 3 0 50.376 34.8957
42 4 0 87.4007 28.9508
42 5 0 39.6913 91.3188
42 6 0 64.5297 93.3256
42 7 0 19.3396 36.5833
42 8 0 65.1243 42.128
42 9 0 55.3978 45.9921
42 10 0 11.1991 6.59898
42 11 0 56.6756 13.4702
42 12 0 41.5149 23.1578
42 13 0 15.7846 15.4759
42 14 0 97.2621 50.8527
42 15 0 56.6516 66.7228
42 16 1 36.325 22.2528
42 17 0 27.9803 80.7775
42 18 0 87.4758 32.6764
42 19 0 74.5156 88.582
42 20 0 6.10707 95.1212
42 21 0 17.2621 70.686
42 22 0 4.25181 33.2484
42 23 0 83.3011 72.2029
42 24 0 0.657819 39.6219
42 25 1 90.2031 1.60718
42 26 0 81.5957 43.6425
42 27 1 10.6915 55.2384
42 28 0 93.844 40.7154
42 29 0 78.5627 53.8328
42 30 0 88.8231 67.8589
42 31 0 14.569 42.6161
42 32 0 84.7094 3.86821
42 33 0 20.5833 2.9835
42 34 0 70.5962 6.1078
42 35 0 69.0324 62.8611
42 36 0 3.37917 83.1177
42 37 0 60.1601 48.7948
42 38 0 49.9542 74.0419
42 39 0 38.8009 77.4011
42 40 0 83.2365 90.9796
42 41 0 60.612 56.2102
42 43 1 92.4549 27.2226
42 44 0 2.18841 58.1834
42 45 1 92.1648 94.4838
42 46 0 98.1941 24.5725
42 47 0 60.1476 48.0707
42 48 0 2.91305 59.3822
42 49 0 48.5832 0.240503
42 50 0 42.4143 6.08756
42 51 0 14.8215 13.6456
42 52 0 48.0072 72.6324
42 53 0 2.06635 36.0576
42 54 0 34.7238 25.3261
42 55 0 81.5103 31.9599
42 56 0 62.4087 78.0435
42 57 0 36.9331 20.669
42 58 0 58.8434 25.6802
42 59 0 1.05203 52.1967
42 60 0 64.7384 30.472
43 1 0 10.8089 44.9001
43 2 0 6.58593 91.6817
43 3 0 73.7227 83.937
43 4 1 43.5344 58.4494
43 5 0 29.1058 50.3476
43 6 0 43.2995 8.64993
43 7 0 20.1589 94.0769
43 8 0 16.2672 91.8208
43 9 0 42.23 91.3523
43 10 0 24.9599 55.3649
43 11 0 55.9659 29.2124
43 12 0 65.6449 79.4258
43 13 0 7.62424 24.6904
43 14 0 30.0791 31.5512
43 15 0 10.5447 69.5215
43 16 0 89.4586 89.9315
43 17 0 34.1255 13.716
43 18 1 59.606 16.4395
43 19 0 33.4273 75.781
43 20 0 26.0232 47.7991
43 21 0 43.7271 81.6551
43 22 0 46.508 58.1909
43 23 1 70.0831 14.3244
43 24 0 93.6365 50.0321
43 25 0 37.8767 50.0683
43 26 0 56.7539 45.0455
43 27 0 9.55722 8.90054
43 28 0 97.5493 97.8032
43 29 0 93.493 93.1989
43 30 0 12.9813 17.4402
43 31 0 81.7665 89.6646
43 32 0 81.5573 20.2564
43 33 0 4.20526 59.8197
43 34 0 48.6781 77.7388
43 35 0 50.2032 92.1432
43 36 0 42.8497 24.1402
43 37 0 90.5864 47.1356
43 38 0 11.3659 50.5301
43 39 0 22.4231 78.949
43 40 0 60.6372 90.4949
43 41 0 72.4597 7.78118
43 42 0 39.2587 71.4971
43 44 1 34.8063 41.4364
43 45 0 12.2514 75.8293
43 46 0 69.3268 20.8768
43 47 0 6.67656 78.3329
43 48 0 69.6133 22.0104
43 49 0 39.5611 92.0023
43 50 0 61.4019 75.7358
43 51 0 42.4476 53.1737
43 52 0 53.4057 17.2497
43 53 0 30.2414 24.6033
43 54 0 91.3368 4.25412
43 55 0 17.2002 56.5845
43 56 0 74.2694 78.3872
43 57 0 17.3833 2.02322
43 58 0 3.42623 56.8487
43 59 0 67.9021 70.3151
43 60 0 66.9941 41.7766
44 1 0 78.9282 56.8545
44 2 0 93.4333 29.893
44 3 0 68.0254 14.8801
44 4 0 46.2943 54.0575
44 5 0 85.5838 48.9301
44 6 0 56.4834 83.0933
44 7 1 84.5316 59.3192
44 8 0 50.5932 87.9268
44 9 0 18.6502 28.2664
44 10 0 93.8467 85.2906
44 11 0 89.7539 89.65
44 12 0 89.8119 29.1353
44 13 0 22.6868 76.6498
44 14 0 75.5425 54.3196
44 15 0 81.2 50.9145
44 16 0 68.0403 49.2486
44 17 0 88.907 20.4034
44 18 0 97.6933 90.0519
44 19 0 65.2595 4.95573
44 20 0 88.403 21.0252
44 21 0 49.1382 42.0085
44 22 0 31.3511 45.0043
44 23 0 30.818 95.9107
44 24 0 54.7907 78.1255
44 25 0 89.8527 86.0564
44 26 0 23.5953 52.8533
44 27 0 30.5177 75.0596
44 28 0 12.1393 45.7271
44 29 0 26.8186 11.5095
44 30 0 57.5826 42.0065
44 31 0 20.0552 4.79631
44 32 0 0.236465 99.6241
44 33 0 28.2375 51.5276
44 34 1 19.8646 52.1385
44 35 1 44.2217 99.3035
44 36 0 59.6805 96.1206
44 37 0 64.8158 39.4212
44 38 0 3.47615 80.0027
44 39 0 80.6794 51.345
44 40 0 17.6846 93.3732
44 41 0 48.5655 99.0572
44 42 0 66.1257 23.5675
44 43 0 24.9509 26.1808
44 45 1 52.367 37.3535
44 46 0 63.5538 73.651
44 47 0 12.9544 98.9393
44 48 0 84.1259 44.3343
44 49 1 77.8347 82.4738
44 50 1 11.4903 20.3097
44 51 0 64.1557 81.6508
44 52 0 57.4322 64.6507
44 53 1 98.0451 41.1292
44 54 0 66.2702 28.5602
44 55 0 32.776 90.9053
44 56 1 75.2551 1.78761
44 57 0 79.3109 50.1714
44 58 0 57.4402 25.5966
44 59 1 72.9619 96.0406
44 60 0 84.6727 99.419
45 1 0 68.3503 85.9922
45 2 0 40.2012 55.0099
45 3 0 48.091 35.8645
45 4 0 75.6893 30.4586
45 5 1 1.58249 85.305
45 6 0 34.7412 24.4099
45 7 0 27.9661 27.0837
45 8 1 64.5563 57.5789
45 9 0 99.6949 45.7327
45 10 0 71.2168 71.2242
45 11 0 81.3023 11.0933
45 12 0 45.3132 37.3671
45 13 1 39.8708 57.402
45 14 0 94.3908 16.8268
45 15 0 40.5975 68.7229
45 16 0 38.3553 23.0128
45 17 0 6.22044 1.73869
45 18 0 25.2429 78.2466
45 19 0 15.7165 2.20299
45 20 0 98.0277 66.1931
45 21 0 34.3793 56.243
45 22 0 95.1518 57.2177
45 23 0 38.1154 46.767
45 24 0 46.9783 7.84109
45 25 0 25.4327 72.8412
45 26 0 93.191 18.2356
45 27 1 52.8166 13.5989
45 28 1 10.267 79.6187
45 29 0 78.3066 6.81738
45 30 1 96.8508 30.0152
45 31 0 35.62 56.0635
45 32 0 14.0796 46.9682
45 33 0 62.7623 26.426
45 34 0 47.9047 22.1406
45 35 0 95.0019 75.6748
45 36 0 89.9152 91.6691
45 37 0 97.3493 21.6147
45 38 0 94.9256 83.5728
45 39 0 74.5493 8.49231
45 40 0 49.5955 28.4704
45 41 0 89.0388 1.41546
45 42 0 49.868 79.6238
45 43 0 73.4637 30.6615
45 44 0 17.9552 62.3365
45 46 1 8.24138 34.9499
45 47 0 3.68783 14.1873
45 48 0 64.3537 27.6034
45 49 0 70.8567 14.9175
45 50 0 12.3633 49.7687
45 51 0 2.71786 67.8595
45 52 0 82.9949 36.434
45 53 0 90.5703 38.118
45 54 0 4.62192 40.8126
45 55 0 82.6729 62.3838
45 56 0 58.982 32.7031
45 57 0 70.7116 7.97057
45 58 0 51.7571 31.2347
45 59 1 47.7541 64.2906
45 60 0 80.6523 30.1935
46 1 0 79.1152 91.6992
46 2 0 30.1562 98.0855
46 3 0 95.3228 78.5521
46 4 0 22.6047 58.8127
46 5 0 66.1317 95.2259
46 6 0 46.7242 28.3738
46 7 0 14.8532 72.3125
46 8 0 44.8248 65.5747
46 9 0 94.8602 88.2294
46 10 0 85.5295 53.7056
46 11 0 51.0589 89.6988
46 12 0 92.2218 73.4545
46 13 0 3.18009 91.757
46 14 0 18.8309 55.6911
46 15 0 89.4889 50.3924
46 16 0 11.1512 90.3289
46 17 0 81.9502 44.3841
46 18 0 90.2139 61.5892
46 19 0 77.9453 73.8089
46 20 0 46.789 63.2608
46 21 0 8.30532 59.2713
46 22 0 66.5129 79.8424
46 23 0 12.7741 80.5367
46 24 0 15.4107 75.6546
46 25 0 11.7242 86.6067
46 26 0 27.3058 60.0644
46 27 0 96.7456 65.0651
46 28 0 87.4461 90.8688
46 29 0 6.02242 24.8636
46 30 0 5.71204 17.9858
46 31 0 47.2672 14.0791
46 32 0 71.1031 79.048
46 33 0 11.0188 26.992
46 34 0 75.536 62.6929
46 35 0 23.1833 88.685
46 36 0 94.5031 2.64797
46 37 0 56.5331 89.1152
46 38 0 24.3655 25.5976
46 39 0 95.6426 40.7633
46 40 0 65.8258 42.564
46 41 0 24.8475 63.6921
46 42 0 93.2918 9.56302
46 43 0 25.0197 41.2694
46 44 0 33.424 72.4368
46 45 0 61.7422 49.8656
46 47 1 20.5188 72.7964
46 48 0 2.218 53.8949
46 49 0 36.2087 81.9343
46 50 0 4.01885 32.6668
46 51 0 41.4243 6.68277
46 52 0 59.784 17.3554
46 53 0 46.5069 90.0944
46 54 0 42.3341 19.6667
46 55 0 74.6428 23.6469
46 56 0 23.9821 10.2868
46 57 0 20.823 2.03769
46 58 0 18.1253 18.4875
46 59 0 67.8233 76.8023
46 60 0 31.4108 53.849
47 1 0 85.6397 44.049
47 2 0 52.5821 4.4187
47 3 1 18.8508 11.8758
47 4 0 75.3346 10.1244
47 5 0 78.5801 54.4223
47 6 0 35.7014 6.97452
47 7 0 29.4045 95.8872
47 8 0 33.6875 10.5622
47 9 0 70.0135 76.2544
47 10 0 93.9439 22.7945
47 11 0 54.9195 56.3402
47 12 0 25.4535 32.1875
47 13 0 55.8033 61.7419
47 14 0 61.1941 0.305774
47 15 0 21.5375 60.0235
47 16 0 24.1458 94.888
47 17 1 98.3326 19.4464
47 18 1 30.7207 89.8945
47 19 0 45.8737 16.7186
47 20 0 81.0298 15.5782
47 21 0 26.1913 15.9086
47 22 0 88.7954 72.2699
47 23 0 66.7474 39.147
47 24 0 35.6024 84.4376
47 25 0 97.8072 40.4756
47 26 0 97.4157 15.6744
47 27 0 78.1882 62.7117
47 28 0 20.5477 45.5704
47 29 0 22.7522 20.69
47 30 0 95.8409 12.769
47 31 0 76.2516 40.35
47 32 0 18.1785 43.1277
47 33 0 48.7556 47.5251
47 34 0 59.6653 12.352
47 35 0 32.5057 36.3852
47 36 0 99.0742 49.5261
47 37 0 9.05558 42.6311
47 38 0 8.83708 28.8774
47 39 0 84.3304 19.301
47 40 0 28.98 11.1333
47 41 0 65.5477 0.914107
47 42 0 84.0752 82.3906
47 43 0 20.1047 32.3533
47 44 0 30.8349 99.8509
47 45 0 0.0828266 0.70093
47 46 0 31.4886 88.2631
47 48 1 7.72115 27.7396
47 49 0 40.3594 37.7202
47 50 0 64.8179 79.6709
47 51 0 92.0669 76.2147
47 52 0 72.4077 26.5464
47 53 0 53.2277 86.6715
47 54 0 84.1514 39.1886
47 55 0 68.5317 88.0953
47 56 0 91.5859 68.9189
47 57 0 54.3206 85.1515
47 58 0 8.95459 86.5598
47 59 0 52.5517 60.3296
47 60 0 79.9086 39.2793
48 1 0 97.0864 10.8318
48 2 0 78.2641 29.6417
48 3 0 48.5767 22.6047
48 4 0 26.3167 65.1242
48 5 1 44.6168 73.739
48 6 0 60.5653 96.2406
48 7 0 4.98201 68.0081
48 8 0 1.04567 37.767
48 9 0 69.1978 45.5721
48 10 0 39.3512 30.9461
48 11 0 36.5505 75.1696
48 12 0 83.6246 8.31021
48 13 0 99.813 20.2824
48 14 0 29.2936 16.7805
48 15 0 48.5851 47.9725
48 16 0 68.693 11.1049
48 17 0 56.8714 30.3073
48 18 0 33.8962 0.0966655
48 19 1 69.4325 44.8247
48 20 0 6.40386 48.2894
48 21 0 67.1436 18.8963
48 22 0 27.9207 19.8212
48 23 0 22.7934 37.5109
48 24 0 41.5514 59.5971
48 25 0 67.713 6.45835
48 26 0 10.1351 0.59617
48 27 0 14.5224 29.4129
48 28 0 48.1451 74.2684
48 29 0 1.51294 8.84403
48 30 0 81.1213 67.1648
48 31 1 38.2203 73.9073
48 32 0 29.6051 47.2301
48 33 0 56.0958 61.5361
48 34 0 35.5666 37.9941
48 35 0 73.7342 18.7861
48 36 1 66.8001 46.1367
48 37 0 27.0691 42.6466
48 38 0 40.3486 40.068
48 39 0 6.3471 85.8493
48 40 0 50.9556 59.2019
48 41 0 81.701 42.4347
48 42 0 50.6812 61.7601
48 43 0 4.2637 88.849
48 44 0 84.7612 50.6913
48 45 0 16.4443 69.2035
48 46 0 84.6032 68.8678
48 47 0 6.40498 98.2164
48 49 1 53.1891 38.884
48 50 0 51.1329 2.58621
48 51 0 81.8607 61.7524
48 52 0 59.9501 85.5632
48 53 0 89.3547 66.4903
48 54 0 75.1408 12.9809
48 55 0 66.8522 17.5986
48 56 0 35.9293 34.2607
48 57 0 49.7966 55.6198
48 58 0 95.3112 8.33151
48 59 0 55.0763 96.4011
48 60 0 89.8233 41.624
49 1 0 7.31908 25.3993
49 2 0 4.12632 69.7083
49 3 0 32.0228 22.4168
49 4 0 25.4436 75.8792
49 5 0 63.0955 24.6564
49 6 0 3.76952 0.251307
49 7 0 88.9194 41.3093
49 8 1 58.4857 52.6706
49 9 0 62.9039 39.7393
49 10 0 75.4288 73.2695
49 11 0 11.8244 69.7228
49 12 0 50.777 42.7679
49 13 0 59.5091 27.2461
49 14 0 2.89804 34.7024
49 15 0 94.5364 63.3969
49 16 0 78.0822 2.49354
49 17 0 73.3559 13.4662
49 18 1 30.7512 54.3947
49 19 0 75.7633 72.0439
49 20 0 24.9189 97.3448
49 21 0 38.2935 58.7114
49 22 0 46.5017 2.52427
49 23 1 89.4145 85.0939
49 24 0 70.8908 57.5395
49 25 0 30.5201 34.0399
49 26 1 87.6266 80.7266
49 27 0 19.8628 17.5527
49 28 0 11.9324 12.1367
49 29 0 93.1931 90.0919
49 30 0 37.7483 60.8223
49 31 0 13.3695 84.6646
49 32 0 9.34702 18.2173
49 33 0 69.8155 76.1652
49 34 0 34.7051 23.7115
49 35 0 21.5491 18.8917
49 36 0 43.7753 69.3834
49 37 0 0.834168 73.8053
49 38 0 77.4894 11.2385
49 39 0 40.0334 8.969
49 40 0 60.5981 41.0531
49 41 0 60.9495 46.4127
49 42 0 40.557 27.6172
49 43 0 4.30419 58.0027
49 44 0 32.2884 78.2375
49 45 0 68.9842 47.687
49 46 0 63.587 30.4271
49 47 0 73.5868 22.7671
49 48 0 12.1609 14.8362
49 50 1 45.5913 6.36421
49 51 0 75.4303 62.4552
49 52 0 56.6433 36.3494
49 53 1 61.6692 50.6735
49 54 0 41.9923 24.3849
49 55 0 98.3416 16.9566
49 56 0 99.0395 84.9073
49 57 0 98.3721 23.8166
49 58 0 40.4437 2.23988
49 59 0 64.3384 8.15245
49 60 0 59.1996 29.7608
50 1 0 96.0027 97.1094
50 2 0 63.5881 86.1507
50 3 1 80.0397 93.0445
50 4 1 73.0295 28.9231
50 5 0 67.1653 41.7119
50 6 0 33.2196 84.4018
50 7 0 38.2267 0.670828
50 8 0 18.2591 46.2371
50 9 0 48.4941 41.8268
50 10 1 75.2114 2.2668
50 11 0 64.6871 40.5876
50 12 0 21.47 36.8
50 13 0 93.6321 96.7334
50 14 0 51.9046 80.2257
50 15 0 96.511 4.66418
50 16 0 10.3363 36.4226
50 17 0 46.9529 67.1256
50 18 0 21.3778 65.946
50 19 0 39.3734 55.6366
50 20 0 12.5632 14.8159
50 21 0 71.9412 89.8673
50 22 0 40.5782 41.9014
50 23 0 98.2228 55.4215
50 24 0 37.7592 29.4722
50 25 0 53.0936 66.9127
50 26 0 73.3418 84.1869
50 27 1 16.1393 37.2675
50 28 0 50.4564 74.7341
50 29 0 59.4623 99.2521
50 30 0 16.6439 51.7582
50 31 0 83.0613 98.1676
50 32 0 70.1019 3.13781
50 33 0 53.5943 82.0179
50 34 0 27.9978 33.4201
50 35 0 18.2766 37.0886
50 36 0 87.2581 91.5813
50 37 0 40.1859 74.5979
50 38 0 93.1314 7.32452
50 39 0 48.2343 6.39863
50 40 0 39.6395 4.87835
50 41 1 9.58774 29.7606
50 42 1 49.7316 57.1494
50 43 0 14.3428 77.8012
50 44 0 30.0896 36.4381
50 45 0 87.8595 46.841
50 46 0 55.2177 55.0875
50 47 0 12.9507 79.1787
50 48 0 2.9635 2.79538
50 49 0 57.5151 69.2245
50 51 1 61.807 41.6797
50 52 0 36.5911 32.4733
50 53 0 6.92531 12.4083
50 54 0 15.8662 63.2274
50 55 0 91.0522 69.4285
50 56 0 41.2099 53.3477
50 57 0 33.4265 11.0109
50 58 0 41.2752 55.2049
50 59 0 59.7779 47.4702
50 60 0 64.8637 90.8132
51 1 0 53.2956 56.0131
51 2 0 71.7903 91.0045
51 3 0 12.9954 57.2678
51 4 1 78.9103 37.5332
51 5 0 46.2986 56.5102
51 6 0 76.3173 93.407
51 7 0 96.6712 31.2425
51 8 0 56.3961 37.3676
51 9 0 39.2697 97.6225
51 10 1 60.257 71.0852
51 11 0 56.9188 32.9653
51 12 0 76.7459 86.9195
51 13 1 25.8685 98.0627
51 14 0 5.98351 8.41916
51 15 0 35.4225 90.4155
51 16 0 64.3669 74.0782
51 17 0 34.5635 11.8049
51 18 1 97.938 31.7303
51 19 0 44.1895 43.3903
51 20 1 14.3884 51.0018
51 21 0 85.4723 37.209
51 22 0 14.6492 15.9938
51 23 0 42.9578 45.7424
51 24 0 73.2764 15.5323
51 25 0 83.256 38.5419
51 26 0 46.6659 91.9145
51 27 0 16.6623 15.645
51 28 0 79.8942 15.2338
51 29 0 33.4453 44.3368
51 30 1 86.7599 35.1725
51 31 0 91.5856 68.6271
51 32 0 82.0527 9.80743
51 33 0 72.0672 80.6046
51 34 0 55.9453 60.2747
51 35 0 8.23787 89.0282
51 36 0 13.7788 75.467
51 37 0 79.8155 19.9499
51 38 1 58.4616 51.4633
51 39 1 96.6676 41.1893
51 40 0 71.7009 46.7627
51 41 0 53.9647 82.916
51 42 0 47.4301 86.548
51 43 0 88.3443 61.3842
51 44 0 1.84874 3.61411
51 45 0 45.0252 14.0083
51 46 0 33.0204 44.8791
51 47 0 63.3945 37.7501
51 48 0 43.3131 69.2318
51 49 1 58.7467 0.841518
51 50 0 51.6776 36.0715
51 52 1 40.1909 32.7631
51 53 0 68.6589 21.8568
51 54 0 97.6522 66.08
51 55 0 16.9642 25.3003
51 56 0 74.1155 83.1129
51 57 0 32.6202 65.4719
51 58 0 23.1261 28.853
51 59 0 41.7989 45.4582
51 60 0 44.4572 3.16718
52 1 0 25.9905 96.5958
52 2 0 48.292 79.6634
52 3 0 58.1613 66.4368
52 4 0 91.9617 33.0967
52 5 0 11.2843 23.0207
52 6 0 39.4923 98.8544
52 7 0 46.6648 84.4624
52 8 0 0.324767 86.1858
52 9 0 52.7891 45.3375
52 10 0 99.9131 71.056
52 11 0 1.87628 84.5495
52 12 0 12.9878 88.0884
52 13 0 20.5816 42.2816
52 14 0 21.5028 90.536
52 15 0 89.4629 30.2406
52 16 0 16.9187 71.6351
52 17 0 34.5877 70.1575
52 18 0 63.6947 91.5647
52 19 0 80.3144 79.6448
52 20 0 15.0206 52.6548
52 21 0 3.08737 6.25873
52 22 0 97.6083 59.5749
52 23 0 22.7404 25.1976
52 24 0 43.3858 55.9879
52 25 0 84.3101 99.276
52 26 0 54.5209 87.9006
52 27 0 79.8154 39.6828
52 28 0 20.8204 30.876
52 29 0 3.10381 48.8363
52 30 0 61.6353 11.9627
52 31 0 49.4673 22.6969
52 32 0 88.9678 98.4404
52 33 0 65.7447 77.5761
52 34 0 95.0855 27.314
52 35 0 45.3597 11.6471
52 36 0 30.1846 11.808
52 37 0 7.57434 57.5143
52 38 0 58.0842 7.82505
52 39 0 82.1902 23.3813
52 40 0 36.0146 57.3221
52 41 0 91.4656 38.8913
52 42 0 70.5377 71.4441
52 43 0 60.1345 28.4209
52 44 0 98.9028 60.814
52 45 0 3.68155 69.4003
52 46 0 44.2076 10.5153
52 47 0 8.14651 43.5615
52 48 0 8.20666 53.6705
52 49 0 91.0418 52.2448
52 50 0 73.4698 31.524
52 51 0 16.0903 41.8456
52 53 1 7.72495 34.8797
52 54 1 39.038 44.3794
52 55 0 87.031 2.21159
52 56 0 71.0425 48.9108
52 57 0 15.8771 0.548094
52 58 0 39.2227 10.9592
52 59 1 82.4279 23.2304
52 60 0 84.0753 8.29678
53 1 0 6.58727 46.261
53 2 0 46.3844 61.1835
53 3 0 75.2538 15.2572
53 4 0 92.5536 86.1845
53 5 0 12.0823 36.2724
53 6 0 26.4763 30.8539
53 7 0 58.3619 31.22
53 8 0 29.3202 49.1883
53 9 0 18.4452 90.4528
53 10 1 88.7725 21.888
53 11 0 55.6535 85.7353
53 12 0 96.5952 98.3502
53 13 0 80.2171 11.9801
53 14 0 76.0838 53.3995
53 15 0 40.0456 17.7413
53 16 0 98.7747 90.6078
53 17 0 17.3757 16.361
53 18 0 5.93085 76.0514
53 19 0 32.9312 49.7118
53 20 0 30.1031 6.49232
53 21 0 42.4886 53.5125
53 22 0 71.4783 30.7417
53 23 0 83.1016 7.35446
53 24 0 12.203 39.7959
53 25 1 78.7973 45.1425
53 26 0 69.5549 84.8469
53 27 0 49.7082 4.72529
53 28 0 59.5142 38.7945
53 29 0 33.1658 48.5465
53 30 0 67.2072 81.8611
53 31 0 68.7678 88.09
53 32 1 50.9361 96.0056
53 33 0 86.7747 18.5609
53 34 0 64.9005 65.4194
53 35 0 62.9453 27.951
53 36 0 7.35683 6.03662
53 37 0 96.4248 7.94593
53 38 0 3.40748 71.4969
53 39 0 82.9456 27.9897
53 40 0 45.808 76.3142
53 41 0 12.4317 3.22972
53 42 0 95.3119 13.566
53 43 0 98.3826 72.1068
53 44 0 73.4765 73.9442
53 45 0 66.7483 41.8149
53 46 0 73.8274 22.7707
53 47 0 82.8739 78.5033
53 48 0 37.6796 83.7051
53 49 0 90.2287 1.58245
53 50 0 79.7733 39.451
53 51 0 7.24406 47.2922
53 52 0 80.627 39.8823
53 54 1 36.6697 69.9044
53 55 0 52.8692 78.2398
53 56 0 8.57004 45.6693
53 57 0 56.6127 21.3967
53 58 0 49.1904 8.08789
53 59 0 82.7088 4.32428
53 60 0 91.4769 20.9346
54 1 0 46.0272 8.6935
54 2 1 80.6089 11.7008
54 3 1 89.7682 16.2689
54 4 0 28.4992 58.5692
54 5 0 51.4929 43.9011
54 6 0 15.9302 76.6591
54 7 0 19.354 16.0541
54 8 1 40.4978 88.233
54 9 0 52.6345 96.1652
54 10 0 90.6253 48.0013
54 11 0 72.1896 92.5824
54 12 0 72.3622 66.6739
54 13 0 48.8799 69.1701
54 14 0 57.0503 88.6886
54 15 0 14.7413 27.4802
54 16 0 28.7655 76.6297
54 17 0 62.0688 91.5066
54 18 1 85.9825 90.1143
54 19 0 33.3671 79.4926
54 20 0 7.35252 89.86
54 21 0 39.4428 67.4788
54 22 0 20.3803 51.1997
54 23 0 76.8858 77.4043
54 24 0 8.95997 13.369
54 25 0 92.4464 47.0305
54 26 0 97.5575 46.2004
54 27 0 56.1185 23.2458
54 28 0 50.6755 13.1163
54 29 0 31.6593 0.110942
54 30 0 58.4097 19.0094
54 31 0 88.8259 78.884
54 32 0 18.2937 16.8285
54 33 0 40.2557 51.7182
54 34 0 46.1343 34.7726
54 35 0 90.6715 72.4846
54 36 0 37.1306 83.8465
54 37 0 1.25043 63.7543
54 38 0 46.6472 73.3073
54 39 0 3.01674 5.8524
54 40 0 39.7114 55.2019
54 41 1 42.3278 49.7362
54 42 0 40.9145 64.5965
54 43 0 22.7453 71.2707
54 44 0 75.7763 12.9041
54 45 0 24.9699 84.1402
54 46 0 37.8728 61.3299
54 47 0 66.2773 21.2633
54 48 0 61.8 18.9304
54 49 0 87.7174 75.8681
54 50 0 32.4685 22.7167
54 51 0 74.3843 92.2285
54 52 1 23.8836 92.7808
54 53 0 65.1771 12.1845
54 55 1 29.7189 7.23097
54 56 0 34.8657 3.64932
54 57 0 72.1628 88.6258
54 58 0 6.11602 36.8738
54 59 1 16.5965 82.8706
54 60 0 98.4317 12.9791
55 1 0 54.4223 55.6145
55 2 0 75.2026 34.4412
55 3 0 28.0755 2.05409
55 4 0 46.1563 43.5842
55 5 1 92.9624 7.33106
55 6 0 2.414 50.3883
55 7 0 86.2656 43.9271
55 8 0 67.0708 72.9513
55 9 0 29.0737 46.3015
55 10 0 18.5638 16.2469
55 11 0 37.4226 96.0162
55 12 0 2.61521 59.6743
55 13 0 54.1025 39.5654
55 14 0 93.1994 31.9014
55 15 0 41.8429 33.6497
55 16 0 80.5639 9.90391
55 17 0 15.9944 33.1727
55 18 0 69.2582 54.953
55 19 0 17.0946 28.6618
55 20 0 93.9337 15.7001
55 21 0 39.7308 77.2575
55 22 0 32.0777 69.296
55 23 0 23.0741 15.0804
55 24 0 91.9056 94.498
55 25 1 3.67213 66.0679
55 26 0 23.9803 37.7304
55 27 0 57.6358 95.1157
55 28 0 76.8687 72.4423
55 29 0 2.10049 62.2481
55 30 0 19.1126 3.7303
55 31 0 79.7302 76.8441
55 32 0 32.8669 28.5227
55 33 0 27.8906 28.7008
55 34 0 3.01819 94.8339
55 35 0 51.984 85.3948
55 36 0 29.6528 14.5361
55 37 0 43.3611 47.8594
55 38 0 17.4887 53.4692
55 39 0 11.9839 90.1308
55 40 0 93.749 18.4567
55 41 0 85.3024 74.5659
55 42 0 0.0232086 30.6803
55 43 0 30.1554 72.8374
55 44 0 7.94545 45.4917
55 45 0 69.9255 3.44959
55 46 0 43.5421 72.9044
55 47 0 39.2271 70
55 48 0 73.9887 81.0524
55 49 0 53.7945 63.4079
55 50 0 25.8466 57.4531
55 51 1 30.2749 32.0238
55 52 0 93.8303 65.0616
55 53 0 12.8502 85.204
55 54 0 97.6043 62.0813
55 56 1 40.8752 90.3233
55 57 0 3.29502 79.7097
55 58 0 77.6008 8.61458
55 59 0 0.966977 78.1154
55 60 0 21.1277 4.58112
56 1 0 95.88 63.826
56 2 0 85.7657 71.7345
56 3 0 31.3632 6.83695
56 4 0 57.8229 98.5001
56 5 0 17.1179 17.9756
56 6 0 90.1916 81.3438
56 7 0 89.5117 23.0258
56 8 0 31.7859 57.3875
56 9 0 18.8687 23.4131
56 10 0 77.7746 26.3316
56 11 0 99.7293 31.5948
56 12 0 74.3502 3.90145
56 13 1 18.0583 15.1811
56 14 0 89.3218 99.7123
56 15 0 26.085 56.3456
56 16 0 94.3747 55.1542
56 17 0 56.9207 1.99201
56 18 0 26.3693 98.3315
56 19 0 27.4808 95.3535
56 20 0 41.6044 77.9236
56 21 0 64.7435 91.915
56 22 0 57.5173 84.7405
56 23 0 53.9086 42.1635
56 24 0 6.26491 57.7425
56 25 1 6.22352 6.40102
56 26 0 44.4577 1.25283
56 27 0 26.6937 50.7591
56 28 0 44.6574 85.9592
56 29 0 70.8273 69.7544
56 30 0 98.6198 38.9005
56 31 0 1.78752 58.8675
56 32 0 51.1678 95.1764
56 33 0 21.081 69.3559
56 34 0 21.074 52.6538
56 35 0 43.9477 41.1295
56 36 0 14.2447 62.1405
56 37 0 64.4062 42.4708
56 38 0 61.3084 45.0992
56 39 0 3.2882 7.09033
56 40 0 85.7482 29.1523
56 41 0 66.5686 78.7333
56 42 0 90.0662 68.1739
56 43 0 42.24 37.8449
56 44 0 56.9264 52.8302
56 45 0 10.1017 33.8993
56 46 0 50.2979 73.3923
56 47 0 37.0467 24.0559
56 48 0 22.5751 77.4278
56 49 0 36.0336 64.2992
56 50 0 67.6403 48.0121
56 51 0 61.3197 64.3424
56 52 0 32.7411 16.1769
56 53 0 10.122 0.580748
56 54 0 90.2703 63.1012
56 55 0 0.953231 8.17589
56 57 1 75.7721 2.1812
56 58 0 91.4679 56.5743
56 59 0 57.2042 17.2515
56 60 1 5.60423 12.1412
57 1 0 80.0619 95.4462
57 2 0 54.8972 45.6487
57 3 0 79.9156 1.2363
57 4 0 56.0712 59.7985
57 5 0 88.6806 82.4619
57 6 0 1.43387 60.6251
57 7 0 99.1182 47.1327
57 8 0 46.2315 84.4296
57 9 0 34.0025 64.2323
57 10 0 3.65775 44.2101
57 11 0 58.9966 8.15417
57 12 0 5.72137 38.9121
57 13 0 0.111635 11.9124
57 14 0 44.7905 81.8819
57 15 0 58.3788 58.8437
57 16 0 76.2429 33.8648
57 17 0 49.1331 61.8408
57 18 0 11.3339 85.4947
57 19 0 80.0827 57.289
57 20 0 54.2877 64.1548
57 21 0 13.3239 56.4386
57 22 0 80.6889 67.4982
57 23 0 4.90863 59.3867
57 24 0 14.3338 43.3366
57 25 0 95.2939 36.4016
57 26 0 70.218 18.7897
57 27 0 10.3199 14.861
57 28 0 14.6014 16.1835
57 29 0 93.0591 66.257
57 30 0 80.2764 85.4965
57 31 0 4.83315 58.9021
57 32 0 30.8022 52.8045
57 33 0 54.8156 11.2192
57 34 0 99.369 66.9181
57 35 0 94.7319 75.0602
57 36 0 44.8849 28.1856
57 37 0 1.40147 78.0331
57 38 0 8.50844 81.9694
57 39 0 40.8988 93.2804
57 40 0 20.9559 77.3172
57 41 0 29.7932 46.3654
57 42 0 26.0387 63.4347
57 43 1 94.6102 43.0566
57 44 0 50.2457 66.0272
57 45 0 72.8487 95.953
57 46 0 42.863 88.9694
57 47 0 81.8156 67.1784
57 48 0 45.1403 58.8108
57 49 0 80.1015 55.4506
57 50 0 23.5482 81.9332
57 51 0 30.1423 62.5242
57 52 0 98.8162 84.6688
57 53 0 97.4088 37.3806
57 54 0 19.0401 19.6665
57 55 0 75.3733 34.7431
57 56 0 52.0956 57.5583
57 58 1 73.2849 39.9516
57 59 0 86.4782 57.605
57 60 0 99.962 50.3413
58 1 0 7.18933 58.1229
58 2 0 81.5483 86.9337
58 3 0 58.1147 92.81
58 4 0 54.5102 44.6564
58 5 0 32.0103 18.7651
58 6 0 1.69194 81.5843
58 7 0 65.1384 54.5374
58 8 0 39.1285 82.6474
58 9 0 79.349 34.397
58 10 0 61.0649 86.5443
58 11 0 52.7639 26.6794
58 12 0 41.1199 29.0696
58 13 1 39.85 59.8588
58 14 0 83.3724 86.4121
58 15 0 8.08575 58.5748
58 16 0 75.832 34.5884
58 17 0 28.2407 86.1521
58 18 0 96.6811 9.10114
58 19 0 74.7566 46.7697
58 20 0 36.4083 77.3867
58 21 0 1.64602 39.9964
58 22 0 53.9308 28.0054
58 23 0 78.9999 65.9645
58 24 0 40.4354 74.4547
58 25 0 79.4659 58.021
58 26 0 89.7694 62.8403
58 27 0 35.4998 10.7153
58 28 0 23.9224 72.2137
58 29 0 18.2184 48.343
58 30 0 97.9795 10.0885
58 31 0 33.7167 96.2713
58 32 0 50.9165 33.2364
58 33 0 52.1116 50.4399
58 34 0 80.2713 94.3021
58 35 0 96.8063 46.8888
58 36 0 14.4547 28.1322
58 37 0 13.1241 65.3419
58 38 0 46.9733 92.5684
58 39 0 70.5013 0.730492
58 40 1 81.2989 47.1498
58 41 0 83.6001 66.1342
58 42 0 26.782 94.9455
58 43 0 3.74694 39.3982
58 44 0 73.8577 3.29206
58 45 0 40.8177 4.93343
58 46 0 39.3871 88.8424
58 47 0 53.7274 3.91352
58 48 0 41.6428 74.52
58 49 0 28.0371 32.1787
58 50 0 4.6953 60.6789
58 51 0 13.9645 0.536033
58 52 0 79.6012 92.1553
58 53 0 98.9483 15.6359
58 54 0 31.7093 40.1723
58 55 0 38.7505 98.7439
58 56 0 20.3407 7.54265
58 57 0 31.0661 68.204
58 59 1 65.4067 18.6081
58 60 0 15.0404 62.1198
59 1 0 62.6268 93.9607
59 2 0 30.9921 62.0574
59 3 0 33.3547 40.9894
59 4 0 24.6105 27.9502
59 5 1 8.70943 29.7016
59 6 0 66.7614 17.6927
59 7 0 64.5953 75.3401
59 8 1 78.7479 64.4793
59 9 0 68.4612 60.4222
59 10 0 3.44662 78.7355
59 11 0 5.07304 96.2492
59 12 0 83.9848 8.4357
59 13 0 24.3889 52.2653
59 14 0 13.9887 30.0315
59 15 0 83.6187 58.1567
59 16 0 77.7239 1.39778
59 17 0 59.6093 97.5631
59 18 0 98.2181 61.0372
59 19 0 27.0616 1.65235
59 20 0 72.2857 27.997
59 21 0 1.09645 41.8015
59 22 0 64.309 8.24905
59 23 0 27.3675 2.85557
59 24 0 9.35708 33.1848
59 25 0 7.58633 41.9107
59 26 0 12.537 76.9804
59 27 0 74.0374 46.8796
59 28 0 64.4836 53.7997
59 29 0 10.9924 10.141
59 30 0 90.8677 73.8963
59 31 0 75.9102 9.49854
59 32 0 35.3663 28.2419
59 33 0 17.761 34.1644
59 34 0 79.3736 51.9455
59 35 0 65.2836 93.5166
59 36 0 3.2489 42.6883
59 37 0 31.8723 47.2297
59 38 0 26.9836 13.1589
59 39 0 50.0037 26.7174
59 40 0 19.5632 37.7567
59 41 0 8.59364 47.8468
59 42 0 9.27305 30.1454
59 43 0 62.7418 63.6066
59 44 0 72.4918 5.95
59 45 0 66.8116 17.4695
59 46 1 22.0434 38.9806
59 47 0 4.83573 93.6262
59 48 0 70.1464 66.6717
59 49 0 35.4333 23.4649
59 50 0 1.89566 59.2508
59 51 0 75.9036 0.92985
59 52 0 2.46337 38.7072
59 53 0 0.0578428 63.7379
59 54 0 63.6609 90.5822
59 55 1 6.241 57.5009
59 56 0 49.3329 93.509
59 57 0 57.3294 42.7081
59 58 0 97.1963 50.5046
59 60 1 17.57 45.4491
60 1 1 60.3197 5.10885
60 2 0 2.2227 14.9351
60 3 0 48.5044 53.8526
60 4 0 43.7685 61.4761
60 5 0 33.2338 49.285
60 6 1 50.1778 75.2278
60 7 0 45.8799 89.8622
60 8 0 26.5673 4.5812
60 9 0 37.8679 84.0156
60 10 0 28.1257 40.3336
60 11 0 16.227 75.4704
60 12 0 80.1086 35.8111
60 13 0 92.5253 56.3326
60 14 0 12.3581 96.3115
60 15 0 4.32631 61.2961
60 16 0 81.546 15.5104
60 17 0 47.2622 49.3683
60 18 1 6.91537 83.9255
60 19 0 1.92814 17.6126
60 20 0 83.781 15.063
60 21 1 48.501 4.85162
60 22 0 56.8528 91.0405
60 23 0 21.9956 7.17179
60 24 0 97.3136 10.2837
60 25 0 99.1029 86.1667
60 26 0 75.767 81.9699
60 27 0 72.1642 73.5005
60 28 0 92.5532 61.8222
60 29 0 17.1574 93.0865
60 30 0 46.5462 51.8151
60 31 0 27.4672 55.2262
60 32 0 41.7475 32.5052
60 33 0 90.8831 36.1462
60 34 0 63.1282 38.6215
60 35 0 14.1121 14.2335
60 36 0 52.1073 52.3271
60 37 0 4.06542 96.9535
60 38 0 89.5549 45.8767
60 39 1 23.1759 3.83674
60 40 0 92.2875 61.4715
60 41 1 45.6729 61.8809
60 42 1 90.9922 73.8538
60 43 0 97.3701 7.47081
60 44 0 15.4166 55.8596
60 45 0 57.0409 97.3159
60 46 0 72.7966 33.6372
60 47 0 48.668 87.7275
60 48 0 67.4405 76.5807
60 49 0 41.6968 21.6183
60 50 0 57.6275 37.9386
60 51 0 38.302 49.3334
60 52 0 50.182 41.261
60 53 0 85.9793 36.2084
60 54 0 14.8173 36.928
60 55 0 65.5285 11.3198
60 56 0 25.0763 32.7963
60 57 0 5.73318 57.8977
60 58 0 53.961 12.288
60 59 0 92.2253 44.1526
8.7867 9.81328 5.77828 2.61035 13.0757 20.9913 23.5987 25.0663 39.1899 5.47006 32.7119 12.9905 3.76349 16.6856 29.6094 35.4226 38.0387 0.367439 31.7956 3.92062 23.594 2.70952 28.1552 26.8525 28.4223 19.8796 23.8493 30.5183 32.2975 10.6263 8.74809 13.4713 3.87836 35.8785 19.9667 33.4056 1.809 12.6439 23.4754 9.98778 35.4824 31.493 32.8693 34.7077 36.7082 28.1059 10.8284 34.0427 38.2922 20.7723 12.9186 36.5792 17.1558 24.9906 7.50442 36.291 33.1358 13.1063 24.1943 38.2137 