60
100
4
50
1 2 1 84.9726 20.7599
1 3 0 52.0086 63.3795
1 4 0 75.2037 8.8814
1 5 0 67.2738 57.1614
1 6 0 30.9268 30.9604
1 7 0 55.9209 97.5657
1 8 0 74.7374 92.2788
1 9 0 83.7153 0.53255
1 10 0 0.453748 19.7503
1 11 0 22.2868 51.1745
1 12 0 49.5742 89.8814
1 13 0 42.7464 52.1388
1 14 0 5.58599 93.2508
1 15 0 0.496936 3.87228
1 16 0 63.358 51.9797
1 17 0 94.963 49.0253
1 18 0 62.7848 6.98333
1 19 0 35.9801 61.7651
1 20 0 6.45418 48.8322
1 21 0 54.9913 70.5919
1 22 0 74.1195 43.3674
1 23 0 26.0986 93.5251
1 24 0 7.99311 67.9382
1 25 0 28.8486 47.3014
1 26 0 1.03374 76.2275
1 27 0 42.7403 96.3555
1 28 0 21.7003 3.56739
1 29 0 48.0463 36.8891
1 30 0 35.5401 28.7266
1 31 0 45.5304 0.302864
1 32 0 38.6691 81.3765
1 33 0 33.7999 10.7243
1 34 0 12.3003 28.9459
1 35 0 14.494 46.5996
1 36 0 36.4993 93.2263
1 37 0 53.856 43.2661
1 38 0 58.909 98.8245
1 39 0 50.2008 90.2424
1 40 0 54.9555 66.5347
1 41 0 59.4584 72.5983
1 42 0 40.2075 55.1455
1 43 0 90.1659 46.8398
1 44 0 70.2716 84.0982
1 45 0 31.3813 79.9984
1 46 0 18.9671 75.9939
1 47 0 41.7456 50.65
1 48 0 44.2995 94.6255
1 49 0 57.767 74.8378
1 50 0 18.067 7.83953
1 51 0 47.8777 38.4941
1 52 0 19.0964 68.8197
1 53 0 30.3243 54.9711
1 54 0 55.2554 59.0318
1 55 0 71.5866 85.2264
1 56 0 59.5691 80.2917
1 57 0 56.1823 47.8168
1 58 0 16.6646 58.9546
1 59 0 98.456 31.4798
1 60 0 55.681 76.5937
2 1 0 46.1156 56.2207
2 3 1 84.3037 47.0552
2 4 0 39.2672 44.1495
2 5 0 55.8308 83.7243
2 6 0 22.9762 56.9851
2 7 0 57.4544 20.1247
2 8 0 82.8582 94.6625
2 9 0 64.3037 68.9726
2 10 0 53.3317 36.6006
2 11 0 61.1742 88.1982
2 12 0 85.2529 82.2484
2 13 0 54.5758 76.16
2 14 0 97.311 19.2687
2 15 0 74.2799 14.5043
2 16 0 43.4857 68.2592
2 17 0 60.0448 48.8432
2 18 0 5.99834 54.4486
2 19 0 16.4124 49.1869
2 20 0 64.1146 91.9064
2 21 0 34.4081 38.3406
2 22 0 65.7321 35.5528
2 23 0 18.6233 76.4133
2 24 0 17.3469 29.3775
2 25 0 66.8742 38.9709
2 26 0 90.6507 97.7683
2 27 0 82.1916 61.0985
2 28 0 33.4524 69.6362
2 29 0 77.178 34.5021
2 30 0 36.3015 92.5433
2 31 0 66.5669 74.5224
2 32 0 68.7353 23.087
2 33 0 7.62666 36.4678
2 34 0 59.9961 95.7845
2 35 0 62.4645 74.4591
2 36 0 81.9254 8.80423
2 37 0 52.7757 22.9925
2 38 0 52.2087 72.6408
2 39 0 7.5573 6.44784
2 40 0 86.5105 68.9004
2 41 0 14.114 88.9746
2 42 0 33.0437 77.7448
2 43 0 1.71028 74.4418
2 44 0 77.8631 16.1869
2 45 0 44.7313 22.0296
2 46 0 61.5305 9.43156
2 47 0 20.4735 33.8751
2 48 0 56.9141 35.6768
2 49 0 85.1153 73.6986
2 50 0 56.1796 49.6752
2 51 0 14.0747 5.41289
2 52 0 10.4144 99.7375
2 53 1 80.8552 64.4727
2 54 0 75.3402 90.4422
2 55 0 30.4624 46.0678
2 56 0 55.4005 17.2116
2 57 0 26.5303 90.4614
2 58 0 91.9296 42.8543
2 59 0 33.8105 90.9955
2 60 0 34.2347 49.4561
3 1 0 61.9549 96.6573
3 2 0 39.8865 52.306
3 4 1 15.5531 99.386
3 5 0 94.3584 31.0107
3 6 0 17.9659 42.7045
3 7 0 54.3326 46.2985
3 8 0 95.8936 52.6611
3 9 0 48.3856 32.6365
3 10 0 49.4054 71.415
3 11 0 53.0432 68.1529
3 12 0 20.5473 33.0215
3 13 0 72.5371 29.6631
3 14 0 39.9706 90.0411
3 15 0 22.2539 98.9794
3 16 0 54.8513 19.3485
3 17 0 61.1913 48.1916
3 18 0 72.3759 51.2245
3 19 0 39.5551 42.7935
3 20 0 3.3976 21.5855
3 21 0 40.1748 71.4246
3 22 0 59.2554 46.9949
3 23 0 30.9063 33.4933
3 24 0 47.3848 7.84953
3 25 0 96.9788 53.6662
3 26 0 54.2774 70.1616
3 27 0 19.2502 94.3633
3 28 0 78.8505 29.6325
3 29 0 24.7611 27.0913
3 30 0 3.46994 2.35258
3 31 0 6.26072 21.5041
3 32 0 1.11597 24.5847
3 33 0 81.8844 84.3257
3 34 0 97.9834 57.5968
3 35 0 71.5212 20.6054
3 36 0 81.6913 95.2452
3 37 0 76.8868 15.5745
3 38 0 59.7339 56.2226
3 39 0 38.5653 65.8395
3 40 0 23.9976 42.7862
3 41 0 62.6591 81.5389
3 42 0 49.2037 68.7968
3 43 0 44.8249 64.843
3 44 0 82.0456 96.1827
3 45 0 66.2733 4.22951
3 46 0 81.2392 19.702
3 47 0 89.2642 7.15203
3 48 0 48.0193 34.2337
3 49 0 35.5262 68.4616
3 50 0 98.5963 82.5408
3 51 0 36.0792 38.6026
3 52 0 50.5878 34.6739
3 53 0 22.3347 71.9696
3 54 0 55.6216 92.4553
3 55 0 56.597 38.3978
3 56 0 27.5633 15.8207
3 57 0 84.2388 74.8973
3 58 0 33.888 82.0532
3 59 0 76.0262 85.983
3 60 0 55.1795 80.6275
4 1 0 64.769 7.15441
4 2 0 32.3398 87.3701
4 3 0 24.5974 97.0937
4 5 1 75.3911 63.4538
4 6 0 8.76274 31.9503
4 7 0 12.0431 29.5612
4 8 0 82.1934 61.2511
4 9 0 95.0333 91.9432
4 10 0 42.6699 68.0128
4 11 0 86.6462 34.4491
4 12 0 41.4129 97.7142
4 13 0 37.7788 98.2535
4 14 0 21.5658 74.1554
4 15 0 25.4411 48.5876
4 16 0 5.11662 46.7544
4 17 0 12.2397 87.3947
4 18 0 31.8134 89.1235
4 19 0 25.2727 23.7489
4 20 0 87.1308 85.9742
4 21 0 48.9709 21.942
4 22 0 18.4239 26.0454
4 23 0 17.419 46.4237
4 24 0 31.5375 38.1878
4 25 0 73.0147 90.8206
4 26 1 67.2969 47.211
4 27 0 55.7105 85.9427
4 28 0 42.2728 45.2735
4 29 0 53.9693 64.8107
4 30 0 28.8304 1.60757
4 31 0 56.0269 42.6784
4 32 0 99.8115 63.339
4 33 0 28.475 79.337
4 34 0 31.9123 54.3099
4 35 0 35.8553 19.6098
4 36 0 78.9223 85.4577
4 37 0 25.8341 5.5558
4 38 0 58.1299 32.551
4 39 0 71.768 18.4831
4 40 1 83.3085 21.1964
4 41 0 87.2162 54.4318
4 42 0 89.0434 54.897
4 43 0 94.3308 5.7594
4 44 0 42.907 26.3692
4 45 0 51.7225 70.4685
4 46 0 47.8761 93.9747
4 47 0 52.5931 88.9827
4 48 0 62.7186 79.76
4 49 0 98.4605 67.4335
4 50 0 34.6335 75.9355
4 51 0 65.8356 61.162
4 52 0 12.5739 1.79968
4 53 0 38.1953 16.822
4 54 0 61.9133 59.9015
4 55 0 1.68511 9.0302
4 56 0 9.07817 86.9274
4 57 0 20.7373 34.9513
4 58 0 76.1758 48.3236
4 59 0 79.3134 11.5015
4 60 0 99.3081 62.5496
5 1 0 89.5161 16.9672
5 2 0 53.1759 60.3732
5 3 0 50.5881 92.0741
5 4 0 0.395561 58.8928
5 6 1 57.9248 38.3686
5 7 0 24.5251 72.5983
5 8 0 1.25892 22.0554
5 9 0 55.7983 12.2788
5 10 0 20.5049 20.6299
5 11 0 27.3859 64.2117
5 12 0 70.7517 26.2183
5 13 0 93.679 28.9314
5 14 0 1.70536 45.4336
5 15 0 35.8629 76.4015
5 16 0 96.9918 60.2552
5 17 0 22.9086 8.08147
5 18 0 7.08252 89.093
5 19 0 24.902 48.939
5 20 0 62.3569 45.155
5 21 0 19.6896 0.541495
5 22 0 99.0412 70.6408
5 23 0 13.6706 49.6776
5 24 0 57.4921 67.2196
5 25 0 58.6903 24.5528
5 26 0 57.8778 22.948
5 27 0 51.3963 87.9145
5 28 0 26.2305 98.3975
5 29 0 84.8115 29.3403
5 30 0 18.6026 74.9688
5 31 0 51.4331 5.48717
5 32 0 87.2346 18.0716
5 33 0 66.1274 51.3422
5 34 0 41.0637 21.9421
5 35 0 11.9035 78.7418
5 36 0 62.5854 18.5243
5 37 0 48.1876 55.8509
5 38 0 11.2334 98.2161
5 39 0 17.4397 68.6143
5 40 0 4.04281 64.2463
5 41 0 7.572 87.8306
5 42 0 32.6677 13.2367
5 43 0 33.7042 85.3287
5 44 0 29.3215 85.7899
5 45 0 86.0078 33.7125
5 46 0 68.5102 87.9788
5 47 0 50.1296 12.3261
5 48 0 47.5854 87.5053
5 49 0 32.6444 72.1631
5 50 0 6.46494 47.0403
5 51 0 64.5641 91.6978
5 52 0 8.3675 25.2532
5 53 0 71.4358 68.4105
5 54 0 26.8114 68.6618
5 55 0 51.7621 0.465469
5 56 0 73.6786 54.281
5 57 0 19.57 20.4853
5 58 0 5.81411 2.19479
5 59 0 70.4328 10.4215
5 60 0 34.8256 46.0602
6 1 0 1.71439 59.1155
6 2 0 96.1029 31.0361
6 3 0 27.2037 1.31178
6 4 0 13.1055 91.4362
6 5 0 45.7284 3.52831
6 7 1 25.0087 13.4883
6 8 0 50.463 65.4985
6 9 0 64.8849 99.0309
6 10 0 22.1996 97.0291
6 11 0 46.7912 15.2752
6 12 0 40.8047 18.417
6 13 0 27.6383 34.1775
6 14 0 54.2859 44.5691
6 15 0 48.2417 67.9701
6 16 0 15.8159 23.1338
6 17 0 25.1009 69.6883
6 18 0 51.7627 1.05859
6 19 0 83.8741 93.8976
6 20 0 62.9392 30.7163
6 21 0 71.9568 84.7024
6 22 0 19.7709 5.84546
6 23 0 89.4299 45.3397
6 24 0 5.15584 85.756
6 25 0 48.7409 32.1998
6 26 0 76.1998 4.93757
6 27 0 74.7445 82.7169
6 28 0 79.1066 12.2507
6 29 0 31.4168 68.6005
6 30 0 18.1693 0.521206
6 31 0 89.8883 85.116
6 32 0 96.0511 3.85833
6 33 0 21.0478 95.5966
6 34 0 43.8148 45.2295
6 35 0 40.1504 22.2529
6 36 0 70.4183 59.9127
6 37 0 89.0585 58.9405
6 38 0 51.3817 74.1944
6 39 0 21.4341 33.303
6 40 0 95.6131 47.0159
6 41 0 71.7318 23.2643
6 42 0 62.0588 99.9258
6 43 0 19.998 30.9219
6 44 0 75.2422 72.4717
6 45 0 50.0809 36.9747
6 46 0 51.1558 70.7708
6 47 0 1.79861 52.2809
6 48 0 64.2661 86.361
6 49 0 12.5947 85.8565
6 50 0 31.5786 59.1638
6 51 0 87.8456 97.6817
6 52 0 21.9225 28.4639
6 53 0 77.5237 93.176
6 54 0 19.7062 37.731
6 55 0 69.2461 58.4581
6 56 0 60.9198 56.7261
6 57 0 79.0248 24.9794
6 58 0 35.0858 90.6484
6 59 0 6.07272 90.2546
6 60 0 31.3517 33.1727
7 1 0 41.0279 34.6046
7 2 0 8.54119 70.693
7 3 0 8.47473 37.728
7 4 0 58.2177 8.74784
7 5 0 17.5158 25.0383
7 6 0 21.0895 0.255873
7 8 1 42.1944 85.9014
7 9 0 54.7426 66.3388
7 10 0 75.9253 34.101
7 11 0 51.356 83.0836
7 12 0 29.1689 91.8777
7 13 0 56.1736 34.1688
7 14 0 81.7159 52.7149
7 15 0 42.6437 93.8156
7 16 0 59.8787 39.7191
7 17 0 38.7062 87.3447
7 18 0 99.6882 96.122
7 19 0 17.6799 49.5533
7 20 0 84.9913 0.308838
7 21 0 9.17558 54.6719
7 22 0 64.8728 54.9548
7 23 0 51.3743 13.1257
7 24 0 25.9861 3.78097
7 25 0 52.6103 90.6789
7 26 0 77.623 52.1892
7 27 0 98.9008 80.5825
7 28 0 72.8731 50.8618
7 29 0 10.1467 38.3302
7 30 0 54.0147 41.5656
7 31 0 55.5675 27.7335
7 32 0 14.6028 43.6577
7 33 0 48.0062 16.3598
7 34 0 27.789 46.7249
7 35 0 10.4542 59.7251
7 36 0 59.4344 52.9659
7 37 0 97.291 16.1737
7 38 0 87.0804 91.4413
7 39 0 28.503 97.6521
7 40 0 47.7691 95.4445
7 41 0 70.4464 98.3914
7 42 0 32.227 88.7376
7 43 0 19.7034 75.0213
7 44 0 48.9201 0.913842
7 45 0 11.6964 59.0952
7 46 0 85.9416 28.5448
7 47 0 9.94022 35.0146
7 48 0 4.00373 69.8516
7 49 0 71.3821 44.2189
7 50 0 81.987 54.1043
7 51 0 23.0519 3.10453
7 52 0 33.9889 13.822
7 53 0 56.0297 77.9006
7 54 0 29.3081 47.362
7 55 0 65.3425 64.6432
7 56 0 27.987 34.0046
7 57 0 92.4844 44.1947
7 58 0 19.4083 13.3382
7 59 0 91.4207 6.60696
7 60 0 96.2217 2.47776
8 1 0 95.7316 63.3668
8 2 0 65.0311 33.0315
8 3 0 84.6544 60.9207
8 4 0 90.7316 31.4594
8 5 0 77.7096 26.4512
8 6 0 39.6256 58.9538
8 7 0 69.0708 6.72834
8 9 1 41.8725 74.6572
8 10 0 33.3014 8.93501
8 11 0 57.9813 45.2376
8 12 0 17.4561 94.4654
8 13 0 78.2727 12.4763
8 14 0 34.711 88.3343
8 15 0 87.8664 99.5804
8 16 0 55.4432 89.9565
8 17 0 92.398 59.1337
8 18 0 94.408 11.0576
8 19 0 77.2861 98.4863
8 20 0 16.0727 60.4408
8 21 0 32.489 65.6976
8 22 0 16.2482 23.0471
8 23 0 39.5707 52.9443
8 24 0 34.0895 37.8999
8 25 0 64.5549 31.3332
8 26 0 46.8269 80.2062
8 27 0 68.8607 14.8936
8 28 0 42.2399 80.1484
8 29 0 59.8451 4.90984
8 30 0 20.2184 75.6707
8 31 0 97.6068 43.2452
8 32 0 11.1805 36.4843
8 33 0 25.5655 50.4896
8 34 0 87.1539 97.4117
8 35 0 20.1341 9.47481
8 36 0 29.8023 98.757
8 37 0 32.5629 0.520388
8 38 0 88.9525 72.6439
8 39 0 71.505 51.469
8 40 0 33.3547 5.50369
8 41 0 28.922 16.5631
8 42 0 75.4405 83.2587
8 43 0 15.6327 78.994
8 44 0 74.7687 96.08
8 45 0 60.0083 80.2224
8 46 0 1.4 12.1436
8 47 0 26.4509 46.161
8 48 0 56.1349 13.166
8 49 0 84.5086 19.7356
8 50 0 58.7401 25.9589
8 51 0 83.247 24.9069
8 52 0 68.908 77.4735
8 53 0 67.5866 76.0405
8 54 0 14.0224 13.2362
8 55 0 81.5773 87.4456
8 56 0 38.6485 93.7704
8 57 0 37.686 98.1284
8 58 0 65.6561 27.2334
8 59 0 93.5344 49.6468
8 60 0 35.3137 21.2491
9 1 0 70.2369 97.6646
9 2 0 65.8769 46.1156
9 3 0 64.787 99.1246
9 4 0 23.9654 36.9544
9 5 0 36.0896 42.3755
9 6 0 3.61639 13.2411
9 7 0 79.9668 51.4303
9 8 0 41.8974 47.1589
9 10 1 75.2903 11.0044
9 11 0 33.27 25.3703
9 12 0 28.8263 64.6398
9 13 0 83.8123 25.6516
9 14 0 61.2224 25.787
9 15 0 60.0378 56.9577
9 16 0 70.6768 16.2967
9 17 0 80.6387 20.6217
9 18 0 31.136 24.0934
9 19 0 62.8067 14.0961
9 20 0 87.7641 35.6401
9 21 0 92.049 8.69953
9 22 0 56.8826 39.5438
9 23 0 47.0244 98.4366
9 24 0 8.05046 56.4651
9 25 0 50.5699 56.5189
9 26 0 3.2867 25.1768
9 27 0 56.7223 88.4011
9 28 0 61.1532 27.793
9 29 0 64.3842 47.3673
9 30 0 28.1922 66.4418
9 31 0 51.8313 51.5784
9 32 0 34.9864 3.00865
9 33 0 82.7665 87.2467
9 34 0 92.0373 88.3602
9 35 0 54.7487 2.66462
9 36 0 88.8009 72.3336
9 37 0 26.9028 51.0827
9 38 0 22.8648 92.4955
9 39 0 50.5553 29.2431
9 40 0 80.8306 83.2838
9 41 0 87.6808 89.0589
9 42 0 46.0997 31.9733
9 43 0 86.4481 24.0319
9 44 0 76.465 53.4837
9 45 0 26.4788 7.91643
9 46 0 97.8936 98.8557
9 47 0 87.2984 23.7952
9 48 0 87.0451 59.1071
9 49 0 65.1347 46.6976
9 50 0 82.018 92.1673
9 51 0 27.4595 91.8623
9 52 0 76.24 81.1948
9 53 0 66.8517 44.0962
9 54 0 94.0137 97.2143
9 55 0 16.8749 38.7253
9 56 0 68.9711 68.4491
9 57 0 5.02693 9.19215
9 58 0 16.7334 45.8939
9 59 0 58.2117 97.3942
9 60 0 38.4905 5.05028
10 1 0 81.583 99.0135
10 2 0 4.54385 15.4411
10 3 0 79.0162 99.7959
10 4 0 64.508 79.4863
10 5 0 63.1942 88.8735
10 6 0 26.7056 60.5909
10 7 0 68.4825 43.1518
10 8 0 3.94355 12.9967
10 9 0 10.2687 25.9396
10 11 1 98.0322 46.6925
10 12 0 65.0363 3.92785
10 13 0 41.2878 19.217
10 14 0 2.1632 47.5786
10 15 0 55.2521 88.2197
10 16 0 39.5279 36.5629
10 17 0 31.8059 69.5364
10 18 0 29.8663 78.6466
10 19 0 76.9489 96.4917
10 20 0 85.2683 69.3488
10 21 0 19.0375 19.2904
10 22 0 45.2178 3.87
10 23 0 70.5175 24.9006
10 24 0 63.5973 55.7424
10 25 0 3.89788 13.152
10 26 0 92.4331 40.116
10 27 0 11.6701 80.1216
10 28 0 23.8091 13.8378
10 29 0 59.4748 46.6663
10 30 0 9.48902 39.485
10 31 0 21.1915 20.2207
10 32 0 43.5477 19.3483
10 33 0 11.664 52.7086
10 34 0 90.7694 21.7821
10 35 0 45.8036 72.7996
10 36 0 6.15857 96.592
10 37 0 64.9281 71.2721
10 38 0 72.8307 70.9835
10 39 0 97.5284 28.1582
10 40 0 93.4613 30.2402
10 41 0 60.907 18.8212
10 42 0 15.1717 86.6989
10 43 0 32.9423 11.0271
10 44 0 65.5244 55.0857
10 45 0 12.5818 45.4898
10 46 1 59.0286 16.854
10 47 0 78.6179 13.8364
10 48 0 85.8051 36.6405
10 49 0 33.6671 16.8572
10 50 0 93.2521 87.4185
10 51 0 79.7527 50.1366
10 52 0 40.2042 42.2495
10 53 0 83.8678 9.75428
10 54 0 62.3199 46.2352
10 55 0 2.83567 73.6174
10 56 0 37.0244 48.6724
10 57 0 20.4931 43.1525
10 58 0 60.5838 75.2636
10 59 0 51.6884 60.0852
10 60 0 27.897 12.4002
11 1 0 23.6342 54.9048
11 2 0 65.4677 75.3123
11 3 0 87.3067 30.049
11 4 0 12.1503 27.5717
11 5 0 33.0851 28.9813
11 6 0 10.1684 86.8195
11 7 0 29.5233 41.0512
11 8 0 68.8351 46.7026
11 9 0 7.05497 85.1697
11 10 0 40.8958 58.8528
11 12 1 97.331 1.38972
11 13 0 40.2201 75.6171
11 14 0 96.8182 28.6718
11 15 0 79.2383 77.3284
11 16 0 44.4813 78.2834
11 17 0 64.0289 48.6367
11 18 0 70.0783 62.1555
11 19 0 49.8847 33.6275
11 20 0 2.47759 51.131
11 21 0 26.2592 47.4073
11 22 0 97.3178 0.712162
11 23 0 52.7362 42.1359
11 24 0 52.121 38.7163
11 25 0 80.9188 65.3628
11 26 0 96.8723 67.3018
11 27 0 41.548 3.75725
11 28 0 45.115 86.9458
11 29 0 33.4755 96.0448
11 30 0 48.5662 37.4623
11 31 0 68.3141 23.1309
11 32 0 19.3724 98.3903
11 33 0 16.7932 66.3828
11 34 0 25.4405 30.2557
11 35 0 12.1578 8.79911
11 36 0 41.8787 48.1052
11 37 0 62.3492 93.5629
11 38 0 43.1756 40.6074
11 39 0 94.3361 51.9619
11 40 0 44.4495 6.44931
11 41 0 2.60366 64.9617
11 42 0 54.9957 24.2714
11 43 0 69.3808 54.2962
11 44 0 91.1506 97.5384
11 45 0 99.61 56.2867
11 46 0 35.3175 25.2613
11 47 0 37.7234 75.1816
11 48 0 37.7962 86.5953
11 49 0 1.55173 88.171
11 50 0 4.05222 64.1052
11 51 0 34.1294 56.7
11 52 0 59.7514 92.3298
11 53 0 6.40482 56.9498
11 54 0 12.6641 24.5865
11 55 0 63.4688 57.1506
11 56 0 23.3826 84.6671
11 57 0 19.9542 50.9381
11 58 0 18.7915 62.253
11 59 0 97.5467 69.3024
11 60 0 83.5925 54.7819
12 1 0 23.3862 29.4954
12 2 0 45.5107 36.09
12 3 0 40.2454 88.5794
12 4 0 79.851 16.5218
12 5 0 33.4827 61.0246
12 6 0 19.5892 27.8146
12 7 0 67.0303 87.5964
12 8 0 36.8667 69.3971
12 9 0 38.6923 80.7582
12 10 0 8.69177 7.79441
12 11 0 35.1889 85.92
12 13 1 43.87 47.3947
12 14 0 84.4594 10.9512
12 15 0 5.36857 76.6643
12 16 0 44.2982 32.4002
12 17 0 5.58004 66.0621
12 18 0 58.4471 9.96823
12 19 0 20.0238 32.8588
12 20 0 66.7719 92.7351
12 21 0 35.6627 25.8574
12 22 0 69.6513 42.1176
12 23 0 21.5266 79.6782
12 24 0 91.0737 97.881
12 25 0 97.3692 29.88
12 26 0 77.6072 40.3609
12 27 0 12.2529 54.7071
12 28 0 2.32607 3.0904
12 29 0 55.426 11.3096
12 30 0 5.63584 63.287
12 31 0 64.0589 81.8424
12 32 0 26.1168 89.1676
12 33 0 37.5143 70.7775
12 34 0 80.617 57.5652
12 35 0 82.5374 88.2296
12 36 0 29.3095 96.107
12 37 0 55.5989 89.2954
12 38 0 28.0128 25.97
12 39 0 34.5479 47.0541
12 40 0 45.8435 36.0465
12 41 0 20.0312 45.9552
12 42 0 18.5512 4.28964
12 43 0 28.6986 8.15661
12 44 0 40.3401 85.461
12 45 0 45.7164 43.187
12 46 0 81.7751 37.8746
12 47 0 65.0289 57.9323
12 48 0 66.3673 55.9723
12 49 0 75.5427 68.5458
12 50 0 33.2095 99.5516
12 51 0 5.94197 19.145
12 52 0 11.3385 98.1288
12 53 0 52.2201 70.3672
12 54 0 2.5069 69.7302
12 55 0 63.0885 21.0493
12 56 0 23.6213 62.184
12 57 0 23.6856 89.9174
12 58 0 38.5153 13.7447
12 59 0 5.30205 42.3468
12 60 0 28.8059 74.6715
13 1 0 9.78195 43.9124
13 2 0 40.4163 39.073
13 3 0 55.6481 4.14588
13 4 0 96.3904 99.9592
13 5 0 41.265 26.7877
13 6 0 45.7869 6.70267
13 7 0 11.4943 14.5509
13 8 0 13.7678 97.6673
13 9 0 19.2435 72.306
13 10 0 93.4586 77.4553
13 11 0 89.4922 58.4812
13 12 0 86.4146 79.813
13 14 1 84.9898 44.3283
13 15 0 32.0346 90.4756
13 16 0 95.1644 23.0795
13 17 0 93.2361 99.8387
13 18 0 23.4652 23.8014
13 19 0 26.8255 62.9605
13 20 0 34.0896 30.6369
13 21 0 74.5634 69.9624
13 22 0 61.6196 75.3015
13 23 0 35.6182 69.4439
13 24 0 44.7303 63.7002
13 25 0 35.7539 48.9473
13 26 0 51.859 51.7558
13 27 0 76.0472 78.5047
13 28 0 65.6747 25.3574
13 29 0 3.78805 47.6653
13 30 0 77.3918 56.7793
13 31 0 37.5339 81.0241
13 32 0 94.6949 0.185934
13 33 0 87.345 49.4487
13 34 0 77.4008 68.1193
13 35 0 79.0346 38.4227
13 36 0 55.6295 23.1536
13 37 0 37.603 90.0071
13 38 0 35.1151 41.9089
13 39 0 79.7017 94.6437
13 40 0 97.5953 77.5042
13 41 0 95.6704 8.54051
13 42 0 78.973 10.9187
13 43 0 91.7499 83.6872
13 44 0 8.13387 13.6548
13 45 0 29.6704 11.3955
13 46 0 23.9254 55.0647
13 47 0 6.01717 16.543
13 48 0 80.2213 56.4461
13 49 0 42.7607 80.2651
13 50 0 19.3631 15.6909
13 51 0 93.0103 10.5452
13 52 0 79.3863 17.2403
13 53 0 71.9827 31.6006
13 54 0 27.0045 64.8573
13 55 0 30.6382 80.8328
13 56 0 79.2195 31.7684
13 57 0 3.6128 71.224
13 58 0 42.9685 40.3213
13 59 0 12.6784 39.5495
13 60 0 94.2877 5.75913
14 1 0 40.9855 43.385
14 2 0 95.8202 66.3732
14 3 0 0.751539 96.5574
14 4 0 25.3702 34.561
14 5 0 47.8147 59.3883
14 6 0 41.83 5.41578
14 7 0 31.1206 44.5385
14 8 0 22.2989 71.2883
14 9 0 41.8839 63.7654
14 10 0 37.768 62.392
14 11 0 92.7845 74.9871
14 12 0 95.6211 30.9377
14 13 0 43.4258 56.8194
14 15 1 57.068 40.7963
14 16 0 37.109 57.8893
14 17 0 28.2913 26.157
14 18 0 67.025 24.9996
14 19 0 31.7653 9.11255
14 20 0 36.302 36.0418
14 21 0 35.5372 49.6742
14 22 0 10.3442 54.364
14 23 0 16.2131 56.9471
14 24 0 58.7202 62.6102
14 25 0 11.1463 84.5878
14 26 0 48.4192 57.4388
14 27 0 94.0999 43.2118
14 28 0 88.2001 82.5467
14 29 0 80.1292 72.867
14 30 0 77.6194 80.0421
14 31 0 76.6048 21.7672
14 32 0 32.162 93.0568
14 33 0 35.2597 57.461
14 34 0 54.1708 3.03427
14 35 0 84.7857 16.2703
14 36 0 98.7551 8.49475
14 37 0 41.3483 41.9537
14 38 0 78.7566 96.9672
14 39 0 74.81 76.3842
14 40 0 20.3694 67.1111
14 41 0 85.8628 45.3862
14 42 0 23.8308 79.7066
14 43 0 89.7781 86.084
14 44 0 79.9711 66.0798
14 45 0 25.5889 96.827
14 46 0 41.2087 5.20912
14 47 0 61.9995 7.81101
14 48 0 64.8511 29.9071
14 49 0 97.42 68.3838
14 50 0 24.2376 20.8418
14 51 0 87.5912 14.0129
14 52 0 45.497 75.8325
14 53 0 94.5249 40.8399
14 54 0 20.1511 49.3655
14 55 0 66.3818 54.6623
14 56 0 43.603 8.77868
14 57 0 76.6425 20.6985
14 58 0 47.1985 31.8959
14 59 0 96.9429 21.3889
14 60 0 5.95311 76.6192
15 1 0 48.8246 52.3106
15 2 0 7.97845 89.2604
15 3 0 46.1879 54.5824
15 4 0 38.0324 54.8126
15 5 0 69.6389 7.71608
15 6 0 91.6296 35.9063
15 7 0 20.9489 15.1755
15 8 0 80.3608 74.5137
15 9 0 68.4923 1.61755
15 10 0 24.6515 33.048
15 11 0 53.909 39.5241
15 12 0 47.2734 93.6839
15 13 0 80.873 14.214
15 14 0 79.459 72.9872
15 16 1 48.8688 88.9491
15 17 0 42.4935 92.5928
15 18 0 17.8323 18.7409
15 19 0 82.1792 37.4029
15 20 0 5.06797 89.8836
15 21 0 76.5562 64.9655
15 22 0 7.71155 61.0321
15 23 0 32.5964 66.3521
15 24 0 64.4725 78.725
15 25 0 24.9483 19.5504
15 26 0 82.0934 80.8928
15 27 0 3.4517 49.8237
15 28 0 12.75 96.1656
15 29 0 49.9554 69.945
15 30 0 16.2472 28.3742
15 31 0 57.8511 80.4176
15 32 0 85.8291 29.1869
15 33 0 78.2821 13.9652
15 34 0 92.4742 78.2391
15 35 0 11.6672 12.8258
15 36 0 29.4459 46.037
15 37 0 72.996 71.6082
15 38 0 72.4976 3.57077
15 39 0 96.6693 67.4136
15 40 0 9.78642 23.1243
15 41 0 28.2217 43.0024
15 42 0 21.3242 83.8279
15 43 0 90.6515 28.3573
15 44 0 20.9572 63.7202
15 45 0 3.90922 48.7452
15 46 0 16.5526 44.8641
15 47 0 56.4873 26.4182
15 48 0 81.77 90.215
15 49 0 42.7808 94.8086
15 50 0 67.4158 31.612
15 51 0 67.096 43.7475
15 52 0 86.3101 79.174
15 53 0 8.89703 44.3594
15 54 0 73.8665 92.6718
15 55 0 20.6565 75.0609
15 56 0 44.7721 64.5041
15 57 0 48.2657 46.5767
15 58 0 60.9839 2.74127
15 59 0 30.459 40.7773
15 60 0 18.8317 0.21859
16 1 0 6.04153 60.2211
16 2 0 84.0876 60.8748
16 3 0 59.0753 71.8661
16 4 0 86.8364 10.8394
16 5 0 3.05953 11.46
16 6 0 61.8499 37.2894
16 7 0 63.158 95.7039
16 8 0 9.32557 41.2628
16 9 0 21.5697 35.96
16 10 0 44.7593 33.9918
16 11 0 39.9612 3.44501
16 12 0 2.04439 77.178
16 13 0 37.5695 15.6024
16 14 0 61.5664 49.1418
16 15 0 30.625 15.1778
16 17 1 74.1817 49.7148
16 18 0 21.6699 21.2015
16 19 0 17.6396 86.3884
16 20 0 60.4919 84.3351
16 21 0 23.0268 77.4425
16 22 0 34.863 57.387
16 23 0 89.3644 93.9212
16 24 0 13.061 99.9053
16 25 0 99.3313 86.6568
16 26 0 93.7512 12.3228
16 27 0 16.9571 22.8377
16 28 0 36.6532 51.3048
16 29 0 88.9886 21.1693
16 30 0 30.5716 13.037
16 31 0 10.7346 34.1369
16 32 1 71.7986 83.0695
16 33 0 60.1364 10.0933
16 34 0 30.8434 90.2211
16 35 0 70.9741 16.0196
16 36 0 35.7187 48.7413
16 37 0 18.4162 43.3101
16 38 0 24.4373 8.29885
16 39 0 84.72 8.88855
16 40 0 79.2073 53.5538
16 41 0 32.3806 84.1619
16 42 0 73.464 70.1591
16 43 0 97.5911 73.668
16 44 0 90.6674 65.3817
16 45 0 2.34098 30.2024
16 46 0 45.9573 76.3579
16 47 0 68.9987 38.2489
16 48 1 90.9685 65.0633
16 49 0 34.6418 55.7703
16 50 0 7.19177 76.2435
16 51 0 38.1994 86.9535
16 52 0 3.77361 68.2924
16 53 0 69.4494 29.9846
16 54 0 79.8145 31.5218
16 55 0 4.28686 96.1427
16 56 0 13.5365 22.6901
16 57 0 17.3315 46.3129
16 58 0 71.9957 11.7665
16 59 0 5.674 64.0795
16 60 0 88.2159 46.6749
17 1 0 21.412 88.4763
17 2 0 13.8952 84.0019
17 3 0 44.3155 23.835
17 4 0 60.6342 46.9024
17 5 0 24.2399 23.6015
17 6 0 31.4113 15.0533
17 7 0 49.2298 73.9987
17 8 0 28.3907 6.26262
17 9 0 99.6068 77.9423
17 10 0 62.9461 12.4696
17 11 0 15.002 21.5083
17 12 0 20.2459 32.1101
17 13 0 13.442 15.4271
17 14 0 96.1412 56.6744
17 15 0 47.2734 49.088
17 16 0 58.5746 0.150337
17 18 1 61.9585 73.8503
17 19 0 64.3062 26.9257
17 20 0 42.9283 35.2006
17 21 0 79.0555 78.7221
17 22 0 11.316 56.4553
17 23 0 38.2083 8.39789
17 24 0 71.6852 39.4359
17 25 0 8.15204 26.7654
17 26 0 16.8068 37.6044
17 27 0 10.0007 2.22435
17 28 0 60.7953 34.4652
17 29 0 66.9926 17.8273
17 30 0 13.6017 19.3802
17 31 0 41.6278 33.2352
17 32 0 4.61141 83.1768
17 33 0 30.7585 74.0831
17 34 0 63.8944 43.3949
17 35 0 44.0712 70.8308
17 36 0 72.7116 95.3832
17 37 0 82.0153 83.7239
17 38 0 36.652 63.5591
17 39 0 53.4014 90.1482
17 40 0 43.2226 54.0117
17 41 0 38.9454 65.2057
17 42 0 86.8672 95.1673
17 43 0 30.2734 54.7817
17 44 0 45.031 77.2052
17 45 0 54.0703 98.5925
17 46 0 60.6759 53.0593
17 47 0 21.8486 80.2185
17 48 0 45.906 24.2472
17 49 0 84.5683 26.7065
17 50 0 80.8615 84.6696
17 51 0 4.0198 76.3552
17 52 0 54.9917 72.752
17 53 0 38.925 37.1624
17 54 0 34.4785 49.2714
17 55 0 31.5083 43.2578
17 56 0 6.22113 87.8206
17 57 0 85.2284 76.8535
17 58 0 58.1376 0.0558301
17 59 0 31.2095 40.9561
17 60 0 39.5481 36.5119
18 1 0 26.8493 31.033
18 2 0 50.5847 84.9893
18 3 0 46.7506 95.6863
18 4 0 55.7778 70.2601
18 5 0 34.3742 1.61568
18 6 0 68.8608 81.3298
18 7 0 77.2592 15.4754
18 8 0 89.9372 51.9312
18 9 0 57.9588 41.9179
18 10 0 70.5669 10.0236
18 11 0 16.1095 44.1978
18 12 0 14.6926 20.334
18 13 0 45.7095 79.2784
18 14 0 97.8261 13.8865
18 15 0 73.5969 33.8898
18 16 0 60.3254 32.7461
18 17 0 12.5223 32.2298
18 19 1 75.8622 13.1292
18 20 0 51.7927 42.3117
18 21 0 32.5696 68.6471
18 22 0 39.9539 2.27792
18 23 0 16.9113 98.9912
18 24 0 49.9515 43.1333
18 25 0 8.48642 51.6901
18 26 0 96.0085 85.5994
18 27 0 38.6689 66.202
18 28 0 29.0441 55.4875
18 29 0 18.6837 62.044
18 30 1 43.9415 53.4643
18 31 0 71.1638 58.2499
18 32 0 34.2923 23.2368
18 33 0 47.232 90.5521
18 34 0 23.9611 54.9925
18 35 0 93.4793 33.6124
18 36 0 42.7175 56.9385
18 37 0 79.9271 24.1896
18 38 0 18.4438 54.2618
18 39 0 4.46476 62.8887
18 40 0 43.5539 88.2412
18 41 0 43.9559 78.7804
18 42 0 39.1392 33.6076
18 43 0 42.7196 70.4863
18 44 0 47.0491 8.4964
18 45 0 36.2705 40.7927
18 46 0 56.0819 17.9583
18 47 0 63.0318 3.61631
18 48 0 35.7086 38.6591
18 49 0 15.1153 42.3538
18 50 0 31.1263 63.1834
18 51 0 87.7732 41.8856
18 52 1 80.5531 72.1169
18 53 0 66.2757 38.3371
18 54 0 9.29647 61.0741
18 55 1 14.2624 5.72581
18 56 0 11.3265 64.2388
18 57 0 38.8363 68.9009
18 58 0 65.5204 15.553
18 59 0 21.6332 56.2415
18 60 1 61.8823 2.38245
19 1 0 49.5407 78.747
19 2 0 47.3443 39.9926
19 3 0 15.4466 19.2993
19 4 0 12.5081 88.6674
19 5 0 16.3336 70.5682
19 6 0 95.1824 88.8623
19 7 0 7.71956 28.4883
19 8 0 99.8936 50.4738
19 9 0 50.6545 24.6458
19 10 0 50.571 23.056
19 11 0 10.0565 84.1685
19 12 0 24.1837 45.3105
19 13 0 98.7614 3.27772
19 14 0 54.6742 31.1576
19 15 1 43.4296 7.07044
19 16 0 1.61524 99.2838
19 17 0 24.4994 0.429461
19 18 0 84.3076 31.314
19 20 1 36.9035 56.9186
19 21 0 88.4995 63.4571
19 22 0 82.2926 65.3709
19 23 0 52.4414 43.5555
19 24 0 18.8935 17.6563
19 25 0 25.9621 23.2084
19 26 0 28.9423 19.4047
19 27 0 63.7613 53.9376
19 28 0 91.0945 63.7653
19 29 0 82.379 36.7134
19 30 0 59.4842 67.0703
19 31 0 45.0774 12.7779
19 32 0 54.0409 9.39233
19 33 0 67.4253 51.0563
19 34 0 4.47432 32.8782
19 35 0 30.7816 22.786
19 36 0 22.0231 91.2387
19 37 0 63.1197 72.5421
19 38 0 42.1916 49.2485
19 39 0 17.0927 71.1808
19 40 0 18.2648 2.53424
19 41 0 92.397 67.4078
19 42 0 13.5885 5.83368
19 43 0 18.0709 93.9517
19 44 0 16.7928 62.3376
19 45 0 16.2058 63.5766
19 46 0 71.6234 35.5286
19 47 0 13.1859 29.0597
19 48 0 42.4297 46.9368
19 49 0 24.1026 72.9551
19 50 0 1.20555 53.3869
19 51 0 76.5195 66.9623
19 52 0 4.68558 24.9366
19 53 0 22.3076 75.2335
19 54 0 13.9488 58.3734
19 55 0 64.8816 2.7812
19 56 0 61.7555 89.5892
19 57 0 36.2744 92.9438
19 58 0 92.2364 49.0482
19 59 0 36.0113 15.279
19 60 0 71.4018 46.6582
20 1 0 70.1294 75.7419
20 2 0 35.9984 53.7654
20 3 0 54.7888 51.2813
20 4 0 61.6769 25.3541
20 5 0 50.2393 9.72188
20 6 0 50.8911 84.0379
20 7 0 54.1459 34.9899
20 8 0 5.77679 68.3911
20 9 0 38.9171 85.2634
20 10 0 55.8452 22.295
20 11 0 17.8459 22.7199
20 12 0 74.9491 29.1546
20 13 0 50.4343 49.9146
20 14 0 30.3158 40.1819
20 15 0 24.2816 26.635
20 16 0 79.4372 16.7328
20 17 0 37.3775 27.4523
20 18 0 96.5732 27.8382
20 19 0 76.8261 96.5956
20 21 1 49.9527 1.78846
20 22 0 11.2879 0.798124
20 23 0 43.1478 9.9313
20 24 0 64.5692 27.3567
20 25 0 13.9555 82.2236
20 26 0 1.25626 83.8316
20 27 0 37.7219 49.5874
20 28 0 38.6382 72.461
20 29 1 98.9482 93.9461
20 30 0 57.5693 31.8926
20 31 0 56.5499 26.2316
20 32 0 10.551 75.2692
20 33 0 14.733 80.456
20 34 0 5.53251 93.7482
20 35 0 36.0647 23.213
20 36 0 20.1692 19.0224
20 37 0 25.9677 49.1978
20 38 0 39.4016 85.022
20 39 0 22.687 66.1587
20 40 0 9.43435 1.27127
20 41 0 39.7683 15.412
20 42 0 11.5521 38.0013
20 43 0 56.9612 51.9859
20 44 0 30.5313 19.713
20 45 0 87.8509 22.5093
20 46 0 16.7228 56.6028
20 47 0 94.9154 35.0569
20 48 0 84.1672 57.8867
20 49 0 82.093 16.396
20 50 1 49.05 76.3013
20 51 0 6.39107 14.1225
20 52 0 16.2227 94.1784
20 53 0 22.4343 11.4641
20 54 0 56.4144 29.1352
20 55 0 30.2065 58.7239
20 56 0 80.9313 35.464
20 57 0 63.088 67.123
20 58 0 82.1209 12.2309
20 59 0 83.3775 12.1821
20 60 0 11.5684 51.1961
21 1 0 37.3493 91.5031
21 2 0 64.4561 49.8576
21 3 0 10.6391 12.9892
21 4 0 18.8168 48.114
21 5 0 14.4976 66.9974
21 6 0 85.5816 54.3435
21 7 0 10.1726 24.5445
21 8 0 50.2489 81.8538
21 9 0 92.3596 16.1769
21 10 0 75.3856 43.1368
21 11 0 98.7134 41.5141
21 12 0 99.9887 1.25043
21 13 0 96.4968 64.2586
21 14 0 53.8555 46.8119
21 15 0 92.479 88.3608
21 16 0 29.4671 14.0729
21 17 0 98.5454 25.4827
21 18 0 21.0086 74.69
21 19 0 33.8608 65.5864
21 20 0 15.3053 74.6069
21 22 1 36.8921 34.5073
21 23 0 53.1524 47.6262
21 24 0 15.6202 86.9912
21 25 0 44.1593 8.78873
21 26 0 63.2452 66.4177
21 27 0 31.6089 61.7023
21 28 0 7.30911 42.2768
21 29 0 36.3382 15.9091
21 30 0 13.1712 63.5153
21 31 0 52.2784 84.1934
21 32 0 53.5271 55.1697
21 33 0 67.5702 31.1976
21 34 0 2.88703 45.0021
21 35 0 84.8693 18.695
21 36 0 34.5064 76.1116
21 37 0 49.6052 0.960797
21 38 0 25.7593 84.2907
21 39 0 61.2311 70.3921
21 40 0 90.5905 56.7436
21 41 0 12.27 50.0534
21 42 0 49.5718 33.0153
21 43 0 74.1801 76.3893
21 44 0 43.6659 69.7387
21 45 0 16.9145 1.77169
21 46 0 36.8947 97.8291
21 47 0 72.9859 82.0889
21 48 0 78.0907 14.149
21 49 0 53.2157 80.9998
21 50 0 78.5821 57.5266
21 51 0 51.8719 76.7109
21 52 0 66.5484 66.5795
21 53 0 29.1098 67.367
21 54 0 34.1963 19.277
21 55 0 83.0995 92.8412
21 56 0 29.8756 87.4259
21 57 0 6.7517 27.0356
21 58 0 54.0876 63.651
21 59 0 43.639 8.3519
21 60 0 69.7145 87.3129
22 1 0 24.4896 70.0254
22 2 0 88.9904 1.4986
22 3 0 33.7099 86.9632
22 4 0 75.8052 49.7647
22 5 0 5.01241 33.2794
22 6 1 69.8676 96.4876
22 7 0 68.1752 52.6633
22 8 0 98.4891 79.2644
22 9 0 86.0304 66.5268
22 10 0 53.375 88.5283
22 11 0 22.8522 6.66871
22 12 0 20.5955 1.55589
22 13 0 46.1895 42.2019
22 14 0 43.4531 3.09848
22 15 0 76.7102 40.4034
22 16 0 9.06452 57.1483
22 17 0 14.4596 16.6023
22 18 0 14.9204 73.7591
22 19 0 84.2946 38.398
22 20 0 57.2548 73.4888
22 21 0 61.1649 57.1217
22 23 1 29.1744 17.3316
22 24 0 81.2944 74.6092
22 25 0 40.9984 27.5712
22 26 0 77.3748 16.9187
22 27 0 37.8215 51.9023
22 28 0 47.5895 92.5191
22 29 0 19.4013 27.1655
22 30 0 93.7294 13.0431
22 31 0 66.0774 56.1234
22 32 0 72.7061 80.5794
22 33 0 42.0483 68.2336
22 34 0 68.1197 2.65541
22 35 0 82.001 62.5914
22 36 0 85.6291 91.8547
22 37 0 50.2381 83.8859
22 38 0 43.0356 24.3444
22 39 0 10.1219 38.2242
22 40 0 63.0939 44.0547
22 41 0 16.9681 54.8922
22 42 0 92.1383 82.382
22 43 0 42.4158 86.1825
22 44 0 43.1832 87.0827
22 45 0 92.8766 69.3768
22 46 0 14.3805 95.6412
22 47 0 39.9203 73.5046
22 48 0 30.456 22.7592
22 49 0 63.1574 69.2782
22 50 0 60.5368 55.9774
22 51 0 53.9457 47.9746
22 52 0 51.3154 98.6267
22 53 0 99.1041 90.6363
22 54 0 71.4494 13.083
22 55 0 66.8277 24.1199
22 56 0 19.0666 85.7442
22 57 0 12.4854 15.128
22 58 0 79.2087 8.7068
22 59 0 40.5214 76.0005
22 60 0 42.3554 35.409
23 1 0 76.3745 37.8315
23 2 0 87.4654 59.0996
23 3 0 89.0224 89.9338
23 4 0 49.3985 29.4387
23 5 0 73.1667 97.4805
23 6 0 90.1595 44.5686
23 7 0 77.3536 86.1574
23 8 0 50.4751 13.7362
23 9 0 48.4958 64.8677
23 10 0 82.7689 67.7166
23 11 0 52.0253 51.0909
23 12 0 15.9525 81.9292
23 13 0 41.4181 8.96468
23 14 0 45.0081 31.8826
23 15 0 10.4348 19.4963
23 16 0 80.0858 95.6582
23 17 0 2.14033 11.7298
23 18 1 47.7154 53.1881
23 19 0 13.5252 8.58989
23 20 0 18.6971 36.3587
23 21 0 66.5509 60.3272
23 22 0 89.0307 36.7765
23 24 1 20.7733 3.11826
23 25 0 39.7025 84.7128
23 26 0 72.5617 23.4433
23 27 0 96.1648 35.254
23 28 0 91.9805 71.2275
23 29 0 26.6269 20.1803
23 30 0 44.6833 78.6018
23 31 0 36.1719 94.3804
23 32 0 68.7477 61.2617
23 33 0 52.7042 94.447
23 34 0 53.559 34.1876
23 35 0 96.2425 81.1375
23 36 0 75.076 59.1857
23 37 0 26.3055 82.9049
23 38 0 4.22704 23.3555
23 39 0 47.3652 44.6095
23 40 0 61.2577 20.8677
23 41 0 35.9312 12.5757
23 42 0 95.953 11.3366
23 43 0 89.9891 24.598
23 44 0 99.0266 84.8753
23 45 0 69.2108 79.3743
23 46 0 25.1674 89.7336
23 47 0 82.3844 81.9726
23 48 0 18.4776 78.395
23 49 0 84.813 48.3458
23 50 0 35.2935 70.3602
23 51 0 79.108 44.5239
23 52 0 90.3711 99.1743
23 53 0 97.9636 19.1718
23 54 0 73.5388 21.9095
23 55 0 66.929 54.3271
23 56 0 82.8538 18.8095
23 57 0 10.6593 87.9802
23 58 0 40.4469 47.2047
23 59 0 20.7989 65.5359
23 60 0 99.8108 34.6892
24 1 0 55.6578 52.4867
24 2 0 29.7668 57.6143
24 3 0 67.0062 53.2563
24 4 0 67.3293 3.44889
24 5 0 62.7755 9.56289
24 6 0 72.7992 75.8704
24 7 0 40.7727 50.8158
24 8 0 40.7509 36.0613
24 9 0 49.0423 97.759
24 10 0 96.3818 94.3231
24 11 0 68.9711 52.314
24 12 0 66.9081 69.5091
24 13 0 67.3293 61.4961
24 14 0 78.2343 90.6142
24 15 0 34.7571 9.77673
24 16 0 83.5268 9.77439
24 17 0 3.7923 46.277
24 18 0 34.8067 64.8298
24 19 0 97.4134 62.7416
24 20 0 8.65782 34.5915
24 21 0 65.7693 38.8625
24 22 0 84.5149 19.1458
24 23 0 62.705 65.4436
24 25 1 77.9841 78.6616
24 26 0 47.3542 50.9628
24 27 0 39.7268 55.403
24 28 0 26.621 18.7715
24 29 0 23.8121 78.7097
24 30 0 58.2194 32.5074
24 31 0 59.764 41.5952
24 32 0 88.444 59.8062
24 33 0 62.4594 64.9827
24 34 0 83.1672 73.6688
24 35 0 26.7078 42.2792
24 36 0 23.3531 94.2617
24 37 0 95.8393 72.1042
24 38 0 87.7606 37.6811
24 39 0 91.9336 63.0915
24 40 0 2.8205 5.20841
24 41 0 67.8861 92.2062
24 42 0 62.8319 63.7537
24 43 0 76.2578 51.5306
24 44 0 96.6517 52.0502
24 45 0 73.1651 2.7633
24 46 0 63.4051 70.4873
24 47 0 54.4217 58.8722
24 48 0 11.9239 81.5981
24 49 0 37.2539 70.0886
24 50 0 78.0152 91.3139
24 51 0 65.5636 87.75
24 52 0 3.36624 64.7555
24 53 0 64.7823 14.5715
24 54 0 80.9606 32.8658
24 55 0 42.5952 74.7185
24 56 0 54.1227 44.2444
24 57 0 76.3389 21.1718
24 58 0 13.2314 5.93933
24 59 0 57.5049 75.1822
24 60 1 70.547 78.1799
25 1 0 92.3709 22.3166
25 2 0 14.8745 83.9652
25 3 0 1.80581 18.3929
25 4 0 96.1042 15.2545
25 5 0 27.7129 14.167
25 6 0 66.3582 57.4073
25 7 0 22.4879 11.9128
25 8 0 82.7139 77.826
25 9 0 1.41407 35.9588
25 10 0 53.3475 89.0024
25 11 0 87.266 57.9617
25 12 0 15.3077 46.9397
25 13 0 9.17792 17.4964
25 14 0 11.1717 89.4542
25 15 0 28.2979 41.4856
25 16 0 4.19247 6.48053
25 17 0 4.39213 30.4498
25 18 0 3.54226 13.0671
25 19 0 34.7503 45.1268
25 20 0 2.17845 55.2268
25 21 0 93.5578 7.55078
25 22 0 50.4617 62.6155
25 23 0 23.6288 62.6355
25 24 0 66.9737 51.5575
25 26 1 1.60714 28.8905
25 27 0 31.5393 78.217
25 28 0 40.1267 59.0854
25 29 0 33.9218 48.1796
25 30 0 12.2984 53.8609
25 31 0 0.874654 14.8539
25 32 0 36.2118 93.3537
25 33 0 45.358 45.8593
25 34 0 43.791 94.878
25 35 0 78.9653 18.2153
25 36 0 16.5151 39.3561
25 37 0 50.5957 15.8596
25 38 0 2.99559 78.0046
25 39 0 47.8937 14.7769
25 40 0 25.0749 52.6758
25 41 0 5.87835 19.568
25 42 0 48.8276 96.0827
25 43 0 62.8269 93.7632
25 44 0 18.5528 64.8043
25 45 0 37.5857 26.9899
25 46 0 99.1792 69.7581
25 47 0 14.8115 29.3774
25 48 0 16.2791 70.3641
25 49 0 30.5698 64.8147
25 50 0 0.315556 81.8296
25 51 0 57.6226 36.7995
25 52 1 50.2914 54.7118
25 53 0 3.24018 25.2664
25 54 0 96.9028 10.5173
25 55 0 74.9096 14.7447
25 56 0 70.8695 70.9052
25 57 0 46.9894 63.8352
25 58 0 45.0078 78.9217
25 59 0 69.1003 9.37716
25 60 0 99.6427 2.59276
26 1 0 80.7221 28.8982
26 2 0 68.9913 41.2128
26 3 0 82.9192 78.6559
26 4 0 26.4231 29.7073
26 5 0 31.8199 91.4794
26 6 0 4.52778 22.0979
26 7 0 68.3692 48.595
26 8 0 81.1337 25.2588
26 9 0 17.6545 61.6768
26 10 0 76.1377 56.1376
26 11 0 79.3956 16.4194
26 12 0 40.0922 86.9081
26 13 0 86.8016 74.9002
26 14 0 73.756 55.5754
26 15 0 96.3527 78.732
26 16 0 11.6027 97.9768
26 17 0 98.3726 61.2585
26 18 0 22.7892 47.8419
26 19 0 46.9317 70.218
26 20 0 94.4731 13.5215
26 21 0 40.7884 76.4868
26 22 0 69.3453 65.0664
26 23 0 19.3752 55.9606
26 24 0 19.5221 81.9646
26 25 0 82.5087 37.1274
26 27 1 99.2052 23.5195
26 28 0 41.4325 30.6521
26 29 0 98.1693 96.5277
26 30 0 80.2637 65.1563
26 31 0 70.9644 82.9138
26 32 0 31.7774 77.7136
26 33 0 63.604 48.6454
26 34 0 46.3694 55.5267
26 35 0 9.64972 31.8068
26 36 0 29.8829 5.52482
26 37 0 46.6998 62.2143
26 38 0 44.3755 65.8271
26 39 0 96.9212 22.1966
26 40 0 55.0862 45.6501
26 41 0 26.3684 98.9405
26 42 0 18.0617 68.4337
26 43 0 30.2943 23.0708
26 44 0 24.6443 51.178
26 45 0 55.6792 3.90468
26 46 0 16.1331 37.4033
26 47 0 36.6116 31.9442
26 48 0 48.5797 43.9601
26 49 0 0.191698 49.248
26 50 0 83.522 6.93186
26 51 0 90.3173 49.3099
26 52 0 85.6973 62.0162
26 53 0 41.6454 36.9086
26 54 0 92.7979 65.2138
26 55 0 80.1989 51.4281
26 56 0 33.2361 96.7109
26 57 0 42.1034 94.4578
26 58 0 21.429 51.8783
26 59 0 23.091 99.8067
26 60 0 31.4819 10.3976
27 1 0 53.9651 91.2372
27 2 0 16.0113 41.5678
27 3 0 2.64838 94.4665
27 4 0 29.6338 18.859
27 5 0 30.9116 25.9752
27 6 0 48.6316 54.7241
27 7 0 23.2361 3.6975
27 8 0 39.9003 19.4065
27 9 0 63.0678 3.61975
27 10 0 31.5966 62.8985
27 11 0 3.95735 70.6253
27 12 0 92.8257 37.4306
27 13 0 57.2635 62.5496
27 14 0 54.6307 2.53124
27 15 0 11.2252 85.9133
27 16 0 19.1899 75.6545
27 17 0 78.428 31.9097
27 18 0 27.4025 48.3721
27 19 0 48.952 58.6746
27 20 0 1.13133 1.86977
27 21 0 89.8762 63.0599
27 22 0 42.6012 77.2037
27 23 0 91.9306 1.91979
27 24 0 25.5637 47.8338
27 25 0 80.7875 64.547
27 26 0 68.1728 43.3256
27 28 1 38.0299 49.3809
27 29 0 66.5979 82.1215
27 30 0 76.9994 51.4447
27 31 0 56.9329 63.4877
27 32 0 49.134 16.1599
27 33 0 95.5929 48.2701
27 34 0 21.8658 23.7011
27 35 0 29.3695 5.66411
27 36 0 52.0617 85.887
27 37 0 78.5844 47.4268
27 38 0 93.9535 2.17108
27 39 0 98.7059 21.2936
27 40 0 10.2348 35.3535
27 41 0 86.1806 3.40199
27 42 0 98.9957 21.9272
27 43 0 65.3533 89.351
27 44 0 10.5416 58.4536
27 45 0 92.3611 40.7359
27 46 0 52.8223 0.0318567
27 47 0 35.6324 57.021
27 48 0 11.3716 46.0056
27 49 0 60.2356 90.585
27 50 0 28.7798 70.3187
27 51 0 83.866 42.6015
27 52 0 55.646 16.4747
27 53 0 95.5011 70.1673
27 54 0 53.2853 42.3464
27 55 0 45.1275 15.4634
27 56 0 54.115 96.9089
27 57 0 46.2924 38.0288
27 58 0 36.8874 24.0785
27 59 0 6.5762 90.7164
27 60 0 2.65966 45.4044
28 1 0 29.2159 88.7662
28 2 0 69.2149 93.3981
28 3 0 99.0565 55.4667
28 4 0 24.8478 93.9943
28 5 0 14.2064 64.3841
28 6 1 6.47207 12.4157
28 7 0 70.6047 35.4152
28 8 0 42.5483 36.8538
28 9 0 80.0888 50.13
28 10 0 73.4071 35.2301
28 11 0 33.7622 35.4154
28 12 0 72.2187 53.3762
28 13 0 53.3313 79.9148
28 14 0 66.6509 78.6023
28 15 0 34.2945 4.84433
28 16 0 39.0149 1.33818
28 17 0 13.2525 91.1004
28 18 0 92.6674 61.4077
28 19 0 79.7568 44.3067
28 20 0 13.6463 28.0724
28 21 0 90.6124 37.1865
28 22 0 31.0335 93.2805
28 23 0 7.25546 10.7956
28 24 0 60.8242 39.5401
28 25 0 46.0504 95.5592
28 26 0 1.92199 27.2418
28 27 0 53.0141 44.2868
28 29 1 23.64 64.8185
28 30 0 95.5252 52.3079
28 31 0 58.4546 26.5397
28 32 0 29.7918 8.60689
28 33 0 39.7263 6.93513
28 34 1 76.4735 84.78
28 35 0 88.2983 29.9892
28 36 0 53.6169 41.167
28 37 0 17.4783 7.8731
28 38 0 61.8665 98.1848
28 39 0 8.88393 40.59
28 40 0 79.1164 92.5788
28 41 0 30.0416 40.6427
28 42 1 33.3036 99.6087
28 43 0 63.2044 17.3878
28 44 0 16.9311 93.4536
28 45 0 16.4064 4.69565
28 46 0 42.7064 52.4333
28 47 0 97.2044 85.8609
28 48 0 9.22208 91.5847
28 49 0 40.5802 30.4686
28 50 0 33.1271 63.539
28 51 0 68.5879 10.9291
28 52 0 58.0689 81.2514
28 53 0 95.135 44.6204
28 54 0 71.9043 55.957
28 55 0 56.9921 68.9184
28 56 0 49.863 74.517
28 57 0 10.561 25.649
28 58 0 26.1288 64.1747
28 59 0 84.9702 97.5285
28 60 0 13.4423 28.4428
29 1 0 9.90978 36.4192
29 2 0 25.2714 27.9848
29 3 0 36.1667 58.0649
29 4 0 2.8304 25.2388
29 5 0 5.44423 36.6958
29 6 0 80.2359 85.0739
29 7 0 31.2751 88.7998
29 8 0 19.6712 13.0637
29 9 0 50.0675 23.2011
29 10 0 1.18147 63.6316
29 11 0 54.1695 97.2125
29 12 0 91.3617 49.8439
29 13 0 22.9863 29.0746
29 14 0 65.9292 26.5357
29 15 0 14.4077 73.413
29 16 0 20.9572 35.7088
29 17 0 87.7876 52.4336
29 18 0 14.0829 2.39119
29 19 0 87.3159 46.16
29 20 0 54.068 70.6056
29 21 0 93.6475 12.5802
29 22 0 33.8938 22.6386
29 23 0 14.2493 86.595
29 24 0 98.6755 51.8224
29 25 0 10.0835 53.7022
29 26 0 27.5055 68.0141
29 27 0 85.6166 52.4963
29 28 0 39.0376 92.808
29 30 1 73.5234 46.0507
29 31 0 74.7531 23.8511
29 32 0 20.2679 61.3594
29 33 0 18.7424 42.188
29 34 0 67.2316 19.7732
29 35 0 95.7272 51.9686
29 36 0 46.7469 3.61409
29 37 0 12.156 85.2503
29 38 0 71.8052 67.8225
29 39 0 72.9575 50.7112
29 40 0 43.2135 96.6454
29 41 0 61.6713 71.8872
29 42 0 42.7882 22.1974
29 43 0 94.5384 52.7438
29 44 0 66.1472 76.9949
29 45 0 95.1964 73.5361
29 46 0 74.1644 39.7661
29 47 0 23.8528 36.9968
29 48 0 53.5072 72.36
29 49 0 5.60517 35.1085
29 50 0 25.9795 33.197
29 51 0 30.7761 65.9526
29 52 0 40.7669 43.2068
29 53 0 13.6059 48.6765
29 54 0 37.0279 77.4225
29 55 0 58.7823 83.5625
29 56 0 75.0902 35.4418
29 57 0 67.4489 2.79052
29 58 0 81.8363 72.3463
29 59 0 95.5641 42.0124
29 60 0 22.7036 24.4143
30 1 0 90.1433 49.4457
30 2 0 3.43301 31.6582
30 3 0 77.6097 0.224508
30 4 0 35.5653 17.3173
30 5 0 64.4403 38.3073
30 6 0 57.2882 68.3425
30 7 0 48.6664 73.3102
30 8 0 41.0082 52.4413
30 9 0 34.8169 33.5922
30 10 0 39.8972 72.7491
30 11 0 3.06699 76.0165
30 12 0 20.3721 79.074
30 13 0 89.5044 18.668
30 14 0 15.2105 75.59
30 15 0 68.0767 94.3962
30 16 0 45.6179 52.772
30 17 0 35.567 9.58197
30 18 0 42.5172 62.3035
30 19 0 3.61412 65.0413
30 20 0 43.3469 1.38305
30 21 0 30.852 94.1974
30 22 0 56.3952 81.3537
30 23 0 5.42018 96.0856
30 24 0 29.597 79.2982
30 25 0 42.9329 16.9104
30 26 0 37.6 13.0719
30 27 0 86.6014 2.26461
30 28 0 54.6619 78.6803
30 29 0 38.2863 61.5719
30 31 1 45.048 30.4582
30 32 0 20.0138 39.8741
30 33 0 11.6277 40.4884
30 34 0 75.1374 7.88179
30 35 0 31.281 23.5567
30 36 0 0.258049 29.5956
30 37 0 9.80018 14.429
30 38 0 40.6794 45.3288
30 39 0 86.1459 6.44093
30 40 0 48.899 91.338
30 41 0 97.0074 41.9889
30 42 0 28.2187 81.6939
30 43 0 88.3552 64.0379
30 44 0 26.8298 54.72
30 45 0 85.6879 23.8978
30 46 0 99.0974 17.1051
30 47 0 45.1727 39.635
30 48 0 56.1479 69.173
30 49 1 59.9486 65.3539
30 50 0 6.6766 64.6058
30 51 0 46.934 1.78771
30 52 0 30.0616 40.9308
30 53 0 16.7703 40.9689
30 54 0 0.553055 13.2926
30 55 0 35.6156 57.0418
30 56 0 72.0194 7.8007
30 57 0 80.0851 56.3141
30 58 0 37.033 90.8545
30 59 0 35.5863 70.9015
30 60 0 88.2281 50.5921
31 1 0 58.2763 12.2943
31 2 0 73.3836 29.5719
31 3 0 99.0849 84.8371
31 4 0 98.1962 39.0815
31 5 0 14.424 55.5334
31 6 0 28.4216 30.1204
31 7 0 45.9151 8.71296
31 8 0 83.8958 92.3821
31 9 0 0.168483 50.9962
31 10 0 19.369 79.3842
31 11 0 77.7736 23.4887
31 12 0 99.3507 34.09
31 13 0 23.6747 44.184
31 14 0 57.9708 1.54438
31 15 0 28.4545 5.17126
31 16 0 31.4343 19.5121
31 17 0 86.7041 6.00325
31 18 0 78.6933 79.4897
31 19 0 20.2171 23.6767
31 20 0 29.7007 33.7736
31 21 0 56.0922 32.734
31 22 0 36.3768 66.51
31 23 0 49.0689 88.8723
31 24 0 80.499 78.3854
31 25 0 35.1044 90.9043
31 26 0 23.6463 80.8827
31 27 0 6.22435 20.8598
31 28 0 58.106 83.0729
31 29 0 12.5993 64.8518
31 30 0 1.4953 45.999
31 32 1 1.61412 74.4053
31 33 0 63.9506 0.921901
31 34 1 52.5201 39.762
31 35 0 46.7198 92.9045
31 36 0 16.8756 91.0947
31 37 0 94.4142 74.3664
31 38 0 31.6986 71.4565
31 39 0 41.5755 92.7518
31 40 0 47.6825 76.308
31 41 0 22.8009 0.242837
31 42 0 14.7589 68.8013
31 43 0 28.2599 33.8803
31 44 0 85.9091 33.7104
31 45 0 58.924 90.6707
31 46 0 44.3403 26.1214
31 47 0 45.2047 63.5284
31 48 0 47.4459 43.9693
31 49 0 69.4754 92.1392
31 50 0 34.3978 14.1671
31 51 0 46.2673 50.05
31 52 0 22.7188 95.896
31 53 0 72.9134 84.4387
31 54 0 35.5099 38.7929
31 55 0 80.3184 43.5756
31 56 0 14.699 8.58869
31 57 0 56.0308 94.9831
31 58 0 73.923 79.5913
31 59 0 8.83243 28.4165
31 60 0 66.3283 43.8029
32 1 0 81.5148 19.798
32 2 0 29.0229 95.3277
32 3 0 8.87979 61.5796
32 4 0 77.7556 83.6718
32 5 0 79.2794 73.2757
32 6 0 2.14855 7.86779
32 7 0 75.9041 58.7054
32 8 0 46.9748 65.7494
32 9 0 34.1196 70.5188
32 10 0 44.3739 89.5395
32 11 0 10.5117 9.30094
32 12 0 90.7507 63.7915
32 13 0 6.07487 64.159
32 14 0 52.4332 55.5967
32 15 0 2.76939 45.4777
32 16 0 51.8219 38.166
32 17 0 81.6238 99.5899
32 18 0 0.919765 44.9561
32 19 0 51.6433 23.186
32 20 0 68.3457 28.3909
32 21 0 38.1449 46.5484
32 22 0 22.3157 58.1454
32 23 0 70.8936 44.5625
32 24 0 48.9011 17.9143
32 25 0 99.1679 50.2205
32 26 0 49.1525 70.8324
32 27 0 62.1309 94.8196
32 28 0 84.7067 19.7365
32 29 0 42.5482 56.5609
32 30 0 91.6505 85.8068
32 31 0 48.467 91.0097
32 33 1 52.7981 55.2507
32 34 0 5.74999 86.7271
32 35 1 85.6061 16.7431
32 36 0 40.516 99.0625
32 37 0 70.7546 54.4034
32 38 0 32.032 84.1516
32 39 0 15.1234 51.0796
32 40 0 10.6181 42.9258
32 41 0 94.6123 6.95893
32 42 0 55.7889 65.9163
32 43 1 58.4371 62.313
32 44 0 8.35649 11.5339
32 45 0 47.846 10.0559
32 46 0 48.6923 31.0418
32 47 0 4.15029 44.9347
32 48 0 82.7615 17.0634
32 49 1 86.7818 63.7746
32 50 0 72.4244 14.2849
32 51 0 71.0628 8.82792
32 52 0 77.2378 38.0616
32 53 0 71.3393 86.7112
32 54 0 11.1373 36.7147
32 55 0 20.4704 10.7942
32 56 0 99.2733 20.3131
32 57 0 34.7874 33.6494
32 58 0 46.6057 2.26776
32 59 0 78.6693 81.4059
32 60 0 5.1676 87.768
33 1 0 24.0883 32.4309
33 2 0 72.2754 73.0772
33 3 0 53.9663 94.3097
33 4 0 40.1719 54.3782
33 5 0 37.6199 59.4566
33 6 0 15.6352 69.4253
33 7 0 56.1644 53.9986
33 8 0 82.5975 19.1277
33 9 0 51.9897 29.9026
33 10 0 52.6854 2.21872
33 11 0 26.5292 8.9131
33 12 0 50.0077 6.93673
33 13 0 75.565 51.88
33 14 0 85.3139 16.8157
33 15 0 91.6317 82.5022
33 16 0 34.4647 2.40131
33 17 0 42.0688 36.7913
33 18 0 52.1291 28.9391
33 19 0 89.7009 60.9173
33 20 0 17.0688 79.3036
33 21 0 62.8082 68.504
33 22 0 19.974 0.747868
33 23 0 75.3025 84.5118
33 24 0 3.1721 74.072
33 25 0 30.9673 92.9858
33 26 0 58.4904 1.67889
33 27 0 69.0895 1.64043
33 28 0 70.9215 64.4452
33 29 0 57.0154 14.3154
33 30 0 30.1753 99.215
33 31 0 48.3447 60.3831
33 32 0 53.9373 72.1688
33 34 1 68.8373 21.1423
33 35 0 57.041 17.3892
33 36 0 88.7138 57.3257
33 37 0 97.9752 45.3035
33 38 0 9.60564 89.9674
33 39 0 77.2461 58.8011
33 40 0 20.1863 89.7387
33 41 0 23.4617 41.5714
33 42 0 66.6547 70.5348
33 43 0 40.0827 54.9411
33 44 0 80.4345 95.848
33 45 0 13.3713 12.2341
33 46 0 90.5647 78.9332
33 47 1 3.27314 41.7281
33 48 0 70.9614 6.28595
33 49 0 2.91576 46.706
33 50 0 41.7865 38.8196
33 51 0 43.8607 85.5402
33 52 0 50.5333 70.7469
33 53 0 67.4956 47.9622
33 54 0 27.6533 12.9156
33 55 0 20.5027 53.9762
33 56 0 70.5873 0.546119
33 57 0 84.5853 29.6599
33 58 0 13.4176 53.8331
33 59 0 67.7498 52.2502
33 60 0 2.71266 88.0917
34 1 0 24.4897 83.4715
34 2 0 61.4106 72.4153
34 3 0 40.9913 22.7983
34 4 0 97.5671 49.7022
34 5 0 11.6927 69.1944
34 6 0 19.9998 18.1335
34 7 0 25.6626 33.9257
34 8 0 91.755 69.6848
34 9 0 9.1995 88.3749
34 10 0 87.202 45.8075
34 11 0 54.4573 73.501
34 12 0 29.9427 90.308
34 13 0 13.2642 58.7063
34 14 0 63.1226 91.1813
34 15 0 47.7196 13.5577
34 16 0 31.5363 49.9406
34 17 0 36.3117 18.6106
34 18 0 16.0019 16.1863
34 19 0 46.2428 79.8506
34 20 0 11.0759 65.3692
34 21 0 92.0938 93.8272
34 22 0 69.1733 78.6172
34 23 0 10.7309 63.955
34 24 0 50.5138 92.2857
34 25 0 52.4664 73.9025
34 26 0 96.8969 34.5238
34 27 0 52.7157 90.3346
34 28 0 46.9778 41.7271
34 29 0 18.903 60.3673
34 30 0 20.139 33.2851
34 31 0 45.6007 42.7234
34 32 0 81.7368 5.61805
34 33 0 87.6198 5.39007
34 35 1 1.39778 24.7874
34 36 0 48.4297 6.15926
34 37 0 18.7092 4.73089
34 38 0 42.4693 38.1043
34 39 0 0.0923851 32.0486
34 40 0 84.9626 96.3296
34 41 0 35.4517 46.1246
34 42 0 47.6969 76.5475
34 43 0 66.6592 23.1381
34 44 0 0.913217 37.094
34 45 0 60.5868 87.482
34 46 0 20.4498 41.5135
34 47 0 11.2878 10.9578
34 48 0 92.4494 18.7163
34 49 0 84.7326 48.6859
34 50 0 81.7315 84.3625
34 51 0 58.8022 86.5229
34 52 0 5.17661 65.0208
34 53 0 20.7642 51.5923
34 54 0 99.276 22.4398
34 55 0 56.6502 92.6256
34 56 0 24.6566 11.2933
34 57 0 58.2389 71.7691
34 58 0 84.6108 52.0175
34 59 0 44.822 14.1767
34 60 0 14.0929 79.1804
35 1 0 70.9673 16.044
35 2 0 65.2933 22.7745
35 3 0 48.0644 67.3358
35 4 0 58.518 12.0924
35 5 0 52.5447 70.8237
35 6 0 20.5461 33.4252
35 7 0 15.3887 81.0105
35 8 0 10.8097 11.2301
35 9 0 32.224 1.20965
35 10 0 2.2281 69.579
35 11 0 78.5242 30.561
35 12 0 18.0917 14.3565
35 13 0 41.1828 39.032
35 14 0 59.9251 41.6958
35 15 0 57.0536 5.41273
35 16 0 12.1153 19.0779
35 17 0 56.4706 78.5288
35 18 0 35.1136 96.5871
35 19 0 60.9245 42.9665
35 20 0 84.3538 22.7241
35 21 0 22.5516 57.9198
35 22 0 53.8795 6.54334
35 23 0 37.049 93.4595
35 24 0 46.071 12.499
35 25 0 62.6293 39.4276
35 26 0 5.00886 9.30105
35 27 0 2.94017 79.8603
35 28 0 45.9683 45.7892
35 29 0 44.4109 37.4003
35 30 0 37.0035 58.2832
35 31 0 39.1351 89.2473
35 32 0 68.2881 9.50828
35 33 0 11.7141 93.7704
35 34 0 54.6009 78.4316
35 36 1 76.383 0.0474901
35 37 0 37.2863 59.179
35 38 0 57.0062 90.9213
35 39 0 76.929 12.6491
35 40 0 10.5397 10.7818
35 41 0 39.7567 19.1475
35 42 0 3.59646 13.6042
35 43 0 78.9412 58.8038
35 44 0 88.9729 94.132
35 45 0 88.4611 12.4917
35 46 0 37.1544 14.8649
35 47 0 41.4658 70.6381
35 48 0 77.2764 22.1163
35 49 0 50.0107 98.1668
35 50 0 21.5119 78.6537
35 51 0 50.6437 47.4269
35 52 0 84.8578 70.5909
35 53 0 19.2755 67.6268
35 54 0 5.17123 58.5471
35 55 0 7.95388 14.6093
35 56 0 95.3552 75.0085
35 57 0 45.2454 86.6539
35 58 0 18.2101 15.1904
35 59 0 67.4765 37.7879
35 60 0 45.6857 99.3462
36 1 0 18.9103 31.941
36 2 0 62.6096 38.5671
36 3 0 13.8382 8.59688
36 4 0 67.975 12.2534
36 5 0 85.7406 62.532
36 6 0 90.0138 4.83216
36 7 0 53.4904 23.3958
36 8 0 91.1848 3.2089
36 9 0 88.2457 24.5813
36 10 0 7.03146 37.2128
36 11 0 19.7944 0.707498
36 12 0 21.8879 0.130549
36 13 0 31.9823 39.6418
36 14 0 2.00785 15.1108
36 15 0 64.8621 54.0375
36 16 0 69.9273 89.8092
36 17 0 78.0333 15.1139
36 18 0 36.3411 87.4291
36 19 0 13.3276 93.9224
36 20 0 68.7906 38.0117
36 21 0 84.2777 81.6736
36 22 0 94.3316 21.3254
36 23 0 84.4064 34.3292
36 24 0 25.4124 3.15435
36 25 0 42.2092 35.0635
36 26 0 96.1526 33.3754
36 27 0 24.9789 51.1814
36 28 0 16.1887 78.1245
36 29 0 25.0958 1.49901
36 30 0 33.731 59.1766
36 31 0 83.3681 95.7421
36 32 0 69.2048 10.5499
36 33 0 22.0366 65.7832
36 34 0 88.4339 35.2053
36 35 0 42.0545 66.4343
36 37 1 8.05805 61.268
36 38 0 9.87089 22.4904
36 39 0 29.3056 11.7173
36 40 0 82.1545 93.4451
36 41 0 99.7156 76.7513
36 42 0 38.0547 73.5972
36 43 0 39.9184 7.21649
36 44 0 31.2184 67.4818
36 45 0 5.99806 82.3456
36 46 0 80.1166 14.2544
36 47 0 80.9149 48.0247
36 48 0 40.4255 33.5387
36 49 0 88.2468 81.9052
36 50 0 22.3451 44.7933
36 51 0 39.4194 68.4418
36 52 0 5.46049 75.9591
36 53 0 78.1425 0.074755
36 54 0 31.4515 47.8112
36 55 0 90.2838 34.8731
36 56 0 74.5002 17.1228
36 57 0 66.3166 44.5028
36 58 0 64.2367 16.4406
36 59 0 43.826 68.928
36 60 0 41.5435 84.8417
37 1 0 54.8898 51.8005
37 2 0 77.6898 30.7713
37 3 0 54.6179 8.94929
37 4 0 77.1694 31.9733
37 5 0 86.1766 12.1685
37 6 0 21.1896 71.5576
37 7 0 0.0783119 29.0932
37 8 0 67.2127 52.6582
37 9 0 46.6047 25.2843
37 10 0 82.7582 5.89422
37 11 0 9.43931 5.14467
37 12 0 66.7523 98.352
37 13 0 79.7637 87.8207
37 14 0 18.8137 34.7443
37 15 0 84.9239 37.2207
37 16 0 72.9984 17.5832
37 17 0 24.1832 33.4878
37 18 0 24.8598 24.2587
37 19 0 37.4296 98.969
37 20 0 62.4694 45.5547
37 21 0 15.2195 73.5071
37 22 0 23.3487 56.407
37 23 0 79.8999 62.5673
37 24 0 31.4915 18.8924
37 25 1 1.17587 74.5077
37 26 0 15.3198 80.0388
37 27 0 47.4751 32.6729
37 28 0 83.9895 14.3152
37 29 0 99.6026 41.7347
37 30 0 46.5539 3.42715
37 31 0 89.2723 2.19822
37 32 0 62.8503 59.2316
37 33 0 84.4281 12.2038
37 34 0 18.2338 15.7248
37 35 0 32.1776 78.9501
37 36 0 43.8489 99.5499
37 38 1 35.6273 35.4878
37 39 0 77.5704 20.4545
37 40 0 82.4997 59.7045
37 41 0 86.3631 80.0202
37 42 0 46.5299 97.0988
37 43 0 45.837 39.3794
37 44 0 22.2077 12.3647
37 45 0 14.6765 16.6682
37 46 0 26.2882 42.4881
37 47 0 31.6886 47.3566
37 48 0 6.44052 4.93468
37 49 0 9.47027 21.7855
37 50 0 20.9953 41.7275
37 51 0 78.1768 90.117
37 52 0 67.9445 38.5207
37 53 0 67.2893 33.36
37 54 0 43.8656 50.0694
37 55 0 45.0942 92.9343
37 56 0 38.4787 67.8943
37 57 0 19.4751 17.5192
37 58 0 55.2156 85.1128
37 59 0 70.7552 69.8355
37 60 0 19.2741 86.3845
38 1 0 47.4957 10.9857
38 2 0 26.387 82.0126
38 3 0 99.1828 15.2089
38 4 0 3.84333 42.6339
38 5 0 18.7314 28.6437
38 6 0 28.4469 64.0027
38 7 0 64.7753 8.45241
38 8 0 15.5261 26.0561
38 9 0 86.2914 46.0045
38 10 0 88.0301 85.7904
38 11 0 71.364 68.2313
38 12 0 68.8674 50.8215
38 13 0 22.1677 54.5174
38 14 0 97.9167 20.2793
38 15 0 68.9571 14.3529
38 16 0 72.4804 43.1084
38 17 0 55.8897 23.0107
38 18 0 59.7709 95.7597
38 19 0 25.867 68.0665
38 20 0 58.3012 29.1761
38 21 0 15.6512 40.6224
38 22 0 28.896 63.5329
38 23 0 54.7827 40.1211
38 24 0 16.2828 16.1509
38 25 0 67.0026 56.9531
38 26 0 48.3631 15.8158
38 27 0 96.1479 66.7791
38 28 0 82.9432 94.6555
38 29 0 29.5584 27.7084
38 30 0 12.8195 76.0271
38 31 0 79.4305 44.36
38 32 0 7.92193 87.7117
38 33 0 6.67422 15.1641
38 34 0 89.3403 45.1168
38 35 0 48.2253 55.7586
38 36 0 47.6567 5.78735
38 37 0 81.5528 35.0815
38 39 1 58.075 51.8928
38 40 0 16.2115 63.1288
38 41 0 88.1743 47.4482
38 42 0 98.2556 96.5214
38 43 0 53.6913 83.6251
38 44 0 56.6305 33.0781
38 45 0 44.7674 98.1469
38 46 0 11.9499 74.6435
38 47 0 73.675 54.3047
38 48 0 82.5797 30.6446
38 49 0 66.4272 75.2315
38 50 0 45.6148 58.6931
38 51 0 87.3426 55.7834
38 52 0 88.1566 59.3227
38 53 0 50.4126 42.812
38 54 0 12.8214 78.0826
38 55 0 88.2908 5.03616
38 56 0 40.7242 43.4708
38 57 0 16.8666 6.3577
38 58 0 5.44121 15.5457
38 59 0 62.2615 35.5431
38 60 0 65.2683 13.3989
39 1 0 32.9791 76.6243
39 2 0 64.4973 53.8218
39 3 0 62.7608 41.2527
39 4 0 47.6156 2.04235
39 5 0 41.5151 48.6473
39 6 0 56.4038 53.5279
39 7 0 54.3635 44.7225
39 8 0 29.7646 73.5367
39 9 0 56.2854 88.0323
39 10 0 15.5756 35.1363
39 11 0 65.4513 25.4396
39 12 0 74.9075 87.7645
39 13 0 59.4062 66.1949
39 14 0 88.2467 62.2231
39 15 0 40.4865 13.5182
39 16 0 41.9377 63.2697
39 17 0 14.4056 36.1369
39 18 0 87.7411 37.8849
39 19 0 23.4032 61.5438
39 20 0 77.3281 68.0515
39 21 0 47.2618 4.53192
39 22 0 71.1736 82.561
39 23 0 89.545 35.7614
39 24 1 94.9881 86.9548
39 25 0 65.7553 70.5497
39 26 0 86.2279 37.3337
39 27 0 76.78 27.1488
39 28 0 21.6099 32.0276
39 29 0 53.8047 41.2394
39 30 0 79.697 51.495
39 31 0 2.72442 85.7105
39 32 0 68.9609 89.166
39 33 0 82.336 87.321
39 34 0 39.9171 44.1937
39 35 0 37.9284 2.03791
39 36 0 12.4228 75.9758
39 37 0 66.9578 73.0496
39 38 0 57.805 51.1909
39 40 1 67.8365 49.8247
39 41 0 47.4161 25.8453
39 42 0 97.7023 45.3266
39 43 0 84.5142 2.90122
39 44 0 27.8397 60.7661
39 45 0 63.7185 84.5231
39 46 0 65.0761 95.9524
39 47 0 94.4971 42.7938
39 48 0 76.4061 60.5929
39 49 0 2.25436 0.175107
39 50 0 28.4584 52.9006
39 51 0 29.7707 89.165
39 52 0 32.691 64.018
39 53 0 20.3158 78.3237
39 54 0 89.0549 0.379285
39 55 0 20.9661 65.7427
39 56 0 21.9225 80.5083
39 57 0 65.5633 77.0137
39 58 0 12.1466 96.5334
39 59 0 84.6997 64.6231
39 60 0 12.5951 45.0394
40 1 0 95.6563 93.5237
40 2 0 47.7492 74.4303
40 3 0 60.5173 37.5254
40 4 0 47.7434 49.0917
40 5 0 5.63131 72.2616
40 6 0 5.34231 19.7843
40 7 0 24.0763 67.9446
40 8 0 99.984 14.4176
40 9 0 13.5011 41.9753
40 10 0 40.2108 20.874
40 11 0 90.0806 61.3379
40 12 0 52.174 28.6884
40 13 0 51.4765 36.7469
40 14 0 21.0823 12.5808
40 15 0 88.3084 95.1283
40 16 0 33.761 68.7851
40 17 0 42.6978 12.8049
40 18 0 63.0152 50.1825
40 19 0 31.302 37.2595
40 20 0 45.5646 65.3508
40 21 0 32.015 70.4728
40 22 0 18.3068 41.0849
40 23 0 78.3486 20.5733
40 24 0 61.5951 75.9805
40 25 0 45.4183 43.9798
40 26 0 82.0884 36.9416
40 27 0 20.0638 43.014
40 28 0 2.79172 94.0088
40 29 0 14.2341 16.8407
40 30 0 65.3511 95.2095
40 31 0 44.5302 25.5027
40 32 0 43.6808 0.386358
40 33 0 4.53052 68.8353
40 34 0 49.6194 0.957578
40 35 0 44.9946 60.8638
40 36 0 42.3057 3.94856
40 37 0 31.2548 3.70093
40 38 0 59.8483 70.7269
40 39 0 92.6188 37.734
40 41 1 62.164 13.7751
40 42 0 90.5536 34.4385
40 43 0 20.512 23.5877
40 44 0 1.1193 34.3504
40 45 0 12.0223 4.85278
40 46 0 92.0424 7.82104
40 47 0 34.0564 25.7676
40 48 0 86.131 14.087
40 49 0 55.8363 7.49401
40 50 0 45.0325 85.7212
40 51 0 8.06489 43.0216
40 52 0 41.8158 38.9793
40 53 0 46.6212 15.4063
40 54 0 88.396 91.9683
40 55 0 19.1923 77.4689
40 56 0 64.2043 61.4687
40 57 0 29.3296 83.0767
40 58 0 38.2842 1.45339
40 59 0 56.4725 95.8519
40 60 0 21.6535 41.2753
41 1 0 3.77112 67.5805
41 2 0 99.6319 5.59857
41 3 0 89.3476 25.1196
41 4 0 5.30754 16.9746
41 5 0 8.35336 23.6355
41 6 0 71.0245 87.1757
41 7 0 0.489086 97.4396
41 8 0 80.9789 10.4533
41 9 0 24.5846 63.9337
41 10 0 53.2748 35.8066
41 11 0 33.0332 51.8705
41 12 0 94.688 17.763
41 13 0 22.0983 1.59787
41 14 0 16.7998 79.829
41 15 0 70.4364 17.0193
41 16 0 17.2502 47.566
41 17 0 96.6376 1.52269
41 18 0 60.1594 41.2497
41 19 0 3.68413 36.458
41 20 0 21.9598 3.22945
41 21 0 99.8332 41.1682
41 22 0 94.8605 32.3721
41 23 0 45.3207 61.2795
41 24 0 90.5995 6.02835
41 25 0 20.3202 29.0786
41 26 0 33.4508 63.4477
41 27 0 0.58072 56.8277
41 28 0 23.7388 34.6467
41 29 0 77.2174 78.6832
41 30 0 19.9806 84.3646
41 31 0 12.3153 18.5149
41 32 0 12.3371 15.5302
41 33 0 52.0392 10.3435
41 34 0 30.8861 80.6959
41 35 0 88.1727 37.2058
41 36 0 65.1046 7.12425
41 37 0 81.2809 10.4895
41 38 0 44.0353 90.7042
41 39 0 45.4849 43.2436
41 40 0 73.7377 23.2931
41 42 1 83.332 82.0909
41 43 0 64.9892 17.7431
41 44 0 5.90022 7.65796
41 45 0 23.7328 69.8142
41 46 0 36.366 48.3022
41 47 0 26.9797 16.3083
41 48 0 85.4819 64.4888
41 49 0 21.9512 72.9167
41 50 0 54.2739 91.8463
41 51 0 54.0549 9.90228
41 52 0 44.4948 66.6276
41 53 0 9.97691 49.0534
41 54 0 22.6857 7.4176
41 55 0 5.48846 63.2137
41 56 0 85.2832 7.29689
41 57 0 17.3919 13.2896
41 58 1 29.419 7.35353
41 59 0 20.1221 26.6244
41 60 0 81.9451 13.9407
42 1 0 18.3724 75.5331
42 2 0 83.3659 95.3594
42 3 0 17.9671 86.127
42 4 0 72.4335 95.5481
42 5 0 81.9375 92.5381
42 6 0 89.8099 91.8457
42 7 0 91.6824 69.63
42 8 0 49.0566 33.4032
42 9 0 12.6321 87.6511
42 10 0 58.8403 19.8456
42 11 0 57.7874 5.62631
42 12 0 49.2506 58.9253
42 13 0 60.3699 10.4068
42 14 0 5.77877 50.1438
42 15 0 91.5047 77.3813
42 16 0 81.7909 18.0635
42 17 0 9.30003 67.5437
42 18 0 78.6647 67.1002
42 19 0 78.1173 23.4805
42 20 0 4.09841 2.25807
42 21 0 37.9172 93.0584
42 22 0 18.1685 70.7711
42 23 0 34.7585 49.0447
42 24 0 81.161 52.8359
42 25 0 22.0068 20.3171
42 26 0 29.8918 0.45775
42 27 0 29.8754 70.1695
42 28 0 23.0867 35.9649
42 29 0 95.3605 95.8868
42 30 0 63.5596 94.5243
42 31 0 85.6182 80.507
42 32 0 19.0744 65.1809
42 33 0 16.5001 59.0008
42 34 0 58.3678 47.9688
42 35 0 55.2662 61.7854
42 36 0 24.1899 51.6011
42 37 0 97.1893 26.9124
42 38 0 92.1737 52.5332
42 39 0 73.9786 4.9621
42 40 0 86.286 93.3985
42 41 0 92.496 38.8431
42 43 1 78.1532 98.0671
42 44 0 72.535 77.6927
42 45 0 10.1998 68.7718
42 46 0 97.5088 88.9268
42 47 0 97.6172 62.0635
42 48 0 68.7382 30.4221
42 49 0 56.0398 57.1293
42 50 0 11.9698 70.797
42 51 0 4.87111 79.7581
42 52 0 1.30756 46.0032
42 53 0 60.1557 4.91007
42 54 0 90.9763 86.1781
42 55 0 11.9227 88.0285
42 56 0 34.4331 93.8047
42 57 0 86.8788 81.2189
42 58 0 28.2092 70.2302
42 59 0 18.2779 30.1761
42 60 0 67.4776 96.1541
43 1 0 65.8629 42.5288
43 2 0 81.8187 27.6374
43 3 0 58.229 18.7714
43 4 0 96.044 16.519
43 5 0 59.9545 47.8565
43 6 0 33.3713 85.6387
43 7 0 24.2588 44.012
43 8 0 76.6762 58.5963
43 9 0 68.3109 61.2501
43 10 0 26.9772 75.3553
43 11 0 72.2447 86.8733
43 12 0 77.117 26.4297
43 13 0 20.5118 54.5441
43 14 0 79.6137 51.3661
43 15 0 20.2164 13.7375
43 16 0 72.1462 25.5916
43 17 0 77.5165 0.310082
43 18 0 20.472 34.0804
43 19 0 35.7029 94.9106
43 20 0 8.1988 32.2279
43 21 0 55.1569 33.9228
43 22 0 58.0671 71.0496
43 23 0 62.9994 65.9902
43 24 0 55.9286 37.4423
43 25 0 69.2378 93.2576
43 26 0 87.745 96.1259
43 27 0 5.61562 40.5766
43 28 0 17.2568 88.5476
43 29 0 90.8599 9.01663
43 30 0 71.1235 85.1462
43 31 0 65.0091 45.8321
43 32 0 84.4781 4.02311
43 33 0 97.2541 28.3004
43 34 0 82.8623 97.1579
43 35 0 6.37609 91.0565
43 36 0 45.7946 32.501
43 37 0 59.2073 31.1795
43 38 0 80.3882 7.44195
43 39 0 61.8573 58.7193
43 40 0 88.0535 16.4792
43 41 0 8.50441 45.596
43 42 0 13.1143 1.54134
43 44 1 25.8431 94.4845
43 45 0 52.1436 43.9406
43 46 0 84.7635 74.1294
43 47 0 81.1061 38.894
43 48 0 22.4025 10.3143
43 49 0 33.2314 12.2104
43 50 0 15.7692 89.5368
43 51 0 95.1102 51.8212
43 52 0 30.2664 39.5885
43 53 0 49.6692 77.0506
43 54 0 58.6357 33.5661
43 55 0 25.2706 12.2679
43 56 0 16.8029 44.8575
43 57 0 1.61788 3.65019
43 58 0 34.327 5.33155
43 59 0 49.1463 73.4615
43 60 0 69.7772 48.8057
44 1 0 10.739 31.3814
44 2 0 72.149 98.409
44 3 0 59.4355 76.7791
44 4 0 18.56 4.58133
44 5 0 5.63741 67.7863
44 6 0 33.6345 52.793
44 7 0 66.0922 27.2925
44 8 0 42.0154 71.7073
44 9 0 8.19246 34.5126
44 10 0 99.5185 92.2611
44 11 0 49.4462 26.1624
44 12 0 11.8684 56.3661
44 13 0 47.4116 89.6819
44 14 0 67.3733 19.5173
44 15 0 70.7635 22.2732
44 16 0 72.3834 91.9718
44 17 0 46.5477 89.6532
44 18 0 11.9549 37.4356
44 19 0 42.294 73.8853
44 20 0 21.8224 84.8987
44 21 0 60.4525 63.8681
44 22 0 27.3868 75.3002
44 23 0 48.5158 13.2065
44 24 0 35.0196 63.8705
44 25 0 75.2613 2.09696
44 26 0 31.6987 92.5545
44 27 0 12.7073 87.0013
44 28 0 7.8762 8.06224
44 29 0 69.2416 76.051
44 30 0 67.0255 43.6873
44 31 0 73.7471 54.9506
44 32 0 98.1171 11.5511
44 33 0 44.188 59.299
44 34 0 54.0172 67.6824
44 35 0 23.268 39.3988
44 36 0 22.6839 5.61698
44 37 0 40.5552 62.4823
44 38 0 76.0849 65.0761
44 39 0 88.2766 73.4559
44 40 0 37.877 69.2395
44 41 0 31.135 45.3307
44 42 0 10.9163 38.4348
44 43 0 67.1097 45.1542
44 45 1 35.8645 6.62458
44 46 1 25.8576 2.83
44 47 0 87.8885 73.3174
44 48 0 27.2836 53.6704
44 49 0 72.4338 5.73778
44 50 0 77.7352 4.56893
44 51 0 86.775 1.61869
44 52 0 58.4441 10.5377
44 53 0 45.3054 34.9473
44 54 0 31.8633 96.214
44 55 0 65.0665 30.7136
44 56 0 89.646 86.1889
44 57 0 94.5088 82.3706
44 58 0 91.6767 9.44038
44 59 0 16.7318 79.091
44 60 0 89.5653 81.0773
45 1 0 44.8809 84.9513
45 2 0 5.95746 76.0683
45 3 0 24.5263 63.7261
45 4 0 11.2769 95.6181
45 5 0 71.5524 91.1813
45 6 0 90.7546 44.8731
45 7 0 48.566 30.0473
45 8 0 41.5021 84.2135
45 9 0 12.6645 79.3467
45 10 0 73.4042 76.0472
45 11 0 51.7215 16.7425
45 12 0 6.60192 82.8865
45 13 0 3.92044 46.6305
45 14 0 87.153 82.1856
45 15 0 79.065 44.1446
45 16 0 69.8532 37.6128
45 17 0 4.06427 38.2121
45 18 0 12.9097 92.576
45 19 0 94.1113 88.0456
45 20 0 13.2831 30.4811
45 21 0 91.1806 93.6483
45 22 0 8.16427 11.539
45 23 0 86.316 80.5786
45 24 0 72.8995 18.1036
45 25 0 29.4319 94.5406
45 26 1 31.9769 82.3876
45 27 0 26.9768 59.0839
45 28 0 10.0465 60.0971
45 29 0 90.3019 39.3464
45 30 0 31.0738 25.2937
45 31 0 47.0555 1.73545
45 32 0 16.9468 2.04552
45 33 0 49.511 58.4987
45 34 0 40.4905 22.2709
45 35 0 55.2943 59.9385
45 36 0 26.3188 6.17924
45 37 0 6.91042 5.37288
45 38 0 69.4466 91.8917
45 39 0 87.3289 34.4579
45 40 0 88.9605 83.0363
45 41 0 62.4216 90.898
45 42 0 79.7696 69.7254
45 43 0 21.9425 38.2819
45 44 0 80.097 54.4652
45 46 1 74.4851 67.8286
45 47 0 59.0556 52.2964
45 48 0 44.8864 75.2934
45 49 0 56.5947 60.0345
45 50 0 60.0927 11.5721
45 51 0 10.8924 34.241
45 52 0 43.4082 85.1124
45 53 0 25.2153 25.1988
45 54 0 38.6647 95.785
45 55 0 36.2271 74.9623
45 56 0 80.5779 6.59697
45 57 0 43.6943 90.0107
45 58 0 16.8331 35.2318
45 59 0 23.4664 75.2542
45 60 0 54.706 65.8994
46 1 0 69.4972 99.9291
46 2 0 63.523 83.942
46 3 0 98.8127 97.8382
46 4 0 95.4978 35.912
46 5 0 72.8214 36.9484
46 6 0 89.7995 62.0032
46 7 0 26.2159 70.4124
46 8 0 13.6739 79.7441
46 9 0 9.66384 88.7566
46 10 0 95.6933 31.1321
46 11 0 96.267 41.223
46 12 0 13.572 44.4521
46 13 0 53.8496 23.4779
46 14 0 91.6951 98.061
46 15 0 20.2397 70.8254
46 16 0 51.6915 72.1868
46 17 0 61.6878 4.07962
46 18 0 35.4314 24.25
46 19 0 89.7993 69.6766
46 20 0 0.047712 88.3102
46 21 0 47.9899 87.3887
46 22 0 99.3477 16.8938
46 23 0 24.8168 31.5746
46 24 0 21.7702 59.9522
46 25 0 85.2495 31.866
46 26 0 30.8935 88.0345
46 27 0 19.7144 11.277
46 28 0 61.5479 21.9766
46 29 0 91.3111 24.1097
46 30 0 54.0956 67.648
46 31 0 24.3086 94.0106
46 32 0 35.6971 22.5087
46 33 0 65.0735 60.2917
46 34 0 84.972 95.8249
46 35 0 35.9673 78.8612
46 36 0 91.4016 44.0702
46 37 0 59.1108 81.3869
46 38 0 11.9614 73.2475
46 39 0 50.2358 29.1404
46 40 0 88.4031 41.9632
46 41 0 91.0384 75.7233
46 42 0 79.1402 91.9554
46 43 0 56.4613 66.4532
46 44 0 9.51655 22.4477
46 45 0 44.6848 20.9978
46 47 1 8.57324 34.5837
46 48 0 37.7916 88.3579
46 49 1 18.0454 48.2589
46 50 0 11.0919 91.9727
46 51 0 47.8779 76.4404
46 52 0 16.5498 80.3163
46 53 0 90.5257 53.2572
46 54 0 47.2996 94.2917
46 55 0 49.2323 79.457
46 56 0 11.6888 62.9756
46 57 0 66.2015 90.7588
46 58 0 70.3629 28.7824
46 59 0 19.7706 66.4242
46 60 0 5.18313 34.2867
47 1 0 36.2403 28.9908
47 2 0 85.3025 89.6106
47 3 0 94.6204 54.4049
47 4 0 4.08232 31.2562
47 5 0 47.2923 53.4294
47 6 0 54.0916 52.1411
47 7 0 74.5554 8.54798
47 8 0 58.9576 66.1707
47 9 0 90.5128 85.8841
47 10 0 35.361 32.651
47 11 0 41.2652 34.6891
47 12 0 45.0117 93.6963
47 13 0 84.248 55.0003
47 14 0 41.4835 19.3877
47 15 0 41.4468 59.1214
47 16 0 55.9224 99.0301
47 17 0 63.3956 54.4231
47 18 0 87.0824 19.3294
47 19 0 44.3096 69.1694
47 20 0 96.927 11.0377
47 21 0 52.5993 87.0273
47 22 0 17.4479 70.976
47 23 0 46.447 83.1064
47 24 0 95.2148 7.59315
47 25 0 11.6256 36.6054
47 26 0 18.111 76.9489
47 27 0 44.3366 46.0917
47 28 0 64.7552 47.8139
47 29 0 99.4272 83.1397
47 30 0 74.7777 36.6468
47 31 0 89.0979 23.4695
47 32 0 35.9992 56.6228
47 33 0 38.4745 30.117
47 34 0 90.1107 87.6725
47 35 0 8.89268 11.1711
47 36 0 77.1458 69.975
47 37 0 82.8392 89.6077
47 38 0 52.5112 41.8699
47 39 0 88.7811 92.2223
47 40 0 21.1492 80.0511
47 41 0 34.9168 40.7488
47 42 0 59.2776 19.3131
47 43 0 68.9615 12.2498
47 44 0 31.0546 7.76343
47 45 0 2.44572 22.8966
47 46 0 82.6451 47.057
47 48 1 84.3635 65.6446
47 49 0 23.0881 26.8264
47 50 0 51.9183 34.6238
47 51 0 49.2395 74.9954
47 52 0 98.5401 18.1155
47 53 0 15.7799 31.5052
47 54 0 97.0036 94.1499
47 55 0 52.0767 23.3082
47 56 0 81.3742 99.2401
47 57 0 41.1186 75.9111
47 58 0 88.4859 51.4611
47 59 0 68.0242 48.7021
47 60 0 91.4875 27.5321
48 1 0 65.1519 53.9487
48 2 0 24.1397 37.7648
48 3 0 80.632 58.5229
48 4 0 55.9396 86.8794
48 5 0 81.8706 69.0956
48 6 0 21.9333 79.9894
48 7 0 68.1259 45.082
48 8 0 49.3 6.89705
48 9 0 56.4558 45.487
48 10 0 62.836 61.6864
48 11 0 95.7856 9.70902
48 12 0 40.03 95.3439
48 13 0 79.0933 34.6881
48 14 0 92.1978 16.4855
48 15 0 85.8568 88.3883
48 16 0 73.3858 81.491
48 17 0 12.0788 52.2981
48 18 0 41.4495 54.7065
48 19 0 32.2181 67.0911
48 20 0 61.2606 8.57107
48 21 0 12.8494 64.0601
48 22 0 11.5026 65.2856
48 23 0 84.1369 34.3448
48 24 0 83.5883 41.8894
48 25 0 16.0073 93.2227
48 26 0 52.4728 95.1119
48 27 0 4.83858 57.1358
48 28 0 91.4797 24.0748
48 29 0 28.9951 2.78325
48 30 0 69.1757 87.5646
48 31 0 84.2071 85.2261
48 32 0 34.7922 24.7214
48 33 0 11.4454 18.6008
48 34 0 9.4494 10.4055
48 35 0 53.0561 58.5623
48 36 0 73.9716 61.2196
48 37 0 23.1918 58.0448
48 38 0 68.5508 81.5404
48 39 0 33.5868 94.4746
48 40 0 35.4382 0.628382
48 41 0 21.5656 23.7855
48 42 0 82.8233 93.8782
48 43 0 28.5608 92.1405
48 44 0 22.6639 71.0895
48 45 0 92.7876 92.1094
48 46 0 57.1442 60.4239
48 47 0 41.2136 48.8448
48 49 1 88.8171 34.0516
48 50 0 36.0446 98.4706
48 51 0 62.4767 78.1308
48 52 0 10.0044 82.1361
48 53 0 14.2529 88.8316
48 54 0 44.6129 63.3478
48 55 0 40.0562 32.409
48 56 0 12.3588 35.425
48 57 0 97.8773 82.0022
48 58 0 10.8113 33.0903
48 59 0 60.8418 80.1087
48 60 0 40.9471 71.8113
49 1 0 40.045 44.2499
49 2 0 58.7292 58.9015
49 3 0 21.309 35.199
49 4 0 45.0621 86.3626
49 5 0 74.3654 87.2371
49 6 0 42.6842 44.3675
49 7 0 77.1775 6.37581
49 8 0 31.0115 42.9008
49 9 0 16.494 95.9047
49 10 0 52.4409 93.7443
49 11 0 48.1015 7.46251
49 12 0 93.8324 77.3041
49 13 0 63.5695 44.3538
49 14 0 77.763 98.4933
49 15 0 88.5341 88.6638
49 16 0 2.34852 48.1663
49 17 0 36.2363 82.1153
49 18 0 71.5679 96.6564
49 19 0 12.7642 12.5528
49 20 0 23.4887 51.8756
49 21 0 14.2356 12.3541
49 22 0 62.7133 42.9631
49 23 0 9.69671 49.5039
49 24 0 52.0601 25.4475
49 25 0 11.2281 50.3402
49 26 0 74.9241 24.0324
49 27 0 21.878 95.5253
49 28 0 21.8336 91.8338
49 29 0 34.6106 74.6386
49 30 0 68.0665 71.7432
49 31 0 80.8892 37.1099
49 32 0 13.8233 5.36945
49 33 0 57.3954 62.1779
49 34 0 92.6301 22.4182
49 35 0 57.4357 56.448
49 36 0 17.6555 58.2261
49 37 1 28.6494 63.3479
49 38 0 91.9515 31.444
49 39 0 35.9977 3.77218
49 40 0 18.9099 44.7716
49 41 0 84.7753 69.812
49 42 0 21.4448 71.6383
49 43 0 58.1526 87.8209
49 44 0 12.6702 73.9052
49 45 0 40.6924 85.5639
49 46 0 3.04567 85.0538
49 47 0 1.39038 86.7203
49 48 0 21.0608 8.67445
49 50 1 19.2676 35.2863
49 51 0 77.0495 24.9625
49 52 0 72.6092 43.0335
49 53 0 71.5456 59.7823
49 54 0 93.1375 76.8991
49 55 0 37.1612 74.2292
49 56 0 69.064 56.0235
49 57 0 64.3976 4.58884
49 58 0 44.1527 3.12166
49 59 0 0.453494 6.11623
49 60 0 68.4939 13.3507
50 1 0 19.021 50.6708
50 2 0 9.85603 18.7402
50 3 0 92.1742 10.4268
50 4 0 30.2385 13.3075
50 5 0 90.6192 21.3904
50 6 0 43.4582 94.3652
50 7 0 30.078 21.2487
50 8 0 72.5153 34.5164
50 9 0 58.3664 65.868
50 10 0 65.2061 24.6232
50 11 0 44.3885 43.6
50 12 0 36.9265 84.6122
50 13 0 19.0724 91.5639
50 14 0 13.5702 27.3449
50 15 0 71.6731 48.1547
50 16 0 50.5828 60.5907
50 17 0 50.1156 76.702
50 18 0 89.9071 29.8887
50 19 0 64.0131 82.7061
50 20 0 15.1693 96.3046
50 21 0 22.5007 17.7394
50 22 0 66.6439 79.4658
50 23 0 17.0294 98.9967
50 24 0 48.2055 29.9384
50 25 0 10.9597 8.99063
50 26 0 74.2701 15.1317
50 27 0 88.959 38.0576
50 28 0 62.9493 0.667821
50 29 0 88.9184 84.9165
50 30 0 2.04063 53.7624
50 31 0 24.2945 32.279
50 32 0 59.1042 72.2974
50 33 0 33.594 39.9555
50 34 0 4.60894 45.3899
50 35 0 41.26 65.8171
50 36 0 68.2888 6.19539
50 37 0 64.3444 91.8142
50 38 0 96.8547 85.451
50 39 0 0.113625 83.0135
50 40 0 92.6978 5.46988
50 41 0 57.76 10.9611
50 42 0 71.0444 81.0518
50 43 0 69.4645 55.7307
50 44 0 28.7092 8.3748
50 45 0 29.0706 76.1783
50 46 0 77.3623 1.60106
50 47 0 50.3694 67.4233
50 48 0 68.4693 65.6459
50 49 0 1.13323 57.7774
50 51 1 15.8968 59.3834
50 52 0 36.7857 61.0818
50 53 0 80.4362 21.8618
50 54 0 86.1094 45.4422
50 55 0 71.0665 56.3554
50 56 0 28.1114 23.3544
50 57 0 1.89527 25.9572
50 58 0 4.66045 74.8355
50 59 0 54.5693 6.30693
50 60 0 69.1369 9.75251
51 1 0 16.3436 86.6885
51 2 0 68.9659 99.2216
51 3 0 80.4984 65.515
51 4 0 68.4704 32.348
51 5 0 68.5193 55.3047
51 6 0 93.1633 88.7493
51 7 0 30.9168 18.1069
51 8 0 28.6422 40.1354
51 9 0 25.8822 0.634043
51 10 0 86.3809 40.6948
51 11 0 81.2528 62.733
51 12 0 58.2565 18.9906
51 13 0 18.137 43.289
51 14 0 36.838 33.273
51 15 0 9.35732 74.6076
51 16 0 53.902 7.29898
51 17 0 16.6348 73.9249
51 18 0 70.0663 34.2731
51 19 0 36.8875 32.5897
51 20 0 4.76151 80.7657
51 21 0 47.0826 72.7904
51 22 0 57.2545 17.4975
51 23 0 95.3156 6.24564
51 24 0 30.313 75.3726
51 25 0 1.77031 10.3672
51 26 0 4.16773 54.9854
51 27 0 55.6523 30.703
51 28 0 70.5914 10.5656
51 29 0 59.2161 3.62284
51 30 0 87.2326 55.2123
51 31 0 71.6338 89.1317
51 32 0 84.0608 25.0971
51 33 0 49.8004 88.6064
51 34 0 48.9193 78.4427
51 35 0 21.717 95.1183
51 36 0 91.7548 32.2211
51 37 0 71.3528 29.2851
51 38 0 33.5471 36.6018
51 39 0 43.8005 47.7067
51 40 0 50.4659 60.8592
51 41 0 43.0457 31.43
51 42 0 46.0523 27.4155
51 43 0 58.7908 87.1282
51 44 0 9.85501 39.566
51 45 0 75.9247 70.5485
51 46 0 89.5367 6.24498
51 47 0 36.5736 88.0091
51 48 0 44.2289 64.3008
51 49 0 58.152 18.9527
51 50 0 61.2366 37.3048
51 52 1 66.3832 26.559
51 53 0 95.643 96.0176
51 54 0 17.4889 6.74882
51 55 0 29.9672 27.8525
51 56 0 35.8456 1.78861
51 57 0 74.4278 7.83205
51 58 0 75.3874 73.1024
51 59 0 24.9214 52.8519
51 60 0 72.0873 8.36434
52 1 0 71.2588 90.8182
52 2 0 10.1293 22.6215
52 3 0 3.10733 17.7003
52 4 0 57.2159 81.7192
52 5 0 80.4559 17.9553
52 6 0 68.3164 38.3937
52 7 1 35.5787 27.6508
52 8 0 7.66771 31.5644
52 9 0 26.63 73.957
52 10 0 53.6426 82.0842
52 11 0 74.2241 83.6539
52 12 0 68.0047 52.4825
52 13 0 44.2779 88.4914
52 14 0 8.32275 47.8783
52 15 0 45.7441 66.9127
52 16 0 87.5028 64.4686
52 17 0 54.7019 91.1892
52 18 0 66.7423 93.0594
52 19 0 19.7827 41.8607
52 20 0 6.98913 82.3069
52 21 0 59.6984 73.0887
52 22 0 22.9652 62.1141
52 23 0 80.7621 76.3
52 24 0 3.09658 53.5255
52 25 0 51.1863 68.5951
52 26 0 97.2785 57.6547
52 27 0 68.7661 84.091
52 28 0 54.2371 68.9873
52 29 0 50.6175 27.4204
52 30 0 75.3223 73.8601
52 31 0 47.1399 69.663
52 32 0 96.9243 83.1511
52 33 0 42.3257 58.8971
52 34 0 60.2046 15.8124
52 35 0 45.9622 71.831
52 36 0 50.7947 75.4297
52 37 0 68.8347 85.7129
52 38 0 68.5948 67.9376
52 39 0 27.7191 4.79656
52 40 0 21.1678 54.0696
52 41 0 74.428 75.927
52 42 0 38.4018 45.5628
52 43 0 22.627 58.1236
52 44 0 86.8435 77.1884
52 45 0 33.0716 64.1162
52 46 0 43.3783 2.3408
52 47 0 54.6463 3.3433
52 48 0 72.9142 31.3139
52 49 0 5.91195 66.8508
52 50 0 26.9277 58.1205
52 51 0 80.2924 58.0594
52 53 1 12.7625 75.312
52 54 0 52.2139 3.71239
52 55 0 71.5779 83.6778
52 56 0 9.2383 47.6038
52 57 0 11.3789 5.10845
52 58 0 63.1791 0.019223
52 59 0 46.1254 60.8725
52 60 0 99.1118 26.2382
53 1 0 59.9723 20.8525
53 2 0 39.9476 16.8039
53 3 0 62.1214 5.72416
53 4 0 54.7215 18.8661
53 5 0 6.14951 53.5064
53 6 0 65.5446 92.6259
53 7 0 42.4248 52.0304
53 8 0 71.9882 1.41439
53 9 0 54.8203 81.9609
53 10 0 77.9758 23.0811
53 11 0 4.70119 50.041
53 12 0 38.4836 63.5494
53 13 0 3.58769 94.1965
53 14 0 34.5466 61.1039
53 15 0 78.3986 17.6043
53 16 0 99.273 82.2635
53 17 0 41.599 55.1024
53 18 0 77.2455 87.6111
53 19 0 84.3003 71.6074
53 20 0 25.5145 6.02996
53 21 0 8.00338 2.85898
53 22 0 26.5457 74.7519
53 23 0 21.8529 67.5656
53 24 0 74.0171 84.4434
53 25 0 64.8199 74.4248
53 26 0 93.305 94.0746
53 27 0 66.3777 19.8204
53 28 0 68.0895 50.9066
53 29 0 84.9246 84.839
53 30 0 47.9534 19.0483
53 31 0 12.8554 48.2767
53 32 0 80.8548 24.5861
53 33 0 94.9148 6.65109
53 34 0 71.7601 74.653
53 35 0 53.7292 45.2355
53 36 0 27.8922 0.134352
53 37 0 20.0152 11.8519
53 38 0 95.126 66.543
53 39 0 0.432555 11.0501
53 40 0 81.1849 16.2705
53 41 0 42.042 80.2602
53 42 0 87.9704 3.30855
53 43 0 7.0715 99.5604
53 44 0 81.735 85.0907
53 45 0 56.5194 69.8858
53 46 0 87.7434 0.0237735
53 47 0 80.6376 56.6202
53 48 0 27.4756 91.4341
53 49 0 30.6477 79.197
53 50 0 71.9229 75.9614
53 51 0 83.0177 89.2961
53 52 0 75.4384 41.9825
53 54 1 71.4031 73.0639
53 55 0 69.9449 82.2001
53 56 0 49.8692 33.0162
53 57 0 68.5453 10.5648
53 58 0 28.4853 3.43626
53 59 0 75.4198 83.4454
53 60 0 93.3073 74.77
54 1 0 56.2495 62.0619
54 2 0 64.4036 21.0912
54 3 0 78.7503 69.9123
54 4 0 68.3002 47.575
54 5 0 88.655 15.9848
54 6 0 50.7686 53.2026
54 7 0 26.8194 3.69144
54 8 0 21.2932 30.7474
54 9 0 96.2792 72.2645
54 10 0 64.6244 0.930447
54 11 0 24.9764 92.7643
54 12 0 73.853 56.7652
54 13 0 80.3519 90.1741
54 14 0 77.8229 72.7399
54 15 0 96.522 55.1338
54 16 0 52.7657 10.4267
54 17 0 9.38132 0.180326
54 18 0 53.6171 34.5444
54 19 0 74.3634 23.5061
54 20 0 92.4684 56.9116
54 21 0 45.6878 21.94
54 22 0 33.3457 96.6707
54 23 0 53.1905 73.4961
54 24 0 45.011 90.915
54 25 0 2.09149 87.572
54 26 0 42.121 46.4087
54 27 0 83.0714 36.9404
54 28 0 75.1945 92.134
54 29 0 84.2859 38.4091
54 30 0 36.0945 62.9663
54 31 0 55.0958 89.5948
54 32 0 56.7138 41.0961
54 33 0 93.7378 38.9308
54 34 0 53.0197 18.9117
54 35 0 64.656 53.7068
54 36 0 33.0012 8.75353
54 37 0 51.6961 13.416
54 38 0 85.6182 29.4785
54 39 0 52.631 89.2042
54 40 0 43.274 47.4972
54 41 0 98.7646 42.9488
54 42 0 32.9915 84.8583
54 43 0 18.5663 42.8778
54 44 0 15.1157 91.057
54 45 0 40.8545 3.02963
54 46 0 70.7229 36.163
54 47 0 50.9252 95.5556
54 48 0 69.1897 5.24904
54 49 0 64.9066 41.5059
54 50 0 84.5671 77.3373
54 51 0 5.75767 0.391072
54 52 0 57.0331 43.068
54 53 0 51.5285 66.0809
54 55 1 48.9325 44.7883
54 56 0 0.558616 2.1417
54 57 0 99.6667 79.0752
54 58 0 39.9124 53.5372
54 59 0 24.9335 99.1458
54 60 0 50.4012 67.409
55 1 0 7.27784 13.6479
55 2 0 76.3417 42.6289
55 3 0 40.411 16.5594
55 4 1 46.8517 39.6508
55 5 0 88.4988 13.2473
55 6 1 31.6362 32.2057
55 7 0 8.06828 60.0702
55 8 0 34.4631 38.0171
55 9 0 94.4979 81.3619
55 10 0 92.8104 71.6904
55 11 0 40.0598 50.779
55 12 0 94.6946 87.3368
55 13 0 70.5144 95.3399
55 14 0 20.0177 31.2979
55 15 0 33.3107 99.8213
55 16 0 32.858 82.8484
55 17 0 68.4769 55.3655
55 18 0 69.6931 81.6316
55 19 0 78.447 27.3055
55 20 0 16.0579 76.0667
55 21 0 3.58619 21.4482
55 22 0 7.79842 46.665
55 23 0 43.7801 81.1865
55 24 0 32.0369 26.827
55 25 0 92.0093 16.0432
55 26 0 34.8792 82.1016
55 27 0 12.1539 59.4524
55 28 0 73.2043 96.6277
55 29 0 0.145952 9.70984
55 30 0 69.5968 20.6067
55 31 0 86.219 76.167
55 32 0 18.6938 38.7562
55 33 0 9.19625 21.1849
55 34 0 41.7937 22.9736
55 35 0 39.4517 57.7977
55 36 0 14.8786 80.8402
55 37 0 73.1088 55.4006
55 38 0 43.6413 24.3624
55 39 0 78.5804 36.6502
55 40 0 83.2397 43.7515
55 41 1 87.844 38.9276
55 42 0 43.5612 70.8298
55 43 0 91.3481 28.4143
55 44 0 61.7719 63.7788
55 45 0 98.3089 49.3811
55 46 0 14.2528 39.4116
55 47 0 41.0262 82.3576
55 48 0 15.1969 64.6154
55 49 0 23.1425 73.4519
55 50 0 36.0994 20.6484
55 51 0 99.5133 36.3858
55 52 0 56.4243 58.7002
55 53 0 68.0495 80.4087
55 54 0 99.66 28.9056
55 56 1 59.2005 96.9226
55 57 0 44.2927 32.5416
55 58 0 26.6517 93.3559
55 59 0 71.8946 7.64224
55 60 0 28.0235 43.6808
56 1 0 39.5714 81.9231
56 2 0 1.35902 28.8353
56 3 0 80.0187 85.5263
56 4 0 88.1097 24.6629
56 5 0 82.2107 97.3915
56 6 0 84.9835 48.5168
56 7 0 11.8686 6.88636
56 8 0 20.3156 65.966
56 9 0 58.3905 33.5951
56 10 0 17.1217 22.3921
56 11 0 76.3725 40.9726
56 12 0 21.6811 90.0708
56 13 0 67.155 29.7459
56 14 0 27.8211 95.2377
56 15 0 38.7926 41.1703
56 16 0 87.6005 94.8563
56 17 0 67.7887 15.2966
56 18 0 37.8578 50.2231
56 19 0 59.9542 59.5362
56 20 0 85.3309 90.3074
56 21 0 7.2554 49.5471
56 22 0 92.2222 15.0779
56 23 0 13.8981 52.0912
56 24 0 82.9582 97.0398
56 25 0 24.5259 27.3109
56 26 0 77.7827 17.9622
56 27 0 40.4041 90.6565
56 28 0 16.6496 44.0867
56 29 0 18.5304 73.8789
56 30 0 22.791 82.1382
56 31 0 25.974 20.4852
56 32 0 75.8708 96.9826
56 33 0 44.3367 51.2166
56 34 0 63.8746 66.3266
56 35 0 38.1358 37.3328
56 36 0 67.5327 86.3309
56 37 0 28.5724 59.6621
56 38 0 24.6443 48.3067
56 39 0 71.9355 25.7707
56 40 0 75.8993 97.2807
56 41 0 32.7549 61.5665
56 42 0 35.834 72.1232
56 43 0 94.0669 63.2893
56 44 0 64.5254 34.6452
56 45 0 41.1668 39.1538
56 46 0 55.2141 38.9736
56 47 0 25.4389 89.0492
56 48 0 19.1487 91.1124
56 49 0 71.0143 79.9005
56 50 0 74.791 24.2747
56 51 0 63.5033 81.2159
56 52 0 14.9096 37.5541
56 53 0 78.9456 50.1151
56 54 0 70.076 48.144
56 55 0 64.0468 74.7878
56 57 1 11.9142 37.6796
56 58 0 41.5403 54.9251
56 59 0 85.6599 17.1713
56 60 0 10.3166 97.1012
57 1 0 25.3356 11.4551
57 2 0 49.9795 77.713
57 3 0 86.3194 17.3006
57 4 0 49.406 26.4018
57 5 0 79.144 58.161
57 6 0 18.9717 63.3441
57 7 0 4.81133 39.469
57 8 0 61.3519 26.221
57 9 0 29.7323 21.0784
57 10 0 83.9806 15.8899
57 11 0 38.5153 49.314
57 12 0 91.1871 8.53571
57 13 0 65.2275 13.9547
57 14 0 94.6275 28.8967
57 15 0 58.9406 38.8954
57 16 0 73.5597 21.9128
57 17 0 35.0001 72.2852
57 18 0 39.8381 59.6808
57 19 0 57.529 26.2592
57 20 0 48.3367 88.4573
57 21 0 35.9383 84.4543
57 22 0 42.82 57.5815
57 23 0 14.8955 64.0082
57 24 0 48.1418 86.0845
57 25 0 87.6294 53.1235
57 26 0 50.5699 81.3
57 27 0 22.6176 2.7855
57 28 0 62.0196 0.786983
57 29 0 76.2335 84.8564
57 30 0 0.653538 50.9668
57 31 0 2.31868 98.4829
57 32 0 98.7625 35.2314
57 33 0 89.2833 55.506
57 34 0 22.5682 95.8961
57 35 0 77.3898 62.8876
57 36 0 84.4588 78.8868
57 37 0 72.7278 97.3069
57 38 0 94.7666 75.6719
57 39 0 60.323 61.8819
57 40 0 89.9675 18.4364
57 41 0 77.3495 94.4911
57 42 0 90.0931 5.32461
57 43 0 56.4943 23.042
57 44 0 7.59134 75.8362
57 45 0 90.6149 55.2941
57 46 0 12.7125 5.97997
57 47 0 0.457442 9.51142
57 48 0 0.545574 34.5072
57 49 0 8.85384 17.8144
57 50 0 37.2825 94.842
57 51 0 87.2781 9.94285
57 52 0 95.1124 26.1144
57 53 0 46.3012 60.7555
57 54 0 4.61863 27.7679
57 55 0 66.2983 34.0957
57 56 0 81.7864 52.4354
57 58 1 54.0954 46.2902
57 59 0 85.1461 86.9675
57 60 0 80.952 96.8512
58 1 0 14.9537 2.76152
58 2 0 3.85011 80.6864
58 3 0 20.2861 48.574
58 4 0 26.8202 12.6523
58 5 0 67.6789 36.2011
58 6 0 48.5484 4.9998
58 7 0 88.2205 16.6018
58 8 0 6.47372 31.6477
58 9 0 88.8829 69.1443
58 10 0 23.7915 84.4289
58 11 0 13.8686 32.6376
58 12 0 54.9766 29.1302
58 13 0 87.9832 32.702
58 14 0 53.5486 65.6897
58 15 0 72.2439 55.4316
58 16 0 54.0041 93.9142
58 17 0 42.0055 40.7883
58 18 0 82.8108 89.9722
58 19 0 52.1559 17.9302
58 20 0 3.72924 69.6572
58 21 0 90.9158 91.1451
58 22 0 90.0523 22.6714
58 23 0 2.44196 58.3576
58 24 0 6.40738 46.7888
58 25 0 64.3276 83.3184
58 26 0 8.3751 2.45046
58 27 0 27.3462 28.4585
58 28 0 29.3035 46.484
58 29 0 55.7645 70.7928
58 30 0 10.7079 53.9027
58 31 0 67.0892 3.21852
58 32 0 3.32696 47.5974
58 33 0 24.1225 35.5106
58 34 0 91.5478 58.2286
58 35 0 27.08 60.366
58 36 0 67.3946 47.1454
58 37 0 5.03955 91.3284
58 38 0 99.7488 42.197
58 39 0 69.4697 92.9155
58 40 0 57.2139 58.7764
58 41 0 58.3946 91.0923
58 42 0 57.9768 88.4593
58 43 0 16.2576 30.5267
58 44 1 48.6923 99.0015
58 45 0 16.1792 99.0156
58 46 0 27.1564 29.1383
58 47 0 86.0674 54.2351
58 48 0 34.0407 99.3232
58 49 0 84.015 27.5767
58 50 0 41.671 72.1169
58 51 0 67.2304 78.6052
58 52 0 35.4739 1.55504
58 53 0 84.351 47.9145
58 54 0 6.3426 3.97208
58 55 0 32.788 24.2572
58 56 0 93.8601 4.28752
58 57 0 61.0037 77.4966
58 59 1 94.7518 62.7271
58 60 0 32.18 90.6436
59 1 0 30.0311 92.888
59 2 0 1.4492 63.473
59 3 0 64.207 19.6266
59 4 0 7.96292 1.93339
59 5 0 92.3978 67.0251
59 6 0 63.3656 62.9621
59 7 0 94.4396 45.006
59 8 0 47.4055 17.6605
59 9 0 17.6155 75.6899
59 10 0 63.5991 79.4
59 11 0 84.8763 99.0818
59 12 0 22.904 73.1788
59 13 0 78.6615 25.1859
59 14 0 21.6788 15.4177
59 15 0 22.1116 25.8677
59 16 0 92.8838 84.3648
59 17 0 31.486 13.759
59 18 0 44.4128 19.5201
59 19 0 88.4286 15.6501
59 20 0 32.996 39.4355
59 21 0 50.5646 22.632
59 22 0 65.2659 85.9925
59 23 0 1.83254 76.2103
59 24 0 64.5502 91.8767
59 25 0 21.7706 91.1671
59 26 0 18.4336 66.4885
59 27 1 31.6119 60.3515
59 28 0 54.1732 88.743
59 29 0 56.7326 67.7786
59 30 0 40.8834 36.5403
59 31 0 0.0501858 56.7913
59 32 0 98.9768 35.7644
59 33 0 51.6253 59.614
59 34 0 88.9285 31.9862
59 35 0 81.8858 57.105
59 36 0 3.50999 31.8889
59 37 0 10.6415 30.2366
59 38 0 4.22473 82.3945
59 39 0 90.2002 0.651646
59 40 0 69.0749 31.5976
59 41 0 66.5829 26.9201
59 42 0 43.4729 74.2727
59 43 0 17.6278 15.4986
59 44 0 52.8996 52.2094
59 45 0 23.9049 8.4815
59 46 0 13.5242 47.3098
59 47 0 43.7539 91.6509
59 48 0 39.1076 71.3831
59 49 0 75.9985 19.5989
59 50 0 0.137604 83.4209
59 51 0 71.2256 3.51821
59 52 0 53.7035 75.9255
59 53 0 78.5845 65.3636
59 54 0 97.5259 27.2768
59 55 0 88.5062 77.3274
59 56 0 25.7901 83.6951
59 57 0 9.37078 69.2857
59 58 0 46.9823 93.4388
59 60 1 70.3586 85.1659
60 1 1 58.651 56.9088
60 2 0 86.0638 86.5429
60 3 0 99.4224 25.4427
60 4 0 0.974455 99.4247
60 5 0 11.3857 48.3082
60 6 0 94.8009 66.0799
60 7 0 16.8 58.9016
60 8 0 11.5958 16.2323
60 9 0 71.8101 54.4717
60 10 1 73.8327 4.34778
60 11 0 87.2083 80.8547
60 12 0 28.5472 71.6218
60 13 0 46.0977 45.9509
60 14 0 35.2229 41.7885
60 15 0 48.3491 54.7206
60 16 0 74.4265 85.8285
60 17 0 8.65827 15.5695
60 18 0 45.2058 30.1788
60 19 0 12.9429 46.4273
60 20 0 13.8118 96.0112
60 21 0 73.8841 93.6213
60 22 0 8.68518 96.7026
60 23 0 71.8256 19.3129
60 24 0 28.8813 25.6541
60 25 0 27.6976 77.0589
60 26 0 48.066 30.7603
60 27 0 71.7801 82.1205
60 28 0 36.5294 87.8054
60 29 0 30.8664 91.9473
60 30 0 49.3665 91.5947
60 31 0 39.8741 55.7005
60 32 0 90.502 53.6282
60 33 0 77.6669 8.11512
60 34 0 66.5801 75.9782
60 35 0 94.995 69.7474
60 36 0 12.7816 26.5006
60 37 0 70.8965 76.9959
60 38 0 63.3007 51.6818
60 39 0 2.52872 14.9626
60 40 0 29.9382 80.4357
60 41 0 84.2451 73.1437
60 42 0 41.6606 40.9609
60 43 0 81.0562 60.9183
60 44 0 37.056 41.3536
60 45 0 94.4478 14.6832
60 46 0 93.834 37.3604
60 47 0 7.64584 56.0029
60 48 0 83.9672 90.7679
60 49 0 86.2553 57.5836
60 50 0 19.4638 42.4178
60 51 0 0.163795 62.5071
60 52 0 69.6197 62.944
60 53 0 32.8975 60.7203
60 54 0 82.9047 80.9878
60 55 0 11.5595 15.805
60 56 0 11.1935 15.3499
60 57 0 43.8644 56.6742
60 58 0 72.3909 11.5755
60 59 0 58.2724 12.7943
29.4035 16.732 9.36862 31.4173 4.16504 20.9329 39.4148 23.2772 28.8157 29.6604 9.76491 1.80757 24.7004 33.179 29.3224 38.8945 19.5764 5.71367 14.9891 26.5344 15.2997 4.33228 21.7886 1.8319 37.103 25.2842 18.1218 39.1941 28.0252 34.3822 5.22058 12.5854 12.6189 17.7133 17.1037 22.0457 13.5263 26.6013 30.1441 28.8205 10.4592 20.2934 1.67428 16.4213 29.0087 4.54482 35.4813 15.3384 31.4009 19.8026 18.7191 7.69614 20.8169 7.5513 4.85215 1.3824 34.7618 10.5036 24.8615 30.3136 