60
300
5
100
1 2 1 24.1095 31.2186
1 3 0 75.9037 51.8816
1 4 0 92.6901 3.95791
1 5 0 53.5668 28.6699
1 6 1 16.5644 2.07267
1 7 0 28.0716 6.1004
1 8 0 70.3706 15.3205
1 9 0 82.2703 3.68477
1 10 0 95.0436 76.6387
1 11 0 42.8091 84.3284
1 12 0 12.1772 55.8232
1 13 0 31.1375 82.7265
1 14 0 88.8983 1.43263
1 15 0 73.6273 76.3537
1 16 0 42.6712 45.8917
1 17 0 56.03 32.1519
1 18 0 21.0562 6.75921
1 19 0 23.2905 38.5936
1 20 0 61.8528 81.2982
1 21 0 97.6617 3.34559
1 22 0 97.8028 52.3916
1 23 0 9.60174 35.3136
1 24 0 96.3999 47.9798
1 25 0 11.5223 68.9508
1 26 0 85.2588 26.8513
1 27 0 47.2095 87.8152
1 28 0 72.4848 54.8182
1 29 1 83.9455 78.1819
1 30 0 66.1338 20.8228
1 31 0 72.8607 20.6544
1 32 0 62.9477 33.3011
1 33 0 77.5537 21.2773
1 34 0 60.2912 91.7319
1 35 0 4.463 18.1355
1 36 0 2.26338 20.7907
1 37 0 45.1399 66.4127
1 38 0 97.5127 81.4076
1 39 0 76.4197 68.4724
1 40 0 19.2077 12.1961
1 41 0 31.5561 29.9739
1 42 0 10.4848 92.228
1 43 0 81.9307 99.0839
1 44 0 62.6171 96.7585
1 45 0 24.7111 96.183
1 46 0 62.6408 2.86433
1 47 1 44.0996 29.3357
1 48 0 58.5392 38.0999
1 49 0 37.3627 57.6765
1 50 0 19.2375 92.2947
1 51 0 42.0378 45.6313
1 52 0 72.082 0.0845646
1 53 0 71.8584 83.2608
1 54 0 42.6588 80.0146
1 55 0 3.23102 20.9159
1 56 0 77.7874 23.8598
1 57 0 39.492 34.7689
1 58 0 8.28755 54.0536
1 59 0 29.7532 84.5255
1 60 1 92.3913 30.3197
2 1 0 13.924 64.1698
2 3 1 67.9086 12.7818
2 4 0 6.32307 67.1954
2 5 0 47.4077 6.21711
2 6 0 92.8698 16.358
2 7 0 85.3793 3.9343
2 8 0 8.51389 29.9453
2 9 0 17.3125 48.3245
2 10 0 91.2414 79.3345
2 11 0 93.3018 76.3003
2 12 0 22.0066 45.3085
2 13 0 81.4322 79.9308
2 14 0 80.6297 84.5966
2 15 0 55.0589 23.7073
2 16 0 81.8011 4.47631
2 17 1 74.994 94.8066
2 18 0 3.82504 40.8034
2 19 0 71.4303 30.0293
2 20 0 87.4445 14.0298
2 21 0 23.9299 59.6054
2 22 0 9.26846 74.859
2 23 0 89.9457 2.87075
2 24 0 20.1097 96.5229
2 25 0 62.5396 96.6867
2 26 0 30.6086 93.5164
2 27 0 80.4775 7.90028
2 28 0 24.9851 7.01837
2 29 0 85.0386 59.1918
2 30 0 6.26436 52.3477
2 31 0 43.3881 29.0923
2 32 0 80.5124 88.5187
2 33 0 45.2208 99.1244
2 34 0 39.4895 25.323
2 35 0 35.607 58.065
2 36 1 67.9219 59.7223
2 37 0 91.689 92.8488
2 38 0 64.2952 13.1826
2 39 0 36.3127 33.0513
2 40 0 51.9849 37.7799
2 41 0 75.3335 2.42472
2 42 0 29.472 35.2706
2 43 0 6.87483 33.3678
2 44 0 56.0123 92.0057
2 45 0 24.0093 32.3252
2 46 0 26.7369 81.6456
2 47 0 93.8503 59.8308
2 48 0 44.8076 92.9156
2 49 0 8.00725 16.871
2 50 0 52.6257 91.3188
2 51 0 84.9689 81.4812
2 52 0 67.0468 91.429
2 53 0 9.96119 68.9282
2 54 0 88.0098 74.526
2 55 0 24.1769 9.36724
2 56 0 49.7563 36.6371
2 57 0 71.1723 77.187
2 58 1 71.2921 15.4335
2 59 0 96.2797 90.1108
2 60 0 65.2998 72.7015
3 1 0 42.9186 57.7862
3 2 0 98.1463 27.6785
3 4 1 73.6157 12.8886
3 5 0 56.7679 8.82862
3 6 0 0.289637 62.6702
3 7 0 75.4546 89.8457
3 8 0 72.449 82.597
3 9 0 65.7722 76.8122
3 10 0 35.2668 92.9975
3 11 0 33.5923 81.8957
3 12 0 29.9451 68.5272
3 13 0 50.6189 87.7271
3 14 0 94.3973 64.9056
3 15 0 5.74748 37.9464
3 16 0 97.6005 39.9973
3 17 0 27.975 16.3167
3 18 0 54.142 55.1597
3 19 0 80.285 36.2979
3 20 1 45.1305 19.1226
3 21 0 93.9785 79.3541
3 22 0 84.5861 91.9241
3 23 0 35.2077 6.427
3 24 0 84.8961 79.0467
3 25 0 7.40281 63.9745
3 26 0 95.9716 9.12217
3 27 0 3.92143 81.2558
3 28 0 38.4104 18.6422
3 29 0 77.7981 45.2258
3 30 0 3.63372 90.7534
3 31 1 96.3 18.866
3 32 0 34.3307 12.338
3 33 0 48.3415 90.9227
3 34 0 35.1399 21.9001
3 35 0 18.9743 91.3874
3 36 0 40.6638 21.2147
3 37 0 53.5448 74.5908
3 38 0 53.456 7.19444
3 39 0 49.8036 29.1295
3 40 0 57.801 9.41707
3 41 0 33.2854 47.7195
3 42 0 12.9028 98.708
3 43 0 69.4354 94.6931
3 44 0 72.5415 30.3334
3 45 0 71.9948 50.5317
3 46 0 50.1797 52.6631
3 47 0 59.8313 32.7649
3 48 0 23.0129 50.2286
3 49 0 68.8187 79.5237
3 50 0 85.753 66.0496
3 51 0 1.37657 19.8761
3 52 0 27.0128 69.8919
3 53 0 6.26248 21.2208
3 54 0 36.0584 91.954
3 55 0 61.4612 36.6734
3 56 0 9.87247 30.8331
3 57 0 29.9256 21.8024
3 58 0 75.0973 67.43
3 59 0 92.3026 27.137
3 60 0 17.6857 42.4682
4 1 0 17.7558 12.6607
4 2 0 51.6733 98.1543
4 3 0 72.1669 81.2058
4 5 1 61.2975 54.4377
4 6 0 53.6665 9.68232
4 7 0 49.5477 86.6536
4 8 0 48.0155 69.06
4 9 0 90.3097 71.0042
4 10 0 59.4972 18.4109
4 11 0 24.8482 74.6363
4 12 0 26.5283 72.7015
4 13 0 83.9816 21.5963
4 14 0 24.5765 35.9338
4 15 0 25.5227 22.8976
4 16 0 60.5129 55.6873
4 17 0 44.8816 41.5005
4 18 0 54.4597 84.3556
4 19 0 23.2219 79.9354
4 20 0 14.0151 99.356
4 21 1 27.8863 99.2562
4 22 0 51.2773 95.9386
4 23 0 95.2288 26.4962
4 24 0 65.5032 81.4651
4 25 0 97.8196 8.26601
4 26 0 63.8309 93.833
4 27 0 96.7555 43.3344
4 28 0 40.8161 69.1562
4 29 0 98.0752 32.5897
4 30 0 70.3388 75.6555
4 31 0 4.8923 36.8838
4 32 0 30.4495 9.90521
4 33 0 10.1477 98.6007
4 34 0 73.4819 40.4203
4 35 0 10.4007 34.2265
4 36 0 73.3932 63.3286
4 37 0 19.2979 96.0272
4 38 0 77.658 93.1491
4 39 0 52.8259 95.8424
4 40 0 40.4796 91.6999
4 41 0 13.8628 99.8399
4 42 0 74.3842 75.495
4 43 0 33.3619 64.6169
4 44 0 96.8542 52.6204
4 45 0 23.4314 34.7672
4 46 0 55.7134 16.8678
4 47 0 66.8326 35.4627
4 48 0 17.0218 15.1085
4 49 0 73.6357 64.1518
4 50 0 44.9225 5.79528
4 51 0 53.1723 48.5034
4 52 0 48.9726 87.2661
4 53 0 35.3148 81.6218
4 54 0 46.6028 14.1776
4 55 1 91.8119 98.7865
4 56 0 44.55 8.17164
4 57 0 99.4062 83.0245
4 58 0 45.6787 92.1711
4 59 0 41.6296 96.1866
4 60 1 12.0929 8.62118
5 1 0 40.6398 1.53659
5 2 0 61.48 34.1987
5 3 1 17.4245 69.4742
5 4 0 86.5861 43.4797
5 6 1 75.8458 16.93
5 7 0 22.9207 27.975
5 8 0 98.9498 21.5038
5 9 0 68.2416 95.5858
5 10 0 82.804 18.1876
5 11 0 40.6744 23.7309
5 12 0 81.2759 76.9146
5 13 0 73.0131 40.7334
5 14 0 52.8644 70.391
5 15 0 28.4496 52.6906
5 16 0 35.0255 1.25038
5 17 0 99.4942 78.1945
5 18 0 62.712 26.8457
5 19 0 84.4484 45.1699
5 20 0 62.239 12.1867
5 21 0 3.25266 96.7142
5 22 0 42.5558 10.8862
5 23 0 31.9828 12.275
5 24 0 12.6584 75.3307
5 25 1 57.6572 18.2391
5 26 0 96.2811 64.9247
5 27 0 49.4674 4.58032
5 28 0 73.9156 81.475
5 29 0 50.7721 25.5245
5 30 0 27.3118 45.8788
5 31 0 50.1944 85.7864
5 32 0 17.4041 35.1992
5 33 0 67.3982 76.1825
5 34 0 0.349439 42.4563
5 35 0 21.1985 45.0375
5 36 0 12.8532 34.2596
5 37 0 32.6695 15.574
5 38 0 78.4633 19.3147
5 39 0 35.7978 71.2388
5 40 0 15.1097 44.913
5 41 0 95.5505 83.2255
5 42 0 58.3282 27.3563
5 43 0 76.0313 76.8153
5 44 0 17.4438 3.32629
5 45 0 23.9844 60.3693
5 46 0 78.2092 46.4379
5 47 0 33.3723 39.818
5 48 0 17.2151 43.9263
5 49 0 83.2983 27.7113
5 50 0 34.447 37.9955
5 51 0 88.1443 43.1383
5 52 0 36.3328 4.87792
5 53 0 14.7795 33.708
5 54 0 40.5307 70.2423
5 55 0 53.2313 66.6889
5 56 0 81.9048 39.5122
5 57 0 70.5846 93.2854
5 58 0 21.9041 90.3087
5 59 1 94.45 57.8395
5 60 0 98.6535 61.5769
6 1 0 48.2117 29.9892
6 2 0 22.8584 39.4321
6 3 1 40.6444 19.1769
6 4 0 13.7549 75.657
6 5 1 88.8757 90.6666
6 7 1 28.9978 79.0372
6 8 1 29.3696 17.6382
6 9 0 95.7895 63.331
6 10 0 10.3546 4.38272
6 11 1 93.5968 75.1465
6 12 0 20.7914 32.1947
6 13 0 68.2392 87.7719
6 14 0 6.53644 39.2348
6 15 0 78.7438 60.2943
6 16 0 21.9635 2.44658
6 17 0 44.9875 23.6281
6 18 0 37.1727 89.8208
6 19 0 20.6574 14.5585
6 20 0 59.4589 62.7581
6 21 0 36.2264 46.035
6 22 0 87.9872 25.5215
6 23 0 51.039 40.0008
6 24 1 14.7869 85.22
6 25 1 90.5486 1.09992
6 26 0 23.5405 72.2414
6 27 0 31.1709 69.5065
6 28 0 33.7829 83.0409
6 29 0 40.1995 21.7908
6 30 0 33.9958 66.8491
6 31 0 82.7863 67.598
6 32 1 19.5319 33.4491
6 33 0 1.6519 59.6308
6 34 0 57.8907 92.1385
6 35 0 69.561 96.6722
6 36 0 72.8292 5.41889
6 37 0 80.4378 10.7914
6 38 0 73.0964 83.4023
6 39 0 14.5687 65.7827
6 40 1 95.8182 78.7619
6 41 0 89.0101 27.8251
6 42 0 17.062 99.2058
6 43 0 33.1095 22.9072
6 44 0 77.6445 60.5169
6 45 0 11.8572 76.597
6 46 0 93.3058 70.4147
6 47 0 91.275 81.9281
6 48 1 73.3114 90.6228
6 49 0 85.0767 7.22824
6 50 0 67.4681 69.5025
6 51 0 25.9928 32.988
6 52 0 11.2938 50.4835
6 53 0 83.4577 53.4434
6 54 0 70.2825 3.63355
6 55 0 79.6225 32.5667
6 56 0 56.6957 77.7043
6 57 0 69.0057 49.3028
6 58 0 46.0217 50.9868
6 59 0 89.2121 75.9341
6 60 0 37.3999 65.6239
7 1 0 53.7945 67.8162
7 2 0 67.8241 97.0893
7 3 0 56.8698 46.8567
7 4 0 90.021 86.4163
7 5 0 10.8117 13.7207
7 6 0 40.9363 85.0579
7 8 1 57.7208 19.8847
7 9 0 30.9718 9.70033
7 10 0 97.5119 48.0449
7 11 0 12.197 40.9037
7 12 0 92.7653 48.0261
7 13 1 44.2385 36.4235
7 14 0 75.8678 86.3154
7 15 0 12.3629 52.2912
7 16 0 53.028 68.7696
7 17 0 44.9989 46.7173
7 18 0 57.7397 43.3841
7 19 0 8.35236 70.2324
7 20 0 60.5268 55.8375
7 21 0 63.4768 24.7983
7 22 0 93.4413 19.8596
7 23 0 41.0518 85.6903
7 24 0 5.78383 46.8711
7 25 0 8.8837 61.3756
7 26 0 55.0049 79.4877
7 27 0 7.19382 80.2153
7 28 1 27.2694 55.3496
7 29 0 10.2065 72.97
7 30 0 5.05117 76.6218
7 31 0 62.1662 10.5302
7 32 0 67.2482 97.6222
7 33 0 6.60623 51.8976
7 34 0 57.379 62.5427
7 35 0 32.0732 80.3075
7 36 0 15.3574 61.1407
7 37 0 84.8507 10.6179
7 38 0 27.3551 79.0914
7 39 0 69.048 15.4745
7 40 0 83.5114 66.0768
7 41 0 16.4542 28.9791
7 42 0 80.8303 19.6799
7 43 0 87.3916 55.4038
7 44 0 96.1242 91.456
7 45 0 84.9073 65.811
7 46 0 99.1233 3.99725
7 47 0 76.9949 84.718
7 48 0 31.4515 72.375
7 49 0 45.2473 0.667832
7 50 0 6.7015 4.16354
7 51 0 32.2853 88.5649
7 52 0 65.0811 98.9367
7 53 0 40.7424 88.7449
7 54 0 96.9811 98.8726
7 55 1 14.6129 51.8826
7 56 0 71.0594 34.844
7 57 0 12.7609 6.64288
7 58 1 66.2293 29.1573
7 59 0 70.3833 81.7408
7 60 0 16.4634 29.4995
8 1 0 68.4131 14.4231
8 2 0 70.8539 39.9717
8 3 0 41.1046 51.9613
8 4 0 95.033 52.9553
8 5 0 65.1615 78.8248
8 6 0 8.69251 99.2943
8 7 0 1.29451 23.0412
8 9 1 95.0739 53.3893
8 10 0 58.6267 44.6894
8 11 0 19.4708 7.12861
8 12 1 37.2495 1.03657
8 13 0 11.6444 82.8856
8 14 0 90.1331 9.71407
8 15 0 43.6897 89.4091
8 16 1 83.1058 91.1003
8 17 0 73.1165 94.169
8 18 0 16.8755 85.74
8 19 0 45.0582 9.95148
8 20 1 17.5939 20.0684
8 21 0 22.4991 17.1741
8 22 0 60.5818 55.7355
8 23 0 81.3869 21.5935
8 24 1 87.1276 81.103
8 25 0 70.1205 11.5143
8 26 0 36.2577 3.21777
8 27 0 38.8676 57.9163
8 28 0 89.6458 58.564
8 29 0 96.983 16.2513
8 30 0 19.1745 98.2233
8 31 0 53.0576 20.3975
8 32 0 10.4024 51.8411
8 33 0 47.599 8.17585
8 34 0 65.8383 65.5911
8 35 0 93.9511 22.7355
8 36 0 32.6493 20.2238
8 37 0 56.8518 92.5143
8 38 0 36.7676 41.8984
8 39 0 78.233 39.7387
8 40 0 18.2721 76.7703
8 41 0 13.3825 24.2446
8 42 0 99.7841 68.798
8 43 0 52.5126 89.1041
8 44 0 49.0099 89.6378
8 45 0 27.5868 55.286
8 46 0 59.1666 39.8139
8 47 0 18.3445 74.5841
8 48 0 52.2074 54.4644
8 49 1 10.9326 70.3082
8 50 0 9.50363 86.5803
8 51 0 97.5791 89.6176
8 52 0 50.4975 91.8231
8 53 0 22.788 43.5424
8 54 0 19.121 17.7589
8 55 0 78.4405 72.472
8 56 0 63.1554 10.8549
8 57 0 39.3028 16.9784
8 58 0 62.4266 62.2115
8 59 0 66.6195 79.7697
8 60 1 51.2813 92.7064
9 1 0 34.6083 79.6154
9 2 0 15.9554 26.7887
9 3 0 58.114 79.2257
9 4 0 43.0867 90.2172
9 5 0 93.3175 68.5833
9 6 0 58.2256 99.083
9 7 0 6.3483 36.3416
9 8 0 61.8905 19.4237
9 10 1 99.5755 59.5127
9 11 0 36.35 13.1985
9 12 0 32.4361 82.6606
9 13 0 31.5475 70.2398
9 14 0 60.4384 73.2209
9 15 0 64.8423 88.4371
9 16 0 84.207 20.3081
9 17 0 73.8675 32.0057
9 18 0 53.1459 55.3023
9 19 0 17.2819 38.167
9 20 0 52.8415 69.9358
9 21 0 44.2692 78.3856
9 22 0 42.4831 26.9685
9 23 0 95.9169 80.3788
9 24 0 84.5857 67.8393
9 25 0 90.419 30.0973
9 26 0 3.49572 64.3888
9 27 0 67.4351 87.4379
9 28 0 49.7855 24.2261
9 29 0 43.956 65.823
9 30 0 13.4226 72.5803
9 31 0 49.1492 27.2874
9 32 0 85.9088 74.425
9 33 0 71.0309 55.5421
9 34 0 72.7898 41.1615
9 35 0 75.1359 95.928
9 36 0 4.89624 86.8084
9 37 0 85.5775 38.0983
9 38 0 98.4296 1.63075
9 39 0 91.0929 89.1932
9 40 0 76.1474 20.0411
9 41 0 5.15624 30.9444
9 42 0 60.9806 57.1761
9 43 0 38.0604 36.1916
9 44 0 67.0837 26.598
9 45 0 0.237158 96.6204
9 46 0 93.9555 50.7918
9 47 0 95.5477 88.5894
9 48 0 0.287392 44.3704
9 49 0 26.1915 21.1677
9 50 1 69.1761 33.1484
9 51 0 5.71524 83.1345
9 52 0 6.22917 19.2288
9 53 0 49.3602 4.72249
9 54 0 34.7176 56.4239
9 55 0 98.5221 23.13
9 56 0 16.7494 17.5706
9 57 0 35.0942 13.0787
9 58 0 1.53668 9.83038
9 59 0 50.4008 61.6358
9 60 0 27.9118 18.8796
10 1 0 85.578 44.5496
10 2 0 1.29808 82.0851
10 3 0 98.4659 42.9371
10 4 0 26.9309 28.6577
10 5 0 62.5398 24.509
10 6 0 81.1225 37.6605
10 7 0 47.5031 32.0217
10 8 0 16.3802 70.8718
10 9 0 27.6492 8.03045
10 11 1 15.7307 70.0965
10 12 0 77.533 76.1468
10 13 0 69.2453 35.1559
10 14 0 10.1892 46.2946
10 15 0 11.7949 12.12
10 16 0 35.1782 26.4477
10 17 0 0.464001 73.7801
10 18 0 62.3806 99.6078
10 19 0 93.7274 45.2744
10 20 0 6.84651 73.5188
10 21 0 0.705946 99.9632
10 22 0 24.8891 82.3249
10 23 0 62.3633 0.51441
10 24 0 11.7131 88.1742
10 25 0 39.8678 33.6873
10 26 0 76.8041 7.57876
10 27 0 28.2771 99.4744
10 28 0 78.0792 76.6933
10 29 0 94.344 58.4846
10 30 0 30.1988 83.1105
10 31 0 39.6182 84.2588
10 32 0 45.0226 3.66452
10 33 1 69.5066 44.3674
10 34 0 53.2359 35.2228
10 35 0 9.24229 51.2271
10 36 0 64.4321 49.8503
10 37 0 60.4933 95.7403
10 38 0 18.4154 22.6304
10 39 0 50.5818 54.3623
10 40 0 16.4671 7.90317
10 41 0 17.8616 65.2696
10 42 0 99.6487 58.7694
10 43 0 31.1411 65.2587
10 44 0 70.0059 11.8321
10 45 0 72.6436 30.7835
10 46 0 56.09 50.3394
10 47 0 21.6015 41.4384
10 48 0 40.6169 45.6923
10 49 0 88.4769 42.4315
10 50 0 5.36387 25.5481
10 51 0 97.2343 78.3483
10 52 0 15.579 61.2824
10 53 0 96.8724 7.07265
10 54 0 75.0146 8.69946
10 55 0 63.6327 99.9351
10 56 0 39.9434 86.8587
10 57 0 94.0446 58.5668
10 58 0 52.2938 62.8172
10 59 0 99.6787 68.9367
10 60 0 14.9457 48.3226
11 1 0 91.8755 54.9864
11 2 0 61.6091 17.9633
11 3 0 28.7629 60.5026
11 4 0 35.9702 24.6802
11 5 0 58.9353 46.678
11 6 0 9.06174 86.3198
11 7 0 55.6459 50.1477
11 8 0 73.9197 73.9588
11 9 0 82.2499 90.0801
11 10 0 25.2678 30.6857
11 12 1 19.2674 19.3022
11 13 0 68.0665 66.9155
11 14 1 46.3453 9.73734
11 15 0 31.8422 19.8775
11 16 0 87.6265 81.5237
11 17 0 7.94291 89.5213
11 18 0 86.0795 10.3228
11 19 0 6.6081 29.1427
11 20 1 36.4838 94.8129
11 21 0 22.2113 56.8779
11 22 0 51.6938 31.8274
11 23 0 32.6661 35.1559
11 24 1 19.2857 46.965
11 25 0 85.3118 79.0519
11 26 0 83.2338 91.4098
11 27 0 66.0213 37.228
11 28 0 36.2514 23.8748
11 29 0 28.158 35.2876
11 30 0 9.90791 53.3614
11 31 0 8.33254 24.7846
11 32 0 10.4259 44.4528
11 33 0 73.3699 78.5864
11 34 0 23.7857 51.2504
11 35 0 51.5065 8.11978
11 36 0 70.2568 9.15361
11 37 0 50.8409 56.8122
11 38 0 1.56931 86.5077
11 39 0 9.49317 2.19005
11 40 0 85.2729 37.4089
11 41 1 87.0478 18.1512
11 42 0 73.2262 55.5877
11 43 0 82.0538 67.0331
11 44 0 11.8157 68.7766
11 45 0 2.70561 71.5463
11 46 0 25.7037 68.0143
11 47 0 20.5455 85.5101
11 48 0 53.0486 54.6841
11 49 0 9.15248 39.3934
11 50 0 27.5115 67.6092
11 51 0 67.1261 85.4369
11 52 0 87.1404 37.1824
11 53 0 12.1687 84.5198
11 54 0 9.8654 58.8895
11 55 0 88.6835 85.6997
11 56 0 35.3862 89.5185
11 57 1 68.7334 23.972
11 58 0 35.0221 25.6987
11 59 0 12.2597 6.09814
11 60 0 3.40286 84.8005
12 1 0 96.4904 44.86
12 2 0 97.5506 17.2706
12 3 0 8.65623 24.1827
12 4 0 63.1219 1.53117
12 5 0 72.5949 76.2173
12 6 0 19.2473 33.9897
12 7 0 87.8748 35.2427
12 8 0 91.8672 56.5056
12 9 0 93.017 37.8024
12 10 0 74.3381 76.5496
12 11 0 50.786 21.6808
12 13 1 58.6486 94.4917
12 14 0 4.88999 50.7578
12 15 0 6.47846 97.79
12 16 0 73.0716 44.7046
12 17 0 69.9833 67.452
12 18 0 75.3739 69.2901
12 19 0 2.58658 16.6351
12 20 0 7.82811 65.8528
12 21 0 3.89282 80.5101
12 22 1 5.78354 67.2695
12 23 0 57.388 64.5935
12 24 0 79.9789 22.959
12 25 1 10.3609 87.5227
12 26 0 58.5518 61.4447
12 27 0 17.7332 62.9402
12 28 0 95.4255 5.14595
12 29 0 83.5288 85.0681
12 30 0 89.9393 39.0532
12 31 0 12.8324 22.9171
12 32 0 27.9046 87.9686
12 33 0 90.4525 87.492
12 34 0 68.4123 28.7684
12 35 0 49.5584 92.7441
12 36 0 35.3589 65.5354
12 37 0 28.807 49.4352
12 38 0 1.87263 63.3576
12 39 0 7.36067 81.17
12 40 0 10.7787 22.7858
12 41 0 47.4267 89.7136
12 42 0 26.5731 16.209
12 43 0 53.0328 71.8251
12 44 0 10.1064 33.3535
12 45 0 47.9018 89.3022
12 46 0 86.2745 37.9663
12 47 0 16.1652 11.328
12 48 0 48.4037 97.2507
12 49 0 84.5306 61.1201
12 50 0 5.47668 78.8153
12 51 0 19.4215 37.9763
12 52 0 60.6362 4.10592
12 53 0 36.8959 56.8649
12 54 0 14.0894 31.4942
12 55 0 5.01892 57.4521
12 56 0 3.30609 30.8553
12 57 0 62.8781 88.3118
12 58 0 14.1459 96.8527
12 59 0 38.1426 97.0893
12 60 0 1.99902 43.4082
13 1 0 28.0824 77.6525
13 2 0 15.3485 67.1535
13 3 0 86.2785 61.314
13 4 0 68.9953 60.9721
13 5 0 28.5652 53.6112
13 6 0 99.728 23.8458
13 7 0 68.7674 67.605
13 8 0 16.91 65.4224
13 9 0 46.4869 71.2464
13 10 1 77.9984 92.3756
13 11 0 95.8058 56.0529
13 12 0 20.6133 73.497
13 14 1 77.0564 93.5589
13 15 0 54.616 45.1251
13 16 0 37.6345 45.5156
13 17 0 83.4567 57.9015
13 18 0 48.2578 56.8342
13 19 0 4.99607 1.93078
13 20 0 92.7636 56.7738
13 21 0 1.13465 50.5938
13 22 0 56.905 79.655
13 23 0 0.252776 58.9161
13 24 0 27.2468 32.6182
13 25 0 1.57324 84.9858
13 26 0 4.05529 24.6259
13 27 0 71.3828 64.0954
13 28 0 12.3482 99.363
13 29 0 21.8174 6.3087
13 30 0 23.2128 42.9455
13 31 0 78.9791 30.3038
13 32 0 41.4141 12.9191
13 33 0 93.1514 66.6762
13 34 0 29.9356 51.5142
13 35 0 6.06422 13.4762
13 36 0 55.0513 90.002
13 37 0 96.6785 32.0972
13 38 0 30.9706 7.28829
13 39 1 18.7936 98.6342
13 40 0 99.208 93.1278
13 41 0 21.3073 30.8358
13 42 0 67.814 67.3761
13 43 0 91.9871 63.0685
13 44 0 55.1448 61.7715
13 45 0 57.9957 43.2185
13 46 0 36.6159 45.259
13 47 0 85.5797 50.6695
13 48 1 59.0835 92.6701
13 49 0 9.97052 6.72224
13 50 0 71.9997 41.6812
13 51 0 26.7049 32.948
13 52 0 57.3423 85.4252
13 53 0 37.5674 94.2948
13 54 0 76.1524 58.3987
13 55 0 40.0188 2.45179
13 56 0 25.5516 30.3524
13 57 0 27.0252 80.7247
13 58 0 31.8821 94.5441
13 59 0 6.7444 60.9633
13 60 0 80.7609 24.4144
14 1 0 10.9509 12.8257
14 2 0 96.0176 6.49971
14 3 1 33.6794 17.3581
14 4 0 92.2181 0.136394
14 5 0 30.2962 95.3398
14 6 1 50.4949 86.3561
14 7 0 62.4574 6.50092
14 8 0 2.19466 69.583
14 9 0 52.2315 3.56583
14 10 1 89.962 81.4619
14 11 0 23.1089 5.43964
14 12 0 89.5169 78.7617
14 13 0 84.1806 83.5775
14 15 1 3.43509 24.1311
14 16 0 63.3342 4.17383
14 17 0 37.2964 10.534
14 18 0 74.5238 8.1837
14 19 0 68.0566 44.7045
14 20 0 56.0499 56.5014
14 21 0 89.0468 10.1384
14 22 0 24.2759 91.8883
14 23 0 22.5992 96.3359
14 24 0 46.9402 14.7605
14 25 0 89.461 49.6025
14 26 0 90.5186 20.2478
14 27 1 41.1907 49.2745
14 28 0 51.8626 81.1814
14 29 0 66.043 44.5253
14 30 0 59.5114 47.2254
14 31 0 91.6654 11.5391
14 32 0 35.5968 33.2413
14 33 0 92.0507 34.6467
14 34 0 10.6913 2.50083
14 35 0 68.2312 32.5111
14 36 0 79.386 70.6363
14 37 0 90.3355 48.2286
14 38 0 91.4182 80.1779
14 39 0 66.8211 37.8787
14 40 0 87.9765 2.38481
14 41 1 15.114 85.4515
14 42 0 41.4386 80.3858
14 43 0 66.4267 54.8678
14 44 0 81.0572 17.219
14 45 0 21.7002 81.2954
14 46 0 37.214 35.9922
14 47 0 89.2347 83.5715
14 48 1 27.909 95.4183
14 49 0 42.2498 37.3901
14 50 0 20.2014 95.4231
14 51 0 89.03 69.0108
14 52 0 37.0015 60.3153
14 53 0 26.3781 86.494
14 54 0 84.0793 79.8524
14 55 0 5.60098 79.755
14 56 0 76.1683 62.5606
14 57 0 45.9403 99.823
14 58 0 90.6738 36.2056
14 59 0 20.6212 64.3695
14 60 0 8.78637 99.5305
15 1 0 9.12062 8.55839
15 2 0 0.0439686 67.4806
15 3 0 20.9773 39.8524
15 4 1 54.5071 62.402
15 5 0 8.484 32.1653
15 6 0 38.9799 82.9452
15 7 0 19.3688 75.7702
15 8 0 14.6112 16.1103
15 9 0 67.247 94.2938
15 10 0 24.1468 58.3539
15 11 0 23.8014 16.4892
15 12 1 85.6819 40.5065
15 13 0 20.7317 31.324
15 14 0 37.3433 84.1971
15 16 1 20.7121 21.5547
15 17 0 43.7176 15.6251
15 18 0 43.8118 58.1909
15 19 1 19.932 39.6596
15 20 0 45.7151 14.4074
15 21 0 76.5988 15.6947
15 22 0 29.8399 38.4076
15 23 0 33.5271 10.8461
15 24 0 28.8394 49.7156
15 25 0 15.692 19.3166
15 26 0 36.9662 2.69759
15 27 0 60.9058 90.9788
15 28 0 40.7039 86.02
15 29 0 32.9135 1.60425
15 30 0 34.7765 56.3579
15 31 0 63.6515 15.9226
15 32 0 59.9805 54.8803
15 33 0 90.5221 42.6664
15 34 0 72.4604 36.9153
15 35 0 96.2789 40.9173
15 36 0 62.2377 58.7398
15 37 0 10.8636 42.5931
15 38 0 61.9794 34.1239
15 39 0 66.4528 44.3688
15 40 0 89.3726 27.3029
15 41 0 84.0772 34.449
15 42 0 80.6379 39.0631
15 43 0 35.2525 73.0926
15 44 0 78.0705 99.9943
15 45 0 77.1831 39.8169
15 46 0 13.9797 70.2776
15 47 0 28.5232 53.3666
15 48 0 88.6179 70.3968
15 49 0 34.8995 51.7166
15 50 0 95.83 19.8427
15 51 0 76.4899 16.4965
15 52 0 56.5617 62.5853
15 53 0 12.6213 97.3536
15 54 0 31.9026 74.0041
15 55 0 8.07271 55.035
15 56 1 41.5375 1.29317
15 57 0 5.47439 40.92
15 58 0 81.5095 9.58526
15 59 0 56.2484 67.1582
15 60 0 71.0264 77.5172
16 1 0 47.4191 94.4869
16 2 0 30.3053 92.5174
16 3 0 87.0256 6.96524
16 4 0 28.8001 69.3924
16 5 0 59.8629 34.2352
16 6 0 39.6224 99.4311
16 7 0 20.4996 68.2067
16 8 0 95.8924 26.8257
16 9 0 50.4621 87.9261
16 10 0 33.4313 40.6429
16 11 0 98.6938 69.5276
16 12 0 49.666 6.46541
16 13 0 73.354 34.2718
16 14 0 84.8204 64.1839
16 15 0 16.5327 75.4667
16 17 1 34.7245 62.4433
16 18 0 65.9398 87.5417
16 19 0 33.8094 3.08341
16 20 0 20.4299 10.351
16 21 0 43.4321 49.6476
16 22 0 9.57619 28.4891
16 23 0 72.3294 75.4081
16 24 0 62.3304 27.4819
16 25 0 24.1725 2.0886
16 26 0 56.4603 66.7244
16 27 1 93.1689 76.0696
16 28 0 97.4507 46.9664
16 29 0 65.1629 27.4673
16 30 0 31.3923 63.4931
16 31 0 47.3612 93.0046
16 32 0 93.0721 45.8698
16 33 0 43.8452 39.3222
16 34 0 64.3825 86.2172
16 35 0 11.9586 64.7136
16 36 0 24.4218 83.5606
16 37 0 57.0252 7.2196
16 38 0 22.6955 40.2373
16 39 1 1.6724 83.8829
16 40 0 10.7944 85.8934
16 41 0 8.46681 20.3361
16 42 1 46.0231 46.7729
16 43 0 91.5468 26.2084
16 44 0 58.6715 35.6865
16 45 0 8.10075 74.0567
16 46 0 8.52027 50.2521
16 47 0 16.932 90.7923
16 48 0 2.45795 3.58935
16 49 0 21.6164 71.8089
16 50 0 99.6727 21.6005
16 51 0 6.63485 18.1689
16 52 0 76.2178 12.0233
16 53 0 16.6177 37.2064
16 54 0 93.074 20.1806
16 55 0 9.09876 81.8468
16 56 0 82.6048 1.24296
16 57 0 22.3577 28.4734
16 58 0 49.2962 43.3597
16 59 0 80.1725 22.8965
16 60 0 66.6149 5.31158
17 1 0 19.8933 69.8438
17 2 0 16.0106 64.3471
17 3 0 5.20238 89.2953
17 4 0 47.0353 73.985
17 5 0 80.9842 75.6511
17 6 0 1.62889 22.7498
17 7 0 94.9852 58.8621
17 8 0 63.2538 20.8966
17 9 0 26.8584 62.6868
17 10 0 10.1732 12.1291
17 11 0 7.31294 49.1278
17 12 0 94.8174 56.0383
17 13 0 51.2233 87.5951
17 14 0 6.45686 53.5168
17 15 0 54.903 20.5611
17 16 0 65.5318 72.0878
17 18 1 54.6115 53.9937
17 19 0 18.7912 33.5345
17 20 0 71.3695 68.3461
17 21 0 92.8228 52.6758
17 22 0 36.3179 68.007
17 23 0 21.0043 31.684
17 24 0 17.8959 84.3239
17 25 0 7.17128 76.2659
17 26 1 35.9266 32.1462
17 27 0 21.1293 68.065
17 28 0 19.4703 15.6999
17 29 0 78.0955 99.2235
17 30 0 39.0257 38.1017
17 31 1 67.7541 32.5401
17 32 0 76.8353 96.4532
17 33 0 29.1321 52.1417
17 34 0 64.5638 12.6861
17 35 0 24.2368 91.0368
17 36 0 37.0608 93.0011
17 37 0 86.9922 98.01
17 38 0 87.7433 10.8181
17 39 0 39.5529 33.1433
17 40 0 23.0736 24.6912
17 41 0 28.8586 80.9814
17 42 0 55.5622 55.3222
17 43 0 31.7319 26.8629
17 44 0 87.8432 70.5789
17 45 0 50.5327 46.2731
17 46 0 6.92782 65.2389
17 47 0 37.2159 79.576
17 48 0 26.4348 93.1717
17 49 0 17.3234 53.6956
17 50 0 37.1713 36.7094
17 51 0 53.435 90.3827
17 52 0 48.423 70.6987
17 53 0 15.6487 34.0121
17 54 0 7.25266 77.6248
17 55 0 34.7863 88.4629
17 56 0 95.3803 76.8644
17 57 0 54.8347 64.8482
17 58 0 57.2805 16.7134
17 59 0 22.7951 33.689
17 60 0 97.8024 90.9898
18 1 0 90.1043 5.48536
18 2 0 62.4523 95.3618
18 3 0 88.7581 85.1665
18 4 0 98.8871 90.3741
18 5 0 33.3194 4.22226
18 6 0 44.6696 33.7558
18 7 0 0.184988 43.1899
18 8 0 43.6337 89.0735
18 9 0 99.5612 83.7232
18 10 0 73.8914 69.2264
18 11 0 56.9161 59.8257
18 12 0 69.7526 12.8026
18 13 0 75.8028 9.22818
18 14 0 33.1621 10.5273
18 15 0 93.4872 4.70504
18 16 0 17.1548 36.66
18 17 0 0.0523138 48.1333
18 19 1 49.7334 19.4041
18 20 0 13.3694 13.6492
18 21 0 90.0219 84.7983
18 22 0 4.00868 61.6817
18 23 0 27.7215 6.79388
18 24 0 81.4903 4.94402
18 25 0 95.8849 67.5056
18 26 0 68.7114 89.5123
18 27 0 97.7708 54.7205
18 28 0 8.81985 92.4048
18 29 0 79.2378 92.8859
18 30 0 7.75532 75.3638
18 31 1 47.16 63.4698
18 32 0 59.6604 36.7871
18 33 0 96.1209 66.7195
18 34 0 14.3724 70.5704
18 35 0 11.7224 2.12452
18 36 0 47.8212 0.655929
18 37 0 23.2232 5.48298
18 38 0 31.8697 66.8216
18 39 0 26.8285 83.866
18 40 0 54.9517 87.8504
18 41 0 31.7707 77.0066
18 42 0 51.2435 32.556
18 43 1 35.7015 44.973
18 44 0 26.9804 41.0732
18 45 0 50.1481 60.8232
18 46 0 55.7962 77.3149
18 47 0 39.1357 29.4653
18 48 0 3.66501 24.1917
18 49 0 15.7467 40.3994
18 50 0 2.98846 54.0715
18 51 0 27.1272 49.6624
18 52 0 22.8309 55.0874
18 53 0 54.5696 64.2262
18 54 0 93.2028 68.7843
18 55 0 6.82472 36.5387
18 56 1 14.6322 57.0467
18 57 0 89.525 31.9288
18 58 0 17.9815 22.7594
18 59 0 18.4163 60.0723
18 60 0 34.7904 54.9921
19 1 0 66.5451 45.8248
19 2 0 56.6672 17.1942
19 3 0 37.3335 80.9926
19 4 0 72.3749 1.4878
19 5 0 35.2554 52.3816
19 6 0 92.3566 92.9083
19 7 1 42.3523 39.2177
19 8 0 40.4658 34.8464
19 9 0 59.1602 30.2021
19 10 0 79.1332 49.5008
19 11 0 17.6661 49.9046
19 12 0 22.721 83.1862
19 13 0 65.763 68.9161
19 14 0 5.60952 11.5268
19 15 0 5.5702 94.1136
19 16 0 78.9625 33.1625
19 17 0 10.9529 15.1508
19 18 0 46.8042 14.5921
19 20 1 11.4498 86.8072
19 21 0 33.9018 49.9778
19 22 0 52.9455 9.81259
19 23 0 19.6759 83.5765
19 24 0 50.2487 20.1981
19 25 0 96.4996 78.9561
19 26 0 42.2853 90.5382
19 27 0 92.8846 72.6144
19 28 0 0.689765 1.71547
19 29 0 22.3597 75.9764
19 30 0 96.7567 51.9158
19 31 0 13.4709 35.4905
19 32 0 88.0715 91.6135
19 33 0 17.709 89.261
19 34 0 84.9823 91.2715
19 35 0 90.1202 53.7471
19 36 0 10.3158 92.0826
19 37 1 70.6111 50.1898
19 38 0 64.4528 72.0165
19 39 0 34.3267 0.141298
19 40 1 60.1414 74.7889
19 41 0 13.0031 84.4317
19 42 0 29.768 83.0266
19 43 0 64.9342 48.5967
19 44 0 63.3853 28.2019
19 45 0 52.0137 48.5383
19 46 0 12.2278 7.37452
19 47 0 99.4508 32.3357
19 48 0 5.86346 7.06067
19 49 0 22.391 59.5959
19 50 0 6.40745 25.6079
19 51 0 15.5642 74.2151
19 52 0 57.9282 88.1219
19 53 0 37.3125 27.432
19 54 0 81.3352 15.3416
19 55 0 73.0597 55.7607
19 56 0 37.1501 40.1576
19 57 0 89.8808 10.037
19 58 0 40.9293 88.6981
19 59 0 6.00985 58.1046
19 60 0 43.9374 6.32565
20 1 0 87.5228 64.4194
20 2 0 48.079 77.2185
20 3 0 37.4043 76.6688
20 4 0 84.1702 91.3918
20 5 0 27.3907 29.3975
20 6 0 0.20026 43.5529
20 7 0 73.202 82.8973
20 8 0 56.2851 93.8066
20 9 0 61.9022 69.9356
20 10 0 66.5888 69.4225
20 11 0 89.396 58.3122
20 12 0 99.5412 28.6333
20 13 0 20.8689 86.3173
20 14 0 68.1985 64.1574
20 15 0 6.81265 61.4917
20 16 1 62.7859 97.2342
20 17 0 93.8562 61.3973
20 18 0 90.0059 88.2643
20 19 1 0.190802 63.975
20 21 1 7.53098 73.6465
20 22 0 93.7898 46.4722
20 23 0 90.9469 33.0379
20 24 0 58.5835 27.5519
20 25 0 81.2594 64.7767
20 26 0 91.9575 3.70196
20 27 0 90.015 77.0385
20 28 0 44.5217 22.6418
20 29 0 96.3051 39.14
20 30 0 36.8888 18.8412
20 31 0 44.1537 65.5395
20 32 0 66.1144 6.95091
20 33 1 71.5769 40.4154
20 34 0 69.2428 51.4006
20 35 0 29.5762 84.5948
20 36 0 98.5037 90.0124
20 37 1 6.80706 6.37852
20 38 0 12.4851 58.6107
20 39 0 13.2636 0.439261
20 40 0 43.432 43.267
20 41 0 63.1381 35.3534
20 42 0 25.6495 81.7251
20 43 0 28.9577 83.8146
20 44 0 78.0521 29.5825
20 45 0 57.4895 82.6673
20 46 0 81.6809 93.782
20 47 0 11.3988 71.3249
20 48 0 53.0021 52.8471
20 49 0 41.2812 72.248
20 50 0 98.8736 64.6527
20 51 0 21.7679 37.1785
20 52 0 6.31115 55.8356
20 53 0 52.3504 42.5819
20 54 0 94.0967 22.1132
20 55 0 84.8411 77.8159
20 56 0 40.5272 94.3344
20 57 0 96.1963 47.0862
20 58 0 90.9893 93.7442
20 59 0 78.8435 41
20 60 0 25.1642 66.3277
21 1 0 7.33607 70.6422
21 2 0 76.4376 77.5012
21 3 1 13.1906 81.96
21 4 0 5.89629 98.5391
21 5 0 62.5213 57.8681
21 6 0 68.8111 6.81286
21 7 0 86.6531 99.0127
21 8 0 57.9141 40.1554
21 9 0 94.9582 69.6241
21 10 0 97.1543 46.5482
21 11 0 23.3945 17.5103
21 12 0 56.1887 68.2508
21 13 0 78.2497 66.0764
21 14 0 49.2203 13.6418
21 15 0 89.0846 2.2516
21 16 0 23.0479 3.78545
21 17 1 63.7702 23.8766
21 18 0 0.882594 70.1423
21 19 0 76.662 79.1685
21 20 0 59.6166 22.5199
21 22 1 45.3508 77.3678
21 23 0 99.0856 36.1351
21 24 0 73.4791 52.3984
21 25 0 77.6927 63.0306
21 26 0 50.2065 4.82849
21 27 0 86.2195 13.4329
21 28 0 9.67632 20.0894
21 29 0 71.928 90.5835
21 30 0 77.4691 81.7516
21 31 0 22.5658 22.5049
21 32 0 86.8825 61.784
21 33 0 43.6542 89.3858
21 34 0 82.5146 62.4074
21 35 0 62.1094 88.4876
21 36 0 20.0591 11.2876
21 37 0 91.7639 77.1919
21 38 0 72.7702 7.32435
21 39 0 6.81405 97.9815
21 40 0 11.356 74.4009
21 41 0 96.1032 54.9893
21 42 0 87.7119 60.6513
21 43 0 1.54024 10.5115
21 44 0 88.3531 23.4656
21 45 0 78.9494 86.3443
21 46 0 78.5317 72.4449
21 47 0 68.5241 13.5665
21 48 0 31.3696 4.90802
21 49 0 16.4138 18.7544
21 50 0 77.2976 89.1094
21 51 0 23.6934 67.1103
21 52 0 14.7849 4.14157
21 53 0 76.5469 93.0094
21 54 0 9.46688 24.701
21 55 0 69.2238 70.3739
21 56 0 33.7544 23.446
21 57 0 82.0403 83.0747
21 58 1 93.8038 81.8163
21 59 0 44.2541 70.3147
21 60 0 77.7772 35.747
22 1 0 87.4467 0.395452
22 2 0 89.0937 42.8222
22 3 0 56.6888 50.3937
22 4 0 29.9332 46.368
22 5 0 97.3531 84.8957
22 6 0 1.88478 73.5861
22 7 0 1.72884 61.9717
22 8 0 85.5474 14.5515
22 9 0 88.0492 58.3265
22 10 0 43.6931 91.8247
22 11 0 97.9231 35.5437
22 12 0 49.4904 69.4107
22 13 0 82.7216 31.2709
22 14 0 71.6459 95.803
22 15 0 88.8869 1.89133
22 16 0 35.4227 85.9583
22 17 1 24.0613 23.1859
22 18 0 9.82486 99.6769
22 19 0 17.2243 70.9355
22 20 0 51.3006 3.30023
22 21 0 63.1073 93.8202
22 23 1 22.9173 15.2212
22 24 0 48.2773 90.4415
22 25 0 35.403 14.2658
22 26 0 96.2128 92.4724
22 27 0 51.9649 72.5664
22 28 1 95.1739 85.4996
22 29 0 21.3775 87.877
22 30 0 65.9294 83.972
22 31 0 83.7676 78.6417
22 32 0 18.5618 56.7241
22 33 0 88.802 50.6618
22 34 0 37.4485 45.9936
22 35 0 54.8772 23.1387
22 36 0 86.2009 48.7238
22 37 0 67.7834 87.6495
22 38 0 37.0065 85.2463
22 39 0 87.8026 14.1837
22 40 0 38.6439 16.5963
22 41 0 61.742 42.0131
22 42 0 60.086 1.32361
22 43 0 56.6477 52.4655
22 44 0 49.1253 42.7699
22 45 0 73.6155 96.2785
22 46 0 3.76875 4.08896
22 47 0 23.7759 40.882
22 48 0 69.0173 16.3518
22 49 1 68.1941 53.7393
22 50 0 59.2364 11.4306
22 51 0 71.2473 66.2623
22 52 0 34.1434 65.5557
22 53 0 13.1712 6.98035
22 54 0 26.4347 90.6748
22 55 1 33.6989 33.5543
22 56 0 48.63 66.9926
22 57 0 53.989 17.9102
22 58 1 98.8675 41.0831
22 59 0 74.9471 74.2929
22 60 0 93.9196 47.0408
23 1 0 39.6411 84.5542
23 2 0 57.1046 54.7788
23 3 0 50.1375 82.9181
23 4 1 91.7617 34.5076
23 5 0 75.2665 23.0323
23 6 1 62.265 76.0091
23 7 0 78.531 86.993
23 8 0 84.6483 76.5653
23 9 0 65.3691 44.2131
23 10 0 88.1069 34.3414
23 11 0 88.532 22.818
23 12 0 33.6635 97.0574
23 13 0 84.8133 0.213812
23 14 0 11.0692 53.0899
23 15 0 97.2505 81.7288
23 16 1 13.3606 30.8985
23 17 0 25.0733 93.6038
23 18 0 6.22269 3.62485
23 19 0 6.45554 88.2831
23 20 0 41.35 1.71088
23 21 0 49.5374 25.2948
23 22 0 57.483 61.5521
23 24 1 94.786 64.4554
23 25 0 28.4741 15.9314
23 26 0 48.8576 42.9708
23 27 0 66.5237 9.9069
23 28 0 47.9473 3.7257
23 29 0 76.6562 1.56453
23 30 0 67.2733 73.7572
23 31 0 60.5825 5.3384
23 32 0 62.3216 85.2513
23 33 0 23.6108 90.1905
23 34 0 98.3063 95.0362
23 35 0 2.31428 24.5069
23 36 0 33.5141 57.1966
23 37 0 86.1983 64.5828
23 38 0 35.3192 96.121
23 39 0 86.2491 62.5375
23 40 0 49.3972 41.7479
23 41 0 9.45574 43.6206
23 42 0 9.97812 27.6661
23 43 0 45.4052 37.0714
23 44 0 74.2287 11.9115
23 45 0 51.5814 32.2595
23 46 0 17.6166 9.5292
23 47 0 3.29854 59.6269
23 48 0 27.1017 59.1014
23 49 0 12.3893 66.802
23 50 0 25.2012 1.54953
23 51 0 69.5841 18.3006
23 52 0 61.3166 6.26189
23 53 0 26.3635 59.5706
23 54 0 64.6097 80.7479
23 55 1 39.4975 69.4868
23 56 0 63.4081 93.5408
23 57 0 64.074 17.5341
23 58 0 44.0101 94.3582
23 59 0 56.2954 56.2991
23 60 0 64.4216 29.334
24 1 0 76.9872 54.9869
24 2 0 22.6048 33.8151
24 3 0 90.8637 49.1637
24 4 0 82.6124 22.5725
24 5 0 68.4538 67.7377
24 6 0 18.928 17.3112
24 7 0 48.1548 7.02103
24 8 0 21.0654 77.9014
24 9 0 14.9193 31.8371
24 10 0 96.0441 9.71456
24 11 0 71.9123 94.9236
24 12 0 56.4325 2.43783
24 13 0 66.2962 49.955
24 14 1 1.73231 72.6088
24 15 0 84.4502 78.8156
24 16 0 66.4022 85.7752
24 17 0 66.9778 80.4074
24 18 0 87.7315 52.0962
24 19 0 82.2923 29.7791
24 20 0 0.690292 49.8772
24 21 0 95.483 13.3997
24 22 0 30.1168 66.8087
24 23 0 30.5038 89.0402
24 25 1 78.3441 73.6053
24 26 0 38.4906 8.60666
24 27 0 91.7501 15.6031
24 28 1 24.8587 91.0756
24 29 0 41.7579 26.3406
24 30 0 36.4114 28.0302
24 31 0 19.2162 47.1486
24 32 0 14.927 72.2134
24 33 0 71.1594 41.9819
24 34 1 96.0044 83.568
24 35 0 2.5772 97.2009
24 36 0 22.5681 2.47071
24 37 0 48.4632 29.5421
24 38 0 49.1292 50.0965
24 39 0 19.5231 33.7508
24 40 0 43.6066 31.3579
24 41 0 21.4377 48.1764
24 42 0 98.4987 60.3161
24 43 0 46.9498 89.4381
24 44 0 25.2215 66.622
24 45 0 86.9438 7.61984
24 46 0 83.0004 89.2915
24 47 0 98.5198 0.0974825
24 48 0 15.9106 73.4869
24 49 0 14.0823 32.9533
24 50 0 95.9141 1.47583
24 51 0 95.4178 81.7821
24 52 0 33.2928 29.1154
24 53 0 53.8674 94.2413
24 54 0 16.0001 66.0516
24 55 0 31.5574 38.3886
24 56 0 88.7996 55.7136
24 57 0 54.382 86.7918
24 58 0 54.9026 81.3275
24 59 0 66.5186 65.4451
24 60 1 2.52004 18.7319
25 1 1 86.9416 99.0583
25 2 0 98.3291 42.9686
25 3 0 23.7717 46.3098
25 4 1 28.2691 85.8696
25 5 0 64.8641 98.2193
25 6 0 40.3253 54.4676
25 7 0 69.7533 30.5824
25 8 0 28.2023 36.1203
25 9 0 59.5697 3.34739
25 10 0 45.4981 52.9649
25 11 0 24.1308 13.2057
25 12 0 88.7166 21.7915
25 13 0 38.8985 8.46756
25 14 0 44.392 96.7992
25 15 0 47.4494 73.6913
25 16 0 9.04555 12.2911
25 17 0 98.0625 31.8359
25 18 0 92.3894 75.8802
25 19 0 44.5022 84.3477
25 20 0 98.979 70.9497
25 21 0 17.6372 23.6524
25 22 0 47.2643 36.7995
25 23 0 40.3176 53.8095
25 24 1 41.2744 7.2666
25 26 1 48.6003 60.8449
25 27 0 1.62452 89.79
25 28 1 25.4746 4.91948
25 29 0 28.6308 76.8503
25 30 0 73.5526 27.4911
25 31 0 73.3347 27.3374
25 32 0 30.2036 38.3202
25 33 0 52.468 14.1031
25 34 0 60.5649 68.7975
25 35 0 99.0984 86.3426
25 36 0 92.8939 90.6135
25 37 0 29.2016 92.5428
25 38 0 64.9173 50.2735
25 39 0 88.0136 23.3575
25 40 0 45.1146 59.5911
25 41 1 91.9137 45.8852
25 42 1 49.8321 94.3708
25 43 0 91.6715 74.3284
25 44 0 54.6642 38.2436
25 45 0 78.488 77.1333
25 46 0 75.4251 15.3768
25 47 0 47.2388 80.123
25 48 0 40.9685 70.8237
25 49 0 95.0836 26.4396
25 50 0 52.9297 48.1809
25 51 0 65.1843 4.32497
25 52 0 54.794 66.6279
25 53 0 65.7223 30.2561
25 54 0 70.5058 29.723
25 55 0 95.6133 86.278
25 56 0 72.198 70.9228
25 57 0 31.3896 31.6783
25 58 0 70.4254 20.975
25 59 0 93.5165 78.9618
25 60 0 58.1345 25.8721
26 1 0 35.5249 16.5854
26 2 0 3.29884 21.4764
26 3 0 81.25 31.8656
26 4 0 17.036 62.3212
26 5 0 67.8528 70.6463
26 6 0 53.4595 85.9441
26 7 0 58.2587 23.9654
26 8 0 85.3986 67.0001
26 9 1 52.0552 58.3915
26 10 0 32.2012 72.5442
26 11 0 6.26073 63.5139
26 12 0 17.2201 50.8432
26 13 0 81.7739 85.2244
26 14 0 80.5011 77.9067
26 15 0 94.0724 82.2838
26 16 0 32.4935 42.1899
26 17 0 37.2506 37.5019
26 18 0 93.7311 78.1212
26 19 0 3.47982 5.5605
26 20 0 39.3634 14.7533
26 21 0 3.27215 43.8821
26 22 1 97.2215 52.1053
26 23 0 79.1605 11.2497
26 24 0 65.3285 40.2717
26 25 0 5.89387 94.7021
26 27 1 78.7608 37.2471
26 28 0 37.0433 47.4662
26 29 0 3.99131 50.0455
26 30 0 61.4378 43.338
26 31 0 52.6554 69.1554
26 32 0 47.417 50.9953
26 33 0 76.1006 18.5756
26 34 0 74.6817 86.3268
26 35 0 17.6121 73.2079
26 36 0 1.88638 85.897
26 37 0 23.2774 27.7477
26 38 1 82.6766 19.5922
26 39 0 4.36517 94.8258
26 40 0 41.1971 4.54816
26 41 0 22.8638 56.3547
26 42 0 19.1762 41.1427
26 43 1 49.9147 99.943
26 44 0 11.7623 41.8282
26 45 0 0.711883 85.5308
26 46 0 21.8254 47.418
26 47 0 99.0436 62.8142
26 48 1 63.5293 71.1198
26 49 0 86.3903 42.3545
26 50 0 32.0133 8.15491
26 51 0 40.6976 39.0933
26 52 0 67.7307 42.5837
26 53 0 74.2519 24.1917
26 54 1 31.6274 78.5076
26 55 0 68.3253 64.3315
26 56 0 72.0011 21.7552
26 57 0 22.6918 62.8334
26 58 0 49.8244 34.6437
26 59 0 25.7904 96.0292
26 60 0 22.7793 40.7669
27 1 0 76.5174 29.4338
27 2 0 88.9886 74.7084
27 3 0 22.7161 54.9561
27 4 0 59.4651 64.5409
27 5 0 99.8409 47.2161
27 6 0 70.9695 42.7632
27 7 0 24.0735 37.1969
27 8 0 4.1477 60.2866
27 9 0 56.0105 12.0516
27 10 0 51.8343 81.1532
27 11 1 25.1747 87.894
27 12 0 25.4096 99.2726
27 13 0 97.7333 16.8982
27 14 0 31.8316 74.9288
27 15 0 81.804 80.7868
27 16 0 94.7377 48.7759
27 17 0 76.3575 90.0875
27 18 0 30.4748 76.1035
27 19 0 28.6342 58.7051
27 20 0 48.4304 48.8954
27 21 0 27.7281 53.6022
27 22 0 4.38534 84.2611
27 23 0 7.44695 55.3977
27 24 0 71.4287 25.8864
27 25 0 93.1247 54.8975
27 26 0 81.9538 87.4108
27 28 1 58.6701 53.9643
27 29 0 85.7815 34.1611
27 30 0 87.9674 40.9946
27 31 0 89.9985 0.56281
27 32 0 75.2662 18.752
27 33 0 33.9233 57.0743
27 34 0 98.2573 26.6728
27 35 0 4.43257 14.1509
27 36 0 84.7158 53.8766
27 37 0 28.8139 20.0585
27 38 0 69.22 72.2671
27 39 0 41.7733 25.3332
27 40 0 42.7722 82.6733
27 41 0 59.3034 72.4096
27 42 0 3.05401 95.9564
27 43 0 68.8754 36.2966
27 44 0 36.8572 59.1393
27 45 0 9.0344 92.5199
27 46 0 17.8046 75.2535
27 47 0 61.7791 97.1575
27 48 0 10.4321 71.4084
27 49 0 16.1423 39.1577
27 50 0 32.4052 31.685
27 51 0 30.9231 23.7915
27 52 0 52.2364 93.4127
27 53 0 73.7013 67.2612
27 54 0 77.4485 77.8807
27 55 0 56.1927 58.6348
27 56 0 60.8124 18.4546
27 57 1 34.2983 61.6365
27 58 0 98.8717 51.8903
27 59 0 24.5694 52.0899
27 60 0 47.2784 72.2934
28 1 0 81.1204 78.8915
28 2 0 30.0237 75.0672
28 3 0 36.2565 45.5087
28 4 0 90.4181 4.43526
28 5 0 98.4445 68.6826
28 6 0 88.4204 5.85741
28 7 0 84.8384 11.2105
28 8 0 43.7944 78.0537
28 9 0 89.4898 31.8964
28 10 0 20.8178 93.3728
28 11 0 88.1937 17.1301
28 12 0 93.4794 86.0259
28 13 0 84.684 45.8471
28 14 0 84.1763 82.8293
28 15 0 84.2575 59.9083
28 16 1 80.1324 37.7148
28 17 0 76.5224 48.7591
28 18 0 12.1019 89.4286
28 19 0 51.8109 91.6045
28 20 0 62.7525 33.2857
28 21 0 83.9702 61.524
28 22 0 85.0848 8.39632
28 23 0 69.3033 90.2381
28 24 1 3.74192 96.339
28 25 0 37.3977 28.9691
28 26 0 2.7658 68.7321
28 27 0 92.3427 14.4828
28 29 1 79.4779 43.9112
28 30 0 20.8111 92.1266
28 31 0 8.37965 69.2078
28 32 0 56.4843 53.6353
28 33 0 85.577 21.2581
28 34 1 47.235 85.4939
28 35 0 74.8246 75.7061
28 36 0 81.4549 80.0417
28 37 0 93.2437 48.2021
28 38 0 10.027 11.8758
28 39 0 88.6176 20.0024
28 40 0 36.6966 64.6276
28 41 0 95.3331 75.6524
28 42 0 80.3673 79.4301
28 43 0 31.0976 80.8695
28 44 0 12.0963 86.3028
28 45 0 68.3312 96.292
28 46 0 80.2807 14.7478
28 47 0 16.044 22.2661
28 48 0 85.2501 16.1967
28 49 0 23.6817 33.324
28 50 0 81.1849 74.7617
28 51 0 62.5785 59.9362
28 52 0 1.08248 19.9062
28 53 0 63.7954 23.3425
28 54 0 49.2512 87.6275
28 55 0 18.5379 26.7917
28 56 0 57.5601 39.505
28 57 0 61.6067 17.0293
28 58 0 23.2957 55.1688
28 59 1 99.3304 9.81523
28 60 0 78.8969 78.0522
29 1 0 45.8469 80.7929
29 2 0 51.3949 91.6418
29 3 0 96.7871 37.6388
29 4 0 3.1068 35.0946
29 5 0 65.5164 83.0022
29 6 0 33.6769 72.4882
29 7 0 85.1424 78.5021
29 8 0 12.6792 74.8708
29 9 0 85.1808 45.0421
29 10 0 71.4299 87.7573
29 11 0 79.0593 67.4428
29 12 1 42.8136 54.1573
29 13 0 12.1905 6.57226
29 14 0 91.3109 63.6249
29 15 0 95.8808 17.7534
29 16 0 37.9903 34.2183
29 17 0 1.27085 22.7273
29 18 0 2.19264 79.8755
29 19 0 95.2962 22.8465
29 20 0 88.7212 79.4435
29 21 0 42.4363 7.68079
29 22 0 73.8767 73.1543
29 23 0 65.9022 80.4302
29 24 0 61.4781 22.5315
29 25 0 29.0754 91.1062
29 26 0 51.3888 53.043
29 27 0 48.7558 34.6855
29 28 0 7.26673 29.426
29 30 1 51.3154 35.4756
29 31 0 36.6764 46.7144
29 32 0 26.8104 90.3055
29 33 0 89.92 63.9219
29 34 1 44.5575 4.49652
29 35 0 68.5934 11.9307
29 36 0 35.5361 59.92
29 37 0 18.4902 84.3243
29 38 0 31.995 62.9526
29 39 0 14.0639 7.80723
29 40 0 22.6263 87.6257
29 41 0 69.4908 18.0703
29 42 0 19.4323 73.0808
29 43 0 57.3244 25.4005
29 44 0 39.2294 11.6936
29 45 0 36.7463 76.3912
29 46 0 66.0264 75.8241
29 47 0 41.2605 27.2242
29 48 0 77.5307 81.6167
29 49 0 72.5167 26.4738
29 50 0 59.1144 46.8559
29 51 0 91.6687 36.3193
29 52 1 50.1868 63.2853
29 53 1 19.731 45.6287
29 54 0 5.18782 73.1678
29 55 0 49.3304 30.7777
29 56 0 57.1042 28.5406
29 57 0 31.8661 51.6014
29 58 0 49.2444 4.95905
29 59 0 99.3003 16.0336
29 60 0 31.1265 81.7118
30 1 0 41.3906 6.83804
30 2 0 90.2496 82.1316
30 3 0 80.4368 95.1594
30 4 0 99.2071 72.7129
30 5 0 93.325 56.3248
30 6 0 73.2434 65.4124
30 7 0 80.9503 11.3699
30 8 0 91.3595 32.3631
30 9 0 49.9717 68.3215
30 10 0 1.15983 81.8566
30 11 1 44.0347 91.4353
30 12 0 1.69818 62.6825
30 13 0 71.9609 2.01938
30 14 0 75.1707 81.1074
30 15 0 25.048 5.59636
30 16 0 64.0852 54.0418
30 17 0 51.6281 37.572
30 18 0 1.67157 94.1292
30 19 0 81.9642 53.5879
30 20 0 18.9085 30.5025
30 21 0 94.1072 64.3443
30 22 0 90.4293 6.0916
30 23 0 45.3199 46.0541
30 24 0 47.6338 94.6425
30 25 0 90.1036 14.8451
30 26 0 14.8508 84.9341
30 27 0 50.5955 23.3993
30 28 0 24.9693 58.0986
30 29 0 59.1033 72.0653
30 31 1 34.9584 33.8939
30 32 0 75.7552 30.2198
30 33 0 31.3745 93.2519
30 34 0 20.6998 92.0513
30 35 0 8.54411 56.6839
30 36 0 49.5946 49.0772
30 37 0 99.9317 73.3907
30 38 0 78.5119 39.9624
30 39 0 93.2013 54.8292
30 40 0 35.08 1.77267
30 41 0 43.9459 81.5902
30 42 0 97.5784 26.7384
30 43 0 1.94316 26.9158
30 44 0 58.517 44.3366
30 45 0 49.1684 23.6333
30 46 0 75.5698 4.92349
30 47 0 98.6935 68.336
30 48 0 83.3989 4.35692
30 49 0 94.4968 41.3013
30 50 0 0.905269 64.0912
30 51 0 85.4326 84.3796
30 52 0 79.5037 19.4327
30 53 0 58.7705 38.4233
30 54 0 65.8528 40.8325
30 55 0 17.3969 68.9768
30 56 0 4.8997 95.0205
30 57 1 59.731 5.05487
30 58 0 54.9022 82.8743
30 59 0 96.3574 89.7688
30 60 0 62.4814 85.2729
31 1 0 48.8379 81.5574
31 2 0 88.4447 14.636
31 3 0 51.3707 57.2035
31 4 1 40.4934 48.5241
31 5 0 76.1752 44.2487
31 6 0 89.6431 72.3498
31 7 0 71.4398 87.4481
31 8 0 49.8367 44.256
31 9 0 33.2226 34.6567
31 10 0 42.2938 30.8985
31 11 0 73.9777 64.536
31 12 0 72.1385 92.5139
31 13 0 62.2326 86.8239
31 14 0 32.0362 10.4454
31 15 0 27.8949 39.7828
31 16 0 11.3915 76.0559
31 17 1 45.8351 57.1873
31 18 0 31.7953 69.4596
31 19 0 16.461 96.5258
31 20 0 73.634 8.71352
31 21 0 42.9818 44.5464
31 22 0 29.0749 56.4006
31 23 0 12.6813 82.7441
31 24 0 88.061 9.96369
31 25 0 89.7941 91.2465
31 26 0 37.0318 30.646
31 27 0 80.8254 10.8329
31 28 0 37.4172 83.2317
31 29 0 1.87578 45.4979
31 30 0 24.8863 57.1126
31 32 1 37.2382 75.7011
31 33 0 49.4233 67.572
31 34 0 84.2344 50.2459
31 35 0 18.2878 48.2431
31 36 0 34.5771 7.26689
31 37 0 77.4158 70.4681
31 38 0 84.9937 80.601
31 39 1 64.7729 86.437
31 40 0 56.3828 66.6979
31 41 0 70.3911 16.9173
31 42 0 68.9406 79.7581
31 43 0 18.0564 92.2757
31 44 0 23.9401 54.7901
31 45 0 5.80517 72.6249
31 46 0 66.9036 75.2312
31 47 0 63.5969 56.9535
31 48 0 53.5118 53.0347
31 49 0 18.1102 29.8234
31 50 0 20.8247 8.14579
31 51 0 31.8201 74.8686
31 52 0 72.4897 59.1855
31 53 0 67.5419 81.702
31 54 0 76.0155 85.4865
31 55 0 66.6625 78.1253
31 56 0 63.8477 19.2915
31 57 0 92.6903 34.8055
31 58 0 56.5943 25.2639
31 59 0 72.9469 64.6143
31 60 1 33.4601 68.4673
32 1 0 45.3819 52.1913
32 2 0 73.0156 65.5639
32 3 0 6.17376 66.9698
32 4 0 21.7455 60.9649
32 5 0 89.8165 6.36797
32 6 0 93.5564 79.5721
32 7 0 98.1376 60.6291
32 8 0 31.9878 57.6588
32 9 0 62.312 94.0822
32 10 0 94.4378 61.8058
32 11 0 78.2907 11.5966
32 12 0 26.248 6.25248
32 13 0 60.4198 71.817
32 14 0 41.2836 17.3673
32 15 0 62.7996 78.8671
32 16 0 82.7809 29.1136
32 17 1 90.7255 32.0628
32 18 0 75.3295 21.9114
32 19 0 87.6353 83.4677
32 20 0 19.3298 40.3284
32 21 0 24.6397 80.6847
32 22 0 99.9001 40.4547
32 23 0 63.51 29.986
32 24 0 33.4252 21.9152
32 25 0 12.8602 24.3921
32 26 0 82.1703 77.9409
32 27 0 77.3818 31.3787
32 28 0 4.28504 28.7216
32 29 0 19.8563 63.139
32 30 0 98.309 94.5746
32 31 0 36.6756 50.3073
32 33 1 3.51424 15.5271
32 34 0 63.505 59.6757
32 35 0 6.29936 14.1519
32 36 1 1.09928 13.203
32 37 0 57.0718 60.9489
32 38 0 98.3641 3.34152
32 39 0 37.2726 48.1713
32 40 0 40.7527 41.505
32 41 0 63.8087 71.6545
32 42 0 27.4589 25.9809
32 43 0 98.7924 20.8643
32 44 0 4.28338 93.9702
32 45 0 92.838 16.2605
32 46 0 56.0959 60.5724
32 47 0 46.1759 20.7792
32 48 0 77.791 37.0981
32 49 0 66.5653 57.3345
32 50 0 86.8616 4.26312
32 51 0 96.9449 36.4245
32 52 0 42.4367 8.02265
32 53 0 78.6224 3.57744
32 54 0 25.882 0.626524
32 55 0 66.3023 6.37174
32 56 0 10.7315 24.9808
32 57 1 75.2409 52.0553
32 58 0 84.1323 90.8626
32 59 0 45.0804 32.2516
32 60 0 68.1135 21.5745
33 1 0 23.4922 82.8707
33 2 1 79.3203 57.1922
33 3 0 20.072 36.7585
33 4 1 28.056 29.983
33 5 1 50.6827 2.16489
33 6 1 89.1495 98.9413
33 7 0 18.6052 75.4777
33 8 0 77.955 93.147
33 9 0 14.7816 58.1052
33 10 0 94.2313 94.2074
33 11 0 53.3424 7.5289
33 12 0 78.9949 6.63914
33 13 0 95.8769 12.0941
33 14 0 90.5952 50.7053
33 15 0 62.8545 45.9545
33 16 0 7.10813 71.7887
33 17 0 2.46082 92.616
33 18 0 59.0126 19.2491
33 19 1 25.3171 2.55856
33 20 0 94.8326 19.4475
33 21 0 50.2063 10.0817
33 22 0 52.1844 11.8481
33 23 0 89.0943 24.1577
33 24 0 17.6502 83.9737
33 25 0 95.1965 1.70728
33 26 0 82.7744 43.4756
33 27 0 34.3929 92.3063
33 28 0 90.824 97.8943
33 29 0 99.9571 54.3327
33 30 1 63.0636 53.3801
33 31 0 46.3677 56.6406
33 32 0 40.8604 18.9172
33 34 1 32.761 41.6798
33 35 0 73.3381 9.78273
33 36 0 32.5114 18.9562
33 37 0 67.0409 94.8016
33 38 0 41.5254 30.3612
33 39 0 88.4314 21.9087
33 40 0 8.34068 96.6084
33 41 1 2.45906 89.3251
33 42 0 29.3742 87.3353
33 43 0 72.7603 99.6942
33 44 0 55.6133 58.836
33 45 0 33.672 95.7039
33 46 0 91.9387 20.2453
33 47 0 38.3125 70.3332
33 48 0 35.3296 54.9532
33 49 0 56.6275 58.7907
33 50 0 91.7134 15.8514
33 51 1 43.4032 38.1814
33 52 0 6.51989 27.4715
33 53 0 77.8549 96.462
33 54 0 67.8792 14.9221
33 55 0 13.3758 68.1157
33 56 0 44.8795 15.7826
33 57 0 5.76477 32.1039
33 58 0 33.9144 73.7254
33 59 0 5.26825 68.8043
33 60 0 66.1993 72.4116
34 1 1 23.696 9.90341
34 2 0 16.719 10.3392
34 3 0 81.7539 10.1912
34 4 0 17.9602 84.1563
34 5 0 27.6556 96.7428
34 6 0 26.9282 61.0786
34 7 0 29.1098 14.2668
34 8 0 37.4383 47.3635
34 9 0 51.2202 86.8979
34 10 0 8.6695 68.8133
34 11 1 10.6576 46.6735
34 12 1 67.3093 50.5179
34 13 0 68.3811 30.526
34 14 0 42.9968 86.8468
34 15 0 48.4983 30.9971
34 16 0 27.6189 87.5708
34 17 0 48.4323 62.3472
34 18 0 95.9599 10.0684
34 19 0 38.4255 14.2404
34 20 0 77.8694 20.1916
34 21 0 22.9859 96.244
34 22 0 81.9318 60.0232
34 23 0 7.99205 57.4205
34 24 0 46.1623 3.911
34 25 0 8.82169 51.8236
34 26 0 48.1894 56.8446
34 27 0 70.678 19.7563
34 28 0 74.2144 62.8599
34 29 0 24.8356 85.3464
34 30 0 64.1767 3.06989
34 31 0 86.149 56.3581
34 32 1 64.9767 97.863
34 33 0 31.7394 45.3511
34 35 1 49.6723 65.1045
34 36 0 17.5204 0.793444
34 37 0 22.4448 94.7497
34 38 0 42.4425 85.9519
34 39 0 42.9521 35.4195
34 40 0 7.52189 43.2511
34 41 0 29.5007 80.83
34 42 0 2.23636 74.9161
34 43 0 7.511 41.6202
34 44 0 96.55 27.2307
34 45 0 85.1734 75.5674
34 46 0 43.3862 69.0022
34 47 0 20.4556 68.2874
34 48 0 3.82548 38.965
34 49 0 76.7757 69.8266
34 50 0 2.09818 7.22921
34 51 0 1.00824 84.4253
34 52 0 19.0218 50.6911
34 53 0 39.4277 55.8338
34 54 0 8.85358 22.3838
34 55 0 45.4199 33.8859
34 56 0 19.3627 40.9419
34 57 0 17.5042 50.4148
34 58 0 94.4526 31.2079
34 59 0 72.7539 95.6477
34 60 0 31.5549 23.7134
35 1 1 19.5725 81.1023
35 2 0 96.5507 65.7359
35 3 0 67.6035 1.37899
35 4 0 47.102 65.0814
35 5 0 69.1851 35.5605
35 6 0 65.6352 64.6533
35 7 0 7.31681 86.3642
35 8 0 46.3104 84.7582
35 9 0 38.4421 22.3405
35 10 0 93.1187 47.1628
35 11 0 96.7661 60.8277
35 12 0 7.40806 93.2242
35 13 1 66.3224 18.3173
35 14 0 85.2898 85.0265
35 15 0 75.457 76.0297
35 16 0 91.6891 41.6438
35 17 0 19.6006 74.3479
35 18 0 64.545 23.3623
35 19 0 92.1592 31.1167
35 20 0 41.1444 24.3514
35 21 0 6.13669 34.5093
35 22 0 61.462 23.043
35 23 0 30.6475 58.431
35 24 0 16.4932 57.815
35 25 0 28.3494 59.7718
35 26 0 83.9355 16.293
35 27 0 17.805 32.886
35 28 0 3.20223 86.6528
35 29 0 16.0368 15.592
35 30 1 72.4991 3.66888
35 31 0 11.9225 43.39
35 32 0 54.9396 61.8024
35 33 0 12.7153 50.2675
35 34 0 59.0712 64.9327
35 36 1 85.6352 37.6427
35 37 0 29.5858 76.7196
35 38 0 19.9472 54.5583
35 39 0 14.0477 11.0062
35 40 0 98.2142 65.5205
35 41 0 18.3665 20.5372
35 42 1 42.5914 84.2804
35 43 0 91.8674 67.9287
35 44 0 48.0331 2.5942
35 45 0 73.6216 0.665578
35 46 0 33.5776 28.2575
35 47 1 81.8388 97.1773
35 48 0 53.2321 95.9055
35 49 0 83.1736 73.8946
35 50 1 1.67781 12.2172
35 51 0 99.0253 25.0364
35 52 0 61.9567 20.7855
35 53 0 29.695 17.8307
35 54 0 55.2445 46.0335
35 55 0 99.0244 84.1783
35 56 0 21.0856 80.9868
35 57 0 95.1236 65.4907
35 58 0 27.473 86.465
35 59 0 98.5048 90.6744
35 60 1 1.52977 36.7605
36 1 0 42.0076 49.9604
36 2 0 65.0762 79.1228
36 3 0 99.39 87.7774
36 4 0 66.6293 50.9227
36 5 1 52.5513 77.1179
36 6 0 86.5322 45.832
36 7 0 43.4197 69.7286
36 8 0 35.0555 25.7552
36 9 0 86.4334 15.8354
36 10 0 64.4816 28.3733
36 11 0 78.4961 40.5874
36 12 0 25.2425 78.0357
36 13 0 66.8095 51.2515
36 14 0 50.2868 24.9093
36 15 0 70.766 84.3732
36 16 0 57.8143 28.7075
36 17 0 70.5684 21.8592
36 18 0 84.5851 46.1075
36 19 0 31.6473 83.8561
36 20 0 53.216 79.4123
36 21 0 54.6321 78.0588
36 22 0 91.2226 44.0127
36 23 0 35.9336 61.4628
36 24 0 22.1177 35.936
36 25 0 64.7056 63.6384
36 26 0 96.6749 75.2433
36 27 0 64.4057 99.3653
36 28 0 10.3882 52.6629
36 29 0 38.7388 21.6852
36 30 0 22.5215 87.4851
36 31 0 48.7541 14.2801
36 32 0 36.013 64.9789
36 33 0 48.7802 87.6289
36 34 0 62.5513 35.0702
36 35 0 82.7778 5.71117
36 37 1 39.0156 23.9508
36 38 0 7.93701 62.7464
36 39 0 39.3736 37.1184
36 40 0 40.1385 50.6968
36 41 0 46.8018 59.2691
36 42 0 81.3662 84.0513
36 43 0 10.7082 6.07086
36 44 0 46.7786 61.9225
36 45 0 80.7815 6.19419
36 46 0 15.8565 68.8293
36 47 0 5.43613 70.1696
36 48 0 93.1839 82.6295
36 49 0 59.8054 9.47634
36 50 0 85.1776 66.6993
36 51 0 94.5036 45.8933
36 52 0 94.7214 32.9866
36 53 0 94.8996 85.4222
36 54 0 78.3347 61.3641
36 55 0 46.0014 13.9075
36 56 0 19.9111 46.465
36 57 0 10.8565 99.6579
36 58 0 47.2137 3.42472
36 59 0 56.643 42.9751
36 60 0 21.8835 20.2199
37 1 0 97.3679 35.3401
37 2 0 83.9918 94.7482
37 3 0 94.5943 5.01474
37 4 0 71.9584 39.5253
37 5 0 70.92 87.2579
37 6 0 95.4837 8.00657
37 7 0 59.1854 68.1909
37 8 0 91.3091 6.98516
37 9 0 87.8857 81.2392
37 10 0 79.8464 32.8613
37 11 0 5.09674 50.4854
37 12 0 38.5665 33.1368
37 13 0 97.3928 41.848
37 14 0 60.8943 1.24757
37 15 0 95.7147 31.4768
37 16 0 17.8257 33.886
37 17 0 44.9003 95.2631
37 18 0 60.9319 49.8559
37 19 0 65.9261 70.0588
37 20 0 54.9378 54.4658
37 21 0 78.3459 98.2463
37 22 0 76.476 2.79881
37 23 0 48.2919 9.64451
37 24 1 68.1794 53.5912
37 25 0 64.9708 53.2789
37 26 0 98.9713 86.1884
37 27 0 79.7326 62.5264
37 28 0 43.8186 10.6619
37 29 0 16.4276 33.9731
37 30 0 95.3422 86.4082
37 31 0 20.3246 41.6241
37 32 0 81.6518 21.2596
37 33 0 50.6015 67.9835
37 34 0 39.0364 87.0795
37 35 0 46.765 38.6268
37 36 0 9.79376 53.2137
37 38 1 32.7757 47.8025
37 39 0 21.9725 92.0327
37 40 0 99.2982 5.4777
37 41 0 27.1667 28.7471
37 42 0 99.8367 82.9587
37 43 0 50.9815 7.22637
37 44 0 72.6771 44.7226
37 45 0 28.7639 33.1411
37 46 0 80.4281 65.9867
37 47 0 91.4744 0.87166
37 48 0 82.0381 40.1103
37 49 0 75.1873 15.5292
37 50 0 58.4899 56.5796
37 51 0 97.0537 30.952
37 52 0 72.3504 74.3443
37 53 0 57.4553 82.6957
37 54 1 98.3122 5.29814
37 55 0 32.5514 68.0892
37 56 0 5.02837 38.9718
37 57 0 31.6265 34.8034
37 58 1 10.5965 99.4913
37 59 0 38.8469 59.198
37 60 0 83.7257 88.2194
38 1 0 43.9047 48.4174
38 2 0 78.3566 49.9928
38 3 0 61.325 44.0051
38 4 0 99.4327 88.0211
38 5 0 82.2104 42.3243
38 6 0 51.0044 0.571752
38 7 0 92.4054 99.2821
38 8 0 89.1619 75.9242
38 9 0 14.5402 78.3545
38 10 0 42.1766 52.9804
38 11 0 42.2635 39.7355
38 12 0 6.10091 54.6725
38 13 0 95.9862 98.8101
38 14 0 78.1074 45.1666
38 15 0 6.50909 32.4729
38 16 0 7.82691 70.7526
38 17 0 4.06289 93.2262
38 18 0 50.9054 28.7183
38 19 0 14.8776 3.9657
38 20 0 92.3726 24.469
38 21 1 47.8529 30.9223
38 22 0 39.8255 61.0222
38 23 0 62.5603 66.4162
38 24 0 60.8334 50.0122
38 25 1 3.63954 59.9681
38 26 0 67.318 83.6354
38 27 0 47.0495 79.0995
38 28 0 10.1922 17.7343
38 29 1 61.8768 72.245
38 30 0 80.5726 51.5606
38 31 0 41.1021 69.5806
38 32 0 37.9634 97.0839
38 33 0 99.9937 70.2714
38 34 0 69.6687 16.5998
38 35 0 34.927 78.8318
38 36 0 99.3489 36.3645
38 37 0 78.5414 80.1973
38 39 1 12.8048 57.7225
38 40 0 30.3572 11.8699
38 41 0 51.5238 88.1101
38 42 0 13.9543 71.8517
38 43 0 81.7185 32.2849
38 44 0 21.7716 34.8008
38 45 0 51.6556 24.4726
38 46 0 47.9037 60.3622
38 47 0 6.00109 41.0092
38 48 0 84.4302 11.4721
38 49 0 77.1818 35.7355
38 50 0 97.7333 15.6023
38 51 0 35.8874 40.8811
38 52 0 55.7706 23.9123
38 53 0 63.5654 28.3366
38 54 0 94.1084 6.96636
38 55 1 67.0731 45.8671
38 56 0 17.8501 51.9031
38 57 0 3.80068 55.817
38 58 0 77.3547 13.7901
38 59 0 5.83156 71.9961
38 60 0 38.4934 25.3499
39 1 0 11.6486 40.9515
39 2 0 60.3131 38.0277
39 3 0 81.6382 84.061
39 4 0 73.017 41.7467
39 5 0 90.9416 55.3738
39 6 0 3.41416 6.16033
39 7 0 36.9126 99.5573
39 8 0 87.1019 92.4039
39 9 0 0.946381 89.6032
39 10 1 72.5257 5.77081
39 11 0 96.3725 16.6955
39 12 0 84.3033 12.8434
39 13 1 39.1739 36.731
39 14 0 90.484 67.4702
39 15 0 63.4969 59.8304
39 16 1 68.1314 53.1578
39 17 0 84.7504 10.0028
39 18 1 52.7351 93.7685
39 19 1 87.1245 62.4854
39 20 0 8.90349 69.7351
39 21 0 85.0757 90.0756
39 22 0 71.1561 83.9066
39 23 0 44.5443 14.9104
39 24 0 30.1327 28.4095
39 25 0 42.7707 93.0262
39 26 0 51.6994 96.2625
39 27 0 40.9277 16.57
39 28 0 18.1027 24.6581
39 29 0 0.383084 32.3195
39 30 1 19.1006 1.17901
39 31 0 96.5245 12.1048
39 32 0 6.87868 11.4248
39 33 0 20.6773 13.6665
39 34 0 74.859 20.6892
39 35 0 24.0797 9.42749
39 36 0 11.8612 92.0832
39 37 0 65.07 29.5312
39 38 0 88.1349 22.6411
39 40 1 33.5602 14.8937
39 41 0 40.5225 41.7142
39 42 0 49.0059 98.9475
39 43 0 1.18268 1.00531
39 44 0 38.2028 95.5205
39 45 0 35.8812 30.8426
39 46 1 88.5317 61.2499
39 47 0 1.54383 92.0774
39 48 0 49.1458 35.5127
39 49 0 55.462 78.8127
39 50 0 21.1381 11.1925
39 51 0 82.9368 54.5984
39 52 0 10.0404 38.3002
39 53 0 58.6282 68.0023
39 54 0 55.8983 4.45468
39 55 0 8.69894 18.4283
39 56 0 67.6375 71.3142
39 57 0 82.96 45.1032
39 58 0 34.9515 7.09651
39 59 0 8.415 92.0514
39 60 0 28.5926 37.5042
40 1 0 54.7818 84.3311
40 2 0 34.9931 35.8196
40 3 1 84.8936 32.695
40 4 0 23.4639 54.2152
40 5 0 55.5339 25.2326
40 6 0 10.3748 69.1888
40 7 0 29.092 47.4376
40 8 0 76.8971 94.3376
40 9 0 58.097 45.1882
40 10 0 49.9753 83.1347
40 11 0 14.6016 53.5558
40 12 0 17.8422 26.4939
40 13 0 46.0545 82.8208
40 14 0 53.1954 41.0964
40 15 0 87.8924 16.5338
40 16 0 30.9293 88.103
40 17 0 53.3381 49.1245
40 18 0 25.6039 60.5349
40 19 0 46.3957 10.2182
40 20 1 73.3817 89.97
40 21 0 18.3231 13.8316
40 22 0 14.1413 81.0386
40 23 0 40.2043 4.85452
40 24 0 93.9316 44.927
40 25 0 54.9216 27.7111
40 26 0 26.6032 2.57223
40 27 0 19.8387 60.2157
40 28 0 3.11983 39.1657
40 29 0 29.4826 9.35048
40 30 1 32.8034 44.5143
40 31 0 58.692 71.5393
40 32 0 70.2731 69.3497
40 33 0 58.5918 76.7348
40 34 0 60.2641 63.6985
40 35 1 31.2512 75.9914
40 36 0 82.8203 59.9099
40 37 0 74.117 23.7379
40 38 0 50.729 27.415
40 39 0 52.4028 61.5139
40 41 1 69.3118 91.0427
40 42 0 58.3166 52.4192
40 43 0 27.6421 71.0422
40 44 0 70.7182 82.0289
40 45 0 6.26981 31.466
40 46 0 5.96638 63.3978
40 47 0 20.2171 5.47295
40 48 0 61.0978 82.5829
40 49 0 80.773 42.6526
40 50 0 58.7317 49.0539
40 51 0 76.7699 67.2362
40 52 0 53.2439 53.1531
40 53 0 15.0991 7.31258
40 54 0 6.1041 30.3627
40 55 0 94.5489 77.6052
40 56 0 94.9018 83.9127
40 57 0 90.5911 42.5097
40 58 0 25.0748 59.7626
40 59 0 71.4954 31.6153
40 60 0 23.0373 62.8962
41 1 0 31.2125 96.5589
41 2 0 55.7496 9.86064
41 3 0 49.2962 57.8004
41 4 0 79.3979 98.122
41 5 0 64.3104 83.7306
41 6 0 64.7886 83.099
41 7 1 40.3524 5.12807
41 8 0 91.646 66.2249
41 9 0 32.5115 18.413
41 10 0 51.6105 48.6948
41 11 0 53.8564 29.4829
41 12 0 42.0584 97.5657
41 13 0 47.1267 46.9926
41 14 0 76.226 5.50776
41 15 1 4.50701 80.9625
41 16 0 86.636 21.0259
41 17 0 23.4802 57.8122
41 18 0 71.7516 57.0207
41 19 0 71.8196 12.5057
41 20 0 26.4062 23.5034
41 21 0 25.3866 77.7627
41 22 1 56.7358 86.7367
41 23 0 64.3604 15.9348
41 24 0 2.64657 31.755
41 25 0 69.9266 72.8309
41 26 1 8.56528 37.8157
41 27 0 87.13 63.5289
41 28 1 37.3715 69.5574
41 29 0 63.7119 84.3245
41 30 0 3.36964 87.4743
41 31 0 81.5694 19.8885
41 32 0 17.5932 87.6963
41 33 0 2.66592 50.7422
41 34 0 33.48 11.0718
41 35 0 47.3518 61.7396
41 36 0 6.05039 35.7097
41 37 0 96.0002 11.9095
41 38 0 65.1169 44.5557
41 39 0 47.3074 5.73432
41 40 0 12.6799 62.7773
41 42 1 83.7059 57.7389
41 43 0 75.6994 83.6095
41 44 0 88.9737 5.92497
41 45 0 19.9872 27.347
41 46 0 16.83 57.9063
41 47 0 80.334 9.22591
41 48 0 30.0613 82.9117
41 49 0 29.4664 59.8611
41 50 0 22.8402 47.8625
41 51 1 2.85752 11.023
41 52 0 73.5685 86.8807
41 53 0 88.4773 81.0304
41 54 1 73.8218 97.417
41 55 0 53.2199 28.584
41 56 0 9.11665 68.9135
41 57 0 52.1963 87.0058
41 58 0 41.2334 66.9601
41 59 0 23.5977 36.9091
41 60 0 47.5236 25.6671
42 1 1 3.25948 38.8148
42 2 0 11.3799 41.7142
42 3 0 8.33304 45.7212
42 4 0 40.91 3.98211
42 5 0 87.6465 85.901
42 6 0 66.1914 99.011
42 7 0 55.4813 73.5494
42 8 0 32.9351 77.9819
42 9 0 66.4136 46.0832
42 10 0 20.3799 10.5884
42 11 0 22.6733 11.8145
42 12 0 73.904 70.5726
42 13 0 78.1658 87.1898
42 14 0 36.2601 29.0392
42 15 0 67.8376 44.0047
42 16 0 35.4797 60.0923
42 17 0 58.2629 78.8944
42 18 0 46.9152 98.5467
42 19 0 4.37971 61.3427
42 20 1 9.73272 93.6949
42 21 0 77.867 49.7597
42 22 0 19.3475 78.5335
42 23 0 7.20559 30.3122
42 24 0 10.3807 86.8483
42 25 0 58.4345 68.8039
42 26 0 54.1516 0.289689
42 27 0 24.6594 63.9748
42 28 0 4.31676 20.8318
42 29 0 30.7288 77.8639
42 30 0 75.9771 31.2525
42 31 0 8.88356 17.8841
42 32 0 61.1215 65.3369
42 33 0 45.7586 16.8153
42 34 0 29.4431 34.8737
42 35 1 51.7591 26.3066
42 36 0 74.7003 35.7869
42 37 0 51.7297 21.2912
42 38 0 69.8866 14.5243
42 39 0 98.8429 24.4902
42 40 0 11.0482 6.42269
42 41 0 69.1645 57.0028
42 43 1 48.2445 73.3586
42 44 0 26.4432 87.2988
42 45 0 59.3114 23.6044
42 46 0 55.3837 88.4525
42 47 0 45.9555 20.373
42 48 0 49.0157 38.0026
42 49 0 33.242 69.7417
42 50 0 50.1598 19.2299
42 51 1 95.3148 80.6053
42 52 0 61.4255 87.297
42 53 0 17.9181 5.98343
42 54 0 70.925 58.5607
42 55 0 86.2352 39.8954
42 56 0 63.7096 32.6611
42 57 0 79.2053 60.8874
42 58 0 20.8995 21.7805
42 59 0 6.07254 54.3366
42 60 0 27.3548 67.6018
43 1 0 98.539 77.5109
43 2 0 84.7878 9.70791
43 3 0 42.0002 14.4166
43 4 0 67.9061 9.8583
43 5 0 25.0121 26.4841
43 6 0 25.4225 41.9628
43 7 0 4.2971 49.0457
43 8 0 27.7459 92.312
43 9 0 21.3317 37.5256
43 10 0 77.5467 41.9735
43 11 0 16.0309 32.6198
43 12 0 84.472 48.3331
43 13 0 2.6537 41.7889
43 14 0 28.6103 20.0055
43 15 0 7.04289 69.4971
43 16 1 30.6609 34.6793
43 17 0 81.3657 69.4614
43 18 0 61.8861 21.312
43 19 1 82.7087 54.1275
43 20 0 79.5583 37.2176
43 21 0 84.4932 90.2793
43 22 1 90.9251 92.6388
43 23 0 67.3914 45.6465
43 24 0 90.3198 59.9508
43 25 1 97.0739 34.1506
43 26 0 76.4207 33.0529
43 27 0 76.05 80.6637
43 28 0 30.0204 35.1342
43 29 0 82.3692 60.7372
43 30 0 52.0265 90.6397
43 31 0 90.4468 84.0623
43 32 0 40.9186 45.7416
43 33 0 0.695563 35.4371
43 34 0 77.8415 8.81667
43 35 0 52.1907 21.2435
43 36 0 3.40156 30.6696
43 37 0 21.6353 1.16164
43 38 0 51.0428 96.3894
43 39 0 24.1001 50.4053
43 40 0 74.9287 18.4354
43 41 0 84.8513 68.4251
43 42 1 51.5669 16.4546
43 44 1 62.8252 95.5445
43 45 0 97.6191 34.1293
43 46 0 18.7618 15.2007
43 47 0 80.7987 17.5537
43 48 0 9.57051 16.8606
43 49 0 28.3029 37.4751
43 50 0 69.088 12.0315
43 51 0 20.5594 25.3388
43 52 0 89.1142 69.6277
43 53 0 70.0403 24.4916
43 54 0 89.4673 63.491
43 55 0 86.2874 23.0659
43 56 0 1.84211 46.4607
43 57 0 41.8754 74.0472
43 58 0 66.5224 64.4497
43 59 0 65.1301 64.737
43 60 0 56.1791 86.9583
44 1 0 81.9681 0.405089
44 2 0 33.5786 11.283
44 3 0 58.6536 72.5798
44 4 0 45.236 82.0424
44 5 0 37.9324 26.2911
44 6 0 80.9584 48.3566
44 7 0 41.5892 19.5782
44 8 0 76.5041 36.6314
44 9 0 99.454 77.5613
44 10 0 1.98067 52.0989
44 11 0 59.1109 10.9132
44 12 0 93.2496 28.2571
44 13 0 84.9566 64.0097
44 14 0 32.5197 8.78344
44 15 0 6.1399 13.5739
44 16 0 51.2037 53.349
44 17 0 60.3162 63.3046
44 18 0 36.113 15.9084
44 19 0 77.7446 43.4984
44 20 0 99.8286 50.3751
44 21 0 18.9444 49.2627
44 22 0 77.2587 14.0005
44 23 0 1.63111 59.2536
44 24 0 98.9683 89.4295
44 25 0 14.0481 9.31065
44 26 1 82.1156 73.1992
44 27 0 53.6625 17.1731
44 28 0 90.9653 43.2709
44 29 0 79.5961 54.6922
44 30 1 55.979 74.8324
44 31 0 17.1791 82.9471
44 32 0 73.1416 28.8629
44 33 0 49.1284 25.6807
44 34 1 30.0981 98.4539
44 35 0 72.0705 57.2127
44 36 0 28.8624 8.39761
44 37 0 35.3089 16.3969
44 38 0 55.6376 91.7178
44 39 0 30.2895 71.4777
44 40 0 5.32821 28.836
44 41 0 60.6077 31.6917
44 42 0 20.2092 63.3399
44 43 0 7.24456 7.70175
44 45 1 14.8945 3.19255
44 46 0 91.5022 8.32923
44 47 0 28.5771 51.9539
44 48 0 39.3668 11.4296
44 49 0 89.4899 57.6858
44 50 0 1.46561 89.8066
44 51 0 17.3688 38.6872
44 52 0 75.8689 80.2654
44 53 0 59.3573 77.9859
44 54 0 59.825 75.1978
44 55 0 84.0476 77.4449
44 56 0 31.3749 15.7683
44 57 0 93.9942 59.1588
44 58 0 39.304 50.7991
44 59 0 43.9906 20.2544
44 60 0 46.8311 6.26811
45 1 0 15.9766 53.116
45 2 0 97.0099 37.9013
45 3 0 17.3092 81.5861
45 4 0 95.0351 66.2421
45 5 0 70.6988 45.1654
45 6 0 31.606 10.4351
45 7 0 96.2974 15.3895
45 8 0 2.97153 39.5316
45 9 0 16.5584 65.1998
45 10 0 0.99381 22.4223
45 11 0 62.8403 34.3375
45 12 0 37.1268 67.8183
45 13 0 51.157 65.8027
45 14 0 34.2429 99.717
45 15 0 31.5439 19.4564
45 16 0 12.3614 6.89826
45 17 0 89.0803 39.1322
45 18 0 50.1706 23.176
45 19 0 27.0966 75.7984
45 20 0 23.9811 18.2627
45 21 0 83.3253 41.3382
45 22 0 16.957 1.53779
45 23 0 56.2042 82.3007
45 24 0 96.4681 13.3971
45 25 0 58.8899 21.5222
45 26 1 39.832 49.9598
45 27 0 35.0935 97.1166
45 28 0 83.2467 66.0409
45 29 0 4.34707 44.2355
45 30 0 38.1141 45.6253
45 31 0 3.78124 69.3061
45 32 0 70.9227 34.3655
45 33 0 42.5377 44.1661
45 34 0 39.3169 27.0953
45 35 0 97.3497 41.5731
45 36 0 54.0966 57.3961
45 37 0 41.8373 71.2761
45 38 0 76.6627 90.7364
45 39 0 44.6564 82.0214
45 40 0 18.2957 72.7444
45 41 0 61.1496 50.1914
45 42 1 56.4715 94.6133
45 43 0 53.829 76.93
45 44 0 74.4729 10.8513
45 46 1 51.3816 57.8991
45 47 0 72.4343 97.0065
45 48 0 14.5218 50.9643
45 49 1 78.1675 5.21535
45 50 0 95.105 79.5176
45 51 0 59.8057 18.4196
45 52 1 5.26944 77.126
45 53 0 56.4189 63.4334
45 54 0 63.4927 18.5147
45 55 0 76.2767 14.24
45 56 0 74.9942 14.8239
45 57 0 94.8337 31.2591
45 58 0 9.64017 6.10748
45 59 0 61.5641 17.2122
45 60 0 22.2657 77.3744
46 1 0 77.8428 32.1517
46 2 0 19.9262 9.23197
46 3 0 87.2707 73.6205
46 4 0 72.1363 91.8965
46 5 0 99.0521 33.2479
46 6 0 53.8332 7.03505
46 7 0 22.2178 38.0123
46 8 0 12.0787 40.0046
46 9 0 1.00961 66.0132
46 10 0 24.7502 57.2481
46 11 0 23.1515 56.3185
46 12 0 71.7012 88.8037
46 13 0 32.9968 80.745
46 14 0 58.1699 84.8762
46 15 0 56.0847 23.2333
46 16 0 71.9535 50.0777
46 17 0 30.578 85.5606
46 18 0 31.9774 71.8504
46 19 0 56.8261 88.8638
46 20 0 75.7628 35.2303
46 21 0 6.44929 48.044
46 22 0 58.9154 42.4318
46 23 0 78.2658 83.2806
46 24 0 0.82761 97.2507
46 25 0 91.6863 44.4866
46 26 1 61.6548 48.4983
46 27 0 68.4662 28.8572
46 28 0 4.82758 81.5058
46 29 0 20.3044 77.4158
46 30 0 93.1802 62.4863
46 31 0 31.5354 81.7262
46 32 1 37.7449 68.0114
46 33 0 69.7361 84.9044
46 34 0 1.04461 42.1891
46 35 0 28.5376 3.3306
46 36 1 8.61175 61.7847
46 37 0 17.3345 11.5326
46 38 0 17.4216 25.183
46 39 0 23.8259 11.7025
46 40 0 82.0968 29.3398
46 41 0 69.9215 75.5202
46 42 1 54.3732 68.139
46 43 0 45.5138 98.3033
46 44 0 28.2393 28.0611
46 45 0 78.8239 13.2727
46 47 1 50.6877 72.1823
46 48 0 56.9879 73.1211
46 49 0 41.6359 52.4428
46 50 0 66.453 30.1031
46 51 0 20.7792 97.8952
46 52 0 74.3008 10.0465
46 53 0 30.6591 74.2368
46 54 0 31.3035 6.5669
46 55 0 93.6223 56.8374
46 56 0 74.1532 23.2424
46 57 0 61.5924 90.0357
46 58 0 14.7689 68.271
46 59 0 69.483 8.36616
46 60 0 38.0294 52.9832
47 1 0 9.89792 69.8401
47 2 1 7.67488 64.0419
47 3 0 93.8254 73.111
47 4 0 69.3581 49.78
47 5 0 67.8946 15.6408
47 6 0 62.3636 15.6698
47 7 0 50.533 77.8999
47 8 0 87.7779 24.764
47 9 0 7.88198 47.9239
47 10 0 9.51786 61.2113
47 11 0 95.8654 71.2875
47 12 0 66.7051 90.5349
47 13 0 18.4342 57.0746
47 14 0 42.4787 88.8289
47 15 1 95.3866 87.4334
47 16 0 24.3071 84.363
47 17 0 39.3419 28.8034
47 18 0 4.58118 2.19008
47 19 0 35.3171 56.0762
47 20 0 67.4158 45.6625
47 21 0 29.0779 22.6106
47 22 0 82.8291 66.8954
47 23 0 19.03 52.1365
47 24 0 44.9433 85.3627
47 25 0 99.2462 65.1829
47 26 0 23.9705 19.4943
47 27 0 21.3224 45.6502
47 28 0 69.5923 16.2881
47 29 0 12.1686 63.7378
47 30 0 38.0154 33.0025
47 31 0 66.1034 1.6277
47 32 0 13.7084 65.0367
47 33 0 8.85154 13.9661
47 34 0 12.6101 90.2936
47 35 0 58.9545 13.2543
47 36 0 83.8398 33.125
47 37 0 58.807 27.9886
47 38 0 76.2175 51.8052
47 39 0 13.2277 52.532
47 40 0 56.4037 98.8413
47 41 0 36.9175 8.73337
47 42 0 57.5959 58.094
47 43 0 25.0291 93.92
47 44 0 3.13428 54.4513
47 45 0 99.8249 71.1618
47 46 0 91.9746 84.2618
47 48 1 54.0794 77.3169
47 49 0 60.1594 41.9865
47 50 0 23.1631 88.692
47 51 0 17.3868 32.3876
47 52 0 11.5559 55.0788
47 53 0 43.8963 91.7495
47 54 0 38.6203 45.6358
47 55 0 64.9324 84.3738
47 56 0 16.3872 20.0173
47 57 0 93.7661 72.9568
47 58 0 70.2994 40.4273
47 59 0 78.4342 84.452
47 60 0 17.3458 5.73767
48 1 0 86.7786 46.9252
48 2 0 79.1117 11.0374
48 3 0 86.458 81.7546
48 4 0 78.9263 2.0161
48 5 0 14.2727 5.03099
48 6 0 47.7971 27.4431
48 7 0 90.399 9.68042
48 8 0 56.9985 50.0979
48 9 0 16.3112 25.3214
48 10 0 99.6299 73.8667
48 11 0 52.0813 62.8187
48 12 0 2.47243 55.7883
48 13 1 50.7157 86.0891
48 14 0 52.5818 65.8373
48 15 0 30.6005 11.0104
48 16 0 96.386 77.9743
48 17 0 87.2234 70.7445
48 18 1 81.1801 33.8264
48 19 0 93.6409 27.3033
48 20 1 30.7584 90.2102
48 21 0 78.7275 37.5455
48 22 0 17.2459 93.1139
48 23 0 93.3612 0.207017
48 24 0 52.0093 7.88094
48 25 0 2.97964 94.7218
48 26 0 41.8475 26.5837
48 27 0 20.4302 13.5506
48 28 0 19.4727 37.9458
48 29 0 68.2558 6.60956
48 30 0 19.186 8.2633
48 31 0 75.5584 11.3269
48 32 0 72.3299 60.2887
48 33 0 90.4237 5.96682
48 34 0 79.0823 54.9815
48 35 0 18.4613 85.5104
48 36 0 79.7308 72.7962
48 37 0 8.31762 62.8518
48 38 0 47.6502 50.3115
48 39 0 42.5287 14.5529
48 40 0 33.621 99.5081
48 41 0 8.87665 76.0989
48 42 0 69.5346 72.413
48 43 0 63.7524 99.1991
48 44 0 14.2254 93.7605
48 45 1 21.8922 81.2712
48 46 0 96.3404 95.0383
48 47 0 73.2105 64.1223
48 49 1 2.78713 31.8862
48 50 0 31.2211 60.6125
48 51 0 21.1351 28.1299
48 52 0 23.9831 30.4856
48 53 0 10.7329 85.1566
48 54 0 27.1871 54.031
48 55 0 41.9943 39.8081
48 56 0 59.4512 22.9373
48 57 1 7.47286 54.8528
48 58 0 74.269 25.7169
48 59 0 15.9769 25.0907
48 60 0 94.2649 39.8429
49 1 0 87.4407 24.3202
49 2 0 49.3436 49.8503
49 3 0 67.5409 35.9463
49 4 0 10.4303 30.7568
49 5 0 60.1784 27.0738
49 6 0 7.53838 40.1408
49 7 0 97.5317 45.7691
49 8 0 22.3093 79.3361
49 9 0 64.923 16.0988
49 10 0 47.871 70.5964
49 11 1 62.9316 44.6279
49 12 0 82.0771 82.1487
49 13 0 87.6026 4.29472
49 14 0 10.9424 78.4221
49 15 1 85.8215 73.8757
49 16 0 50.6493 24.5425
49 17 0 77.3208 41.9987
49 18 0 43.2391 3.59597
49 19 0 89.8797 0.491482
49 20 0 72.9717 57.5717
49 21 1 15.7099 88.6194
49 22 0 36.1543 45.2315
49 23 0 64.6586 26.2865
49 24 0 90.038 61.349
49 25 0 45.7344 89.5927
49 26 0 33.8467 65.4187
49 27 0 95.78 79.385
49 28 0 45.7637 60.3414
49 29 0 49.9531 67.6867
49 30 0 70.476 86.2236
49 31 0 38.4273 28.7277
49 32 0 61.8739 50.1613
49 33 0 2.1539 76.4002
49 34 0 83.5457 32.3808
49 35 0 69.285 6.75847
49 36 0 20.806 71.0438
49 37 0 2.04468 5.95742
49 38 1 88.2469 80.7267
49 39 0 12.9202 34.0562
49 40 0 67.7462 71.7415
49 41 0 91.3004 97.7032
49 42 0 35.5731 85.6824
49 43 0 80.4416 17.4243
49 44 0 10.4581 29.7261
49 45 0 34.6674 50.6366
49 46 0 94.2477 48.5893
49 47 0 19.8513 71.9948
49 48 0 47.8159 58.4957
49 50 1 64.9005 92.2105
49 51 0 81.6453 86.8779
49 52 0 65.9375 21.1884
49 53 0 10.9854 84.5459
49 54 0 51.2344 47.3974
49 55 0 76.6541 12.1628
49 56 0 26.1277 32.8154
49 57 0 18.8665 78.3033
49 58 0 80.5631 44.5873
49 59 0 20.7087 91.5403
49 60 1 85.1393 76.4769
50 1 0 54.2915 39.589
50 2 0 73.7554 13.969
50 3 0 57.5873 57.7018
50 4 0 37.008 25.0856
50 5 0 96.1815 17.0207
50 6 0 22.5371 12.9066
50 7 1 43.2369 34.4213
50 8 0 27.4972 16.6211
50 9 0 47.9553 91.3742
50 10 0 23.4809 15.1582
50 11 0 30.1592 26.0263
50 12 0 52.4842 13.3094
50 13 0 79.1669 71.9003
50 14 0 35.547 20.9927
50 15 0 60.8202 8.56191
50 16 0 73.07 59.2609
50 17 1 43.1938 18.0944
50 18 0 85.9099 22.4088
50 19 0 56.3889 37.3107
50 20 0 58.2948 24.5982
50 21 0 97.697 17.1293
50 22 0 77.3883 17.7496
50 23 0 58.7462 33.9012
50 24 0 92.6787 19.9986
50 25 0 30.8856 6.30626
50 26 0 74.4323 89.2576
50 27 0 41.3578 9.89912
50 28 0 99.7285 99.5847
50 29 0 50.3726 68.7583
50 30 0 83.7283 43.9501
50 31 0 20.3501 79.7236
50 32 0 38.1958 16.0338
50 33 0 85.9031 77.6201
50 34 0 36.8714 63.22
50 35 0 29.1234 74.5543
50 36 0 49.6076 19.5101
50 37 0 20.353 3.19689
50 38 0 89.9887 98.3605
50 39 0 21.3952 86.675
50 40 0 40.8891 0.0173622
50 41 0 6.60902 73.21
50 42 0 0.587695 85.6765
50 43 0 40.9961 0.414329
50 44 0 77.6749 63.6279
50 45 0 12.9561 69.5535
50 46 0 89.9394 45.9447
50 47 0 23.0279 92.2675
50 48 0 72.6944 24.6785
50 49 1 55.3404 20.1484
50 51 1 88.0598 34.4426
50 52 0 88.5851 92.1652
50 53 0 33.6195 29.0314
50 54 0 61.8623 20.5403
50 55 0 77.6784 37.6182
50 56 0 93.4823 38.8549
50 57 0 52.9214 86.5828
50 58 0 73.5811 18.3818
50 59 0 27.2588 28.0234
50 60 0 89.3279 27.6427
51 1 0 43.1692 70.0973
51 2 0 0.100761 76.6314
51 3 0 86.8567 88.8719
51 4 0 38.8968 86.1141
51 5 0 39.6108 75.1145
51 6 0 83.1307 84.8362
51 7 0 77.3898 14.1
51 8 0 45.6543 90.88
51 9 0 40.5798 14.9906
51 10 1 78.3369 74.706
51 11 0 20.7371 93.7596
51 12 0 29.2127 81.328
51 13 0 7.94125 97.1798
51 14 0 81.7568 35.2115
51 15 1 8.34399 4.40977
51 16 0 42.7309 47.643
51 17 0 45.8495 91.807
51 18 0 45.6353 84.5486
51 19 0 47.4193 22.6319
51 20 0 68.5394 30.6799
51 21 1 23.4008 47.009
51 22 1 49.3858 28.8287
51 23 0 47.0248 4.63848
51 24 0 55.1417 60.5658
51 25 0 39.0724 82.7077
51 26 0 91.9801 35.417
51 27 0 11.1363 50.8217
51 28 1 96.8275 20.986
51 29 0 4.64272 81.0131
51 30 0 98.7001 40.6097
51 31 0 77.8291 97.4936
51 32 0 37.4276 53.5462
51 33 0 38.9009 34.7141
51 34 0 3.01147 38.6245
51 35 0 91.9754 72.738
51 36 0 13.7765 31.6765
51 37 0 57.0589 61.4329
51 38 0 53.6237 94.3619
51 39 1 69.3284 86.3411
51 40 0 11.504 81.1322
51 41 0 40.9432 7.06686
51 42 0 98.6938 30.1295
51 43 0 30.9183 86.964
51 44 0 6.43439 6.78752
51 45 1 31.344 12.5374
51 46 0 44.3323 9.02789
51 47 0 75.9176 21.4712
51 48 0 44.0126 29.0359
51 49 0 81.1601 15.7721
51 50 0 10.2059 49.8108
51 52 1 74.3041 53.0266
51 53 0 14.1296 61.3155
51 54 0 12.3985 66.2739
51 55 0 28.9668 69.0556
51 56 0 6.09767 85.0589
51 57 0 87.6498 81.0865
51 58 0 77.5656 77.7719
51 59 0 58.2614 78.4032
51 60 0 81.9558 65.7515
52 1 0 77.8147 83.8012
52 2 0 88.6435 40.1046
52 3 1 80.204 32.4594
52 4 0 65.4593 41.9924
52 5 0 82.5501 81.7386
52 6 0 47.9772 98.3472
52 7 0 66.1135 8.34304
52 8 0 45.5412 14.2403
52 9 0 98.8258 66.3185
52 10 0 3.76665 94.5974
52 11 0 3.27722 64.7175
52 12 0 38.3655 49.2773
52 13 0 98.213 48.0551
52 14 0 12.033 11.9636
52 15 0 2.30217 19.14
52 16 0 66.4285 36.0664
52 17 0 59.6004 29.7812
52 18 0 93.1306 68.3127
52 19 0 63.6825 77.9672
52 20 0 31.9367 85.1904
52 21 0 71.2014 40.4216
52 22 0 94.4374 22.0499
52 23 0 31.6349 89.2905
52 24 0 96.4609 41.6442
52 25 0 2.27593 35.5372
52 26 0 7.92771 64.3926
52 27 0 83.5647 82.7817
52 28 0 60.5568 73.3122
52 29 1 84.9291 45.8762
52 30 0 30.3018 43.5372
52 31 0 92.6164 24.664
52 32 0 2.7693 58.2801
52 33 0 8.86372 61.5061
52 34 0 72.4837 93.5017
52 35 0 44.8291 24.7505
52 36 0 3.56471 60.8786
52 37 0 8.88291 56.9587
52 38 0 25.7268 86.8184
52 39 0 75.3542 64.3603
52 40 0 52.5302 71.2065
52 41 0 68.5913 46.5485
52 42 1 40.9939 63.4245
52 43 0 3.53447 86.5769
52 44 1 40.4178 71.4754
52 45 0 94.9888 98.6951
52 46 0 93.9197 57.7296
52 47 1 22.7559 9.05405
52 48 0 11.2069 61.7148
52 49 0 80.9072 17.7491
52 50 0 92.154 31.1565
52 51 0 24.2584 45.81
52 53 1 34.6298 28.8753
52 54 0 18.9444 69.1061
52 55 0 31.3326 77.5146
52 56 0 51.5496 7.04851
52 57 0 52.1576 89.2314
52 58 0 40.7261 13.8231
52 59 0 86.3485 39.8095
52 60 0 82.6165 3.7995
53 1 0 33.901 3.8433
53 2 0 1.76359 69.3844
53 3 0 11.7466 42.688
53 4 0 34.8069 75.5138
53 5 0 12.9802 57.0405
53 6 0 42.893 3.01001
53 7 0 2.89337 42.9008
53 8 0 81.0207 45.0683
53 9 0 99.2157 66.3083
53 10 0 77.3059 44.2124
53 11 0 78.6192 1.68086
53 12 0 30.1952 40.576
53 13 0 35.0583 57.5278
53 14 0 45.2127 15.4008
53 15 0 61.0722 88.3297
53 16 0 74.5929 73.1831
53 17 0 89.8174 56.0161
53 18 0 74.4745 21.4274
53 19 0 47.4613 13.6351
53 20 0 78.5898 22.2434
53 21 0 80.3662 7.42058
53 22 0 79.6708 79.8223
53 23 1 26.5999 94.502
53 24 0 89.4198 94.3704
53 25 0 82.4094 93.3978
53 26 0 64.1951 4.74251
53 27 0 43.5471 43.3842
53 28 0 91.3055 61.647
53 29 0 18.2771 12.132
53 30 0 69.1248 58.5359
53 31 0 18.5817 24.5387
53 32 0 54.3876 72.5084
53 33 0 31.0463 18.6741
53 34 0 15.2472 2.22343
53 35 1 90.5213 25.7021
53 36 0 96.2085 24.5663
53 37 0 58.4542 45.8114
53 38 0 30.7162 30.5245
53 39 0 91.1337 77.619
53 40 0 67.1479 63.0461
53 41 0 13.1842 39.3445
53 42 0 84.3405 74.9345
53 43 0 75.8388 51.4168
53 44 0 89.057 32.617
53 45 0 11.5831 93.3739
53 46 0 14.1159 40.4882
53 47 1 81.2897 69.6328
53 48 0 35.7005 57.7881
53 49 0 59.8065 37.4633
53 50 0 4.31055 28.4329
53 51 0 59.6082 22.5677
53 52 0 89.7593 34.4773
53 54 1 43.5983 44.3502
53 55 1 32.6214 60.0716
53 56 0 27.3089 85.3928
53 57 0 19.7653 62.5619
53 58 0 58.6602 80.7146
53 59 0 82.2007 29.3431
53 60 0 97.4187 31.5064
54 1 1 91.1935 21.9037
54 2 0 28.6724 28.0666
54 3 0 47.9231 7.90947
54 4 0 66.8995 47.9707
54 5 0 57.2191 73.0207
54 6 0 32.838 18.6997
54 7 0 41.7955 62.1859
54 8 0 96.6705 11.5767
54 9 0 77.5262 96.0158
54 10 0 18.6288 37.5879
54 11 1 38.163 67.0197
54 12 0 46.1839 50.2785
54 13 0 68.2397 86.4593
54 14 0 92.3483 69.2225
54 15 1 12.2805 99.4555
54 16 0 34.3026 88.0825
54 17 0 22.6765 45.1192
54 18 0 83.7952 69.2218
54 19 0 8.21748 75.8707
54 20 0 1.3976 94.5904
54 21 0 72.0611 70.5221
54 22 0 55.2369 97.3612
54 23 0 5.45553 58.8601
54 24 0 83.8443 49.1985
54 25 0 78.4217 86.2185
54 26 0 65.1348 98.8621
54 27 0 22.9448 59.9401
54 28 0 70.6717 57.8371
54 29 1 92.6303 13.3081
54 30 0 69.2743 83.5647
54 31 0 63.2179 67.1539
54 32 0 14.5448 21.6225
54 33 0 24.0553 74.7119
54 34 0 54.5346 73.6007
54 35 0 72.6867 10.4062
54 36 0 76.3773 68.2912
54 37 0 2.93579 92.4648
54 38 0 45.5034 35.4714
54 39 0 98.8425 14.579
54 40 0 11.1032 74.7557
54 41 0 92.775 96.622
54 42 0 3.12753 99.8223
54 43 0 44.8879 29.9279
54 44 0 98.8303 5.47774
54 45 0 40.659 85.4177
54 46 0 23.7099 12.3835
54 47 0 8.9354 26.6479
54 48 0 33.4233 18.188
54 49 0 69.1718 7.25637
54 50 0 64.4184 85.0173
54 51 1 79.7986 22.8078
54 52 1 14.7626 58.3815
54 53 0 75.4572 89.61
54 55 1 84.6217 98.5774
54 56 0 28.8073 21.9672
54 57 1 97.6879 3.20711
54 58 0 71.644 88.4645
54 59 0 10.4278 71.9452
54 60 0 55.1415 36.0104
55 1 0 77.3407 86.9976
55 2 0 78.2743 47.8553
55 3 0 83.0583 68.4484
55 4 0 30.7976 70.9612
55 5 0 46.6121 13.7776
55 6 0 36.8937 69.372
55 7 0 16.0403 25.6238
55 8 0 41.7919 59.0509
55 9 0 20.8113 1.95585
55 10 0 61.7738 58.8093
55 11 0 71.808 44.2572
55 12 0 57.2039 94.9484
55 13 0 98.1866 27.3233
55 14 0 8.88066 25.4325
55 15 0 99.7195 1.08249
55 16 0 94.3376 30.5204
55 17 0 92.8722 2.23053
55 18 0 62.7051 77.8344
55 19 0 60.1882 48.8725
55 20 0 76.3252 97.0874
55 21 0 90.9558 58.5913
55 22 0 16.6199 56.83
55 23 0 14.7494 80.276
55 24 1 60.5985 54.793
55 25 0 55.7488 55.0886
55 26 1 93.9722 78.0998
55 27 0 42.638 75.1934
55 28 0 92.596 0.65695
55 29 0 6.7193 65.2035
55 30 0 32.4815 22.8271
55 31 0 85.3341 44.0886
55 32 0 99.4137 42.3989
55 33 0 16.5433 15.2368
55 34 0 31.2871 58.9838
55 35 0 37.8217 98.3521
55 36 0 96.1563 29.6888
55 37 0 48.8627 62.4659
55 38 0 40.084 82.8678
55 39 0 25.0306 19.8484
55 40 0 57.7475 56.5485
55 41 0 65.0559 39.273
55 42 0 31.2106 65.7001
55 43 0 76.0667 47.8744
55 44 0 69.4834 75.0241
55 45 0 98.1713 41.3541
55 46 1 28.7236 67.7288
55 47 1 74.1991 0.115082
55 48 0 65.9252 38.2892
55 49 0 45.6339 75.9505
55 50 0 52.5806 14.887
55 51 0 83.8878 17.6557
55 52 0 71.8734 69.2723
55 53 0 33.6378 39.9194
55 54 0 19.065 50.7438
55 56 1 92.1237 29.8601
55 57 0 48.411 69.0329
55 58 0 65.2268 17.8163
55 59 0 75.1279 72.0603
55 60 0 63.7136 67.1093
56 1 0 40.5827 80.0581
56 2 0 67.1481 3.0153
56 3 0 20.8825 36.9222
56 4 0 72.9218 5.60273
56 5 0 76.6836 97.4115
56 6 1 73.723 61.2345
56 7 0 36.1705 35.6994
56 8 0 21.3432 6.02379
56 9 0 12.372 41.7828
56 10 0 26.0186 5.82972
56 11 0 58.4534 39.2277
56 12 0 26.5113 37.874
56 13 0 72.9849 8.25427
56 14 0 68.6484 59.7994
56 15 0 38.0087 4.8666
56 16 0 45.1739 74.41
56 17 1 72.9276 43.9879
56 18 0 34.6231 51.548
56 19 1 73.4397 48.1188
56 20 0 67.6317 34.1831
56 21 0 10.0288 64.3576
56 22 0 19.8889 25.7731
56 23 0 1.35181 93.43
56 24 1 36.5859 45.0459
56 25 0 86.3116 47.8862
56 26 0 68.8302 7.96045
56 27 0 95.9119 85.9885
56 28 0 88.8835 65.1453
56 29 0 76.2497 9.03751
56 30 0 17.5563 74.9837
56 31 0 57.1618 23.2848
56 32 0 56.6107 69.2361
56 33 0 0.195561 32.0615
56 34 0 9.5335 91.3434
56 35 0 18.2345 74.959
56 36 0 27.1554 0.2226
56 37 0 55.5027 70.001
56 38 0 23.2611 74.635
56 39 0 74.9092 88.8838
56 40 0 39.6369 95.7498
56 41 0 53.9226 97.7034
56 42 0 88.1434 43.8927
56 43 0 94.1469 35.319
56 44 0 43.4994 92.9696
56 45 1 35.1133 51.8884
56 46 0 29.5905 23.4728
56 47 0 47.7466 41.2432
56 48 0 81.8493 99.6177
56 49 0 67.787 89.8535
56 50 0 76.6656 0.530279
56 51 0 27.4604 69.32
56 52 0 46.9857 61.4113
56 53 0 0.113731 8.27434
56 54 0 83.0446 19.837
56 55 0 11.4749 3.48345
56 57 1 91.9482 4.33621
56 58 0 23.263 81.7533
56 59 0 26.3861 0.250103
56 60 0 6.70035 28.2221
57 1 0 43.6924 37.3078
57 2 0 98.2286 79.8848
57 3 0 51.2612 78.6559
57 4 0 94.0244 10.0099
57 5 0 69.5126 33.4526
57 6 1 74.5251 89.9716
57 7 0 70.409 75.2382
57 8 0 68.0489 51.204
57 9 0 57.9947 92.1312
57 10 0 86.7902 23.2815
57 11 0 27.011 48.2701
57 12 0 61.5153 6.66835
57 13 0 96.4076 99.0732
57 14 0 4.04998 67.8036
57 15 0 56.2444 27.0139
57 16 0 93.4737 93.4655
57 17 0 6.37869 96.9255
57 18 0 87.5008 12.7129
57 19 0 13.0701 85.8733
57 20 0 41.9523 50.5533
57 21 0 26.3291 82.8046
57 22 0 43.3771 8.5072
57 23 0 59.3982 4.59408
57 24 0 39.7367 22.7113
57 25 0 64.0622 27.4363
57 26 0 62.2684 50.0487
57 27 0 51.8657 62.4491
57 28 0 32.6593 3.07604
57 29 0 93.5388 80.5552
57 30 0 86.1204 35.7878
57 31 0 28.1635 21.7594
57 32 0 40.7152 22.793
57 33 0 6.29808 54.3237
57 34 0 25.0723 23.7163
57 35 0 4.99829 31.636
57 36 0 63.4872 91.3293
57 37 0 66.3184 68.9689
57 38 0 70.4689 29.1131
57 39 0 27.2488 90.4577
57 40 0 31.7024 71.2341
57 41 0 91.6324 91.86
57 42 0 65.6636 21.7107
57 43 0 26.9415 70.056
57 44 0 13.1723 7.29832
57 45 0 90.6622 54.4911
57 46 0 27.1229 5.52605
57 47 0 19.3949 31.4187
57 48 0 67.1988 22.129
57 49 0 54.0739 76.3802
57 50 0 28.5409 30.9266
57 51 1 13.0285 91.106
57 52 0 70.3435 62.8764
57 53 0 5.37355 49.2485
57 54 0 22.489 22.003
57 55 0 6.59615 71.7763
57 56 0 51.1591 51.5326
57 58 1 73.2746 63.0899
57 59 0 98.1453 73.1805
57 60 0 13.1274 40.0369
58 1 0 74.1913 29.5821
58 2 0 97.4376 64.5873
58 3 0 34.3505 60.3231
58 4 0 86.3644 47.86
58 5 0 7.5155 45.1736
58 6 0 66.7276 68.0478
58 7 0 28.9374 66.4753
58 8 0 70.9986 88.1702
58 9 0 33.5571 18.2904
58 10 0 18.9461 57.7702
58 11 0 40.6515 46.3245
58 12 0 69.4086 21.413
58 13 0 23.8911 72.6876
58 14 0 56.9505 49.6233
58 15 0 70.7579 84.5196
58 16 0 11.8738 81.7673
58 17 0 59.8973 81.9155
58 18 0 14.0634 35.0515
58 19 0 28.9097 95.7797
58 20 0 61.5175 12.393
58 21 0 12.3162 85.2199
58 22 0 94.9671 37.5043
58 23 0 55.3795 19.579
58 24 0 50.1024 73.6225
58 25 0 91.1418 73.5516
58 26 0 62.6776 83.5854
58 27 0 20.1343 10.8825
58 28 0 51.194 0.546306
58 29 0 29.4115 83.4892
58 30 0 73.6824 16.9899
58 31 0 85.706 70.3097
58 32 0 27.2191 10.5167
58 33 0 22.5466 48.6888
58 34 0 62.5776 81.4742
58 35 0 57.8501 63.2183
58 36 0 41.4973 78.0802
58 37 0 18.1777 43.5095
58 38 0 60.543 75.6451
58 39 0 79.3066 14.8875
58 40 0 94.0484 91.0265
58 41 0 44.0516 17.9493
58 42 1 77.9239 9.20784
58 43 0 16.9874 8.69944
58 44 0 91.5706 39.6825
58 45 0 19.3287 10.0609
58 46 0 87.014 9.57344
58 47 0 2.43526 95.7242
58 48 0 40.6647 24.7873
58 49 0 63.8419 31.8564
58 50 0 23.2159 17.8183
58 51 0 27.0556 89.7209
58 52 1 29.3465 51.7326
58 53 0 92.079 54.8267
58 54 0 52.8238 11.4815
58 55 0 43.9336 36.7678
58 56 0 46.9085 2.73248
58 57 0 12.7828 13.0162
58 59 1 60.6485 94.5252
58 60 0 26.281 55.6301
59 1 0 98.0208 16.7112
59 2 0 41.7673 55.2814
59 3 0 43.0708 54.2718
59 4 0 31.3248 90.6866
59 5 0 37.5826 83.423
59 6 0 7.15573 15.8021
59 7 0 71.7789 45.6292
59 8 0 44.5228 88.0927
59 9 0 63.3872 13.9084
59 10 0 91.1887 76.2539
59 11 0 30.2276 81.9636
59 12 0 36.2605 81.237
59 13 0 27.9967 3.43284
59 14 0 13.3414 69.9243
59 15 0 32.2153 56.126
59 16 0 51.0176 69.2291
59 17 0 34.4954 59.1184
59 18 0 17.0474 95.7808
59 19 0 13.1703 12.1767
59 20 0 80.2429 65.3315
59 21 0 5.25359 86.7326
59 22 0 94.4521 81.7641
59 23 0 97.0933 19.6426
59 24 0 28.7875 94.2693
59 25 1 26.4126 84.9931
59 26 0 15.1711 19.2916
59 27 0 63.9233 6.41131
59 28 0 65.8097 43.6944
59 29 1 88.1277 14.9748
59 30 0 90.0988 24.2093
59 31 1 16.7088 75.3386
59 32 0 88.9727 85.7571
59 33 0 24.1022 51.5677
59 34 0 8.13935 59.0121
59 35 1 42.3478 71.6062
59 36 0 75.2574 33.5558
59 37 0 91.6412 15.0684
59 38 0 63.3918 0.837073
59 39 0 93.7634 46.9374
59 40 1 7.95373 0.744678
59 41 0 80.9743 83.2726
59 42 0 59.1206 33.6768
59 43 0 90.3114 92.6982
59 44 0 18.1 33.8895
59 45 0 86.1438 39.9785
59 46 0 31.9051 71.2379
59 47 0 42.2588 89.5515
59 48 0 35.1832 51.6942
59 49 0 48.6576 85.4156
59 50 0 48.4698 76.0567
59 51 0 22.2968 1.6586
59 52 0 7.3589 57.7954
59 53 0 44.9453 79.4187
59 54 0 94.3932 33.0367
59 55 0 7.05331 24.4637
59 56 0 4.60119 68.6798
59 57 0 39.5376 76.7866
59 58 0 52.5699 4.18816
59 60 1 65.5976 62.8047
60 1 1 57.2206 45.5417
60 2 0 24.0406 76.6497
60 3 0 83.4952 95.8446
60 4 0 51.2501 54.9147
60 5 0 49.0649 2.14396
60 6 0 43.0049 90.3847
60 7 0 34.3598 57.9935
60 8 0 70.8018 95.4041
60 9 0 40.3043 0.347981
60 10 0 74.1982 79.2445
60 11 0 70.9944 56.8354
60 12 0 91.1097 38.2642
60 13 0 86.3008 61.5992
60 14 0 63.5908 98.781
60 15 0 84.7797 60.1113
60 16 0 0.730851 98.2959
60 17 0 28.3895 59.6733
60 18 0 69.4584 28.6513
60 19 0 14.6438 64.335
60 20 0 10.6381 42.824
60 21 0 5.32183 98.8874
60 22 0 74.4972 42.932
60 23 0 78.5693 59.4113
60 24 0 95.7889 57.3857
60 25 0 77.8139 97.9885
60 26 0 23.2336 25.2261
60 27 0 96.2453 17.6903
60 28 0 89.2029 49.4839
60 29 0 50.7715 72.3355
60 30 0 19.5194 19.1656
60 31 0 8.778 98.6159
60 32 0 18.4313 10.1654
60 33 1 15.8008 79.2316
60 34 0 43.1683 51.3475
60 35 0 28.7042 97.1139
60 36 0 29.3927 54.6874
60 37 0 3.15901 48.5143
60 38 0 70.6612 1.6733
60 39 0 3.87361 21.4287
60 40 0 62.8088 17.853
60 41 0 83.4208 61.177
60 42 0 94.9735 81.148
60 43 0 37.0671 51.2265
60 44 0 99.3885 63.235
60 45 0 78.2751 55.5161
60 46 0 48.7588 12.9549
60 47 0 62.9338 79.2695
60 48 0 23.5389 88.7815
60 49 0 30.6145 63.1069
60 50 0 93.56 8.95591
60 51 0 17.707 38.0317
60 52 0 30.3106 91.9021
60 53 0 60.7436 18.9697
60 54 0 83.5791 22.852
60 55 0 18.4088 65.2031
60 56 0 3.85267 39.2047
60 57 0 90.2198 74.1046
60 58 0 87.1246 23.0867
60 59 0 53.5733 70.3946
18.3536 17.0459 21.3763 27.4336 36.9904 20.2938 2.33873 9.70811 11.359 4.79371 6.95848 14.5568 5.9387 12.4562 10.4749 10.4534 14.1878 39.8306 5.96819 32.935 9.19414 28.0199 28.198 1.66013 2.92426 30.3662 24.8216 30.9181 8.79904 38.8434 31.2572 18.9329 26.5993 39.0038 5.21342 19.1395 29.762 26.2881 10.091 13.8111 2.86971 16.22 11.7176 18.1052 7.83988 35.8386 36.6243 17.5072 5.17632 28.547 21.8338 24.7682 5.52672 38.0789 31.2024 7.62482 38.3953 31.0554 28.9433 20.8978 