60
500
2
100
1 2 1 33.9505 73.2928
1 3 0 86.0458 72.1402
1 4 0 55.0135 24.0811
1 5 0 91.7635 17.6004
1 6 0 15.476 26.7863
1 7 0 72.1495 85.5369
1 8 0 7.50375 22.3215
1 9 0 66.4564 19.4603
1 10 0 48.5357 59.6786
1 11 0 74.3162 80.6772
1 12 0 65.1783 20.1182
1 13 0 20.1848 43.4754
1 14 0 51.5583 76.1219
1 15 0 16.458 25.5061
1 16 0 68.9351 22.7813
1 17 0 58.3349 45.317
1 18 0 64.1573 57.6533
1 19 1 20.7882 3.46615
1 20 0 86.6125 67.9043
1 21 0 75.8042 60.2225
1 22 0 6.69409 90.8627
1 23 0 51.9253 43.3566
1 24 0 97.0523 63.4127
1 25 0 10.5876 54.798
1 26 0 52.5596 75.5928
1 27 0 12.8897 77.0903
1 28 0 77.8107 8.73142
1 29 0 12.2948 78.0577
1 30 0 25.6184 48.9293
1 31 0 62.0507 31.6252
1 32 0 89.432 89.6206
1 33 0 4.34409 11.4078
1 34 0 9.00145 2.02337
1 35 0 39.5438 95.019
1 36 1 71.0007 88.5893
1 37 0 88.6476 98.4553
1 38 0 48.4925 34.4361
1 39 0 55.9723 39.0241
1 40 0 41.0072 26.3267
1 41 0 80.3935 57.0283
1 42 0 85.429 50.419
1 43 1 52.0981 9.85523
1 44 0 68.7841 37.6072
1 45 0 78.0411 26.3566
1 46 0 98.5337 75.5539
1 47 0 36.9385 93.1409
1 48 0 6.72534 33.8389
1 49 0 42.0756 15.5768
1 50 0 24.334 1.40272
1 51 0 8.35548 63.6985
1 52 0 26.6475 93.8241
1 53 0 34.8325 80.3773
1 54 0 76.4697 29.929
1 55 0 14.6282 41.7835
1 56 0 53.7573 30.6476
1 57 0 28.1623 4.25012
1 58 1 97.9518 91.3778
1 59 1 56.1121 67.7594
1 60 1 22.6311 86.1853
2 1 0 67.7433 85.122
2 3 1 62.3816 34.9481
2 4 0 30.3117 4.27955
2 5 0 60.4057 43.3832
2 6 0 93.6234 31.7856
2 7 0 8.84618 31.8098
2 8 1 53.1917 1.57823
2 9 0 66.9832 28.4367
2 10 0 14.0449 21.2616
2 11 0 47.553 16.0685
2 12 0 6.49302 68.7822
2 13 0 89.7545 27.9174
2 14 0 36.8362 84.0444
2 15 0 86.2964 57.4863
2 16 0 16.5095 4.38257
2 17 0 58.4393 77.1059
2 18 0 99.748 34.5492
2 19 0 38.7021 57.915
2 20 0 64.335 75.9563
2 21 0 63.8837 56.2221
2 22 0 79.1749 1.22025
2 23 0 81.9906 20.7146
2 24 0 32.7106 12.9027
2 25 0 87.3312 27.4188
2 26 0 63.0276 96.5066
2 27 0 92.2007 32.6379
2 28 0 57.9693 25.2943
2 29 0 30.9429 36.9256
2 30 0 29.2111 24.0149
2 31 0 52.6775 73.9637
2 32 1 75.9862 30.6075
2 33 1 83.4681 50.1346
2 34 0 91.5328 73.4356
2 35 0 28.0524 10.1997
2 36 0 46.9856 32.1487
2 37 0 73.8037 90.0893
2 38 0 26.2463 1.59071
2 39 0 42.8076 65.9856
2 40 0 64.6438 25.3916
2 41 0 26.5382 30.2819
2 42 0 52.4297 25.8065
2 43 0 43.7179 21.8663
2 44 0 86.0722 19.5367
2 45 0 31.8514 56.4305
2 46 0 91.7315 18.2198
2 47 0 8.23126 55.8726
2 48 0 18.7707 90.8411
2 49 0 93.7141 41.514
2 50 0 29.5012 18.9862
2 51 0 50.6125 27.9657
2 52 0 20.9717 99.2953
2 53 0 73.7094 35.0809
2 54 0 46.6147 47.5822
2 55 0 71.9942 18.4456
2 56 0 28.8117 58.4015
2 57 0 84.8188 19.7333
2 58 0 46.9359 41.0645
2 59 0 67.4211 33.9109
2 60 0 49.41 17.5751
3 1 0 75.5762 18.9955
3 2 0 66.1941 20.9188
3 4 1 26.4933 19.5568
3 5 0 6.76629 83.6486
3 6 0 73.7771 86.6827
3 7 0 68.2689 98.3164
3 8 0 17.7648 13.6245
3 9 0 4.48807 53.5989
3 10 0 13.955 54.1896
3 11 0 34.4781 13.6795
3 12 1 28.236 39.3951
3 13 0 94.5903 23.3048
3 14 0 46.0438 14.0543
3 15 0 37.9704 66.8712
3 16 0 28.945 71.3942
3 17 0 22.8688 50.5502
3 18 0 86.1554 29.8217
3 19 0 79.5844 7.34809
3 20 0 17.165 53.989
3 21 0 24.3424 11.9752
3 22 1 79.3829 14.6259
3 23 0 69.9607 23.6452
3 24 0 99.2988 26.3
3 25 0 57.9359 70.293
3 26 0 76.4594 7.06553
3 27 0 90.3146 28.546
3 28 0 79.6887 96.646
3 29 0 85.0852 8.40067
3 30 0 88.4019 47.1348
3 31 1 15.3722 90.5467
3 32 0 37.1303 84.4009
3 33 0 49.3617 84.7187
3 34 0 57.3803 9.3777
3 35 0 97.9841 38.4302
3 36 0 31.939 4.85668
3 37 0 50.8972 98.0042
3 38 0 49.3771 67.7955
3 39 0 8.57793 4.23675
3 40 0 58.7975 17.6745
3 41 0 69.2742 8.70926
3 42 0 27.5261 44.7906
3 43 0 71.3904 8.43401
3 44 0 89.1662 8.1802
3 45 0 44.9864 60.0373
3 46 0 11.209 16.1143
3 47 0 55.6218 59.0592
3 48 0 3.53718 57.0311
3 49 0 23.183 63.6476
3 50 0 99.7195 35.3146
3 51 0 91.5627 87.7545
3 52 0 33.0568 25.3114
3 53 0 93.9684 84.3549
3 54 0 55.2515 0.540532
3 55 0 38.0025 26.041
3 56 0 89.573 32.4722
3 57 0 46.868 80.11
3 58 0 10.2908 45.8918
3 59 0 56.9488 84.5398
3 60 0 28.7255 10.9898
4 1 0 53.4586 6.24336
4 2 0 23.4782 14.8545
4 3 0 21.9203 96.8421
4 5 1 18.759 50.4431
4 6 0 80.0933 80.6128
4 7 0 60.2256 54.697
4 8 1 50.173 73.1504
4 9 0 27.4072 13.9296
4 10 0 16.542 53.3603
4 11 0 29.9875 50.6866
4 12 0 33.8738 59.993
4 13 0 83.0081 27.8225
4 14 0 23.8953 71.6093
4 15 0 98.5933 53.0462
4 16 1 13.8584 86.5175
4 17 0 85.6466 69.28
4 18 0 11.5157 13.6904
4 19 0 74.2173 10.2509
4 20 0 10.0823 88.2536
4 21 0 62.3851 59.0726
4 22 0 45.7508 24.7916
4 23 0 4.1039 25.9942
4 24 0 7.99797 29.1375
4 25 0 7.77823 95.4038
4 26 0 75.9399 26.5711
4 27 0 18.6003 51.8914
4 28 0 16.7066 94.897
4 29 0 83.4896 75.4565
4 30 0 66.5833 82.7184
4 31 1 53.8064 60.2413
4 32 0 17.3435 99.371
4 33 0 9.52645 55.7596
4 34 0 34.9289 86.7071
4 35 0 61.8378 33.8246
4 36 0 50.738 37.6959
4 37 0 33.0809 32.1484
4 38 0 92.6142 86.4533
4 39 0 57.2209 14.987
4 40 0 69.4076 26.5084
4 41 0 21.8746 97.5864
4 42 0 12.1146 21.261
4 43 0 58.0027 47.4029
4 44 0 24.8856 95.5153
4 45 1 65.2843 62.6475
4 46 0 16.2734 72.2069
4 47 0 18.0971 89.3205
4 48 0 45.244 27.8192
4 49 0 52.9142 75.0025
4 50 0 92.0416 16.42
4 51 0 13.008 12.8556
4 52 0 49.5727 41.8918
4 53 0 33.5163 82.5478
4 54 1 42.9948 70.8149
4 55 0 70.5448 90.2497
4 56 1 52.4948 67.1342
4 57 0 85.8211 52.0804
4 58 0 68.7846 34.3942
4 59 0 96.1308 81.2137
4 60 1 17.8511 1.87723
5 1 0 15.1424 75.1634
5 2 0 11.0353 20.6511
5 3 0 76.7617 76.706
5 4 0 20.6928 20.1447
5 6 1 10.4329 81.8627
5 7 0 7.88051 46.085
5 8 0 22.5395 91.7814
5 9 0 68.392 65.3379
5 10 0 84.3599 32.6698
5 11 0 11.1016 65.9629
5 12 0 98.4949 15.6371
5 13 0 33.0904 82.2727
5 14 1 98.6026 63.2496
5 15 0 45.9139 1.34168
5 16 0 98.0892 22.4085
5 17 1 28.2958 16.0381
5 18 0 87.3441 22.244
5 19 0 7.31989 47.8749
5 20 0 4.42166 97.0484
5 21 0 29.0995 67.0838
5 22 0 92.6529 29.4117
5 23 0 95.1634 38.2564
5 24 0 66.9727 20.5311
5 25 0 9.43366 94.8585
5 26 0 36.4756 92.0231
5 27 0 51.0672 86.6961
5 28 0 69.7868 37.9629
5 29 0 25.422 46.4405
5 30 0 91.3439 36.3115
5 31 0 17.9822 69.4944
5 32 0 10.2359 50.2884
5 33 0 32.1746 12.6893
5 34 0 74.7027 57.7835
5 35 0 5.79133 57.358
5 36 0 12.9382 22.189
5 37 0 33.9506 26.5548
5 38 0 26.0491 24.3839
5 39 1 30.7337 88.3554
5 40 1 52.5268 97.5674
5 41 0 68.4016 64.9668
5 42 0 21.6001 49.9965
5 43 0 93.802 6.45356
5 44 0 26.0916 46.8036
5 45 0 12.2851 59.2155
5 46 0 0.293095 30.6651
5 47 1 12.0908 44.8353
5 48 0 32.1575 95.9554
5 49 0 2.99353 4.3922
5 50 0 70.6347 77.572
5 51 0 26.1159 5.47955
5 52 0 42.7163 94.2308
5 53 0 14.3807 86.654
5 54 0 44.2198 10.4153
5 55 1 68.0218 25.9016
5 56 0 37.9428 89.109
5 57 0 97.3478 21.074
5 58 0 42.8627 26.162
5 59 0 33.928 19.4417
5 60 1 53.6184 38.8832
6 1 0 36.6287 50.0541
6 2 0 58.1168 22.3035
6 3 0 33.27 54.9426
6 4 0 56.4495 33.4155
6 5 1 10.2645 49.5347
6 7 1 27.3249 22.2987
6 8 0 90.3096 61.5635
6 9 1 23.8832 86.1142
6 10 0 14.7861 42.3295
6 11 0 27.8367 67.7305
6 12 0 77.9419 96.3197
6 13 0 47.6881 74.5548
6 14 0 70.7145 87.4495
6 15 0 68.5006 84.9205
6 16 0 52.7194 12.5199
6 17 0 25.6106 54.7404
6 18 0 78.9869 98.4066
6 19 0 29.3746 89.988
6 20 1 76.4994 56.4788
6 21 0 33.5782 90.1281
6 22 0 15.1322 16.1034
6 23 0 43.195 33.2913
6 24 0 77.7091 19.6342
6 25 0 18.2758 70.4528
6 26 0 8.62143 51.5572
6 27 0 62.4985 43.4915
6 28 1 85.7793 58.293
6 29 0 17.6214 49.542
6 30 0 46.9454 91.7707
6 31 0 49.5541 19.7126
6 32 1 37.1479 99.2714
6 33 0 25.5911 24.9727
6 34 0 1.6138 83.0527
6 35 0 64.7628 55.6762
6 36 0 63.7321 30.4174
6 37 0 87.2508 74.0811
6 38 0 45.9132 45.4163
6 39 0 51.6185 80.5906
6 40 0 94.2525 93.0518
6 41 0 88.7572 14.8341
6 42 0 69.0847 40.8955
6 43 0 55.243 51.0151
6 44 0 46.1014 37.9575
6 45 0 73.7342 99.6337
6 46 0 6.84593 25.5352
6 47 0 11.2126 10.3451
6 48 0 49.6678 31.3036
6 49 0 44.7915 16.1837
6 50 0 59.9671 48.576
6 51 0 49.5535 80.3246
6 52 1 51.3587 20.5706
6 53 0 50.6883 16.9944
6 54 0 58.184 58.9585
6 55 0 67.0779 10.8217
6 56 0 69.2089 12.9108
6 57 0 14.2981 70.9635
6 58 0 14.0696 54.2178
6 59 0 18.1036 48.9882
6 60 0 63.0117 15.6574
7 1 0 24.8242 27.9239
7 2 0 6.22022 24.1693
7 3 0 59.5195 69.4042
7 4 1 5.7682 19.9864
7 5 0 68.1441 8.66472
7 6 0 99.3456 67.2396
7 8 1 66.957 44.3534
7 9 0 29.2701 27.1268
7 10 1 66.1997 67.2652
7 11 0 91.0217 60.0458
7 12 0 41.0489 67.2627
7 13 0 78.6631 78.2218
7 14 0 23.1193 54.0137
7 15 0 79.8755 10.7771
7 16 0 2.65958 18.1794
7 17 0 36.3888 83.2967
7 18 0 11.2956 76.3164
7 19 0 62.3223 36.6835
7 20 0 97.4795 35.5002
7 21 0 42.5167 9.94312
7 22 0 91.2122 11.3652
7 23 1 42.6127 13.5067
7 24 0 62.2188 41.9896
7 25 1 25.233 83.5235
7 26 0 44.9537 28.4527
7 27 0 85.5004 89.7295
7 28 0 19.5558 52.5048
7 29 0 5.0151 79.3793
7 30 0 37.3314 14.6995
7 31 0 51.4428 85.4205
7 32 0 98.8925 21.1781
7 33 0 91.6143 11.8762
7 34 0 11.2398 7.18066
7 35 0 98.9067 3.58541
7 36 0 22.845 39.6724
7 37 0 99.5371 27.3781
7 38 0 99.5348 52.81
7 39 0 91.6432 71.9434
7 40 0 55.6269 47.9281
7 41 0 7.4112 30.2305
7 42 0 41.4983 6.1969
7 43 0 7.91579 21.2258
7 44 0 42.1521 36.28
7 45 0 50.7177 14.0366
7 46 1 32.2736 74.9969
7 47 0 61.8798 76.6402
7 48 1 40.6287 5.33765
7 49 0 56.7399 72.1626
7 50 0 86.0772 3.23003
7 51 1 3.92471 7.03838
7 52 0 78.7647 19.9989
7 53 1 20.5076 36.6098
7 54 0 62.5858 1.2935
7 55 0 71.2846 91.1077
7 56 1 1.46475 30.2119
7 57 0 70.5927 27.4928
7 58 0 78.5088 83.7289
7 59 0 10.2952 28.316
7 60 0 20.7473 22.1467
8 1 0 31.9903 25.4564
8 2 0 21.693 19.27
8 3 0 76.4159 13.283
8 4 1 46.5608 39.8764
8 5 0 24.2342 41.8923
8 6 0 81.4775 62.6185
8 7 0 51.4807 27.9918
8 9 1 46.5535 45.1129
8 10 0 24.1042 84.0634
8 11 0 19.2454 71.719
8 12 0 13.2419 80.2259
8 13 0 66.5051 52.2268
8 14 0 18.001 31.7175
8 15 0 51.5006 92.3817
8 16 0 40.0691 77.945
8 17 0 54.1585 87.0891
8 18 0 15.0201 73.6917
8 19 0 15.5406 94.0914
8 20 0 38.5422 71.0921
8 21 0 95.5863 81.2978
8 22 1 17.4235 78.609
8 23 0 28.5487 72.2699
8 24 0 1.1494 39.8888
8 25 0 96.9802 55.9544
8 26 0 47.701 54.4185
8 27 0 46.2104 21.667
8 28 0 74.2138 13.0365
8 29 0 67.7838 4.10281
8 30 1 91.2018 93.9882
8 31 0 10.6988 11.1821
8 32 1 60.9018 58.7386
8 33 0 94.7867 17.827
8 34 0 91.9176 15.3762
8 35 1 19.762 22.4752
8 36 0 61.5051 42.1712
8 37 0 99.316 25.979
8 38 0 40.4242 57.2607
8 39 0 37.7695 86.1936
8 40 0 70.6801 13.3242
8 41 0 45.9609 75.8685
8 42 0 8.86291 59.0714
8 43 1 12.8968 71.0194
8 44 0 79.5762 38.1965
8 45 0 65.1253 58.8637
8 46 0 61.7766 6.30245
8 47 0 12.8542 60.0115
8 48 0 73.9203 73.3579
8 49 1 58.9684 92.4233
8 50 0 51.4706 33.2397
8 51 1 17.8256 30.9831
8 52 0 58.8671 81.0164
8 53 0 51.3852 49.1517
8 54 0 31.0423 91.9455
8 55 0 78.7917 20.7621
8 56 0 78.4772 77.1775
8 57 0 60.3242 1.91029
8 58 0 14.1425 96.167
8 59 0 92.8959 75.8674
8 60 0 70.3989 48.5224
9 1 0 95.3636 49.1273
9 2 0 3.63958 26.0674
9 3 0 84.0787 78.1859
9 4 0 57.175 76.5365
9 5 0 72.6739 54.0505
9 6 1 1.92488 57.9328
9 7 0 52.2485 43.7927
9 8 0 30.4892 57.332
9 10 1 21.2062 50.2992
9 11 0 94.2472 39.8781
9 12 0 62.3386 47.7684
9 13 0 15.726 15.1861
9 14 1 28.433 88.969
9 15 0 79.854 51.227
9 16 0 69.3708 45.5943
9 17 0 72.8186 70.5824
9 18 0 68.8477 25.2066
9 19 0 25.3981 32.6816
9 20 0 41.7073 48.7773
9 21 0 79.7436 90.6177
9 22 0 59.0662 14.7804
9 23 0 77.4778 10.9546
9 24 0 56.8527 2.64093
9 25 0 64.978 15.9235
9 26 0 65.6104 55.2375
9 27 0 57.1241 62.7978
9 28 0 98.266 28.8545
9 29 0 39.9102 99.6476
9 30 1 21.2647 43.519
9 31 0 67.9491 53.0937
9 32 0 81.2947 13.7312
9 33 0 99.6238 49.3318
9 34 0 77.5196 51.5736
9 35 0 85.3155 83.2762
9 36 0 65.5908 69.3728
9 37 0 84.7377 43.4748
9 38 0 4.49755 41.6959
9 39 0 24.3886 84.4372
9 40 0 11.1121 23.436
9 41 1 39.7037 21.976
9 42 0 72.0344 16.3678
9 43 0 65.4541 22.3946
9 44 0 90.2573 94.4423
9 45 0 36.1406 25.8853
9 46 0 98.9428 80.3707
9 47 1 89.8257 80.4616
9 48 1 57.4183 15.5418
9 49 0 87.3016 23.1561
9 50 0 54.3051 79.6581
9 51 1 18.7028 10.2457
9 52 1 59.115 20.3431
9 53 0 66.3595 98.7475
9 54 0 16.4015 86.526
9 55 0 96.2996 28.0786
9 56 0 21.0021 91.32
9 57 0 82.5559 82.5251
9 58 0 60.3671 28.7408
9 59 0 81.6302 63.3002
9 60 0 66.4398 42.0815
10 1 0 13.2796 36.7483
10 2 0 7.68395 47.2003
10 3 0 29.2601 85.1411
10 4 1 45.2525 19.2851
10 5 0 76.0415 31.9303
10 6 0 0.506009 90.3702
10 7 0 22.7517 97.0458
10 8 0 7.12533 53.2409
10 9 0 17.0576 85.6573
10 11 1 68.0708 46.5325
10 12 0 64.6062 81.0997
10 13 0 29.7946 28.9523
10 14 0 86.7243 48.1066
10 15 0 3.95157 78.4488
10 16 0 6.44417 46.4746
10 17 0 52.4411 17.8049
10 18 0 87.1708 92.3651
10 19 0 24.3925 47.0908
10 20 0 53.225 76.3746
10 21 0 14.107 17.431
10 22 0 35.8611 57.5971
10 23 0 28.5973 78.5121
10 24 0 5.46346 27.2765
10 25 0 65.1055 23.8619
10 26 0 82.7635 32.2561
10 27 0 74.6037 5.00664
10 28 1 36.4449 40.797
10 29 0 93.2622 34.1047
10 30 0 44.0931 51.2614
10 31 0 75.4052 65.8671
10 32 0 35.3608 26.7635
10 33 0 83.3324 4.6778
10 34 1 98.1543 50.2095
10 35 0 34.692 10.1241
10 36 1 51.7518 1.22163
10 37 1 67.4574 5.95123
10 38 0 48.8239 0.852661
10 39 0 9.78812 44.262
10 40 0 55.3622 36.3335
10 41 0 67.5742 97.0595
10 42 0 6.89955 72.2612
10 43 0 27.8436 58.1675
10 44 0 87.4244 94.2673
10 45 0 56.6754 13.4582
10 46 0 7.87251 99.4486
10 47 0 91.7296 86.645
10 48 0 68.2622 51.1123
10 49 0 23.8824 30.6746
10 50 1 44.0928 99.4334
10 51 0 83.207 52.8084
10 52 0 92.3437 0.812299
10 53 0 96.2049 42.1816
10 54 0 14.6923 71.6255
10 55 0 18.8667 46.9676
10 56 0 32.8593 92.4799
10 57 0 5.97179 34.9671
10 58 0 70.152 53.5662
10 59 0 87.6294 94.4399
10 60 0 5.82786 34.9912
11 1 0 83.6385 55.8893
11 2 0 67.4951 31.3548
11 3 0 16.3506 9.87744
11 4 0 77.2063 47.5007
11 5 0 60.0911 25.0264
11 6 0 53.5119 74.2429
11 7 0 85.2159 41.8248
11 8 0 81.8327 96.8539
11 9 0 65.311 80.2687
11 10 0 44.2969 50.8124
11 12 1 74.8213 25.0942
11 13 1 79.924 9.0557
11 14 0 30.277 24.4496
11 15 0 58.1704 19.7032
11 16 0 62.1502 51.7585
11 17 0 21.7871 8.54168
11 18 0 54.7426 62.236
11 19 0 76.2674 60.0508
11 20 0 68.2439 30.3299
11 21 0 81.7104 52.3013
11 22 0 23.4108 99.2124
11 23 0 4.21709 28.2538
11 24 0 14.6049 83.5916
11 25 0 52.0351 54.3969
11 26 0 88.1958 21.6346
11 27 0 93.6821 53.1147
11 28 0 90.616 24.7512
11 29 0 64.9166 0.378004
11 30 0 64.6686 81.097
11 31 0 57.951 15.3751
11 32 0 38.2173 97.0758
11 33 0 72.2578 93.2897
11 34 1 75.2245 18.6027
11 35 0 90.4478 0.945693
11 36 0 55.6172 88.5558
11 37 1 93.163 43.9768
11 38 0 53.1121 45.3771
11 39 0 21.5842 66.0615
11 40 0 46.9622 55.874
11 41 0 60.8018 26.0182
11 42 0 17.561 74.4429
11 43 1 6.04955 99.0907
11 44 1 2.75043 61.1631
11 45 0 8.35088 54.0003
11 46 0 59.0644 39.8643
11 47 0 35.1705 4.16437
11 48 0 6.96663 11.3668
11 49 1 87.2526 58.5561
11 50 0 25.824 48.7199
11 51 0 99.8204 51.9134
11 52 1 20.6109 35.0433
11 53 0 30.026 76.7193
11 54 0 46.6733 9.5437
11 55 1 85.9563 79.7325
11 56 0 36.0219 57.6613
11 57 0 81.3439 64.0345
11 58 0 55.0693 28.4009
11 59 0 77.1765 20.0906
11 60 0 40.664 87.5906
12 1 0 42.5674 68.7312
12 2 0 37.8219 4.2387
12 3 0 10.2491 12.2496
12 4 0 96.4411 42.5354
12 5 0 83.8551 17.6624
12 6 0 10.6201 94.3067
12 7 0 2.42602 52.0745
12 8 0 57.749 65.5358
12 9 0 54.1073 72.5486
12 10 0 91.2977 87.4302
12 11 0 6.17992 51.4845
12 13 1 49.8127 35.3953
12 14 0 47.2013 60.6908
12 15 0 0.6688 94.0889
12 16 0 46.8841 91.004
12 17 0 40.525 68.4592
12 18 0 30.7195 82.8426
12 19 0 47.6358 61.946
12 20 0 98.9361 53.1756
12 21 0 93.8321 52.5883
12 22 0 74.0761 83.1923
12 23 0 56.3956 14.6387
12 24 0 81.512 13.26
12 25 0 96.2615 32.9132
12 26 0 63.7932 13.5455
12 27 0 82.0036 72.2966
12 28 0 65.0188 77.3657
12 29 0 91.2871 29.5914
12 30 0 89.3221 24.5525
12 31 1 39.9582 73.4687
12 32 0 18.8484 57.2055
12 33 0 36.4341 62.2165
12 34 0 52.8715 32.9106
12 35 0 65.9683 89.5703
12 36 0 56.569 17.8963
12 37 0 88.1338 61.3013
12 38 0 13.5136 89.8372
12 39 0 26.5259 84.893
12 40 0 19.319 85.392
12 41 0 35.7011 7.88088
12 42 0 28.1081 62.8923
12 43 1 70.1984 16.9083
12 44 1 12.2921 96.4198
12 45 1 66.9868 23.0674
12 46 0 23.4689 28.1924
12 47 1 63.9793 72.9118
12 48 0 5.06226 28.9674
12 49 0 36.5898 74.4389
12 50 0 35.6147 95.3072
12 51 1 4.35147 47.5822
12 52 0 5.71216 27.6412
12 53 0 5.31665 99.0056
12 54 0 57.006 39.5189
12 55 1 41.0951 51.4198
12 56 0 72.4538 26.4364
12 57 1 71.6778 57.0561
12 58 0 26.3886 54.4172
12 59 0 76.2853 28.2577
12 60 1 40.5092 28.6751
13 1 0 23.7184 59.6678
13 2 0 31.4877 27.1032
13 3 0 59.153 80.0515
13 4 0 11.4575 92.8817
13 5 1 13.7804 94.1825
13 6 0 19.4068 60.8792
13 7 0 24.7894 47.1789
13 8 0 54.5773 97.3081
13 9 0 72.6893 42.5559
13 10 0 67.3589 75.264
13 11 0 7.02276 53.5416
13 12 0 46.6077 68.957
13 14 1 75.8409 14.8494
13 15 0 90.8115 8.13692
13 16 0 81.4252 44.797
13 17 0 61.5937 95.9127
13 18 0 11.5285 57.6395
13 19 0 43.5399 25.3745
13 20 0 66.6965 36.3254
13 21 0 9.88403 86.4909
13 22 1 0.35932 54.004
13 23 0 3.99827 0.663955
13 24 1 99.0963 12.6595
13 25 1 41.9804 21.0744
13 26 0 39.0981 54.5974
13 27 0 68.439 19.1009
13 28 0 21.6925 11.126
13 29 0 58.1908 88.1166
13 30 0 26.2238 23.0028
13 31 0 9.0076 48.0824
13 32 0 20.8586 53.6515
13 33 0 72.3514 93.9803
13 34 0 85.2567 48.8728
13 35 0 14.7232 81.1529
13 36 0 58.3861 20.368
13 37 0 10.5133 27.1534
13 38 0 86.1104 33.3224
13 39 0 49.7741 94.3824
13 40 0 94.3739 3.97858
13 41 0 71.6779 12.7974
13 42 0 1.04772 32.0885
13 43 1 56.9517 56.5292
13 44 0 87.6076 5.11295
13 45 0 85.0967 70.1777
13 46 0 89.895 59.0854
13 47 0 29.2141 26.6614
13 48 0 85.1428 54.7246
13 49 0 0.890242 36.6873
13 50 0 85.4784 49.1379
13 51 0 93.9871 67.9448
13 52 1 55.8705 25.3058
13 53 0 35.7164 64.6412
13 54 1 35.1464 2.86959
13 55 0 24.1875 28.7935
13 56 0 13.0503 37.273
13 57 0 53.6376 49.0819
13 58 0 65.7955 20.1796
13 59 1 78.3288 75.9776
13 60 0 98.2059 54.9593
14 1 0 6.05452 24.7367
14 2 0 87.4104 89.1225
14 3 0 55.6933 17.9324
14 4 1 35.6753 29.1514
14 5 1 18.6096 30.9
14 6 1 60.3156 24.9888
14 7 0 73.8324 16.4189
14 8 0 52.7191 94.6406
14 9 1 12.2403 85.6768
14 10 1 20.6456 60.7972
14 11 0 40.1352 46.4005
14 12 0 72.1413 15.8237
14 13 0 73.3911 44.6306
14 15 1 34.7075 36.1924
14 16 0 49.4833 37.0224
14 17 0 64.655 80.8532
14 18 0 14.5062 49.0198
14 19 1 78.404 36.0507
14 20 0 76.3786 99.8701
14 21 0 95.7042 20.1024
14 22 0 37.0302 3.8894
14 23 0 94.8854 98.1263
14 24 0 94.4778 11.7195
14 25 0 90.1143 67.2528
14 26 0 62.2978 57.9565
14 27 0 19.7461 84.8375
14 28 0 7.16986 89.072
14 29 0 95.5578 52.1803
14 30 1 51.1238 85.6774
14 31 0 84.0762 80.148
14 32 0 79.1321 16.5095
14 33 0 17.5089 56.556
14 34 0 66.2117 26.9221
14 35 0 95.5838 74.2217
14 36 0 68.8767 43.0809
14 37 0 15.1178 61.1028
14 38 0 36.7179 33.2206
14 39 0 87.8438 97.2825
14 40 0 36.9876 51.9554
14 41 0 54.3734 31.6401
14 42 0 39.9744 50.8195
14 43 0 3.79944 26.6811
14 44 0 41.5543 71.4817
14 45 0 58.3193 8.26946
14 46 1 33.6404 97.3056
14 47 0 80.8905 22.9444
14 48 0 47.6986 96.1947
14 49 0 39.3777 7.29988
14 50 0 99.7986 15.4331
14 51 0 95.3377 77.301
14 52 0 84.3779 69.1388
14 53 0 3.72107 67.8298
14 54 0 15.0382 76.791
14 55 1 29.247 10.8967
14 56 0 38.9239 14.3438
14 57 0 60.0615 4.12393
14 58 0 50.1209 48.1675
14 59 1 11.1461 75.1793
14 60 0 67.9781 3.90868
15 1 0 14.8024 50.748
15 2 0 27.3411 49.9481
15 3 0 96.4357 21.8237
15 4 0 45.6119 69.2835
15 5 1 70.8847 40.9006
15 6 0 39.7471 83.8913
15 7 0 9.82047 16.9889
15 8 0 91.9961 48.5111
15 9 1 1.03999 56.4873
15 10 0 40.9386 26.6122
15 11 0 46.4022 77.1802
15 12 0 88.4633 90.797
15 13 0 54.1366 25.0823
15 14 0 68.9118 28.2635
15 16 1 13.4037 75.0258
15 17 0 32.1143 24.5259
15 18 0 69.7971 26.0204
15 19 0 83.7903 85.5373
15 20 0 31.8408 67.9102
15 21 0 11.5191 16.9872
15 22 0 42.8367 72.1782
15 23 0 75.1973 92.4724
15 24 0 72.529 6.39528
15 25 0 24.5275 45.6181
15 26 0 71.5403 36.7019
15 27 0 1.0889 37.7528
15 28 1 64.3334 48.2169
15 29 0 20.7495 98.2837
15 30 0 82.6885 84.27
15 31 1 1.12709 27.3203
15 32 0 60.3335 0.811009
15 33 1 52.5733 7.76051
15 34 0 99.5711 93.5581
15 35 1 54.242 44.7131
15 36 0 95.4712 30.2573
15 37 0 68.3994 26.1301
15 38 0 78.2669 80.0121
15 39 0 80.6184 58.2465
15 40 0 20.3177 54.0863
15 41 0 73.4877 15.5183
15 42 0 28.5953 16.2463
15 43 0 21.7594 37.205
15 44 0 3.1748 34.8829
15 45 1 51.9205 18.416
15 46 0 13.1567 37.5271
15 47 0 51.3305 76.5637
15 48 0 56.7932 67.411
15 49 0 82.2318 21.1958
15 50 0 8.5291 82.5448
15 51 1 45.5268 1.13524
15 52 0 41.3666 62.6281
15 53 0 57.9389 44.9282
15 54 0 77.7151 93.7216
15 55 0 78.594 94.258
15 56 0 80.2703 25.6111
15 57 0 98.6783 9.67608
15 58 1 24.1936 93.2538
15 59 0 1.24364 84.4333
15 60 0 48.5917 30.6254
16 1 0 53.511 78.1942
16 2 0 21.6805 25.8134
16 3 0 33.597 33.1087
16 4 0 43.0295 29.9667
16 5 0 86.6024 86.3886
16 6 0 99.2475 89.6583
16 7 0 85.0711 47.2322
16 8 0 3.36506 5.91021
16 9 0 65.0061 25.5641
16 10 1 25.0178 66.8425
16 11 0 44.3249 12.8595
16 12 0 43.2133 30.3408
16 13 0 59.886 83.4853
16 14 0 81.2526 99.9009
16 15 0 57.7712 32.9149
16 17 1 15.1646 76.7895
16 18 0 24.0069 11.0735
16 19 0 90.2541 57.9004
16 20 0 49.2114 46.2202
16 21 0 11.4311 67.703
16 22 1 96.1836 13.9679
16 23 0 84.7488 58.9341
16 24 1 77.3116 36.83
16 25 0 16.7429 18.4356
16 26 0 71.2093 47.1533
16 27 0 1.87186 68.5376
16 28 0 0.815817 43.3133
16 29 0 87.7564 37.3075
16 30 0 58.5474 24.7087
16 31 0 42.8141 2.56854
16 32 1 31.0176 34.9399
16 33 1 86.2161 96.2276
16 34 1 8.24789 70.2406
16 35 0 60.6142 31.1381
16 36 0 12.7549 5.4453
16 37 0 60.4272 10.8836
16 38 0 37.1712 40.7709
16 39 0 73.9911 69.1138
16 40 0 58.8199 46.1072
16 41 0 9.93885 1.03191
16 42 0 13.7381 77.0885
16 43 0 36.9263 69.4913
16 44 0 20.6985 54.5709
16 45 0 11.0356 22.8375
16 46 0 21.5837 97.8031
16 47 0 21.5952 35.7467
16 48 0 39.2817 26.6079
16 49 0 23.8438 20.3019
16 50 0 99.587 29.4282
16 51 0 56.5108 23.2212
16 52 0 16.7443 75.6526
16 53 0 52.6784 66.9953
16 54 0 84.0648 44.6819
16 55 0 71.9012 73.4477
16 56 0 80.1938 3.6916
16 57 1 85.4754 78.4027
16 58 0 97.1837 33.014
16 59 0 25.5845 94.0443
16 60 0 76.8823 99.735
17 1 1 22.3272 93.1116
17 2 1 71.3646 31.4863
17 3 0 66.2574 76.6143
17 4 0 73.8157 54.1432
17 5 0 89.2895 69.7255
17 6 0 65.509 89.2348
17 7 0 23.1222 83.8679
17 8 0 99.0156 19.2322
17 9 0 61.2992 76.3753
17 10 0 20.0941 46.9887
17 11 0 8.02906 68.3908
17 12 0 65.945 84.735
17 13 0 18.3678 37.1443
17 14 0 32.4069 26.7641
17 15 0 74.5737 25.0358
17 16 0 8.07611 34.6714
17 18 1 35.1858 41.7678
17 19 0 15.1676 58.3956
17 20 0 57.12 25.5979
17 21 1 98.8952 22.719
17 22 0 21.0099 54.6055
17 23 0 96.8399 39.2183
17 24 0 96.383 5.25442
17 25 0 30.289 60.2699
17 26 0 9.60892 61.7571
17 27 1 50.6896 85.317
17 28 0 63.5901 16.3412
17 29 0 67.8626 79.0545
17 30 0 91.2601 56.0883
17 31 0 57.1139 30.4341
17 32 0 2.63259 39.3143
17 33 1 21.2331 5.98083
17 34 0 66.8489 19.848
17 35 0 55.4273 32.4651
17 36 0 22.5508 58.0084
17 37 0 67.3839 36.2445
17 38 0 14.2519 37.8434
17 39 0 66.2999 79.8517
17 40 0 89.3201 50.33
17 41 0 85.5177 55.5516
17 42 0 24.1959 95.5363
17 43 0 42.208 55.821
17 44 0 42.2211 98.3185
17 45 0 55.8859 84.2486
17 46 0 32.1796 14.8231
17 47 0 35.6254 67.0569
17 48 0 96.1782 69.3709
17 49 0 67.2208 41.9915
17 50 0 42.9411 97.3307
17 51 1 75.0081 0.839726
17 52 1 99.0777 36.0068
17 53 0 45.8777 81.5799
17 54 0 71.2936 13.2666
17 55 0 54.5795 72.4376
17 56 0 60.8092 90.6682
17 57 1 13.5656 65.5833
17 58 0 3.0608 35.5725
17 59 0 16.8384 71.5615
17 60 0 8.93292 15.2171
18 1 0 53.0485 8.23283
18 2 0 26.9132 91.2117
18 3 0 55.34 81.6178
18 4 0 25.2627 34.8967
18 5 0 59.8932 76.2834
18 6 0 90.4358 40.7201
18 7 1 11.908 54.3702
18 8 0 46.5179 86.2855
18 9 0 2.68879 16.0654
18 10 0 72.0553 11.4566
18 11 0 56.3606 13.7239
18 12 0 50.956 63.6007
18 13 1 29.2533 49.5553
18 14 0 79.6065 82.678
18 15 0 88.7204 16.0762
18 16 0 87.3537 45.9201
18 17 0 37.4948 34.5807
18 19 1 75.8765 14.5604
18 20 0 54.6401 93.2155
18 21 0 25.519 5.68257
18 22 0 98.3082 67.9646
18 23 0 36.6873 59.5773
18 24 0 87.7471 23.0866
18 25 0 67.5493 89.6133
18 26 0 39.9982 50.7416
18 27 0 44.4024 54.6735
18 28 0 30.1448 95.3385
18 29 0 43.2396 38.5188
18 30 0 49.4945 13.756
18 31 1 5.40928 7.01075
18 32 0 76.0947 36.6285
18 33 0 13.3248 43.625
18 34 0 54.6839 34.527
18 35 0 49.6733 33.8972
18 36 0 76.7725 74.8759
18 37 0 48.7431 69.1308
18 38 0 86.4192 95.3986
18 39 1 1.0881 66.4878
18 40 0 43.6634 8.80264
18 41 0 30.236 65.921
18 42 0 14.2994 87.5351
18 43 0 24.6935 31.8788
18 44 0 66.0269 80.1608
18 45 0 35.1981 96.2965
18 46 0 73.7678 25.4172
18 47 0 51.5185 61.5452
18 48 0 58.621 46.0139
18 49 0 71.0572 85.9311
18 50 0 90.5174 53.5459
18 51 0 14.7519 88.2053
18 52 0 27.5679 9.04148
18 53 1 59.7249 1.6862
18 54 0 65.1804 5.87681
18 55 1 29.4732 5.02819
18 56 0 26.681 71.3335
18 57 0 67.51 75.3749
18 58 1 84.149 21.7846
18 59 0 58.2906 80.9886
18 60 0 6.84557 58.0607
19 1 0 93.2724 38.9946
19 2 0 66.8561 60.9936
19 3 0 63.137 45.9024
19 4 1 26.1086 81.8923
19 5 0 7.26264 55.1521
19 6 0 73.9001 75.3042
19 7 0 22.2748 23.7978
19 8 1 33.616 55.8358
19 9 0 20.6416 88.5334
19 10 0 2.46411 38.2126
19 11 0 44.3513 39.6018
19 12 0 38.3361 30.9461
19 13 0 74.0429 79.1979
19 14 0 87.1556 79.8578
19 15 0 96.5457 94.9205
19 16 1 2.54299 26.52
19 17 0 50.2834 21.6187
19 18 0 73.2794 68.9106
19 20 1 38.4183 38.992
19 21 0 11.1913 10.7357
19 22 0 54.1637 78.4491
19 23 0 23.9297 29.4507
19 24 0 23.65 35.479
19 25 0 52.0289 91.2941
19 26 1 63.6207 29.6308
19 27 0 60.651 75.2235
19 28 1 39.7826 80.6494
19 29 0 77.6667 43.29
19 30 1 46.8285 10.394
19 31 0 13.3463 34.875
19 32 0 20.7513 81.0043
19 33 0 72.1218 77.8511
19 34 0 73.0684 50.436
19 35 0 37.8422 86.969
19 36 0 80.5226 63.3471
19 37 0 27.6175 72.1728
19 38 0 61.2038 63.0913
19 39 0 56.6598 42.8499
19 40 0 62.3296 42.7674
19 41 0 92.0982 27.5622
19 42 0 60.9971 77.7874
19 43 0 73.937 88.2968
19 44 0 13.3477 74.3042
19 45 0 41.0394 78.8749
19 46 0 11.9847 29.4989
19 47 0 44.8932 93.2796
19 48 0 47.3101 39.7687
19 49 1 46.2484 40.2056
19 50 1 1.40047 15.9713
19 51 0 58.8126 40.5953
19 52 1 94.1616 29.2081
19 53 0 78.2566 28.1948
19 54 0 79.0054 86.5421
19 55 0 96.0042 1.28178
19 56 0 68.2154 39.107
19 57 0 96.1005 98.714
19 58 0 99.3873 0.0360491
19 59 0 95.9704 22.6776
19 60 0 80.4634 74.9296
20 1 0 42.1312 63.9723
20 2 0 34.8391 49.7845
20 3 0 91.5644 9.01143
20 4 0 59.8711 31.8106
20 5 0 54.168 60.2284
20 6 1 19.7865 87.5607
20 7 0 49.3626 97.6952
20 8 0 37.7821 31.8526
20 9 1 35.3114 80.8692
20 10 0 7.0115 82.9195
20 11 0 52.3524 94.5076
20 12 0 89.9946 78.0554
20 13 0 41.2698 25.9117
20 14 0 18.695 62.1602
20 15 0 32.7241 68.1252
20 16 1 84.9391 39.9303
20 17 0 43.6948 41.8178
20 18 0 17.8041 38.7197
20 19 0 33.0587 91.8337
20 21 1 66.7352 24.7773
20 22 0 2.66439 20.6021
20 23 1 39.6856 73.5304
20 24 0 15.7239 59.7135
20 25 0 91.086 23.5537
20 26 0 42.3549 30.5699
20 27 0 9.22037 13.5081
20 28 0 86.462 20.1265
20 29 0 17.7313 88.1032
20 30 0 95.0061 79.4283
20 31 0 80.7453 34.9956
20 32 0 85.5369 79.8078
20 33 0 7.3266 35.3615
20 34 0 56.1913 20.1507
20 35 0 71.9355 78.1504
20 36 0 1.25989 72.7482
20 37 0 59.6448 49.6438
20 38 0 59.1642 92.7625
20 39 0 95.8094 15.3362
20 40 0 87.3513 96.4347
20 41 0 59.0156 40.024
20 42 0 44.9783 18.3861
20 43 0 3.22721 0.392617
20 44 0 15.1454 46.9698
20 45 0 74.9292 11.9313
20 46 0 35.0691 91.0858
20 47 0 72.1061 29.7971
20 48 1 88.8402 45.8914
20 49 0 84.7039 32.1529
20 50 0 95.9658 37.9446
20 51 1 50.0563 33.9258
20 52 0 66.5844 45.9286
20 53 0 82.5822 64.7258
20 54 1 43.4618 4.71189
20 55 1 63.8815 1.77344
20 56 0 39.8142 3.12777
20 57 0 50.3835 87.3653
20 58 0 13.4463 30.1198
20 59 0 69.8571 85.1886
20 60 0 53.5754 7.21759
21 1 0 19.7855 58.5697
21 2 0 19.3984 69.9078
21 3 0 15.3089 56.1332
21 4 0 85.4619 41.5823
21 5 0 92.3741 49.2425
21 6 0 67.2674 68.4638
21 7 0 91.9675 67.4298
21 8 0 30.7645 2.62515
21 9 0 7.55681 49.0278
21 10 0 74.9104 75.8733
21 11 0 33.4064 83.2178
21 12 0 17.7599 70.5623
21 13 0 38.1381 72.884
21 14 0 38.4615 73.5891
21 15 1 40.6806 71.4368
21 16 0 7.03928 87.2715
21 17 0 91.0195 22.8412
21 18 0 63.75 49.6547
21 19 0 9.15324 68.8989
21 20 0 72.6939 71.1225
21 22 1 97.304 91.5216
21 23 0 47.5445 47.8482
21 24 0 28.8104 56.7928
21 25 0 47.0632 78.9119
21 26 0 4.08646 58.9917
21 27 0 5.72796 70.7252
21 28 0 88.3239 32.2189
21 29 0 61.2419 41.758
21 30 0 93.2614 58.6884
21 31 0 66.847 8.21705
21 32 0 58.9792 92.0259
21 33 0 97.492 59.8206
21 34 1 26.1144 63.6372
21 35 0 43.7373 83.4169
21 36 0 9.08983 19.5923
21 37 0 88.0589 84.0102
21 38 0 94.6083 46.2686
21 39 0 31.7792 27.1425
21 40 0 52.9686 42.091
21 41 0 22.4541 87.8762
21 42 1 49.3003 73.7868
21 43 0 23.6204 38.8095
21 44 0 2.99097 22.3384
21 45 0 6.91338 6.28053
21 46 1 93.8932 21.7347
21 47 0 19.498 36.8918
21 48 1 97.2943 78.5854
21 49 0 28.626 78.4142
21 50 0 81.1878 14.3727
21 51 1 13.6466 99.5836
21 52 0 25.2031 52.0817
21 53 0 16.747 3.53432
21 54 0 44.0138 10.6091
21 55 0 47.4687 71.6813
21 56 0 69.1681 3.96873
21 57 0 57.7487 79.3504
21 58 0 69.913 61.579
21 59 0 3.08821 36.8043
21 60 0 44.7696 65.2891
22 1 0 14.2158 70.634
22 2 0 46.4963 38.2042
22 3 0 40.6553 49.3933
22 4 0 67.1324 4.80578
22 5 0 34.5909 97.7816
22 6 0 38.0695 65.0602
22 7 0 18.112 40.2847
22 8 0 96.0858 47.6047
22 9 0 83.7507 91.6578
22 10 0 98.1559 94.9924
22 11 0 64.5166 1.58469
22 12 0 19.6719 39.9101
22 13 0 98.8079 54.4934
22 14 0 43.4211 61.1804
22 15 0 88.2225 60.0656
22 16 1 62.5822 0.701073
22 17 0 78.719 47.3113
22 18 0 90.8756 69.8642
22 19 1 45.6319 65.0948
22 20 0 63.9786 97.9267
22 21 1 11.2597 69.1496
22 23 1 37.1623 41.298
22 24 0 64.8544 29.698
22 25 0 71.0881 5.96316
22 26 0 55.4318 92.7869
22 27 0 83.121 7.40035
22 28 0 79.3207 56.7145
22 29 0 41.5555 34.6238
22 30 0 36.4908 23.3082
22 31 0 0.162884 53.0051
22 32 0 41.8719 66.4889
22 33 0 18.4326 20.8984
22 34 1 59.1107 0.039584
22 35 0 3.53159 77.7904
22 36 0 60.1591 83.2641
22 37 0 82.0102 11.4498
22 38 1 25.8907 42.0086
22 39 0 63.9731 37.3657
22 40 0 37.5959 42.2944
22 41 0 7.63129 14.1892
22 42 0 42.636 58.9793
22 43 0 72.8829 67.8849
22 44 0 5.41558 43.4345
22 45 0 28.0269 58.3575
22 46 0 14.8224 27.7292
22 47 0 93.8516 90.833
22 48 0 74.3487 15.5776
22 49 0 33.1565 14.7574
22 50 1 2.73457 23.6429
22 51 0 71.8375 41.4442
22 52 0 73.9137 60.0604
22 53 1 16.648 82.9284
22 54 1 43.1719 31.5899
22 55 0 58.9179 2.43279
22 56 0 90.2379 2.64239
22 57 0 87.488 42.6085
22 58 0 88.1972 98.0384
22 59 0 73.8427 73.1987
22 60 0 55.8321 18.0787
23 1 0 67.9375 3.32955
23 2 0 55.9805 23.0984
23 3 0 67.0915 46.0997
23 4 0 7.21458 96.1915
23 5 0 58.5624 77.7145
23 6 0 43.159 10.7058
23 7 1 6.71406 31.7376
23 8 0 52.9447 49.5355
23 9 0 59.8502 23.5487
23 10 0 48.6716 28.2404
23 11 0 25.6383 5.40984
23 12 1 19.8611 59.9231
23 13 0 29.5653 31.4813
23 14 0 30.6593 20.2072
23 15 0 12.9175 4.01039
23 16 0 5.57453 2.50674
23 17 0 61.7374 21.2624
23 18 0 89.4883 44.8811
23 19 0 39.3156 36.0531
23 20 1 15.5506 77.2867
23 21 0 15.1323 57.5227
23 22 0 47.8764 34.8091
23 24 1 4.79652 93.0969
23 25 1 28.2633 31.2324
23 26 0 74.8665 0.178646
23 27 0 76.6625 58.4511
23 28 0 43.1753 60.3078
23 29 0 21.0458 30.7357
23 30 0 73.7974 10.9762
23 31 0 37.1421 84.7219
23 32 0 97.4637 56.0008
23 33 0 4.77998 76.7002
23 34 0 81.2173 95.6602
23 35 0 44.5718 44.1279
23 36 0 52.5597 24.2064
23 37 0 29.2372 51.4012
23 38 0 19.2323 53.1174
23 39 0 46.8099 92.2973
23 40 0 81.3413 37.5683
23 41 0 23.4851 60.3604
23 42 0 8.51697 30.6184
23 43 0 16.8816 3.57248
23 44 0 69.5786 16.4074
23 45 0 63.9172 56.8549
23 46 0 19.237 15.4775
23 47 1 29.512 66.2906
23 48 0 90.9936 45.3121
23 49 0 22.8448 96.6413
23 50 0 41.7721 70.7501
23 51 0 26.9975 50.2893
23 52 0 56.6237 39.9125
23 53 0 41.9302 19.4146
23 54 0 29.9522 87.1556
23 55 0 74.7958 35.7438
23 56 0 33.1693 79.1895
23 57 0 2.11928 15.9493
23 58 0 18.6924 76.5459
23 59 0 49.6751 81.4703
23 60 0 83.8445 6.59544
24 1 0 1.32336 12.2132
24 2 0 75.5631 42.6332
24 3 0 47.2319 57.3705
24 4 0 89.6869 6.98595
24 5 0 64.156 84.3817
24 6 0 17.7059 81.8621
24 7 0 88.4804 97.1074
24 8 0 56.109 25.8489
24 9 0 55.4346 37.2839
24 10 0 10.6194 55.7147
24 11 0 77.809 46.0154
24 12 0 38.7709 67.5483
24 13 1 70.0927 33.6567
24 14 0 89.6185 74.6858
24 15 0 79.3842 43.2235
24 16 0 85.6061 18.78
24 17 0 73.9537 91.6215
24 18 0 11.5178 10.0624
24 19 0 42.3761 3.28546
24 20 1 29.7578 13.9987
24 21 0 39.6806 12.8657
24 22 0 4.7188 80.4647
24 23 0 84.8923 97.5972
24 25 1 28.7274 45.6735
24 26 0 89.4109 31.4132
24 27 0 82.1955 40.6785
24 28 0 68.4358 82.5261
24 29 0 88.5734 89.066
24 30 0 34.3178 33.6478
24 31 0 79.9295 3.39509
24 32 0 59.1423 87.3017
24 33 0 70.7878 44.8081
24 34 0 8.86429 84.1675
24 35 0 63.7383 9.49481
24 36 0 24.62 49.6452
24 37 0 10.551 21.6548
24 38 0 45.9232 16.6315
24 39 0 8.88923 16.9254
24 40 0 16.7999 14.0014
24 41 0 88.8011 69.7041
24 42 0 18.1541 54.5694
24 43 0 65.4169 86.5075
24 44 0 55.4409 47.6219
24 45 0 79.4337 10.9315
24 46 0 12.2874 55.9773
24 47 0 77.862 46.0177
24 48 0 15.714 81.743
24 49 0 72.2621 54.0582
24 50 0 21.5652 96.5243
24 51 0 83.8564 84.3788
24 52 0 79.1511 19.5526
24 53 1 95.4353 25.4248
24 54 0 91.0583 78.2421
24 55 0 92.9381 16.8386
24 56 0 41.8587 20.8048
24 57 0 30.7128 25.6677
24 58 0 45.1737 96.7576
24 59 0 26.7716 7.24042
24 60 0 5.97196 5.23263
25 1 0 28.1457 63.5061
25 2 0 30.4491 5.42472
25 3 0 92.8824 13.1737
25 4 0 18.7112 66.3317
25 5 0 68.2057 62.435
25 6 0 92.7006 1.34489
25 7 0 47.2238 76.2311
25 8 0 22.5951 65.8652
25 9 0 95.923 49.2031
25 10 0 39.2778 20.4734
25 11 0 28.9539 37.2983
25 12 0 74.0374 14.273
25 13 1 33.1601 36.6246
25 14 1 15.6192 14.556
25 15 1 59.4267 42.0936
25 16 0 21.0486 61.2905
25 17 0 22.2195 57.1612
25 18 0 91.5836 36.1817
25 19 0 9.53167 66.3107
25 20 0 80.8132 48.6041
25 21 0 23.5044 89.0694
25 22 0 42.3643 79.2419
25 23 0 79.4866 4.67075
25 24 1 64.1745 42.9367
25 26 1 49.7153 84.6739
25 27 0 98.7976 89.726
25 28 0 89.087 20.2275
25 29 0 61.0205 88.6604
25 30 0 95.0814 49.755
25 31 0 45.3849 4.29108
25 32 0 58.4564 12.1869
25 33 0 15.1108 96.5786
25 34 0 6.96704 35.7191
25 35 0 64.1922 33.163
25 36 1 4.96009 18.2759
25 37 0 10.7689 1.2636
25 38 0 13.8314 8.53694
25 39 0 81.1247 30.1668
25 40 0 26.8106 3.50533
25 41 1 76.2784 49.1314
25 42 0 27.5224 76.8816
25 43 0 57.2495 80.398
25 44 0 56.7193 63.8729
25 45 0 71.0555 10.879
25 46 0 67.2884 51.0974
25 47 0 99.7566 48.664
25 48 0 99.6621 79.2079
25 49 0 29.5546 33.225
25 50 0 21.4513 70.7844
25 51 0 33.8456 36.5232
25 52 0 30.1129 35.6739
25 53 0 90.7984 62.5871
25 54 0 16.8271 12.0117
25 55 1 90.8312 81.0432
25 56 0 61.3651 55.1528
25 57 1 12.1139 24.4605
25 58 0 93.9425 50.8474
25 59 0 97.7252 93.3199
25 60 0 23.9478 25.5221
26 1 0 81.583 72.6266
26 2 0 43.8879 33.7409
26 3 0 67.8442 53.3625
26 4 0 7.65928 40.8153
26 5 0 62.5432 25.1785
26 6 0 63.3133 10.8968
26 7 0 27.0222 17.7515
26 8 1 23.9526 72.5893
26 9 0 4.10912 41.9744
26 10 1 6.27084 20.0519
26 11 0 76.3388 31.8831
26 12 0 92.4213 63.9717
26 13 1 62.3725 10.2051
26 14 1 94.704 91.9484
26 15 0 92.9114 38.8178
26 16 0 14.3965 95.2931
26 17 1 91.7101 93.3858
26 18 0 90.9672 80.6011
26 19 0 99.638 48.9106
26 20 0 62.6111 27.2776
26 21 0 61.519 11.9112
26 22 0 61.9518 39.5835
26 23 0 14.2531 62.2566
26 24 0 85.4227 46.6432
26 25 0 21.4868 84.3978
26 27 1 78.7291 63.5249
26 28 0 72.2352 46.4711
26 29 0 32.5418 23.7973
26 30 0 70.6365 82.2408
26 31 0 76.534 73.4173
26 32 0 48.2427 31.0362
26 33 0 49.6057 24.1759
26 34 0 11.5247 96.3075
26 35 0 89.7836 47.0447
26 36 0 20.7599 32.8908
26 37 0 76.2093 72.9724
26 38 0 10.5975 99.7095
26 39 0 40.6834 6.44616
26 40 0 64.9983 16.8813
26 41 0 12.216 76.345
26 42 1 43.4832 47.5833
26 43 1 21.6484 25.3174
26 44 0 7.07751 95.2809
26 45 0 28.2054 42.3886
26 46 0 88.1514 25.031
26 47 0 66.5322 43.265
26 48 0 56.7547 66.5426
26 49 0 29.2721 70.2805
26 50 0 31.8408 71.4178
26 51 0 91.0759 38.645
26 52 0 15.2076 10.7535
26 53 0 0.736103 85.471
26 54 0 0.537798 61.5084
26 55 0 85.8611 33.7255
26 56 0 71.689 10.2995
26 57 0 13.2689 63.2142
26 58 0 61.7294 18.394
26 59 0 51.074 4.47768
26 60 0 3.12911 24.0007
27 1 0 63.3324 2.10879
27 2 0 44.7528 8.75331
27 3 1 68.0822 71.4645
27 4 0 4.72725 5.98564
27 5 0 5.69574 43.2525
27 6 0 34.4867 86.0967
27 7 0 77.2529 41.0879
27 8 0 51.7013 0.406468
27 9 0 84.8162 53.9768
27 10 0 18.9738 72.9589
27 11 0 97.118 3.92173
27 12 0 94.9314 41.5601
27 13 0 24.4536 46.5127
27 14 0 20.9891 48.307
27 15 0 50.1695 97.1109
27 16 0 52.2613 12.4336
27 17 0 94.3933 55.8614
27 18 0 6.89082 19.6437
27 19 0 62.0951 95.417
27 20 0 87.0878 54.1421
27 21 0 55.9202 13.3332
27 22 0 57.8447 75.7703
27 23 0 50.8925 56.3632
27 24 0 67.7491 32.3575
27 25 0 73.9891 96.4096
27 26 0 12.6073 93.7247
27 28 1 5.8723 10.2774
27 29 0 17.6837 90.5047
27 30 0 63.1798 58.6766
27 31 0 28.2364 12.7953
27 32 0 51.052 81.9789
27 33 0 66.001 40.5545
27 34 0 78.307 0.610651
27 35 0 23.1756 38.2114
27 36 1 14.0699 84.0007
27 37 0 95.7381 52.9532
27 38 0 58.4557 20.3569
27 39 0 99.9147 91.8245
27 40 0 99.1674 42.8483
27 41 0 80.2634 26.9173
27 42 0 4.16165 82.1792
27 43 0 52.7503 13.352
27 44 0 98.6326 61.3942
27 45 0 87.5144 64.3718
27 46 0 48.8311 63.0444
27 47 0 95.6471 68.7835
27 48 0 6.38035 19.6907
27 49 0 65.4115 51.4874
27 50 0 26.0683 6.59555
27 51 1 49.5639 88.2442
27 52 0 84.5551 26.6529
27 53 0 34.8925 44.7134
27 54 0 9.46796 99.1083
27 55 0 61.0472 65.2104
27 56 0 70.5501 44.764
27 57 0 92.5492 58.6294
27 58 0 12.6413 55.421
27 59 0 69.7332 30.9979
27 60 0 38.5327 18.2842
28 1 1 84.5553 87.8707
28 2 0 31.4279 42.4915
28 3 0 31.1663 69.2298
28 4 0 29.1663 48.4613
28 5 1 4.92365 12.8973
28 6 1 24.0831 51.6445
28 7 0 44.914 99.9659
28 8 0 68.8269 84.835
28 9 0 86.1771 31.5015
28 10 1 89.3757 50.1116
28 11 0 12.2499 43.3365
28 12 0 44.6618 58.2289
28 13 1 66.7111 45.1399
28 14 0 18.2486 54.599
28 15 0 74.9227 65.8831
28 16 0 70.4976 28.0382
28 17 0 12.7993 54.9865
28 18 0 58.7426 22.692
28 19 0 34.5559 44.3657
28 20 0 9.3202 65.1885
28 21 0 31.6407 22.4344
28 22 0 37.5144 82.2482
28 23 0 78.4548 97.998
28 24 0 53.9254 56.1237
28 25 0 38.3293 96.9347
28 26 1 4.18217 37.9216
28 27 0 91.8113 69.1744
28 29 1 73.3739 49.1133
28 30 0 98.9501 31.7039
28 31 0 70.9414 3.16725
28 32 0 54.3345 63.8559
28 33 1 85.3739 82.3514
28 34 0 18.1603 28.6451
28 35 0 32.9862 97.5218
28 36 0 90.8433 47.3028
28 37 0 20.3981 53.2881
28 38 0 31.5313 40.3435
28 39 0 43.8113 17.371
28 40 0 21.9413 49.2258
28 41 0 71.7657 51.7937
28 42 0 78.8783 32.0077
28 43 1 89.7117 13.8094
28 44 0 20.8354 47.697
28 45 0 86.1945 60.813
28 46 0 41.4256 89.7822
28 47 0 19.9023 38.0174
28 48 0 28.4712 2.34329
28 49 0 51.728 0.206412
28 50 0 64.3524 81.5821
28 51 1 85.7471 11.2746
28 52 0 15.0459 63.3561
28 53 0 99.3426 68.2341
28 54 0 20.163 84.519
28 55 1 30.0887 71.5835
28 56 0 99.9872 55.0033
28 57 0 95.2872 96.3647
28 58 0 17.6195 26.075
28 59 0 40.3013 10.7394
28 60 1 78.8944 37.5854
29 1 0 39.5937 29.201
29 2 0 41.4867 92.0048
29 3 0 75.9106 48.1329
29 4 0 27.9319 60.8218
29 5 0 51.8625 32.0694
29 6 0 85.4064 34.408
29 7 0 30.9891 1.64278
29 8 0 69.5546 49.8598
29 9 0 30.8883 95.4302
29 10 0 11.2473 34.6874
29 11 0 80.0037 81.6336
29 12 1 66.6694 93.2669
29 13 0 67.932 90.4799
29 14 0 82.6201 91.184
29 15 0 62.0377 33.2223
29 16 0 30.3111 87.4565
29 17 0 26.8205 66.908
29 18 0 91.4889 47.0618
29 19 0 37.0849 99.4812
29 20 0 74.0698 24.1418
29 21 1 46.8329 79.2425
29 22 1 42.392 50.7743
29 23 1 56.9298 83.741
29 24 0 51.7924 71.7518
29 25 0 53.6932 22.3588
29 26 0 7.69569 41.6969
29 27 0 90.6462 53.1272
29 28 0 44.7337 84.092
29 30 1 81.9498 91.2201
29 31 0 81.7687 20.7657
29 32 0 58.9372 89.546
29 33 0 49.982 67.043
29 34 1 52.242 81.1601
29 35 1 47.2835 0.354124
29 36 0 16.7433 16.3562
29 37 0 75.0783 83.7247
29 38 1 19.3902 87.4469
29 39 0 92.3823 15.3496
29 40 0 48.6148 94.8927
29 41 0 18.174 80.8322
29 42 0 49.8295 53.2605
29 43 0 29.4158 40.4943
29 44 0 99.797 74.0362
29 45 0 4.66877 51.3872
29 46 0 78.9029 51.7636
29 47 0 72.7365 44.6337
29 48 0 63.2905 44.6827
29 49 1 25.9256 30.985
29 50 0 88.8347 26.2742
29 51 0 50.6532 91.3755
29 52 0 3.96967 9.73608
29 53 0 33.92 48.6508
29 54 0 70.61 57.6697
29 55 0 32.6368 9.44042
29 56 0 63.9379 70.7912
29 57 0 68.5337 86.32
29 58 0 96.1791 97.6607
29 59 0 68.0594 54.569
29 60 1 67.7011 38.666
30 1 0 61.9558 59.1732
30 2 0 87.0709 24.0739
30 3 0 21.1228 80.1296
30 4 0 4.74503 97.3665
30 5 0 40.0764 57.7613
30 6 0 11.8853 81.3571
30 7 0 72.968 25.3167
30 8 0 50.2986 2.1008
30 9 0 35.7613 49.9538
30 10 0 40.0526 87.7684
30 11 0 88.352 10.8306
30 12 0 35.3921 9.28699
30 13 0 29.0991 27.4792
30 14 0 5.75291 47.7155
30 15 0 20.5919 72.8984
30 16 0 97.2881 24.7602
30 17 0 89.1196 69.4542
30 18 0 18.7385 86.4374
30 19 0 91.4706 52.8802
30 20 0 49.737 58.3763
30 21 1 46.8737 5.95848
30 22 0 69.3858 95.4226
30 23 0 5.08145 85.3988
30 24 0 60.1618 47.4084
30 25 0 10.9934 78.894
30 26 0 32.2254 16.6939
30 27 0 3.9131 74.3336
30 28 0 79.3466 71.8145
30 29 0 92.9821 79.791
30 31 1 77.8089 74.1421
30 32 1 83.6083 65.296
30 33 1 57.673 97.242
30 34 0 10.3538 81.4232
30 35 0 33.728 44.1987
30 36 0 67.3237 64.6743
30 37 0 91.2007 78.406
30 38 0 1.10271 61.747
30 39 0 68.1811 94.8585
30 40 0 89.1926 93.6515
30 41 0 64.5786 8.14368
30 42 0 67.5354 52.7517
30 43 0 76.7144 92.876
30 44 0 37.8223 91.5953
30 45 0 69.1568 21.7648
30 46 1 94.3761 34.3256
30 47 0 51.982 36.2596
30 48 0 30.4712 46.598
30 49 0 71.4203 58.8636
30 50 0 86.3689 67.5432
30 51 0 65.4131 29.1398
30 52 0 99.0898 80.5975
30 53 0 10.791 63.8418
30 54 1 25.2452 20.0431
30 55 0 45.4653 27.0926
30 56 0 7.60959 98.4042
30 57 0 53.9626 68.9163
30 58 0 93.3155 30.4315
30 59 0 59.4707 76.1789
30 60 0 33.2979 19.3617
31 1 1 96.6496 66.4591
31 2 0 2.38906 30.1467
31 3 0 24.0719 12.4408
31 4 0 66.6841 69.2005
31 5 0 1.77723 19.1118
31 6 1 63.761 41.1323
31 7 0 53.0415 37.8081
31 8 0 52.9824 49.4902
31 9 0 53.8232 92.4555
31 10 0 60.8073 1.23324
31 11 0 36.9374 54.3924
31 12 0 37.56 93.7912
31 13 0 63.2526 52.5728
31 14 0 48.3224 40.8831
31 15 0 69.8166 7.17513
31 16 1 8.66218 41.8362
31 17 0 13.6705 40.2041
31 18 0 34.4378 92.4292
31 19 0 62.1817 76.9987
31 20 1 58.7649 92.5948
31 21 0 5.83241 18.5492
31 22 0 8.91714 50.7863
31 23 0 73.6045 77.5058
31 24 0 11.9909 57.1764
31 25 1 70.9195 97.3065
31 26 1 1.14081 15.453
31 27 0 50.7079 83.5477
31 28 1 7.32046 76.0313
31 29 0 97.4235 13.8885
31 30 0 68.7256 66.0648
31 32 1 56.2593 88.3518
31 33 0 44.0069 2.87197
31 34 0 12.5789 17.0594
31 35 0 70.4214 63.2736
31 36 0 41.3029 8.92881
31 37 0 77.9864 9.65682
31 38 0 69.8259 1.32949
31 39 1 39.4825 85.6524
31 40 0 87.8719 1.54653
31 41 0 39.3169 11.499
31 42 0 2.29914 97.1566
31 43 0 78.2847 59.4137
31 44 1 70.4172 89.0732
31 45 0 3.78427 44.6889
31 46 0 23.5198 52.8766
31 47 1 30.8944 39.9604
31 48 1 75.7785 63.7543
31 49 0 75.7306 38.8533
31 50 1 92.9846 37.4719
31 51 0 88.1857 71.402
31 52 1 41.6174 29.2608
31 53 0 82.7141 16.9327
31 54 0 79.1876 59.662
31 55 0 86.7888 96.0804
31 56 0 85.1998 42.6833
31 57 1 52.9957 2.22906
31 58 0 30.1541 58.2877
31 59 0 88.3199 23.6365
31 60 0 5.68454 86.6234
32 1 1 44.2313 63.9649
32 2 0 72.3891 89.9637
32 3 0 97.4166 24.0592
32 4 0 52.4766 44.9736
32 5 0 31.298 62.934
32 6 0 7.27185 98.6931
32 7 0 0.604062 58.291
32 8 1 29.243 17.6977
32 9 0 25.9009 99.9384
32 10 1 43.6373 35.9246
32 11 0 40.1155 5.49437
32 12 0 63.5883 99.3868
32 13 0 62.5515 43.8134
32 14 0 11.4584 65.731
32 15 0 80.219 42.887
32 16 0 39.9805 19.2302
32 17 0 61.3977 85.4767
32 18 0 7.72559 70.9763
32 19 0 47.764 43.8592
32 20 0 3.39746 64.9911
32 21 0 44.0723 40.5507
32 22 0 23.9684 19.6291
32 23 0 95.6975 14.4317
32 24 0 17.9011 37.2013
32 25 1 71.9022 72.3325
32 26 0 36.4312 79.5965
32 27 0 73.0177 38.4131
32 28 1 9.13857 25.6035
32 29 0 28.8114 78.0041
32 30 0 74.9405 5.27978
32 31 0 69.2866 92.9309
32 33 1 14.097 54.217
32 34 0 43.8293 17.4655
32 35 0 47.9877 18.7329
32 36 1 33.4374 48.4941
32 37 0 70.4675 56.9273
32 38 0 14.9539 85.3108
32 39 0 59.3634 53.6786
32 40 0 18.098 48.328
32 41 0 88.1305 39.2083
32 42 0 16.8349 65.6085
32 43 0 10.818 49.1848
32 44 0 52.2319 33.0471
32 45 0 66.2385 45.2949
32 46 0 73.4621 91.4413
32 47 0 12.8348 86.3241
32 48 0 40.2275 27.7923
32 49 0 61.5585 81.4486
32 50 0 29.64 51.7585
32 51 1 46.9871 32.0187
32 52 0 7.40707 64.9516
32 53 0 99.6518 42.1844
32 54 0 99.4387 57.3758
32 55 1 21.598 74.2207
32 56 0 39.1748 41.7499
32 57 1 97.9338 28.7266
32 58 0 98.252 41.1019
32 59 0 52.9841 49.5392
32 60 0 72.8128 92.7509
33 1 1 49.8565 96.9383
33 2 0 5.82638 90.2996
33 3 0 81.582 34.6349
33 4 0 21.3209 1.09132
33 5 0 20.7278 2.22632
33 6 0 8.11483 80.6245
33 7 0 23.9258 89.9188
33 8 0 29.428 34.1027
33 9 0 32.8795 0.558718
33 10 0 90.5723 56.1515
33 11 0 18.1871 5.77337
33 12 0 70.5652 36.2519
33 13 0 48.5238 64.6207
33 14 0 29.0643 90.3807
33 15 0 52.3885 91.361
33 16 0 84.3517 16.4937
33 17 0 73.9578 41.021
33 18 1 98.4369 51.1608
33 19 0 4.41985 88.8261
33 20 0 83.7076 69.4957
33 21 1 96.2379 75.6941
33 22 0 96.7923 6.93974
33 23 0 87.5778 6.87792
33 24 0 8.05248 61.8376
33 25 0 66.7973 65.4487
33 26 0 63.9228 78.3941
33 27 0 81.5822 38.6917
33 28 0 77.6871 22.5586
33 29 0 92.6189 8.94066
33 30 0 45.9693 5.07876
33 31 0 20.831 3.36936
33 32 0 85.8968 8.31057
33 34 1 38.9926 78.0419
33 35 0 72.6931 11.2906
33 36 0 69.6757 41.5338
33 37 0 11.9606 39.4916
33 38 0 88.5389 27.1754
33 39 0 11.106 16.842
33 40 0 23.5535 81.8908
33 41 0 62.9293 62.8422
33 42 0 64.8508 60.4231
33 43 0 59.0001 58.7291
33 44 0 3.33259 7.49557
33 45 0 48.4071 15.3483
33 46 0 21.722 87.8206
33 47 0 24.6542 77.63
33 48 0 21.4648 15.808
33 49 0 92.1085 51.0306
33 50 0 47.6716 34.9722
33 51 0 13.6903 28.8617
33 52 0 38.2577 5.47695
33 53 0 84.3221 75.7432
33 54 1 47.5209 82.8872
33 55 0 0.934888 71.9994
33 56 0 70.1419 58.0958
33 57 0 78.7008 59.8719
33 58 0 62.3705 97.8437
33 59 0 74.1139 9.16488
33 60 0 1.11731 67.3985
34 1 0 7.17758 5.75697
34 2 0 58.1117 90.2597
34 3 0 73.6464 25.7264
34 4 0 44.6045 79.0415
34 5 0 16.9825 31.4944
34 6 0 37.9968 4.49704
34 7 0 95.3613 94.529
34 8 0 20.2244 96.0147
34 9 0 68.0734 74.8298
34 10 0 82.9752 69.3812
34 11 0 36.5395 27.5249
34 12 0 91.8706 15.4975
34 13 0 9.46635 65.8907
34 14 0 93.504 25.5783
34 15 0 99.9932 22.1118
34 16 0 3.39051 36.8641
34 17 0 74.2437 66.7058
34 18 0 78.3972 29.2843
34 19 0 29.533 24.0311
34 20 0 80.9498 13.5902
34 21 1 55.1326 33.3747
34 22 0 34.9889 31.6252
34 23 1 30.279 29.6864
34 24 0 12.7777 64.1571
34 25 0 12.6611 93.6216
34 26 0 39.4645 14.2668
34 27 0 36.2006 42.2342
34 28 0 48.6618 99.7582
34 29 0 18.582 79.5584
34 30 0 99.0978 67.0513
34 31 0 57.8143 56.1173
34 32 0 55.5886 35.9614
34 33 0 32.418 9.84448
34 35 1 76.4775 42.0847
34 36 0 83.1289 15.3065
34 37 0 52.6287 52.4136
34 38 0 22.9902 51.905
34 39 0 66.9107 65.0827
34 40 0 23.4398 78.8809
34 41 0 17.2807 31.6764
34 42 0 48.8104 39.7863
34 43 0 28.7885 35.3055
34 44 0 58.6743 3.55014
34 45 0 24.4284 24.1789
34 46 0 95.2295 89.1796
34 47 0 23.4137 49.6945
34 48 0 70.9266 59.3632
34 49 0 33.6663 89.0488
34 50 0 50.9097 61.4217
34 51 0 47.4217 43.5402
34 52 0 83.2681 80.4592
34 53 0 85.3601 2.61427
34 54 0 62.6884 81.7359
34 55 0 15.4741 78.4774
34 56 0 80.12 27.2438
34 57 0 54.6756 82.0678
34 58 0 68.6946 37.3113
34 59 0 37.3889 81.4877
34 60 0 32.9701 17.5389
35 1 0 55.1179 84.3608
35 2 0 49.8653 68.1211
35 3 0 61.0739 85.8175
35 4 0 61.4413 18.4376
35 5 0 77.3801 12.0738
35 6 0 1.4747 67.1279
35 7 0 68.0394 22.9813
35 8 0 86.1699 1.68153
35 9 1 16.7048 86.2579
35 10 0 23.0192 46.0952
35 11 0 86.3675 41.2207
35 12 0 35.447 76.3329
35 13 0 56.8995 94.15
35 14 0 4.82959 64.5268
35 15 0 85.3579 73.6837
35 16 0 83.6682 1.90887
35 17 0 69.0318 30.7555
35 18 0 78.4646 87.6051
35 19 0 2.45433 0.992356
35 20 0 79.361 9.38884
35 21 0 13.8578 55.3705
35 22 0 49.3665 35.539
35 23 0 80.3997 76.4305
35 24 0 80.4613 47.5209
35 25 0 44.314 14.0273
35 26 0 22.4192 77.4656
35 27 0 64.6209 44.2696
35 28 0 58.0383 34.6046
35 29 1 93.6015 86.2643
35 30 1 38.9184 6.898
35 31 0 77.6125 38.6402
35 32 0 98.309 12.2616
35 33 0 56.9837 19.8466
35 34 0 5.11526 18.6165
35 36 1 27.2088 64.4512
35 37 0 25.6491 59.9558
35 38 1 96.7319 78.5313
35 39 0 63.2109 90.4572
35 40 1 37.5204 50.2052
35 41 0 0.0249316 44.3609
35 42 0 7.23392 86.6039
35 43 0 38.636 42.6169
35 44 0 51.118 0.00282745
35 45 0 65.869 98.6744
35 46 0 20.6721 56.0321
35 47 0 13.585 61.7949
35 48 1 13.4536 58.8446
35 49 0 5.13843 56.5598
35 50 0 73.9282 18.1204
35 51 0 10.7012 7.27776
35 52 1 85.3797 61.4898
35 53 0 97.6757 5.39764
35 54 0 46.331 63.5213
35 55 0 26.2021 40.7425
35 56 0 73.4566 90.2772
35 57 0 40.081 30.5472
35 58 0 67.7274 98.2835
35 59 0 41.2864 99.7808
35 60 0 85.236 22.8448
36 1 0 79.6971 17.3523
36 2 0 84.5854 79.9012
36 3 0 14.5456 1.62019
36 4 0 61.6596 88.3322
36 5 1 11.1678 55.634
36 6 0 40.8211 15.595
36 7 0 47.1657 18.3979
36 8 0 15.2939 46.414
36 9 0 59.5261 59.1704
36 10 1 54.8104 48.8296
36 11 0 53.4528 38.4851
36 12 0 68.9645 59.382
36 13 0 31.6127 95.4095
36 14 0 10.2192 84.2958
36 15 0 97.7089 24.7232
36 16 0 68.3562 67.6472
36 17 0 86.6334 12.5462
36 18 0 59.2646 21.0278
36 19 0 84.5109 15.2322
36 20 1 85.9706 77.0335
36 21 1 18.8916 13.7018
36 22 0 1.32118 21.0644
36 23 0 39.579 2.83341
36 24 0 9.44765 39.5039
36 25 0 46.7406 40.5404
36 26 1 62.9714 12.9832
36 27 0 97.4981 97.0098
36 28 0 69.6442 53.214
36 29 0 40.5789 6.84364
36 30 0 66.9566 99.8748
36 31 0 9.44166 68.6045
36 32 0 39.7205 92.24
36 33 0 92.6828 51.6423
36 34 0 72.1842 6.49486
36 35 0 19.4448 4.94071
36 37 1 4.50216 20.6724
36 38 0 12.283 43.4089
36 39 0 17.029 1.29444
36 40 0 58.3188 72.7086
36 41 0 8.13464 77.736
36 42 0 61.1117 29.7493
36 43 1 40.7252 41.4127
36 44 0 93.2904 81.6284
36 45 0 23.3626 73.174
36 46 0 78.0352 8.29545
36 47 0 19.0246 47.0954
36 48 0 17.3417 9.75931
36 49 0 92.7193 33.0883
36 50 0 77.2255 38.0087
36 51 0 75.9125 8.12597
36 52 1 28.4537 82.5618
36 53 0 87.3091 29.4845
36 54 0 10.2997 35.9824
36 55 0 48.2652 51.9452
36 56 1 32.1886 6.0241
36 57 0 10.1236 31.7433
36 58 0 65.6713 68.4517
36 59 0 20.1533 4.98744
36 60 0 60.8259 72.3288
37 1 0 9.0193 46.5926
37 2 0 7.92581 84.8979
37 3 0 77.1108 77.0507
37 4 0 21.0374 21.6241
37 5 0 74.787 24.6791
37 6 0 55.5731 36.1154
37 7 0 86.6389 24.7985
37 8 1 58.3129 68.9131
37 9 0 32.8618 82.3718
37 10 0 17.5483 56.0093
37 11 0 1.49639 36.1816
37 12 0 6.47153 22.4121
37 13 0 1.46912 80.3232
37 14 0 8.5823 79.6418
37 15 0 42.7012 71.7745
37 16 0 87.2956 92.4202
37 17 0 45.6633 23.8654
37 18 1 82.9186 84.2251
37 19 0 34.9635 5.92298
37 20 0 11.1973 99.0912
37 21 0 34.1186 38.4486
37 22 0 73.6877 67.5453
37 23 0 80.3199 27.3338
37 24 0 68.2965 13.8227
37 25 0 30.938 73.1998
37 26 0 74.7461 25.9904
37 27 0 63.359 35.1353
37 28 1 12.161 41.2914
37 29 0 75.4216 55.5262
37 30 1 91.4812 47.4529
37 31 0 49.7488 15.4348
37 32 0 38.2589 19.4482
37 33 0 6.23689 77.6682
37 34 0 3.53116 58.1471
37 35 0 98.9351 79.2063
37 36 0 89.3382 13.277
37 38 1 69.1341 87.9855
37 39 0 7.34769 42.5839
37 40 0 83.1013 77.5752
37 41 0 1.31481 46.8533
37 42 0 79.091 21.4348
37 43 1 74.6935 80.4693
37 44 0 85.058 61.4702
37 45 0 55.7377 63.1114
37 46 0 37.3265 21.6875
37 47 0 97.9399 46.967
37 48 0 59.2974 38.4572
37 49 0 63.7873 68.3119
37 50 0 15.1989 18.6015
37 51 0 93.0589 15.0702
37 52 0 88.6435 30.219
37 53 1 11.984 47.4698
37 54 0 37.3799 59.3909
37 55 0 53.3221 46.4512
37 56 0 57.8184 11.4921
37 57 0 31.7505 13.2307
37 58 0 10.6243 78.9237
37 59 0 19.8756 73.5852
37 60 0 25.3454 66.0753
38 1 0 59.9345 47.5932
38 2 0 45.1762 46.2651
38 3 0 82.8644 15.7072
38 4 0 98.5404 99.6418
38 5 0 84.8534 81.8688
38 6 0 44.4195 18.6122
38 7 0 29.946 68.3447
38 8 1 93.5435 44.9801
38 9 0 73.992 63.6442
38 10 0 54.1229 5.7388
38 11 0 53.2284 14.4155
38 12 0 8.50672 71.3185
38 13 0 85.0478 47.2654
38 14 0 59.4653 79.7206
38 15 0 40.9074 49.6423
38 16 0 82.9449 21.3977
38 17 0 1.95873 52.0949
38 18 0 68.7504 90.487
38 19 0 48.4789 15.4702
38 20 0 31.7235 80.2984
38 21 0 44.7452 30.6381
38 22 1 33.5623 70.3722
38 23 0 0.954786 75.6543
38 24 0 14.1441 86.3278
38 25 0 5.36526 54.9984
38 26 0 2.74643 5.6428
38 27 0 85.3648 27.7254
38 28 0 19.5778 28.2995
38 29 0 73.0183 54.8377
38 30 1 47.9091 51.5682
38 31 0 36.9549 66.6637
38 32 0 49.4528 2.04909
38 33 0 97.5223 29.1134
38 34 1 20.4296 8.02202
38 35 0 69.0902 34.5663
38 36 0 20.2616 29.4745
38 37 1 40.5602 28.5505
38 39 1 43.1421 53.5859
38 40 1 10.0487 26.1123
38 41 0 31.8542 5.28994
38 42 0 2.35529 6.34291
38 43 0 88.1369 48.7602
38 44 0 84.109 33.7913
38 45 0 89.3029 30.8459
38 46 0 40.7939 99.0537
38 47 0 49.32 69.0637
38 48 0 96.2917 57.7327
38 49 0 84.8276 63.739
38 50 0 16.5508 70.5734
38 51 0 69.2574 8.69243
38 52 0 94.9557 65.7654
38 53 0 93.27 80.0633
38 54 0 90.4473 37.5947
38 55 0 38.2961 83.5573
38 56 0 43.3194 53.3879
38 57 0 42.4174 95.8494
38 58 0 18.4464 12.5646
38 59 0 80.5621 82.7951
38 60 0 87.2526 50.677
39 1 0 89.295 69.7733
39 2 0 69.332 24.7592
39 3 0 6.98603 95.3588
39 4 0 6.37946 13.9692
39 5 0 13.8254 80.5161
39 6 1 26.6943 71.0269
39 7 0 17.8224 9.35045
39 8 0 83.469 27.1668
39 9 0 23.552 40.4676
39 10 0 28.4331 49.3099
39 11 0 81.6559 19.389
39 12 0 79.9455 29.6821
39 13 0 62.8504 54.9404
39 14 0 30.5233 28.9888
39 15 0 9.21013 4.85926
39 16 0 63.781 39.547
39 17 0 45.5219 9.64453
39 18 0 47.0936 91.2638
39 19 0 8.43061 90.1502
39 20 0 2.38982 16.8967
39 21 0 28.1514 90.8611
39 22 0 86.476 36.4117
39 23 0 26.3918 11.8477
39 24 0 62.1673 21.9573
39 25 0 43.2445 52.9782
39 26 0 27.9338 76.4687
39 27 1 46.7492 13.4784
39 28 0 3.91968 99.725
39 29 0 50.3831 82.49
39 30 0 94.2549 34.0499
39 31 0 14.1946 70.7357
39 32 0 67.4518 64.5987
39 33 0 73.826 12.7462
39 34 0 98.9705 76.631
39 35 0 74.0846 14.3974
39 36 0 98.3291 31.8136
39 37 0 17.2309 29.6102
39 38 0 46.3783 6.22346
39 40 1 38.8674 36.729
39 41 0 63.1712 13.0384
39 42 0 65.6455 2.59184
39 43 0 50.5979 23.2063
39 44 0 44.9467 16.1067
39 45 0 99.1971 61.7253
39 46 0 46.1299 76.7071
39 47 0 88.1002 90.879
39 48 0 66.5685 17.785
39 49 0 61.7448 51.987
39 50 0 14.1635 5.32602
39 51 0 18.6738 89.0364
39 52 0 5.56906 71.0396
39 53 0 5.0134 57.8685
39 54 0 6.61941 93.7534
39 55 0 81.1133 4.42076
39 56 0 78.1844 33.767
39 57 0 96.2539 61.0696
39 58 0 18.8266 44.992
39 59 0 20.0121 39.0058
39 60 0 17.005 3.22615
40 1 0 80.4014 9.44089
40 2 0 39.071 37.1997
40 3 0 60.2105 93.0562
40 4 0 41.5901 32.3408
40 5 0 46.7762 72.9812
40 6 1 69.5252 37.5049
40 7 1 16.25 88.6757
40 8 0 35.0404 22.3211
40 9 0 57.6603 98.8607
40 10 0 9.6534 34.8125
40 11 0 21.7012 87.0071
40 12 0 3.20313 30.7403
40 13 0 52.3853 97.2326
40 14 0 44.2785 40.8215
40 15 0 96.3684 8.2993
40 16 0 66.9672 10.1618
40 17 0 56.6693 99.91
40 18 0 40.885 78.8935
40 19 0 84.2087 78.1142
40 20 0 94.62 80.8254
40 21 0 88.7795 68.1851
40 22 0 9.44587 92.3408
40 23 0 54.3249 27.9499
40 24 0 72.5237 88.6422
40 25 0 99.0627 31.995
40 26 1 99.9863 54.6738
40 27 0 24.1551 69.644
40 28 0 43.3337 51.0984
40 29 0 53.0161 51.1236
40 30 0 67.4387 56.5152
40 31 0 17.0233 10.9975
40 32 0 73.7801 2.05936
40 33 0 35.5521 18.2899
40 34 0 21.3328 51.5827
40 35 1 37.8933 51.6003
40 36 0 57.363 13.5101
40 37 0 11.0283 95.8183
40 38 0 43.1336 35.1585
40 39 0 35.1878 86.7533
40 41 1 70.4316 95.0575
40 42 0 64.2812 92.228
40 43 0 58.634 53.1664
40 44 0 78.5337 1.34357
40 45 0 23.8566 68.0818
40 46 0 67.8964 65.3271
40 47 0 55.2514 51.7323
40 48 0 45.8045 64.9565
40 49 0 42.9398 94.2805
40 50 0 99.5898 64.7092
40 51 0 75.3774 39.4601
40 52 0 68.6291 90.9402
40 53 0 23.4103 67.3396
40 54 0 71.4002 25.3165
40 55 0 12.7086 67.9237
40 56 1 4.00907 42.9625
40 57 0 71.9145 62.3861
40 58 1 5.00399 94.8677
40 59 0 27.1191 6.37452
40 60 0 67.1687 23.05
41 1 1 43.479 39.4979
41 2 1 58.4322 90.7007
41 3 0 68.8454 6.19045
41 4 0 64.4851 73.273
41 5 0 92.8464 2.36157
41 6 1 68.7731 63.5881
41 7 0 1.80563 36.4961
41 8 0 85.2569 75.3198
41 9 0 89.1085 87.4115
41 10 0 94.3918 0.49692
41 11 0 92.6218 83.7178
41 12 0 31.4049 4.30949
41 13 0 32.1966 84.4404
41 14 0 92.3904 25.8351
41 15 0 90.6582 70.2586
41 16 0 64.6505 81.4099
41 17 0 47.25 36.1548
41 18 0 78.0735 76.6568
41 19 0 27.5923 70.4781
41 20 0 47.0598 3.49776
41 21 0 81.5569 54.5058
41 22 0 41.2681 76.9241
41 23 1 67.1239 49.424
41 24 0 33.8768 95.6364
41 25 0 4.76377 8.16781
41 26 1 56.6042 76.4491
41 27 0 51.8297 42.2966
41 28 0 0.693476 30.127
41 29 0 77.7367 16.7299
41 30 0 27.4683 51.1878
41 31 0 59.3795 72.377
41 32 0 99.9634 89.2178
41 33 0 69.7642 94.3006
41 34 0 22.2335 57.5766
41 35 0 52.3451 45.9335
41 36 0 35.3737 40.7383
41 37 0 5.91333 29.4074
41 38 0 51.6632 50.5162
41 39 0 8.21435 2.77911
41 40 1 39.7927 9.97419
41 42 1 25.6439 38.9858
41 43 0 77.2549 10.2549
41 44 0 16.6108 11.8614
41 45 0 9.77599 61.1134
41 46 0 16.1183 44.6664
41 47 1 63.516 79.2099
41 48 0 60.6225 24.7376
41 49 0 23.3031 80.711
41 50 0 53.8531 49.1346
41 51 1 57.5341 78.1256
41 52 0 3.87549 51.5089
41 53 1 3.86967 86.6453
41 54 0 31.379 78.3587
41 55 0 10.3083 73.2346
41 56 0 12.7787 8.51368
41 57 0 0.358608 90.0191
41 58 0 26.4781 89.4207
41 59 0 86.1122 86.3128
41 60 0 19.9991 39.5553
42 1 0 0.543745 49.1736
42 2 0 49.7863 10.1549
42 3 0 91.6649 33.064
42 4 0 81.1662 9.88287
42 5 0 85.2187 57.217
42 6 0 76.024 67.3517
42 7 0 87.0151 37.1232
42 8 0 65.1923 79.565
42 9 0 90.9303 5.91534
42 10 1 74.352 54.4564
42 11 0 89.954 34.0419
42 12 0 24.0629 46.7316
42 13 1 84.8357 69.4026
42 14 0 43.1743 69.277
42 15 0 39.4284 80.0346
42 16 0 96.4709 87.8721
42 17 0 24.3405 58.5172
42 18 0 20.4606 67.7681
42 19 0 35.6977 78.1488
42 20 1 58.6603 18.0901
42 21 0 77.7195 25.0017
42 22 0 86.5974 74.0765
42 23 1 81.2016 19.1764
42 24 0 34.7275 60.7607
42 25 0 50.1146 6.10873
42 26 0 37.5449 67.2113
42 27 1 79.2942 13.5738
42 28 1 54.1923 23.6801
42 29 0 33.5502 5.09618
42 30 0 86.8291 54.8198
42 31 0 16.9902 20.9965
42 32 0 71.071 61.2116
42 33 0 16.5142 84.0992
42 34 0 67.9652 86.8257
42 35 1 73.9341 98.4257
42 36 0 39.8485 11.5945
42 37 0 31.9806 17.4432
42 38 0 82.5188 40.727
42 39 0 12.0271 81.3369
42 40 0 36.9581 83.4972
42 41 0 10.3888 91.8113
42 43 1 96.9768 48.3023
42 44 0 54.9483 14.777
42 45 0 81.6733 63.6649
42 46 0 24.8584 45.5689
42 47 0 89.7472 53.893
42 48 0 34.0228 56.069
42 49 1 83.9427 69.3439
42 50 1 83.4437 41.3172
42 51 0 86.4224 18.1229
42 52 0 93.4711 49.6054
42 53 0 58.722 51.474
42 54 0 75.9783 53.4206
42 55 0 67.2468 62.7601
42 56 0 35.5564 65.6222
42 57 1 84.6025 92.1461
42 58 0 57.9594 8.74374
42 59 1 13.8619 97.4824
42 60 0 55.4858 58.1951
43 1 0 13.9099 76.5998
43 2 1 40.6701 51.3137
43 3 0 55.5173 45.4574
43 4 0 41.7432 12.7726
43 5 0 55.6372 23.6429
43 6 0 94.3941 15.9662
43 7 0 40.2292 24.9983
43 8 0 94.5311 98.099
43 9 0 45.5803 70.4294
43 10 0 76.1087 8.27336
43 11 0 76.4425 75.7821
43 12 0 85.1712 41.3653
43 13 0 58.4105 50.421
43 14 0 4.99439 27.2968
43 15 0 86.6655 98.07
43 16 0 18.0562 71.459
43 17 0 93.6357 12.0334
43 18 0 24.1634 84.9675
43 19 0 38.2245 37.1784
43 20 0 67.5044 47.2891
43 21 0 69.1219 46.2156
43 22 0 90.932 76.5106
43 23 0 54.425 62.6057
43 24 0 99.0031 98.6967
43 25 1 31.7674 95.877
43 26 0 95.3285 94.2445
43 27 0 45.7496 6.45165
43 28 1 12.7379 45.1635
43 29 0 78.7265 83.6425
43 30 0 98.0473 72.2799
43 31 0 79.387 62.5193
43 32 0 38.233 80.8848
43 33 0 25.435 34.5535
43 34 0 57.9982 17.7965
43 35 0 70.734 49.789
43 36 0 6.70479 6.36542
43 37 0 17.28 20.5456
43 38 0 60.0318 16.1757
43 39 0 66.2513 70.3785
43 40 0 86.8154 3.94757
43 41 0 82.2134 43.5383
43 42 0 1.14583 13.7717
43 44 1 6.72662 53.0188
43 45 0 54.2206 60.8105
43 46 1 90.0862 64.6031
43 47 0 38.4658 55.0364
43 48 0 53.0479 3.07563
43 49 0 4.88082 47.3322
43 50 0 25.9703 51.4084
43 51 0 76.4986 95.3547
43 52 0 71.7926 32.8387
43 53 0 79.1191 88.5496
43 54 0 57.3721 40.0593
43 55 0 12.0311 40.5138
43 56 0 13.6098 67.6942
43 57 0 40.4616 56.9622
43 58 0 41.7677 7.73138
43 59 0 81.0555 21.1219
43 60 0 78.4831 95.4083
44 1 0 75.5458 26.9738
44 2 1 83.9837 42.5297
44 3 1 58.4284 58.4014
44 4 0 66.1871 40.4997
44 5 0 16.0733 36.7215
44 6 0 84.9133 2.86609
44 7 0 43.5211 49.88
44 8 0 43.1532 32.3851
44 9 0 93.8763 49.008
44 10 0 12.644 76.3116
44 11 0 76.8915 78.7756
44 12 0 63.1504 96.8586
44 13 0 30.4372 41.5592
44 14 0 44.6891 11.8937
44 15 1 8.39177 46.8221
44 16 0 54.046 9.42713
44 17 0 50.9625 65.5782
44 18 0 90.3356 68.3142
44 19 0 25.956 78.6423
44 20 0 42.8621 8.95261
44 21 0 79.5651 78.7705
44 22 0 98.7959 25.3462
44 23 0 82.7903 85.12
44 24 0 68.6006 39.6274
44 25 0 45.5221 2.77377
44 26 1 81.1054 80.3044
44 27 1 94.2147 92.4697
44 28 0 50.0032 95.4826
44 29 0 19.2477 66.4468
44 30 0 81.8082 83.2644
44 31 0 45.5817 41.784
44 32 0 32.4061 71.8192
44 33 0 57.3459 32.7695
44 34 0 70.4198 68.3523
44 35 0 13.2135 54.0569
44 36 0 3.07335 57.3303
44 37 0 6.42465 98.1973
44 38 0 38.8782 30.6959
44 39 0 14.7702 29.3977
44 40 1 38.4659 77.0368
44 41 0 37.2386 70.733
44 42 1 31.3178 88.1409
44 43 0 6.75704 77.8585
44 45 1 26.0082 20.5803
44 46 0 29.6699 95.7542
44 47 0 67.0721 18.436
44 48 0 92.0588 26.4612
44 49 1 87.4511 38.3865
44 50 0 51.3889 34.7946
44 51 0 75.7232 18.6756
44 52 0 53.7796 33.5601
44 53 1 28.888 83.4083
44 54 0 93.5523 34.7373
44 55 0 21.3744 86.0775
44 56 0 80.6074 61.5955
44 57 0 48.8757 27.0047
44 58 0 76.2048 45.023
44 59 0 17.3834 72.4591
44 60 1 89.1683 63.3757
45 1 0 96.6817 93.0019
45 2 0 54.0951 35.5696
45 3 0 63.1088 17.8426
45 4 1 74.1517 4.83423
45 5 0 96.5725 56.831
45 6 0 16.3046 62.1393
45 7 0 8.48571 27.3619
45 8 0 23.48 72.2649
45 9 0 21.5402 88.0489
45 10 1 58.4123 27.545
45 11 0 65.5235 19.6757
45 12 0 39.5015 53.8857
45 13 0 54.1638 32.9959
45 14 1 31.6558 48.9156
45 15 0 85.6086 97.3684
45 16 0 39.3947 75.0626
45 17 1 6.50765 48.1665
45 18 0 21.4588 14.0205
45 19 0 57.9026 87.2848
45 20 0 69.2477 81.1642
45 21 1 53.843 58.1327
45 22 0 74.0355 93.7941
45 23 1 1.56742 57.4126
45 24 0 96.1119 54.5519
45 25 1 43.6035 4.29587
45 26 0 61.8132 36.4428
45 27 0 38.2826 9.21846
45 28 0 69.0541 93.8533
45 29 0 70.0573 53.7194
45 30 0 44.7419 49.4492
45 31 0 96.133 57.1967
45 32 0 52.4882 62.2092
45 33 0 7.14687 96.7466
45 34 0 91.5167 93.5188
45 35 0 25.4869 79.277
45 36 0 21.1694 85.5926
45 37 0 21.0965 48.2647
45 38 0 46.1101 32.7571
45 39 0 68.8491 0.762422
45 40 1 76.6031 93.4824
45 41 1 41.7331 76.1481
45 42 0 69.695 26.7661
45 43 0 19.1811 75.9983
45 44 1 72.6557 69.9444
45 46 1 37.023 96.2532
45 47 0 31.6764 93.3823
45 48 0 15.4863 12.0587
45 49 0 68.8376 34.9291
45 50 0 7.25225 89.6056
45 51 0 6.35674 92.0555
45 52 0 96.3147 78.7194
45 53 0 46.4898 20.6753
45 54 0 23.6877 3.42145
45 55 0 58.3601 92.9904
45 56 0 68.2912 11.7224
45 57 0 34.2489 36.649
45 58 0 28.1748 59.632
45 59 0 69.5916 43.9932
45 60 0 36.2763 55.97
46 1 0 63.9334 70.1453
46 2 0 46.3323 71.9108
46 3 0 2.57506 89.9501
46 4 0 65.9102 35.5395
46 5 0 44.0768 68.3492
46 6 0 77.1793 43.7992
46 7 0 76.0889 23.9212
46 8 0 39.4891 3.90144
46 9 0 97.0527 2.92694
46 10 1 66.8499 64.3965
46 11 0 71.7419 37.4593
46 12 0 68.1553 1.87934
46 13 0 37.3195 41.1539
46 14 0 85.6896 30.5282
46 15 0 78.7927 57.4231
46 16 1 36.0956 47.9053
46 17 0 67.6211 7.57993
46 18 0 41.3439 1.70129
46 19 1 25.5493 14.3242
46 20 1 4.25692 4.6081
46 21 0 69.9139 39.4384
46 22 1 28.3359 1.52235
46 23 0 91.4302 90.3016
46 24 0 37.6869 57.5357
46 25 0 98.4395 81.2897
46 26 0 72.9123 24.116
46 27 1 48.0929 70.7467
46 28 1 58.6864 65.131
46 29 0 91.3515 72.9973
46 30 0 47.1467 56.0634
46 31 0 72.932 44.3306
46 32 0 68.8507 26.9692
46 33 1 88.1701 54.9798
46 34 0 19.362 86.6428
46 35 0 88.6207 89.6298
46 36 0 17.596 75.8564
46 37 1 44.6553 45.997
46 38 0 65.3263 5.52528
46 39 0 84.3683 7.94193
46 40 0 68.5129 6.16947
46 41 0 19.136 9.85801
46 42 0 36.0201 2.26503
46 43 0 59.8512 33.2883
46 44 1 64.4099 95.827
46 45 0 7.40692 37.0904
46 47 1 73.4839 86.061
46 48 0 11.6452 31.8989
46 49 1 6.25792 22.5487
46 50 0 44.394 6.63009
46 51 0 25.6683 83.5939
46 52 0 46.7361 29.2501
46 53 0 51.7077 52.245
46 54 0 54.436 4.00054
46 55 0 52.3555 62.5846
46 56 0 11.6572 50.7274
46 57 0 67.9014 19.3462
46 58 1 53.4255 21.515
46 59 0 22.0363 9.71463
46 60 0 78.9666 60.1114
47 1 0 35.0961 44.2211
47 2 1 9.00657 3.17783
47 3 0 19.0606 51.5495
47 4 0 22.5328 69.2991
47 5 0 76.3036 31.948
47 6 0 92.4852 75.3113
47 7 0 94.4983 96.8824
47 8 0 37.6154 42.0733
47 9 0 94.541 46.7217
47 10 0 73.9148 15.399
47 11 0 79.5602 98.6022
47 12 0 35.3479 89.3881
47 13 0 91.5816 25.0846
47 14 0 70.5524 63.3047
47 15 1 21.617 92.4358
47 16 0 25.1506 93.015
47 17 0 50.8077 79.289
47 18 0 63.5823 18.8863
47 19 0 43.7761 73.836
47 20 0 25.6448 75.8426
47 21 0 53.7019 79.7281
47 22 0 39.4762 88.4827
47 23 0 85.7409 53.6081
47 24 1 7.53466 61.9463
47 25 0 11.6455 67.9547
47 26 1 28.2319 53.4226
47 27 0 74.6562 72.7059
47 28 0 95.5587 1.56444
47 29 0 48.0511 91.7786
47 30 0 33.0226 10.6496
47 31 0 99.0773 61.9247
47 32 0 51.2149 67.2435
47 33 0 67.4266 61.8307
47 34 1 94.3261 15.9226
47 35 0 2.66922 34.6603
47 36 0 52.6193 58.1932
47 37 0 79.135 17.8157
47 38 0 55.7527 45.9039
47 39 0 63.874 53.0938
47 40 1 39.1975 17.1481
47 41 0 30.078 74.8935
47 42 0 55.6597 79.6385
47 43 0 71.6679 81.7338
47 44 0 89.9759 71.8473
47 45 0 90.0178 7.9537
47 46 0 81.6488 0.652814
47 48 1 71.1468 73.3965
47 49 0 74.4322 31.1144
47 50 0 72.583 38.0389
47 51 0 22.2727 79.9925
47 52 1 6.90735 39.8947
47 53 0 89.5368 97.1343
47 54 1 14.3384 2.2344
47 55 0 34.6841 26.3679
47 56 0 36.3753 90.7411
47 57 1 44.6936 41.768
47 58 0 91.8483 46.5254
47 59 0 60.1946 35.7947
47 60 0 29.4984 6.64003
48 1 0 48.9383 40.8298
48 2 0 61.6244 33.9885
48 3 0 65.2677 77.8235
48 4 0 22.0543 93.5195
48 5 0 23.3417 18.298
48 6 0 13.5874 9.95009
48 7 0 16.4541 95.598
48 8 0 29.5071 76.1206
48 9 1 53.4377 9.35374
48 10 0 6.16258 96.4081
48 11 1 94.1267 42.8168
48 12 0 57.5656 31.6318
48 13 0 68.0071 35.2061
48 14 0 21.5004 99.8034
48 15 0 24.6298 79.2787
48 16 0 63.3871 35.9749
48 17 0 30.0062 52.5964
48 18 0 41.9965 2.27345
48 19 0 18.4713 36.7688
48 20 0 90.9646 65.0274
48 21 0 50.584 86.3199
48 22 0 22.051 65.4287
48 23 0 84.0816 28.3272
48 24 0 64.7893 38.5968
48 25 0 59.7219 30.968
48 26 1 3.85137 79.0358
48 27 0 87.9564 39.5112
48 28 0 2.47019 55.3807
48 29 0 4.43399 89.0153
48 30 0 82.2621 0.759963
48 31 0 63.1347 66.2936
48 32 1 4.93727 11.8808
48 33 1 55.9522 78.2319
48 34 0 35.9129 63.1764
48 35 0 65.4289 33.693
48 36 0 8.67011 85.3664
48 37 0 3.62364 95.6764
48 38 0 18.5275 84.6699
48 39 0 37.5519 81.0536
48 40 0 67.3855 35.1331
48 41 0 75.4159 96.3841
48 42 0 91.8231 67.2109
48 43 0 35.1913 80.5892
48 44 0 34.3129 47.5645
48 45 0 20.7151 36.5685
48 46 0 14.612 17.1837
48 47 0 47.8069 50.2754
48 49 1 45.7376 47.4625
48 50 0 63.7979 33.8033
48 51 0 96.9719 19.5146
48 52 0 59.0575 28.4228
48 53 0 46.6458 82.9216
48 54 1 97.8141 9.43751
48 55 0 39.2946 61.8632
48 56 0 96.4644 80.3324
48 57 0 82.9444 67.1526
48 58 0 88.785 29.1645
48 59 0 79.0089 38.6901
48 60 0 11.5233 5.25645
49 1 0 44.9905 11.5081
49 2 1 16.0777 15.879
49 3 0 51.639 16.4884
49 4 0 60.8063 92.71
49 5 0 80.7213 8.30905
49 6 0 37.6875 7.81726
49 7 1 99.5448 3.9112
49 8 1 17.2666 21.3327
49 9 0 96.5788 53.5812
49 10 0 48.6941 45.0799
49 11 0 64.2915 43.9757
49 12 0 61.322 27.935
49 13 0 67.8877 73.9822
49 14 0 77.9666 60.0725
49 15 0 84.7048 79.0297
49 16 0 20.5622 52.8498
49 17 0 90.9977 20.0742
49 18 0 33.6133 53.3437
49 19 0 40.1078 48.3625
49 20 0 50.3803 6.99606
49 21 0 0.664478 35.5983
49 22 1 2.65104 32.8742
49 23 0 76.0824 82.7128
49 24 0 43.8875 63.6768
49 25 0 80.3354 81.2649
49 26 0 88.6327 57.4318
49 27 1 59.894 98.987
49 28 0 53.8056 87.8467
49 29 1 91.339 57.7027
49 30 0 94.3787 75.775
49 31 0 12.2697 22.4137
49 32 0 13.2612 56.5896
49 33 0 99.0399 27.4657
49 34 0 41.109 90.4477
49 35 0 11.6283 34.9157
49 36 0 48.3337 71.1595
49 37 0 16.1928 16.204
49 38 0 19.1356 77.5929
49 39 0 18.8133 16.5865
49 40 0 56.1331 7.3766
49 41 0 59.8793 8.2627
49 42 0 10.9454 3.95147
49 43 0 70.7966 1.449
49 44 1 85.1028 10.1137
49 45 0 16.3871 39.0904
49 46 0 91.608 67.4732
49 47 0 91.5208 45.8205
49 48 0 83.9133 4.24171
49 50 1 16.7049 21.1107
49 51 1 19.2351 29.6014
49 52 0 29.6753 4.53189
49 53 0 47.8847 63.7745
49 54 0 79.0082 55.9158
49 55 1 17.2482 10.1833
49 56 0 3.45685 98.9861
49 57 1 35.5894 51.1712
49 58 0 39.3907 75.2978
49 59 0 80.9608 78.4859
49 60 0 28.857 87.0515
50 1 0 32.4179 12.7773
50 2 0 22.2812 86.8452
50 3 0 70.6945 32.5987
50 4 0 54.3594 78.2684
50 5 0 53.334 96.319
50 6 0 19.889 5.66604
50 7 0 99.2463 89.9831
50 8 0 6.36253 9.23337
50 9 0 6.46371 12.4157
50 10 0 76.2535 22.3459
50 11 1 58.6174 69.3469
50 12 0 24.58 57.5586
50 13 0 19.5725 13.2464
50 14 0 21.7884 87.1088
50 15 0 14.8684 37.2407
50 16 0 44.6544 85.2693
50 17 0 83.1628 1.089
50 18 0 99.9635 21.5624
50 19 0 97.2021 87.4689
50 20 0 33.8158 12.8806
50 21 0 83.0975 77.1703
50 22 0 47.268 89.647
50 23 0 48.3268 54.2307
50 24 1 50.1165 15.6912
50 25 0 8.96508 12.6616
50 26 0 92.0871 18.5755
50 27 1 30.2076 92.1478
50 28 0 93.4006 3.43928
50 29 0 17.8853 95.7966
50 30 0 99.5567 67.7275
50 31 0 42.3673 97.6121
50 32 0 35.1205 67.149
50 33 0 75.1747 87.9363
50 34 0 7.90653 30.9743
50 35 0 25.0502 89.8072
50 36 0 94.7917 8.67451
50 37 1 89.4418 55.5697
50 38 0 89.9751 84.8392
50 39 0 94.366 20.1534
50 40 0 54.6793 19.618
50 41 0 73.6016 36.4798
50 42 0 37.1169 2.85672
50 43 0 16.9576 84.9598
50 44 0 9.23916 12.6814
50 45 0 24.2278 27.4469
50 46 0 62.1714 32.2371
50 47 0 83.9555 4.91094
50 48 0 61.0966 21.6891
50 49 0 31.6629 16.2659
50 51 1 9.8973 45.6944
50 52 0 39.9271 66.5177
50 53 0 61.5169 86.048
50 54 0 5.10448 19.9227
50 55 1 49.8944 76.2599
50 56 0 7.30021 98.1038
50 57 0 46.682 56.5069
50 58 0 48.2446 7.87036
50 59 0 87.2893 79.9442
50 60 0 18.8564 38.137
51 1 1 93.4371 59.1359
51 2 0 1.44043 30.4994
51 3 0 85.8632 92.4522
51 4 0 14.1304 91.9332
51 5 0 96.6293 46.2143
51 6 0 1.4811 11.8018
51 7 0 62.5642 59.2144
51 8 1 52.4694 94.6378
51 9 0 94.6287 28.178
51 10 0 14.8271 76.7862
51 11 0 43.2269 96.4095
51 12 0 93.8191 85.4293
51 13 0 10.8856 4.33332
51 14 0 66.3546 45.3249
51 15 0 87.5449 18.4681
51 16 0 9.71628 0.437705
51 17 0 73.9217 40.0976
51 18 0 92.6343 23.4661
51 19 0 35.715 16.8053
51 20 0 5.26002 86.8808
51 21 0 50.7341 58.9216
51 22 0 95.1753 19.4434
51 23 0 74.8244 30.1003
51 24 0 40.3439 10.3153
51 25 0 21.3004 93.8847
51 26 0 88.8163 63.1558
51 27 1 15.1172 45.4463
51 28 0 53.9036 84.3034
51 29 0 92.8537 76.0562
51 30 0 60.6801 69.9925
51 31 0 96.1415 47.2427
51 32 0 9.93032 50.6877
51 33 0 75.3996 72.969
51 34 0 7.13537 54.0379
51 35 0 71.5922 22.658
51 36 0 54.8057 2.66295
51 37 0 1.43688 4.96902
51 38 0 99.7813 95.4176
51 39 1 82.5307 21.777
51 40 0 58.4224 18.2271
51 41 0 85.0397 56.1546
51 42 0 16.0673 35.9034
51 43 0 5.22084 81.0341
51 44 0 64.6494 60.1787
51 45 0 23.5435 15.7486
51 46 0 83.6516 50.6906
51 47 0 50.0938 5.48669
51 48 0 63.2837 28.3457
51 49 0 83.1981 43.6556
51 50 1 46.08 47.4198
51 52 1 95.3183 23.0153
51 53 0 87.7664 27.8171
51 54 0 91.8201 38.6747
51 55 0 49.5764 14.2621
51 56 0 20.7131 40.8365
51 57 0 39.5188 99.6918
51 58 0 57.7818 55.0444
51 59 0 26.0245 56.3072
51 60 0 97.3436 70.6145
52 1 0 65.3627 8.47229
52 2 0 46.6752 2.67509
52 3 0 13.1267 22.4923
52 4 0 19.7835 62.5717
52 5 0 51.1669 5.35356
52 6 0 65.892 73.2651
52 7 0 2.08932 14.746
52 8 0 14.0754 99.5186
52 9 0 43.0365 72.9497
52 10 0 58.3075 69.5158
52 11 1 9.05964 43.7893
52 12 0 32.6627 77.2989
52 13 0 90.9138 71.3577
52 14 1 14.5839 26.3798
52 15 1 8.88673 43.3131
52 16 0 1.27431 8.81615
52 17 0 48.2423 66.8515
52 18 0 11.3376 52.1928
52 19 0 89.407 22.7092
52 20 0 12.0851 80.7988
52 21 0 65.6114 88.2203
52 22 1 77.8084 44.6707
52 23 0 62.6544 64.9831
52 24 0 37.4435 85.1162
52 25 0 51.2504 91.1745
52 26 0 21.2326 59.1398
52 27 0 15.2509 90.4828
52 28 0 95.7978 54.9097
52 29 0 24.7702 65.0021
52 30 0 10.5519 4.90901
52 31 0 72.0853 48.2935
52 32 0 98.9563 20.2153
52 33 1 24.5004 97.7837
52 34 1 7.65759 44.2435
52 35 0 74.1707 66.8058
52 36 0 39.2399 8.78953
52 37 0 61.8557 86.6132
52 38 0 30.5104 5.71074
52 39 0 98.1497 1.55143
52 40 0 5.58659 72.7424
52 41 1 51.1384 0.626309
52 42 0 71.5528 66.3124
52 43 0 62.1209 56.944
52 44 0 22.8687 71.8257
52 45 1 93.8419 36.4206
52 46 1 1.39868 55.3334
52 47 0 87.5463 94.3516
52 48 0 31.6102 5.74152
52 49 0 17.2876 17.3717
52 50 0 51.6898 7.43278
52 51 0 16.8232 57.2586
52 53 1 47.1844 75.2815
52 54 0 90.4543 71.1332
52 55 0 14.2171 64.2584
52 56 0 53.6622 67.5136
52 57 0 65.2832 63.2501
52 58 0 14.2395 5.75264
52 59 0 50.9977 83.0283
52 60 0 15.2589 63.2636
53 1 0 56.5033 67.6848
53 2 0 78.3067 84.7009
53 3 0 15.279 45.7915
53 4 0 41.2854 17.5127
53 5 0 59.349 56.8667
53 6 0 83.2681 28.6498
53 7 0 70.0847 65.8951
53 8 0 23.4726 21.1087
53 9 0 73.3408 47.0017
53 10 0 62.6989 74.9478
53 11 1 94.6068 12.4474
53 12 0 38.0699 19.7788
53 13 0 81.2056 4.501
53 14 0 86.9225 78.2172
53 15 0 94.5113 37.3508
53 16 0 95.2027 90.745
53 17 0 94.5921 80.3636
53 18 0 8.86053 88.9366
53 19 0 0.200077 75.0041
53 20 0 40.8469 35.8036
53 21 0 44.0237 58.1608
53 22 0 26.3368 36.3289
53 23 1 65.3433 84.6448
53 24 0 3.83145 74.0018
53 25 0 95.1875 67.5429
53 26 0 18.9803 41.4294
53 27 0 88.6508 75.1643
53 28 0 16.2463 87.5459
53 29 0 56.466 96.0128
53 30 0 5.89443 7.44827
53 31 1 2.86284 59.0009
53 32 0 29.9288 25.1113
53 33 0 54.0376 20.603
53 34 0 17.8791 60.2585
53 35 0 15.2532 18.8616
53 36 0 6.86286 38.2492
53 37 0 2.11995 63.5092
53 38 1 72.382 68.1514
53 39 0 29.952 79.2106
53 40 0 23.7525 36.4786
53 41 0 31.1138 45.7795
53 42 0 13.7833 48.7422
53 43 0 90.2165 48.2875
53 44 0 5.16542 12.3361
53 45 0 33.3 93.2266
53 46 0 46.3539 8.01074
53 47 0 78.3931 80.0701
53 48 0 98.8695 64.2127
53 49 0 9.69805 85.8365
53 50 0 1.12687 16.0924
53 51 1 99.087 9.32566
53 52 0 69.4291 62.2936
53 54 1 27.8321 51.5206
53 55 0 53.573 25.6601
53 56 0 7.81415 82.0812
53 57 0 69.1676 96.4341
53 58 0 19.6688 66.1141
53 59 1 20.0277 53.2614
53 60 1 63.5394 82.3504
54 1 0 0.63681 96.1167
54 2 0 47.1522 32.7425
54 3 1 3.72561 6.38099
54 4 0 26.7783 66.7491
54 5 0 65.1107 3.94639
54 6 0 24.6988 64.5974
54 7 0 56.2068 41.7473
54 8 0 16.334 93.0209
54 9 0 32.4978 7.95278
54 10 0 62.2569 25.2491
54 11 0 73.979 75.2065
54 12 0 54.8887 2.16159
54 13 1 59.2113 2.97871
54 14 0 61.0242 29.9899
54 15 0 21.2671 79.8085
54 16 0 6.89741 69.295
54 17 0 25.7666 51.1873
54 18 0 36.4634 62.883
54 19 1 23.4409 44.4116
54 20 0 65.0181 62.6532
54 21 0 41.0939 89.4182
54 22 0 12.7196 29.8308
54 23 0 40.593 12.8086
54 24 0 71.7022 51.6835
54 25 1 59.3719 69.4169
54 26 0 86.3493 57.0161
54 27 1 99.6784 38.6257
54 28 0 87.6075 99.6541
54 29 0 46.6012 57.5638
54 30 0 52.5028 41.5691
54 31 0 50.8265 25.9221
54 32 0 13.4197 92.8072
54 33 0 65.3514 73.2861
54 34 1 49.4919 64.3232
54 35 1 77.8646 94.9899
54 36 0 12.6146 9.42584
54 37 0 90.2966 7.14036
54 38 0 71.2342 19.4796
54 39 0 13.8444 9.13308
54 40 0 84.9596 55.1567
54 41 1 40.7802 26.9839
54 42 0 11.16 66.5368
54 43 0 95.4928 61.0301
54 44 0 15.7982 51.6024
54 45 0 64.7443 93.9534
54 46 0 14.4422 65.6166
54 47 0 39.6741 40.8916
54 48 0 61.7608 30.289
54 49 0 72.0936 86.4042
54 50 1 36.4927 47.0687
54 51 0 62.756 32.1775
54 52 0 2.77239 20.011
54 53 0 12.6244 18.1797
54 55 1 24.6025 17.642
54 56 0 40.3968 44.0831
54 57 0 67.6 51.9602
54 58 0 55.7237 67.7176
54 59 0 33.4257 35.1887
54 60 0 57.876 23.0298
55 1 0 83.5985 69.9493
55 2 0 67.666 74.6797
55 3 0 51.5083 6.61277
55 4 0 45.1116 46.3325
55 5 0 33.6118 86.423
55 6 0 22.9369 65.3486
55 7 1 58.6801 47.1443
55 8 0 1.2534 13.8744
55 9 0 28.5411 94.5674
55 10 0 67.5636 30.5139
55 11 0 92.373 64.6734
55 12 0 52.3708 45.0527
55 13 1 12.571 6.28539
55 14 0 89.9162 52.0442
55 15 0 16.6456 11.7631
55 16 0 94.6274 18.3944
55 17 0 20.8995 47.5568
55 18 0 76.8632 0.661568
55 19 0 53.7208 40.4839
55 20 0 0.203661 51.835
55 21 0 17.6222 10.8638
55 22 0 59.0453 87.4214
55 23 0 36.4085 38.4985
55 24 0 15.2068 23.7699
55 25 0 53.9723 18.6308
55 26 0 57.0459 90.9173
55 27 0 40.1159 83.2038
55 28 0 35.9762 3.99521
55 29 0 28.1494 32.1916
55 30 0 76.8599 86.7339
55 31 0 87.58 13.793
55 32 0 11.707 18.9768
55 33 1 24.1402 36.8742
55 34 0 33.1372 78.3435
55 35 0 9.82526 73.4073
55 36 0 55.9829 9.15405
55 37 1 18.6393 26.8347
55 38 1 30.0315 96.1704
55 39 0 63.2625 43.2257
55 40 0 81.319 53.4518
55 41 0 65.9126 10.305
55 42 0 84.7795 35.9739
55 43 0 2.78372 50.1252
55 44 0 70.0916 0.882726
55 45 0 62.1015 47.6542
55 46 0 53.8399 46.6441
55 47 0 11.9305 90.2854
55 48 0 87.732 94.7752
55 49 0 10.0825 85.0904
55 50 0 94.709 80.4455
55 51 0 74.8722 54.857
55 52 0 87.2979 79.0243
55 53 0 31.3107 17.7386
55 54 1 57.0231 66.2677
55 56 1 61.4235 78.604
55 57 0 44.4914 34.6305
55 58 0 80.2529 12.3954
55 59 0 14.4326 62.1296
55 60 0 6.7007 15.8367
56 1 0 39.9264 35.4378
56 2 1 70.7127 95.2472
56 3 0 99.3755 49.3408
56 4 0 93.614 96.6235
56 5 0 88.293 35.0288
56 6 0 74.1699 44.8762
56 7 0 7.42656 51.7862
56 8 0 80.9838 29.8791
56 9 1 84.014 94.9192
56 10 0 1.90347 3.01542
56 11 0 38.0949 22.0463
56 12 1 95.0727 60.8893
56 13 0 25.8766 14.8913
56 14 0 43.0096 48.0716
56 15 0 85.9775 28.53
56 16 0 18.2217 90.3884
56 17 0 15.4185 70.3367
56 18 0 24.1376 28.4768
56 19 0 5.00131 49.8131
56 20 1 70.8239 37.8086
56 21 0 87.6302 19.6026
56 22 0 28.6067 39.8971
56 23 0 38.3592 25.5337
56 24 0 57.6331 15.7426
56 25 0 5.92012 78.5711
56 26 0 60.5306 31.4806
56 27 0 4.65882 31.1823
56 28 0 85.4661 24.4482
56 29 1 22.1161 0.83634
56 30 0 75.4662 55.1616
56 31 0 53.5378 32.9169
56 32 0 67.4002 66.7349
56 33 0 91.553 2.28607
56 34 0 95.9558 54.1353
56 35 0 39.5166 52.6862
56 36 0 31.4211 58.0407
56 37 0 51.7169 76.0891
56 38 0 40.9742 10.8247
56 39 0 93.7777 19.7427
56 40 0 72.139 45.1644
56 41 0 93.5383 23.5413
56 42 0 40.898 50.4108
56 43 0 81.3707 31.5348
56 44 0 4.62413 96.7449
56 45 0 98.2269 57.7709
56 46 0 0.791096 4.94289
56 47 0 17.7877 4.56543
56 48 1 6.07467 6.96713
56 49 0 62.24 56.6738
56 50 0 28.9343 71.8931
56 51 0 66.3016 81.7788
56 52 0 29.7757 28.0541
56 53 0 99.6558 88.1843
56 54 0 67.5596 9.49128
56 55 0 14.5772 72.8351
56 57 1 73.6374 90.3954
56 58 0 6.32827 34.1734
56 59 0 98.4803 39.7212
56 60 0 96.156 77.4789
57 1 1 98.1024 75.0861
57 2 0 88.1439 99.8326
57 3 0 89.8951 77.0182
57 4 0 94.4905 85.863
57 5 0 35.0154 71.2214
57 6 0 67.791 20.0229
57 7 0 23.9093 39.0602
57 8 1 95.4342 32.3675
57 9 0 42.2261 23.6647
57 10 0 15.4276 90.3639
57 11 0 43.7791 44.6376
57 12 0 0.730887 84.8867
57 13 0 73.4881 21.6841
57 14 1 94.1216 82.621
57 15 0 32.9323 99.4367
57 16 0 72.5155 99.672
57 17 0 25.9094 35.7331
57 18 0 55.2326 80.1347
57 19 0 53.3724 61.2404
57 20 0 47.6353 56.3744
57 21 0 29.4909 34.0571
57 22 0 99.4808 99.118
57 23 0 3.97421 65.8422
57 24 0 15.6247 90.9905
57 25 0 60.8655 60.5955
57 26 0 4.29581 74.3593
57 27 0 25.6082 96.9166
57 28 0 47.9174 11.6893
57 29 0 26.6316 52.9539
57 30 0 79.0967 45.3823
57 31 1 58.6604 97.7945
57 32 0 94.4776 73.8724
57 33 0 59.5816 87.1288
57 34 0 24.3294 31.7959
57 35 1 44.2335 67.181
57 36 0 66.4865 61.756
57 37 0 69.6224 55.7796
57 38 0 37.9895 47.4285
57 39 0 39.7675 0.275215
57 40 1 3.94166 77.649
57 41 0 4.53853 87.5719
57 42 1 75.1741 53.7751
57 43 0 62.8877 90.9784
57 44 0 3.48676 33.0669
57 45 0 50.6078 27.8487
57 46 1 67.5303 32.1077
57 47 0 10.7721 38.3878
57 48 0 72.8045 10.8942
57 49 0 60.561 74.0234
57 50 0 77.75 36.2326
57 51 0 64.7561 10.5881
57 52 0 55.1419 96.1296
57 53 0 6.62978 94.0782
57 54 0 2.04011 15.9791
57 55 0 39.378 13.1648
57 56 0 47.4906 84.7943
57 58 1 90.2166 25.4293
57 59 1 1.10919 84.2536
57 60 0 94.9748 64.7311
58 1 0 8.83428 7.10955
58 2 0 25.3106 65.4866
58 3 1 59.9982 12.0665
58 4 0 50.5283 52.9253
58 5 0 95.3203 12.0579
58 6 0 75.8732 79.0827
58 7 0 28.7745 53.9462
58 8 0 97.1079 14.5256
58 9 0 93.1472 60.2729
58 10 0 59.1905 60.7694
58 11 0 70.3165 71.3248
58 12 0 46.7427 45.123
58 13 0 66.4372 56.5268
58 14 0 47.5959 56.4448
58 15 0 65.7689 64.5722
58 16 0 49.3029 97.3094
58 17 0 33.0334 46.5958
58 18 0 88.0978 46.8653
58 19 0 66.1275 8.8262
58 20 0 92.4187 2.00496
58 21 1 56.3818 98.0387
58 22 0 8.58007 57.3873
58 23 0 0.116016 65.8056
58 24 0 5.16903 53.4614
58 25 1 70.6786 0.164462
58 26 1 5.23481 26.8781
58 27 0 89.936 51.8565
58 28 0 36.7673 42.5068
58 29 0 93.9114 14.1476
58 30 0 78.0878 64.1085
58 31 0 21.2771 93.9524
58 32 0 77.3063 61.5528
58 33 0 44.5641 56.527
58 34 0 81.3916 21.4572
58 35 0 92.3164 93.34
58 36 0 48.7929 32.5006
58 37 0 81.4476 49.8451
58 38 0 73.7099 73.8739
58 39 0 4.07274 49.9986
58 40 1 88.3686 22.8363
58 41 0 11.0484 76.1976
58 42 0 44.3984 35.7608
58 43 0 53.7617 27.1764
58 44 1 77.6061 17.7764
58 45 1 80.6065 17.5439
58 46 0 78.3106 93.5041
58 47 0 82.1242 79.7939
58 48 0 94.1539 10.6087
58 49 0 1.24023 11.8112
58 50 0 76.5211 21.8736
58 51 0 35.6983 58.9564
58 52 0 90.385 26.0462
58 53 0 29.1366 2.92697
58 54 1 4.7675 36.938
58 55 0 26.4193 90.3078
58 56 0 49.8836 31.458
58 57 0 1.75487 95.2533
58 59 1 99.3729 46.4507
58 60 0 27.4086 41.8756
59 1 0 59.9323 37.2244
59 2 1 92.8438 54.9408
59 3 0 41.8458 1.20408
59 4 0 92.5008 20.1853
59 5 0 4.4533 5.41947
59 6 1 88.1752 96.5708
59 7 0 55.1455 0.195306
59 8 0 29.4482 29.8848
59 9 0 29.5822 13.9853
59 10 0 87.7341 31.1015
59 11 0 78.3861 84.0329
59 12 0 61.9661 51.8422
59 13 0 66.1453 67.9203
59 14 0 47.6676 31.6119
59 15 0 82.8863 6.08081
59 16 0 64.3983 59.863
59 17 0 12.7077 91.6062
59 18 0 96.7409 93.6818
59 19 0 42.245 17.2595
59 20 0 46.6606 23.3768
59 21 0 59.6674 59.604
59 22 0 67.576 35.2601
59 23 0 50.3561 95.4608
59 24 0 25.6666 17.2096
59 25 0 52.2262 1.28193
59 26 0 80.6999 42.5825
59 27 0 51.0958 12.9348
59 28 0 81.4138 40.9905
59 29 0 36.1843 69.4529
59 30 0 59.5558 49.0776
59 31 0 17.3511 65.2383
59 32 1 15.2981 22.8499
59 33 1 33.2766 45.4358
59 34 1 89.3281 79.2594
59 35 0 38.9749 9.85434
59 36 0 41.9983 29.2798
59 37 0 63.9374 27.7981
59 38 1 48.9578 13.561
59 39 1 35.5528 94.5977
59 40 0 76.4464 65.5658
59 41 0 24.7075 85.9741
59 42 0 43.6227 6.13796
59 43 0 93.0692 44.0076
59 44 1 25.4394 51.8334
59 45 1 23.5248 75.8162
59 46 1 77.6294 64.7403
59 47 0 59.2954 79.1838
59 48 0 62.2136 64.1168
59 49 0 34.4541 77.9624
59 50 0 16.9429 1.98001
59 51 0 69.3119 6.27533
59 52 0 53.5187 2.92895
59 53 0 34.4314 49.4307
59 54 0 4.9164 37.2813
59 55 1 60.2534 1.78292
59 56 0 9.56178 52.4137
59 57 1 3.05234 33.2541
59 58 0 70.1317 24.302
59 60 1 78.7006 42.2279
60 1 1 21.4976 3.50482
60 2 0 88.0336 44.8526
60 3 0 21.7378 36.82
60 4 0 13.2199 72.0169
60 5 0 24.9586 9.55942
60 6 0 63.4751 11.6579
60 7 0 14.6342 45.9856
60 8 1 28.981 85.3825
60 9 0 47.4825 41.5568
60 10 1 57.0011 13.4815
60 11 0 80.2052 10.6508
60 12 0 42.5426 80.214
60 13 1 16.9241 13.3948
60 14 0 29.8823 95.766
60 15 0 59.2818 7.35284
60 16 0 13.2319 82.3141
60 17 0 40.8615 3.22341
60 18 0 37.1409 83.857
60 19 1 26.2672 18.0915
60 20 0 94.4287 65.015
60 21 0 80.4405 27.0567
60 22 0 89.2448 56.9888
60 23 1 87.247 85.1082
60 24 1 99.0775 67.0102
60 25 1 0.669496 75.3266
60 26 0 6.77265 41.4976
60 27 0 24.6371 39.9831
60 28 0 83.6398 82.5061
60 29 0 36.9237 86.367
60 30 0 80.1086 8.06736
60 31 0 87.4107 34.1297
60 32 0 30.1664 60.1156
60 33 0 97.6797 38.9601
60 34 0 6.18165 81.2762
60 35 0 72.7869 9.77202
60 36 0 44.1915 39.0099
60 37 0 95.5208 71.2115
60 38 1 19.4197 5.45233
60 39 0 59.9827 64.2224
60 40 0 30.1721 70.9708
60 41 0 65.1951 31.1651
60 42 0 34.3453 34.2986
60 43 0 8.11225 5.7543
60 44 0 85.1418 91.6776
60 45 0 82.6599 80.9604
60 46 0 74.9532 38.8233
60 47 0 67.9692 26.9192
60 48 0 20.0738 6.29575
60 49 0 22.0492 81.4723
60 50 0 78.5967 50.8773
60 51 0 78.8768 7.00066
60 52 0 9.35554 79.5716
60 53 0 53.4255 80.0572
60 54 0 54.7466 15.348
60 55 0 14.9995 3.00687
60 56 0 55.5647 88.6123
60 57 0 96.2516 90.4924
60 58 0 79.5872 38.7581
60 59 0 38.5541 21.4635
24.4724 35.5265 36.3359 36.8871 4.43374 6.99071 22.2501 39.7112 28.4804 30.699 28.4004 10.2046 1.86259 31.2806 14.965 26.211 16.8287 19.281 15.3629 30.2824 29.3315 36.3311 37.8426 23.7744 15.9863 12.9537 3.63277 8.39822 38.627 2.28565 28.0828 15.2966 12.375 17.8638 28.3822 24.7018 14.8707 33.7668 0.642598 39.5737 27.7866 1.8347 32.4903 28.0522 18.3694 30.09 33.1768 7.53984 12.5774 26.0636 38.4169 28.0307 1.97232 13.9891 33.2946 3.05234 10.9557 10.3854 13.046 16.1533 