60
500
5
100
1 2 1 36.1707 95.2346
1 3 0 71.5157 28.9595
1 4 0 20.9083 19.5724
1 5 0 4.3001 42.8804
1 6 1 43.9561 49.3674
1 7 0 53.2044 3.32311
1 8 0 98.5065 10.7791
1 9 0 70.0895 64.3433
1 10 0 36.2539 21.8501
1 11 1 58.1208 43.7864
1 12 0 98.4477 82.7903
1 13 0 10.7508 95.3069
1 14 0 93.5466 17.0539
1 15 0 40.8438 35.1609
1 16 0 13.261 23.8263
1 17 0 4.0967 51.4935
1 18 0 2.19552 54.7182
1 19 1 29.7204 43.4212
1 20 0 10.4254 17.6706
1 21 0 50.9547 16.2217
1 22 0 99.8551 50.5983
1 23 0 51.2198 50.1856
1 24 0 30.8248 50.258
1 25 0 52.5724 85.9999
1 26 1 34.7514 98.4087
1 27 0 60.2818 56.1301
1 28 0 69.9694 69.4605
1 29 0 88.7583 55.7216
1 30 0 46.5527 75.6853
1 31 0 0.0976224 80.8665
1 32 0 46.7813 53.2945
1 33 0 32.846 67.6237
1 34 0 37.1611 93.6604
1 35 0 73.779 50.8188
1 36 0 42.4084 0.730234
1 37 1 96.7606 94.1356
1 38 0 20.1884 2.01203
1 39 1 19.2778 94.5203
1 40 0 2.53476 2.95164
1 41 0 42.3434 8.27741
1 42 0 49.1959 12.9037
1 43 0 77.2737 86.7303
1 44 0 63.3151 73.0462
1 45 0 99.1992 50.5982
1 46 1 72.7813 18.849
1 47 0 45.1686 29.9889
1 48 1 66.2551 24.183
1 49 0 61.009 58.6512
1 50 0 3.40027 78.818
1 51 0 34.2802 67.6306
1 52 1 49.6106 27.5552
1 53 0 43.7515 60.6173
1 54 0 49.5745 5.91537
1 55 1 50.2161 56.9541
1 56 0 15.5634 48.0213
1 57 0 55.4373 89.2817
1 58 0 40.7396 4.29342
1 59 0 46.4892 49.7278
1 60 0 81.3896 51.1014
2 1 0 37.3573 10.6216
2 3 1 0.635617 83.4323
2 4 0 79.315 58.3627
2 5 0 47.2584 75.4656
2 6 0 14.2024 51.3874
2 7 1 78.1092 53.4535
2 8 0 30.9684 67.5925
2 9 0 67.0028 14.8797
2 10 1 98.3776 33.878
2 11 0 55.0968 5.39769
2 12 0 81.4709 36.6029
2 13 1 57.2683 37.9282
2 14 0 55.5692 7.88992
2 15 0 18.9687 45.0309
2 16 0 1.72424 23.3152
2 17 0 20.4681 76.1914
2 18 0 66.7722 81.0765
2 19 0 37.9879 93.4322
2 20 0 37.2551 19.8559
2 21 0 8.42421 17.2515
2 22 0 26.4567 6.05999
2 23 0 6.28305 89.346
2 24 0 67.9826 61.2624
2 25 0 20.2666 47.4356
2 26 0 87.1197 84.6227
2 27 0 7.86244 87.3817
2 28 0 89.9703 49.7592
2 29 0 35.8501 21.1965
2 30 0 73.0807 30.4467
2 31 0 12.2776 46.1222
2 32 0 83.6813 49.843
2 33 0 7.18152 11.2105
2 34 0 88.3686 92.4499
2 35 0 10.7541 25.5388
2 36 0 99.3191 6.1125
2 37 0 63.3676 68.2592
2 38 0 85.3011 6.32339
2 39 0 6.69295 28.3542
2 40 0 47.7411 42.1829
2 41 0 59.4489 22.2497
2 42 0 33.0696 11.0003
2 43 0 82.8078 72.8025
2 44 0 55.9855 24.2405
2 45 0 70.9149 70.2743
2 46 0 48.351 42.7779
2 47 0 82.1223 51.5303
2 48 0 42.9401 52.1313
2 49 0 81.545 89.635
2 50 0 48.698 31.9224
2 51 0 65.6958 30.3201
2 52 1 31.5555 51.3805
2 53 1 89.2154 95.8488
2 54 0 84.8842 18.3812
2 55 0 74.4758 18.4488
2 56 0 90.4801 33.9965
2 57 0 42.6234 83.4623
2 58 0 66.9257 32.7234
2 59 0 40.2953 80.5841
2 60 0 21.3169 60.1312
3 1 0 53.7102 19.273
3 2 0 94.2313 14.2347
3 4 1 44.5642 82.5644
3 5 0 26.7125 77.448
3 6 0 83.8573 89.5468
3 7 0 19.591 31.6168
3 8 0 32.4369 68.5501
3 9 0 43.6808 58.4306
3 10 1 18.12 81.9171
3 11 0 61.9228 12.7284
3 12 0 29.2253 73.4271
3 13 0 40.9614 74.4739
3 14 1 43.8434 73.7889
3 15 0 59.4505 69.5885
3 16 0 12.7955 44.4707
3 17 0 57.0379 67.3137
3 18 0 99.8555 42.1635
3 19 0 0.300905 19.5924
3 20 0 40.5002 53.6308
3 21 0 44.406 70.0426
3 22 0 0.890734 61.5037
3 23 0 17.7262 19.1916
3 24 0 75.4515 13.8092
3 25 1 35.9101 79.2928
3 26 0 62.8464 22.2597
3 27 0 57.302 83.2656
3 28 1 39.8889 38.09
3 29 0 23.6187 97.7407
3 30 0 64.3319 87.0813
3 31 0 95.1892 3.45756
3 32 0 89.4665 55.6946
3 33 1 18.3565 90.9976
3 34 0 59.4031 92.2795
3 35 0 70.5648 13.7505
3 36 0 46.2465 97.5458
3 37 0 59.0236 85.4496
3 38 1 44.2789 51.6664
3 39 0 11.4072 31.9548
3 40 0 48.3965 75.7567
3 41 0 65.6715 26.1503
3 42 1 42.0684 42.0096
3 43 0 34.5868 33.2013
3 44 0 71.6484 0.665854
3 45 0 10.181 33.3816
3 46 0 13.2563 98.1139
3 47 0 82.2895 61.3393
3 48 1 97.2477 92.0254
3 49 0 13.073 4.86099
3 50 0 30.5388 56.3912
3 51 0 53.9974 41.5802
3 52 0 67.5605 39.6679
3 53 0 99.7596 9.53683
3 54 0 54.2748 0.403075
3 55 0 43.963 99.5989
3 56 0 88.0474 37.7382
3 57 0 71.5685 4.50755
3 58 0 62.5103 20.8741
3 59 0 63.8686 71.2202
3 60 1 38.6452 96.7687
4 1 0 94.899 64.2669
4 2 1 38.8155 38.9736
4 3 0 9.93892 22.51
4 5 1 78.3403 98.0022
4 6 1 8.05375 67.6574
4 7 0 14.1359 34.9695
4 8 0 95.8237 38.9896
4 9 0 43.4514 74.8524
4 10 0 59.1274 74.3596
4 11 0 20.104 94.6882
4 12 0 41.652 95.9659
4 13 1 65.5888 42.2237
4 14 0 10.2166 43.7082
4 15 0 65.7457 53.9925
4 16 0 86.5106 67.086
4 17 1 71.7023 54.8905
4 18 0 91.7081 94.637
4 19 1 96.4061 53.8498
4 20 0 38.232 52.5825
4 21 0 87.3492 66.6508
4 22 1 8.15212 63.5659
4 23 1 57.3104 99.2905
4 24 0 50.4675 18.7514
4 25 0 99.2074 48.2944
4 26 0 83.9141 40.8326
4 27 0 65.8151 51.7103
4 28 0 54.8586 43.4672
4 29 0 44.2255 47.2123
4 30 1 97.2958 79.9159
4 31 0 6.72469 52.2697
4 32 0 93.0773 97.2819
4 33 0 54.5573 72.0356
4 34 0 57.3601 24.2067
4 35 0 50.7183 43.831
4 36 0 22.9075 93.2073
4 37 0 66.8628 42.6144
4 38 0 81.0768 17.6407
4 39 0 88.181 79.7335
4 40 0 50.5558 97.5751
4 41 0 47.2581 97.1234
4 42 0 98.6672 60.2421
4 43 0 26.2392 65.5943
4 44 0 84.4051 17.6636
4 45 0 27.6904 20.4337
4 46 0 11.1479 2.50371
4 47 0 56.331 6.75897
4 48 0 69.4977 42.7234
4 49 0 12.7122 47.1899
4 50 0 15.5077 87.6717
4 51 0 36.3067 8.09042
4 52 0 53.7611 9.81736
4 53 0 75.9784 58.4225
4 54 0 87.6463 30.8766
4 55 0 4.64259 51.7065
4 56 0 85.7631 44.6955
4 57 1 63.1627 60.7069
4 58 0 42.92 16.1701
4 59 0 9.37365 2.3587
4 60 0 1.45012 91.5398
5 1 0 8.98789 0.919093
5 2 1 82.9409 38.7563
5 3 0 21.9243 64.3538
5 4 0 66.283 71.4466
5 6 1 51.4352 72.2324
5 7 0 28.079 52.3785
5 8 0 75.0806 26.2246
5 9 0 8.42997 95.9505
5 10 0 62.4221 54.5051
5 11 0 71.6672 66.6653
5 12 0 72.1388 53.5859
5 13 0 0.822179 38.4131
5 14 0 87.5684 8.52933
5 15 1 82.5761 75.0909
5 16 0 27.8374 91.0154
5 17 0 27.2366 77.5327
5 18 0 31.5253 61.5894
5 19 0 45.7693 64.2768
5 20 0 50.4389 52.4102
5 21 0 95.3428 58.8157
5 22 0 44.3049 69.1908
5 23 0 50.0402 58.5395
5 24 0 25.6493 26.2672
5 25 0 46.1936 14.9359
5 26 0 44.1243 98.6947
5 27 0 13.7118 89.2078
5 28 0 6.50555 32.9729
5 29 0 31.4812 58.5612
5 30 0 75.7452 34.6203
5 31 1 66.2719 44.2592
5 32 0 66.2303 57.2478
5 33 0 87.4882 54.7413
5 34 0 21.4498 39.8387
5 35 0 8.11027 69.4835
5 36 0 6.82141 72.9419
5 37 0 88.2356 99.593
5 38 0 27.11 76.7087
5 39 0 15.6907 40.725
5 40 0 32.3196 0.306465
5 41 0 47.5026 92.2716
5 42 0 23.1658 32.7388
5 43 0 63.5608 74.026
5 44 0 7.44577 17.8222
5 45 0 75.655 0.912641
5 46 0 76.8244 28.7708
5 47 0 32.3297 90.3389
5 48 0 51.552 43.5041
5 49 0 97.0914 41.6689
5 50 0 48.1651 40.3246
5 51 0 35.2422 87.4591
5 52 0 38.8568 29.0276
5 53 0 33.1843 34.213
5 54 0 25.9274 63.902
5 55 0 15.6173 37.8493
5 56 0 89.1775 48.195
5 57 0 33.2609 50.7606
5 58 0 54.3487 33.6602
5 59 1 66.2824 86.5402
5 60 0 13.6851 13.7401
6 1 0 61.5067 88.0453
6 2 0 5.26261 18.7267
6 3 0 56.0613 17.3022
6 4 0 58.8375 59.2743
6 5 0 78.4954 22.3221
6 7 1 8.29083 63.0087
6 8 0 60.7326 81.7111
6 9 0 18.8263 72.9934
6 10 0 84.9341 1.56585
6 11 0 5.11602 98.7645
6 12 0 13.9999 37.7165
6 13 0 79.9381 18.3941
6 14 0 11.3721 22.4648
6 15 0 79.2693 96.0327
6 16 0 66.2874 26.8839
6 17 0 82.6429 22.117
6 18 0 37.0995 80.074
6 19 0 42.4363 28.4501
6 20 0 41.0414 30.5341
6 21 0 59.3125 12.1485
6 22 0 50.8307 52.6726
6 23 0 62.077 38.0618
6 24 0 10.5243 98.9181
6 25 0 91.7738 94.3713
6 26 0 72.1114 3.37795
6 27 0 63.0221 24.9925
6 28 0 93.0244 14.4429
6 29 0 83.1181 87.7354
6 30 1 32.5697 68.1418
6 31 0 53.7906 8.98672
6 32 0 96.2308 9.46401
6 33 0 87.5197 14.1732
6 34 0 42.6699 42.954
6 35 0 65.7634 35.0061
6 36 1 72.6978 37.3158
6 37 0 65.3869 78.7073
6 38 1 57.2051 42.3997
6 39 0 85.8248 9.00093
6 40 0 29.1998 90.8391
6 41 1 30.4685 50.2626
6 42 1 93.3584 8.38287
6 43 1 45.5344 21.5918
6 44 0 54.6611 42.5889
6 45 0 84.0174 22.2658
6 46 0 96.6007 7.06509
6 47 0 80.2566 67.8729
6 48 0 41.6358 89.8132
6 49 0 63.0355 28.1365
6 50 0 42.8013 80.3781
6 51 0 98.7747 39.5027
6 52 0 28.8398 90.956
6 53 0 74.0707 94.0509
6 54 0 8.26696 5.44152
6 55 0 83.7038 55.632
6 56 0 38.8351 68.084
6 57 0 27.5751 56.3374
6 58 0 38.684 66.3293
6 59 0 71.1095 58.0379
6 60 0 48.6501 43.5758
7 1 0 10.748 88.1442
7 2 0 15.5342 63.4307
7 3 0 31.1933 19.8577
7 4 0 43.7105 39.2627
7 5 0 78.8759 24.3774
7 6 0 9.01403 39.849
7 8 1 21.6152 62.4206
7 9 0 81.1881 64.7312
7 10 0 74.0713 2.3172
7 11 0 41.7235 89.2779
7 12 1 72.5635 45.1219
7 13 0 1.10325 66.902
7 14 0 13.1449 77.6449
7 15 0 50.9492 1.98975
7 16 0 57.7775 55.5425
7 17 0 62.0273 11.7486
7 18 0 65.9556 33.4607
7 19 0 38.4012 5.12046
7 20 0 19.7153 58.8333
7 21 0 74.6185 77.4874
7 22 0 90.4316 15.3094
7 23 0 72.6937 74.7968
7 24 0 3.60892 71.9991
7 25 0 61.6131 68.631
7 26 1 56.3637 0.238907
7 27 0 6.2567 4.36151
7 28 0 16.0514 47.7946
7 29 0 80.3386 49.3745
7 30 0 13.905 27.7056
7 31 1 95.5943 73.1252
7 32 0 1.88666 80.6537
7 33 0 83.1556 23.1049
7 34 0 61.1871 65.9694
7 35 0 18.9792 46.3898
7 36 0 82.1148 39.4479
7 37 0 16.4322 47.9351
7 38 0 16.674 48.5504
7 39 0 2.04576 27.0963
7 40 1 3.14253 86.1216
7 41 1 76.1539 59.5875
7 42 1 65.2244 63.1873
7 43 0 5.9189 89.4125
7 44 0 87.7879 2.05506
7 45 1 55.1006 73.6645
7 46 0 94.6474 45.1978
7 47 1 78.5508 15.9493
7 48 0 40.5587 16.5752
7 49 0 65.9536 11.8003
7 50 0 4.3057 99.8032
7 51 0 52.1379 98.1737
7 52 0 53.4424 58.0884
7 53 1 67.3457 83.8953
7 54 0 87.7662 48.1509
7 55 1 81.5355 7.77515
7 56 0 18.3734 41.7122
7 57 0 83.1005 30.9373
7 58 0 61.8844 79.2719
7 59 1 75.4995 39.521
7 60 0 50.6761 59.8457
8 1 1 99.3378 38.9047
8 2 0 67.7303 5.02375
8 3 0 59.0573 79.8196
8 4 0 83.1715 22.955
8 5 0 37.8189 29.7482
8 6 1 84.8568 7.1115
8 7 0 92.9906 45.2818
8 9 1 63.7899 11.0827
8 10 0 12.724 75.835
8 11 0 70.8145 28.3516
8 12 0 54.8534 8.75753
8 13 0 70.5812 87.8696
8 14 0 91.0326 93.0511
8 15 0 54.3995 66.5151
8 16 0 85.6474 78.2124
8 17 1 57.6935 47.9756
8 18 0 70.9065 3.81063
8 19 0 76.6649 21.1964
8 20 0 71.2734 45.1412
8 21 0 45.5857 24.5295
8 22 0 92.8836 25.9956
8 23 0 6.91757 77.0261
8 24 0 91.6025 59.5336
8 25 0 64.8576 34.1602
8 26 1 62.8123 91.8336
8 27 0 10.7162 83.4394
8 28 0 86.235 66.6094
8 29 1 4.23761 65.721
8 30 0 85.9344 64.6381
8 31 0 55.0188 70.8332
8 32 0 63.5571 25.3893
8 33 1 7.15416 11.1248
8 34 0 61.2278 19.3645
8 35 1 22.2093 45.4584
8 36 0 15.2313 20.0573
8 37 0 86.2433 72.5148
8 38 0 6.13404 89.623
8 39 0 0.506107 55.5711
8 40 0 69.8452 3.82578
8 41 0 16.9843 51.6003
8 42 0 91.6664 13.4627
8 43 0 56.1915 5.85879
8 44 0 94.8088 3.59703
8 45 0 79.5959 7.9284
8 46 0 68.3694 25.4986
8 47 0 83.874 78.397
8 48 0 25.1525 72.3965
8 49 0 37.2773 66.1301
8 50 0 99.0337 73.1562
8 51 0 86.0941 14.1801
8 52 0 87.0572 65.4672
8 53 0 37.0335 36.1354
8 54 0 66.8478 34.3154
8 55 0 33.6358 68.0719
8 56 0 68.3872 24.2366
8 57 0 8.10052 2.83877
8 58 1 10.1868 9.69772
8 59 0 40.0164 18.4669
8 60 0 37.9162 27.5883
9 1 0 94.3585 51.7854
9 2 0 82.7795 55.3082
9 3 0 17.5632 95.0975
9 4 0 44.6554 66.3925
9 5 0 55.7663 44.4078
9 6 0 95.3878 55.5129
9 7 0 83.961 49.6595
9 8 1 32.146 67.6237
9 10 1 91.9283 85.1396
9 11 0 22.9247 76.8453
9 12 0 39.728 74.5388
9 13 0 83.4464 44.8339
9 14 0 48.1961 46.5983
9 15 0 75.6574 50.1924
9 16 0 59.5417 89.0194
9 17 0 8.75467 49.0507
9 18 0 51.5126 95.929
9 19 0 91.8181 26.899
9 20 0 20.9365 95.3525
9 21 0 20.1951 48.747
9 22 0 18.355 61.5844
9 23 0 77.2709 74.1339
9 24 0 66.1923 91.2804
9 25 0 65.7197 12.7528
9 26 0 90.5694 23.7582
9 27 1 76.4599 62.5403
9 28 0 66.3527 3.34438
9 29 0 99.8626 52.5464
9 30 0 11.0095 19.7086
9 31 0 72.1898 5.09705
9 32 0 75.2767 70.7633
9 33 0 51.6813 27.7431
9 34 1 81.8245 90.3364
9 35 1 83.3805 41.6708
9 36 0 3.3067 51.4254
9 37 0 70.673 18.9407
9 38 0 18.8817 37.028
9 39 0 91.8664 9.04741
9 40 1 23.7769 47.8581
9 41 0 79.1085 50.4985
9 42 0 74.4174 9.03678
9 43 0 83.9331 61.6448
9 44 1 75.7407 28.945
9 45 1 63.5492 80.6286
9 46 0 51.378 57.0069
9 47 0 70.5898 41.4034
9 48 0 63.9779 51.9194
9 49 0 92.1893 90.2511
9 50 0 2.76432 14.2472
9 51 1 1.7028 26.3653
9 52 0 51.3401 77.3972
9 53 0 26.4035 9.38843
9 54 0 85.4922 49.7778
9 55 0 21.4558 63.5563
9 56 0 77.3251 57.3553
9 57 0 74.3971 53.8045
9 58 0 34.0094 77.8423
9 59 1 31.3808 91.0178
9 60 0 92.692 94.8252
10 1 0 1.80587 83.974
10 2 0 73.053 42.028
10 3 0 65.3592 91.4239
10 4 0 16.4873 6.64521
10 5 0 98.5581 50.3185
10 6 0 84.6118 62.0923
10 7 0 44.1573 3.31445
10 8 0 16.7086 30.3083
10 9 0 66.5188 5.89092
10 11 1 85.5228 78.1755
10 12 0 34.333 8.65436
10 13 0 75.2712 18.6431
10 14 0 9.85693 14.7138
10 15 0 69.9282 21.0419
10 16 0 63.177 81.1805
10 17 0 48.9419 99.2797
10 18 0 76.6268 92.1248
10 19 0 81.4859 10.5146
10 20 1 95.5777 36.8487
10 21 1 33.5484 0.0929163
10 22 0 3.06905 14.5088
10 23 0 28.1623 43.0154
10 24 0 3.93125 55.543
10 25 0 74.6989 40.3137
10 26 1 23.1123 30.6671
10 27 0 60.0038 76.8103
10 28 1 93.6863 52.7582
10 29 0 82.8362 34.0317
10 30 0 58.7188 59.9003
10 31 0 21.4997 70.237
10 32 0 52.1336 92.3947
10 33 0 1.57484 26.6035
10 34 0 16.5948 50.5915
10 35 0 12.4475 17.1614
10 36 0 33.295 55.7472
10 37 0 32.9099 72.1458
10 38 0 25.8539 76.7061
10 39 0 68.2956 37.7412
10 40 0 5.68742 54.6015
10 41 0 13.9378 14.0906
10 42 0 9.28703 35.8961
10 43 0 88.4786 48.6751
10 44 0 90.8759 16.6874
10 45 0 2.24984 78.4919
10 46 0 94.6897 49.6479
10 47 0 87.5191 16.4562
10 48 0 16.101 80.0077
10 49 0 49.8584 90.2366
10 50 1 61.3528 85.5846
10 51 0 96.5908 35.7238
10 52 1 89.682 52.6576
10 53 0 85.5851 30.6943
10 54 0 59.0827 87.0196
10 55 0 66.0376 2.8903
10 56 0 55.2661 82.5273
10 57 0 39.6045 20.1021
10 58 0 75.7472 59.0736
10 59 0 56.2122 67.5933
10 60 0 26.968 79.1047
11 1 0 49.6076 17.5963
11 2 0 25.2696 71.7093
11 3 0 25.045 30.7309
11 4 0 99.9257 34.8725
11 5 0 80.7006 77.2268
11 6 0 83.1876 81.8308
11 7 0 13.0045 72.7993
11 8 1 99.5785 20.532
11 9 1 27.7961 38.2737
11 10 0 50.7424 30.8283
11 12 1 25.6649 11.7953
11 13 0 63.0885 25.1888
11 14 0 38.1068 4.69035
11 15 0 51.0336 50.3288
11 16 1 27.7099 51.2486
11 17 0 24.4413 72.2568
11 18 0 42.5594 27.1799
11 19 0 42.3092 17.1375
11 20 0 7.61953 82.4016
11 21 0 16.4048 26.1455
11 22 0 28.3587 4.63184
11 23 0 8.82453 30.3726
11 24 0 3.19988 24.7863
11 25 0 57 21.911
11 26 0 49.605 85.8315
11 27 0 31.9807 1.4612
11 28 0 20.8261 58.361
11 29 0 93.5582 65.5025
11 30 0 9.8764 64.8461
11 31 0 70.4781 51.2076
11 32 1 89.5899 19.4069
11 33 0 0.77764 83.8362
11 34 0 92.687 0.416132
11 35 0 16.9935 43.8376
11 36 0 80.3615 83.0321
11 37 0 69.5027 15.6523
11 38 0 17.0605 47.2601
11 39 0 33.2265 6.13267
11 40 0 87.07 50.23
11 41 0 69.7893 9.1189
11 42 1 31.8515 93.4465
11 43 0 19.5721 93.7588
11 44 0 85.4357 85.9654
11 45 0 47.9757 23.8498
11 46 0 38.0132 69.8652
11 47 0 27.6243 23.5152
11 48 1 44.4022 56.8998
11 49 0 35.0992 78.5775
11 50 0 7.78295 43.1952
11 51 0 20.7795 5.7876
11 52 0 57.8182 75.1117
11 53 0 5.90456 15.5546
11 54 0 40.8167 88.145
11 55 1 61.4746 41.0783
11 56 0 6.43356 77.5809
11 57 0 32.6054 2.51315
11 58 1 56.8369 68.7345
11 59 0 13.1717 1.16875
11 60 0 41.1367 46.1973
12 1 1 91.2991 20.31
12 2 0 29.3885 61.3028
12 3 0 35.0997 28.7815
12 4 0 55.6811 15.463
12 5 1 22.4683 38.4649
12 6 0 68.2756 43.2216
12 7 0 10.9375 76.5806
12 8 0 8.96752 89.6083
12 9 0 30.2998 79.1858
12 10 0 25.1339 34.8591
12 11 0 62.6681 64.2956
12 13 1 51.234 73.2537
12 14 0 81.909 72.0298
12 15 0 32.1022 98.7053
12 16 1 49.1792 33.0711
12 17 0 90.5716 31.9467
12 18 0 35.4098 61.9476
12 19 0 25.9563 14.5511
12 20 0 70.1466 93.6094
12 21 0 26.8612 44.8739
12 22 0 74.2021 42.2171
12 23 0 52.4866 92.6204
12 24 0 32.3981 39.1866
12 25 0 59.7071 92.461
12 26 0 64.4571 78.7049
12 27 0 53.9986 34.7753
12 28 0 48.3043 68.3359
12 29 0 97.8029 38.4595
12 30 0 84.3436 93.7952
12 31 0 15.7053 95.6253
12 32 1 27.6504 99.0769
12 33 0 75.0472 75.3413
12 34 0 22.0576 70.2913
12 35 0 50.6962 14.3155
12 36 0 78.0257 27.4373
12 37 0 60.3926 93.9222
12 38 0 72.1344 85.0776
12 39 0 17.9198 75.228
12 40 0 34.2227 60.8495
12 41 0 78.1622 14.2278
12 42 0 38.3788 30.0127
12 43 0 36.2505 60.8433
12 44 0 14.308 2.26155
12 45 0 16.8958 88.6441
12 46 0 8.07552 85.6688
12 47 0 51.1803 30.8356
12 48 1 84.4845 62.6431
12 49 0 54.6161 20.7242
12 50 0 3.63375 42.7569
12 51 0 77.1638 19.7584
12 52 0 30.4102 41.3675
12 53 0 87.9259 63.2918
12 54 1 73.4226 86.4783
12 55 0 69.8047 9.97415
12 56 0 14.3854 35.4327
12 57 1 80.9723 6.39882
12 58 0 46.0967 29.2762
12 59 0 63.0663 35.5796
12 60 0 63.2953 39.0579
13 1 1 52.4224 74.1714
13 2 0 71.3063 39.1786
13 3 0 38.8087 16.5265
13 4 0 46.8305 82.5295
13 5 0 89.7871 50.0912
13 6 0 86.9179 3.03024
13 7 1 44.4466 66.1538
13 8 0 0.511626 44.9559
13 9 0 32.5239 8.96173
13 10 0 25.3136 46.6392
13 11 0 81.541 11.6264
13 12 0 76.1489 40.9912
13 14 1 4.17503 15.7584
13 15 0 6.84008 99.9277
13 16 0 46.5741 98.9326
13 17 0 63.4593 71.3794
13 18 1 62.7983 98.0562
13 19 0 39.6895 74.3527
13 20 0 76.8787 60.5889
13 21 0 31.1139 42.748
13 22 0 5.83013 52.0718
13 23 0 49.2519 43.9513
13 24 0 72.3666 80.2693
13 25 1 29.7935 51.2707
13 26 0 31.7106 44.187
13 27 0 32.4361 50.1999
13 28 1 10.6067 10.2611
13 29 0 7.45232 85.9435
13 30 0 77.2551 52.8673
13 31 0 45.9589 15.8765
13 32 0 27.2053 23.6016
13 33 0 53.484 0.331066
13 34 0 14.0065 89.8747
13 35 0 58.0446 46.5348
13 36 0 54.2582 57.7626
13 37 0 4.5669 64.2253
13 38 1 60.3153 21.7857
13 39 0 31.3232 45.1058
13 40 0 67.1153 54.2431
13 41 0 51.479 31.6825
13 42 0 51.4186 53.4786
13 43 0 82.1743 11.7904
13 44 0 5.60071 35.9745
13 45 0 56.2534 2.1727
13 46 0 61.0898 61.161
13 47 0 50.4196 44.4222
13 48 0 3.48081 70.3107
13 49 0 93.3033 45.8754
13 50 1 48.0827 96.5474
13 51 0 19.4927 85.6269
13 52 1 98.7692 24.0158
13 53 0 65.0667 55.07
13 54 0 61.3278 39.8696
13 55 0 56.3758 18.3495
13 56 0 49.328 32.5611
13 57 0 75.6199 61.7921
13 58 0 68.7499 69.5184
13 59 0 35.7697 71.4603
13 60 0 79.7335 28.0714
14 1 0 56.3569 23.4477
14 2 0 97.7097 32.773
14 3 0 76.7642 20.1699
14 4 0 20.0333 43.9323
14 5 0 44.1826 32.5753
14 6 0 79.5874 20.1941
14 7 0 26.4555 1.63829
14 8 0 26.0132 40.4159
14 9 1 14.0482 44.706
14 10 1 55.8792 34.7934
14 11 0 36.2263 10.1351
14 12 0 78.7366 88.2614
14 13 0 41.5431 32.5432
14 15 1 99.6774 70.8184
14 16 0 22.8177 95.6993
14 17 0 19.2054 92.396
14 18 0 23.304 69.9782
14 19 1 27.997 31.6572
14 20 0 8.52496 37.1036
14 21 0 1.17027 35.7138
14 22 1 60.8754 98.0257
14 23 0 89.9624 27.6177
14 24 0 98.8961 18.5172
14 25 0 90.8448 73.8811
14 26 0 0.534041 0.341028
14 27 0 91.3062 71.6041
14 28 0 55.8914 41.4144
14 29 0 34.3995 4.09021
14 30 0 52.4707 1.54712
14 31 0 8.1474 18.9167
14 32 0 36.3296 38.2681
14 33 0 43.2865 50.2479
14 34 0 53.0977 34.2615
14 35 0 15.4942 51.8533
14 36 0 78.9394 18.6616
14 37 0 75.6145 11.7281
14 38 0 96.7825 42.0309
14 39 0 28.8571 54.289
14 40 0 63.5218 14.9786
14 41 0 76.7055 9.80322
14 42 1 31.3397 22.3495
14 43 0 2.46539 18.3864
14 44 0 66.1673 69.4426
14 45 0 13.6783 33.1561
14 46 0 25.1328 46.3312
14 47 0 5.38087 17.2211
14 48 0 33.4147 60.9885
14 49 0 39.9533 96.0985
14 50 0 36.8088 62.2222
14 51 0 11.0708 31.5428
14 52 0 6.33672 80.8508
14 53 0 10.9128 8.92546
14 54 0 51.9861 4.46125
14 55 0 77.4335 35.3481
14 56 0 21.666 18.7739
14 57 0 46.0473 93.7277
14 58 0 70.7052 68.9202
14 59 0 91.7759 34.2227
14 60 0 73.5042 20.4696
15 1 0 14.468 67.2095
15 2 1 83.849 23.2946
15 3 1 1.99282 59.8775
15 4 0 95.4168 91.9748
15 5 0 25.4977 89.8288
15 6 0 49.6928 13.5263
15 7 0 7.61112 44.1228
15 8 0 30.9766 58.7597
15 9 0 40.2557 64.2754
15 10 0 99.3234 77.4108
15 11 0 51.1963 54.5964
15 12 0 94.3298 14.5977
15 13 0 2.12584 13.5647
15 14 0 2.14209 76.7699
15 16 1 1.72229 32.2075
15 17 0 92.6229 31.2579
15 18 0 40.1634 51.0116
15 19 0 1.09521 88.3661
15 20 0 25.154 83.5672
15 21 0 29.0028 84.6995
15 22 0 5.59297 99.8949
15 23 0 87.7022 33.1279
15 24 0 64.2798 52.1576
15 25 1 77.1418 12.526
15 26 0 0.926492 71.655
15 27 1 78.6522 52.4621
15 28 0 7.66534 82.73
15 29 0 86.1668 13.2006
15 30 0 46.4428 42.2842
15 31 0 21.6561 27.7869
15 32 0 71.5548 81.4073
15 33 0 74.8224 31.2705
15 34 0 26.9939 43.9866
15 35 0 7.24521 82.0536
15 36 0 36.1798 5.64009
15 37 0 28.2354 6.18325
15 38 0 70.2696 83.5511
15 39 0 12.6465 55.4759
15 40 1 87.1205 78.4838
15 41 0 73.2682 1.47861
15 42 0 50.291 95.9894
15 43 0 53.5948 40.3399
15 44 0 84.753 82.0681
15 45 0 82.1793 16.7385
15 46 0 33.9205 74.8159
15 47 0 10.5967 13.4539
15 48 0 22.9544 63.267
15 49 1 16.8088 26.1249
15 50 0 13.8231 51.1457
15 51 1 34.556 10.6046
15 52 1 12.1366 71.6761
15 53 0 70.6378 70.388
15 54 0 72.9479 99.8241
15 55 0 87.9649 17.0312
15 56 0 57.8099 35.6105
15 57 0 38.1581 21.9472
15 58 0 72.0996 35.0265
15 59 0 96.7285 20.6554
15 60 0 68.4785 51.7492
16 1 0 70.3685 87.5098
16 2 0 94.6806 24.0205
16 3 0 21.7223 54.6886
16 4 0 45.809 23.4355
16 5 1 18.1737 83.1267
16 6 0 44.4617 37.8137
16 7 0 46.5784 76.5953
16 8 0 4.81651 6.40813
16 9 0 20.5068 11.3706
16 10 0 8.36833 76.4741
16 11 0 46.8859 90.4311
16 12 0 49.5797 38.9828
16 13 0 6.91548 19.4794
16 14 0 64.6996 32.6557
16 15 1 10.7734 92.9399
16 17 1 79.1171 49.0709
16 18 0 22.8855 12.459
16 19 1 9.37969 28.2141
16 20 0 84.7247 65.1932
16 21 1 85.7721 22.3844
16 22 0 49.189 12.1416
16 23 0 28.4965 99.9646
16 24 0 80.0543 77.5059
16 25 0 23.6214 94.3038
16 26 1 5.29462 27.8858
16 27 0 3.35362 14.3921
16 28 0 3.07343 18.928
16 29 0 11.9726 74.2706
16 30 0 86.6989 5.64758
16 31 1 18.9563 42.7629
16 32 0 64.2568 28.7946
16 33 0 60.7773 5.32507
16 34 0 83.594 26.093
16 35 0 72.1502 82.7858
16 36 1 68.8715 63.2784
16 37 0 0.414759 98.4746
16 38 0 79.798 80.6161
16 39 0 81.4588 81.1802
16 40 0 89.4925 92.8455
16 41 0 15.2691 55.0294
16 42 0 67.0557 10.062
16 43 0 86.7436 57.701
16 44 1 84.7545 74.3099
16 45 0 38.8577 69.895
16 46 0 23.0487 42.9629
16 47 0 78.878 44.6237
16 48 0 60.3378 40.2246
16 49 1 4.89019 97.3984
16 50 0 55.2079 36.9009
16 51 1 1.63538 50.6297
16 52 0 83.3439 44.0256
16 53 0 96.7574 12.8687
16 54 0 70.8579 81.5471
16 55 1 43.2667 20.775
16 56 0 67.2028 62.3413
16 57 0 19.161 89.5797
16 58 0 68.899 64.6753
16 59 0 77.4492 64.868
16 60 0 68.734 89.1129
17 1 1 21.4473 10.8163
17 2 0 65.228 78.6028
17 3 0 86.0597 54.4598
17 4 0 80.6422 93.2575
17 5 0 87.3233 5.61036
17 6 0 90.7875 97.8536
17 7 0 62.6984 37.1765
17 8 0 96.2986 25.2516
17 9 0 36.9475 25.3597
17 10 0 4.99033 33.9587
17 11 0 53.7608 66.0888
17 12 0 58.5032 79.197
17 13 0 27.6803 86.9125
17 14 0 41.1642 62.1537
17 15 0 88.7203 83.8407
17 16 0 1.46898 14.6788
17 18 1 1.98004 63.001
17 19 0 64.4435 20.836
17 20 0 1.60158 7.37692
17 21 0 17.7029 75.9522
17 22 0 43.8927 14.6656
17 23 0 51.1277 33.5507
17 24 0 26.1083 68.4338
17 25 0 32.0224 66.3186
17 26 0 28.772 22.5566
17 27 0 25.6906 86.2087
17 28 1 80.6324 89.4449
17 29 1 66.2881 90.3274
17 30 0 91.1618 87.1436
17 31 0 81.4543 55.1132
17 32 0 60.6138 38.3752
17 33 0 42.777 84.467
17 34 0 0.784081 35.0958
17 35 0 72.0658 42.2404
17 36 0 1.26395 48.5282
17 37 0 79.8498 63.7591
17 38 0 81.9359 10.4178
17 39 0 40.9782 33.4377
17 40 0 62.8893 79.0815
17 41 0 33.3356 16.0998
17 42 0 88.3812 41.1151
17 43 0 78.0546 49.6783
17 44 0 21.1514 43.6236
17 45 0 56.1133 56.6219
17 46 0 60.5522 78.075
17 47 0 19.7991 29.5806
17 48 0 85.0689 90.0397
17 49 1 3.71759 22.463
17 50 0 12.9268 97.0819
17 51 0 89.1545 55.8959
17 52 0 25.7729 55.0278
17 53 0 45.5216 32.901
17 54 0 32.2194 44.1661
17 55 0 48.5944 80.1227
17 56 1 98.1095 99.9831
17 57 1 7.20257 95.1468
17 58 0 41.2543 85.4039
17 59 0 33.3387 38.9112
17 60 1 11.3774 52.3972
18 1 0 65.0434 2.95592
18 2 0 24.1714 95.5035
18 3 1 67.2212 31.0444
18 4 0 97.3189 92.2516
18 5 0 40.5179 72.213
18 6 0 53.9637 7.22828
18 7 0 52.956 84.6272
18 8 1 10.8812 63.2274
18 9 0 20.5435 81.0593
18 10 0 23.1471 60.7709
18 11 1 55.5681 0.13723
18 12 0 5.83206 98.7706
18 13 0 2.21222 76.3272
18 14 0 29.2635 57.4161
18 15 0 22.2375 84.617
18 16 0 23.7725 30.4954
18 17 0 5.25128 18.1214
18 19 1 86.7508 35.1687
18 20 0 33.6171 80.6598
18 21 0 48.9035 45.6956
18 22 0 20.244 60.1274
18 23 0 18.8329 5.35956
18 24 0 11.7183 83.3971
18 25 0 32.5352 6.42789
18 26 0 31.3322 60.0542
18 27 0 7.48142 47.828
18 28 0 83.6146 44.0642
18 29 0 44.6084 79.8208
18 30 0 33.6295 31.4738
18 31 0 40.2948 21.1019
18 32 0 86.6785 91.7585
18 33 0 64.1716 66.6808
18 34 0 75.2815 8.83543
18 35 0 65.8645 80.552
18 36 0 32.9155 45.0228
18 37 1 16.0552 34.6252
18 38 0 9.46226 35.7548
18 39 0 25.591 5.21818
18 40 0 37.7839 45.3575
18 41 0 40.0192 26.043
18 42 0 40.225 44.0452
18 43 1 62.3983 93.4355
18 44 0 31.1789 29.9666
18 45 0 23.7404 95.2719
18 46 0 58.3113 36.9083
18 47 0 1.26923 1.87912
18 48 0 38.1224 78.1668
18 49 0 28.7247 27.258
18 50 0 92.7802 69.8772
18 51 1 38.9981 85.7231
18 52 0 83.7279 4.45025
18 53 0 53.6809 82.4295
18 54 1 45.2473 22.9655
18 55 1 15.0483 36.9546
18 56 0 80.7794 21.0956
18 57 0 31.4003 16.0011
18 58 1 45.0922 80.1473
18 59 0 1.41615 54.7413
18 60 1 6.46658 67.6457
19 1 0 34.0723 48.4603
19 2 0 8.10429 95.7122
19 3 0 99.465 37.3964
19 4 1 10.3758 66.6782
19 5 0 75.3664 44.0916
19 6 0 2.19315 25.7772
19 7 1 74.106 36.3258
19 8 0 35.2668 54.4054
19 9 0 55.1147 15.758
19 10 0 7.77661 70.9944
19 11 0 71.1194 27.3718
19 12 1 40.5881 44.9062
19 13 1 43.198 33.816
19 14 1 10.9864 98.8348
19 15 0 21.7092 48.5847
19 16 0 50.058 46.7858
19 17 0 19.4224 86.3237
19 18 0 92.641 38.2489
19 20 1 81.9286 35.8747
19 21 0 29.4287 38.2447
19 22 0 14.2663 58.9773
19 23 0 1.20827 83.1025
19 24 0 12.5294 92.4036
19 25 0 44.9251 37.1557
19 26 0 8.86976 50.0898
19 27 0 15.2224 0.630616
19 28 0 43.2007 53.1894
19 29 0 30.104 79.4631
19 30 0 60.9237 3.01754
19 31 0 75.6704 81.9216
19 32 0 67.2703 51.9709
19 33 0 60.2395 33.9312
19 34 0 20.5539 41.5994
19 35 0 33.4886 87.7066
19 36 0 7.45946 73.2038
19 37 0 89.1381 4.4422
19 38 0 59.3585 48.8423
19 39 0 50.5805 15.8159
19 40 0 17.4769 36.2193
19 41 0 63.9659 93.3381
19 42 0 85.3931 74.4031
19 43 1 1.9269 98.9912
19 44 0 56.8836 61.9037
19 45 0 67.0252 37.3651
19 46 0 36.532 81.1049
19 47 0 74.4488 38.8589
19 48 0 46.8381 58.9706
19 49 0 73.5044 18.2038
19 50 0 98.0741 18.7887
19 51 0 4.52917 61.3299
19 52 0 37.7069 42.2807
19 53 0 83.6455 8.61375
19 54 0 8.14309 71.8467
19 55 0 1.71174 36.992
19 56 0 97.1427 11.1831
19 57 0 38.2853 62.8217
19 58 0 22.2581 32.1503
19 59 0 56.057 62.9743
19 60 0 61.4931 30.0882
20 1 0 93.0337 75.9349
20 2 0 42.4732 63.8712
20 3 0 81.1562 54.6034
20 4 1 7.33076 56.6573
20 5 0 55.9945 66.749
20 6 1 81.4875 91.69
20 7 0 91.7211 29.917
20 8 0 11.779 19.481
20 9 0 58.3145 68.693
20 10 0 77.482 7.748
20 11 0 50.0349 98.7738
20 12 0 92.4195 51.1538
20 13 0 24.0206 17.0621
20 14 0 79.4063 51.197
20 15 0 45.7981 76.7969
20 16 0 31.8484 17.0251
20 17 0 39.7692 25.5712
20 18 0 99.7251 24.9888
20 19 0 27.5837 27.0522
20 21 1 21.4806 17.3131
20 22 1 17.4415 78.9579
20 23 0 94.5074 53.5448
20 24 0 78.536 75.0989
20 25 0 24.5483 25.6369
20 26 1 15.2273 31.7851
20 27 0 43.9092 92.3338
20 28 1 84.009 20.7135
20 29 0 16.6747 48.3968
20 30 0 6.46311 6.10572
20 31 0 27.8268 44.5889
20 32 0 0.572183 12.7089
20 33 0 98.7462 60.5152
20 34 0 32.2604 22.5273
20 35 0 39.1237 73.1024
20 36 0 51.7601 15.2407
20 37 0 44.2671 41.7844
20 38 0 57.4461 17.1297
20 39 0 58.8692 98.8883
20 40 0 31.112 3.81846
20 41 0 92.5817 10.5079
20 42 0 97.5555 61.7915
20 43 0 84.5269 69.7323
20 44 0 15.3684 90.6567
20 45 0 13.3074 94.5524
20 46 0 5.21308 28.1939
20 47 0 61.1485 31.8765
20 48 0 60.6005 94.026
20 49 0 86.6816 63.0729
20 50 0 34.2063 41.3563
20 51 0 44.4459 83.9287
20 52 0 69.4015 82.3774
20 53 0 42.0529 60.0715
20 54 0 69.5154 90.3396
20 55 0 3.32383 71.3333
20 56 0 35.413 37.2183
20 57 0 27.9882 67.0353
20 58 0 25.4276 4.21644
20 59 0 53.8443 69.3313
20 60 0 85.424 15.8374
21 1 0 46.4956 90.0595
21 2 1 27.8576 23.7708
21 3 0 60.5871 90.0279
21 4 0 57.7287 53.4481
21 5 0 99.8776 12.5275
21 6 0 16.8403 18.5032
21 7 0 99.966 53.4809
21 8 0 96.7308 42.3678
21 9 0 25.5513 9.79711
21 10 0 35.4342 51.002
21 11 0 38.2075 74.5062
21 12 0 1.66116 99.5013
21 13 0 61.9316 30.7592
21 14 0 42.304 66.753
21 15 1 63.6118 24.4427
21 16 0 86.4351 2.75505
21 17 0 71.7982 1.76012
21 18 0 23.9299 47.4284
21 19 0 57.0782 86.5895
21 20 1 3.28415 81.2018
21 22 1 69.2489 48.8754
21 23 0 55.0713 7.93326
21 24 1 87.6701 65.6574
21 25 0 20.4855 36.2951
21 26 0 51.7943 78.3795
21 27 1 19.1331 52.1317
21 28 1 33.6028 32.9082
21 29 0 51.4267 16.8947
21 30 0 61.6836 78.2994
21 31 0 4.74333 40.9311
21 32 0 1.1674 10.514
21 33 1 48.7062 9.34925
21 34 0 0.321992 40.9119
21 35 0 93.3494 77.2562
21 36 0 30.6311 49.3021
21 37 0 43.573 78.6899
21 38 0 21.1175 12.0055
21 39 0 16.7826 44.4038
21 40 0 54.7711 7.08287
21 41 0 83.5518 93.9789
21 42 1 96.561 49.5017
21 43 0 89.7914 1.96314
21 44 0 55.0683 28.9646
21 45 0 91.1395 15.7159
21 46 0 0.746189 7.55114
21 47 0 99.2444 68.3198
21 48 0 38.3584 6.20925
21 49 0 39.4448 8.27468
21 50 0 67.1847 50.6929
21 51 1 39.4079 29.8108
21 52 0 73.2437 52.6848
21 53 1 75.5541 11.7717
21 54 0 14.3359 40.8594
21 55 0 16.2453 4.02335
21 56 0 47.438 76.7848
21 57 1 23.2879 20.4737
21 58 0 82.5191 41.9936
21 59 0 81.364 26.5923
21 60 0 6.22241 19.7176
22 1 0 16.8081 8.16305
22 2 0 79.93 21.3311
22 3 0 41.2719 51.89
22 4 0 45.2391 61.6552
22 5 0 11.8365 78.3616
22 6 0 13.8251 94.5226
22 7 0 87.8729 51.1606
22 8 0 16.7054 38.3396
22 9 1 70.2959 28.1292
22 10 0 99.2017 46.9067
22 11 1 69.3263 56.422
22 12 0 41.7148 87.4521
22 13 0 1.18897 34.2983
22 14 0 80.6312 30.6305
22 15 0 63.1107 88.7484
22 16 0 22.0321 4.1377
22 17 0 22.7587 36.6626
22 18 0 22.6371 58.7815
22 19 0 62.118 29.4387
22 20 0 44.8454 45.9081
22 21 0 82.999 24.7081
22 23 1 41.2864 39.2888
22 24 0 67.2846 0.0171802
22 25 0 6.45974 84.5929
22 26 0 28.2219 75.5622
22 27 1 41.2058 87.5116
22 28 0 90.1602 78.184
22 29 0 99.854 3.80291
22 30 0 99.8834 38.5236
22 31 1 58.1446 29.6018
22 32 0 99.1671 40.6975
22 33 0 37.0837 96.3283
22 34 0 57.7997 15.5613
22 35 1 66.5589 76.2152
22 36 0 22.9579 19.1915
22 37 0 16.9506 86.4008
22 38 0 45.6561 86.721
22 39 0 49.1349 5.07147
22 40 0 83.056 52.7874
22 41 0 10.3391 38.8945
22 42 0 63.7796 98.4816
22 43 1 99.9954 25.4368
22 44 0 55.4533 88.9125
22 45 0 67.8862 52.0436
22 46 0 71.1664 63.1356
22 47 0 39.6839 75.844
22 48 0 68.926 80.2691
22 49 0 69.6227 97.5637
22 50 1 78.4029 70.0081
22 51 0 68.6732 72.5265
22 52 0 1.09297 88.9168
22 53 0 52.4389 72.0091
22 54 0 97.4145 49.6243
22 55 0 76.4496 94.6171
22 56 0 1.45105 35.1085
22 57 0 31.0203 65.3859
22 58 0 20.3142 35.3918
22 59 0 34.2029 50.2138
22 60 0 65.4309 57.1152
23 1 0 36.2514 40.1107
23 2 0 4.19912 19.4841
23 3 1 71.8909 82.3707
23 4 0 39.0671 21.6504
23 5 0 48.5975 95.4382
23 6 0 28.2933 20.78
23 7 1 88.6758 66.6043
23 8 0 90.6502 95.7623
23 9 0 63.3653 18.2841
23 10 0 4.04042 73.3832
23 11 0 53.975 21.7525
23 12 0 87.9575 0.332984
23 13 0 69.2761 17.843
23 14 0 18.0285 42.5846
23 15 1 20.4156 3.16744
23 16 0 74.2044 49.8163
23 17 0 58.5047 94.7713
23 18 0 74.6339 78.4698
23 19 1 94.6476 14.5194
23 20 0 85.5427 68.3989
23 21 1 93.9284 96.4645
23 22 0 91.2799 98.5673
23 24 1 92.8911 25.8745
23 25 0 88.1606 59.2672
23 26 0 24.3207 79.0576
23 27 0 14.4074 20.5056
23 28 0 44.2732 30.5942
23 29 1 24.783 80.9546
23 30 0 60.4387 13.5203
23 31 1 89.3109 37.7673
23 32 1 97.7664 21.2885
23 33 0 94.5477 35.6433
23 34 0 89.8666 93.3235
23 35 0 99.4649 28.3788
23 36 0 7.25441 57.6093
23 37 0 54.1929 96.7105
23 38 0 92.9746 39.0644
23 39 0 45.1656 27.7311
23 40 0 74.1123 3.59949
23 41 0 5.56859 15.2928
23 42 1 1.60606 67.777
23 43 0 45.3197 55.6518
23 44 0 88.1932 48.4804
23 45 0 7.66973 26.6436
23 46 0 8.76872 61.8034
23 47 0 52.5253 73.8683
23 48 0 57.9874 19.0356
23 49 0 41.6377 76.4188
23 50 1 21.1037 30.6131
23 51 0 27.6786 88.0983
23 52 0 23.928 36.1826
23 53 0 5.96775 70.1531
23 54 0 26.2685 5.02467
23 55 0 56.8765 29.533
23 56 0 49.3747 83.7686
23 57 0 16.8963 29.926
23 58 0 68.8361 97.6138
23 59 0 57.373 54.8497
23 60 0 65.7645 21.8479
24 1 0 37.4981 93.5654
24 2 1 7.31564 63.7227
24 3 0 91.9462 43.3268
24 4 0 49.3597 24.0088
24 5 0 3.93191 84.7691
24 6 0 51.4801 36.1486
24 7 0 39.3318 75.8072
24 8 0 89.2495 54.0658
24 9 0 58.812 66.4862
24 10 1 48.4794 73.9526
24 11 0 16.7653 72.2374
24 12 0 83.6041 37.5003
24 13 1 24.904 49.8222
24 14 0 22.7912 97.4732
24 15 0 72.5509 75.056
24 16 0 63.9273 23.9616
24 17 0 73.3743 62.076
24 18 0 39.5591 45.9851
24 19 0 1.97502 3.45599
24 20 1 94.2985 4.08744
24 21 1 24.8294 99.5864
24 22 0 63.4402 97.0051
24 23 1 69.6212 6.78834
24 25 1 49.3604 70.0734
24 26 0 27.24 90.9504
24 27 1 25.6956 82.8724
24 28 0 86.0038 95.1302
24 29 0 41.3869 98.8249
24 30 0 40.7807 91.6144
24 31 0 60.8116 26.884
24 32 0 99.9881 31.5729
24 33 1 5.07579 74.2873
24 34 0 73.8713 68.1775
24 35 0 23.6181 24.7776
24 36 0 4.30648 41.2047
24 37 0 51.0156 77.2096
24 38 0 54.4239 64.3328
24 39 0 75.7987 35.8587
24 40 0 63.7737 18.2141
24 41 0 78.9853 54.9054
24 42 0 4.17906 22.5278
24 43 0 35.4007 41.1936
24 44 0 62.0309 41.3951
24 45 0 73.8151 93.2436
24 46 0 18.9486 39.8657
24 47 1 1.34806 59.9442
24 48 0 52.5216 27.9288
24 49 0 79.2914 22.4816
24 50 0 82.1102 2.04041
24 51 0 14.0163 97.0411
24 52 0 93.281 44.0911
24 53 1 66.9433 98.923
24 54 0 93.3985 73.7716
24 55 0 62.981 53.2434
24 56 0 27.4458 18.3675
24 57 0 65.0951 32.4519
24 58 0 3.74302 48.1795
24 59 0 25.7412 81.9359
24 60 0 9.00335 39.4313
25 1 0 99.6291 50.9164
25 2 0 9.86797 88.2834
25 3 0 61.7264 99.3976
25 4 0 55.6841 82.4545
25 5 0 51.0345 9.03651
25 6 0 98.0853 63.4233
25 7 0 47.6299 2.33721
25 8 0 53.4352 17.8719
25 9 0 87.9275 66.5652
25 10 0 94.1185 61.0246
25 11 0 30.553 52.2411
25 12 0 75.7702 81.5554
25 13 0 36.6233 27.731
25 14 0 33.0312 16.0319
25 15 0 52.9068 43.5324
25 16 0 96.6749 45.0382
25 17 0 43.7651 78.8233
25 18 0 74.9366 39.8208
25 19 0 82.5314 76.6991
25 20 0 48.8985 27.2804
25 21 0 54.4162 25.0514
25 22 1 72.8853 87.8447
25 23 0 63.6516 2.03728
25 24 0 19.2698 87.954
25 26 1 68.3638 67.8943
25 27 0 21.8903 48.6522
25 28 0 69.1638 12.2276
25 29 0 5.68585 13.8174
25 30 0 86.6079 61.8655
25 31 0 52.9696 98.1344
25 32 1 33.0272 40.4907
25 33 1 9.24216 21.0444
25 34 1 14.1696 33.5505
25 35 0 37.3156 61.5108
25 36 0 57.4052 22.7609
25 37 0 49.0705 48.1834
25 38 0 43.9098 84.6453
25 39 0 58.057 10.9073
25 40 0 92.572 32.7999
25 41 0 9.81756 18.7926
25 42 0 15.7218 98.5255
25 43 0 22.6343 42.2128
25 44 1 76.7697 84.6871
25 45 0 53.2669 91.0666
25 46 0 91.2475 56.4021
25 47 0 84.4552 36.1249
25 48 0 62.269 81.5334
25 49 0 36.2996 74.8275
25 50 1 48.8007 12.5735
25 51 0 57.4978 68.5026
25 52 0 4.12831 51.4181
25 53 0 86.4974 44.2777
25 54 1 35.5246 36.7114
25 55 0 17.1545 88.844
25 56 0 0.289449 4.94057
25 57 0 70.6431 48.7777
25 58 0 67.9352 22.3711
25 59 0 19.0086 6.90322
25 60 0 33.515 74.2884
26 1 0 27.8896 97.8487
26 2 0 90.7666 29.8433
26 3 0 13.6869 52.7741
26 4 0 63.7145 82.306
26 5 0 98.0564 0.874508
26 6 0 14.4853 18.0285
26 7 0 12.6567 38.4593
26 8 0 36.4047 69.7447
26 9 0 12.523 95.5749
26 10 0 54.3539 22.053
26 11 0 69.8467 65.9329
26 12 0 51.9963 67.9528
26 13 0 54.6039 57.8023
26 14 1 60.6266 31.748
26 15 0 61.8562 78.6052
26 16 0 16.6742 8.70596
26 17 0 73.4974 34.9566
26 18 0 97.4057 15.6037
26 19 0 65.6058 42.8314
26 20 1 21.2808 77.124
26 21 0 65.0855 93.7281
26 22 1 46.2337 15.9595
26 23 0 65.4492 22.1114
26 24 0 56.2582 66.8268
26 25 0 47.0851 84.0394
26 27 1 71.3548 23.3721
26 28 0 50.627 33.6898
26 29 1 87.91 43.8692
26 30 0 83.5333 17.1247
26 31 0 91.7203 15.323
26 32 0 59.2082 15.2944
26 33 0 86.5019 11.9148
26 34 0 67.4905 56.7251
26 35 0 1.1046 51.023
26 36 0 71.0092 53.4204
26 37 0 11.1735 23.5061
26 38 0 38.2638 93.3853
26 39 0 49.2445 81.2885
26 40 0 38.2708 46.9541
26 41 0 94.5339 32.7046
26 42 0 88.7819 25.9731
26 43 0 66.357 6.70308
26 44 0 6.84079 29.7509
26 45 1 41.2247 2.04994
26 46 0 60.2352 1.60779
26 47 0 42.7274 20.6853
26 48 0 21.1755 18.3096
26 49 0 49.09 99.7925
26 50 0 31.9027 92.0213
26 51 0 91.7026 61.1867
26 52 0 42.8401 46.5286
26 53 0 11.8187 29.6959
26 54 0 4.76555 73.8633
26 55 0 59.6399 16.1714
26 56 0 96.8949 43.8861
26 57 0 95.0941 96.4961
26 58 0 45.3557 77.4122
26 59 1 31.7865 30.0875
26 60 0 78.8566 10.598
27 1 0 20.06 24.2644
27 2 0 36.2908 81.3804
27 3 0 25.3806 64.45
27 4 0 45.7642 65.5672
27 5 0 40.5493 78.7077
27 6 0 88.4242 9.56921
27 7 1 92.6109 81.4627
27 8 0 42.0634 57.5402
27 9 0 59.0391 12.1989
27 10 0 12.7633 55.6317
27 11 0 18.0646 59.6883
27 12 0 19.9355 6.20554
27 13 0 89.5375 24.8368
27 14 1 96.4564 44.0803
27 15 0 40.2297 32.7689
27 16 0 55.2446 75.1466
27 17 0 3.02949 77.3825
27 18 0 73.1297 86.7497
27 19 0 56.7856 22.9914
27 20 0 13.5536 38.7389
27 21 0 95.3367 26.3521
27 22 0 37.3939 89.4562
27 23 0 56.5829 51.7359
27 24 0 8.71599 26.3914
27 25 0 22.123 71.3655
27 26 1 64.7686 0.427049
27 28 1 51.3722 75.9024
27 29 0 92.6558 1.78815
27 30 0 43.0619 54.8422
27 31 0 41.543 9.47792
27 32 0 80.7176 91.1769
27 33 0 48.1757 4.26645
27 34 0 39.1967 53.004
27 35 0 79.878 10.6326
27 36 0 11.9077 62.5912
27 37 0 70.859 39.9121
27 38 0 90.653 50.0072
27 39 0 88.3906 18.361
27 40 0 81.5813 9.42064
27 41 0 61.4591 92.94
27 42 0 17.2875 69.5358
27 43 0 24.683 54.7424
27 44 0 47.6388 66.4106
27 45 0 33.1653 24.0939
27 46 1 12.462 12.9857
27 47 0 49.7551 51.8905
27 48 0 95.5502 27.6981
27 49 0 88.371 2.25827
27 50 0 99.0632 69.1894
27 51 0 50.9276 6.14375
27 52 0 41.7379 87.3635
27 53 0 19.9626 53.5201
27 54 0 47.7112 58.0449
27 55 0 50.2862 32.6248
27 56 0 27.1861 90.9851
27 57 0 89.4315 9.37741
27 58 0 74.8446 39.2878
27 59 0 55.406 31.2862
27 60 0 9.42817 5.80474
28 1 1 65.2258 22.6986
28 2 0 64.6709 21.5128
28 3 0 12.8192 59.2517
28 4 0 89.6941 94.0802
28 5 0 65.6566 47.2171
28 6 0 11.2407 11.7734
28 7 0 82.1749 34.4319
28 8 0 54.5816 57.9992
28 9 0 79.1862 25.4999
28 10 0 55.0217 84.8281
28 11 0 21.9142 95.5509
28 12 0 1.29086 77.2721
28 13 0 59.3119 24.8807
28 14 0 12.5309 43.7587
28 15 0 81.5738 84.0478
28 16 1 67.0507 2.30118
28 17 0 54.2435 6.02653
28 18 0 19.746 48.1016
28 19 0 76.0122 11.4183
28 20 0 65.9648 8.15836
28 21 0 58.304 89.9729
28 22 0 97.8134 39.3652
28 23 0 13.4186 96.5083
28 24 0 49.152 76.1442
28 25 0 37.2288 55.9129
28 26 0 24.0222 24.186
28 27 0 71.4431 27.5867
28 29 1 12.6593 11.8503
28 30 0 90.2343 17.3342
28 31 0 10.6655 22.3502
28 32 0 70.2485 69.9482
28 33 1 41.0326 87.8457
28 34 0 16.1466 81.6661
28 35 0 77.3845 17.6841
28 36 0 18.01 95.3466
28 37 0 25.5025 18.5532
28 38 0 80.8393 75.2709
28 39 0 12.0914 23.5768
28 40 0 70.4295 90.0957
28 41 0 7.79869 26.7475
28 42 0 6.54178 19.4096
28 43 0 50.3923 52.9259
28 44 0 3.6402 72.5522
28 45 0 26.9481 20.4147
28 46 0 81.148 72.2208
28 47 1 54.3727 98.4694
28 48 0 15.1225 94.1337
28 49 0 4.8321 77.519
28 50 1 60.0737 64.8564
28 51 0 53.2265 43.3231
28 52 0 51.2986 53.6759
28 53 0 29.5865 55.8916
28 54 0 60.234 59.2153
28 55 0 37.002 24.6196
28 56 0 87.8768 42.0423
28 57 0 13.088 11.2786
28 58 0 75.8323 17.1652
28 59 0 20.9017 61.389
28 60 0 64.2124 95.4217
29 1 0 52.8816 45.2129
29 2 0 96.7448 49.0993
29 3 0 60.2889 80.4497
29 4 0 43.9747 2.17502
29 5 0 75.1862 68.7836
29 6 0 23.7368 38.3249
29 7 0 45.4656 62.6595
29 8 0 53.9544 11.4602
29 9 0 92.6398 39.5291
29 10 0 92.4198 94.0653
29 11 0 0.538429 28.1524
29 12 0 44.3207 67.441
29 13 0 74.2228 61.3329
29 14 0 90.354 70.27
29 15 0 7.73119 24.1146
29 16 1 43.2813 46.1027
29 17 0 72.5903 57.0751
29 18 1 8.3339 63.6191
29 19 0 66.145 56.2101
29 20 0 94.3159 31.2051
29 21 0 92.1348 68.1449
29 22 0 49.3827 11.2108
29 23 0 67.5307 22.8326
29 24 0 65.8116 44.1732
29 25 0 35.467 18.7812
29 26 0 82.6386 75.3339
29 27 0 98.0341 93.194
29 28 0 53.9829 60.2032
29 30 1 9.93955 27.3606
29 31 0 42.138 19.8294
29 32 0 98.4145 98.082
29 33 0 68.6834 67.5995
29 34 0 93.8682 9.89808
29 35 0 95.1857 57.0545
29 36 0 52.0046 54.9141
29 37 0 72.0231 86.1467
29 38 0 52.1033 90.7703
29 39 0 87.8959 57.8959
29 40 0 67.8983 75.0642
29 41 0 24.0169 49.8815
29 42 0 0.682705 61.6127
29 43 0 74.6821 56.8274
29 44 0 66.8751 99.7622
29 45 0 19.1249 87.058
29 46 0 44.2486 59.126
29 47 0 81.3654 97.2079
29 48 0 57.373 73.3122
29 49 0 67.0824 37.1671
29 50 0 49.3503 17.4823
29 51 0 88.1083 65.8636
29 52 0 56.6145 83.3525
29 53 0 13.0079 45.5272
29 54 0 38.0391 49.2073
29 55 0 9.17207 61.7429
29 56 0 0.37281 13.524
29 57 0 76.814 66.2862
29 58 0 11.0609 37.4155
29 59 0 97.9602 37.2177
29 60 0 21.5758 54.5835
30 1 1 30.6492 3.73411
30 2 0 89.8878 46.6877
30 3 0 49.1053 41.217
30 4 0 32.2871 47.548
30 5 0 35.0452 34.8298
30 6 0 42.0573 84.2479
30 7 0 16.6075 42.6216
30 8 0 95.1259 42.1583
30 9 0 41.8806 2.00843
30 10 1 27.376 72.2868
30 11 0 58.1307 75.0662
30 12 0 13.0821 3.14522
30 13 1 70.6119 94.1064
30 14 0 13.4081 55.826
30 15 1 31.1047 53.7154
30 16 0 95.778 53.4956
30 17 0 6.03392 0.47026
30 18 0 13.0265 14.3706
30 19 0 97.5714 84.1261
30 20 0 74.1128 76.3671
30 21 0 12.5751 73.3546
30 22 1 58.1019 26.8206
30 23 0 29.8168 64.978
30 24 0 81.7848 40.9286
30 25 0 66.6932 55.6503
30 26 0 23.7242 3.65466
30 27 0 31.6104 70.7033
30 28 0 6.87199 38.8079
30 29 0 82.311 47.2991
30 31 1 8.43732 88.2882
30 32 0 1.36264 4.45766
30 33 1 1.71997 60.5051
30 34 0 19.9762 84.5055
30 35 0 13.7738 57.9668
30 36 0 88.4514 47.3097
30 37 0 40.2133 10.1189
30 38 1 74.8487 6.07337
30 39 0 41.2916 84.245
30 40 1 12.0541 1.97619
30 41 0 89.6635 23.8011
30 42 0 67.5789 15.5619
30 43 0 84.4584 24.7517
30 44 0 12.8462 99.2648
30 45 0 97.5824 34.6507
30 46 0 17.8224 21.0315
30 47 0 2.47574 85.9456
30 48 0 40.7351 80.3061
30 49 0 82.9086 24.0479
30 50 0 1.92792 12.0516
30 51 0 76.5112 92.8951
30 52 0 7.55576 31.1656
30 53 0 9.72333 68.1567
30 54 0 45.655 7.12528
30 55 0 21.4058 36.1684
30 56 0 35.015 51.5647
30 57 0 97.5622 14.4106
30 58 0 60.3399 44.0538
30 59 0 60.3438 47.0781
30 60 0 9.25566 48.4556
31 1 0 60.5266 23.8544
31 2 0 59.8299 25.7805
31 3 1 71.3705 81.7996
31 4 0 76.5215 55.1133
31 5 0 20.2154 68.6906
31 6 1 36.3126 39.5002
31 7 0 5.87305 28.9052
31 8 0 70.1171 73.7454
31 9 1 13.3235 8.29308
31 10 0 97.1774 79.7162
31 11 0 8.38396 16.9766
31 12 0 61.8059 17.245
31 13 0 23.4196 59.0196
31 14 0 91.5465 4.61406
31 15 0 85.5232 87.205
31 16 0 11.1261 45.3274
31 17 0 71.0678 72.2332
31 18 0 79.3543 56.2114
31 19 0 2.29971 77.686
31 20 0 54.4131 13.8816
31 21 0 62.6918 70.2905
31 22 0 87.0216 8.74213
31 23 0 93.9499 45.3514
31 24 0 56.9209 41.623
31 25 0 2.18005 57.8442
31 26 0 0.100258 42.383
31 27 0 16.4226 21.9282
31 28 0 32.0269 56.0428
31 29 0 22.7049 46.7836
31 30 0 67.2579 82.217
31 32 1 32.39 93.1956
31 33 0 78.5584 39.1131
31 34 0 4.96817 13.8077
31 35 0 39.5639 2.87409
31 36 0 98.2426 88.5523
31 37 0 41.8796 82.7443
31 38 1 24.5389 49.2073
31 39 0 30.2897 20.6792
31 40 0 40.151 48.6907
31 41 0 69.9355 94.8234
31 42 0 58.3926 9.52303
31 43 0 11.5795 27.4725
31 44 0 15.9373 10.9426
31 45 0 34.9306 31.3882
31 46 0 21.6953 14.4968
31 47 0 11.2942 15.5243
31 48 0 17.3188 77.858
31 49 0 77.7103 91.4561
31 50 0 27.8581 30.8718
31 51 0 93.1653 66.1841
31 52 0 3.08169 68.2819
31 53 0 14.0736 28.0162
31 54 0 8.3621 41.9305
31 55 0 70.8243 77.3518
31 56 0 44.5485 23.608
31 57 0 36.5762 51.7334
31 58 0 77.7505 94.5957
31 59 0 47.7223 59.1439
31 60 1 64.896 47.3301
32 1 0 88.3241 72.1818
32 2 0 22.8955 58.3297
32 3 0 71.4635 90.0078
32 4 0 83.8245 96.0944
32 5 0 25.9805 93.6628
32 6 1 68.5423 80.0517
32 7 0 79.3383 20.9769
32 8 0 54.9124 97.2911
32 9 0 85.0353 50.4999
32 10 0 63.7608 52.5135
32 11 0 40.2592 13.9929
32 12 0 90.5185 59.1791
32 13 1 36.4876 83.5581
32 14 0 17.3695 58.6836
32 15 0 18.3285 26.8362
32 16 0 76.3541 57.0167
32 17 0 28.4915 28.6387
32 18 0 87.4749 29.1562
32 19 0 79.3829 5.73107
32 20 1 79.6087 31.6475
32 21 0 39.0189 64.2636
32 22 0 47.7886 5.94739
32 23 1 56.0862 9.27555
32 24 0 83.0773 84.2317
32 25 0 47.6372 36.0522
32 26 1 47.2438 90.099
32 27 0 16.4232 60.2031
32 28 0 83.216 5.79998
32 29 0 15.9943 35.2189
32 30 0 0.953345 39.4654
32 31 0 33.1778 63.052
32 33 1 69.1472 65.4917
32 34 1 43.9905 24.8275
32 35 1 38.7349 52.3266
32 36 0 39.6411 78.0957
32 37 0 54.3374 37.4042
32 38 0 26.008 7.62325
32 39 0 37.7764 23.9755
32 40 0 48.313 91.0763
32 41 0 24.5375 10.2188
32 42 0 46.4059 25.5468
32 43 0 32.2815 31.0862
32 44 0 87.996 22.0152
32 45 0 82.4523 58.8288
32 46 0 22.8741 66.2287
32 47 0 53.7069 68.1595
32 48 0 96.8865 30.1276
32 49 0 6.03541 55.1648
32 50 0 12.9868 83.0659
32 51 0 18.9696 55.9195
32 52 0 52.4994 1.70551
32 53 0 48.8902 16.6535
32 54 0 68.7246 42.1695
32 55 0 7.56706 80.3081
32 56 0 22.7396 47.4648
32 57 1 31.2472 61.8553
32 58 0 63.1044 75.1825
32 59 0 88.6147 32.5572
32 60 0 4.4354 94.1787
33 1 0 41.3157 33.326
33 2 0 37.1971 31.7479
33 3 0 75.0031 24.7858
33 4 0 11.5525 54.7945
33 5 1 56.5966 89.3521
33 6 0 25.8534 94.9346
33 7 0 72.1313 86.2989
33 8 0 62.6633 0.282122
33 9 0 28.144 41.4156
33 10 0 76.1485 61.8874
33 11 0 64.8102 67.1236
33 12 0 80.0331 55.2782
33 13 0 91.4821 12.0472
33 14 0 90.9998 64.7255
33 15 1 28.434 91.7172
33 16 1 16.1343 34.9179
33 17 0 45.5161 88.6108
33 18 0 52.5799 76.7786
33 19 0 90.2367 47.137
33 20 0 16.141 95.6665
33 21 0 15.0705 18.2156
33 22 0 93.6749 72.2355
33 23 0 89.5797 2.09339
33 24 0 89.4644 44.5447
33 25 0 92.4631 89.2217
33 26 0 20.9849 33.4215
33 27 0 94.7754 74.9979
33 28 0 28.2984 42.2079
33 29 0 65.2654 62.7071
33 30 0 28.8141 6.29759
33 31 0 5.22952 81.7254
33 32 0 81.7389 64.4249
33 34 1 90.4742 88.8787
33 35 0 27.2262 26.801
33 36 0 98.5571 41.6883
33 37 1 80.1 26.5784
33 38 0 78.0704 73.5527
33 39 0 68.9492 89.4227
33 40 0 97.0389 7.4596
33 41 0 93.6988 87.038
33 42 0 90.9291 48.7978
33 43 0 17.7749 85.0158
33 44 0 28.7594 0.620012
33 45 0 29.6385 94.6277
33 46 0 49.0039 59.9132
33 47 0 8.62223 17.829
33 48 0 75.6493 61.941
33 49 1 30.4983 16.6541
33 50 0 9.30106 5.44066
33 51 0 85.2202 18.2845
33 52 0 95.4625 38.6992
33 53 0 48.0636 23.9141
33 54 0 22.9776 89.8085
33 55 0 37.6853 49.8635
33 56 0 10.3867 20.5336
33 57 0 64.6216 40.838
33 58 0 92.5584 99.6275
33 59 1 42.7781 63.7481
33 60 0 85.6479 3.96231
34 1 0 94.3251 17.2787
34 2 0 22.4124 2.8167
34 3 0 89.0639 38.0743
34 4 0 93.0836 40.2042
34 5 0 35.5306 54.754
34 6 0 84.1712 5.02608
34 7 0 84.0963 66.0661
34 8 0 73.9724 51.7287
34 9 0 49.3413 19.1011
34 10 0 84.4642 74.5199
34 11 0 0.598738 61.5964
34 12 0 89.1348 41.1102
34 13 0 64.5351 56.0389
34 14 0 28.4367 55.2782
34 15 0 6.05344 8.0306
34 16 0 34.8238 56.3397
34 17 0 78.1802 30.501
34 18 0 94.9384 60.2548
34 19 0 62.9938 54.3559
34 20 1 21.3036 70.2279
34 21 0 45.7219 4.74708
34 22 0 6.91932 60.4042
34 23 0 40.0901 57.737
34 24 0 96.6989 72.0267
34 25 0 78.4855 17.2698
34 26 0 57.7485 73.0408
34 27 0 95.5791 41.4545
34 28 0 94.453 60.4396
34 29 0 72.4172 31.0004
34 30 1 82.9738 52.6006
34 31 0 54.863 96.4866
34 32 0 71.713 14.4414
34 33 0 84.3066 53.6876
34 35 1 5.47702 8.47493
34 36 0 33.1845 19.758
34 37 0 9.7938 49.5697
34 38 0 19.2377 41.3146
34 39 0 52.262 80.0659
34 40 0 99.8804 41.7145
34 41 0 40.9899 72.7654
34 42 0 63.0809 18.5268
34 43 0 50.9137 25.4845
34 44 0 44.1944 39.4039
34 45 0 66.7299 50.1907
34 46 0 13.8797 66.8137
34 47 0 59.768 14.0773
34 48 0 43.4978 62.827
34 49 0 6.55064 62.4244
34 50 0 30.1625 67.2829
34 51 0 49.0173 45.0211
34 52 0 40.2744 84.3296
34 53 0 41.2384 48.4919
34 54 0 62.604 42.9983
34 55 0 96.5386 1.37194
34 56 0 15.696 95.9871
34 57 0 72.08 37.6607
34 58 0 2.65147 72.8546
34 59 0 31.2962 58.1524
34 60 0 0.214042 23.814
35 1 0 38.7183 12.0689
35 2 0 35.4468 73.321
35 3 1 32.4066 97.8313
35 4 0 38.4564 46.2107
35 5 0 95.8559 82.928
35 6 1 40.6514 71.6827
35 7 0 54.0002 96.1151
35 8 0 63.6195 1.64661
35 9 0 82.0694 74.8618
35 10 0 67.6653 30.5563
35 11 1 43.9578 23.0658
35 12 0 17.5191 82.4947
35 13 0 28.0545 62.2193
35 14 1 56.8509 37.5884
35 15 0 99.802 74.5402
35 16 0 75.2488 96.3459
35 17 0 95.2166 75.0865
35 18 0 86.7757 14.8382
35 19 0 92.5585 69.2801
35 20 0 41.8146 19.9842
35 21 1 38.4033 1.96603
35 22 0 66.5072 78.4552
35 23 1 30.176 68.5132
35 24 0 19.0049 47.9671
35 25 0 28.4729 71.4588
35 26 0 82.4639 26.9539
35 27 0 85.9719 74.2413
35 28 1 14.6287 64.6463
35 29 1 98.1893 89.8517
35 30 0 21.7131 42.1754
35 31 0 70.2397 8.38787
35 32 0 52.7856 26.1618
35 33 0 23.7055 7.79699
35 34 0 36.1614 32.3099
35 36 1 67.7811 82.5288
35 37 0 67.8576 25.5355
35 38 0 77.9473 32.1161
35 39 0 31.4732 61.6722
35 40 0 90.7876 74.3129
35 41 0 64.9411 44.0483
35 42 0 96.0187 24.3298
35 43 0 69.6207 47.0236
35 44 0 50.7091 5.32665
35 45 0 76.8119 7.08223
35 46 0 54.9012 75.1271
35 47 0 44.1837 99.5394
35 48 0 68.7643 59.6765
35 49 0 95.3473 10.6099
35 50 0 74.8197 88.7625
35 51 0 12.6399 3.8522
35 52 0 74.6089 62.4867
35 53 0 66.5515 52.57
35 54 1 60.4067 67.3913
35 55 0 66.8211 11.8823
35 56 0 53.1489 43.7198
35 57 0 65.6701 43.9598
35 58 0 96.7334 82.0618
35 59 0 37.4169 11.7591
35 60 0 68.833 63.9686
36 1 0 76.1372 20.3429
36 2 0 64.364 14.1623
36 3 0 28.088 58.3285
36 4 0 3.4235 51.3407
36 5 0 7.21129 57.4885
36 6 0 84.692 30.9452
36 7 0 97.7435 85.0685
36 8 0 51.3247 41.2284
36 9 0 2.15769 20.1559
36 10 0 37.4127 57.1979
36 11 0 11.1051 60.4408
36 12 0 97.4016 67.1778
36 13 0 52.3448 9.95799
36 14 0 58.5143 71.2383
36 15 0 38.8423 24.9841
36 16 1 25.0115 12.1972
36 17 1 28.7166 57.1581
36 18 0 18.0171 85.0199
36 19 0 21.5686 82.222
36 20 0 14.015 93.9234
36 21 0 31.1581 9.71616
36 22 0 24.5953 39.353
36 23 0 96.2259 76.8171
36 24 0 70.4058 29.7888
36 25 0 43.0303 27.7671
36 26 0 64.2485 35.8601
36 27 0 13.3949 95.6407
36 28 0 78.7709 99.6171
36 29 0 72.1782 60.2875
36 30 0 73.6629 29.013
36 31 1 42.264 35.2487
36 32 0 17.7119 49.5296
36 33 0 73.5151 98.3377
36 34 0 30.3416 7.45979
36 35 0 2.67354 14.103
36 37 1 3.09654 39.5454
36 38 0 37.2508 27.5826
36 39 1 75.8188 25.5816
36 40 0 9.65749 21.3507
36 41 0 85.7683 95.9294
36 42 0 62.007 44.6545
36 43 0 73.2312 60.9028
36 44 0 65.4151 76.7184
36 45 0 84.5904 80.0997
36 46 0 24.6962 22.9078
36 47 0 34.1177 21.3116
36 48 1 23.8971 20.5766
36 49 1 92.5269 3.69964
36 50 0 38.0513 52.0061
36 51 0 61.2314 95.9815
36 52 0 69.6083 30.9232
36 53 0 4.47538 6.6628
36 54 1 40.6624 25.3305
36 55 0 51.5551 41.0317
36 56 0 73.5191 5.25947
36 57 0 6.71966 14.3913
36 58 0 13.3196 30.1673
36 59 0 10.8208 7.77277
36 60 1 78.4866 36.9316
37 1 0 64.6006 81.7567
37 2 0 37.2915 2.47514
37 3 1 26.5467 25.6692
37 4 1 16.6017 8.75664
37 5 0 86.7475 80.0541
37 6 0 57.7434 82.7426
37 7 0 43.5391 76.3132
37 8 0 51.5174 81.0069
37 9 0 53.4025 56.6567
37 10 0 98.202 5.66156
37 11 0 8.47879 6.20732
37 12 0 48.7538 13.6175
37 13 0 15.3945 26.4938
37 14 0 4.64992 94.692
37 15 0 65.2199 97.091
37 16 1 64.5019 54.2111
37 17 0 50.2842 33.3993
37 18 0 26.985 0.506373
37 19 0 56.4925 95.8824
37 20 0 96.5182 97.5548
37 21 1 15.7854 3.3257
37 22 0 69.4387 68.7327
37 23 1 94.0242 22.2263
37 24 1 0.892 54.1205
37 25 0 35.6296 95.0339
37 26 0 82.9985 72.6222
37 27 0 13.5835 21.2698
37 28 0 21.211 79.8604
37 29 1 68.6547 49.7202
37 30 0 81.0062 85.5747
37 31 0 72.9556 53.8944
37 32 0 35.6785 18.9763
37 33 0 24.9516 8.07637
37 34 0 87.8872 88.0143
37 35 1 94.5274 98.8786
37 36 0 33.0021 61.0258
37 38 1 76.3467 2.34766
37 39 0 70.7788 69.8681
37 40 0 86.1506 56.7585
37 41 0 55.7385 46.9872
37 42 0 36.4417 58.3377
37 43 0 96.0714 30.52
37 44 0 50.4332 81.7862
37 45 0 11.1826 28.4811
37 46 0 51.2151 20.4091
37 47 0 17.0512 21.5901
37 48 1 91.8478 30.6541
37 49 0 20.601 9.31937
37 50 0 13.6989 65.2475
37 51 0 92.1529 44.8804
37 52 0 26.3534 25.5289
37 53 0 45.2849 24.3766
37 54 1 17.1105 45.7499
37 55 0 89.0835 93.0254
37 56 0 10.2963 43.5471
37 57 1 79.4984 72.8391
37 58 0 91.5075 64.7949
37 59 0 37.7374 11.941
37 60 0 41.0406 65.2304
38 1 0 82.14 9.98926
38 2 0 61.23 89.5476
38 3 0 68.7032 14.941
38 4 0 38.0491 90.1722
38 5 0 10.9803 97.6677
38 6 0 8.44537 13.6056
38 7 1 59.5555 1.79
38 8 0 97.8042 4.35553
38 9 0 62.4505 59.8243
38 10 0 10.9038 69.1822
38 11 0 49.8288 3.41111
38 12 0 48.731 3.93908
38 13 0 94.0799 76.9436
38 14 0 83.1866 82.653
38 15 0 94.8413 16.3033
38 16 0 19.3027 67.7262
38 17 1 22.4121 67.0998
38 18 0 71.4411 93.1515
38 19 1 11.9559 91.5785
38 20 0 42.9222 40.5348
38 21 0 46.2066 83.8711
38 22 1 80.4861 48.5333
38 23 0 41.2845 48.8683
38 24 0 54.9633 23.6542
38 25 0 21.5399 57.3055
38 26 0 50.1484 29.007
38 27 0 28.785 56.127
38 28 0 31.6497 83.0976
38 29 0 30.5743 73.2149
38 30 1 81.0634 40.3885
38 31 1 7.71209 92.1743
38 32 0 71.929 68.4115
38 33 0 67.198 96.843
38 34 0 94.402 33.9421
38 35 0 50.7735 34.9955
38 36 0 53.3814 69.5113
38 37 0 32.7375 82.2917
38 39 1 2.33656 3.97787
38 40 0 66.2417 91.8847
38 41 0 77.3245 49.1987
38 42 0 6.01606 55.3906
38 43 1 94.0531 75.3091
38 44 0 92.5118 6.68463
38 45 1 69.1861 26.9597
38 46 0 95.8793 78.0007
38 47 0 68.7936 5.76746
38 48 0 15.8927 1.82588
38 49 1 29.2733 13.1495
38 50 0 0.819667 16.5891
38 51 0 37.863 98.7858
38 52 0 14.5029 33.6953
38 53 0 80.2129 43.2951
38 54 0 76.1427 59.7097
38 55 0 13.6244 4.10438
38 56 0 90.8567 74.4776
38 57 0 14.0844 29.921
38 58 0 10.583 90.1038
38 59 0 43.4316 84.6096
38 60 0 17.0782 81.4769
39 1 1 33.5537 70.7329
39 2 0 70.4967 56.1177
39 3 0 12.11 57.1135
39 4 0 70.3153 58.2727
39 5 0 75.9417 32.4225
39 6 0 68.6446 21.2303
39 7 0 63.7421 7.22924
39 8 0 26.8585 33.7774
39 9 0 51.8879 84.0813
39 10 0 45.5013 90.7516
39 11 0 68.4779 87.5273
39 12 0 45.661 0.116665
39 13 0 33.066 45.3122
39 14 0 0.49241 32.8073
39 15 0 46.4405 99.7853
39 16 1 2.37773 22.0159
39 17 0 37.7787 48.9831
39 18 0 25.233 70.8191
39 19 0 14.2171 61.6831
39 20 0 51.3042 48.4752
39 21 0 46.4588 38.5022
39 22 0 46.6441 82.6649
39 23 1 76.221 91.5366
39 24 0 9.04657 56.0173
39 25 0 29.5983 7.04661
39 26 0 36.9041 8.1216
39 27 0 21.1212 43.4603
39 28 0 18.8644 18.1501
39 29 1 5.43569 83.0262
39 30 1 84.8854 16.7741
39 31 0 42.4479 97.127
39 32 0 89.8201 83.434
39 33 0 96.9006 12.6838
39 34 0 59.9147 62.9014
39 35 0 85.8239 27.1649
39 36 0 32.7064 97.2538
39 37 1 62.5536 1.95654
39 38 0 24.5561 68.6547
39 40 1 96.1185 83.6456
39 41 1 8.44958 8.35445
39 42 0 4.84545 37.3142
39 43 0 25.4259 61.5194
39 44 0 19.4916 91.3426
39 45 0 57.5668 21.9305
39 46 0 3.14755 75.0901
39 47 0 14.4176 44.2777
39 48 0 95.4311 80.236
39 49 1 43.3825 39.4989
39 50 0 0.419074 28.8878
39 51 0 47.7849 16.0766
39 52 0 1.07213 76.7301
39 53 0 27.198 50.5769
39 54 0 17.0702 74.0821
39 55 1 6.69367 25.9306
39 56 0 29.5897 26.0358
39 57 0 37.4254 65.0256
39 58 0 9.05012 88.548
39 59 0 96.403 83.2432
39 60 1 0.70361 13.272
40 1 0 67.3502 31.861
40 2 0 40.3702 26.5475
40 3 0 20.451 84.7048
40 4 0 98.9754 60.7896
40 5 0 10.3385 53.1
40 6 0 52.7688 18.635
40 7 0 11.0059 26.8485
40 8 0 46.1112 32.6569
40 9 0 46.5344 78.2908
40 10 0 25.9946 98.8496
40 11 1 54.1014 84.4315
40 12 0 40.2155 64.1692
40 13 1 51.3152 33.7159
40 14 1 90.8512 20.4321
40 15 0 68.7601 54.3647
40 16 0 85.3995 86.3
40 17 0 32.0079 49.0415
40 18 0 57.1062 94.2958
40 19 0 80.2197 82.0696
40 20 0 29.3609 38.5375
40 21 1 45.292 65.6184
40 22 0 91.7806 40.7897
40 23 0 93.2666 39.6678
40 24 0 57.7781 77.3508
40 25 1 47.6095 42.6143
40 26 0 16.9493 43.876
40 27 0 81.805 46.0462
40 28 0 19.8935 38.0662
40 29 0 54.7437 23.8757
40 30 0 65.4645 25.2246
40 31 0 83.2519 48.4572
40 32 0 69.3092 65.6451
40 33 0 31.4471 98.8105
40 34 0 25.8076 52.4394
40 35 0 56.0996 60.1049
40 36 1 57.4961 90.9419
40 37 0 94.3979 52.1762
40 38 0 25.9187 89.9382
40 39 0 22.2311 62.5358
40 41 1 99.9286 83.4803
40 42 0 77.7977 83.4817
40 43 0 3.30843 24.8684
40 44 0 51.6987 82.0217
40 45 0 40.6731 63.1305
40 46 0 25.5743 50.0141
40 47 0 49.8773 52.9143
40 48 0 45.5948 65.3231
40 49 0 37.5949 61.9424
40 50 0 62.6489 91.5548
40 51 0 37.772 62.019
40 52 0 71.1075 49.9656
40 53 0 61.7938 61.4859
40 54 0 59.7151 85.3795
40 55 0 50.1443 55.9687
40 56 0 97.9137 36.0062
40 57 0 53.0963 86.2096
40 58 0 81.7277 88.9727
40 59 0 33.8943 30.0262
40 60 1 67.9373 48.7967
41 1 0 42.3842 72.8524
41 2 0 35.7268 97.9155
41 3 1 23.4811 9.84649
41 4 0 87.5674 60.7543
41 5 0 63.0517 29.5109
41 6 0 3.70453 82.2811
41 7 0 86.2735 81.1841
41 8 0 32.1548 2.91262
41 9 0 63.9357 39.7334
41 10 0 35.5122 94.6916
41 11 0 21.8598 97.387
41 12 1 79.9523 1.30222
41 13 0 73.0145 80.589
41 14 0 58.0816 91.6809
41 15 0 97.384 72.0762
41 16 0 96.6411 8.92493
41 17 0 32.662 62.9668
41 18 0 15.3253 64.6487
41 19 0 45.1094 63.9791
41 20 0 59.9019 97.0921
41 21 0 74.6166 89.5853
41 22 0 88.6834 63.6093
41 23 0 7.93333 27.7558
41 24 0 46.9998 38.1723
41 25 0 49.6317 58.6286
41 26 0 8.09049 24.3937
41 27 0 62.29 34.2941
41 28 0 60.5233 51.9509
41 29 0 1.43792 85.736
41 30 0 15.389 90.8826
41 31 0 6.5381 71.3791
41 32 0 86.7675 6.87162
41 33 0 72.6849 72.7771
41 34 0 15.7432 69.2374
41 35 1 12.2193 91.8325
41 36 1 35.8914 20.5148
41 37 0 66.779 38.5337
41 38 0 66.7956 94.9843
41 39 0 53.3661 70.5652
41 40 0 37.5021 66.1567
41 42 1 67.1223 37.0177
41 43 0 23.4013 77.3482
41 44 0 97.1207 78.6081
41 45 0 88.7234 88.3543
41 46 0 95.9518 95.8258
41 47 0 73.4849 31.617
41 48 1 17.2625 17.0243
41 49 1 31.446 83.7716
41 50 1 59.9813 65.3592
41 51 1 58.9044 44.2209
41 52 0 1.4987 79.0084
41 53 0 25.0776 42.2433
41 54 0 59.8411 65.7844
41 55 0 47.4487 61.1431
41 56 1 76.7827 74.4642
41 57 0 89.0276 32.0739
41 58 0 4.64363 32.1836
41 59 0 53.6427 97.2334
41 60 0 5.58908 92.366
42 1 0 13.6132 95.4425
42 2 0 79.3382 23.9086
42 3 0 32.8487 25.3357
42 4 0 88.8706 20.7946
42 5 0 8.25332 2.76604
42 6 1 37.1377 59.415
42 7 0 28.6877 55.5543
42 8 0 54.4022 63.9601
42 9 0 96.2855 66.0047
42 10 1 45.4394 88.5259
42 11 1 85.8785 83.8236
42 12 0 73.524 89.2763
42 13 0 0.287493 12.9247
42 14 0 33.6369 99.3145
42 15 0 83.5624 85.9767
42 16 0 96.2792 91.7368
42 17 0 57.7934 10.8933
42 18 0 70.3477 86.4565
42 19 0 34.7028 80.9611
42 20 0 54.957 25.0849
42 21 0 95.8266 91.5591
42 22 0 78.9288 12.7562
42 23 0 65.0136 41.9258
42 24 0 73.1104 2.67082
42 25 0 91.8635 57.2813
42 26 0 76.4797 0.804744
42 27 0 90.8138 11.0583
42 28 0 44.2796 92.987
42 29 0 33.6268 81.078
42 30 0 36.0452 28.7413
42 31 0 98.9293 19.1685
42 32 0 60.3561 33.7453
42 33 0 87.4262 2.32558
42 34 0 65.734 57.8481
42 35 0 6.77801 56.7596
42 36 0 52.3922 82.6744
42 37 0 46.5875 25.7648
42 38 0 49.4253 55.6126
42 39 0 72.0885 40.8781
42 40 0 94.8738 53.0143
42 41 0 26.2599 27.6844
42 43 1 14.1932 8.05519
42 44 0 37.0301 29.6265
42 45 0 68.514 31.9365
42 46 0 32.0697 83.7699
42 47 1 91.0046 83.54
42 48 0 80.5646 62.8671
42 49 0 50.3966 38.1103
42 50 0 15.5407 88.7985
42 51 0 14.4357 28.9547
42 52 0 30.2654 10.0519
42 53 0 61.6526 53.6243
42 54 0 46.7928 40.2129
42 55 0 92.0893 40.1373
42 56 0 67.9273 20.0265
42 57 0 24.13 57.5703
42 58 0 18.0615 31.7063
42 59 0 31.8908 42.5872
42 60 1 53.0415 57.7975
43 1 0 71.8945 30.4561
43 2 1 3.46918 96.2159
43 3 0 71.1749 83.7423
43 4 0 36.2527 7.97671
43 5 0 21.0284 88.553
43 6 0 55.4015 86.9219
43 7 0 3.94635 31.9229
43 8 0 24.4035 76.2706
43 9 0 46.5491 12.9554
43 10 1 92.7363 78.3872
43 11 0 19.0384 53.0929
43 12 0 50.3686 2.09815
43 13 0 24.3527 20.6094
43 14 0 11.7349 59.0367
43 15 0 12.0919 15.4866
43 16 0 7.99144 79.7419
43 17 0 95.2827 21.393
43 18 0 6.51125 71.9732
43 19 0 2.07918 1.23147
43 20 0 50.2788 17.2649
43 21 0 23.6861 9.7691
43 22 0 92.5988 0.0166844
43 23 0 96.6183 46.8569
43 24 0 44.6988 40.205
43 25 0 27.7799 85.3311
43 26 0 34.5076 97.9769
43 27 0 49.7739 46.8127
43 28 0 44.9339 49.1639
43 29 1 98.607 98.5666
43 30 0 45.5374 25.0474
43 31 0 52.2599 63.5349
43 32 0 99.9225 64.6481
43 33 0 32.4684 74.9013
43 34 0 84.1985 41.9436
43 35 0 12.4578 80.3722
43 36 0 12.0725 81.3442
43 37 0 25.2008 49.3352
43 38 0 87.6488 35.3817
43 39 0 33.6379 86.8277
43 40 1 77.043 33.2912
43 41 0 7.30532 98.3067
43 42 0 53.2165 60.3043
43 44 1 97.1874 33.8653
43 45 0 61.7705 25.5926
43 46 0 89.6348 47.9944
43 47 0 58.1488 19.6223
43 48 0 56.3418 51.9868
43 49 0 65.5001 52.7172
43 50 1 15.9335 53.0866
43 51 0 50.4245 25.9229
43 52 0 27.8195 15.2941
43 53 0 46.7756 79.7276
43 54 0 68.2116 88.5635
43 55 0 79.2257 89.772
43 56 0 54.0651 52.6049
43 57 0 4.58548 86.1534
43 58 0 4.30248 92.9687
43 59 0 64.3075 64.268
43 60 0 78.2003 65.3689
44 1 0 72.1189 98.0071
44 2 0 95.2356 34.4832
44 3 0 71.4701 91.5745
44 4 0 50.0833 88.2369
44 5 1 60.656 31.2821
44 6 0 6.74291 42.5011
44 7 0 50.6696 87.2249
44 8 0 17.0828 94.8883
44 9 0 11.6357 85.6458
44 10 0 49.625 31.2676
44 11 0 20.1316 74.6552
44 12 1 64.5816 55.0477
44 13 0 3.89487 80.4141
44 14 0 16.9396 77.5066
44 15 0 94.3139 40.1071
44 16 0 96.6678 98.4431
44 17 0 36.8783 24.4175
44 18 1 13.442 57.0591
44 19 0 71.4123 54.2202
44 20 0 94.9852 66.7875
44 21 0 13.6219 20.1233
44 22 0 51.9655 48.6496
44 23 0 74.0938 47.144
44 24 1 13.5299 9.27189
44 25 0 98.2852 76.9614
44 26 0 31.6777 66.1885
44 27 0 6.57486 76.6571
44 28 1 0.53395 65.7279
44 29 0 10.0137 88.7871
44 30 0 33.7264 82.6783
44 31 0 44.7031 87.554
44 32 0 79.1612 6.76036
44 33 0 61.0884 27.4151
44 34 0 10.7813 80.757
44 35 0 25.1692 97.1777
44 36 0 45.6762 40.3685
44 37 0 11.1346 30.216
44 38 0 31.8496 82.6433
44 39 0 17.9813 21.3052
44 40 0 41.4135 76.1295
44 41 0 34.2073 44.9939
44 42 1 62.6885 72.2756
44 43 0 0.668407 99.1055
44 45 1 15.2288 32.5773
44 46 0 12.9019 79.086
44 47 0 32.4628 98.5629
44 48 0 73.4594 2.81292
44 49 0 67.4132 38.2846
44 50 0 62.0796 74.6352
44 51 0 94.8433 43.5772
44 52 0 55.2209 30.6558
44 53 0 1.5627 94.5468
44 54 0 1.64654 15.2405
44 55 1 38.8953 83.5174
44 56 0 35.7208 48.8794
44 57 0 43.5504 76.7065
44 58 1 8.69966 96.1871
44 59 0 24.6345 29.1681
44 60 0 97.9324 30.5366
45 1 0 42.4731 97.4987
45 2 0 10.6601 75.1993
45 3 1 23.7676 61.3738
45 4 0 73.9388 58.8176
45 5 0 13.607 62.937
45 6 0 2.24567 5.18382
45 7 0 13.4496 23.2954
45 8 0 15.0169 73.7825
45 9 0 20.8824 59.1259
45 10 0 0.351084 71.483
45 11 1 89.2795 57.1108
45 12 0 28.1231 21.3494
45 13 0 96.9342 15.7551
45 14 0 88.583 24.0678
45 15 0 99.118 9.34528
45 16 1 73.3759 39.8393
45 17 0 44.7263 74.4725
45 18 0 73.215 66.1939
45 19 0 59.0938 11.7098
45 20 0 59.9856 7.35636
45 21 0 62.815 82.4586
45 22 1 50.2173 73.9025
45 23 0 79.1675 31.6455
45 24 0 39.7331 6.53237
45 25 0 47.0542 80.79
45 26 0 39.9298 89.5148
45 27 0 19.79 76.2742
45 28 0 54.0436 51.0706
45 29 0 51.3857 58.8621
45 30 0 62.0669 44.3963
45 31 0 7.7409 17.1383
45 32 0 63.9718 37.4323
45 33 0 1.38407 85.1154
45 34 1 11.5309 47.1577
45 35 0 14.9449 79.0481
45 36 0 70.0217 8.16211
45 37 0 84.5752 62.2365
45 38 0 46.5301 43.2303
45 39 0 89.1105 29.317
45 40 0 28.7416 60.1887
45 41 0 26.9703 65.7238
45 42 0 75.4729 65.3726
45 43 0 3.7336 14.9834
45 44 0 33.911 28.5818
45 46 1 13.6976 30.8071
45 47 1 77.8132 49.7487
45 48 0 2.32976 65.6449
45 49 0 61.3737 82.8387
45 50 0 69.5832 37.8701
45 51 0 7.07052 81.581
45 52 0 84.4323 93.502
45 53 0 34.2439 34.7821
45 54 0 28.3108 23.5986
45 55 0 69.4379 25.0064
45 56 0 76.3888 79.0622
45 57 0 43.8985 93.1122
45 58 0 37.5125 86.8055
45 59 0 11.2086 21.495
45 60 0 7.35871 68.5332
46 1 0 65.7687 78.1992
46 2 0 92.2927 34.7586
46 3 0 50.2631 40.3905
46 4 0 74.2768 87.6009
46 5 0 79.4016 80.5988
46 6 0 58.4887 49.9608
46 7 1 2.96946 64.9002
46 8 1 1.92219 69.876
46 9 0 23.94 18.9888
46 10 0 78.8032 86.7749
46 11 0 40.936 20.455
46 12 0 19.3117 24.927
46 13 0 82.829 43.6841
46 14 1 62.172 20.4645
46 15 0 6.23409 41.7869
46 16 0 56.2223 72.7282
46 17 0 7.3466 83.1936
46 18 0 7.82651 8.14463
46 19 0 23.5645 37.5418
46 20 1 87.6365 46.4744
46 21 0 72.5334 25.8569
46 22 0 84.0924 99.1869
46 23 0 37.7069 91.8755
46 24 1 70.898 87.1673
46 25 0 55.2288 47.9765
46 26 0 1.51268 37.3963
46 27 0 60.3015 91.4052
46 28 0 40.4417 11.1753
46 29 0 55.3152 17.319
46 30 1 1.9621 74.1669
46 31 0 77.0032 13.3148
46 32 0 30.9328 6.36935
46 33 0 34.5722 25.9679
46 34 0 40.0316 75.5811
46 35 0 2.19432 24.2659
46 36 0 51.6997 12.5527
46 37 0 74.1051 35.5845
46 38 1 12.7112 21.5385
46 39 1 71.3181 42.9006
46 40 0 82.1921 30.97
46 41 0 37.452 76.7992
46 42 0 14.0161 83.7434
46 43 0 5.40383 81.4557
46 44 0 4.41492 42.4976
46 45 0 94.2025 40.2993
46 47 1 43.0198 35.2794
46 48 0 55.8518 93.6955
46 49 0 79.9995 98.1695
46 50 1 7.49425 92.1349
46 51 0 48.971 64.7457
46 52 0 10.3118 20.2511
46 53 0 82.2579 40.0333
46 54 0 73.0367 41.4692
46 55 0 63.2359 73.2956
46 56 0 52.8566 42.1215
46 57 0 26.3618 3.0751
46 58 0 43.6248 74.0926
46 59 0 55.6116 83.2083
46 60 0 64.6974 56.5024
47 1 0 0.415643 20.6242
47 2 0 40.6453 39.5706
47 3 0 87.7221 63.676
47 4 0 45.8566 2.90591
47 5 0 86.8311 94.2046
47 6 0 74.1978 10.1206
47 7 0 89.2426 35.4691
47 8 0 21.0353 78.4355
47 9 0 0.448486 47.411
47 10 0 23.247 21.1413
47 11 0 55.5213 16.4136
47 12 0 45.3032 28.8833
47 13 1 40.9965 10.7293
47 14 0 12.853 76.2921
47 15 0 71.3925 26.8544
47 16 1 22.1023 63.3119
47 17 0 60.4395 20.0151
47 18 0 93.5207 27.5427
47 19 1 74.4258 26.8941
47 20 1 68.8404 81.1504
47 21 0 12.26 90.1088
47 22 0 74.9317 95.4333
47 23 0 19.5196 38.7265
47 24 0 65.3904 63.7901
47 25 1 10.14 9.51006
47 26 0 76.7993 0.137365
47 27 0 16.2834 94.0405
47 28 0 5.26023 3.32062
47 29 0 60.7283 26.0314
47 30 0 95.0077 95.2076
47 31 0 61.163 99.2268
47 32 1 7.89678 81.6
47 33 0 71.0749 50.2443
47 34 0 66.2984 36.3135
47 35 0 40.1603 41.4762
47 36 1 68.3787 82.5426
47 37 0 86.8417 76.0837
47 38 0 27.9091 8.69441
47 39 0 19.7053 69.3737
47 40 0 64.8014 60.2621
47 41 0 17.9335 28.3681
47 42 0 61.6487 22.443
47 43 0 3.19875 75.5731
47 44 0 30.2557 17.2306
47 45 0 75.2195 10.0091
47 46 0 39.1243 20.0632
47 48 1 56.3322 53.6165
47 49 0 11.1456 82.613
47 50 0 9.12353 48.695
47 51 0 61.395 58.8462
47 52 0 38.1259 56.3406
47 53 0 74.3002 24.1224
47 54 0 65.9466 17.478
47 55 0 97.7814 13.5295
47 56 0 60.7937 57.3507
47 57 0 62.4973 25.5288
47 58 0 89.7291 36.2718
47 59 0 1.29502 18.927
47 60 0 16.4194 98.6386
48 1 1 74.2035 81.7919
48 2 0 31.8458 51.7787
48 3 0 65.8092 38.1718
48 4 0 31.8219 9.61927
48 5 0 27.2685 89.9684
48 6 0 79.1471 59.7372
48 7 0 69.7966 49.5527
48 8 1 66.4239 45.0303
48 9 0 2.44235 85.4272
48 10 0 55.8531 23.7711
48 11 0 6.46845 62.2064
48 12 0 50.084 89.9714
48 13 0 85.7155 11.1733
48 14 0 12.321 81.3299
48 15 0 71.8659 48.0928
48 16 0 87.4762 48.8956
48 17 0 12.7703 5.10224
48 18 0 25.4604 4.95248
48 19 0 65.7966 72.0871
48 20 0 12.8737 97.3315
48 21 0 4.51026 20.1849
48 22 0 81.7737 50.4623
48 23 0 76.2712 94.9278
48 24 0 47.3359 19.8894
48 25 0 62.9302 24.0744
48 26 0 10.0835 73.6009
48 27 0 30.7411 87.1218
48 28 1 71.1041 25.8448
48 29 0 65.7738 35.0772
48 30 0 51.9249 43.1517
48 31 0 74.0473 33.0011
48 32 0 67.3188 35.4235
48 33 0 34.0631 2.34568
48 34 0 48.5789 2.67741
48 35 1 9.83557 23.0834
48 36 0 16.9563 84.9312
48 37 0 22.8397 76.1564
48 38 0 53.4834 52.5027
48 39 0 36.8957 17.8843
48 40 0 27.7724 3.23216
48 41 0 3.87648 67.3105
48 42 0 70.7462 25.7958
48 43 0 47.1966 59.8681
48 44 0 96.081 9.84533
48 45 0 21.1164 22.5318
48 46 0 24.6808 31.8558
48 47 0 60.1969 34.2883
48 49 1 19.4568 94.0976
48 50 0 74.0165 80.6976
48 51 1 42.794 53.7014
48 52 1 0.935649 6.26833
48 53 0 69.0865 22.8193
48 54 0 20.6492 31.8979
48 55 0 96.2786 98.8054
48 56 0 80.3578 55.2701
48 57 0 43.618 50.3235
48 58 0 11.615 26.7989
48 59 0 33.7326 80.1575
48 60 1 57.1367 76.84
49 1 0 68.4341 78.5343
49 2 0 38.7432 95.3248
49 3 0 91.3507 23.6316
49 4 0 94.7176 25.3329
49 5 0 78.3954 33.0633
49 6 1 91.6232 69.9096
49 7 1 65.5046 98.5571
49 8 0 6.46855 70.1998
49 9 1 5.55566 45.7272
49 10 0 52.64 88.8336
49 11 0 99.2886 70.5374
49 12 0 31.4327 92.574
49 13 1 81.0096 51.7643
49 14 0 62.3035 46.7206
49 15 0 92.398 91.6638
49 16 0 34.1528 21.6061
49 17 0 48.9642 85.3266
49 18 0 51.4595 0.504464
49 19 0 88.9448 63.1482
49 20 0 94.9519 71.0371
49 21 0 36.5659 99.1623
49 22 0 90.2691 37.0377
49 23 0 58.407 82.9906
49 24 0 27.7825 91.9858
49 25 0 53.1834 38.0407
49 26 0 29.0349 51.4239
49 27 0 84.2534 33.6388
49 28 0 30.5539 50.4579
49 29 0 17.4825 18.9549
49 30 0 43.6402 49.8863
49 31 0 11.0552 53.3214
49 32 0 4.81829 47.6972
49 33 0 72.9035 7.38041
49 34 0 54.4125 86.6856
49 35 1 36.0396 38.3064
49 36 0 36.7635 70.1267
49 37 0 16.1737 74.0285
49 38 0 79.3068 38.6015
49 39 0 40.825 85.3873
49 40 0 8.67308 66.7868
49 41 0 19.8175 5.09194
49 42 0 25.9462 80.4965
49 43 0 52.8254 0.56114
49 44 0 13.4205 15.5241
49 45 0 2.59242 22.8901
49 46 0 13.6512 51.5325
49 47 1 82.5835 70.7971
49 48 0 28.4083 4.51067
49 50 1 18.7037 70.6332
49 51 0 33.8054 16.434
49 52 1 73.9036 9.20929
49 53 0 23.398 87.3247
49 54 0 94.6506 59.9394
49 55 0 46.6911 6.44795
49 56 0 15.2854 23.9877
49 57 1 77.7368 86.6976
49 58 0 33.3549 60.5963
49 59 0 67.7166 42.0085
49 60 0 40.9375 23.7957
50 1 0 6.49242 75.4717
50 2 0 18.0248 23.4843
50 3 0 14.4028 30.6759
50 4 0 7.75577 31.5534
50 5 0 9.46109 74.5208
50 6 0 68.5325 10.7981
50 7 0 57.9519 5.04066
50 8 0 18.9394 5.9026
50 9 0 43.437 21.0974
50 10 0 97.4005 87.0178
50 11 0 95.4869 53.6308
50 12 0 37.4405 42.6199
50 13 0 31.5186 44.1263
50 14 0 22.1133 66.6174
50 15 0 65.7308 0.922824
50 16 0 28.05 16.0942
50 17 0 46.4168 20.2132
50 18 0 62.8076 67.8401
50 19 0 6.33187 47.8292
50 20 0 53.6502 12.2203
50 21 0 50.2598 25.3597
50 22 0 26.9937 6.29205
50 23 0 6.29059 36.4417
50 24 0 34.7557 39.4261
50 25 0 18.441 83.9448
50 26 1 12.5994 33.8529
50 27 0 58.8001 99.9467
50 28 0 36.7374 96.3729
50 29 0 79.5229 31.0794
50 30 0 66.7999 14.1072
50 31 0 66.4429 94.4242
50 32 1 11.9917 78.8765
50 33 0 98.3654 66.9612
50 34 0 10.8383 48.4827
50 35 0 54.4939 48.641
50 36 0 39.4765 28.3737
50 37 0 36.7683 76.654
50 38 0 86.8324 70.6472
50 39 0 60.5822 18.3685
50 40 0 46.4176 16.5756
50 41 0 25.9856 55.3037
50 42 0 30.1836 4.46997
50 43 0 83.8352 84.2249
50 44 0 22.6444 18.8474
50 45 1 32.8236 86.0087
50 46 0 37.9861 89.2309
50 47 1 56.8414 93.6633
50 48 0 65.3946 65.8339
50 49 0 40.2175 22.3912
50 51 1 75.401 14.6225
50 52 0 51.1705 23.0965
50 53 1 81.7891 59.8173
50 54 0 77.603 72.0559
50 55 0 5.49446 4.48178
50 56 0 25.7288 91.6839
50 57 0 7.76782 84.43
50 58 0 95.3519 20.1852
50 59 0 59.3573 80.2118
50 60 1 3.18245 99.7931
51 1 1 41.2933 7.79906
51 2 0 51.3602 48.8995
51 3 0 45.3211 77.5487
51 4 0 88.9217 88.6154
51 5 0 84.335 52.0905
51 6 0 12.3607 26.6506
51 7 0 67.9676 39.7959
51 8 0 44.6573 97.288
51 9 0 61.6132 13.3054
51 10 0 3.45623 34.3238
51 11 0 37.5422 68.579
51 12 0 46.5322 48.6782
51 13 1 56.0158 95.1925
51 14 0 31.4546 82.9119
51 15 0 98.9358 31.0276
51 16 0 79.3638 61.2655
51 17 0 92.7656 52.9309
51 18 0 41.1539 98.285
51 19 0 71.6093 29.9668
51 20 0 36.3792 91.9513
51 21 0 33.2331 2.70652
51 22 0 85.828 65.087
51 23 0 49.3606 13.8439
51 24 0 98.1742 52.2882
51 25 0 11.2942 13.7493
51 26 0 27.1841 1.27513
51 27 0 16.9347 62.5472
51 28 0 41.7073 30.3148
51 29 0 32.7202 8.02181
51 30 0 36.6201 24.1801
51 31 1 0.121177 79.2856
51 32 0 81.4647 51.4198
51 33 0 23.8012 31.1058
51 34 0 73.0171 41.3807
51 35 0 12.9687 26.7288
51 36 0 67.1569 75.9101
51 37 0 83.9207 99.544
51 38 0 33.1879 84.0726
51 39 0 78.9274 94.8172
51 40 0 21.3509 81.674
51 41 0 45.7876 80.5136
51 42 0 79.311 35.1543
51 43 0 91.084 54.3105
51 44 1 44.7274 70.6189
51 45 0 54.6977 58.4551
51 46 0 79.4422 13.4965
51 47 0 3.7831 95.4895
51 48 0 65.857 92.3236
51 49 0 44.6907 22.4825
51 50 0 9.01515 27.5858
51 52 1 47.9952 41.374
51 53 0 97.2103 23.8827
51 54 0 14.0398 68.3184
51 55 0 75.3641 93.8211
51 56 0 47.0126 69.0179
51 57 0 89.7564 18.8231
51 58 0 33.2673 79.6306
51 59 0 63.5861 99.5752
51 60 0 87.4604 12.0712
52 1 0 73.5347 8.83797
52 2 0 41.2909 84.7937
52 3 0 42.4929 88.4203
52 4 0 41.2502 35.8362
52 5 0 91.856 59.7998
52 6 0 82.4781 26.1685
52 7 0 16.9313 27.2487
52 8 0 4.07226 45.4499
52 9 1 0.483342 31.4957
52 10 0 81.5156 6.97887
52 11 1 12.9647 88.8136
52 12 0 72.0654 98.423
52 13 0 92.8209 44.5667
52 14 0 81.7227 39.0747
52 15 0 32.6001 21.3857
52 16 0 21.2709 41.4153
52 17 0 2.2425 83.652
52 18 0 60.1852 82.7512
52 19 0 56.7541 81.4117
52 20 0 29.6268 85.9134
52 21 1 53.7858 90.8668
52 22 0 17.5493 73.4675
52 23 0 97.1718 10.4489
52 24 0 35.2575 33.0094
52 25 0 32.7234 28.8017
52 26 0 72.946 31.2206
52 27 0 39.641 84.4925
52 28 1 58.4625 26.2053
52 29 0 41.9335 76.0599
52 30 0 23.501 75.856
52 31 0 89.5782 84.2153
52 32 0 24.384 46.9939
52 33 1 82.5968 51.8226
52 34 0 42.4807 37.8194
52 35 0 31.0515 10.1023
52 36 0 76.3618 27.5794
52 37 0 2.84898 24.1735
52 38 0 80.6013 38.9367
52 39 1 51.9189 2.01952
52 40 0 36.8812 92.5547
52 41 0 74.7271 31.8916
52 42 0 80.4403 27.202
52 43 0 24.6953 18.4894
52 44 1 44.1258 89.4967
52 45 0 99.0363 89.7327
52 46 0 82.7557 17.9778
52 47 0 22.3127 45.5297
52 48 1 78.9109 11.2459
52 49 0 55.0115 42.0134
52 50 0 12.8144 58.5638
52 51 0 10.1707 59.7428
52 53 1 23.5318 64.6909
52 54 0 18.726 66.8437
52 55 0 72.0939 9.64269
52 56 0 88.0856 46.3034
52 57 0 4.02476 26.8963
52 58 0 66.4164 62.8813
52 59 0 21.026 30.664
52 60 0 2.831 64.7694
53 1 0 84.8768 22.6441
53 2 0 1.72504 51.8737
53 3 0 29.996 89.7603
53 4 0 27.4231 52.9213
53 5 0 41.8459 53.7281
53 6 0 9.36678 55.8945
53 7 0 2.91559 28.8848
53 8 0 84.3847 79.4752
53 9 0 41.9637 67.0223
53 10 1 42.5241 69.4704
53 11 1 23.6918 60.3464
53 12 0 83.3257 1.20777
53 13 0 87.7384 30.714
53 14 0 89.8723 71.7281
53 15 0 3.74352 91.091
53 16 1 83.3488 9.45971
53 17 0 54.4002 88.4262
53 18 0 26.3438 8.34078
53 19 0 98.0867 70.7616
53 20 0 57.16 62.8224
53 21 0 3.86333 39.2376
53 22 0 56.7796 42.026
53 23 0 86.3924 20.9456
53 24 0 26.4547 90.0671
53 25 0 48.0506 27.191
53 26 0 82.7884 98.3056
53 27 0 94.9823 38.0027
53 28 0 90.1606 91.9506
53 29 0 17.383 56.3283
53 30 0 54.4754 32.8911
53 31 0 67.4628 89.3058
53 32 0 42.7557 85.9641
53 33 1 88.3701 79.153
53 34 0 85.1378 33.7581
53 35 0 72.3586 14.2278
53 36 0 68.459 97.3607
53 37 0 99.8532 68.189
53 38 0 87.2307 73.1059
53 39 0 91.0148 1.65571
53 40 0 47.1139 49.3383
53 41 0 93.5258 85.2793
53 42 0 73.8897 39.3086
53 43 0 85.6001 53.0489
53 44 0 34.7994 83.5681
53 45 0 86.261 27.928
53 46 0 51.3774 99.183
53 47 0 53.4829 45.4256
53 48 0 52.9125 79.3002
53 49 0 76.3555 58.9657
53 50 0 0.576241 0.482789
53 51 0 51.2719 61.4693
53 52 0 85.1428 66.6061
53 54 1 66.2309 57.1671
53 55 0 80.9431 35.1198
53 56 0 27.4604 95.329
53 57 0 30.1597 99.0379
53 58 0 54.257 61.1132
53 59 0 6.75225 24.7847
53 60 0 1.81182 66.6778
54 1 0 94.0043 7.26581
54 2 0 99.892 98.9269
54 3 0 10.0753 94.0836
54 4 0 30.5183 14.6186
54 5 0 22.2208 36.5767
54 6 0 35.9049 34.1831
54 7 0 99.5218 36.0645
54 8 0 56.5262 77.9077
54 9 0 10.5892 6.8619
54 10 0 35.5387 40.9039
54 11 0 46.9423 13.1861
54 12 0 64.2143 17.9495
54 13 0 0.0655516 48.5111
54 14 0 91.5821 14.0012
54 15 0 49.0893 75.2713
54 16 1 88.0765 35.1964
54 17 0 1.01095 17.471
54 18 0 19.7229 83.9123
54 19 1 94.8968 86.0584
54 20 0 20.6912 17.8824
54 21 0 89.4119 87.5887
54 22 0 94.9101 26.9137
54 23 0 46.6008 84.2661
54 24 0 56.1348 2.96775
54 25 0 65.3932 59.0899
54 26 0 1.6374 16.4416
54 27 0 53.6556 15.7033
54 28 0 43.4911 84.2698
54 29 0 32.3794 78.8339
54 30 1 38.2567 8.43905
54 31 0 60.8499 46.2381
54 32 1 16.9154 30.1189
54 33 0 10.231 29.1226
54 34 1 26.3446 91.8406
54 35 0 17.9403 92.7054
54 36 0 69.9947 0.883194
54 37 0 27.7563 60.8041
54 38 1 63.9189 62.7956
54 39 0 55.3518 50.2821
54 40 0 95.69 93.4959
54 41 1 92.4632 43.8426
54 42 0 83.0752 49.5265
54 43 0 87.4814 14.6081
54 44 0 67.4431 18.8441
54 45 0 97.1068 18.8663
54 46 1 59.9084 20.6831
54 47 0 27.9509 21.0603
54 48 0 75.3246 61.1176
54 49 0 94.9898 5.19353
54 50 0 7.37393 14.7321
54 51 1 63.0387 95.7887
54 52 0 81.294 87.0005
54 53 0 6.05299 78.9978
54 55 1 35.2965 2.68422
54 56 0 73.8019 61.8852
54 57 0 44.0264 13.6569
54 58 0 28.7406 17.2481
54 59 0 99.6456 23.3665
54 60 0 89.958 5.22264
55 1 0 60.3673 32.1067
55 2 0 24.6819 93.9976
55 3 1 42.9254 89.3333
55 4 0 61.161 25.9606
55 5 0 1.89549 20.0142
55 6 1 96.8641 82.2099
55 7 1 82.0196 21.1471
55 8 0 64.8442 69.4799
55 9 0 18.2879 64.3512
55 10 0 85.4932 87.7319
55 11 0 32.54 16.9748
55 12 0 32.7718 39.4558
55 13 0 63.9059 50.1216
55 14 0 4.99279 10.4482
55 15 0 36.1446 9.70591
55 16 1 3.892 90.0707
55 17 0 74.2811 38.1716
55 18 0 12.8201 14.8452
55 19 1 59.7269 86.9959
55 20 0 1.66054 24.8468
55 21 0 8.75999 32.8153
55 22 0 27.6443 31.8379
55 23 1 28.51 3.5863
55 24 1 76.4037 25.9792
55 25 0 66.7719 94.7623
55 26 0 99.8209 99.4655
55 27 0 16.1616 72.2429
55 28 0 13.8765 35.2211
55 29 0 24.6203 22.0139
55 30 0 57.5679 1.92798
55 31 0 79.8909 2.52833
55 32 0 74.0892 15.8306
55 33 0 96.259 50.0634
55 34 0 29.2171 3.87875
55 35 0 44.8264 40.3715
55 36 0 67.3753 91.2969
55 37 0 2.29698 2.1614
55 38 0 63.2214 64.5998
55 39 0 65.7568 78.773
55 40 0 21.0766 0.242887
55 41 0 20.1321 68.1245
55 42 0 97.8015 76.8276
55 43 0 5.2913 13.335
55 44 0 52.2221 26.9719
55 45 0 29.932 23.1888
55 46 0 38.7169 54.8233
55 47 0 95.1465 67.2739
55 48 0 37.7366 95.6728
55 49 0 82.9219 34.686
55 50 0 51.818 29.1459
55 51 0 2.15795 64.1578
55 52 1 34.5936 68.8839
55 53 0 41.7595 23.1082
55 54 0 43.839 7.65797
55 56 1 87.14 73.2633
55 57 0 22.1255 43.2099
55 58 0 62.2015 24.0361
55 59 0 93.3756 65.4994
55 60 0 33.7066 36.3317
56 1 0 66.9106 39.5644
56 2 0 54.8699 83.3834
56 3 0 8.39575 48.5396
56 4 1 61.9302 35.1518
56 5 0 35.8883 49.9195
56 6 0 92.7236 89.0087
56 7 0 75.0418 91.0865
56 8 1 97.3584 24.7973
56 9 0 58.2852 67.038
56 10 0 20.4347 55.6911
56 11 0 49.5483 7.50614
56 12 0 44.6597 48.538
56 13 0 13.9257 53.5674
56 14 0 49.505 26.8787
56 15 0 37.6129 0.00640554
56 16 1 1.3434 10.894
56 17 0 30.5464 17.7718
56 18 0 68.5895 28.0787
56 19 0 63.21 37.5791
56 20 0 14.4615 96.6975
56 21 1 1.1493 99.4847
56 22 1 27.3233 67.891
56 23 0 60.4358 2.51246
56 24 0 28.7865 91.28
56 25 0 22.9666 44.9038
56 26 0 19.1965 26.7112
56 27 0 64.6658 12.3577
56 28 0 79.2641 43.7943
56 29 0 45.168 17.5025
56 30 0 59.3265 50.8902
56 31 0 95.6842 18.1006
56 32 0 68.424 59.2106
56 33 0 99.6061 35.1511
56 34 0 1.17782 68.4509
56 35 0 64.2363 31.3627
56 36 0 75.1711 74.9355
56 37 0 40.8342 87.7309
56 38 0 5.27839 8.07669
56 39 0 0.166726 50.6443
56 40 0 50.1677 52.4687
56 41 0 82.6162 77.2023
56 42 0 78.4484 77.8775
56 43 0 1.41591 35.8172
56 44 1 37.9411 43.7608
56 45 0 43.4478 12.1949
56 46 0 10.0463 71.941
56 47 0 0.735641 82.6131
56 48 0 88.1737 94.7099
56 49 0 28.4228 24.3678
56 50 0 50.8237 98.3342
56 51 0 75.7241 49.6121
56 52 0 0.899033 78.4616
56 53 0 45.6735 31.2198
56 54 0 97.1425 58.7753
56 55 0 1.52616 54.3193
56 57 1 14.2374 16.9086
56 58 1 92.4296 40.8553
56 59 0 50.5944 93.1081
56 60 1 39.0528 25.6868
57 1 0 35.9719 65.2271
57 2 0 13.9972 7.55935
57 3 0 45.2177 63.5138
57 4 0 63.1385 32.0489
57 5 0 67.7813 48.8655
57 6 0 40.1262 30.6125
57 7 1 27.2565 55.4696
57 8 0 20.139 26.6545
57 9 0 63.4899 23.8789
57 10 0 2.87346 51.5645
57 11 1 85.163 39.7475
57 12 0 31.1013 95.188
57 13 0 8.67728 53.332
57 14 1 34.8265 72.9252
57 15 0 99.5789 16.0355
57 16 0 68.6431 81.8284
57 17 0 94.2989 8.99347
57 18 1 71.1394 45.2632
57 19 0 84.6418 10.7769
57 20 0 47.1707 27.0076
57 21 0 16.341 53.4321
57 22 1 30.9447 42.6918
57 23 0 98.6689 89.9684
57 24 0 52.1991 77.5548
57 25 0 61.833 80.3466
57 26 0 76.8698 3.55539
57 27 0 60.1226 82.5598
57 28 0 15.368 1.8442
57 29 0 23.3413 12.0679
57 30 0 94.0063 40.2185
57 31 0 24.315 57.1739
57 32 0 31.4647 77.5288
57 33 0 28.1646 85.2529
57 34 0 17.7448 16.9097
57 35 0 74.2558 82.1088
57 36 0 38.1114 35.9398
57 37 0 81.2845 84.8046
57 38 0 95.4313 85.1248
57 39 0 27.9399 44.4997
57 40 1 49.1119 90.3933
57 41 0 46.3363 74.5335
57 42 0 98.0427 21.6566
57 43 0 37.3974 5.67758
57 44 0 34.1912 77.7376
57 45 0 41.7934 80.8345
57 46 0 79.9479 46.0271
57 47 0 34.0242 1.88186
57 48 0 34.7299 40.2297
57 49 0 55.0982 69.2469
57 50 0 69.6457 27.2723
57 51 0 61.7567 53.1446
57 52 0 58.1123 0.663536
57 53 1 73.4498 61.9108
57 54 0 49.7075 93.6804
57 55 0 59.6347 99.1982
57 56 0 8.4893 44.4833
57 58 1 20.9103 44.8729
57 59 0 24.0021 88.8724
57 60 1 86.05 28.5018
58 1 0 45.3708 1.03367
58 2 0 80.0253 65.0484
58 3 0 78.926 37.8878
58 4 0 50.8726 35.2713
58 5 0 37.7947 64.0474
58 6 0 33.7765 34.4869
58 7 0 8.56805 69.6565
58 8 0 54.9299 4.88108
58 9 0 32.9215 7.37379
58 10 0 97.1544 95.5489
58 11 0 85.664 22.3682
58 12 0 79.1161 33.895
58 13 0 16.4599 79.7042
58 14 0 39.7126 79.0125
58 15 0 49.4673 0.422945
58 16 0 68.8691 37.6947
58 17 0 11.8111 21.751
58 18 0 84.4378 67.2879
58 19 0 62.5745 88.0139
58 20 0 3.06818 89.9014
58 21 0 66.8381 34.6642
58 22 0 10.0151 12.7349
58 23 0 87.5138 36.3123
58 24 0 33.7722 27.1147
58 25 0 72.2459 36.3555
58 26 0 46.1872 73.3332
58 27 0 5.02474 30.0867
58 28 0 48.7498 72.1924
58 29 0 80.8559 0.596648
58 30 0 89.8698 11.1461
58 31 0 37.2887 41.2607
58 32 0 3.2863 52.0542
58 33 0 71.7836 73.3478
58 34 0 45.4149 70.954
58 35 1 78.9119 35.0534
58 36 0 20.5801 61.6589
58 37 0 28.0069 67.9425
58 38 0 68.0883 20.083
58 39 0 80.3724 54.5618
58 40 0 74.1894 27.6709
58 41 0 28.6297 11.5167
58 42 1 7.1832 40.3173
58 43 0 74.204 32.5373
58 44 0 10.2838 33.2719
58 45 0 19.6071 98.3588
58 46 0 1.7711 66.1503
58 47 0 97.3809 22.0189
58 48 0 36.0601 44.412
58 49 0 95.5516 62.2473
58 50 0 15.1823 1.86363
58 51 0 92.8263 23.3201
58 52 0 74.6868 79.9504
58 53 1 93.1894 8.43762
58 54 0 37.1522 48.2545
58 55 0 44.5624 89.2188
58 56 1 20.5197 0.662052
58 57 0 23.9784 13.7227
58 59 1 34.4871 92.8215
58 60 0 46.8701 10.3568
59 1 1 45.1142 6.48167
59 2 0 72.758 77.6472
59 3 1 17.7826 31.3289
59 4 1 42.3496 15.9388
59 5 0 5.18111 12.2468
59 6 0 35.2368 49.4865
59 7 0 69.7431 15.731
59 8 0 25.4371 72.3141
59 9 0 66.8794 38.6496
59 10 1 41.4949 37.4486
59 11 0 39.5186 3.20116
59 12 1 68.8987 43.2587
59 13 0 84.4114 13.1144
59 14 0 44.7912 96.1868
59 15 0 43.7789 12.8842
59 16 0 71.7568 16.4273
59 17 0 45.654 76.066
59 18 1 15.958 27.009
59 19 0 47.2089 30.6126
59 20 0 66.9674 27.8557
59 21 0 46.9528 63.1414
59 22 0 10.9232 16.0179
59 23 0 71.76 62.717
59 24 0 5.61655 48.6738
59 25 0 89.8416 14.2188
59 26 0 89.6648 98.7543
59 27 0 5.62562 84.2298
59 28 1 12.8343 51.5419
59 29 1 59.0431 12.9136
59 30 0 79.7314 66.8425
59 31 0 5.08183 50.6682
59 32 0 53.3799 93.8772
59 33 0 46.9431 93.0088
59 34 0 85.1255 32.4597
59 35 0 6.53131 40.0233
59 36 0 30.4333 95.3041
59 37 0 39.295 31.2807
59 38 0 96.528 32.5405
59 39 0 60.6092 44.1208
59 40 0 83.1591 26.7158
59 41 0 82.2702 32.8285
59 42 0 0.196068 38.5666
59 43 0 5.31096 8.81888
59 44 0 76.0458 20.3741
59 45 1 89.8172 70.8417
59 46 0 49.7503 84.0545
59 47 0 49.9465 74.8673
59 48 0 59.53 40.5186
59 49 0 43 9.05289
59 50 0 34.8841 51.922
59 51 0 67.0307 59.6853
59 52 0 86.3024 12.805
59 53 1 50.3553 94.7584
59 54 0 40.8014 18.9531
59 55 1 74.411 52.567
59 56 0 91.5658 12.4739
59 57 0 72.1691 83.6446
59 58 1 17.6664 76.895
59 60 1 5.03693 75.6634
60 1 1 80.9998 74.656
60 2 0 13.1181 73.6785
60 3 0 55.7388 54.1604
60 4 1 1.37145 36.1891
60 5 0 22.4657 75.8268
60 6 0 3.88361 23.8921
60 7 0 44.4232 36.6899
60 8 0 97.3232 24.5832
60 9 0 61.2926 40.8457
60 10 0 10.9939 60.3806
60 11 0 49.8985 48.8697
60 12 0 20.3374 31.2886
60 13 0 34.3371 14.8396
60 14 1 11.848 52.5002
60 15 0 61.934 85.2854
60 16 0 78.0009 6.64615
60 17 0 63.6166 41.2455
60 18 0 6.33054 97.963
60 19 0 22.0609 21.7513
60 20 1 92.349 92.3595
60 21 0 19.8641 35.1897
60 22 1 56.566 94.4289
60 23 0 2.1368 70.5416
60 24 0 60.8908 94.3581
60 25 0 2.45206 92.9537
60 26 0 62.5353 29.1611
60 27 0 7.75847 18.1254
60 28 0 96.6487 60.6768
60 29 1 66.3142 64.2654
60 30 0 40.0308 95.5454
60 31 0 60.9428 79.9297
60 32 0 30.3605 47.6693
60 33 0 78.1913 7.78289
60 34 0 21.0202 40.361
60 35 0 67.452 14.9308
60 36 0 22.384 56.118
60 37 0 75.0464 41.3711
60 38 1 11.7337 47.9541
60 39 0 18.9327 84.981
60 40 0 19.9421 17.9652
60 41 1 7.77171 90.343
60 42 0 34.999 90.339
60 43 1 26.2831 68.9562
60 44 0 2.82305 72.7602
60 45 0 68.6334 74.5369
60 46 0 66.2139 94.5902
60 47 0 37.2209 88.1982
60 48 0 72.9732 46.1556
60 49 0 56.2346 89.2648
60 50 0 75.6328 92.0471
60 51 0 19.8486 77.7631
60 52 0 19.1297 70.1399
60 53 0 23.5344 37.2818
60 54 0 56.4479 10.8701
60 55 0 66.601 91.3474
60 56 0 72.3701 48.4068
60 57 0 48.7085 60.5964
60 58 0 24.2552 94.9879
60 59 0 90.7585 97.7326
16.5823 16.1188 25.885 26.6625 26.2158 14.5246 35.9884 22.8644 33.316 17.0557 10.8998 8.56467 2.75605 6.93907 38.4647 11.5353 2.46365 39.6329 35.2916 39.9785 33.9941 0.892394 30.1549 27.0778 34.552 37.3542 6.49412 13.2283 9.92718 30.1072 3.99556 9.23004 26.7271 33.4483 3.89003 4.93561 11.3093 37.5867 8.81285 32.7926 31.1924 2.72297 28.6793 10.4903 25.9893 34.886 5.43918 18.3401 34.4121 16.4813 19.7576 4.48551 34.7548 2.32792 39.8426 4.69075 15.5984 32.4088 14.0221 9.23187 