60
500
5
50
1 2 1 52.9794 32.7234
1 3 1 45.8938 16.2122
1 4 0 32.0249 96.0054
1 5 0 59.6064 78.8869
1 6 0 33.6999 94.2753
1 7 0 25.315 48.8779
1 8 0 52.9522 63.0456
1 9 0 8.50395 48.3996
1 10 0 81.532 91.7658
1 11 0 81.8313 57.474
1 12 0 36.9597 64.1613
1 13 0 35.7935 8.30654
1 14 1 39.865 61.4331
1 15 0 36.4072 60.3451
1 16 0 11.6147 38.4475
1 17 0 23.9875 62.6939
1 18 0 36.7017 89.9327
1 19 0 95.2535 69.2139
1 20 0 5.55003 34.6448
1 21 1 40.052 23.1012
1 22 1 7.96069 31.9711
1 23 0 94.0939 5.37888
1 24 0 5.83083 58.8641
1 25 0 98.6778 81.2513
1 26 0 88.23 41.7809
1 27 0 64.1024 67.8776
1 28 0 81.0544 5.2979
1 29 0 45.5786 48.8636
1 30 0 25.8895 8.09281
1 31 0 63.1879 98.9611
1 32 0 24.9219 21.3539
1 33 0 93.8845 15.6029
1 34 0 25.7329 18.4976
1 35 0 27.1003 2.86481
1 36 0 94.9121 19.4532
1 37 0 94.496 78.4606
1 38 0 1.50061 90.7968
1 39 0 39.2049 15.8613
1 40 0 78.4739 69.3882
1 41 0 62.198 40.014
1 42 0 69.7049 40.3154
1 43 0 5.3482 98.0656
1 44 0 92.4078 38.9468
1 45 1 53.0673 88.5413
1 46 1 99.0953 80.0762
1 47 0 97.8605 81.7995
1 48 0 23.2537 34.7261
1 49 0 7.42515 14.6652
1 50 1 11.3658 87.3963
1 51 0 25.3165 41.5075
1 52 0 88.3859 42.009
1 53 0 41.6627 25.0461
1 54 0 3.35183 7.81857
1 55 0 1.08229 95.6113
1 56 0 25.9575 22.1807
1 57 0 93.2424 78.5167
1 58 0 90.0592 27.9273
1 59 0 25.3901 52.1818
1 60 1 3.88238 31.2109
2 1 0 3.75505 89.4906
2 3 1 35.9392 77.7379
2 4 0 16.5649 84.7877
2 5 0 45.5772 66.9557
2 6 0 61.3213 45.3614
2 7 0 93.9295 84.3461
2 8 0 20.7786 73.8521
2 9 0 26.6111 37.4371
2 10 0 83.8999 31.4359
2 11 0 81.3911 29.5323
2 12 0 37.0461 74.1827
2 13 0 28.704 73.8267
2 14 0 88.7217 29.5975
2 15 0 12.3629 91.0234
2 16 0 67.5726 4.19898
2 17 1 69.6955 89.0889
2 18 0 73.5587 89.1778
2 19 0 57.3491 94.2835
2 20 0 87.2753 68.7775
2 21 0 79.3435 86.0593
2 22 0 45.7484 80.8239
2 23 0 68.2273 11.4979
2 24 0 41.5538 11.644
2 25 0 30.785 18.1852
2 26 0 31.394 72.3024
2 27 1 30.5684 44.7071
2 28 0 49.0443 4.85677
2 29 0 66.9802 58.2908
2 30 0 86.5085 50.2252
2 31 0 8.44208 25.4759
2 32 0 69.3025 45.6849
2 33 0 93.9561 47.8615
2 34 0 96.7011 17.0165
2 35 0 43.6314 77.4044
2 36 0 48.4708 1.08769
2 37 0 48.7201 8.22095
2 38 0 95.418 20.3409
2 39 0 12.482 69.4402
2 40 0 27.134 25.9484
2 41 0 55.2589 27.4349
2 42 0 39.4648 7.70544
2 43 0 68.26 54.1609
2 44 0 38.1781 4.57356
2 45 0 33.6527 7.44966
2 46 0 87.4732 35.8856
2 47 0 59.2631 4.67413
2 48 0 80.7228 32.5388
2 49 0 86.064 58.1003
2 50 0 56.3361 6.37124
2 51 0 40.3984 79.4786
2 52 0 74.1875 16.9345
2 53 0 20.2761 3.47275
2 54 0 56.1704 55.3284
2 55 0 87.6917 28.6745
2 56 0 39.7053 92.3983
2 57 0 30.3797 38.5767
2 58 0 61.7034 0.351658
2 59 0 96.7928 87.6572
2 60 0 3.80109 22.983
3 1 0 30.608 44.2085
3 2 0 69.381 98.5333
3 4 1 59.4368 42.6886
3 5 0 87.0461 49.5658
3 6 0 52.2022 49.075
3 7 1 24.509 72.1157
3 8 0 12.3442 35.613
3 9 0 84.9665 96.9391
3 10 0 94.0165 92.7699
3 11 1 83.0202 36.8577
3 12 0 33.0534 61.2809
3 13 0 68.7485 86.3474
3 14 0 0.932599 14.1142
3 15 1 11.0849 83.6085
3 16 0 85.9973 27.7666
3 17 0 56.1802 5.39275
3 18 0 80.7733 37.6261
3 19 0 76.7152 67.6925
3 20 0 15.6108 7.69946
3 21 0 62.8733 16.5794
3 22 0 75.5523 13.1158
3 23 0 10.9802 31.1637
3 24 0 59.3185 83.4198
3 25 0 62.9042 68.3785
3 26 0 90.4806 0.585885
3 27 0 56.6452 7.5456
3 28 0 5.97071 46.975
3 29 0 20.1565 49.126
3 30 1 11.2323 8.45838
3 31 0 88.6122 66.3776
3 32 0 24.6455 93.8869
3 33 0 43.7131 75.952
3 34 0 84.8215 66.4597
3 35 0 66.0028 75.4754
3 36 0 71.8323 10.3658
3 37 0 90.4422 38.1554
3 38 0 85.5074 26.4949
3 39 0 11.3406 36.6148
3 40 0 94.311 86.9815
3 41 0 20.4947 1.38223
3 42 0 68.8281 57.593
3 43 0 11.9706 98.1684
3 44 0 30.4644 48.011
3 45 1 70.0714 60.0605
3 46 0 79.011 97.7391
3 47 0 75.1836 44.5875
3 48 0 8.12689 76.9437
3 49 0 35.2956 65.4903
3 50 0 29.1921 80.8282
3 51 0 76.9373 49.2779
3 52 0 24.0028 81.3666
3 53 0 22.4633 56.5535
3 54 0 42.6231 61.3283
3 55 0 40.4005 27.8403
3 56 0 35.8523 96.7343
3 57 0 62.4686 14.3994
3 58 0 10.9772 99.7951
3 59 0 37.6913 12.6814
3 60 0 76.0142 40.086
4 1 0 52.3319 97.7686
4 2 0 35.1011 24.9013
4 3 1 70.9581 19.4191
4 5 1 60.2148 97.606
4 6 0 92.0458 33.0687
4 7 0 51.1461 5.08706
4 8 0 27.5915 84.4009
4 9 0 31.3731 69.3545
4 10 0 1.53935 11.5135
4 11 0 86.2474 95.1388
4 12 0 16.6019 87.2339
4 13 0 28.0638 7.81539
4 14 0 81.6007 37.0545
4 15 1 54.9058 12.9273
4 16 1 8.66158 16.4626
4 17 0 15.408 9.05574
4 18 0 45.0342 68.4075
4 19 0 78.0143 17.211
4 20 0 57.317 51.7444
4 21 0 16.9692 81.4736
4 22 1 72.2466 19.1686
4 23 1 91.4031 41.7754
4 24 1 89.5688 7.49522
4 25 0 90.2933 68.4906
4 26 0 86.4111 21.9597
4 27 0 61.0146 84.9195
4 28 0 27.5474 46.7465
4 29 0 48.3162 36.85
4 30 1 90.5934 24.2516
4 31 0 11.3392 83.1821
4 32 0 13.0963 12.0908
4 33 0 82.3925 86.4324
4 34 1 50.7507 41.0939
4 35 0 82.9822 10.685
4 36 0 72.7008 57.821
4 37 0 35.4056 63.8851
4 38 0 30.3574 21.1658
4 39 0 10.0822 9.78227
4 40 0 95.8765 76.4804
4 41 0 15.5643 38.0033
4 42 1 95.524 87.4536
4 43 0 3.97433 98.0991
4 44 0 1.31307 66.0596
4 45 0 25.5228 90.3304
4 46 0 39.1324 18.9218
4 47 1 10.1301 5.18477
4 48 1 18.79 7.2653
4 49 0 89.9256 83.185
4 50 0 27.1432 60.4842
4 51 0 31.8214 16.6821
4 52 0 62.4755 77.1824
4 53 0 32.7684 8.58023
4 54 0 9.10817 14.6235
4 55 1 88.4561 96.213
4 56 0 17.3083 69.9082
4 57 0 22.9628 53.233
4 58 0 67.1403 82.3695
4 59 0 1.68453 76.9171
4 60 0 41.4251 83.9588
5 1 0 27.4455 90.1389
5 2 0 0.11359 33.8889
5 3 0 74.3057 64.3129
5 4 0 88.9878 26.5607
5 6 1 72.7043 65.109
5 7 1 3.58016 7.8704
5 8 0 46.329 96.068
5 9 0 70.9417 2.51408
5 10 0 16.0895 41.8196
5 11 0 27.4067 52.0007
5 12 0 35.5679 3.9931
5 13 0 17.8702 87.875
5 14 0 14.1562 0.364836
5 15 0 96.4877 17.3937
5 16 0 69.5527 56.3922
5 17 0 53.2525 5.52309
5 18 0 67.8044 62.5199
5 19 0 71.2069 95.6772
5 20 0 12.1172 73.5716
5 21 1 38.7183 61.127
5 22 0 22.6179 45.5915
5 23 0 24.9581 65.8031
5 24 0 1.97499 81.6347
5 25 1 90.0044 86.1368
5 26 0 71.7229 11.6939
5 27 0 87.9149 40.4717
5 28 0 15.1362 7.97951
5 29 1 79.3811 46.2411
5 30 0 77.0408 35.5308
5 31 0 17.2838 52.4515
5 32 0 21.6267 48.8881
5 33 0 38.7765 19.813
5 34 0 9.07967 70.4342
5 35 0 10.9005 54.2264
5 36 0 85.0365 83.1374
5 37 0 77.2138 90.0665
5 38 0 84.8984 71.7131
5 39 0 70.9481 35.2683
5 40 0 93.8357 1.70619
5 41 1 58.869 81.5033
5 42 0 89.6604 72.4612
5 43 0 97.2528 48.9794
5 44 0 24.5917 44.9833
5 45 0 93.6129 40.0548
5 46 0 61.6342 84.4273
5 47 0 80.9676 47.4965
5 48 0 24.358 13.9478
5 49 1 95.2944 14.3751
5 50 0 56.1324 0.466761
5 51 0 53.3042 78.8846
5 52 0 25.9988 34.2488
5 53 0 22.7102 31.7967
5 54 1 11.4166 38.7251
5 55 0 50.1916 51.573
5 56 0 81.6191 75.8639
5 57 0 72.6595 92.5743
5 58 0 51.3208 20.5978
5 59 1 72.9824 34.1545
5 60 0 74.8515 53.2873
6 1 0 87.2326 54.4816
6 2 1 87.0534 45.1886
6 3 0 83.6122 20.4053
6 4 0 15.9026 1.37678
6 5 0 87.0734 59.3214
6 7 1 5.78069 3.75522
6 8 0 48.4762 30.7441
6 9 0 98.8473 56.0633
6 10 0 83.3757 84.8391
6 11 0 39.3733 86.5812
6 12 0 75.0103 81.5707
6 13 0 25.3637 12.9353
6 14 1 82.379 44.8598
6 15 0 51.6625 90.5958
6 16 0 29.1002 56.0776
6 17 0 44.6551 26.8211
6 18 0 40.1174 77.7886
6 19 0 91.9395 2.64839
6 20 0 12.3441 63.0119
6 21 0 98.6299 15.4024
6 22 0 6.21477 44.4041
6 23 1 74.8811 99.5161
6 24 0 18.414 40.0893
6 25 0 47.3115 99.3017
6 26 0 26.3822 51.6459
6 27 0 52.8012 63.8248
6 28 0 53.9411 8.77403
6 29 1 61.8422 69.8423
6 30 0 67.6175 95.7938
6 31 0 83.4467 68.0043
6 32 0 29.2946 66.5848
6 33 0 88.648 58.2384
6 34 0 47.0865 41.6121
6 35 0 91.3043 36.6781
6 36 0 58.9045 6.76378
6 37 0 17.3527 19.8691
6 38 0 91.3543 43.5035
6 39 0 44.4255 10.6157
6 40 0 7.20414 73.8255
6 41 0 98.224 73.9459
6 42 0 79.6419 54.0727
6 43 0 47.4868 11.2392
6 44 0 76.1376 98.4384
6 45 1 27.093 39.768
6 46 0 50.706 12.3127
6 47 0 16.1865 78.7464
6 48 0 75.7241 15.3293
6 49 0 87.8942 65.107
6 50 0 17.9732 10.4611
6 51 0 39.1249 89.2959
6 52 0 79.9345 67.0085
6 53 0 21.556 13.4797
6 54 0 42.457 16.8279
6 55 1 55.247 26.0412
6 56 0 46.5114 96.9315
6 57 1 46.21 90.3272
6 58 0 80.7827 55.0359
6 59 0 55.7328 35.2043
6 60 0 8.87016 18.2863
7 1 1 51.1826 54.2988
7 2 0 80.3915 14.7775
7 3 0 14.3598 52.6718
7 4 0 27.7875 81.3655
7 5 0 37.2155 43.9903
7 6 0 90.6897 53.3677
7 8 1 78.0167 39.4981
7 9 1 72.7199 28.9813
7 10 1 32.2956 58.9889
7 11 0 21.9379 52.5383
7 12 0 44.3088 74.8869
7 13 0 14.352 99.5559
7 14 0 52.0194 60.4176
7 15 1 15.7911 96.093
7 16 0 87.1856 59.5203
7 17 1 65.0366 77.1713
7 18 0 49.7426 27.343
7 19 0 90.9376 0.235641
7 20 0 27.1154 54.4838
7 21 1 89.6924 12.1328
7 22 0 3.61083 80.5352
7 23 0 41.9606 96.7048
7 24 0 15.738 18.3469
7 25 0 65.586 22.2606
7 26 0 93.944 51.9581
7 27 0 29.3294 90.3044
7 28 0 93.8667 37.7768
7 29 0 87.2822 32.0165
7 30 1 4.12292 15.781
7 31 0 28.7527 76.144
7 32 0 51.7016 98.1766
7 33 0 25.3802 52.4292
7 34 0 21.8579 92.4889
7 35 0 1.06002 11.525
7 36 0 51.7293 56.6587
7 37 0 43.7315 63.8359
7 38 0 47.4048 25.7322
7 39 0 16.8977 54.3657
7 40 1 32.9605 47.0552
7 41 0 38.2249 70.1553
7 42 0 27.593 39.6715
7 43 0 95.4973 26.8941
7 44 0 48.6838 28.1725
7 45 0 88.023 1.40798
7 46 0 66.1408 24.6532
7 47 0 71.6822 52.5788
7 48 1 70.5286 55.8995
7 49 0 91.254 95.2917
7 50 0 0.298796 47.4788
7 51 0 37.4452 67.1273
7 52 0 60.9584 88.3889
7 53 0 16.307 61.232
7 54 1 3.23125 56.8334
7 55 0 44.4894 47.1787
7 56 0 50.1806 89.7297
7 57 0 41.2928 72.5643
7 58 0 8.1566 45.6865
7 59 0 8.2594 13.0667
7 60 0 60.4532 27.0706
8 1 0 46.7257 60.2794
8 2 0 46.8341 88.7316
8 3 0 39.3368 18.0457
8 4 0 85.8087 70.0743
8 5 0 28.5086 8.04651
8 6 0 34.0598 37.6374
8 7 0 7.63883 37.7379
8 9 1 3.28713 32.3394
8 10 0 45.1566 9.94051
8 11 1 33.3031 90.7745
8 12 0 12.0917 2.49246
8 13 0 8.07876 89.2998
8 14 0 26.0024 62.327
8 15 0 86.9859 41.183
8 16 0 61.7022 71.2381
8 17 0 50.1838 77.0049
8 18 0 41.0406 39.4431
8 19 0 69.082 10.2884
8 20 1 6.51784 75.343
8 21 1 65.7702 80.378
8 22 0 72.2491 62.691
8 23 0 77.113 16.517
8 24 0 38.5897 29.5339
8 25 0 25.7132 15.3025
8 26 0 99.5772 66.2843
8 27 0 25.1872 87.813
8 28 0 37.5164 53.7065
8 29 0 94.9627 9.32412
8 30 0 71.6396 20.65
8 31 0 27.6806 71.3317
8 32 0 51.376 10.316
8 33 0 65.8766 47.1842
8 34 0 4.76172 75.547
8 35 0 75.2153 24.1427
8 36 0 62.2833 61.5721
8 37 1 11.511 45.8163
8 38 1 34.0076 55.4511
8 39 0 43.2816 36.1403
8 40 0 88.5302 65.3729
8 41 0 34.4185 45.721
8 42 0 22.7509 12.3604
8 43 0 45.5495 33.9335
8 44 0 42.7288 0.635172
8 45 0 48.2045 85.0332
8 46 0 46.9468 59.0732
8 47 0 11.1183 12.6361
8 48 0 23.88 28.9935
8 49 0 48.571 67.7414
8 50 0 64.7599 93.6276
8 51 0 66.8523 89.4737
8 52 0 11.8596 98.4314
8 53 0 19.8872 20.9648
8 54 0 23.2425 20.8463
8 55 0 43.3386 34.0888
8 56 0 25.8411 59.9024
8 57 0 51.3148 71.0069
8 58 0 47.7665 63.3685
8 59 0 91.4692 3.9745
8 60 1 45.2836 8.57137
9 1 0 33.5709 9.24144
9 2 0 51.5052 46.5061
9 3 1 22.947 99.3671
9 4 0 72.9177 74.2509
9 5 1 30.2114 93.4941
9 6 0 29.1612 73.63
9 7 0 82.77 79.3093
9 8 0 63.2114 66.4274
9 10 1 22.6787 93.1059
9 11 0 5.16114 51.128
9 12 0 23.9665 41.4773
9 13 1 43.2671 34.8373
9 14 0 28.0842 77.4918
9 15 0 11.5263 92.792
9 16 0 87.7335 82.1759
9 17 0 72.7187 24.6572
9 18 1 60.6582 55.8322
9 19 0 73.8992 41.1303
9 20 0 60.4372 3.34849
9 21 0 68.7563 32.9236
9 22 0 63.5242 72.5057
9 23 1 90.2841 8.41806
9 24 0 20.8223 28.6579
9 25 0 36.5248 99.4158
9 26 0 83.9322 88.0871
9 27 0 29.0647 99.5225
9 28 0 15.6619 8.81984
9 29 1 18.1618 60.3743
9 30 0 33.6887 4.10786
9 31 0 50.3788 93.1335
9 32 1 16.9169 63.3944
9 33 0 6.21617 3.3696
9 34 0 89.6026 40.6545
9 35 0 76.7481 90.569
9 36 0 4.25858 34.9721
9 37 0 25.7727 78.083
9 38 0 83.9795 41.5757
9 39 0 61.8585 36.4505
9 40 0 41.1301 28.9472
9 41 0 54.3336 11.341
9 42 0 45.547 62.305
9 43 0 70.4677 54.3548
9 44 0 73.9347 66.8644
9 45 0 87.2994 16.9036
9 46 0 93.7592 33.1747
9 47 0 35.727 94.6857
9 48 0 17.1929 10.4236
9 49 0 98.8889 39.2254
9 50 0 38.5168 13.8006
9 51 0 76.5357 46.4326
9 52 0 35.7756 53.6853
9 53 0 53.0852 27.1891
9 54 0 28.7618 39.8192
9 55 0 55.11 60.4842
9 56 0 85.5482 61.0595
9 57 0 5.23533 67.0486
9 58 1 81.242 67.5134
9 59 0 1.03243 61.3765
9 60 0 80.6749 85.5216
10 1 0 80.9231 36.8881
10 2 0 20.4386 3.44129
10 3 0 5.82003 52.2245
10 4 0 29.1653 29.7438
10 5 0 30.727 37.7485
10 6 0 81.9983 92.0668
10 7 0 5.28223 80.5022
10 8 0 45.5335 82.3595
10 9 1 8.30837 69.489
10 11 1 35.1107 34.8012
10 12 0 63.1668 37.5969
10 13 0 20.0498 93.1564
10 14 0 24.0284 79.5521
10 15 0 51.1069 31.8799
10 16 0 44.8581 1.63991
10 17 0 35.5821 78.8086
10 18 0 82.4782 62.6896
10 19 0 75.6072 99.9734
10 20 0 58.5984 75.6656
10 21 1 58.6408 15.1089
10 22 0 8.31431 58.2836
10 23 0 28.9857 77.7025
10 24 0 45.1821 31.7578
10 25 0 58.9279 24.6281
10 26 0 38.6108 1.03331
10 27 0 25.7785 25.264
10 28 0 62.5562 82.7032
10 29 0 11.5673 5.45646
10 30 0 43.1142 91.6866
10 31 0 23.5727 91.3109
10 32 0 54.8144 62.518
10 33 0 28.8665 71.6987
10 34 0 84.5279 6.76845
10 35 1 59.12 11.5401
10 36 0 98.3492 92.0486
10 37 0 10.6519 40.435
10 38 0 3.19945 22.8947
10 39 0 30.8405 44.8838
10 40 0 38.3042 71.9824
10 41 1 55.1101 82.2253
10 42 0 65.6773 6.98759
10 43 0 67.9233 78.457
10 44 0 98.1035 11.7196
10 45 0 1.43938 26.4797
10 46 0 74.5416 21.2535
10 47 1 70.2984 29.9799
10 48 0 38.7737 30.0168
10 49 0 97.0313 91.5414
10 50 0 88.7522 45.0142
10 51 0 61.2266 88.0071
10 52 0 78.4033 23.7775
10 53 0 11.3955 66.1384
10 54 0 91.6596 54.9978
10 55 0 69.0171 8.27528
10 56 0 79.1146 42.5355
10 57 0 34.1077 57.3799
10 58 0 75.1847 88.7605
10 59 0 80.0267 51.4576
10 60 1 64.0706 77.1006
11 1 0 63.5392 97.727
11 2 0 74.846 40.729
11 3 0 2.53342 24.9342
11 4 0 58.7792 48.1234
11 5 0 12.5127 20.5862
11 6 0 84.7995 23.0197
11 7 0 78.2479 58.1838
11 8 0 7.01939 69.0779
11 9 0 32.0928 49.371
11 10 0 33.9179 94.6522
11 12 1 31.9974 48.3297
11 13 0 47.7735 34.418
11 14 0 70.796 84.3353
11 15 0 30.1877 0.532072
11 16 0 53.1443 62.5109
11 17 0 5.3667 90.733
11 18 0 22.351 55.2157
11 19 0 89.1096 83.0101
11 20 1 49.3854 16.0539
11 21 0 82.076 97.9771
11 22 0 44.1649 16.7487
11 23 1 60.5878 72.4131
11 24 1 19.6962 35.3722
11 25 0 12.0221 51.5331
11 26 0 47.905 71.5057
11 27 0 86.9479 64.8143
11 28 0 81.005 12.2456
11 29 0 51.4809 6.38573
11 30 0 66.2914 50.0997
11 31 1 25.7267 6.08157
11 32 0 35.2986 40.4036
11 33 0 1.62695 54.1956
11 34 0 15.7517 13.1493
11 35 0 2.2497 53.7745
11 36 0 24.173 6.17577
11 37 0 49.4507 98.3206
11 38 0 93.3808 47.1237
11 39 0 39.997 37.0829
11 40 0 79.7988 8.75862
11 41 1 83.5589 8.89502
11 42 0 32.8991 15.1887
11 43 0 63.5082 96.0898
11 44 0 36.0721 62.7276
11 45 0 49.3083 60.0999
11 46 0 17.8004 62.381
11 47 0 76.2692 75.0022
11 48 0 58.6783 95.5445
11 49 0 38.8191 82.3532
11 50 0 92.7576 99.4569
11 51 0 71.1842 7.96066
11 52 1 50.5477 75.7415
11 53 0 74.3508 13.2861
11 54 0 63.3138 88.2181
11 55 0 48.3287 91.7517
11 56 0 46.0171 11.3472
11 57 0 35.059 98.2215
11 58 1 61.0547 91.0085
11 59 1 37.2134 21.6696
11 60 1 26.8648 18.9036
12 1 0 17.9597 66.1425
12 2 0 10.1899 9.32844
12 3 0 79.2166 80.6978
12 4 0 77.6145 94.4908
12 5 0 61.8175 98.8794
12 6 0 17.42 77.167
12 7 0 55.3778 87.8921
12 8 1 71.4531 26.0262
12 9 0 32.5427 25.0029
12 10 1 62.2329 83.2646
12 11 0 79.5679 66.4896
12 13 1 12.1407 3.01815
12 14 0 34.1586 17.541
12 15 0 27.3583 8.0131
12 16 1 16.4726 75.1292
12 17 0 98.1533 51.5229
12 18 0 78.2739 98.6552
12 19 0 83.7075 11.2722
12 20 0 67.1424 0.968475
12 21 0 14.1856 55.993
12 22 1 28.9382 81.7308
12 23 0 55.3681 63.8078
12 24 0 63.0073 9.95865
12 25 0 47.4357 4.95932
12 26 1 52.5563 49.5215
12 27 0 44.9861 94.7596
12 28 0 13.2223 90.9449
12 29 1 66.5583 45.0209
12 30 1 57.599 9.98105
12 31 1 65.9317 79.7885
12 32 0 31.2036 96.5426
12 33 0 44.7617 90.5041
12 34 0 0.271145 44.9327
12 35 0 56.5456 51.9184
12 36 0 38.084 50.8849
12 37 0 13.3715 87.0804
12 38 0 57.1328 76.6667
12 39 0 72.1328 96.326
12 40 1 81.3796 85.6387
12 41 0 64.8455 18.0962
12 42 0 42.2032 73.7488
12 43 0 73.0939 76.0879
12 44 0 1.53627 43.5239
12 45 0 6.19814 95.9397
12 46 0 71.4705 6.1591
12 47 0 64.4034 5.58819
12 48 0 24.3175 82.5843
12 49 0 61.8443 73.0778
12 50 0 10.9468 23.6056
12 51 0 5.40576 12.382
12 52 0 94.4783 93.1344
12 53 0 90.1799 2.40685
12 54 0 18.5153 51.2748
12 55 0 49.5012 60.3628
12 56 0 9.22113 62.1297
12 57 0 39.5796 53.5189
12 58 1 35.6831 75.6098
12 59 0 78.6825 38.5133
12 60 0 42.3136 73.7673
13 1 1 3.43058 48.1036
13 2 0 10.8446 20.7051
13 3 0 7.31902 56.3524
13 4 0 14.3076 4.82328
13 5 0 25.1634 94.9042
13 6 0 7.78542 52.7686
13 7 0 95.4271 59.4606
13 8 0 64.6885 92.0814
13 9 0 51.2727 11.1176
13 10 0 79.5681 86.8395
13 11 0 41.0094 15.9332
13 12 0 45.4337 89.2975
13 14 1 93.5559 35.905
13 15 0 34.9517 25.282
13 16 0 75.9529 28.5574
13 17 1 30.736 81.4677
13 18 0 34.0633 54.4266
13 19 0 54.5254 12.5751
13 20 0 10.4267 22.5356
13 21 0 44.499 77.8418
13 22 0 79.6445 49.5499
13 23 0 92.3013 62.2716
13 24 0 21.5117 5.28078
13 25 0 46.2474 31.9248
13 26 1 62.5371 98.1166
13 27 0 29.3802 22.9312
13 28 0 27.7945 46.2804
13 29 0 68.2725 33.8066
13 30 0 77.7613 4.75035
13 31 0 68.5505 38.2701
13 32 0 37.9856 84.8628
13 33 0 68.4998 91.3363
13 34 0 77.6568 54.1517
13 35 0 23.1854 52.7643
13 36 0 40.9671 35.1404
13 37 0 8.24535 28.0831
13 38 0 55.1226 92.0817
13 39 1 17.7147 87.7952
13 40 0 52.2149 52.9352
13 41 0 92.8716 76.9188
13 42 0 96.1029 34.5679
13 43 0 45.453 73.6334
13 44 0 74.1749 89.3415
13 45 0 57.7851 39.4907
13 46 0 21.2293 80.4622
13 47 1 1.21819 9.54874
13 48 0 85.0432 27.4285
13 49 0 50.6803 56.2871
13 50 0 96.7145 7.18343
13 51 0 41.5773 95.8884
13 52 0 4.03165 60.1556
13 53 0 3.81653 48.7379
13 54 0 32.1057 83.2896
13 55 0 42.7154 69.373
13 56 0 70.8593 12.9625
13 57 0 96.7306 10.2663
13 58 0 33.9901 69.226
13 59 0 94.8349 13.1308
13 60 0 6.56575 88.9246
14 1 0 59.8903 9.16105
14 2 0 34.2124 30.8269
14 3 0 50.5778 17.3124
14 4 0 63.1483 89.1446
14 5 0 56.9795 97.472
14 6 0 66.9775 39.0883
14 7 0 98.3482 69.7551
14 8 0 67.1591 65.8312
14 9 0 72.7605 17.3334
14 10 0 48.8289 22.386
14 11 0 75.6241 56.8817
14 12 0 37.3646 79.7424
14 13 0 47.5319 74.0804
14 15 1 21.0506 73.5751
14 16 1 91.5252 3.19848
14 17 0 80.4451 49.4723
14 18 0 60.665 28.8423
14 19 0 52.0499 83.9128
14 20 1 50.6338 51.8482
14 21 0 20.9672 19.3868
14 22 0 16.9619 98.5725
14 23 0 45.0358 33.9042
14 24 1 89.8405 17.8348
14 25 0 19.7627 31.9374
14 26 1 97.1326 61.7193
14 27 0 85.981 23.9203
14 28 0 78.12 71.459
14 29 0 30.6159 51.6692
14 30 0 54.2494 26.3217
14 31 0 76.6598 80.6319
14 32 0 89.5338 17.8142
14 33 0 21.1937 15.6047
14 34 0 3.13677 25.6737
14 35 1 0.689881 66.8261
14 36 0 64.3409 4.60712
14 37 0 2.61951 42.0333
14 38 0 95.4687 92.3456
14 39 1 61.3859 17.8283
14 40 0 94.5571 78.3645
14 41 0 1.86085 46.872
14 42 0 99.06 10.7525
14 43 0 19.6998 55.5165
14 44 0 55.6603 56.7947
14 45 0 5.54479 10.7287
14 46 0 82.9592 98.4178
14 47 0 20.0586 19.6562
14 48 0 37.8925 88.0002
14 49 0 78.3363 41.098
14 50 0 54.7804 20.8611
14 51 0 58.5776 66.1555
14 52 0 26.0827 46.8454
14 53 0 69.3484 82.287
14 54 0 34.1588 8.11128
14 55 0 3.05531 11.8512
14 56 0 96.4072 82.4346
14 57 1 93.2526 59.485
14 58 0 79.3868 29.6737
14 59 0 82.6789 37.1993
14 60 0 15.9102 15.0863
15 1 1 7.96907 72.63
15 2 0 12.9144 48.5121
15 3 1 42.4626 53.5394
15 4 0 90.6666 7.4874
15 5 0 9.82159 64.5903
15 6 0 30.8004 18.7172
15 7 0 94.4729 48.3155
15 8 1 87.5058 3.67395
15 9 0 7.79768 31.3513
15 10 0 82.2144 68.8302
15 11 0 5.79696 49.5511
15 12 1 13.894 16.2278
15 13 0 76.6409 46.0235
15 14 0 91.3493 5.12045
15 16 1 82.7809 51.3981
15 17 0 82.2195 5.15659
15 18 0 39.0722 83.6555
15 19 0 28.3741 50.9575
15 20 0 25.4467 19.6648
15 21 0 3.6166 47.9235
15 22 1 62.6097 91.6979
15 23 0 43.1605 12.8309
15 24 0 3.91903 28.9892
15 25 1 59.3231 97.9639
15 26 0 87.9041 78.7092
15 27 0 25.5356 37.9891
15 28 0 96.7251 28.515
15 29 0 81.89 5.0189
15 30 0 87.1224 6.16977
15 31 0 94.7456 91.1421
15 32 0 74.3158 57.3572
15 33 0 97.7877 40.6844
15 34 0 15.6088 98.5791
15 35 0 80.7529 52.7049
15 36 0 71.4051 0.701451
15 37 0 84.2278 52.7316
15 38 0 25.9409 46.6115
15 39 0 6.68021 43.0823
15 40 1 76.7884 85.3824
15 41 0 13.8166 28.1899
15 42 0 68.0787 9.13257
15 43 0 7.16601 84.9235
15 44 0 32.8164 52.0488
15 45 0 17.2433 4.36937
15 46 0 29.5224 25.3381
15 47 0 13.5894 93.095
15 48 0 27.9849 56.913
15 49 0 98.7822 36.3292
15 50 1 78.4476 79.7483
15 51 0 99.1049 11.6756
15 52 0 95.8881 69.7121
15 53 0 17.642 72.2789
15 54 0 47.2988 21.0748
15 55 0 63.0954 89.2936
15 56 1 42.9556 74.6862
15 57 0 53.9635 26.5319
15 58 0 84.2856 9.80306
15 59 0 62.6583 32.9496
15 60 1 57.2996 11.321
16 1 0 88.4024 17.3011
16 2 0 78.8961 66.7664
16 3 0 90.6135 51.0029
16 4 0 68.4941 64.8188
16 5 0 42.8145 8.72529
16 6 0 35.2124 46.4413
16 7 1 60.6511 35.9592
16 8 0 75.2242 38.3708
16 9 0 45.7267 32.1241
16 10 0 36.1469 79.4764
16 11 0 13.7033 98.7406
16 12 0 17.1312 22.6421
16 13 0 36.228 25.8493
16 14 1 37.3501 20.1295
16 15 0 80.5616 21.6873
16 17 1 83.9828 65.4342
16 18 0 61.3419 23.2803
16 19 0 11.5356 2.15407
16 20 1 72.745 98.9114
16 21 0 8.82242 23.9663
16 22 0 82.9876 33.6349
16 23 0 43.0627 77.5241
16 24 1 81.3776 33.2787
16 25 1 89.9865 87.4096
16 26 0 17.735 38.1903
16 27 0 49.4723 31.0691
16 28 0 84.4682 83.8369
16 29 0 87.8811 95.4067
16 30 0 8.67783 8.36699
16 31 0 66.555 72.2835
16 32 0 71.487 22.9857
16 33 0 55.8376 86.9214
16 34 0 15.3603 46.8981
16 35 0 42.6935 57.4735
16 36 0 3.75508 77.589
16 37 0 64.5141 93.6975
16 38 0 73.2434 60.0213
16 39 0 39.4102 43.214
16 40 0 66.2708 87.0943
16 41 0 49.1212 38.344
16 42 0 48.7179 15.6355
16 43 1 8.86551 29.4102
16 44 1 78.3988 86.1603
16 45 0 98.4318 60.4516
16 46 0 41.4534 21.0197
16 47 0 8.84562 20.4847
16 48 0 72.9258 72.7424
16 49 0 80.9201 99.04
16 50 0 63.8279 70.7674
16 51 0 59.4503 84.2522
16 52 0 54.4151 95.854
16 53 1 10.4389 17.6912
16 54 1 53.7538 97.4987
16 55 0 11.2601 52.3273
16 56 0 48.1226 30.1495
16 57 0 2.59255 60.609
16 58 1 8.36482 27.0764
16 59 0 82.1442 3.38797
16 60 0 11.6742 9.53233
17 1 1 80.9856 59.3342
17 2 0 86.179 76.4226
17 3 0 1.27285 34.7402
17 4 0 22.7979 60.548
17 5 0 86.5178 95.8962
17 6 0 68.7465 14.3579
17 7 0 70.6021 2.9336
17 8 1 79.7234 1.84868
17 9 0 71.5279 1.39848
17 10 0 31.4955 4.23747
17 11 0 73.0557 22.3029
17 12 0 97.0897 66.1057
17 13 0 55.539 97.0744
17 14 0 96.2028 37.0555
17 15 0 6.60655 99.7868
17 16 0 65.144 15.0357
17 18 1 72.9798 17.3243
17 19 0 52.0995 13.0503
17 20 0 94.9484 70.3393
17 21 0 85.8053 64.3806
17 22 1 81.4546 94.5935
17 23 0 75.3003 11.2394
17 24 0 78.7231 45.0381
17 25 0 44.3151 68.4394
17 26 0 98.9312 74.5591
17 27 0 35.9931 73.0917
17 28 0 98.7198 61.5777
17 29 1 46.1659 17.5648
17 30 0 26.4263 19.2902
17 31 1 23.7994 81.0837
17 32 0 86.8496 47.7256
17 33 0 84.9214 47.1278
17 34 0 29.5213 28.7945
17 35 0 51.5153 93.9547
17 36 0 0.896361 65.0975
17 37 1 22.4839 39.1721
17 38 0 22.6292 10.5074
17 39 0 96.4507 94.3563
17 40 0 65.1386 55.2926
17 41 1 44.8133 48.1219
17 42 0 16.6009 48.3705
17 43 1 48.2269 44.93
17 44 0 24.4138 45.7891
17 45 0 46.1589 5.66686
17 46 0 72.8633 39.7141
17 47 0 4.85517 36.2135
17 48 0 68.3917 4.20166
17 49 1 6.92161 16.2836
17 50 0 29.538 95.5836
17 51 0 97.2607 60.742
17 52 0 77.1712 29.0888
17 53 0 41.2672 62.3404
17 54 0 43.8973 55.2023
17 55 0 6.01556 91.3099
17 56 0 15.8678 79.3194
17 57 0 13.8563 22.7244
17 58 1 45.9338 75.4789
17 59 0 9.31699 6.74718
17 60 0 49.6536 36.0563
18 1 0 82.6497 78.1147
18 2 0 74.6023 71.7108
18 3 0 3.49949 84.9669
18 4 0 90.6794 55.4547
18 5 0 15.1191 70.2203
18 6 0 50.8229 1.84085
18 7 0 61.0048 19.1134
18 8 0 18.1122 73.673
18 9 0 48.4174 36.2961
18 10 1 15.1894 70.9656
18 11 0 46.1485 44.2305
18 12 0 79.6809 42.8403
18 13 0 77.0231 78.108
18 14 1 47.7905 19.2837
18 15 0 61.1716 48.6421
18 16 0 88.2909 39.0793
18 17 1 92.8231 78.5434
18 19 1 23.4774 6.35719
18 20 0 93.9612 43.9383
18 21 0 93.2653 4.78289
18 22 0 87.9404 73.959
18 23 0 84.1666 27.6228
18 24 0 88.2144 27.359
18 25 0 84.8009 63.9528
18 26 0 64.2826 2.88786
18 27 0 10.6963 81.225
18 28 0 77.2003 26.5428
18 29 0 12.4902 54.0171
18 30 0 9.37906 7.7018
18 31 0 6.73239 86.0881
18 32 1 96.7225 39.2163
18 33 0 82.8264 26.1097
18 34 0 48.6183 39.3326
18 35 0 23.5987 49.9824
18 36 0 15.6651 18.8925
18 37 0 5.5787 85.0669
18 38 0 90.5552 64.7022
18 39 1 27.5866 65.8019
18 40 0 10.7528 76.7395
18 41 0 51.2581 64.6864
18 42 1 17.3849 0.73553
18 43 0 3.21217 32.7001
18 44 0 86.9706 73.3056
18 45 0 47.4456 46.9902
18 46 0 17.9443 20.7233
18 47 0 63.4689 96.2788
18 48 0 17.9157 92.6076
18 49 0 60.1967 91.8453
18 50 0 13.6203 56.0386
18 51 0 11.0768 62.4831
18 52 0 91.5143 35.9475
18 53 0 62.8122 56.795
18 54 1 26.7543 54.793
18 55 0 21.2406 24.6864
18 56 0 3.08969 90.3357
18 57 0 7.97266 98.9958
18 58 0 95.641 93.2421
18 59 0 37.5515 41.3771
18 60 0 23.4706 45.2112
19 1 0 89.5879 82.8168
19 2 0 14.3227 44.4109
19 3 0 1.99157 58.0183
19 4 0 22.8881 58.9412
19 5 0 37.302 42.5338
19 6 0 10.2265 45.6035
19 7 0 72.2762 2.62049
19 8 0 19.9911 54.1883
19 9 1 47.6779 25.5605
19 10 0 30.7408 54.6371
19 11 0 28.1866 70.8347
19 12 0 11.7429 52.7939
19 13 0 33.2272 91.3723
19 14 0 49.7859 47.7447
19 15 0 99.9888 24.8687
19 16 0 31.6504 95.4357
19 17 0 37.9967 37.2973
19 18 0 11.1107 10.7193
19 20 1 60.1577 86.2213
19 21 0 69.7925 57.482
19 22 1 4.62009 65.1912
19 23 1 22.5979 77.2567
19 24 0 35.1439 18.961
19 25 0 64.3026 67.5634
19 26 0 71.5567 62.0586
19 27 0 54.703 4.21912
19 28 0 35.9663 2.37086
19 29 1 23.1383 74.5208
19 30 0 95.539 61.7972
19 31 0 38.3478 67.0457
19 32 0 52.3275 23.6489
19 33 0 81.4817 43.938
19 34 0 27.329 65.3582
19 35 0 52.838 23.577
19 36 0 38.0374 85.5887
19 37 0 31.8223 89.5565
19 38 0 79.3927 88.429
19 39 0 81.7643 19.3456
19 40 0 94.4685 15.9412
19 41 0 8.8732 29.3564
19 42 0 80.8495 85.2523
19 43 0 68.2704 72.2687
19 44 0 89.9893 1.54968
19 45 0 34.9308 9.83528
19 46 0 43.2536 24.7548
19 47 0 15.4584 75.2527
19 48 0 81.7429 58.6551
19 49 0 21.2031 75.8448
19 50 0 55.4412 74.723
19 51 0 26.2892 89.6315
19 52 0 32.3823 41.5959
19 53 0 2.49707 68.3683
19 54 1 53.0157 86.3084
19 55 0 49.7982 0.463475
19 56 0 10.3178 36.6118
19 57 1 68.3947 97.324
19 58 0 79.0944 26.944
19 59 0 3.1998 18.3991
19 60 0 93.3715 90.4503
20 1 0 46.7526 20.578
20 2 0 67.9587 2.67689
20 3 0 77.7878 11.6812
20 4 0 33.9148 35.2521
20 5 0 82.1877 25.5834
20 6 0 88.5209 27.6576
20 7 0 39.1318 27.5976
20 8 0 58.1247 32.7779
20 9 1 2.53873 42.5217
20 10 0 28.0741 54.018
20 11 0 38.9053 34.286
20 12 0 96.152 21.2113
20 13 0 60.6792 59.3487
20 14 1 64.3276 70.0115
20 15 0 85.6095 44.1405
20 16 1 2.98273 89.8544
20 17 0 73.5523 50.1553
20 18 0 49.4053 69.5031
20 19 0 99.2344 5.86738
20 21 1 32.1638 32.5714
20 22 0 68.3348 14.27
20 23 0 26.2174 10.2329
20 24 0 93.5863 53.5451
20 25 0 81.314 1.29793
20 26 0 2.49977 73.3714
20 27 0 6.79436 58.0009
20 28 0 35.9138 93.4793
20 29 0 88.2778 38.3288
20 30 0 13.5655 53.138
20 31 0 50.8888 96.9156
20 32 0 41.8992 80.7835
20 33 1 85.3603 90.0422
20 34 0 86.0241 10.5339
20 35 1 58.4941 60.3675
20 36 0 26.4814 45.4564
20 37 1 52.4871 13.0666
20 38 0 36.1823 34.4714
20 39 0 83.6345 19.4893
20 40 0 27.2375 35.6752
20 41 0 8.2879 98.966
20 42 0 69.839 38.9092
20 43 0 38.4855 61.5711
20 44 0 5.38525 96.7097
20 45 0 72.7662 65.1334
20 46 0 92.8 83.44
20 47 0 50.2426 13.0721
20 48 0 94.707 53.5669
20 49 0 9.84815 24.8432
20 50 0 91.4005 82.3392
20 51 0 26.729 68.633
20 52 0 83.7552 80.3879
20 53 0 6.25833 46.8718
20 54 0 73.4104 0.104336
20 55 1 90.3568 60.5883
20 56 0 45.7915 60.2555
20 57 0 44.5782 50.6094
20 58 0 72.1615 42.6109
20 59 0 88.9273 98.3639
20 60 0 0.84918 87.8939
21 1 0 79.9946 74.7394
21 2 1 79.9175 7.35892
21 3 1 18.9165 53.4221
21 4 0 70.5466 9.0259
21 5 0 9.02075 29.5914
21 6 0 69.7441 98.4769
21 7 1 50.1762 99.8265
21 8 0 34.7765 23.1625
21 9 0 40.2872 98.2915
21 10 0 11.7115 92.8945
21 11 0 14.838 88.1455
21 12 0 17.0962 84.4849
21 13 0 10.1425 79.6758
21 14 0 0.244052 89.6784
21 15 0 61.2078 23.7619
21 16 0 17.8267 78.1343
21 17 0 46.9987 38.3546
21 18 0 89.1786 32.5376
21 19 0 59.5205 56.9426
21 20 0 57.5493 81.4118
21 22 1 23.4948 66.8256
21 23 0 63.4503 49.7941
21 24 0 13.3091 92.6009
21 25 0 1.77587 41.9839
21 26 0 12.3257 69.8042
21 27 1 6.98592 61.8492
21 28 0 10.7527 91.5277
21 29 0 29.2564 17.5801
21 30 1 63.7364 41.7534
21 31 0 61.9049 67.9012
21 32 0 40.4801 11.7104
21 33 0 76.5574 44.3266
21 34 0 35.882 25.6171
21 35 0 49.956 98.5078
21 36 0 37.5197 2.8168
21 37 0 49.5527 46.3646
21 38 0 44.1982 1.01686
21 39 0 18.3814 70.5531
21 40 0 30.7811 15.8565
21 41 0 53.9721 54.2808
21 42 0 77.238 43.0653
21 43 0 32.6937 96.7502
21 44 0 67.9431 13.8239
21 45 0 18.9595 15.2799
21 46 0 22.4758 3.54736
21 47 1 10.4101 99.186
21 48 0 95.5289 76.2046
21 49 0 88.47 84.0815
21 50 0 93.6301 4.3595
21 51 0 82.7109 29.2932
21 52 0 36.1736 16.6968
21 53 0 82.5337 37.9573
21 54 0 14.1226 36.261
21 55 0 35.9539 98.1786
21 56 0 59.0989 30.8103
21 57 1 49.2146 65.3343
21 58 1 14.1549 37.5361
21 59 0 57.712 39.2787
21 60 0 45.9272 15.6184
22 1 0 0.992047 20.5289
22 2 0 77.1958 21.7646
22 3 0 29.7852 10.4446
22 4 0 16.8576 3.51645
22 5 1 73.3276 39.4696
22 6 0 36.6311 98.1061
22 7 0 65.3208 71.7681
22 8 0 9.47254 57.8234
22 9 0 12.2503 22.2053
22 10 0 77.0481 47.3579
22 11 0 37.0705 16.9761
22 12 0 7.56543 74.2036
22 13 0 11.6318 38.0871
22 14 0 47.5264 33.0174
22 15 0 97.6893 38.0688
22 16 0 24.995 22.9526
22 17 0 40.3887 55.2561
22 18 0 38.8537 47.6482
22 19 0 11.1875 89.7959
22 20 0 17.64 25.7897
22 21 0 22.7918 90.3776
22 23 1 75.461 1.88941
22 24 1 76.3183 94.3689
22 25 0 12.5774 18.9149
22 26 0 63.4943 42.7608
22 27 0 52.2328 23.2652
22 28 0 32.5117 19.0923
22 29 0 0.375111 90.0671
22 30 0 36.9511 13.6009
22 31 0 81.2688 68.6387
22 32 1 75.7992 80.1454
22 33 0 88.5088 44.1564
22 34 0 21.5425 86.2851
22 35 0 33.8573 70.037
22 36 0 60.6036 64.6279
22 37 0 5.00682 50.9142
22 38 0 35.6631 6.45385
22 39 0 15.3199 97.9899
22 40 0 66.8184 23.9046
22 41 0 4.49419 85.4438
22 42 1 85.6536 49.1139
22 43 0 9.84332 4.08516
22 44 0 5.33478 41.8774
22 45 0 12.8829 57.2967
22 46 1 76.0601 90.9302
22 47 0 4.71905 5.98883
22 48 0 56.1966 43.424
22 49 0 25.2651 27.0257
22 50 0 22.0346 91.3497
22 51 1 36.1878 27.5102
22 52 0 79.6083 93.0455
22 53 0 29.1975 15.0401
22 54 0 43.5903 71.1895
22 55 1 15.14 57.7126
22 56 0 96.1512 20.2551
22 57 0 90.8146 53.4118
22 58 0 64.7774 84.001
22 59 0 17.0748 15.6744
22 60 0 61.6967 99.9651
23 1 0 53.7327 86.9906
23 2 0 17.4539 69.4667
23 3 0 4.94943 67.6819
23 4 0 54.395 82.3993
23 5 0 12.6768 55.1637
23 6 0 63.4565 27.0337
23 7 0 70.2032 79.5367
23 8 0 20.0591 85.1323
23 9 0 89.1432 60.0866
23 10 0 13.0475 0.137204
23 11 0 76.5604 64.3056
23 12 0 13.1109 75.783
23 13 0 23.6243 28.7152
23 14 0 30.2998 6.50032
23 15 0 13.5418 90.884
23 16 0 97.024 73.7655
23 17 0 72.318 13.1804
23 18 0 61.933 76.0497
23 19 1 85.1022 92.0672
23 20 0 22.0803 73.8783
23 21 0 81.5621 71.7693
23 22 0 80.8297 74.8538
23 24 1 96.8146 83.7046
23 25 0 14.2294 20.5176
23 26 0 80.6954 67.5687
23 27 0 35.9338 67.8063
23 28 0 47.9528 46.3703
23 29 0 8.9375 19.3818
23 30 0 85.1144 50.9637
23 31 0 85.0352 85.6423
23 32 0 81.8405 23.9252
23 33 0 56.3596 51.4232
23 34 0 48.1802 12.9242
23 35 0 89.6822 26.9553
23 36 0 78.4747 98.5698
23 37 1 47.2378 61.234
23 38 1 74.4543 11.1655
23 39 0 67.1273 81.2068
23 40 0 42.6021 23.4143
23 41 0 38.6826 24.3904
23 42 0 28.9347 48.1248
23 43 0 14.9867 26.1941
23 44 0 90.1914 59.2077
23 45 0 53.136 30.1641
23 46 0 52.6969 74.2567
23 47 0 76.7633 82.174
23 48 0 53.3704 62.0308
23 49 1 64.4145 60.4351
23 50 0 50.5958 66.2403
23 51 0 14.1518 44.9343
23 52 0 54.7527 11.258
23 53 0 67.0534 33.162
23 54 0 68.0705 64.0629
23 55 0 49.4717 98.8333
23 56 0 2.57318 3.71038
23 57 0 64.1171 63.3716
23 58 0 65.8992 73.8278
23 59 1 70.3364 21.8047
23 60 0 63.2897 12.918
24 1 1 72.0344 42.9321
24 2 0 47.3653 86.7075
24 3 0 44.5996 17.1253
24 4 0 64.8264 36.4408
24 5 0 89.9627 57.2899
24 6 0 28.9382 46.9055
24 7 0 83.879 94.654
24 8 0 4.17488 84.5416
24 9 0 75.6561 41.2903
24 10 0 49.644 60.3702
24 11 0 65.8008 0.556006
24 12 0 82.667 58.3804
24 13 0 79.7644 81.7948
24 14 0 56.9526 71.8193
24 15 0 67.1907 9.09039
24 16 0 20.7185 31.8245
24 17 0 9.39956 49.2934
24 18 0 3.34719 25.1049
24 19 0 1.09169 50.3687
24 20 0 85.6293 29.2106
24 21 0 93.1817 40.4606
24 22 0 54.065 4.83841
24 23 0 31.0495 6.86242
24 25 1 67.6145 79.0704
24 26 0 77.3851 53.4389
24 27 0 47.9703 40.0954
24 28 0 36.1528 49.058
24 29 1 25.9291 68.8908
24 30 0 47.4999 90.5203
24 31 1 31.5102 91.5375
24 32 0 30.187 65.6885
24 33 0 97.0809 44.7906
24 34 0 48.1803 94.8031
24 35 0 43.8901 38.2616
24 36 0 13.718 31.7676
24 37 0 97.2173 21.0906
24 38 0 96.2868 36.1074
24 39 0 38.4596 13.9752
24 40 1 61.5746 57.8009
24 41 0 9.06081 62.7557
24 42 1 88.9262 36.6145
24 43 0 94.1841 81.901
24 44 0 13.78 35.5977
24 45 0 25.172 83.7674
24 46 1 59.0732 78.5646
24 47 0 65.0132 97.1613
24 48 0 58.2908 24.4248
24 49 1 29.157 33.1347
24 50 0 27.768 80.4816
24 51 0 30.2986 23.3013
24 52 0 2.6578 47.6721
24 53 1 48.4721 17.3324
24 54 0 91.8185 66.6933
24 55 0 25.4778 74.4414
24 56 0 69.6592 7.30036
24 57 0 84.2381 70.1379
24 58 0 16.5735 4.91845
24 59 0 58.6348 17.5504
24 60 0 51.8 38.6923
25 1 0 38.7608 25.5001
25 2 0 1.03793 48.0714
25 3 0 71.7147 74.5308
25 4 0 94.0875 30.5548
25 5 0 97.245 60.9359
25 6 1 65.0154 89.5633
25 7 0 41.1348 64.4319
25 8 0 60.9069 76.7944
25 9 0 44.5412 38.0773
25 10 0 94.2539 30.7259
25 11 0 67.4478 39.6612
25 12 0 52.0891 26.5861
25 13 0 83.0977 10.6569
25 14 0 28.2757 55.3727
25 15 0 61.8475 90.6784
25 16 0 95.2567 6.16853
25 17 0 26.2912 9.26944
25 18 0 26.6433 34.575
25 19 0 41.1217 35.3689
25 20 0 43.6779 0.197467
25 21 0 47.6835 89.99
25 22 0 8.69916 68.0998
25 23 0 3.11632 1.41789
25 24 0 30.9289 32.9804
25 26 1 10.8617 47.3835
25 27 0 53.1113 10.1483
25 28 0 4.24569 23.7697
25 29 0 42.4078 3.52253
25 30 1 15.9374 9.11639
25 31 0 29.2809 19.2063
25 32 0 13.5411 55.0653
25 33 0 97.0566 96.6526
25 34 1 95.3067 73.7565
25 35 0 29.8531 62.2621
25 36 0 94.5361 85.0103
25 37 0 27.8143 63.1126
25 38 0 31.573 52.6869
25 39 0 60.7204 35.8399
25 40 0 7.3975 18.8275
25 41 0 81.1444 54.8729
25 42 1 50.34 48.9312
25 43 0 11.4075 3.1275
25 44 0 4.594 78.8243
25 45 0 25.9722 5.06619
25 46 0 63.2722 77.7051
25 47 1 19.0542 9.49168
25 48 1 84.4889 63.8995
25 49 0 71.3408 28.9537
25 50 0 21.4356 32.0373
25 51 0 68.8655 97.5726
25 52 0 80.8249 24.5045
25 53 0 30.4593 58.8433
25 54 1 75.275 12.4637
25 55 1 60.7028 80.8681
25 56 1 12.6705 89.3297
25 57 0 68.6342 1.67459
25 58 0 76.0281 29.672
25 59 0 33.6154 11.447
25 60 1 15.6728 54.0535
26 1 0 66.1269 27.1376
26 2 0 10.0181 49.5343
26 3 0 55.7156 1.68845
26 4 0 5.70578 39.7011
26 5 0 11.7223 50.8984
26 6 0 22.3073 25.3996
26 7 0 86.7291 73.8377
26 8 0 22.6918 27.8551
26 9 1 34.6903 39.293
26 10 1 91.162 64.7341
26 11 1 6.70117 50.0275
26 12 0 53.6402 86.8174
26 13 0 19.3964 70.52
26 14 0 24.9034 1.38093
26 15 0 42.4687 77.4061
26 16 0 15.081 78.7875
26 17 0 4.49872 76.4465
26 18 0 95.3182 50.5398
26 19 1 47.716 36.8
26 20 1 59.9203 91.6193
26 21 0 74.1836 39.7994
26 22 1 2.65757 52.6713
26 23 0 94.2592 33.1033
26 24 0 98.8612 90.3347
26 25 0 34.7253 37.0822
26 27 1 51.2227 44.8581
26 28 0 29.497 37.2746
26 29 0 78.5467 67.9139
26 30 0 99.3859 28.2775
26 31 0 66.7122 57.2258
26 32 0 39.3599 49.3398
26 33 0 22.6115 90.6514
26 34 0 50.43 15.6288
26 35 1 77.4158 91.4161
26 36 1 74.0664 43.5027
26 37 0 51.388 33.9674
26 38 0 66.2994 92.7602
26 39 0 38.9782 30.3783
26 40 0 7.42142 5.27784
26 41 1 99.3893 64.8765
26 42 0 20.3569 46.8458
26 43 0 92.9524 59.3216
26 44 0 95.0734 4.69295
26 45 0 19.2103 77.6171
26 46 0 43.4526 50.8796
26 47 0 76.3125 83.8337
26 48 1 94.6873 45.1433
26 49 0 55.1994 58.5031
26 50 0 36.3178 60.7756
26 51 0 32.1813 61.4786
26 52 0 34.3222 47.3617
26 53 0 91.3533 74.3764
26 54 0 7.76196 97.6471
26 55 0 92.2405 55.3795
26 56 0 59.4922 24.9761
26 57 0 33.7093 64.0358
26 58 0 74.1215 11.3856
26 59 0 8.7152 93.4149
26 60 0 84.7016 6.50346
27 1 0 39.0874 0.431658
27 2 0 1.92136 60.5373
27 3 1 78.3316 8.13695
27 4 1 20.0048 82.3255
27 5 0 35.5471 9.73738
27 6 0 80.5433 36.0365
27 7 0 79.9959 18.9623
27 8 0 71.1902 44.7627
27 9 0 71.4927 56.0626
27 10 0 16.7145 76.5253
27 11 0 52.8434 32.487
27 12 0 76.3259 29.6309
27 13 0 20.819 3.67571
27 14 0 91.3067 56.1155
27 15 1 80.1467 13.3225
27 16 0 94.4081 9.90138
27 17 1 4.8575 45.6167
27 18 0 43.1962 33.6891
27 19 0 39.455 18.3943
27 20 0 57.8845 49.6359
27 21 0 24.3162 57.679
27 22 0 31.8835 43.8833
27 23 0 46.7886 36.2472
27 24 0 78.7009 79.2259
27 25 0 99.3957 21.6726
27 26 0 86.8236 49.7313
27 28 1 51.7879 76.1678
27 29 0 35.7617 11.4963
27 30 1 91.7874 90.405
27 31 1 40.9055 20.5015
27 32 0 18.6754 8.87607
27 33 0 1.87635 47.6933
27 34 0 65.6143 80.133
27 35 1 82.3507 38.0739
27 36 1 57.281 72.8556
27 37 0 74.4721 11.5777
27 38 0 76.7565 87.9167
27 39 1 46.7585 15.4013
27 40 0 74.9865 52.2872
27 41 0 56.3689 8.36614
27 42 0 68.0821 99.504
27 43 0 8.67507 87.0338
27 44 0 46.3808 97.4692
27 45 0 75.6798 21.8069
27 46 0 91.5259 49.3901
27 47 0 29.4394 64.3947
27 48 0 27.0554 1.44797
27 49 0 16.3255 45.34
27 50 0 87.085 99.7847
27 51 0 77.7694 18.6756
27 52 0 58.9299 98.2896
27 53 0 84.1391 18.2161
27 54 0 45.854 58.1221
27 55 0 60.1749 2.08245
27 56 0 25.8373 63.0952
27 57 0 17.2264 92.7865
27 58 0 24.3756 65.6978
27 59 0 70.0159 98.5664
27 60 0 20.1881 58.6655
28 1 0 70.9015 53.5962
28 2 0 39.6608 94.496
28 3 0 76.6511 85.9182
28 4 0 63.9794 7.88473
28 5 0 28.4195 18.7137
28 6 0 55.2994 90.8879
28 7 0 40 22.2768
28 8 0 35.0186 61.3852
28 9 0 1.81052 28.9789
28 10 0 37.9621 53.2087
28 11 0 16.8301 37.7966
28 12 0 18.6776 32.9873
28 13 0 62.8644 6.43174
28 14 1 75.0641 49.1257
28 15 0 57.2068 96.3285
28 16 0 0.988116 47.5038
28 17 0 27.5996 9.07787
28 18 1 55.7517 9.34189
28 19 0 42.8284 61.5985
28 20 0 88.6409 55.9486
28 21 0 75.9563 79.8823
28 22 0 53.7159 82.0571
28 23 0 22.366 81.2843
28 24 0 13.7942 44.3408
28 25 0 84.6578 40.2938
28 26 0 81.0177 82.2126
28 27 0 98.8044 36.3602
28 29 1 15.0544 78.7906
28 30 0 15.1049 95.6414
28 31 0 96.6942 71.7253
28 32 0 44.2027 65.2562
28 33 0 32.6954 73.0007
28 34 0 99.4868 17.5377
28 35 0 97.6686 56.133
28 36 0 51.2408 98.1017
28 37 0 57.8153 57.285
28 38 0 2.90407 88.7569
28 39 0 8.70578 61.9829
28 40 0 44.0329 95.1864
28 41 0 78.2828 81.1464
28 42 0 46.6471 36.3825
28 43 0 81.144 34.0647
28 44 0 86.4758 47.5879
28 45 0 68.0399 86.9079
28 46 0 26.3012 97.1291
28 47 0 18.1009 38.1651
28 48 0 61.5358 68.5773
28 49 0 11.8615 5.72126
28 50 0 12.9134 78.4242
28 51 1 39.642 57.9173
28 52 0 67.077 41.6721
28 53 0 74.3899 68.8897
28 54 0 50.0675 27.569
28 55 0 83.0056 55.0873
28 56 0 7.26678 22.0467
28 57 0 64.4899 96.2549
28 58 1 32.567 15.0686
28 59 0 99.5092 45.8557
28 60 1 4.27697 5.56129
29 1 0 16.005 85.8105
29 2 0 29.2102 1.3371
29 3 0 1.82917 90.6154
29 4 0 61.508 82.2483
29 5 0 35.166 25.5272
29 6 0 64.3201 13.1159
29 7 0 54.6081 69.3988
29 8 0 67.4785 59.8151
29 9 0 68.2323 47.969
29 10 0 2.49538 90.0756
29 11 0 79.0542 0.369978
29 12 0 34.996 24.6921
29 13 0 55.8929 84.2621
29 14 0 21.7411 18.2155
29 15 0 79.0865 65.4205
29 16 0 64.4807 51.5212
29 17 0 92.0225 96.2586
29 18 0 34.0367 92.5965
29 19 0 97.794 27.0183
29 20 0 23.5946 48.1271
29 21 0 11.4604 93.5765
29 22 0 34.2605 97.0834
29 23 1 2.61514 72.6656
29 24 0 65.3397 16.3007
29 25 0 45.1285 92.4595
29 26 0 99.2107 71.3765
29 27 0 52.68 7.33096
29 28 0 65.7521 86.5113
29 30 1 41.9092 71.2856
29 31 0 4.68307 70.1569
29 32 0 54.8918 46.1661
29 33 0 64.6814 86.0854
29 34 0 22.3124 48.6305
29 35 1 92.9993 46.9014
29 36 0 75.2664 7.59356
29 37 0 84.8615 27.2713
29 38 0 77.0378 80.2789
29 39 1 7.45041 16.7441
29 40 0 28.8305 15.6608
29 41 0 16.2598 18.4025
29 42 0 65.914 90.8604
29 43 0 53.8341 10.8746
29 44 0 46.1897 56.5813
29 45 0 3.86484 17.7715
29 46 0 13.8958 91.3497
29 47 0 16.5492 13.6956
29 48 0 41.7099 71.7563
29 49 0 25.1749 13.2365
29 50 0 71.0614 6.70284
29 51 0 7.14792 41.2243
29 52 1 43.9309 85.0634
29 53 0 93.2327 22.4078
29 54 0 54.1743 27.5914
29 55 1 79.8235 57.642
29 56 0 76.5839 7.13002
29 57 0 14.5323 11.024
29 58 0 67.2422 82.5375
29 59 0 18.6934 27.8451
29 60 0 39.2923 74.0624
30 1 0 89.3274 68.0797
30 2 0 8.38846 17.8905
30 3 0 78.6777 34.2082
30 4 1 42.5428 46.8846
30 5 0 86.493 24.9087
30 6 0 19.1 70.0705
30 7 0 1.03984 54.6836
30 8 0 27.1448 39.7682
30 9 1 87.4317 91.5641
30 10 0 49.0465 36.5506
30 11 1 60.6375 15.8355
30 12 0 63.2567 21.047
30 13 1 9.63823 81.0017
30 14 0 39.2247 88.6308
30 15 0 75.0308 40.2238
30 16 0 17.3022 76.1468
30 17 0 60.8898 95.0014
30 18 0 47.1856 31.9894
30 19 0 89.055 36.1439
30 20 0 43.4569 26.6377
30 21 0 70.658 84.032
30 22 0 63.9661 6.54989
30 23 0 47.6406 4.59839
30 24 0 40.3833 36.6749
30 25 0 75.1404 7.73059
30 26 0 84.3308 49.2571
30 27 1 95.6761 70.0414
30 28 0 62.8237 58.8745
30 29 0 47.4837 67.4365
30 31 1 74.5916 11.5127
30 32 0 80.2383 85.1554
30 33 0 55.1181 22.7744
30 34 0 17.2691 85.3072
30 35 0 48.095 73.4202
30 36 0 25.3947 26.32
30 37 0 58.3109 27.9932
30 38 0 8.28016 20.9845
30 39 0 79.3333 94.4188
30 40 0 63.8642 39.2028
30 41 0 29.9176 42.0025
30 42 0 47.1079 80.9736
30 43 1 2.43412 96.3617
30 44 0 64.7206 99.7184
30 45 0 89.5749 24.595
30 46 0 21.8573 72.6216
30 47 0 23.9284 58.1972
30 48 0 89.8051 66.1944
30 49 0 41.5447 28.8815
30 50 0 55.6691 28.2073
30 51 0 65.7587 9.12601
30 52 0 83.7187 36.1233
30 53 0 6.0051 11.9972
30 54 0 61.8354 38.9584
30 55 0 32.0545 67.1065
30 56 0 49.0586 65.2829
30 57 0 20.8915 67.2934
30 58 0 42.2302 0.123112
30 59 0 87.6595 41.5974
30 60 0 38.1441 58.9192
31 1 0 24.2887 23.4881
31 2 1 62.9463 22.3293
31 3 0 63.119 67.5998
31 4 0 6.09696 23.5049
31 5 0 37.6373 49.724
31 6 0 1.30785 23.4702
31 7 0 22.9168 42.3679
31 8 0 81.0202 39.1782
31 9 1 72.725 81.9004
31 10 0 64.6257 81.8319
31 11 0 71.595 43.7255
31 12 0 31.1922 39.2801
31 13 0 85.0967 80.1359
31 14 0 30.4926 55.3928
31 15 1 23.5779 3.34838
31 16 0 84.6129 63.7123
31 17 0 74.2249 69.1512
31 18 1 24.2681 63.2038
31 19 0 24.8769 76.8991
31 20 0 7.24056 36.7549
31 21 0 93.0905 75.6811
31 22 1 36.8369 61.3491
31 23 0 27.6649 10.9561
31 24 0 10.2807 72.5104
31 25 0 95.4825 89.3332
31 26 1 27.6926 51.7309
31 27 0 28.8874 0.855077
31 28 0 97.2169 46.2926
31 29 0 56.3581 66.6045
31 30 0 87.8499 11.5751
31 32 1 50.0253 42.1281
31 33 0 10.0347 96.5143
31 34 0 10.3705 86.901
31 35 0 36.2291 51.3273
31 36 0 63.6359 41.8065
31 37 0 73.2688 49.8552
31 38 0 24.4188 77.2146
31 39 0 92.1092 84.0758
31 40 0 78.5782 93.9963
31 41 0 89.2797 17.0968
31 42 0 5.22197 99.4463
31 43 0 97.3082 45.7025
31 44 0 27.1605 47.3709
31 45 0 65.5725 9.76986
31 46 0 92.7018 0.810446
31 47 0 39.0352 21.1727
31 48 0 58.3804 13.8157
31 49 0 87.2616 67.6748
31 50 0 5.61816 63.0631
31 51 0 2.58658 22.7918
31 52 0 98.7496 46.2509
31 53 0 72.6481 40.067
31 54 0 39.135 16.4611
31 55 0 42.0847 39.1057
31 56 0 28.4957 64.3515
31 57 0 75.9224 93.7589
31 58 0 19.8909 83.8305
31 59 0 83.223 22.3647
31 60 0 56.0563 6.66025
32 1 0 94.0159 5.28802
32 2 0 97.7123 84.4396
32 3 0 78.123 46.0623
32 4 0 29.5605 38.7555
32 5 0 58.876 18.0457
32 6 0 16.8271 56.3288
32 7 1 5.7775 67.7615
32 8 0 53.176 20.2531
32 9 0 37.6595 79.4955
32 10 0 18.1108 61.8669
32 11 0 10.202 61.7483
32 12 0 2.24581 75.4398
32 13 0 29.1235 2.07785
32 14 0 5.44068 22.3645
32 15 0 64.3608 67.0503
32 16 0 35.6668 69.3783
32 17 0 45.3854 43.2393
32 18 0 36.9332 34.6528
32 19 0 91.4921 94.8464
32 20 0 51.487 71.9582
32 21 0 76.4108 41.963
32 22 0 58.1904 48.7318
32 23 1 41.525 6.43305
32 24 1 88.1989 14.8595
32 25 1 9.69849 80.3249
32 26 0 35.54 82.9461
32 27 0 5.36261 1.93176
32 28 0 94.7624 3.78198
32 29 0 43.4779 43.9291
32 30 0 81.4337 44.2142
32 31 0 72.472 27.9462
32 33 1 97.3573 17.1086
32 34 0 32.5256 28.0028
32 35 0 63.646 96.825
32 36 0 71.8208 89.4397
32 37 0 28.906 71.7405
32 38 0 77.2294 93.4759
32 39 0 21.1081 99.1269
32 40 1 22.5068 50.0411
32 41 0 42.1217 68.4438
32 42 0 7.28478 18.48
32 43 0 78.9242 65.8796
32 44 0 64.3845 42.1985
32 45 0 4.74098 47.9092
32 46 0 33.0319 9.54215
32 47 0 15.7021 20.2488
32 48 0 16.9058 40.5238
32 49 0 67.8149 7.93289
32 50 0 25.7486 74.9731
32 51 0 96.456 13.1878
32 52 0 67.4902 72.9636
32 53 0 93.3115 5.34401
32 54 0 29.4537 13.3056
32 55 1 6.1238 16.8357
32 56 0 60.3438 30.9167
32 57 0 69.2725 80.8654
32 58 0 81.6092 98.9902
32 59 0 35.2558 35.0208
32 60 1 48.5234 34.5981
33 1 0 98.6781 81.5379
33 2 0 19.9926 28.35
33 3 0 43.3403 7.18532
33 4 0 71.2986 56.7981
33 5 0 3.41692 43.135
33 6 0 96.9887 17.9015
33 7 0 58.2759 20.3491
33 8 0 63.2821 7.63295
33 9 0 43.0154 98.3889
33 10 0 33.0505 40.4999
33 11 0 98.231 86.9671
33 12 0 77.3018 38.2796
33 13 0 22.7015 62.9976
33 14 0 20.228 93.858
33 15 0 43.1745 59.2551
33 16 0 63.7147 22.1656
33 17 0 91.6739 63.665
33 18 1 55.5943 70.481
33 19 1 11.2737 29.7186
33 20 0 23.2432 63.8067
33 21 0 33.1519 96.3544
33 22 0 52.2231 73.8076
33 23 0 28.8642 57.1471
33 24 0 72.8028 84.0004
33 25 0 44.3671 23.6011
33 26 0 7.22945 94.5378
33 27 0 15.2403 55.9942
33 28 0 77.463 96.5779
33 29 0 83.7052 19.2274
33 30 0 28.215 79.5135
33 31 0 80.2401 63.6842
33 32 0 43.5082 68.1773
33 34 1 8.7701 65.2395
33 35 0 40.7108 38.1159
33 36 0 11.4822 33.6509
33 37 0 7.16816 81.9604
33 38 0 93.8667 83.6112
33 39 0 17.8685 92.9588
33 40 0 65.5199 81.2004
33 41 0 10.8745 67.2838
33 42 0 62.0109 13.9803
33 43 0 88.2967 50.6825
33 44 0 56.7158 94.9808
33 45 0 11.4412 76.5638
33 46 0 45.6075 62.1529
33 47 0 52.7721 16.0922
33 48 0 16.6704 66.6952
33 49 0 51.9277 43.0082
33 50 1 66.2155 37.7501
33 51 0 15.6396 44.7968
33 52 0 83.6782 91.1761
33 53 0 42.6334 29.9867
33 54 0 17.657 6.305
33 55 0 89.1757 83.7196
33 56 0 81.6124 58.8166
33 57 0 76.1788 42.999
33 58 1 35.1546 77.5765
33 59 1 80.9837 80.9655
33 60 0 96.7163 87.2043
34 1 0 29.1755 0.0793509
34 2 1 40.114 78.3491
34 3 0 76.8678 41.3035
34 4 0 14.2138 23.3467
34 5 0 26.0567 53.58
34 6 0 85.751 55.5052
34 7 0 12.9204 45.1405
34 8 0 72.9324 63.1173
34 9 0 95.9275 47.0307
34 10 0 26.4372 70.8329
34 11 0 75.0578 28.4171
34 12 0 9.41708 85.0123
34 13 0 97.4536 87.3445
34 14 0 14.0467 29.2689
34 15 0 57.8574 52.1229
34 16 1 59.963 4.51299
34 17 0 25.048 70.9972
34 18 0 77.927 24.719
34 19 0 18.5149 4.81616
34 20 0 55.3064 51.77
34 21 0 21.0869 44.5321
34 22 0 83.2412 26.1854
34 23 0 70.1204 39.0706
34 24 0 79.1894 27.4745
34 25 0 29.2096 92.3464
34 26 0 30.1654 11.893
34 27 0 81.0158 88.4398
34 28 0 97.732 99.6686
34 29 0 7.63911 74.6869
34 30 0 17.9704 94.8142
34 31 0 72.5936 49.8947
34 32 0 9.54909 39.9789
34 33 0 79.2412 65.9052
34 35 1 30.3487 51.7488
34 36 0 32.5972 77.4616
34 37 0 54.4664 87.8111
34 38 0 80.3881 97.9116
34 39 0 2.05253 0.836034
34 40 0 21.1446 98.2977
34 41 0 82.2562 91.116
34 42 0 79.6899 78.4375
34 43 0 52.362 89.325
34 44 0 79.2749 20.2172
34 45 1 42.0299 7.88167
34 46 0 37.6007 1.06208
34 47 1 89.9333 86.5128
34 48 0 34.6267 22.9743
34 49 0 91.1483 1.52441
34 50 0 67.8301 91.8081
34 51 0 72.8321 70.3532
34 52 0 73.2064 98.2092
34 53 0 29.6934 19.978
34 54 0 47.5124 83.1381
34 55 0 99.1229 50.3893
34 56 1 81.0458 87.9085
34 57 0 7.52324 10.3637
34 58 0 37.3964 98.673
34 59 0 54.0245 76.4958
34 60 0 79.2499 78.8374
35 1 1 80.3954 26.6205
35 2 0 26.8991 68.7617
35 3 0 70.1058 36.3882
35 4 0 48.6582 7.51613
35 5 0 30.462 2.57582
35 6 0 38.1109 52.2137
35 7 0 27.604 96.7229
35 8 0 43.5391 85.5448
35 9 0 43.073 18.5543
35 10 0 75.8342 87.6568
35 11 0 68.5472 21.9506
35 12 0 42.9065 41.2895
35 13 0 45.0137 85.8693
35 14 0 3.47273 52.7268
35 15 0 36.4656 18.5216
35 16 1 27.4464 79.3365
35 17 0 48.1452 18.2903
35 18 0 34.9857 60.6741
35 19 0 58.6896 86.3264
35 20 0 4.42853 38.4034
35 21 0 52.0651 41.4864
35 22 0 96.133 90.1195
35 23 0 91.6212 9.10522
35 24 0 89.4593 49.7437
35 25 0 40.3138 32.4619
35 26 0 86.3002 99.7437
35 27 0 96.8916 87.429
35 28 1 74.3429 52.7061
35 29 0 57.282 46.4009
35 30 1 55.5896 96.4118
35 31 0 91.8978 91.7625
35 32 1 12.9881 55.9134
35 33 0 90.4983 76.9457
35 34 1 91.6145 18.4041
35 36 1 93.0472 61.756
35 37 0 78.5051 1.72266
35 38 0 35.85 42.3644
35 39 1 7.07179 61.2165
35 40 0 5.77899 8.40761
35 41 0 93.6759 29.9706
35 42 0 30.6053 28.8061
35 43 0 4.64011 24.0751
35 44 0 74.7937 31.4744
35 45 0 52.7225 65.2869
35 46 0 10.4892 97.3487
35 47 0 79.1755 77.4236
35 48 0 83.0747 49.9894
35 49 0 50.9932 15.7592
35 50 0 99.1481 71.52
35 51 0 32.329 59.2289
35 52 0 40.5176 92.4272
35 53 0 65.7086 51.1358
35 54 0 27.1521 70.6927
35 55 0 95.7155 21.8536
35 56 0 91.8078 65.5957
35 57 0 57.1536 85.6058
35 58 0 7.46464 58.5274
35 59 0 38.0779 93.2484
35 60 1 62.2089 25.2553
36 1 0 96.9327 4.98954
36 2 0 79.235 20.8055
36 3 0 37.5819 32.6333
36 4 0 97.4211 54.2979
36 5 0 39.4983 39.671
36 6 0 64.472 31.1633
36 7 0 48.905 29.4297
36 8 0 90.3794 72.6021
36 9 0 77.0321 51.2278
36 10 0 45.0959 66.1155
36 11 0 62.8638 37.3183
36 12 1 32.4145 59.5198
36 13 0 1.93147 46.7037
36 14 0 47.8153 31.9224
36 15 0 91.1255 33.5532
36 16 1 74.4011 40.5658
36 17 0 19.9738 11.8149
36 18 0 31.365 23.7096
36 19 0 32.6159 25.2427
36 20 1 9.50878 95.2645
36 21 0 82.6702 19.0844
36 22 0 38.3729 55.467
36 23 0 75.8453 28.9767
36 24 0 31.3779 24.1381
36 25 0 14.0799 1.47867
36 26 0 68.363 6.67399
36 27 0 45.5838 49.8795
36 28 0 67.8102 60.0859
36 29 0 25.6258 91.9748
36 30 0 26.4768 65.5736
36 31 0 84.142 67.1085
36 32 0 56.8039 59.0913
36 33 0 59.7802 6.3703
36 34 0 56.6216 65.9287
36 35 0 16.7662 93.268
36 37 1 14.8218 57.851
36 38 1 76.7315 54.7024
36 39 0 95.4688 62.8434
36 40 0 96.137 95.4063
36 41 0 8.61006 1.83544
36 42 0 26.2032 0.985656
36 43 0 73.9919 40.8689
36 44 0 36.1346 69.7892
36 45 0 36.4514 3.22679
36 46 0 29.571 10.7607
36 47 0 80.3222 37.5837
36 48 0 48.561 15.6933
36 49 0 6.95791 63.576
36 50 0 22.8716 36.3978
36 51 1 75.3052 46.6884
36 52 0 41.5963 19.881
36 53 0 45.699 48.1682
36 54 0 93.3783 63.2522
36 55 0 41.5265 36.1843
36 56 0 63.135 49.202
36 57 0 85.9899 73.8215
36 58 0 63.9396 89.4261
36 59 0 61.5784 66.3848
36 60 0 89.3737 31.4619
37 1 0 45.471 89.8504
37 2 0 9.65344 17.5727
37 3 0 41.147 87.1742
37 4 0 10.0292 92.2596
37 5 0 37.2781 80.6115
37 6 0 99.7757 48.9597
37 7 0 80.9291 87.8658
37 8 0 49.3283 15.646
37 9 1 60.696 63.0425
37 10 0 37.8707 17.8586
37 11 0 3.48042 84.3061
37 12 0 75.7375 66.722
37 13 0 75.4069 43.8321
37 14 0 18.5231 37.2556
37 15 0 4.99722 48.8777
37 16 0 79.8845 64.8194
37 17 0 67.6203 32.8208
37 18 0 9.03696 86.7624
37 19 0 17.0065 55.0962
37 20 0 40.2342 25.9675
37 21 1 23.6318 52.0736
37 22 1 27.5525 84.8848
37 23 0 3.12849 73.6087
37 24 0 16.3649 61.2791
37 25 0 79.3652 80.1102
37 26 0 45.3233 95.9579
37 27 0 62.5416 37.82
37 28 0 0.757891 88.9265
37 29 0 75.588 18.8841
37 30 0 17.156 55.3266
37 31 0 0.0834693 40.6216
37 32 1 31.6321 26.2744
37 33 0 43.4031 27.516
37 34 0 32.6648 74.9219
37 35 0 53.7475 85.8092
37 36 0 58.1354 98.0952
37 38 1 76.599 84.748
37 39 0 41.2622 81.0195
37 40 0 33.5202 73.5106
37 41 1 73.4352 69.9221
37 42 0 80.4742 99.7387
37 43 0 2.86808 94.2502
37 44 0 95.7074 93.0699
37 45 0 9.24751 2.45707
37 46 1 25.0955 83.6679
37 47 0 53.5299 41.9428
37 48 1 25.5378 6.02724
37 49 0 53.2406 7.52147
37 50 0 15.3578 83.5385
37 51 0 54.4143 16.4832
37 52 0 84.3401 18.6316
37 53 0 82.6987 17.2362
37 54 0 54.6812 88.4179
37 55 0 5.50691 93.1534
37 56 0 24.2288 22.2993
37 57 0 5.79244 74.9153
37 58 0 7.51236 48.9823
37 59 0 1.68699 17.8072
37 60 0 33.6406 39.3647
38 1 0 76.9851 62.3416
38 2 0 12.7827 95.6371
38 3 0 3.76067 26.7461
38 4 0 10.416 12.8143
38 5 0 97.2777 39.0554
38 6 0 68.7432 7.20318
38 7 0 48.0529 93.0732
38 8 0 93.801 99.4833
38 9 0 97.5487 77.8442
38 10 0 48.5011 62.8451
38 11 0 81.9126 86.2287
38 12 1 27.1162 37.532
38 13 0 18.1998 73.3697
38 14 0 93.2942 61.0327
38 15 0 45.3924 63.8317
38 16 0 3.8331 85.5531
38 17 1 61.2159 90.9869
38 18 0 12.5854 97.0564
38 19 1 47.5553 27.1493
38 20 0 64.5641 50.1283
38 21 0 22.8376 60.7841
38 22 0 60.1958 31.094
38 23 0 5.68506 9.7147
38 24 0 93.3721 13.3985
38 25 0 64.4104 6.9955
38 26 0 32.5166 23.7697
38 27 0 23.9762 15.1164
38 28 0 5.73582 52.0993
38 29 0 52.0907 47.8204
38 30 0 32.9731 76.4263
38 31 0 73.9077 98.351
38 32 1 88.8315 5.40733
38 33 0 92.5485 64.9725
38 34 0 89.0921 96.5526
38 35 0 71.6011 19.9054
38 36 1 61.2385 28.7386
38 37 0 1.94277 11.3543
38 39 1 57.9986 45.6282
38 40 0 13.3352 46.5615
38 41 0 48.7269 21.3619
38 42 0 52.3492 67.2553
38 43 0 13.2729 33.0723
38 44 0 3.23208 94.2953
38 45 0 3.76708 69.3561
38 46 0 17.7807 46.0926
38 47 1 61.5615 30.037
38 48 0 57.4765 59.1398
38 49 1 37.5976 69.7284
38 50 0 90.8613 1.56487
38 51 0 99.2646 84.2694
38 52 0 87.8541 80.7412
38 53 0 40.6078 99.6757
38 54 0 43.2954 87.6112
38 55 0 39.2739 2.65363
38 56 0 25.4056 12.8622
38 57 0 79.6193 70.1314
38 58 0 91.4103 26.3588
38 59 1 65.1594 80.9394
38 60 1 71.6829 44.0065
39 1 1 95.9634 0.815212
39 2 1 4.72945 62.4856
39 3 0 40.4716 17.4636
39 4 0 25.4448 95.9902
39 5 0 51.2701 86.1606
39 6 0 98.9881 59.8254
39 7 0 34.343 44.4429
39 8 0 77.4088 82.8401
39 9 0 67.3914 75.5842
39 10 0 71.2761 39.4769
39 11 0 64.07 17.1215
39 12 0 59.4433 51.1427
39 13 0 67.9988 98.9505
39 14 0 36.7999 17.3276
39 15 0 46.1813 43.8363
39 16 0 45.7901 40.6369
39 17 0 65.326 33.6625
39 18 0 43.9191 34.4848
39 19 0 34.5537 59.7024
39 20 0 13.0104 90.3755
39 21 0 93.831 24.7256
39 22 0 24.8323 34.9777
39 23 0 66.5618 89.6487
39 24 0 46.1304 12.3017
39 25 0 13.7233 61.8846
39 26 0 74.2996 25.6984
39 27 0 10.1607 37.7764
39 28 0 54.855 12.9793
39 29 0 42.7445 96.2347
39 30 1 91.868 55.8644
39 31 0 46.5258 9.6366
39 32 0 43.2211 89.0265
39 33 0 45.5632 59.8435
39 34 0 59.2282 68.5123
39 35 0 55.4378 48.3331
39 36 0 11.724 61.7147
39 37 0 75.1718 66.8021
39 38 0 44.7693 42.6448
39 40 1 81.2197 48.6853
39 41 0 97.0933 30.5296
39 42 0 73.5944 1.25995
39 43 0 23.4411 93.1603
39 44 0 75.009 86.2798
39 45 0 94.0596 12.6073
39 46 0 52.673 99.2317
39 47 0 46.5862 20.7529
39 48 0 59.3361 31.8527
39 49 1 12.6317 56.9875
39 50 0 17.7559 76.0413
39 51 0 5.6743 62.3379
39 52 0 56.4601 11.1019
39 53 0 4.54912 8.05546
39 54 0 38.0298 33.1787
39 55 0 24.8009 21.0616
39 56 0 56.2984 11.9189
39 57 0 67.1257 63.086
39 58 0 75.5306 90.1511
39 59 0 6.82568 88.1161
39 60 0 61.8711 57.5174
40 1 0 49.1132 81.5436
40 2 0 21.6457 83.9211
40 3 0 88.2998 75.9126
40 4 0 2.76822 3.15749
40 5 0 7.91166 81.1442
40 6 0 52.8711 8.45379
40 7 0 81.1914 86.4611
40 8 0 40.1815 30.0859
40 9 0 95.6008 57.5234
40 10 0 19.229 11.7853
40 11 0 16.7915 69.2674
40 12 0 80.1891 15.8647
40 13 1 36.6751 54.673
40 14 0 48.1391 53.9244
40 15 0 15.09 49.1391
40 16 0 57.0167 94.6604
40 17 1 46.7771 87.6631
40 18 0 83.5845 95.7525
40 19 0 28.4215 66.9784
40 20 0 29.681 88.9712
40 21 0 65.8784 6.79212
40 22 1 83.3497 8.47095
40 23 0 12.0287 3.04008
40 24 0 2.19516 96.5318
40 25 0 51.1312 55.1043
40 26 0 76.625 81.48
40 27 0 58.2527 62.5665
40 28 0 96.3124 77.8995
40 29 0 20.0501 55.5005
40 30 1 82.8519 98.3338
40 31 0 5.64908 45.9399
40 32 0 81.0315 88.469
40 33 0 13.7837 51.9607
40 34 0 99.9581 56.0391
40 35 0 30.3581 14.6785
40 36 0 19.0429 54.4503
40 37 1 38.5694 67.4857
40 38 0 98.9183 37.422
40 39 0 78.6431 63.971
40 41 1 60.2785 50.9137
40 42 0 4.09443 14.1588
40 43 0 84.3368 31.5294
40 44 0 36.0852 0.25801
40 45 0 63.0963 2.03856
40 46 0 44.756 62.8152
40 47 0 21.7774 99.5181
40 48 1 34.0702 1.20191
40 49 0 1.65674 34.9812
40 50 0 29.8399 73.511
40 51 0 54.0033 60.4826
40 52 0 0.499922 67.9873
40 53 0 51.6577 62.6509
40 54 0 18.463 29.4545
40 55 0 92.141 21.0356
40 56 1 61.2447 6.59066
40 57 0 68.9782 94.5441
40 58 0 96.0221 62.0931
40 59 0 11.4142 69.8806
40 60 0 44.031 93.2483
41 1 0 69.3607 10.7295
41 2 0 45.6458 13.7796
41 3 0 1.29933 10.5823
41 4 0 48.0287 22.8286
41 5 0 4.07384 53.9278
41 6 0 15.9563 15.2355
41 7 0 50.1769 79.7012
41 8 0 17.8229 32.243
41 9 0 14.9337 56.5635
41 10 0 37.6021 45.1844
41 11 1 17.1772 0.525865
41 12 0 30.0093 74.4964
41 13 0 11.1604 9.99404
41 14 0 68.8226 37.6423
41 15 0 37.818 65.0086
41 16 0 23.4746 96.0234
41 17 0 61.8282 18.454
41 18 1 40.9023 24.9806
41 19 0 47.8546 53.856
41 20 0 92.3843 58.2914
41 21 0 23.3022 28.4486
41 22 0 69.3006 66.0819
41 23 0 17.4818 83.6375
41 24 0 37.9934 96.0987
41 25 0 15.9558 56.7277
41 26 0 87.6624 20.2372
41 27 0 15.3419 37.8217
41 28 0 66.2119 96.0106
41 29 0 54.0552 76.8859
41 30 0 72.9665 32.0827
41 31 0 28.5569 10.414
41 32 1 54.4517 65.0679
41 33 0 80.6295 50.8215
41 34 0 21.7114 36.3783
41 35 0 44.9766 61.6118
41 36 0 6.57219 55.5889
41 37 0 62.5499 59.1075
41 38 0 70.7961 20.9657
41 39 0 8.60877 70.6858
41 40 1 59.7726 83.1776
41 42 1 99.4271 78.6605
41 43 1 96.4968 44.5237
41 44 0 68.9813 35.9976
41 45 0 96.896 2.74606
41 46 0 86.9796 11.4477
41 47 0 48.1883 7.76323
41 48 0 82.5811 69.2818
41 49 0 76.6942 71.8994
41 50 0 7.8079 2.00304
41 51 0 31.5771 57.6037
41 52 0 21.4525 48.6543
41 53 0 25.0527 34.0136
41 54 0 27.9078 89.481
41 55 0 58.7813 38.2171
41 56 0 27.3881 16.8356
41 57 1 37.691 22.6974
41 58 1 41.6519 75.9005
41 59 0 50.4482 74.8729
41 60 0 90.4522 91.7152
42 1 0 23.4103 65.7002
42 2 0 70.7091 88.2235
42 3 0 43.4009 88.7679
42 4 1 46.3693 44.6815
42 5 0 60.7104 33.913
42 6 0 16.5907 88.9147
42 7 0 43.6499 61.6741
42 8 0 57.6148 53.0262
42 9 0 73.1665 46.2369
42 10 0 40.4392 56.4062
42 11 0 26.3965 81.9906
42 12 0 10.0272 46.5444
42 13 0 68.9009 25.495
42 14 0 75.3113 86.0573
42 15 0 29.5745 71.2692
42 16 0 61.2087 29.1183
42 17 0 56.1445 27.0535
42 18 0 33.9995 1.32072
42 19 0 67.5748 56.6003
42 20 0 10.3398 94.4213
42 21 0 18.6054 55.9097
42 22 0 21.2062 10.7544
42 23 0 28.926 44.9832
42 24 1 71.8594 94.6571
42 25 0 0.696823 57.7568
42 26 0 58.7727 75.1209
42 27 0 35.2029 73.0909
42 28 0 40.3931 39.4889
42 29 1 0.576994 21.7171
42 30 0 58.1746 32.1282
42 31 0 40.7889 19.3838
42 32 0 11.8543 19.9426
42 33 0 88.1904 11.2813
42 34 0 67.9326 86.5332
42 35 0 98.3928 97.3676
42 36 0 39.6971 42.2309
42 37 0 13.9898 38.6934
42 38 0 57.5302 86.2391
42 39 0 74.0337 10.3645
42 40 0 55.2806 25.6328
42 41 1 20.6223 46.365
42 43 1 26.6897 76.6851
42 44 0 97.5438 81.6736
42 45 0 63.076 39.2393
42 46 0 98.2029 38.5689
42 47 1 9.68551 21.701
42 48 0 84.3906 4.30925
42 49 0 88.8123 96.3725
42 50 0 53.5932 30.2349
42 51 0 78.7889 71.7586
42 52 0 28.8228 57.7897
42 53 0 43.7565 58.1176
42 54 0 32.1031 81.8985
42 55 0 98.679 28.418
42 56 1 1.49517 20.1226
42 57 0 43.9819 82.784
42 58 0 13.0894 4.4287
42 59 0 99.4327 51.3538
42 60 0 79.5652 57.1325
43 1 0 99.8992 67.3948
43 2 1 74.607 49.4404
43 3 0 37.4831 15.5524
43 4 0 38.6038 3.19775
43 5 0 18.6113 24.2361
43 6 0 16.8384 97.7612
43 7 0 70.2222 96.4328
43 8 0 14.6878 2.7084
43 9 0 28.6473 56.231
43 10 0 5.68888 18.194
43 11 0 3.13054 98.679
43 12 1 4.3072 6.48408
43 13 0 91.1052 32.3216
43 14 0 39.7674 75.3026
43 15 0 89.6335 97.3004
43 16 0 50.7881 94.2985
43 17 1 28.153 77.86
43 18 0 38.9126 30.7706
43 19 0 19.0295 33.1685
43 20 0 5.53603 41.5916
43 21 0 5.10457 45.8165
43 22 0 39.2337 70.603
43 23 0 50.7121 99.749
43 24 1 45.291 60.7142
43 25 1 73.1498 78.0721
43 26 0 93.9994 60.6464
43 27 0 66.2309 82.0442
43 28 0 41.4627 13.1448
43 29 0 84.3984 48.227
43 30 0 67.7546 43.6156
43 31 0 92.9707 3.43172
43 32 0 92.4329 50.8662
43 33 0 44.5213 36.4237
43 34 0 7.53413 75.0019
43 35 1 59.1222 16.1992
43 36 0 65.9271 24.186
43 37 0 93.9992 8.3957
43 38 1 73.0108 75.709
43 39 0 26.0887 5.86592
43 40 0 3.86206 96.958
43 41 0 1.18517 92.0915
43 42 0 52.6907 89.7929
43 44 1 61.7745 15.8381
43 45 0 40.4546 88.5059
43 46 0 19.2094 21.2169
43 47 0 18.6493 63.1709
43 48 0 24.2833 23.8827
43 49 0 43.9862 18.6471
43 50 0 44.9132 43.6696
43 51 0 34.6648 92.4851
43 52 0 48.1519 21.528
43 53 0 68.9937 74.9001
43 54 0 29.3954 87.8971
43 55 0 6.26231 54.3687
43 56 0 56.4871 84.02
43 57 0 78.6739 92.3867
43 58 0 19.3414 37.9121
43 59 0 22.7924 29.3141
43 60 1 68.0451 84.0843
44 1 1 72.548 69.9784
44 2 0 78.965 3.13513
44 3 1 22.4098 69.0416
44 4 0 62.4196 83.6737
44 5 0 7.28895 90.2888
44 6 0 56.1502 80.0168
44 7 0 95.6209 12.955
44 8 0 14.9152 90.9236
44 9 0 47.7146 27.0663
44 10 0 13.6729 98.1835
44 11 0 2.24571 81.7708
44 12 0 85.8191 37.5004
44 13 0 84.9226 3.15826
44 14 0 2.21118 4.05016
44 15 0 43.1845 52.0938
44 16 0 58.0344 72.809
44 17 0 15.7745 39.7442
44 18 0 72.4501 22.2914
44 19 0 47.08 93.9483
44 20 0 43.576 23.4581
44 21 0 32.9832 88.5229
44 22 0 92.8113 68.7058
44 23 0 69.2536 29.8652
44 24 0 99.8241 80.8288
44 25 0 71.69 38.7449
44 26 0 52.5904 53.5841
44 27 0 44.5235 42.2247
44 28 0 11.0954 19.6964
44 29 0 29.2656 88.4239
44 30 0 43.5209 42.0147
44 31 1 62.4218 9.16675
44 32 0 53.7601 1.98881
44 33 0 11.1075 93.7279
44 34 0 64.1855 55.889
44 35 0 84.4351 5.33761
44 36 0 63.2499 40.5482
44 37 0 11.7261 2.78487
44 38 0 38.687 41.8672
44 39 0 5.40982 9.08758
44 40 0 1.07014 34.9106
44 41 0 41.0206 1.23198
44 42 0 77.0249 8.82066
44 43 0 11.4995 41.9294
44 45 1 72.8165 53.2095
44 46 0 95.4584 62.817
44 47 1 84.4709 45.9626
44 48 0 81.1951 76.98
44 49 0 29.1527 26.0052
44 50 1 65.4416 26.1213
44 51 1 46.4615 1.00987
44 52 0 67.0057 55.3444
44 53 1 86.9368 48.8964
44 54 0 49.3859 78.2322
44 55 0 69.9865 51.7167
44 56 0 59.3859 93.1786
44 57 0 58.1606 61.49
44 58 0 49.064 60.2675
44 59 0 23.8881 90.265
44 60 0 26.7302 57.4587
45 1 0 65.5025 73.251
45 2 1 25.8659 52.2195
45 3 0 96.9393 19.9529
45 4 1 86.4913 65.488
45 5 0 98.3592 0.967575
45 6 0 45.2216 96.8543
45 7 1 28.1448 4.23524
45 8 0 56.4304 65.0235
45 9 0 30.8894 86.2265
45 10 0 11.0795 27.5333
45 11 0 94.7361 72.8623
45 12 0 39.0402 27.8774
45 13 0 90.1752 80.1376
45 14 0 29.3476 34.469
45 15 0 48.946 6.72668
45 16 0 58.3989 73.7397
45 17 0 13.2295 73.4602
45 18 1 81.1652 88.2145
45 19 0 28.4617 24.6745
45 20 0 12.8184 81.6471
45 21 1 20.4137 3.44037
45 22 0 40.9926 74.7589
45 23 0 85.2286 21.05
45 24 0 38.7911 20.1991
45 25 0 62.2855 70.7153
45 26 0 18.9939 71.0738
45 27 0 6.5027 19.8805
45 28 0 46.5289 11.5678
45 29 0 39.3295 52.9957
45 30 0 5.87632 35.3317
45 31 0 75.349 65.9073
45 32 0 37.4781 41.6805
45 33 0 80.14 43.2069
45 34 0 92.2292 56.3765
45 35 0 23.7551 4.80323
45 36 0 9.65056 0.792138
45 37 0 35.916 8.3614
45 38 1 57.3493 4.43198
45 39 0 37.795 58.9639
45 40 0 5.62883 57.2297
45 41 0 3.82191 16.1263
45 42 1 55.6945 88.268
45 43 0 5.58926 87.6179
45 44 0 56.7158 2.84267
45 46 1 90.9273 70.6532
45 47 0 48.6847 31.9075
45 48 0 38.6885 5.29562
45 49 0 21.8097 68.9663
45 50 1 36.2226 66.7284
45 51 0 58.3888 17.5258
45 52 0 61.2864 4.296
45 53 0 63.3032 52.7237
45 54 0 59.5829 53.21
45 55 0 91.7217 29.9588
45 56 0 26.4454 24.6476
45 57 0 9.02869 94.074
45 58 0 93.4968 30.1229
45 59 0 38.2623 78.8726
45 60 0 44.0061 67.815
46 1 1 1.51161 11.5366
46 2 0 90.0152 89.5254
46 3 0 31.684 76.7646
46 4 0 22.8966 64.0924
46 5 0 43.1682 73.1828
46 6 0 40.9726 13.4688
46 7 0 58.4651 85.2952
46 8 0 64.3298 83.0297
46 9 1 67.1095 1.51132
46 10 1 29.4936 81.968
46 11 0 96.8635 8.66447
46 12 0 39.4218 35.9711
46 13 1 73.3644 1.08392
46 14 0 69.5031 23.7188
46 15 0 87.1612 11.8039
46 16 0 15.714 10.6599
46 17 0 19.3191 53.1582
46 18 0 10.6282 63.5794
46 19 1 27.9204 70.667
46 20 0 74.6424 27.8343
46 21 0 38.1293 45.5148
46 22 0 44.573 62.0315
46 23 0 35.4499 83.9427
46 24 0 28.3789 42.5734
46 25 0 77.2312 20.1319
46 26 0 34.8044 69.5954
46 27 0 78.9154 89.4466
46 28 0 70.0332 61.1543
46 29 0 38.6151 84.4508
46 30 0 8.74971 53.4961
46 31 0 15.4369 81.3063
46 32 0 84.5663 64.793
46 33 0 3.75187 14.9634
46 34 0 98.2544 18.7394
46 35 1 61.5481 95.0912
46 36 1 8.71293 87.8302
46 37 0 79.5998 64.1288
46 38 0 80.0534 91.8476
46 39 0 17.7919 48.9314
46 40 0 57.6699 16.9593
46 41 0 40.0392 86.5055
46 42 1 1.51601 99.4854
46 43 0 6.271 20.9498
46 44 0 85.3584 44.246
46 45 0 38.5071 25.9049
46 47 1 58.4783 61.6516
46 48 0 91.6951 12.4293
46 49 0 47.3239 29.2843
46 50 0 66.9985 55.6428
46 51 0 80.6912 51.4401
46 52 0 28.3686 10.3209
46 53 0 30.7342 39.8123
46 54 0 77.0698 50.4081
46 55 0 49.049 35.7925
46 56 0 3.41401 9.27376
46 57 1 89.0712 31.4398
46 58 0 96.6489 3.95982
46 59 0 24.4627 97.0614
46 60 0 60.5556 3.51368
47 1 1 41.4342 88.3143
47 2 1 23.3319 63.3782
47 3 0 50.2273 97.0523
47 4 0 98.3023 98.9657
47 5 0 19.5776 54.0158
47 6 0 9.3762 95.7301
47 7 0 44.8221 97.2073
47 8 0 56.4336 42.7196
47 9 1 85.8523 76.1495
47 10 0 90.898 20.335
47 11 1 20.0216 54.4304
47 12 0 66.3439 88.3015
47 13 0 79.3158 83.6732
47 14 0 60.6698 54.215
47 15 0 70.6938 74.273
47 16 0 58.2139 99.6501
47 17 0 29.8886 42.4985
47 18 1 12.2516 72.0698
47 19 0 41.8895 81.5726
47 20 0 50.222 96.4633
47 21 1 7.50017 83.2655
47 22 1 81.0966 74.1808
47 23 0 87.2473 87.6584
47 24 0 37.5301 5.74739
47 25 0 22.6637 16.0162
47 26 0 80.7406 33.6117
47 27 1 33.8096 0.427698
47 28 0 77.4773 64.1497
47 29 0 13.4751 95.7847
47 30 0 33.2265 56.3783
47 31 0 64.9408 35.5033
47 32 0 39.0838 99.3062
47 33 0 71.8673 91.3868
47 34 0 29.2378 57.4743
47 35 0 67.0957 72.1668
47 36 0 49.2406 34.7429
47 37 0 76.0543 7.52377
47 38 0 60.4261 38.8053
47 39 0 65.9386 22.7987
47 40 0 40.2158 64.0063
47 41 0 66.7209 41.3669
47 42 0 67.753 37.21
47 43 0 11.2071 74.3298
47 44 1 76.7292 37.7506
47 45 0 47.3143 19.3013
47 46 0 6.24426 16.0156
47 48 1 37.0399 41.9863
47 49 0 66.5485 21.1743
47 50 0 58.1705 29.799
47 51 0 99.29 24.7454
47 52 1 55.4094 96.8151
47 53 0 22.794 53.6427
47 54 0 73.5389 58.0461
47 55 0 47.5045 86.2104
47 56 0 0.612524 12.3225
47 57 0 25.6846 63.8022
47 58 1 25.2126 72.1438
47 59 1 75.9306 71.8496
47 60 0 88.5881 98.4706
48 1 1 89.7146 52.0381
48 2 0 91.6208 77.5926
48 3 0 68.7185 77.0938
48 4 0 8.29527 31.2009
48 5 0 29.2815 63.8664
48 6 1 36.9929 42.0106
48 7 0 37.9014 94.6666
48 8 0 24.306 34.8238
48 9 0 12.349 75.9726
48 10 0 71.2375 93.57
48 11 0 78.3505 4.14031
48 12 0 68.0945 33.4842
48 13 0 87.1374 68.4845
48 14 0 38.4347 59.7852
48 15 0 79.6983 89.3044
48 16 1 89.7268 23.986
48 17 0 71.4804 2.76878
48 18 1 66.0552 19.6847
48 19 0 38.9905 61.8114
48 20 0 71.6107 39.818
48 21 0 6.84951 76.583
48 22 0 17.5254 60.0194
48 23 0 91.1996 0.378789
48 24 0 70.8388 19.8143
48 25 0 79.4454 18.6887
48 26 1 61.3832 32.2008
48 27 0 11.6004 48.752
48 28 1 32.0977 70.0383
48 29 0 30.2182 9.8703
48 30 0 50.1248 29.1868
48 31 0 50.6057 30.2837
48 32 0 77.1226 73.6179
48 33 0 73.6355 72.9345
48 34 0 50.0174 79.2654
48 35 0 0.0968922 78.935
48 36 0 2.05128 50.0262
48 37 0 96.8749 65.8911
48 38 0 33.3581 75.2924
48 39 0 46.2006 87.7703
48 40 0 78.1483 21.8315
48 41 1 9.26497 53.6885
48 42 0 38.5957 84.4422
48 43 1 61.5743 90.8389
48 44 0 16.2783 46.3133
48 45 0 78.5232 11.6937
48 46 0 59.9963 45.5985
48 47 0 1.90985 56.9825
48 49 1 28.4679 9.5321
48 50 0 93.6917 4.083
48 51 0 39.1147 87.0619
48 52 0 3.02266 56.1141
48 53 0 2.87812 6.04249
48 54 0 85.3923 79.0593
48 55 0 13.5343 90.607
48 56 0 81.9557 96.74
48 57 0 76.6127 85.9819
48 58 0 72.5172 50.2374
48 59 0 59.499 31.5124
48 60 0 2.98107 76.1117
49 1 0 88.7381 70.4645
49 2 0 66.9666 62.8158
49 3 0 19.7692 77.6722
49 4 0 51.2613 54.5884
49 5 0 99.6131 40.5628
49 6 0 70.1633 66.299
49 7 0 1.51183 29.5276
49 8 0 58.1771 96.411
49 9 0 18.6274 8.46729
49 10 1 98.9097 60.6544
49 11 0 54.9575 55.618
49 12 0 34.2484 2.78839
49 13 0 84.9965 72.3421
49 14 0 20.4741 13.6461
49 15 0 76.0085 82.9825
49 16 0 41.9319 49.9277
49 17 1 87.2226 8.79174
49 18 0 59.5289 53.9179
49 19 0 61.1209 77.9353
49 20 0 78.1516 27.7922
49 21 0 74.6119 35.5242
49 22 0 48.6619 97.9687
49 23 0 43.0893 90.1271
49 24 0 1.68256 71.0185
49 25 0 72.4849 66.4286
49 26 0 85.0251 34.6887
49 27 0 78.7516 13.451
49 28 0 89.9795 95.1498
49 29 0 82.3438 95.3266
49 30 0 52.6591 36.5687
49 31 1 75.4302 73.4733
49 32 0 38.6864 24.9714
49 33 0 65.1506 21.992
49 34 0 77.7394 29.2063
49 35 0 92.1723 13.0241
49 36 0 19.823 65.6236
49 37 0 1.56118 66.2598
49 38 0 96.4005 81.3812
49 39 0 23.2156 83.4218
49 40 0 89.2385 36.7633
49 41 0 61.2116 80.7422
49 42 0 93.4248 67.5773
49 43 0 19.7158 25.8962
49 44 0 64.1371 1.66677
49 45 0 49.0624 58.4355
49 46 0 17.6592 79.3141
49 47 0 33.6591 86.9315
49 48 1 92.6019 9.79539
49 50 1 2.47285 32.0354
49 51 0 51.7395 92.0601
49 52 0 21.1455 9.23169
49 53 0 85.3785 4.57776
49 54 0 80.9367 38.4523
49 55 0 99.8691 64.5347
49 56 0 8.4763 3.79758
49 57 1 56.9764 89.5539
49 58 0 53.6939 57.5314
49 59 0 61.2419 82.8458
49 60 1 1.95028 80.9619
50 1 0 99.3471 88.6138
50 2 0 92.5678 65.8794
50 3 0 33.4027 57.8327
50 4 0 32.8038 34.4327
50 5 0 61.8446 25.917
50 6 0 38.8706 94.8032
50 7 0 39.8613 9.98874
50 8 0 63.1279 15.8943
50 9 1 57.054 42.2369
50 10 0 31.9062 37.3883
50 11 1 22.227 16.3412
50 12 0 1.73573 54.5704
50 13 0 98.4423 38.459
50 14 0 19.0699 33.022
50 15 0 70.8418 54.9416
50 16 0 70.0942 5.60222
50 17 0 47.8317 88.5742
50 18 0 7.33171 33.6505
50 19 0 87.8165 82.219
50 20 0 72.4283 9.9618
50 21 0 3.34271 18.68
50 22 0 94.6973 20.2003
50 23 0 85.2681 36.3334
50 24 0 37.8452 58.3757
50 25 0 90.1291 79.807
50 26 0 43.4155 27.9546
50 27 0 98.1375 46.9673
50 28 0 72.4919 70.3757
50 29 0 83.4713 30.2125
50 30 0 82.9964 85.3712
50 31 1 65.0752 31.9222
50 32 1 0.291875 48.494
50 33 0 56.0643 72.8426
50 34 1 47.7027 33.9995
50 35 0 88.9374 52.0427
50 36 0 56.0662 31.1711
50 37 0 91.5535 59.1917
50 38 0 7.7326 9.12187
50 39 0 70.4435 15.5941
50 40 0 7.37127 33.6291
50 41 0 11.6214 61.3822
50 42 0 89.0371 98.4041
50 43 0 63.6146 70.7478
50 44 0 87.3011 66.0415
50 45 0 19.1918 63.3355
50 46 0 70.5925 1.4154
50 47 0 20.7488 56.999
50 48 0 72.7555 70.7847
50 49 0 47.371 32.6508
50 51 1 56.932 23.0606
50 52 0 5.54869 70.4043
50 53 0 1.52987 58.8058
50 54 1 68.8042 25.6
50 55 0 1.56814 42.5878
50 56 0 13.8591 64.6908
50 57 0 8.42224 78.5498
50 58 0 25.7798 11.224
50 59 0 65.8579 79.6268
50 60 0 51.6437 76.2747
51 1 0 25.9636 79.8418
51 2 0 78.0336 64.5294
51 3 1 92.189 17.2593
51 4 0 56.8758 87.0174
51 5 0 32.5551 35.5954
51 6 0 56.7637 23.5443
51 7 1 96.9524 45.7117
51 8 0 71.354 14.098
51 9 0 29.7175 24.7008
51 10 0 96.2468 93.9609
51 11 1 12.4483 79.8666
51 12 0 80.2962 34.0379
51 13 0 64.0086 49.7361
51 14 0 85.0534 81.5948
51 15 0 92.3528 38.8397
51 16 0 90.8667 56.4635
51 17 1 11.766 35.7147
51 18 0 12.0813 74.6947
51 19 0 62.4642 63.0845
51 20 1 68.9572 74.701
51 21 1 69.096 36.5299
51 22 1 38.0246 61.7979
51 23 0 63.0233 57.6866
51 24 0 9.20754 38.5412
51 25 0 25.3929 83.3485
51 26 0 20.5938 2.75381
51 27 0 55.6593 86.8879
51 28 0 70.7715 69.9693
51 29 0 79.7161 76.1371
51 30 0 49.9381 45.1261
51 31 0 55.8971 0.811023
51 32 1 35.752 10.5859
51 33 0 47.7468 49.6082
51 34 0 4.01235 46.9806
51 35 0 53.9783 11.3063
51 36 0 35.4889 3.43972
51 37 0 61.6488 45.0324
51 38 0 55.2471 65.3097
51 39 0 85.0079 58.8677
51 40 0 51.2056 73.874
51 41 0 75.9755 89.2274
51 42 0 20.2351 60.2873
51 43 0 15.7813 64.5608
51 44 0 24.0693 22.4702
51 45 0 26.9385 38.3285
51 46 0 82.6094 0.697278
51 47 1 19.1758 60.1894
51 48 0 73.3811 7.06599
51 49 0 65.4641 78.564
51 50 0 41.9993 59.4407
51 52 1 40.4763 61.4434
51 53 0 88.0908 52.2846
51 54 0 38.5307 51.2254
51 55 1 59.005 58.5534
51 56 0 16.2709 56.6996
51 57 0 15.745 75.2011
51 58 0 10.6101 18.8234
51 59 0 35.9704 2.00057
51 60 0 27.0958 77.3705
52 1 1 96.779 70.5606
52 2 0 89.1183 13.5312
52 3 0 97.3348 30.8704
52 4 0 65.0901 44.8962
52 5 0 88.626 60.1251
52 6 0 26.4755 15.146
52 7 0 62.8589 64.2261
52 8 1 24.0247 58.1646
52 9 0 26.9231 4.35953
52 10 1 17.6249 31.8534
52 11 1 24.3049 20.3277
52 12 0 81.6752 11.5884
52 13 1 65.032 72.9179
52 14 0 20.9842 49.7186
52 15 1 92.9498 25.6544
52 16 0 51.6786 57.0826
52 17 0 57.9271 52.4717
52 18 0 3.67172 7.31095
52 19 0 96.4217 21.9754
52 20 0 69.6214 71.8277
52 21 0 84.3943 10.0294
52 22 0 66.8149 7.49605
52 23 0 10.5358 68.3597
52 24 0 92.416 46.8802
52 25 1 82.5128 9.37754
52 26 0 81.7036 29.0939
52 27 0 29.8101 47.422
52 28 0 96.6436 75.8937
52 29 0 29.5564 1.27388
52 30 0 7.43794 66.9722
52 31 0 81.9648 83.2615
52 32 0 17.6419 19.1474
52 33 1 64.553 52.788
52 34 0 91.8871 77.4599
52 35 0 71.9956 65.2524
52 36 0 6.55612 36.4344
52 37 0 63.8965 44.7352
52 38 0 76.5896 22.0384
52 39 0 79.9294 21.4524
52 40 0 14.2562 65.3701
52 41 0 16.4232 98.5072
52 42 0 28.7783 38.5097
52 43 0 1.49723 8.75691
52 44 0 62.2191 80.8284
52 45 0 99.9073 40.2125
52 46 0 73.691 86.5902
52 47 0 78.1925 17.9755
52 48 0 75.286 99.4032
52 49 0 98.2314 19.6101
52 50 0 64.3849 27.1876
52 51 0 1.29697 8.33044
52 53 1 94.5001 30.0622
52 54 0 9.41283 49.1204
52 55 0 91.7518 65.7979
52 56 0 41.648 32.6659
52 57 0 36.7821 3.25179
52 58 0 35.9411 92.5985
52 59 0 45.0458 4.19561
52 60 0 36.53 34.8928
53 1 0 84.9017 9.79576
53 2 0 39.5016 46.0314
53 3 0 6.29521 37.3461
53 4 0 80.8116 27.8453
53 5 0 53.3377 55.3305
53 6 0 42.0876 54.8905
53 7 0 27.878 96.9658
53 8 0 15.539 73.4355
53 9 0 31.4925 86.1789
53 10 1 79.3786 85.719
53 11 0 89.9163 56.1542
53 12 0 83.7162 5.00266
53 13 0 9.31331 4.23799
53 14 0 64.9604 47.2087
53 15 0 63.0837 57.2907
53 16 0 49.0627 9.70295
53 17 1 31.5666 96.4244
53 18 0 60.0949 87.6515
53 19 0 34.0789 21.2118
53 20 0 97.0603 58.424
53 21 0 1.65959 32.2948
53 22 0 48.2895 43.1032
53 23 0 65.3773 87.0005
53 24 0 97.017 83.5008
53 25 0 77.6578 15.6462
53 26 0 46.1352 78.4657
53 27 1 43.5524 88.7963
53 28 0 14.2826 13.1377
53 29 0 67.416 27.7049
53 30 0 3.4207 23.4424
53 31 1 87.6557 75.375
53 32 0 44.7959 19.4799
53 33 0 35.2916 4.97321
53 34 0 84.9051 37.2013
53 35 0 0.817927 90.5113
53 36 0 94.252 80.2741
53 37 0 92.7527 60.5212
53 38 0 12.2525 99.2103
53 39 1 94.979 79.7039
53 40 0 62.6541 51.1338
53 41 1 36.3478 74.4344
53 42 0 99.9567 84.2421
53 43 0 97.426 16.7702
53 44 0 21.6777 56.7776
53 45 0 46.2594 84.6853
53 46 0 74.9747 16.7916
53 47 0 17.0615 4.35742
53 48 0 94.152 95.2372
53 49 0 48.0574 50.444
53 50 0 93.5941 50.641
53 51 0 27.5075 75.9161
53 52 0 48.2934 75.6627
53 54 1 31.4021 4.2194
53 55 0 49.3769 12.4682
53 56 0 56.5673 78.1074
53 57 1 3.40856 15.4026
53 58 0 71.9183 66.696
53 59 0 68.9279 85.3242
53 60 1 54.2179 65.8599
54 1 1 22.8366 52.1211
54 2 0 42.3801 22.162
54 3 0 46.5913 5.69261
54 4 0 99.1473 71.1537
54 5 0 37.7358 49.7489
54 6 0 46.901 41.5025
54 7 0 68.881 43.9648
54 8 0 92.2522 4.33691
54 9 0 93.2428 90.2637
54 10 0 61.3838 53.7664
54 11 0 93.0059 97.8132
54 12 0 77.9368 78.5258
54 13 1 39.4856 82.314
54 14 0 7.56047 27.4115
54 15 0 18.2334 58.9698
54 16 0 70.3797 35.2214
54 17 0 86.9198 52.2255
54 18 0 72.8215 48.9875
54 19 0 34.152 14.8543
54 20 0 49.9178 96.3439
54 21 0 68.792 52.8456
54 22 0 3.78838 11.4007
54 23 0 16.5725 79.7853
54 24 0 20.9617 42.5354
54 25 0 26.3223 56.3192
54 26 0 31.4962 36.224
54 27 0 71.1403 17.1364
54 28 0 10.3263 6.70033
54 29 0 18.1798 39.6655
54 30 0 14.2965 99.5529
54 31 0 60.3388 70.2114
54 32 0 83.3672 61.2908
54 33 1 84.93 5.72253
54 34 0 71.2839 47.1165
54 35 0 33.3307 11.5045
54 36 0 50.0466 68.2965
54 37 1 92.658 78.2501
54 38 0 51.7494 59.562
54 39 0 0.119308 4.96898
54 40 0 11.1062 13.6579
54 41 0 89.6392 56.5454
54 42 0 27.0274 67.8126
54 43 1 78.5595 83.3844
54 44 0 15.3356 93.1102
54 45 0 72.5265 43.5119
54 46 0 68.2972 57.962
54 47 1 13.8854 80.0944
54 48 0 51.0653 40.9838
54 49 0 33.4682 20.833
54 50 0 10.21 63.7351
54 51 1 75.8703 41.3827
54 52 0 51.4642 12.6318
54 53 1 3.637 11.4226
54 55 1 83.3366 33.301
54 56 0 29.3647 5.98822
54 57 0 13.167 11.8112
54 58 0 57.5774 98.4284
54 59 0 83.1033 37.5845
54 60 0 14.0281 80.7543
55 1 0 32.9906 66.5028
55 2 0 27.0651 47.062
55 3 0 27.2557 47.9457
55 4 0 70.5772 90.7953
55 5 0 53.044 64.3197
55 6 0 39.9948 41.6034
55 7 0 59.2821 28.1289
55 8 0 72.8248 32.0139
55 9 0 54.8729 28.7869
55 10 0 66.1459 33.6183
55 11 0 49.3162 22.8895
55 12 0 54.9658 86.8881
55 13 0 53.9221 99.2431
55 14 0 81.8984 76.4318
55 15 1 65.8243 51.6747
55 16 0 68.4932 23.5716
55 17 1 72.415 91.4324
55 18 0 31.7043 24.2065
55 19 0 42.1176 84.7188
55 20 0 77.3575 4.67077
55 21 1 1.7457 20.9932
55 22 0 99.6892 2.01354
55 23 0 41.388 97.384
55 24 0 22.0714 1.5477
55 25 0 38.9289 78.5553
55 26 0 4.34572 36.3177
55 27 0 91.7633 26.4139
55 28 0 5.20816 3.1199
55 29 0 51.7824 63.3512
55 30 0 44.0176 38.3207
55 31 0 47.2268 88.5308
55 32 0 64.597 86.6261
55 33 0 1.23351 18.5985
55 34 0 46.771 38.4454
55 35 0 76.3864 21.5377
55 36 1 54.5217 95.0841
55 37 1 66.2279 58.245
55 38 0 78.4362 39.5054
55 39 0 85.8006 76.4927
55 40 0 32.1267 12.12
55 41 0 77.4214 32.2233
55 42 0 44.2967 68.6197
55 43 0 32.9591 92.2824
55 44 0 4.11444 69.6175
55 45 0 15.429 82.2279
55 46 0 9.09991 70.9386
55 47 0 53.6872 38.5778
55 48 0 95.3768 31.8057
55 49 0 70.9876 12.9636
55 50 0 54.3847 62.2716
55 51 0 66.0291 14.578
55 52 0 97.163 13.9114
55 53 0 80.9049 68.0429
55 54 0 19.0036 78.3971
55 56 1 67.7341 56.8006
55 57 1 33.2838 86.1386
55 58 0 63.2557 11.0472
55 59 0 9.53141 1.13125
55 60 0 82.668 16.7774
56 1 0 92.1445 69.5708
56 2 0 6.73026 54.8449
56 3 0 83.3085 24.9938
56 4 0 71.9379 61.3922
56 5 0 77.5497 8.798
56 6 0 51.4759 52.6376
56 7 0 15.6468 1.09982
56 8 0 66.6313 7.54819
56 9 0 93.2921 58.4896
56 10 1 60.472 63.6981
56 11 0 53.5568 77.2786
56 12 0 11.6816 58.5531
56 13 0 92.3051 23.1681
56 14 0 48.5262 4.80365
56 15 0 27.025 85.7259
56 16 0 90.1978 74.3001
56 17 0 52.8784 23.9619
56 18 0 86.2902 87.8179
56 19 0 93.3304 84.2989
56 20 0 55.9681 76.7986
56 21 0 74.9841 14.4592
56 22 0 13.8634 97.4676
56 23 0 84.4579 78.2866
56 24 0 51.2345 39.1647
56 25 0 18.7274 78.449
56 26 1 79.5542 87.5788
56 27 0 39.8401 42.2504
56 28 0 11.4626 55.9549
56 29 0 58.2826 53.7457
56 30 0 38.5573 54.8004
56 31 0 99.9588 30.5447
56 32 0 0.813217 3.61567
56 33 0 94.4329 54.9963
56 34 0 51.2005 64.5197
56 35 0 61.9061 86.566
56 36 0 79.1441 23.639
56 37 0 88.5643 53.9265
56 38 0 2.16688 12.0246
56 39 0 84.7935 62.4982
56 40 1 15.646 34.983
56 41 0 55.8094 3.57171
56 42 1 62.0142 39.0261
56 43 0 27.3043 36.3083
56 44 0 63.0929 43.209
56 45 0 88.54 54.8614
56 46 0 97.9368 50.2617
56 47 1 61.6639 34.2711
56 48 0 55.5635 91.784
56 49 0 22.845 20.4164
56 50 0 5.88513 12.2097
56 51 0 38.3164 47.7069
56 52 0 53.4278 96.4969
56 53 0 29.6374 8.00774
56 54 0 69.9907 7.73625
56 55 0 26.7991 29.4518
56 57 1 6.52999 3.02003
56 58 0 52.2763 94.6812
56 59 0 48.5707 21.2132
56 60 0 55.6532 58.2415
57 1 0 61.7474 16.2366
57 2 1 74.1316 62.4521
57 3 1 72.024 10.4208
57 4 0 50.354 65.1204
57 5 0 15.1605 97.8078
57 6 0 8.06305 97.1433
57 7 0 89.1721 17.4904
57 8 0 66.4114 43.7942
57 9 0 67.7247 41.3259
57 10 0 15.9862 90.9002
57 11 0 22.7181 49.6851
57 12 0 16.2159 78.3258
57 13 0 51.6114 34.4144
57 14 0 7.79797 26.4825
57 15 0 92.0091 29.7267
57 16 0 98.6828 29.7308
57 17 0 76.2286 71.93
57 18 0 2.20065 1.25269
57 19 0 23.5993 51.4997
57 20 0 33.5981 80.1424
57 21 0 60.5693 98.8814
57 22 0 68.8731 61.8088
57 23 0 96.3373 48.9704
57 24 0 24.5343 85.0597
57 25 1 84.1872 55.9767
57 26 0 8.01534 60.2475
57 27 0 93.3761 68.2453
57 28 1 72.7124 38.2959
57 29 0 98.9176 78.9687
57 30 0 77.8059 97.0064
57 31 0 83.01 86.2122
57 32 0 93.404 1.23185
57 33 0 49.7866 10.8169
57 34 0 3.23546 46.1382
57 35 1 39.8512 72.0236
57 36 0 79.7053 18.8618
57 37 0 3.53412 83.6911
57 38 0 14.4513 85.7292
57 39 1 60.4446 13.9827
57 40 0 56.2974 76.8012
57 41 1 26.0102 57.5758
57 42 0 41.6589 96.9622
57 43 0 68.0672 82.3653
57 44 0 79.6723 87.6997
57 45 0 98.8166 2.60932
57 46 0 71.6418 7.29376
57 47 0 90.1868 95.7
57 48 0 97.0022 55.5473
57 49 0 28.6873 3.67532
57 50 0 49.4673 14.0465
57 51 0 82.6212 30.0366
57 52 0 23.9347 26.7162
57 53 0 64.2764 23.4112
57 54 0 79.1317 1.20487
57 55 0 12.2823 25.6925
57 56 0 7.01648 51.7562
57 58 1 75.9495 83.1898
57 59 0 82.9669 70.3832
57 60 0 31.8926 32.5968
58 1 0 34.1022 53.7306
58 2 0 60.1674 97.8914
58 3 0 48.7461 78.152
58 4 1 99.1511 4.45543
58 5 0 65.4942 61.0456
58 6 1 66.9258 71.079
58 7 0 83.7634 26.5695
58 8 0 25.3621 38.6999
58 9 0 8.74492 25.8169
58 10 0 1.94204 79.5733
58 11 0 49.8414 30.9272
58 12 0 16.5545 49.3159
58 13 0 83.254 98.1675
58 14 0 8.38226 84.1454
58 15 0 96.9814 99.9778
58 16 1 31.7959 10.1608
58 17 1 34.0171 86.1529
58 18 0 99.1508 69.2289
58 19 0 65.2347 77.3535
58 20 0 92.8829 25.1839
58 21 0 70.184 28.4738
58 22 0 48.1091 87.0895
58 23 0 26.9537 52.2736
58 24 0 80.6745 29.4745
58 25 0 21.2478 32.8721
58 26 0 7.61824 53.3614
58 27 0 25.6242 45.4147
58 28 0 55.1218 71.8452
58 29 0 78.4119 62.7421
58 30 0 32.646 45.2024
58 31 0 27.4034 40.2875
58 32 0 57.2254 89.2859
58 33 0 75.118 30.6019
58 34 0 29.4476 9.53474
58 35 0 60.4272 85.6638
58 36 0 25.1691 80.916
58 37 0 27.289 59.4566
58 38 0 26.0223 94.3641
58 39 0 56.9987 15.4161
58 40 0 46.8934 93.464
58 41 0 6.95277 86.0942
58 42 1 20.3223 30.3164
58 43 0 80.9437 94.5261
58 44 0 74.832 84.5295
58 45 1 63.335 92.5732
58 46 1 51.7129 2.62346
58 47 0 50.3001 7.82642
58 48 1 36.6072 14.5425
58 49 0 31.5834 87.7969
58 50 0 1.23325 59.2071
58 51 0 66.7298 64.9838
58 52 0 82.9243 87.7657
58 53 0 96.2709 61.5705
58 54 0 69.8914 45.7717
58 55 0 16.9338 77.8552
58 56 1 10.7453 7.22033
58 57 0 12.2212 7.56183
58 59 1 39.9137 11.5004
58 60 0 83.0427 0.84074
59 1 0 45.1702 30.1843
59 2 0 55.6175 78.3472
59 3 0 87.9381 27.5091
59 4 0 69.469 52.0933
59 5 0 10.8833 54.5195
59 6 1 25.7843 49.0653
59 7 0 77.9175 12.4894
59 8 0 37.0956 20.491
59 9 0 10.1572 69.7262
59 10 1 32.8317 9.44966
59 11 0 12.0847 97.4717
59 12 0 88.9269 9.82838
59 13 0 51.3244 87.8924
59 14 0 56.9055 85.059
59 15 0 59.2686 36.7066
59 16 0 14.5112 99.3588
59 17 0 40.5039 8.14833
59 18 0 19.0897 80.9549
59 19 0 52.804 34.6322
59 20 0 90.5346 6.09108
59 21 0 28.077 93.7999
59 22 0 1.6685 82.1168
59 23 0 7.00091 73.0951
59 24 1 3.90628 1.43807
59 25 1 10.26 92.791
59 26 0 60.0897 28.4066
59 27 0 69.7641 38.73
59 28 0 9.90854 12.8791
59 29 0 81.5159 91.6262
59 30 0 40.088 89.0344
59 31 0 55.3609 20.9583
59 32 0 33.3999 7.12569
59 33 1 93.6372 3.88839
59 34 0 39.5322 66.3225
59 35 0 44.2238 24.7174
59 36 0 58.7097 65.8302
59 37 0 90.3176 97.4483
59 38 0 13.5883 72.7675
59 39 1 67.3026 9.05656
59 40 0 64.3747 53.2617
59 41 0 34.4819 74.5246
59 42 1 25.8636 95.1546
59 43 0 77.8722 82.1544
59 44 0 42.5017 68.3768
59 45 0 56.0492 24.7449
59 46 0 69.7266 13.2817
59 47 0 53.1201 9.96884
59 48 0 30.6726 49.0463
59 49 0 64.9949 34.3605
59 50 0 16.5505 50.4164
59 51 0 15.7876 98.8621
59 52 0 97.8651 87.9452
59 53 0 68.1176 37.6223
59 54 0 88.8211 66.9786
59 55 0 24.0863 33.6938
59 56 0 18.1928 34.555
59 57 0 18.765 94.2087
59 58 1 50.8378 0.60353
59 60 1 73.8723 59.9421
60 1 1 80.2008 87.0714
60 2 0 76.342 46.13
60 3 0 56.9795 8.8365
60 4 0 4.30916 63.1882
60 5 0 11.6607 35.5617
60 6 0 89.4637 89.1202
60 7 0 98.961 95.5192
60 8 0 82.5956 42.7168
60 9 0 17.2038 0.17172
60 10 0 51.3839 41.456
60 11 0 98.1407 91.5376
60 12 0 68.8309 46.2925
60 13 0 28.5665 45.5176
60 14 0 91.7429 74.2181
60 15 0 96.4002 34.0216
60 16 0 75.7429 88.522
60 17 0 3.10967 99.8965
60 18 0 97.9452 64.4312
60 19 0 28.0796 84.0182
60 20 0 61.1981 43.5255
60 21 0 37.6184 11.0343
60 22 0 97.6905 46.4997
60 23 1 78.834 82.9011
60 24 0 10.5672 21.7374
60 25 0 28.3922 18.0492
60 26 0 74.639 20.6742
60 27 0 8.91953 42.4737
60 28 0 65.2949 41.0913
60 29 0 22.9486 39.7883
60 30 0 36.8164 90.9731
60 31 0 63.7628 52.8336
60 32 0 82.2474 65.1374
60 33 0 40.5336 64.7541
60 34 0 20.576 5.08677
60 35 0 72.1662 70.0778
60 36 1 68.2414 61.3963
60 37 0 83.5901 91.282
60 38 0 89.1008 22.0156
60 39 1 88.3542 92.1794
60 40 0 12.1419 5.43546
60 41 0 85.3031 99.7623
60 42 0 33.1602 42.5873
60 43 1 95.5433 21.3876
60 44 0 65.3112 98.3899
60 45 0 25.0782 7.98074
60 46 0 63.019 13.9099
60 47 0 52.9508 50.6807
60 48 0 27.4962 15.708
60 49 0 43.3122 54.6974
60 50 0 54.5155 3.51247
60 51 0 41.6332 42.3757
60 52 0 3.00497 32.2303
60 53 0 26.7078 56.4795
60 54 0 37.1811 15.4719
60 55 0 38.6759 51.6652
60 56 1 17.3746 36.7799
60 57 0 47.6841 93.0981
60 58 0 27.2508 79.2076
60 59 0 50.6291 52.1743
0.555677 7.83015 8.92327 39.3706 19.9629 25.4685 33.3849 8.61727 4.91104 23.3315 0.612153 9.79621 19.801 32.6003 32.5397 1.16575 19.8722 21.3007 20.3023 31.718 18.518 27.2405 15.0853 22.6776 27.4588 16.8357 21.3466 5.00853 12.9642 31.7228 14.8922 37.5119 26.7904 7.76113 14.3166 15.8312 38.0157 35.8187 27.4632 4.86721 19.4316 6.63087 30.4368 13.0862 21.5114 13.6933 28.5166 22.8801 9.06097 31.5738 21.9442 38.4354 38.4117 34.1264 7.52098 3.21787 4.09755 29.0316 19.8737 14.4665 