60
500
3
100
1 2 1 3.20627 97.9145
1 3 0 59.5841 20.1581
1 4 0 26.4221 92.2544
1 5 0 41.2136 94.5537
1 6 0 8.85959 68.8319
1 7 0 35.6634 43.0376
1 8 0 32.963 72.0959
1 9 0 97.0943 45.0115
1 10 0 77.565 4.87042
1 11 0 50.1775 4.30235
1 12 0 49.1051 54.4313
1 13 0 63.2907 40.4628
1 14 0 74.1481 38.7582
1 15 0 31.5371 62.2509
1 16 0 31.5553 63.9106
1 17 0 15.9724 46.3294
1 18 0 49.984 79.9878
1 19 0 13.0128 40.1302
1 20 0 49.2192 50.4994
1 21 1 64.4869 46.7667
1 22 1 6.23055 70.7284
1 23 0 41.3329 1.89666
1 24 0 93.8922 95.8553
1 25 1 87.7079 83.9413
1 26 0 55.6107 19.7698
1 27 0 55.4038 15.114
1 28 0 2.85969 26.3646
1 29 0 9.97501 79.132
1 30 0 3.37871 31.9169
1 31 1 15.6418 7.76998
1 32 0 56.1055 4.36751
1 33 0 62.7988 27.4106
1 34 0 18.1957 43.1708
1 35 1 14.5691 77.2246
1 36 0 31.3596 33.7712
1 37 0 48.6378 86.5971
1 38 0 61.4517 79.0217
1 39 1 82.2128 71.0946
1 40 0 86.0261 91.2646
1 41 1 82.106 21.0736
1 42 1 84.8596 42.8939
1 43 0 36.0134 45.0672
1 44 0 56.7282 26.4646
1 45 0 7.30913 66.1596
1 46 0 46.4959 58.1421
1 47 0 69.2817 49.2773
1 48 0 27.513 98.8522
1 49 0 51.026 9.63974
1 50 0 20.4565 10.9123
1 51 0 95.5441 36.0205
1 52 0 53.1097 44.2121
1 53 0 23.5049 49.4886
1 54 0 9.66509 21.1503
1 55 0 21.484 64.3379
1 56 0 46.5305 38.5834
1 57 0 77.83 26.8444
1 58 0 53.2112 55.4464
1 59 0 63.5861 89.7104
1 60 0 90.9454 79.4755
2 1 0 15.0419 74.3331
2 3 1 7.40188 18.2093
2 4 0 94.1559 66.7403
2 5 0 37.9269 87.299
2 6 0 74.9464 99.9092
2 7 1 16.8035 73.4656
2 8 0 19.7763 61.0233
2 9 0 67.9343 42.9784
2 10 0 42.7088 27.6759
2 11 0 91.3639 21.0077
2 12 1 38.599 8.87255
2 13 0 64.7528 38.0535
2 14 0 53.9441 21.4328
2 15 1 96.8617 0.922989
2 16 1 41.6948 83.4133
2 17 1 14.3654 49.9698
2 18 0 33.9832 15.1014
2 19 0 85.6758 18.6811
2 20 0 79.4675 72.9475
2 21 0 55.3429 96.3524
2 22 0 85.2217 28.1401
2 23 0 58.3222 67.3944
2 24 0 9.2458 28.5711
2 25 0 47.5065 25.1005
2 26 0 52.498 97.1322
2 27 0 38.1633 76.575
2 28 0 99.7364 44.4193
2 29 0 50.3691 26.2876
2 30 0 78.2747 11.6505
2 31 0 21.1242 97.1046
2 32 1 32.7349 9.97597
2 33 0 88.187 18.3408
2 34 0 15.5532 34.9906
2 35 0 50.8769 36.9743
2 36 0 16.0655 41.9178
2 37 0 18.4645 47.6823
2 38 0 8.12848 35.2658
2 39 0 26.7445 11.8587
2 40 0 96.372 36.4195
2 41 0 21.7253 59.4371
2 42 0 91.8934 94.5289
2 43 0 39.2396 40.8773
2 44 0 63.3226 9.11123
2 45 0 69.3452 12.6762
2 46 0 88.9865 12.5683
2 47 0 41.1231 92.9851
2 48 0 37.6957 27.415
2 49 0 63.8282 4.14222
2 50 0 60.4109 65.2625
2 51 0 33.4375 20.9687
2 52 0 52.7067 80.423
2 53 1 49.7179 5.52514
2 54 0 95.4173 98.5642
2 55 0 81.7661 52.986
2 56 0 76.937 73.0723
2 57 0 14.702 87.3351
2 58 0 56.2057 95.2327
2 59 1 33.8835 77.3327
2 60 0 4.54633 66.0704
3 1 0 82.4249 64.8581
3 2 0 61.1054 67.8091
3 4 1 62.0194 41.7729
3 5 0 98.7265 30.8131
3 6 0 62.1893 70.1976
3 7 0 66.4737 15.6558
3 8 0 75.2433 2.90605
3 9 0 98.7259 69.356
3 10 1 22.9351 80.6899
3 11 0 10.5638 13.8964
3 12 0 45.848 0.547802
3 13 0 72.5242 53.6346
3 14 0 99.5192 76.3794
3 15 0 62.95 61.4364
3 16 0 13.1138 46.7965
3 17 0 86.2828 44.5472
3 18 0 79.3815 79.4707
3 19 0 12.06 33.259
3 20 0 0.547127 55.465
3 21 0 59.2802 46.8592
3 22 0 64.0939 64.416
3 23 1 13.093 5.50437
3 24 0 54.1888 55.9961
3 25 0 55.1682 21.3496
3 26 0 8.13255 67.5322
3 27 0 12.7475 11.9085
3 28 0 0.345578 60.0646
3 29 1 2.42995 5.00265
3 30 0 86.9136 11.3339
3 31 1 51.515 34.5298
3 32 0 10.1352 6.01189
3 33 0 90.9444 54.4364
3 34 0 22.1017 89.2619
3 35 0 0.243979 8.19334
3 36 0 57.715 76.0631
3 37 0 40.1298 63.0455
3 38 0 33.7843 35.2717
3 39 0 11.3502 58.8991
3 40 0 26.2369 34.1537
3 41 0 46.4022 15.7269
3 42 0 95.566 54.6709
3 43 0 11.0288 87.3643
3 44 0 61.4286 64.7989
3 45 0 69.4556 0.86913
3 46 0 26.1704 32.0014
3 47 1 29.9342 59.8894
3 48 0 2.1802 42.2059
3 49 0 95.9964 8.53768
3 50 0 64.693 68.6225
3 51 0 62.0396 22.0821
3 52 0 52.5655 65.2418
3 53 0 59.7088 56.9855
3 54 0 29.0176 78.6851
3 55 1 87.9951 39.1156
3 56 0 46.4572 49.7222
3 57 0 4.89467 32.3829
3 58 0 96.1425 78.1618
3 59 0 28.673 32.9458
3 60 0 80.8459 72.8471
4 1 0 11.8695 42.7896
4 2 0 95.2551 61.2147
4 3 0 64.4751 65.0242
4 5 1 66.326 63.2738
4 6 0 41.0331 6.88124
4 7 0 6.7968 36.1985
4 8 0 62.4179 7.46586
4 9 0 18.1163 54.7995
4 10 0 15.3456 54.6835
4 11 0 41.1785 86.0262
4 12 0 65.935 65.4404
4 13 1 57.3312 46.6148
4 14 1 11.0356 22.225
4 15 0 97.271 46.0315
4 16 0 4.25496 11.1335
4 17 0 31.0385 12.8315
4 18 0 32.7154 83.7765
4 19 0 35.715 65.7902
4 20 0 11.0495 88.7217
4 21 0 87.2892 30.9912
4 22 0 15.2413 92.8114
4 23 0 67.7189 6.90245
4 24 0 75.0199 13.5649
4 25 0 43.5094 12.3342
4 26 0 50.7333 98.1384
4 27 0 98.704 26.4868
4 28 0 69.5065 9.43646
4 29 0 69.0015 19.414
4 30 0 97.4181 24.2591
4 31 0 42.9105 20.4529
4 32 0 96.4776 26.4852
4 33 0 33.1834 64.0685
4 34 0 83.8702 92.0456
4 35 0 60.8674 62.0039
4 36 0 45.0111 92.688
4 37 0 34.2435 74.6876
4 38 0 21.8184 61.0423
4 39 0 43.2988 74.3184
4 40 0 13.5136 16.7494
4 41 0 98.6203 61.2575
4 42 0 93.206 7.89681
4 43 1 63.3607 99.2796
4 44 0 13.0042 90.3293
4 45 0 36.7645 68.2764
4 46 0 6.34754 17.8121
4 47 1 69.0037 8.46341
4 48 0 6.37789 74.1674
4 49 0 94.0059 21.6165
4 50 0 22.3551 27.8109
4 51 1 4.00405 18.3593
4 52 0 94.9323 91.7764
4 53 0 64.6881 69.4899
4 54 0 93.9532 36.6712
4 55 0 79.2599 15.7145
4 56 1 48.2357 36.8115
4 57 0 42.5306 95.1782
4 58 0 61.1731 74.9605
4 59 1 15.3874 51.5568
4 60 0 72.2253 53.0283
5 1 0 76.9503 27.4378
5 2 0 19.1704 64.9097
5 3 0 89.9245 65.4593
5 4 0 76.9045 86.7378
5 6 1 76.6886 87.3026
5 7 0 6.91231 2.18161
5 8 0 0.283494 55.6541
5 9 0 34.3683 42.8911
5 10 0 98.4048 38.1801
5 11 0 1.28694 19.6079
5 12 0 7.41173 15.8663
5 13 0 79.7886 60.7458
5 14 0 29.4201 44.5751
5 15 0 26.4999 51.5022
5 16 0 7.61516 47.2736
5 17 0 86.6848 50.7094
5 18 0 25.174 69.2225
5 19 0 61.1178 66.2856
5 20 1 80.7637 3.9324
5 21 0 10.6248 16.54
5 22 0 83.0919 35.4248
5 23 0 1.66094 54.8443
5 24 0 67.8876 61.9321
5 25 0 10.7348 84.2113
5 26 0 98.8257 1.12559
5 27 0 46.5442 77.3108
5 28 1 15.4161 39.1921
5 29 0 96.3244 71.7735
5 30 1 99.3651 14.2276
5 31 0 74.3599 92.8494
5 32 0 23.7235 90.9316
5 33 0 13.3451 24.3402
5 34 0 27.0007 37.0993
5 35 0 43.0645 52.2082
5 36 1 76.3658 40.1627
5 37 0 50.3766 38.6138
5 38 0 99.0803 44.4901
5 39 0 26.462 39.9637
5 40 0 14.659 45.5943
5 41 1 52.247 4.12368
5 42 0 36.8691 90.519
5 43 0 91.3187 39.579
5 44 0 29.5528 6.62116
5 45 1 70.9443 86.1874
5 46 0 57.7141 62.4726
5 47 0 59.8017 10.4017
5 48 0 84.3775 99.5077
5 49 0 17.2513 30.6681
5 50 0 1.85445 22.0302
5 51 0 36.0782 66.8678
5 52 1 91.9419 22.6805
5 53 0 67.9162 99.3233
5 54 0 67.104 2.83503
5 55 0 27.147 37.2958
5 56 0 84.2247 46.2787
5 57 0 62.7201 81.807
5 58 0 21.1995 22.0407
5 59 0 75.2217 44.3941
5 60 0 80.5817 92.7646
6 1 1 33.0219 86.0039
6 2 0 69.0097 50.2742
6 3 0 42.2157 5.41706
6 4 0 74.2358 29.7997
6 5 0 46.1299 48.3667
6 7 1 60.0339 12.3491
6 8 0 55.8351 91.1705
6 9 0 83.7191 22.4625
6 10 0 22.89 64.8819
6 11 0 4.98913 1.88625
6 12 0 91.2286 52.1047
6 13 0 31.2564 28.673
6 14 1 6.05813 6.21981
6 15 0 45.4278 6.93796
6 16 0 37.2044 98.8428
6 17 0 86.0612 31.2163
6 18 0 20.2159 8.72378
6 19 0 85.365 66.1141
6 20 1 57.1096 26.1763
6 21 0 18.8943 26.9582
6 22 0 41.6718 95.4068
6 23 0 42.4581 68.6942
6 24 0 70.6334 22.6689
6 25 0 19.0065 28.9353
6 26 0 37.2922 29.1912
6 27 0 16.8654 47.6296
6 28 1 69.3571 36.3697
6 29 0 81.6079 23.2696
6 30 0 92.9228 69.8963
6 31 0 5.4469 81.6087
6 32 0 92.1324 94.1163
6 33 0 66.4004 35.9653
6 34 1 94.2256 11.2866
6 35 0 0.626314 70.1768
6 36 0 85.1542 52.6639
6 37 0 78.7539 63.6942
6 38 1 70.8161 14.9025
6 39 0 51.1861 97.8059
6 40 0 8.78158 78.8617
6 41 0 6.50427 40.6362
6 42 0 42.0693 92.3408
6 43 0 35.264 60.774
6 44 0 88.241 58.0289
6 45 0 5.99196 94.1889
6 46 0 90.717 36.8287
6 47 0 81.3241 80.6951
6 48 0 84.2129 14.7151
6 49 0 28.0434 13.6088
6 50 0 89.6961 97.2688
6 51 0 26.6708 22.9556
6 52 0 53.2619 94.2436
6 53 0 88.9209 63.1561
6 54 1 72.1518 29.0423
6 55 0 93.1182 10.3091
6 56 1 73.3104 42.3708
6 57 0 71.2631 17.4033
6 58 0 47.5374 52.0469
6 59 0 64.4241 23.2301
6 60 0 11.9406 52.8271
7 1 0 17.2829 51.224
7 2 1 66.8204 18.3406
7 3 0 14.4433 5.06046
7 4 0 64.1226 20.5251
7 5 0 94.221 98.0148
7 6 0 48.6788 9.98708
7 8 1 89.1417 48.1962
7 9 0 67.0299 64.7654
7 10 1 97.9962 36.1431
7 11 0 58.2724 64.1058
7 12 0 16.3466 48.9512
7 13 0 79.0324 74.0316
7 14 1 89.174 43.0849
7 15 1 69.5787 50.0033
7 16 0 2.66244 50.707
7 17 0 44.916 24.957
7 18 0 68.9544 22.343
7 19 0 77.582 68.2018
7 20 0 28.8136 69.1242
7 21 0 67.0579 26.6272
7 22 0 8.71213 1.83471
7 23 0 58.6039 66.6427
7 24 0 79.8814 47.9267
7 25 0 54.7913 23.2852
7 26 0 48.692 67.7246
7 27 0 5.15675 45.9977
7 28 0 55.8918 51.938
7 29 0 73.6075 51.8515
7 30 0 30.0115 53.7587
7 31 1 48.93 62.778
7 32 0 21.9706 65.9679
7 33 0 52.9092 1.12957
7 34 0 61.9112 25.6825
7 35 0 49.7584 95.6165
7 36 0 94.0002 65.0167
7 37 0 90.7592 20.0785
7 38 0 19.339 82.9993
7 39 0 84.6545 22.2429
7 40 0 2.52806 59.4753
7 41 0 21.3768 67.6548
7 42 1 88.8253 59.8394
7 43 0 76.9428 46.6381
7 44 0 61.0251 84.6227
7 45 0 95.0096 27.5974
7 46 0 4.93773 86.8713
7 47 0 59.813 85.8263
7 48 0 45.0078 13.3416
7 49 0 79.807 96.7281
7 50 0 21.9476 45.7666
7 51 0 61.4857 8.15052
7 52 0 0.931508 16.6194
7 53 0 8.39182 32.6156
7 54 0 43.1414 72.1581
7 55 0 55.1384 53.7043
7 56 1 77.7408 74.7201
7 57 0 48.7026 36.39
7 58 0 26.5131 23.4406
7 59 0 54.9621 46.5846
7 60 1 57.6669 38.3482
8 1 0 77.9926 42.512
8 2 0 7.50203 8.66454
8 3 0 62.2042 18.9457
8 4 0 98.3294 30.3199
8 5 0 24.7563 57.1138
8 6 0 26.4294 73.6457
8 7 0 65.507 35.1854
8 9 1 21.5514 13.358
8 10 1 41.3914 12.3997
8 11 0 65.5951 32.9907
8 12 0 91.6161 71.4188
8 13 1 88.4803 3.34953
8 14 0 64.9223 70.6362
8 15 0 89.2678 92.49
8 16 0 78.2116 96.7375
8 17 0 54.6336 2.58454
8 18 0 75.7353 20.4847
8 19 0 87.6693 43.1444
8 20 0 15.1285 23.9186
8 21 0 91.8306 44.6952
8 22 0 24.6729 93.0372
8 23 0 37.84 93.213
8 24 0 75.667 45.3307
8 25 0 50.734 85.6337
8 26 0 90.5632 32.3861
8 27 1 86.6303 55.3515
8 28 0 86.1253 6.29709
8 29 0 19.3099 99.473
8 30 0 97.6151 70.0392
8 31 0 19.8392 53.3464
8 32 0 23.9522 84.2685
8 33 0 76.9772 86.9011
8 34 0 52.4528 86.0432
8 35 0 74.5583 91.241
8 36 0 88.9658 73.5143
8 37 0 2.15501 93.1814
8 38 0 22.7383 14.3396
8 39 1 84.2036 89.7355
8 40 0 25.7305 43.3416
8 41 0 77.6219 83.2454
8 42 0 9.41591 91.7708
8 43 0 71.5761 17.7941
8 44 0 15.6697 19.7817
8 45 0 67.3323 76.7587
8 46 1 66.4987 30.0434
8 47 0 19.8399 28.5987
8 48 0 56.2613 32.2575
8 49 0 82.6256 27.6661
8 50 0 62.7982 82.7937
8 51 1 1.93462 8.46876
8 52 0 90.3239 0.662225
8 53 0 26.6371 51.6616
8 54 0 49.1372 22.4237
8 55 0 86.5928 5.15771
8 56 0 42.0851 79.2202
8 57 0 16.2128 26.0485
8 58 0 97.2464 86.0184
8 59 0 64.9227 87.7262
8 60 0 14.7451 60.8366
9 1 0 96.1104 86.0469
9 2 0 45.7957 46.2666
9 3 0 55.855 54.7621
9 4 0 2.98392 31.8315
9 5 0 21.2414 75.8723
9 6 0 71.8104 88.2449
9 7 0 3.99817 2.94262
9 8 1 88.8499 59.1839
9 10 1 88.9592 45.8705
9 11 0 37.3577 58.2907
9 12 0 11.1755 44.7278
9 13 0 17.9273 40.9504
9 14 0 17.3065 79.9791
9 15 0 19.9734 88.3941
9 16 0 10.8681 70.0245
9 17 0 99.5192 8.8137
9 18 0 71.1466 20.9769
9 19 0 59.3496 91.4255
9 20 0 17.5338 34.5079
9 21 1 93.2204 99.5886
9 22 0 27.7847 30.0237
9 23 0 71.4817 51.7865
9 24 0 15.0675 4.46303
9 25 0 34.5491 63.3003
9 26 0 45.2847 98.8832
9 27 1 32.8013 97.1843
9 28 0 46.0399 21.9831
9 29 0 86.6271 10.0948
9 30 0 19.599 84.1587
9 31 0 55.9494 10.8658
9 32 0 92.2298 8.22823
9 33 0 90.0724 61.5987
9 34 0 21.0653 56.6806
9 35 0 10.9548 52.8943
9 36 1 42.1108 37.5471
9 37 0 99.644 76.4993
9 38 0 56.763 47.9425
9 39 0 39.5472 83.3795
9 40 0 55.129 91.8368
9 41 1 17.9547 27.1216
9 42 1 70.3391 39.7659
9 43 0 90.0774 19.2943
9 44 1 54.6184 89.9463
9 45 0 31.7817 54.6907
9 46 0 41.2867 91.9755
9 47 0 0.216152 16.9171
9 48 0 5.8732 74.8909
9 49 1 71.6916 4.96923
9 50 0 97.6751 53.4433
9 51 0 32.8699 6.36965
9 52 0 47.3394 15.8328
9 53 1 93.1885 44.116
9 54 0 65.4581 94.678
9 55 0 61.4467 31.5376
9 56 0 13.2873 32.4893
9 57 0 31.6635 28.3305
9 58 0 98.1784 75.8813
9 59 0 96.3526 78.7301
9 60 0 66.0697 31.5615
10 1 0 49.9537 50.5706
10 2 0 83.753 0.780585
10 3 0 90.5048 1.05586
10 4 0 25.2017 76.1946
10 5 1 46.486 94.7657
10 6 0 5.57873 78.1834
10 7 0 5.66053 27.406
10 8 0 64.0583 26.4948
10 9 0 69.4795 48.2969
10 11 1 68.4409 51.4025
10 12 0 82.5632 42.9093
10 13 0 38.8449 53.0988
10 14 0 71.9541 98.2096
10 15 1 47.5294 70.7767
10 16 0 39.587 86.1582
10 17 0 58.1493 31.4249
10 18 0 44.575 12.3248
10 19 0 54.261 1.26827
10 20 0 64.5295 2.204
10 21 0 1.31473 15.3774
10 22 0 59.8861 65.6667
10 23 0 42.0391 46.053
10 24 0 32.9244 21.817
10 25 0 17.3275 15.9251
10 26 0 54.3939 99.4228
10 27 0 89.6113 24.9389
10 28 0 66.476 44.5891
10 29 0 18.2571 74.4467
10 30 0 12.3155 57.703
10 31 0 70.7622 32.8852
10 32 0 96.6939 52.969
10 33 0 21.7042 7.85535
10 34 0 71.9683 49.9465
10 35 0 15.5235 70.0482
10 36 0 50.3907 48.6376
10 37 0 53.1474 3.69529
10 38 0 86.4328 14.5301
10 39 0 61.6952 94.9344
10 40 0 73.0105 46.0858
10 41 0 57.3581 8.97435
10 42 0 25.1463 67.6804
10 43 0 61.8525 61.818
10 44 0 7.4471 1.71553
10 45 1 58.5121 47.4442
10 46 0 91.4754 69.834
10 47 0 35.8939 6.76919
10 48 1 34.6057 54.3814
10 49 0 71.5934 7.363
10 50 0 3.66881 1.04742
10 51 0 27.1554 36.0693
10 52 0 27.7584 33.2776
10 53 0 93.3716 87.7118
10 54 0 89.104 53.4662
10 55 1 75.4273 3.91577
10 56 0 48.5106 0.417543
10 57 0 4.04057 71.6164
10 58 0 95.8168 98.6137
10 59 0 61.7626 43.8862
10 60 0 35.6396 55.1945
11 1 0 69.9378 36.3126
11 2 0 44.4277 56.8015
11 3 0 34.2708 57.3682
11 4 0 74.4757 88.7449
11 5 0 63.4373 71.3772
11 6 0 97.5571 1.85216
11 7 0 23.9734 7.94918
11 8 0 73.9729 12.3265
11 9 0 35.2982 49.3256
11 10 0 53.6097 17.5343
11 12 1 37.1684 62.5258
11 13 0 16.1826 22.3015
11 14 0 21.2807 95.7404
11 15 0 44.354 41.2659
11 16 0 41.2105 8.99077
11 17 0 87.8428 86.2726
11 18 0 48.837 52.2909
11 19 0 88.1874 72.7356
11 20 0 32.4822 31.9782
11 21 0 24.593 44.1269
11 22 0 68.2143 52.9651
11 23 1 7.1947 17.6191
11 24 0 94.564 33.4887
11 25 0 13.7515 44.5181
11 26 0 17.0078 15.1452
11 27 0 11.9406 17.6439
11 28 0 64.3246 3.53157
11 29 0 56.4814 6.45612
11 30 0 53.413 22.9597
11 31 0 80.9099 67.5477
11 32 0 64.6459 87.3618
11 33 0 52.0653 83.7281
11 34 0 49.4233 72.5125
11 35 0 28.2374 24.4686
11 36 1 48.2057 93.0137
11 37 0 0.239862 54.7834
11 38 0 42.0404 83.8298
11 39 1 43.46 45.2721
11 40 0 32.5736 32.9755
11 41 0 42.0924 55.1219
11 42 0 64.6703 9.66338
11 43 0 26.0675 83.9843
11 44 0 95.697 12.4846
11 45 1 0.784848 27.9999
11 46 0 94.7363 26.0707
11 47 0 89.0676 56.3603
11 48 0 86.401 35.4403
11 49 0 2.20786 28.2435
11 50 0 59.9125 39.7391
11 51 0 21.9405 98.4837
11 52 0 46.2377 29.2648
11 53 0 80.1775 33.7833
11 54 1 6.05855 59.6467
11 55 0 66.2292 89.1436
11 56 0 16.5549 45.915
11 57 0 46.6419 28.6523
11 58 0 26.4795 94.363
11 59 0 63.4908 73.6966
11 60 0 1.02121 87.6665
12 1 0 24.0575 35.3903
12 2 0 42.3589 28.2819
12 3 0 25.3585 92.2428
12 4 0 21.9105 37.1934
12 5 0 4.87135 74.1717
12 6 1 56.3351 45.0966
12 7 0 60.8058 4.32512
12 8 0 33.9467 66.396
12 9 0 14.1266 81.8116
12 10 1 90.947 94.6029
12 11 0 80.2016 24.0403
12 13 1 72.7774 90.4002
12 14 0 78.4207 37.7506
12 15 0 67.1526 95.7862
12 16 0 24.46 49.0025
12 17 0 33.7697 24.7714
12 18 0 14.0534 85.4588
12 19 1 95.4517 7.49362
12 20 0 49.9526 17.4387
12 21 0 56.8272 31.3064
12 22 0 95.6043 58.7431
12 23 1 36.0333 32.5238
12 24 0 12.3111 95.9701
12 25 1 10.2488 83.9414
12 26 0 91.3572 54.7956
12 27 0 55.9985 82.6399
12 28 0 63.5334 97.5559
12 29 0 49.9007 78.7228
12 30 0 11.0838 64.1607
12 31 0 40.2903 40.7727
12 32 1 9.79503 18.6424
12 33 0 59.1254 40.6257
12 34 1 85.3323 48.9076
12 35 0 52.6462 2.82487
12 36 0 15.8506 28.9098
12 37 0 0.00963667 3.59113
12 38 0 81.0201 25.6714
12 39 0 10.8844 47.613
12 40 1 76.0161 1.23624
12 41 0 3.21819 77.4592
12 42 0 67.4002 42.6933
12 43 0 33.5261 96.4182
12 44 0 5.24701 15.0531
12 45 0 16.2971 18.6846
12 46 0 37.6552 89.5815
12 47 0 20.1687 9.16662
12 48 0 85.606 75.8934
12 49 0 12.4426 31.8065
12 50 0 67.9299 75.6063
12 51 0 5.27327 1.2581
12 52 0 60.143 41.9903
12 53 0 22.0928 72.2985
12 54 0 73.3686 10.2456
12 55 0 68.0437 6.25984
12 56 0 87.0973 96.5967
12 57 0 67.7841 20.9486
12 58 0 97.9803 26.485
12 59 0 82.4221 95.8006
12 60 0 46.258 32.9655
13 1 0 61.9636 44.9471
13 2 0 99.9097 98.1987
13 3 1 99.4976 84.4069
13 4 0 49.905 28.9389
13 5 1 59.7227 56.7305
13 6 0 63.8514 69.2019
13 7 0 83.5521 92.6
13 8 0 55.6708 56.0738
13 9 0 25.4587 21.9298
13 10 0 69.5147 77.6063
13 11 0 18.8339 26.7265
13 12 0 2.83024 80.9891
13 14 1 86.4348 8.77727
13 15 0 54.5329 16.4653
13 16 0 68.0964 5.62382
13 17 0 33.8847 69.453
13 18 0 27.8372 27.7135
13 19 0 97.0242 34.9831
13 20 1 54.1192 32.0825
13 21 0 33.0502 67.2076
13 22 0 47.9018 58.7823
13 23 0 80.9664 79.3614
13 24 0 85.1531 19.6427
13 25 0 68.0093 51.6143
13 26 0 75.0133 45.2611
13 27 0 97.6627 57.52
13 28 0 75.7308 77.4148
13 29 0 46.5327 14.3517
13 30 0 59.1042 82.5909
13 31 0 2.10701 73.5101
13 32 0 20.569 59.7723
13 33 1 10.4136 95.8669
13 34 0 46.7952 84.0226
13 35 1 20.152 15.376
13 36 0 49.9939 13.7392
13 37 1 49.2159 57.9097
13 38 0 25.4115 94.5246
13 39 0 86.3019 4.81857
13 40 0 11.143 68.4318
13 41 0 46.7142 86.5578
13 42 0 26.0792 41.3668
13 43 0 62.7742 58.6101
13 44 0 7.61189 34.4039
13 45 0 38.2996 84.9892
13 46 0 59.4754 16.8354
13 47 0 2.04722 78.162
13 48 0 59.145 10.6435
13 49 0 93.9584 92.4803
13 50 1 80.2806 79.995
13 51 0 71.8338 62.1521
13 52 0 3.75248 25.3231
13 53 0 45.0408 26.7558
13 54 0 73.4377 50.1121
13 55 0 37.7877 15.9963
13 56 0 25.6826 66.0238
13 57 1 67.6483 92.4506
13 58 0 81.0226 34.3257
13 59 0 55.8818 12.8867
13 60 0 7.07605 89.1078
14 1 0 34.2254 19.5155
14 2 0 27.0928 85.263
14 3 0 40.0136 96.5232
14 4 0 36.8977 26.4565
14 5 0 76.6283 33.975
14 6 0 7.76582 72.8237
14 7 0 33.3667 24.1522
14 8 0 94.0877 12.1446
14 9 0 90.9059 89.8456
14 10 0 58.8758 98.9984
14 11 0 17.0935 38.1651
14 12 0 23.6782 63.4547
14 13 0 82.6345 13.6222
14 15 1 16.9568 20.8629
14 16 1 80.9675 65.7928
14 17 0 91.8829 24.7993
14 18 0 23.9238 12.3073
14 19 0 20.7616 48.6049
14 20 1 13.2222 73.1399
14 21 0 86.5732 48.5757
14 22 0 45.1431 71.8523
14 23 0 24.9722 32.7677
14 24 0 3.49984 83.0159
14 25 0 72.9651 85.7891
14 26 0 7.49907 79.2156
14 27 0 53.6929 12.0828
14 28 1 75.5419 9.38727
14 29 0 68.4747 98.5761
14 30 0 8.62092 68.5471
14 31 0 13.1925 72.1438
14 32 0 37.3181 20.7871
14 33 0 58.1406 61.4846
14 34 1 87.3553 75.1859
14 35 0 5.66212 74.4698
14 36 0 52.2375 6.44996
14 37 0 22.2787 60.652
14 38 0 3.44215 8.74812
14 39 0 67.512 8.96329
14 40 0 57.1188 1.13793
14 41 0 57.4425 92.9172
14 42 0 84.3763 1.90235
14 43 0 35.6796 32.816
14 44 0 73.4847 0.280675
14 45 0 55.1326 36.3649
14 46 0 26.1783 77.6222
14 47 0 32.5465 29.5954
14 48 0 36.4903 52.2746
14 49 0 93.364 17.0916
14 50 0 61.6412 58.7865
14 51 1 46.6716 36.7691
14 52 0 63.2179 6.4481
14 53 0 65.5581 25.2117
14 54 0 45.0658 12.2379
14 55 0 32.0548 68.8537
14 56 0 94.1833 66.6211
14 57 0 93.6826 78.9734
14 58 0 96.4023 76.5633
14 59 1 2.12188 73.2128
14 60 0 8.78307 9.53228
15 1 0 95.3379 82.781
15 2 0 71.0826 17.3002
15 3 0 6.14464 69.8889
15 4 0 65.5918 0.111394
15 5 0 20.9159 33.183
15 6 0 21.88 84.3478
15 7 0 86.0514 84.5085
15 8 0 72.3921 65.1917
15 9 0 68.4512 60.3367
15 10 0 1.0165 46.0166
15 11 0 84.651 49.6516
15 12 0 85.3843 68.3802
15 13 1 79.5606 72.1943
15 14 1 50.0423 41.6882
15 16 1 54.454 54.7195
15 17 0 59.9193 76.4272
15 18 0 34.1543 33.8753
15 19 0 41.5661 82.734
15 20 0 33.621 9.66923
15 21 0 85.7132 54.0182
15 22 1 74.9491 8.36309
15 23 0 65.2515 82.7455
15 24 0 74.8467 82.6101
15 25 0 83.097 9.26908
15 26 0 40.7709 91.7004
15 27 0 81.2599 38.6289
15 28 0 23.7671 71.4024
15 29 0 49.9605 37.8833
15 30 0 90.8528 18.701
15 31 1 62.3652 34.3213
15 32 0 84.4045 54.393
15 33 0 85.2789 99.8448
15 34 0 31.8609 23.3878
15 35 0 34.6454 20.8252
15 36 0 38.7812 4.55815
15 37 0 9.4519 54.9409
15 38 0 20.5018 94.1835
15 39 1 49.1194 76.1714
15 40 0 24.0398 58.5146
15 41 0 76.9277 22.9007
15 42 0 79.5 97.4254
15 43 0 68.8388 42.0895
15 44 0 79.2106 34.9941
15 45 0 83.1053 92.5794
15 46 0 20.1747 89.8506
15 47 0 4.36001 2.90168
15 48 1 92.2101 4.87789
15 49 1 36.3459 3.46557
15 50 1 13.8162 96.4818
15 51 0 44.3014 74.964
15 52 0 34.3334 30.8523
15 53 0 69.0256 86.7528
15 54 0 51.1831 10.7439
15 55 0 74.3003 28.1133
15 56 0 19.642 4.13416
15 57 0 71.815 69.6914
15 58 0 48.1571 7.82297
15 59 0 78.6554 49.4788
15 60 0 33.7125 67.3889
16 1 0 61.1857 5.2913
16 2 1 65.3497 75.0669
16 3 0 10.7467 20.0927
16 4 0 59.5588 28.524
16 5 0 99.9941 39.5981
16 6 0 74.7312 80.604
16 7 0 55.9869 69.836
16 8 0 82.5421 49.6937
16 9 0 5.66858 47.8596
16 10 0 95.4829 55.3541
16 11 0 54.4523 45.7771
16 12 0 14.1662 89.1811
16 13 0 84.8254 68.0834
16 14 0 86.8786 76.7969
16 15 0 45.1394 77.6687
16 17 1 83.2631 35.9647
16 18 0 90.5522 41.9515
16 19 0 52.6241 77.4107
16 20 1 76.406 4.8973
16 21 0 89.5569 25.4702
16 22 0 79.5829 68.2915
16 23 1 83.2033 0.264654
16 24 0 28.475 77.4437
16 25 0 31.3534 61.021
16 26 0 97.3761 8.90636
16 27 0 2.548 1.63312
16 28 0 7.86455 1.70262
16 29 0 29.0447 44.4121
16 30 0 65.5989 65.3507
16 31 0 0.215357 72.4287
16 32 0 63.4715 19.756
16 33 0 91.4 78.3282
16 34 0 80.5672 48.5289
16 35 0 37.3229 8.86112
16 36 0 92.6331 92.6783
16 37 0 27.4336 78.0965
16 38 0 64.1455 15.8725
16 39 0 91.4754 11.3193
16 40 0 3.18791 7.08445
16 41 0 10.6329 21.4384
16 42 0 19.5087 96.0241
16 43 0 71.6115 3.14272
16 44 0 75.138 79.5195
16 45 0 27.136 77.4293
16 46 0 79.2637 14.8065
16 47 0 76.8214 79.1261
16 48 0 24.4222 60.0892
16 49 0 61.1227 68.3758
16 50 0 74.8455 30.6599
16 51 1 24.2764 62.3712
16 52 0 83.6712 40.7589
16 53 0 85.2719 11.2013
16 54 0 58.0301 75.6892
16 55 0 13.0286 19.8531
16 56 0 25.2124 91.56
16 57 0 63.7751 15.2802
16 58 0 84.7871 70.6268
16 59 0 15.5425 24.9096
16 60 1 92.7675 40.7126
17 1 0 17.5862 79.6281
17 2 1 92.2919 24.4387
17 3 0 78.5457 60.1323
17 4 0 68.4756 16.3551
17 5 1 8.25893 52.1018
17 6 0 66.0358 46.0587
17 7 0 80.7219 84.6103
17 8 0 33.9966 25.7754
17 9 0 20.7795 84.1632
17 10 0 3.61637 85.3483
17 11 0 71.5419 1.03419
17 12 0 80.3608 33.7767
17 13 0 96.0618 44.2848
17 14 0 6.68486 35.634
17 15 0 93.8068 28.7625
17 16 0 64.4412 73.0479
17 18 1 10.4002 48.8721
17 19 0 5.01598 54.4607
17 20 0 95.3659 58.4795
17 21 0 10.3782 97.682
17 22 0 93.7847 57.0523
17 23 0 45.46 8.76511
17 24 1 12.5052 8.78155
17 25 0 61.8777 15.7804
17 26 0 61.0521 31.9034
17 27 0 32.6009 50.7755
17 28 0 10.7618 1.28135
17 29 0 46.0698 81.7904
17 30 0 16.5342 52.1406
17 31 0 16.9366 27.4118
17 32 0 11.9344 81.6774
17 33 0 84.6875 58.154
17 34 0 0.670071 86.81
17 35 0 60.159 27.3268
17 36 0 22.7195 76.379
17 37 0 41.8602 2.57714
17 38 1 53.8478 10.505
17 39 0 52.5153 8.92501
17 40 0 49.6654 20.8898
17 41 0 44.6292 13.9622
17 42 0 42.1022 33.275
17 43 0 4.30491 19.7494
17 44 0 39.2245 3.06468
17 45 0 9.66023 5.48916
17 46 0 11.9389 93.5182
17 47 0 57.4404 62.5711
17 48 0 23.5255 44.9809
17 49 0 20.0455 84.4263
17 50 0 73.7369 29.4622
17 51 0 2.46575 96.0695
17 52 0 25.7906 68.9097
17 53 1 43.3668 53.1422
17 54 0 81.7723 53.7222
17 55 1 44.881 49.6713
17 56 1 1.73034 65.9222
17 57 0 78.1782 35.4896
17 58 0 84.6828 52.6861
17 59 0 57.9179 93.8404
17 60 0 15.4928 14.1858
18 1 0 89.9823 8.0675
18 2 0 74.8401 72.7139
18 3 0 71.4154 39.2794
18 4 1 14.0409 73.5258
18 5 0 90.8537 3.72104
18 6 0 54.0033 25.1753
18 7 1 52.5916 70.3971
18 8 0 7.64911 20.8931
18 9 0 62.4627 31.623
18 10 0 62.9512 90.4582
18 11 0 26.6799 48.8309
18 12 0 41.3827 78.3387
18 13 0 18.3594 45.691
18 14 0 81.9904 25.4966
18 15 1 66.8516 83.438
18 16 1 8.62104 1.13318
18 17 0 97.0123 87.0843
18 19 1 46.4558 8.60661
18 20 0 75.2601 0.511913
18 21 0 69.5296 95.9068
18 22 1 56.0335 9.68008
18 23 0 32.6675 56.2844
18 24 0 47.3306 45.2865
18 25 0 58.6423 47.3987
18 26 0 60.7361 87.4223
18 27 0 85.2212 6.12812
18 28 0 96.041 18.6817
18 29 0 94.9852 94.1346
18 30 1 26.278 22.7074
18 31 0 34.417 27.9497
18 32 0 36.9431 29.8254
18 33 0 37.199 56.0073
18 34 0 3.56573 25.0478
18 35 0 47.1351 39.8806
18 36 0 47.962 39.4891
18 37 0 35.6596 12.2923
18 38 0 29.1743 43.625
18 39 1 64.0145 44.1569
18 40 0 13.3417 71.2156
18 41 0 55.6877 41.8224
18 42 0 33.2438 3.8514
18 43 0 28.5445 20.3413
18 44 0 45.3171 95.3059
18 45 0 83.7144 67.0535
18 46 0 58.0575 37.7062
18 47 0 97.2129 96.9472
18 48 0 79.4967 15.1358
18 49 0 63.3484 93.0505
18 50 1 45.0461 21.9812
18 51 0 22.199 68.1704
18 52 0 87.4618 77.2869
18 53 0 6.40961 63.6226
18 54 0 39.6906 37.8786
18 55 0 99.7059 61.7354
18 56 0 43.2227 51.058
18 57 0 1.784 50.1225
18 58 0 96.5052 65.5964
18 59 0 54.8009 29.2442
18 60 0 79.9171 73.8818
19 1 0 43.2832 94.1405
19 2 0 53.7574 28.2845
19 3 0 82.5759 27.9183
19 4 0 98.8827 58.524
19 5 0 0.901634 5.98389
19 6 1 0.450362 48.801
19 7 0 37.7309 20.4357
19 8 0 4.65288 98.6273
19 9 0 32.4291 86.4668
19 10 0 67.15 63.0583
19 11 0 72.0438 76.1247
19 12 0 91.4057 41.7403
19 13 0 43.7516 24.5938
19 14 0 33.0512 2.40005
19 15 0 27.7473 95.2414
19 16 0 38.742 61.212
19 17 0 26.1518 79.7445
19 18 0 54.605 6.28592
19 20 1 44.1093 92.3332
19 21 0 63.7829 98.709
19 22 0 60.2447 30.5594
19 23 0 56.6732 89.3366
19 24 0 22.1124 17.5574
19 25 1 90.8593 75.9426
19 26 0 99.5635 79.9831
19 27 0 18.3041 67.1807
19 28 0 82.1656 37.594
19 29 0 63.3021 7.97166
19 30 0 73.257 5.44775
19 31 0 9.26397 60.37
19 32 0 60.3977 94.6491
19 33 0 31.154 85.2618
19 34 0 89.7972 12.4442
19 35 0 78.4965 92.1702
19 36 0 53.729 37.8225
19 37 0 55.281 93.3259
19 38 1 61.1949 58.7352
19 39 0 78.1854 8.04381
19 40 0 63.025 27.5679
19 41 0 60.8936 79.9077
19 42 0 75.9751 17.6432
19 43 0 87.9919 55.942
19 44 1 95.101 31.3178
19 45 0 69.2261 51.2118
19 46 1 79.457 78.1446
19 47 0 14.0103 61.149
19 48 0 90.4968 82.2032
19 49 0 15.5785 75.034
19 50 0 72.507 17.4462
19 51 0 38.1043 31.7499
19 52 1 46.1337 54.1292
19 53 0 26.2791 20.7505
19 54 0 68.9627 71.0258
19 55 0 91.1589 76.541
19 56 0 0.873564 8.61613
19 57 0 43.1264 31.2625
19 58 0 23.189 7.32319
19 59 0 92.3068 59.7516
19 60 0 91.6023 53.4263
20 1 0 90.5144 80.835
20 2 0 25.4543 67.6893
20 3 1 39.8386 29.0113
20 4 0 1.1584 5.25697
20 5 0 60.2562 32.9852
20 6 0 75.6697 44.4151
20 7 0 80.4614 30.5454
20 8 1 8.09618 33.1728
20 9 1 19.6453 17.3898
20 10 0 71.2424 11.2814
20 11 0 67.876 32.2401
20 12 0 48.7005 67.2799
20 13 0 30.5078 24.5453
20 14 0 62.3963 51.6313
20 15 0 74.8859 49.6262
20 16 0 16.8859 43.8015
20 17 0 76.2735 70.3285
20 18 0 7.76317 22.5986
20 19 0 62.4843 19.3339
20 21 1 49.5868 89.7754
20 22 0 13.3274 53.9213
20 23 1 10.1337 20.8372
20 24 0 1.0362 74.6033
20 25 0 63.2936 23.5772
20 26 0 70.6477 60.6161
20 27 0 0.657828 95.2294
20 28 0 21.6673 58.3631
20 29 0 73.6063 69.461
20 30 0 24.344 39.9155
20 31 0 10.3344 61.7793
20 32 0 39.3539 80.8605
20 33 0 87.0211 10.5328
20 34 0 72.4615 40.6947
20 35 0 21.0145 76.7687
20 36 0 27.5076 14.4797
20 37 0 98.7854 46.9863
20 38 0 81.9823 22.0404
20 39 0 29.2831 71.6178
20 40 0 92.9265 72.6832
20 41 0 74.8852 86.9799
20 42 0 44.7531 55.0742
20 43 0 69.1462 70.6921
20 44 0 90.9196 24.0399
20 45 0 21.8164 6.01083
20 46 1 65.8823 35.4208
20 47 0 56.1084 27.7474
20 48 0 3.36027 29.5152
20 49 0 33.2319 10.9816
20 50 0 99.914 27.2909
20 51 0 10.086 48.7678
20 52 1 81.4812 26.6143
20 53 0 16.1466 20.2805
20 54 0 52.0803 21.5141
20 55 1 42.1549 29.9011
20 56 0 26.0017 40.6455
20 57 0 83.9478 78.0462
20 58 1 43.0273 23.2613
20 59 0 51.0714 82.8234
20 60 0 0.830075 35.1168
21 1 1 85.0019 37.761
21 2 0 89.9711 86.2206
21 3 0 94.8473 80.2741
21 4 0 27.8034 21.7069
21 5 0 57.0086 48.0915
21 6 0 5.6698 54.7149
21 7 0 26.8309 66.5942
21 8 0 45.7188 43.5663
21 9 0 53.5146 32.4102
21 10 0 56.252 55.7472
21 11 1 95.3765 4.04982
21 12 0 60.3228 13.211
21 13 0 70.8188 51.9799
21 14 0 20.3715 44.2626
21 15 1 40.2247 33.417
21 16 0 54.6612 78.8388
21 17 0 45.7816 47.8709
21 18 1 96.9504 80.6214
21 19 0 41.3287 64.2365
21 20 0 58.1531 49.7578
21 22 1 79.5886 10.2794
21 23 0 75.5972 28.525
21 24 0 6.16618 74.5244
21 25 0 92.8397 39.0123
21 26 0 84.4375 43.5191
21 27 0 43.8415 75.6101
21 28 0 25.5966 18.2549
21 29 0 57.5294 73.4897
21 30 0 1.0766 30.4086
21 31 1 46.0667 13.4724
21 32 0 15.2937 17.9503
21 33 0 3.99473 91.8686
21 34 0 41.0347 24.7736
21 35 0 14.0478 7.39785
21 36 1 6.60969 83.7981
21 37 0 35.0372 65.7834
21 38 0 8.12318 65.3285
21 39 0 18.3275 81.518
21 40 0 59.0052 97.8518
21 41 1 98.8182 82.2994
21 42 0 1.54186 98.2809
21 43 0 37.8816 6.70858
21 44 0 58.9528 49.7827
21 45 0 63.3511 72.8332
21 46 0 61.8249 35.0314
21 47 0 75.8097 22.2969
21 48 0 55.1402 67.1774
21 49 0 19.4815 94.9684
21 50 0 41.1233 22.8403
21 51 1 4.15592 91.961
21 52 0 89.0286 46.0324
21 53 0 43.3962 66.3612
21 54 0 73.1633 88.0671
21 55 0 68.8911 8.16747
21 56 0 33.4468 21.9567
21 57 0 47.5719 62.4491
21 58 0 13.8159 10.3839
21 59 1 48.6058 35.611
21 60 0 7.98949 78.6215
22 1 0 69.4925 36.9894
22 2 0 14.9038 69.7412
22 3 0 79.413 48.9786
22 4 0 24.8144 25.7889
22 5 0 91.0443 92.9987
22 6 0 69.6401 82.2458
22 7 1 6.216 51.1092
22 8 0 56.3813 90.6686
22 9 1 14.0411 78.21
22 10 0 72.332 39.8199
22 11 0 10.8238 76.5855
22 12 0 10.6767 48.1937
22 13 0 82.8427 72.2637
22 14 0 43.759 34.7997
22 15 0 76.8196 53.8437
22 16 0 90.4564 43.683
22 17 0 0.627696 72.794
22 18 0 86.4232 6.34695
22 19 0 41.317 0.467683
22 20 0 49.6883 66.9772
22 21 1 94.8893 17.9633
22 23 1 29.5149 44.8983
22 24 0 75.4401 5.38573
22 25 0 37.2395 80.8662
22 26 0 29.5275 98.4309
22 27 0 29.9447 92.1474
22 28 0 2.89542 15.9694
22 29 0 52.1408 33.4883
22 30 0 94.4264 31.9488
22 31 0 46.6563 71.401
22 32 0 21.4397 51.0069
22 33 0 8.25092 14.364
22 34 0 3.68931 38.0524
22 35 0 25.1522 28.0407
22 36 0 41.6076 35.3233
22 37 0 47.0963 73.1195
22 38 0 47.245 98.7367
22 39 0 3.80668 6.31106
22 40 0 59.9122 67.1565
22 41 0 54.447 54.8303
22 42 0 1.07742 19.7243
22 43 0 37.9173 65.4656
22 44 0 14.5007 33.236
22 45 0 88.9214 36.8709
22 46 0 83.5324 55.5145
22 47 0 58.2806 34.1723
22 48 0 33.4794 82.5429
22 49 0 88.2435 75.0589
22 50 0 13.8202 80.7845
22 51 0 1.85124 73.1723
22 52 0 16.8824 31.7717
22 53 0 59.7467 41.9161
22 54 0 2.45511 6.31872
22 55 0 8.06931 78.6703
22 56 1 90.21 56.3609
22 57 1 25.8786 77.6981
22 58 0 44.7183 93.3692
22 59 0 90.5699 70.0352
22 60 0 8.50279 89.376
23 1 0 80.9846 9.35922
23 2 1 83.238 46.7755
23 3 0 76.2939 20.6899
23 4 1 81.1805 33.903
23 5 0 27.5021 0.927101
23 6 0 6.47465 98.6824
23 7 0 57.1861 86.3735
23 8 0 72.287 25.5279
23 9 1 1.7423 15.4968
23 10 0 63.3118 90.7941
23 11 1 89.0852 41.9444
23 12 0 39.5821 81.7901
23 13 1 42.8989 83.8278
23 14 0 80.1514 30.1013
23 15 1 77.2565 71.9068
23 16 0 90.5145 58.1246
23 17 0 71.6064 62.806
23 18 0 67.5686 7.63269
23 19 1 57.1641 85.9654
23 20 0 58.0111 24.3289
23 21 0 23.5026 60.3459
23 22 0 80.749 33.1428
23 24 1 19.5194 55.4628
23 25 0 8.49588 61.6554
23 26 0 47.1981 54.7323
23 27 0 78.8492 25.4818
23 28 0 9.97941 95.5077
23 29 0 37.0654 43.8961
23 30 0 0.75581 20.3721
23 31 0 24.0168 93.5967
23 32 0 38.7166 86.0548
23 33 0 89.2953 92.1909
23 34 0 95.8272 19.857
23 35 0 49.1575 83.9245
23 36 0 63.9175 13.3114
23 37 0 62.2819 97.643
23 38 0 5.38248 14.5014
23 39 0 19.2183 73.317
23 40 0 50.3306 35.7532
23 41 0 75.7035 98.4864
23 42 0 39.2691 38.1714
23 43 0 75.3128 76.1359
23 44 1 2.46329 79.987
23 45 0 56.2815 29.5547
23 46 0 7.85022 24.0516
23 47 0 5.94775 53.0288
23 48 0 77.5642 41.7023
23 49 0 73.0573 23.611
23 50 0 91.7665 67.6274
23 51 1 47.7996 12.3421
23 52 0 27.4872 31.5803
23 53 0 50.7971 85.7934
23 54 0 73.4338 36.7995
23 55 0 64.0473 21.6181
23 56 0 77.9182 59.3186
23 57 0 94.5656 3.49999
23 58 0 18.2559 34.8589
23 59 0 20.9678 38.0904
23 60 0 20.8528 10.9865
24 1 0 2.75313 59.0838
24 2 0 74.5988 53.0028
24 3 0 89.2463 13.7956
24 4 0 81.7646 46.5626
24 5 0 27.0417 77.3656
24 6 0 57.9509 50.6425
24 7 0 81.6279 92.9333
24 8 0 55.9537 89.5912
24 9 0 63.0402 21.4188
24 10 0 63.4015 85.7472
24 11 1 70.3121 32.9945
24 12 0 68.276 21.2967
24 13 0 15.3402 42.0802
24 14 0 41.382 63.107
24 15 0 85.5537 24.3046
24 16 0 56.2294 39.9922
24 17 0 98.2787 34.6444
24 18 0 41.6961 23.1234
24 19 0 65.1037 57.0743
24 20 0 34.6254 32.6645
24 21 0 21.2445 69.1294
24 22 0 71.7757 58.8696
24 23 1 49.5966 32.5293
24 25 1 22.4475 58.231
24 26 1 29.7186 53.619
24 27 0 63.3271 47.3592
24 28 0 86.0377 37.9378
24 29 0 97.6338 48.5418
24 30 0 20.1318 43.0977
24 31 0 1.04363 88.3368
24 32 0 33.6139 9.16535
24 33 0 28.0732 87.7249
24 34 0 14.2786 2.62119
24 35 0 91.7514 42.0726
24 36 0 42.4836 32.5045
24 37 0 54.5836 75.3354
24 38 0 31.5952 70.932
24 39 0 77.3449 72.473
24 40 0 88.6807 77.9926
24 41 0 30.5799 36.455
24 42 0 32.7279 42.7879
24 43 1 11.5714 76.6772
24 44 0 10.2351 66.5576
24 45 0 24.3153 49.5721
24 46 0 80.1352 5.2914
24 47 1 61.6118 17.2977
24 48 0 71.7188 80.8456
24 49 0 40.3633 48.2401
24 50 0 0.474389 27.5338
24 51 0 15.1293 66.0624
24 52 0 95.9298 4.45216
24 53 0 55.7778 60.239
24 54 0 10.9604 72.2049
24 55 0 66.4557 5.37077
24 56 0 69.5182 61.4933
24 57 0 91.1942 18.6096
24 58 0 92.3344 36.4065
24 59 1 43.1451 34.1445
24 60 0 64.2298 13.7286
25 1 0 57.0964 29.5551
25 2 0 79.8612 70.7841
25 3 0 11.7717 99.3161
25 4 0 47.4736 35.8667
25 5 0 86.0254 58.1769
25 6 0 19.9156 37.5394
25 7 1 17.3449 43.5833
25 8 0 58.1188 66.2633
25 9 0 71.6985 75.145
25 10 0 39.5337 88.0231
25 11 1 0.492853 29.4059
25 12 0 83.3823 41.9576
25 13 0 27.304 81.3963
25 14 0 36.199 68.22
25 15 0 36.4075 27.7481
25 16 0 59.9129 73.3787
25 17 0 47.795 71.6076
25 18 0 73.7613 81.9235
25 19 0 48.2079 8.48368
25 20 1 6.18333 54.3422
25 21 0 87.1895 24.3912
25 22 0 6.42478 35.8382
25 23 1 19.6161 64.3295
25 24 0 81.211 76.4596
25 26 1 56.6245 81.3629
25 27 0 24.2651 94.5442
25 28 0 20.6588 10.53
25 29 1 56.5211 68.8483
25 30 0 64.4208 38.4717
25 31 0 97.8028 19.6931
25 32 1 21.2957 62.8986
25 33 0 22.6249 5.02408
25 34 0 19.8681 9.62896
25 35 0 32.2185 99.1809
25 36 1 72.6259 87.8422
25 37 0 23.2949 75.6841
25 38 0 95.612 65.7467
25 39 0 39.3793 85.2648
25 40 1 50.4503 41.0882
25 41 0 80.2278 21.9021
25 42 0 50.1538 11.5468
25 43 0 73.9355 8.91234
25 44 0 95.8301 4.11646
25 45 0 92.5634 56.715
25 46 0 40.159 86.7269
25 47 0 13.2727 99.0897
25 48 1 5.744 89.6795
25 49 0 5.06527 44.1264
25 50 1 99.5312 32.2289
25 51 0 27.6273 78.3868
25 52 0 3.40096 83.3286
25 53 1 20.8904 39.7842
25 54 0 50.4077 72.5324
25 55 1 33.9591 85.9486
25 56 0 2.39756 25.4785
25 57 1 18.1261 45.623
25 58 0 14.0968 86.2039
25 59 0 27.7503 48.7174
25 60 0 4.65976 4.57984
26 1 0 16.5675 74.0869
26 2 0 51.5437 1.77597
26 3 0 91.5071 25.6784
26 4 0 21.8765 92.6842
26 5 0 16.6414 68.3411
26 6 0 44.6133 57.1964
26 7 0 19.524 78.2903
26 8 0 50.7284 19.0915
26 9 0 14.9341 52.8288
26 10 1 95.572 54.7075
26 11 0 98.5079 85.3758
26 12 1 5.01009 77.1183
26 13 0 84.884 33.2336
26 14 0 32.0149 29.6614
26 15 0 59.5258 23.4499
26 16 1 88.5885 8.2799
26 17 0 78.8009 99.5403
26 18 1 33.6904 17.7099
26 19 1 54.7674 39.9749
26 20 0 47.727 48.1943
26 21 0 18.0166 26.4664
26 22 0 74.4533 22.7053
26 23 0 50.3361 29.4727
26 24 0 26.0112 83.5622
26 25 0 78.7104 71.1101
26 27 1 73.7762 7.54945
26 28 1 32.4274 47.9813
26 29 0 22.3776 27.7144
26 30 0 63.002 96.4821
26 31 1 74.2862 53.7216
26 32 0 11.7323 33.7942
26 33 0 14.3496 79.0646
26 34 0 71.0575 15.9439
26 35 0 23.1362 68.0524
26 36 0 68.7573 27.4663
26 37 0 1.42333 83.9705
26 38 0 49.5776 6.7196
26 39 0 60.1647 39.1716
26 40 1 76.2366 57.1029
26 41 0 81.0186 25.7402
26 42 0 7.33118 43.8421
26 43 0 15.0658 43.2544
26 44 0 71.8749 0.970327
26 45 0 7.02656 19.1719
26 46 0 17.4812 69.2312
26 47 0 88.1021 36.2396
26 48 0 8.59801 67.7088
26 49 0 73.6471 8.83821
26 50 0 35.3157 2.26212
26 51 1 35.5307 72.8958
26 52 0 26.3728 24.6278
26 53 0 69.0669 73.9317
26 54 1 40.8624 16.2654
26 55 0 52.9064 42.4947
26 56 0 6.8108 51.9351
26 57 0 41.5619 69.4314
26 58 0 4.93236 53.4859
26 59 0 79.8215 18.2441
26 60 0 51.9675 81.1952
27 1 0 98.1719 96.5873
27 2 0 61.3423 92.4864
27 3 0 67.1147 8.51594
27 4 1 89.0545 2.15489
27 5 0 26.8008 17.214
27 6 0 59.654 15.8796
27 7 0 25.0398 64.2155
27 8 0 70.4594 94.1308
27 9 0 4.11763 74.2685
27 10 0 44.5196 38.4174
27 11 0 37.2516 19.4062
27 12 0 48.0728 59.3237
27 13 0 5.16851 59.5092
27 14 0 4.52265 33.8811
27 15 1 24.4728 29.2852
27 16 0 21.8604 70.3163
27 17 0 87.8578 53.1762
27 18 0 67.5237 31.9519
27 19 0 44.5688 17.7482
27 20 0 12.2074 70.1931
27 21 0 50.7153 43.284
27 22 0 94.8712 46.9335
27 23 0 63.6854 57.0646
27 24 0 3.91714 62.5599
27 25 1 14.9233 35.6721
27 26 0 5.85118 38.0574
27 28 1 79.0758 33.3881
27 29 1 40.2389 14.9712
27 30 0 52.5212 46.138
27 31 1 30.4129 29.8656
27 32 1 7.2513 93.3982
27 33 0 74.2879 30.2785
27 34 0 31.4052 10.3911
27 35 0 85.0401 60.3439
27 36 0 60.0497 43.8518
27 37 0 10.3377 31.9456
27 38 0 27.3476 11.0562
27 39 0 45.5048 68.6104
27 40 0 67.9198 31.4751
27 41 1 75.9129 68.6514
27 42 0 96.1773 71.1364
27 43 0 48.9333 39.1451
27 44 1 36.2245 71.6213
27 45 0 69.4613 63.5539
27 46 0 98.846 43.341
27 47 1 0.876125 54.5116
27 48 0 95.3118 73.6904
27 49 0 16.8962 49.6025
27 50 0 87.2629 76.535
27 51 0 21.283 44.4938
27 52 0 95.179 68.1959
27 53 0 14.8925 78.5008
27 54 0 99.5531 88.4676
27 55 0 95.2487 49.7404
27 56 0 97.2568 67.5002
27 57 0 74.8616 98.7073
27 58 0 34.7368 21.8045
27 59 0 50.9452 99.8014
27 60 0 29.9376 73.699
28 1 0 61.7767 82.5113
28 2 0 2.98139 53.936
28 3 0 44.762 39.31
28 4 0 54.9506 50.2873
28 5 1 99.4978 10.8677
28 6 0 84.2905 24.2203
28 7 0 44.9398 72.8469
28 8 0 68.1597 43.5099
28 9 0 54.5738 0.722277
28 10 1 59.3748 31.4848
28 11 1 57.064 89.4614
28 12 1 64.5507 95.1972
28 13 0 21.2613 41.1287
28 14 0 85.3333 13.82
28 15 1 57.618 21.6536
28 16 0 3.7945 59.4961
28 17 0 88.6507 34.2398
28 18 0 74.2533 70.4131
28 19 0 69.8297 78.9109
28 20 0 36.068 73.9332
28 21 0 28.0291 52.0387
28 22 0 23.1305 88.0418
28 23 0 15.9336 32.8129
28 24 1 97.6651 4.14632
28 25 0 12.6436 20.957
28 26 0 95.2445 92.0256
28 27 0 98.2914 43.2363
28 29 1 76.8231 70.4784
28 30 0 22.1168 87.2191
28 31 0 55.8152 79.9336
28 32 1 66.0656 90.7519
28 33 0 75.2821 11.2456
28 34 0 85.6559 19.0832
28 35 0 9.37904 84.9831
28 36 0 8.26579 37.1508
28 37 0 81.3372 31.6756
28 38 0 1.28777 27.8657
28 39 0 30.3724 31.0955
28 40 0 20.9593 72.3727
28 41 0 6.5276 67.7391
28 42 0 16.5524 81.1194
28 43 0 66.4024 93.0434
28 44 0 1.9518 81.2208
28 45 0 46.9635 72.0568
28 46 0 74.2519 79.5348
28 47 0 48.8286 7.40018
28 48 0 33.4775 90.726
28 49 0 21.7244 58.0596
28 50 0 21.6238 23.5523
28 51 0 81.9819 30.77
28 52 0 95.9926 16.8192
28 53 1 89.7487 20.8028
28 54 0 64.0417 52.0472
28 55 0 74.1005 90.9871
28 56 0 56.6799 12.9861
28 57 0 33.4789 81.5965
28 58 0 91.1574 71.3078
28 59 0 97.6892 21.3802
28 60 0 6.74456 16.5887
29 1 1 30.3935 17.9875
29 2 0 15.2568 21.6565
29 3 0 53.257 12.3354
29 4 0 19.962 78.4466
29 5 0 70.3693 2.10029
29 6 1 62.4163 72.1467
29 7 0 62.5293 74.8023
29 8 0 0.0413741 4.99109
29 9 0 24.5334 39.3696
29 10 0 18.2971 11.4707
29 11 0 24.3917 98.9213
29 12 0 82.3122 50.2138
29 13 0 97.1757 6.19814
29 14 0 28.8742 88.5907
29 15 1 28.264 19.8208
29 16 0 52.8562 47.7181
29 17 0 85.18 78.5019
29 18 0 3.64171 70.2978
29 19 0 80.0776 73.0834
29 20 0 23.1892 85.2257
29 21 0 24.1201 57.0997
29 22 0 79.9672 58.012
29 23 0 82.0718 32.4728
29 24 0 86.1543 63.7281
29 25 0 51.4108 55.8577
29 26 0 61.525 69.4479
29 27 0 0.483149 83.7665
29 28 1 42.392 9.24455
29 30 1 71.9379 11.4541
29 31 0 95.3753 40.5076
29 32 0 32.2385 43.9424
29 33 0 59.5586 94.3475
29 34 0 24.4855 87.1737
29 35 1 8.13328 98.8536
29 36 1 89.393 19.4738
29 37 0 32.4448 27.9765
29 38 0 98.5999 78.3731
29 39 0 95.5943 68.9703
29 40 0 26.5484 91.0769
29 41 1 97.5592 72.0757
29 42 0 91.9451 63.9911
29 43 0 1.81644 23.7712
29 44 0 27.223 8.21518
29 45 0 62.5058 82.8892
29 46 0 20.2917 29.5462
29 47 1 44.2122 72.4887
29 48 0 43.6113 51.6036
29 49 0 36.2823 8.49175
29 50 0 31.3023 15.4149
29 51 0 93.407 75.4572
29 52 0 93.7861 75.1886
29 53 0 20.8224 26.0799
29 54 0 10.6402 52.3736
29 55 1 6.18888 62.5284
29 56 0 61.6875 2.30293
29 57 0 69.0159 94.9131
29 58 0 74.6356 50.4703
29 59 0 9.46192 95.245
29 60 0 58.6719 90.959
30 1 1 96.27 0.193467
30 2 0 30.3571 21.0145
30 3 0 54.0764 95.9334
30 4 0 89.4475 18.5631
30 5 1 87.6952 80.8918
30 6 1 27.4573 43.2178
30 7 0 84.3155 5.30321
30 8 0 67.656 20.8285
30 9 0 51.724 79.2272
30 10 0 78.8853 11.8157
30 11 0 95.9759 96.1915
30 12 0 19.3101 71.1614
30 13 0 12.5935 61.6291
30 14 1 33.7532 74.969
30 15 0 14.7091 18.496
30 16 0 70.6494 10.4606
30 17 0 95.8572 43.5355
30 18 0 51.1916 87.2875
30 19 0 14.854 54.5394
30 20 0 15.4728 22.9304
30 21 1 18.1306 5.32013
30 22 0 21.0879 41.6438
30 23 0 76.9781 90.7315
30 24 0 3.945 90.6847
30 25 0 98.65 54.5913
30 26 0 34.1937 23.1818
30 27 0 5.04049 17.2474
30 28 0 7.7548 47.6003
30 29 0 79.0973 0.866839
30 31 1 60.0475 89.9838
30 32 0 10.5549 64.2666
30 33 1 47.6454 82.5502
30 34 0 18.6703 78.763
30 35 0 68.9637 95.9924
30 36 0 51.2316 1.70563
30 37 0 15.4103 82.6586
30 38 0 21.5427 97.0794
30 39 0 73.6855 44.148
30 40 1 72.5321 57.8479
30 41 0 66.0797 70.8906
30 42 0 53.8653 66.4926
30 43 0 37.9382 41.4989
30 44 0 40.4016 7.54772
30 45 0 28.7207 15.3512
30 46 0 44.93 7.68287
30 47 1 29.7647 82.2889
30 48 1 90.1307 58.1301
30 49 0 75.5843 21.8682
30 50 0 32.3858 7.25269
30 51 0 86.5895 57.1635
30 52 0 94.6736 87.1502
30 53 0 50.0184 24.8541
30 54 0 98.5664 36.6111
30 55 0 34.9073 73.8956
30 56 0 1.19086 72.3417
30 57 0 62.36 31.2393
30 58 0 0.0876283 69.5376
30 59 1 39.306 39.5708
30 60 0 8.12103 42.9596
31 1 0 22.4263 34.6631
31 2 0 50.4956 30.8402
31 3 0 95.0438 77.1629
31 4 1 35.9193 25.4454
31 5 0 18.7088 61.129
31 6 0 36.2123 41.6358
31 7 0 83.0836 11.5696
31 8 0 1.08014 18.9915
31 9 0 80.7322 33.073
31 10 0 19.1418 58.6317
31 11 0 69.9926 25.0464
31 12 1 19.4204 40.539
31 13 0 12.521 79.0273
31 14 0 5.37098 12.6551
31 15 0 10.0924 29.0032
31 16 0 72.7685 64.26
31 17 0 1.43926 17.6234
31 18 0 15.4966 23.5697
31 19 1 7.62486 38.2776
31 20 0 83.772 26.6257
31 21 0 15.1434 39.7945
31 22 0 10.7427 27.6698
31 23 0 27.034 45.5255
31 24 0 45.0944 98.8113
31 25 0 26.5212 92.7648
31 26 0 6.85811 16.0423
31 27 0 52.8675 49.9548
31 28 0 46.9778 35.8828
31 29 0 20.4341 49.7569
31 30 0 51.604 61.8651
31 32 1 60.8527 46.93
31 33 0 15.4448 46.2658
31 34 0 29.2388 63.3963
31 35 0 41.2919 13.0214
31 36 0 55.233 44.541
31 37 1 35.9927 75.8882
31 38 0 9.86584 17.3523
31 39 0 17.2492 9.45213
31 40 0 86.4289 5.64375
31 41 0 92.3089 77.611
31 42 1 15.4359 45.129
31 43 0 69.6898 61.1201
31 44 0 40.6587 88.5546
31 45 0 14.5778 22.4262
31 46 0 11.3099 89.8987
31 47 0 53.2126 69.2289
31 48 0 8.63216 77.52
31 49 0 91.5853 45.892
31 50 0 23.0982 6.20202
31 51 0 56.4198 14.5086
31 52 0 76.6537 97.9212
31 53 1 46.9907 0.99871
31 54 0 87.0905 63.5901
31 55 0 60.8867 52.6863
31 56 0 90.3118 47.7193
31 57 0 92.4405 26.6006
31 58 0 19.0803 52.8805
31 59 0 29.3005 47.5786
31 60 0 76.6059 54.0464
32 1 0 7.90706 23.7601
32 2 0 90.0053 30.7261
32 3 0 5.72793 0.571965
32 4 0 51.0161 61.4294
32 5 0 53.3298 37.31
32 6 0 54.6731 67.308
32 7 1 99.27 66.6767
32 8 0 1.34579 58.0374
32 9 0 51.259 53.8906
32 10 0 54.6796 74.4135
32 11 0 31.2943 38.6671
32 12 0 72.1838 37.6109
32 13 0 13.3272 96.471
32 14 0 40.3774 94.6429
32 15 0 66.5011 29.1167
32 16 0 89.566 7.68472
32 17 0 82.1821 58.6556
32 18 0 43.3587 55.6005
32 19 0 36.3028 78.2303
32 20 0 80.7731 97.7655
32 21 0 52.1695 22.524
32 22 0 24.5853 66.9607
32 23 0 82.3123 34.2569
32 24 0 73.7996 66.2316
32 25 0 23.3135 25.4277
32 26 0 74.4175 57.3629
32 27 0 54.9382 9.1982
32 28 0 5.08618 9.1039
32 29 0 34.0724 99.2534
32 30 0 83.3774 90.5305
32 31 0 35.5361 13.663
32 33 1 90.9627 33.8127
32 34 0 69.242 62.6673
32 35 0 84.6574 44.3355
32 36 0 88.7859 7.17683
32 37 0 71.4032 51.565
32 38 0 65.8077 97.5591
32 39 0 60.8241 53.306
32 40 0 25.1149 94.1131
32 41 0 51.6803 64.1773
32 42 0 38.3456 59.3453
32 43 0 10.2315 14.7736
32 44 1 23.4697 97.4351
32 45 0 46.4644 78.4998
32 46 1 64.262 58.9749
32 47 0 88.8487 11.028
32 48 0 88.4669 6.45056
32 49 0 70.2575 66.0237
32 50 0 63.9314 49.079
32 51 0 26.6895 75.8002
32 52 0 46.3905 90.2664
32 53 0 34.9097 13.161
32 54 0 41.2679 47.0054
32 55 0 50.4293 56.0526
32 56 0 85.2483 45.7708
32 57 0 30.5759 15.9556
32 58 0 47.4911 82.5434
32 59 0 93.9899 46.2835
32 60 0 55.7674 58.3951
33 1 0 66.8948 51.0905
33 2 0 95.1679 60.8067
33 3 0 3.2024 88.7789
33 4 0 0.323906 23.7523
33 5 0 83.0264 45.2862
33 6 1 36.1362 57.8168
33 7 0 19.5839 26.5137
33 8 0 49.9701 71.3462
33 9 0 87.1365 91.7633
33 10 1 48.1608 85.3222
33 11 0 32.0655 54.7116
33 12 0 43.8886 73.8656
33 13 0 15.2686 16.2252
33 14 0 30.7795 46.4683
33 15 0 39.0365 51.1952
33 16 0 68.8998 15.3139
33 17 0 4.82269 5.59225
33 18 0 71.9173 20.9062
33 19 0 27.0998 54.5467
33 20 0 81.2706 35.9043
33 21 0 69.7031 7.08384
33 22 0 50.1452 85.1494
33 23 0 5.41133 61.6372
33 24 0 89.5407 81.2798
33 25 1 17.4156 92.3757
33 26 0 43.3784 56.1826
33 27 0 47.2068 98.0649
33 28 0 77.4807 20.2468
33 29 0 83.506 68.4595
33 30 0 46.5241 5.28685
33 31 0 36.43 32.5917
33 32 0 99.4085 66.0355
33 34 1 54.9046 5.86511
33 35 0 22.8187 76.3302
33 36 0 96.6106 75.7377
33 37 0 4.09186 13.5754
33 38 0 76.1743 74.8458
33 39 0 10.5921 43.1576
33 40 1 99.143 55.8818
33 41 1 58.4091 89.8427
33 42 0 22.6696 70.3614
33 43 1 68.1532 87.5442
33 44 0 14.4466 88.8004
33 45 0 79.6309 53.8934
33 46 0 31.4416 81.1381
33 47 0 17.2866 87.7343
33 48 0 72.1761 85.7964
33 49 0 11.1359 9.85487
33 50 0 93.0451 77.8952
33 51 0 80.0241 62.2048
33 52 0 65.1254 30.7401
33 53 0 81.5395 27.739
33 54 0 21.4612 36.6745
33 55 0 58.6382 77.1054
33 56 0 62.1816 68.8
33 57 0 87.2164 68.1534
33 58 0 24.4587 13.7771
33 59 0 86.3645 76.8863
33 60 0 9.8969 78.4323
34 1 0 58.3811 94.7283
34 2 0 82.7144 70.1251
34 3 0 57.8233 11.5076
34 4 0 4.17149 11.3268
34 5 0 5.5034 73.8583
34 6 0 6.92791 27.2338
34 7 0 85.737 83.4293
34 8 0 69.8059 48.44
34 9 0 30.1242 88.9197
34 10 0 57.2505 98.2864
34 11 0 99.9647 85.5643
34 12 0 9.33315 99.84
34 13 0 10.971 96.3639
34 14 0 27.6078 15.707
34 15 0 60.43 49.7109
34 16 1 81.5737 97.6702
34 17 0 10.2993 67.4703
34 18 1 87.4464 8.94997
34 19 0 89.248 10.407
34 20 0 61.3359 36.6716
34 21 0 2.56597 95.4411
34 22 0 14.8908 72.5846
34 23 0 73.8124 39.2493
34 24 0 12.2246 87.614
34 25 0 70.408 43.089
34 26 0 91.3463 19.3004
34 27 0 11.5191 79.0475
34 28 0 55.5874 43.7149
34 29 0 35.0728 56.5963
34 30 1 61.3172 37.4806
34 31 0 72.1688 56.787
34 32 0 82.1358 87.1292
34 33 0 26.3266 87.42
34 35 1 31.997 8.79733
34 36 0 62.6346 72.8273
34 37 0 34.9234 26.7215
34 38 0 22.2419 62.7996
34 39 0 37.2327 92.4978
34 40 0 0.855102 30.689
34 41 0 41.4566 96.084
34 42 0 63.004 19.8207
34 43 1 53.329 14.7331
34 44 0 73.0542 22.1206
34 45 0 71.1316 64.4702
34 46 0 56.6618 94.7792
34 47 0 20.1413 99.7216
34 48 0 36.2934 83.5162
34 49 0 37.0484 72.315
34 50 0 69.3793 47.6371
34 51 0 16.6261 53.8397
34 52 0 98.8821 79.4368
34 53 0 14.2799 19.2624
34 54 0 60.4261 21.6101
34 55 0 20.1328 72.8447
34 56 0 74.1875 5.26289
34 57 0 14.3998 26.0673
34 58 0 11.0146 36.2048
34 59 0 70.8826 79.9089
34 60 0 42.1874 27.6833
35 1 0 96.7082 85.2395
35 2 0 50.1461 13.3736
35 3 0 97.2081 1.22963
35 4 0 93.2416 57.0708
35 5 0 15.6739 29.1194
35 6 0 43.9158 86.1308
35 7 0 98.2425 35.2045
35 8 1 13.9921 20.5768
35 9 1 17.0207 1.44798
35 10 0 10.9161 21.4459
35 11 0 66.9126 98.9466
35 12 1 28.3735 75.9989
35 13 0 57.507 81.2485
35 14 0 34.2877 34.4435
35 15 0 23.4101 61.9146
35 16 0 71.6926 20.9315
35 17 0 0.811875 41.2569
35 18 0 71.7556 43.4573
35 19 1 1.38051 40.4138
35 20 1 2.20927 8.54498
35 21 1 99.1648 19.4531
35 22 0 98.4616 44.4303
35 23 0 0.823418 90.3377
35 24 1 62.3729 15.485
35 25 0 22.1758 81.8362
35 26 0 7.40771 12.745
35 27 1 1.45103 41.0453
35 28 0 0.712867 35.1497
35 29 0 52.2676 65.3543
35 30 0 92.028 72.2848
35 31 0 64.7118 36.1453
35 32 0 75.2728 9.14685
35 33 0 95.6086 6.24837
35 34 0 73.5582 94.073
35 36 1 21.7934 62.524
35 37 0 7.89924 31.0422
35 38 0 66.2255 64.368
35 39 0 79.1787 3.30465
35 40 0 1.66805 92.9574
35 41 0 61.0768 54.06
35 42 0 81.1492 3.92263
35 43 0 17.1509 77.915
35 44 0 88.9817 59.292
35 45 1 7.95931 41.9625
35 46 1 86.0999 63.4979
35 47 0 46.7965 90.3598
35 48 0 66.1747 95.8234
35 49 1 81.1636 34.7888
35 50 0 87.2218 75.7332
35 51 0 19.8642 86.997
35 52 0 20.8238 33.2101
35 53 0 29.4631 80.979
35 54 0 57.2316 19.8825
35 55 0 90.9542 16.3859
35 56 0 63.3975 29.6694
35 57 0 29.8578 41.2382
35 58 0 24.6031 17.3726
35 59 0 74.8121 80.3992
35 60 0 95.2657 10.9933
36 1 0 52.7932 69.9661
36 2 0 18.1986 86.7778
36 3 0 36.0447 16.1878
36 4 0 58.2818 72.3545
36 5 0 3.5792 26.8505
36 6 1 37.4136 91.226
36 7 0 91.6505 18.2185
36 8 0 55.6945 0.941356
36 9 0 10.4727 96.3254
36 10 0 15.2305 79.3272
36 11 0 43.386 61.8292
36 12 0 45.1879 9.48679
36 13 0 58.4221 63.405
36 14 0 70.5758 80.7654
36 15 0 31.1774 65.1389
36 16 0 71.6209 71.9562
36 17 0 0.710445 21.367
36 18 1 54.9127 64.1209
36 19 0 49.6218 93.1718
36 20 0 8.0449 67.7831
36 21 1 30.1077 56.1476
36 22 0 40.4537 98.3982
36 23 0 8.95759 5.14424
36 24 1 74.2215 78.4308
36 25 0 32.8152 67.4417
36 26 0 67.276 87.0137
36 27 1 99.9727 17.3202
36 28 0 39.1801 31.3193
36 29 0 61.0386 68.0378
36 30 0 17.7061 66.9361
36 31 0 7.77008 68
36 32 0 75.7742 75.4444
36 33 0 81.2253 5.33803
36 34 0 41.5861 71.2551
36 35 0 71.0979 48.5344
36 37 1 67.1264 39.082
36 38 0 68.6064 61.5045
36 39 0 59.1167 88.6992
36 40 0 66.7222 23.2807
36 41 0 74.7368 66.4171
36 42 0 36.6729 93.3432
36 43 0 94.1391 12.976
36 44 0 24.8389 82.4694
36 45 0 33.0061 48.4609
36 46 0 61.1631 50.7736
36 47 0 91.3537 52.0096
36 48 0 95.0883 87.0783
36 49 1 72.3671 94.256
36 50 0 38.0961 11.0766
36 51 0 18.0396 67.8927
36 52 0 82.0856 43.5152
36 53 0 9.537 65.2152
36 54 0 94.0181 65.17
36 55 1 65.6426 18.7306
36 56 1 17.3284 60.2583
36 57 0 30.8136 36.6724
36 58 0 40.8021 52.4487
36 59 0 69.778 25.4596
36 60 0 59.6567 15.7772
37 1 0 78.3277 34.1645
37 2 0 2.52096 62.0734
37 3 0 69.6712 2.86062
37 4 0 83.3368 84.2751
37 5 1 83.5373 20.4378
37 6 0 14.6951 18.6628
37 7 0 61.9189 66.8623
37 8 0 41.9639 33.8845
37 9 0 95.4176 54.988
37 10 0 3.6305 52.0204
37 11 0 49.358 53.7097
37 12 0 77.9957 90.4157
37 13 0 88.6775 52.5432
37 14 0 3.22664 17.2273
37 15 0 73.855 57.1922
37 16 0 54.4226 58.9051
37 17 0 63.3116 99.5931
37 18 0 56.9389 51.8041
37 19 0 1.37546 62.7491
37 20 0 70.9708 5.53544
37 21 0 5.90913 81.6752
37 22 0 53.3838 21.1305
37 23 0 43.015 40.6829
37 24 0 9.08296 97.0143
37 25 0 12.3454 77.3327
37 26 0 11.5728 19.0445
37 27 0 93.0266 62.9663
37 28 0 53.8624 92.5358
37 29 0 19.4386 60.7843
37 30 0 85.8228 82.8873
37 31 0 37.1351 86.9556
37 32 0 81.6429 99.0225
37 33 0 81.1644 17.6235
37 34 0 87.7117 24.7873
37 35 0 60.7517 92.8865
37 36 0 25.121 89.8616
37 38 1 62.7649 81.9373
37 39 0 53.6538 69.2491
37 40 1 91.1819 15.6572
37 41 0 79.4128 2.3274
37 42 0 59.7824 86.2094
37 43 0 89.3522 68.8926
37 44 1 69.4546 8.11066
37 45 1 11.3872 47.0931
37 46 0 97.3154 97.4051
37 47 0 67.2171 77.3357
37 48 0 17.7784 98.6548
37 49 0 2.14819 78.1872
37 50 0 76.3855 85.2185
37 51 0 7.64329 8.30051
37 52 0 22.0797 10.054
37 53 0 73.7501 64.1658
37 54 0 21.5234 97.9943
37 55 0 94.2391 35.5334
37 56 0 57.2722 78.3694
37 57 0 59.7297 10.558
37 58 0 33.504 45.4567
37 59 0 17.3248 98.3496
37 60 0 83.9902 13.9266
38 1 0 11.3976 1.51844
38 2 0 36.9016 35.4441
38 3 0 9.76447 64.9355
38 4 0 24.5557 90.4274
38 5 0 0.688702 40.8046
38 6 0 23.0112 74.714
38 7 0 63.8287 37.7651
38 8 1 23.9873 7.32056
38 9 0 49.3972 91.5598
38 10 0 81.1333 33.6313
38 11 0 60.2566 12.3098
38 12 0 83.9327 70.6498
38 13 0 66.5868 6.61689
38 14 0 93.0615 63.5509
38 15 0 54.5582 35.6202
38 16 0 54.2069 19.3215
38 17 0 90.5271 91.2119
38 18 0 2.45813 0.643873
38 19 0 68.5042 16.3753
38 20 1 70.5485 15.7991
38 21 0 13.7762 81.9055
38 22 0 30.822 16.5293
38 23 0 4.5871 85.2075
38 24 0 83.8769 48.283
38 25 0 18.55 78.2042
38 26 0 95.9461 71.0044
38 27 1 41.483 37.0705
38 28 0 4.13055 58.795
38 29 0 88.8509 60.4616
38 30 0 99.9903 4.175
38 31 0 5.5211 49.9367
38 32 0 5.41231 18.1997
38 33 0 1.13751 86.7651
38 34 0 37.3023 61.2018
38 35 0 8.2213 56.1861
38 36 0 4.37322 38.8599
38 37 0 18.146 72.1106
38 39 1 64.6909 21.567
38 40 0 17.9209 68.403
38 41 0 56.8296 29.8811
38 42 1 4.43172 70.1532
38 43 1 2.08585 13.145
38 44 0 80.5009 28.0964
38 45 1 38.8084 98.2726
38 46 0 80.4862 78.9271
38 47 0 97.065 82.5557
38 48 0 59.9989 82.215
38 49 0 52.2234 41.7469
38 50 0 66.7822 26.6932
38 51 0 39.845 64.6993
38 52 0 71.0441 2.49651
38 53 0 74.3201 48.1991
38 54 0 75.0186 81.3399
38 55 0 48.4206 40.0985
38 56 0 68.3845 97.0433
38 57 0 22.1865 1.05197
38 58 0 96.8982 99.8487
38 59 0 69.4464 51.3635
38 60 0 35.3505 30.6832
39 1 0 78.144 26.4415
39 2 0 38.97 24.6491
39 3 0 88.7032 20.3566
39 4 0 34.5686 71.9631
39 5 0 46.5245 7.2925
39 6 0 43.1943 43.4463
39 7 0 30.202 35.5105
39 8 0 21.5618 27.4935
39 9 0 36.9871 30.0894
39 10 1 24.8262 51.6886
39 11 0 93.5775 25.4211
39 12 0 8.45425 6.4707
39 13 0 67.0258 88.407
39 14 0 18.4146 69.3001
39 15 1 17.9576 2.81211
39 16 0 82.035 66.4533
39 17 1 17.7003 83.211
39 18 0 62.0526 77.2713
39 19 0 86.4474 92.2375
39 20 0 75.9749 49.3157
39 21 0 56.3953 57.8317
39 22 0 13.973 82.4511
39 23 0 97.5975 9.0748
39 24 0 56.8306 44.2512
39 25 0 15.6059 10.4884
39 26 0 89.1185 75.7385
39 27 0 76.7909 20.2286
39 28 0 16.143 10.0379
39 29 1 64.5332 82.3903
39 30 0 94.1464 40.041
39 31 0 14.5969 99.1998
39 32 1 8.28807 80.0336
39 33 1 55.9042 80.3857
39 34 0 89.5758 64.1701
39 35 0 97.6661 77.795
39 36 0 15.0819 33.9394
39 37 0 97.4891 65.1141
39 38 0 34.113 31.7367
39 40 1 81.526 6.84428
39 41 0 18.2998 68.5516
39 42 0 0.630652 80.3897
39 43 0 93.8 42.3951
39 44 0 12.7029 55.9436
39 45 0 36.912 29.6482
39 46 0 20.9764 53.0296
39 47 1 99.9596 68.2265
39 48 0 79.8003 3.15669
39 49 0 37.56 20.0501
39 50 0 71.2606 19.7753
39 51 0 51.6301 85.7843
39 52 0 22.2718 30.8355
39 53 0 49.9629 94.4554
39 54 0 36.2538 70.4685
39 55 0 45.2115 69.4756
39 56 0 54.3283 19.2586
39 57 0 14.4126 77.1111
39 58 0 70.3067 98.2257
39 59 1 54.6178 44.4972
39 60 0 24.8177 46.7711
40 1 0 94.401 1.63381
40 2 1 99.6115 76.7883
40 3 0 5.39368 21.1964
40 4 0 44.2134 32.9221
40 5 0 40.2228 6.08332
40 6 0 59.2464 81.3046
40 7 1 54.4259 71.0041
40 8 0 46.5767 79.7068
40 9 0 68.7848 54.4461
40 10 0 10.0343 38.1326
40 11 0 75.3593 65.1838
40 12 0 74.7249 50.1818
40 13 1 35.6135 12.7165
40 14 0 0.109491 63.1442
40 15 0 31.3262 51.9942
40 16 0 2.83539 65.9392
40 17 0 88.8342 26.0833
40 18 1 32.3278 83.2477
40 19 1 36.4088 96.0597
40 20 0 43.7192 68.3596
40 21 1 96.1269 29.4571
40 22 0 52.3596 40.6181
40 23 0 60.9683 75.3348
40 24 0 9.65528 59.0153
40 25 0 89.1291 14.5082
40 26 0 25.9092 39.4958
40 27 0 42.4448 73.846
40 28 0 43.0955 6.55015
40 29 0 61.0985 34.2597
40 30 0 86.3757 1.75167
40 31 0 76.2549 63.3402
40 32 0 92.9424 5.86892
40 33 0 26.641 40.2568
40 34 0 63.4891 74.0914
40 35 0 99.3701 54.1208
40 36 1 7.62844 44.5157
40 37 0 99.2809 59.4254
40 38 1 24.914 51.8909
40 39 0 14.3364 38.9915
40 41 1 15.7814 49.5894
40 42 0 15.8167 54.139
40 43 0 66.0653 19.0001
40 44 0 81.7149 70.8337
40 45 0 35.8788 74.8075
40 46 0 51.7489 59.2384
40 47 0 84.9162 67.1334
40 48 0 74.6476 21.794
40 49 0 82.9918 58.125
40 50 0 93.8633 49.6395
40 51 0 5.9252 21.5945
40 52 1 11.1304 35.2276
40 53 0 11.6122 43.5894
40 54 1 10.0792 76.405
40 55 0 1.06842 29.7119
40 56 0 23.3073 92.2338
40 57 0 86.1712 81.4157
40 58 1 64.1428 40.4112
40 59 0 83.5203 49.7544
40 60 0 69.7758 61.4723
41 1 0 93.0558 38.6964
41 2 0 29.6133 61.0076
41 3 1 5.13476 56.4722
41 4 0 67.4368 69.5342
41 5 0 94.4662 7.66795
41 6 0 21.1916 8.26163
41 7 1 69.8284 30.6485
41 8 0 81.3144 66.9179
41 9 0 45.1051 90.8214
41 10 0 78.3776 89.3508
41 11 0 51.5892 30.0392
41 12 0 95.4105 20.7061
41 13 0 9.97595 65.0502
41 14 0 56.957 21.244
41 15 0 42.9223 53.2748
41 16 1 83.319 39.1003
41 17 0 0.332445 28.0908
41 18 0 76.7194 85.2407
41 19 0 2.36982 6.13677
41 20 0 90.0549 47.1136
41 21 0 38.2259 55.1054
41 22 0 65.3325 10.7263
41 23 0 66.3917 63.2576
41 24 0 1.17867 90.1913
41 25 0 3.16156 97.0853
41 26 0 50.6337 48.6048
41 27 0 51.6215 2.1285
41 28 0 89.0999 56.7336
41 29 0 36.3468 94.8302
41 30 0 60.2663 90.66
41 31 0 43.2126 68.0608
41 32 1 92.4078 7.04278
41 33 0 50.7423 9.63412
41 34 0 1.38693 64.4247
41 35 0 62.0258 86.0541
41 36 0 74.8084 34.6864
41 37 0 47.7581 99.4132
41 38 0 96.9358 60.1527
41 39 0 34.9608 21.9548
41 40 0 86.8849 12.3169
41 42 1 89.1859 79.0403
41 43 0 10.2093 89.1381
41 44 0 86.1333 11.3917
41 45 0 24.4922 0.529027
41 46 0 23.2164 33.6007
41 47 0 26.3863 53.2371
41 48 0 10.6017 73.7172
41 49 0 79.0432 75.2871
41 50 1 57.7112 30.7114
41 51 0 42.3034 12.5932
41 52 0 4.86835 11.22
41 53 0 68.2804 99.0051
41 54 0 30.491 48.0456
41 55 0 25.3793 86.7218
41 56 1 10.2805 21.0117
41 57 0 83.8044 45.1247
41 58 0 98.6666 34.714
41 59 0 41.2367 43.3598
41 60 0 13.3217 36.9567
42 1 0 79.1522 26.1377
42 2 0 1.20785 53.3905
42 3 0 92.8943 68.8194
42 4 0 22.3161 10.7711
42 5 0 74.1304 78.1967
42 6 0 25.5644 50.5101
42 7 0 57.9469 69.8548
42 8 0 0.333987 46.3055
42 9 0 91.4294 41.8948
42 10 0 54.0263 95.5301
42 11 0 95.8933 42.5224
42 12 0 2.18279 68.5337
42 13 0 84.7228 76.2424
42 14 1 78.7188 79.4165
42 15 0 23.692 65.5348
42 16 0 20.5206 92.9387
42 17 0 65.8207 73.5453
42 18 0 40.8881 47.8538
42 19 0 51.8214 51.954
42 20 1 66.4719 43.3107
42 21 0 53.3313 29.8835
42 22 0 85.0157 53.3875
42 23 0 36.6118 33.3222
42 24 0 47.3032 20.3587
42 25 0 60.8431 82.7835
42 26 0 74.8096 19.0314
42 27 0 90.0801 34.2564
42 28 1 65.6262 82.0036
42 29 0 62.3156 46.6354
42 30 0 8.63674 69.7964
42 31 0 29.6028 23.6253
42 32 0 5.55471 26.4473
42 33 1 97.7117 79.4153
42 34 0 30.7224 4.36784
42 35 0 69.2931 74.2014
42 36 0 48.4917 20.1791
42 37 0 63.3491 1.69396
42 38 0 21.1478 78.5637
42 39 0 28.3128 75.071
42 40 0 36.9016 99.7206
42 41 0 59.3064 52.743
42 43 1 33.9304 91.1872
42 44 0 56.4855 92.3318
42 45 0 5.87621 12.1456
42 46 0 8.6269 57.2717
42 47 1 48.948 26.2654
42 48 0 61.5047 88.2058
42 49 1 26.9976 23.1391
42 50 1 76.0961 74.5694
42 51 0 52.2701 92.4833
42 52 0 9.11301 31.4703
42 53 0 75.7177 70.3286
42 54 0 67.7192 11.3687
42 55 1 30.0189 21.3813
42 56 0 87.6112 67.5207
42 57 0 62.0593 52.5733
42 58 0 23.9516 47.4596
42 59 1 86.5966 50.5198
42 60 0 48.1799 30.2209
43 1 1 87.0009 98.4052
43 2 0 53.7508 91.0958
43 3 0 38.8617 13.5629
43 4 0 79.8965 82.8868
43 5 0 34.943 12.7449
43 6 0 81.6568 17.7654
43 7 0 99.4723 91.3518
43 8 0 92.303 19.5227
43 9 0 35.6807 5.98845
43 10 0 29.6996 18.4859
43 11 0 96.6226 93.934
43 12 1 58.6837 46.0124
43 13 1 55.3938 2.74358
43 14 0 2.69567 19.7265
43 15 0 97.3545 6.62874
43 16 1 40.1458 6.7125
43 17 0 6.07605 72.6076
43 18 0 3.71129 69.1208
43 19 0 7.22472 38.7605
43 20 0 14.3908 76.2452
43 21 0 61.6721 85.1247
43 22 0 30.59 53.0738
43 23 0 70.4573 29.2292
43 24 0 5.25578 54.6994
43 25 0 25.9281 95.4711
43 26 0 54.2374 51.3501
43 27 0 21.5329 85.9189
43 28 0 74.7717 58.808
43 29 0 57.6523 55.1639
43 30 0 46.5355 60.2372
43 31 0 87.4015 2.55408
43 32 0 0.940245 69.1282
43 33 1 3.73892 9.52837
43 34 0 72.6791 46.9808
43 35 0 74.8045 21.8974
43 36 0 17.9134 7.59024
43 37 0 60.3198 16.08
43 38 0 5.7291 43.9133
43 39 0 74.9103 41.8498
43 40 0 71.2302 68.751
43 41 0 33.2762 71.334
43 42 0 8.8389 8.04759
43 44 1 75.0189 10.3286
43 45 0 66.0381 10.8974
43 46 0 2.55231 16.256
43 47 0 63.2519 79.9032
43 48 0 68.9698 42.9336
43 49 0 42.8936 84.2154
43 50 0 39.7756 82.4479
43 51 1 21.7473 36.6877
43 52 0 74.0153 75.1996
43 53 0 27.1873 36.3633
43 54 0 17.9129 80.8862
43 55 0 66.1203 99.8784
43 56 0 44.4441 32.7673
43 57 0 69.3789 51.7843
43 58 0 73.2188 25.2067
43 59 0 78.9439 40.4166
43 60 0 20.166 43.2461
44 1 0 72.0402 55.4315
44 2 0 82.3417 44.6183
44 3 0 61.4768 32.5272
44 4 1 84.1499 27.6428
44 5 0 90.2481 33.7745
44 6 0 36.326 91.7929
44 7 0 21.1442 48.5635
44 8 0 85.1192 53.026
44 9 0 51.2741 93.1715
44 10 0 56.2572 11.9811
44 11 0 38.8748 14.3301
44 12 0 92.8466 2.1059
44 13 0 30.7979 21.8047
44 14 0 88.9292 37.2031
44 15 0 12.9934 83.2045
44 16 0 37.0861 10.0244
44 17 0 80.2231 52.8434
44 18 1 16.3851 46.5467
44 19 0 44.3942 28.9993
44 20 0 55.2485 39.6002
44 21 0 61.7227 47.5446
44 22 0 0.412891 67.0284
44 23 0 71.1587 47.9164
44 24 0 62.0445 22.9745
44 25 0 97.7268 8.48237
44 26 0 39.9787 59.4856
44 27 0 19.5804 99.4182
44 28 1 10.2384 2.5006
44 29 0 13.2326 15.3566
44 30 0 83.0614 39.6808
44 31 0 39.4546 17.4822
44 32 0 12.6794 45.7488
44 33 0 53.4879 75.9221
44 34 0 18.391 54.1312
44 35 0 54.0609 47.2737
44 36 0 41.6388 62.5316
44 37 0 88.0879 75.2553
44 38 0 26.4106 67.2526
44 39 0 9.49273 32.389
44 40 0 58.4253 18.136
44 41 0 36.8311 68.313
44 42 0 12.3261 37.7328
44 43 0 43.5115 74.241
44 45 1 75.1143 14.6085
44 46 0 36.1602 80.6791
44 47 0 99.6825 17.4155
44 48 0 50.1822 69.1713
44 49 0 77.3926 55.9029
44 50 0 55.8342 12.3445
44 51 0 85.256 12.0169
44 52 0 76.2764 71.126
44 53 0 35.218 21.505
44 54 0 5.78412 99.2146
44 55 1 7.0551 60.321
44 56 0 59.7684 2.3657
44 57 0 35.6369 14.4869
44 58 0 63.1582 74.0445
44 59 0 63.7576 92.4563
44 60 0 70.7179 9.85023
45 1 0 14.4782 15.4179
45 2 0 87.3351 17.8424
45 3 0 66.4074 14.5071
45 4 0 33.1204 17.6391
45 5 0 13.0517 61.1238
45 6 0 75.3016 47.8086
45 7 0 9.7616 25.0238
45 8 0 63.9595 63.7543
45 9 0 55.0863 75.5726
45 10 0 8.47066 47.9763
45 11 0 38.2405 52.6325
45 12 0 15.2072 67.9167
45 13 0 92.6724 62.1323
45 14 0 87.8712 10.0109
45 15 1 49.9027 73.4109
45 16 0 89.3378 77.8498
45 17 0 14.0514 23.913
45 18 0 8.87383 67.8865
45 19 0 73.7008 51.053
45 20 0 97.8932 48.6613
45 21 0 13.6758 5.85165
45 22 0 85.5687 9.22496
45 23 0 93.6539 68.2396
45 24 0 42.3879 36.7632
45 25 0 67.7382 99.9736
45 26 0 41.749 42.7886
45 27 0 15.3021 82.0163
45 28 0 71.351 56.3701
45 29 1 35.7515 83.6702
45 30 0 25.0235 95.2325
45 31 0 14.7048 7.42698
45 32 1 61.4851 96.5866
45 33 0 7.53406 52.8585
45 34 0 53.0263 78.5224
45 35 0 48.94 66.3185
45 36 0 61.6535 31.2553
45 37 0 14.2586 75.9784
45 38 1 81.6752 24.2343
45 39 0 70.6738 6.33288
45 40 0 80.6213 92.2972
45 41 0 64.1313 21.1087
45 42 0 79.9798 36.8384
45 43 0 70.5166 7.42066
45 44 0 30.3903 79.5836
45 46 1 25.3494 94.0013
45 47 0 81.0723 39.4672
45 48 0 88.6165 57.5411
45 49 0 10.0604 72.1187
45 50 0 84.0412 44.114
45 51 0 86.0136 36.0128
45 52 0 96.0888 46.2801
45 53 0 75.6325 81.2467
45 54 0 44.784 72.6413
45 55 0 1.59567 17.6879
45 56 1 93.8903 55.8821
45 57 0 0.791806 34.4542
45 58 0 9.36774 13.6021
45 59 1 44.9709 8.24394
45 60 0 52.7345 29.5872
46 1 1 47.4234 21.9145
46 2 0 46.542 99.7072
46 3 0 99.6694 19.0389
46 4 0 35.6382 49.6309
46 5 0 2.55733 25.5884
46 6 0 36.1 81.5109
46 7 0 56.8423 98.7358
46 8 1 98.0841 80.9868
46 9 0 35.8932 19.7401
46 10 0 74.477 45.2046
46 11 1 12.729 10.9133
46 12 0 24.5366 71.6573
46 13 0 26.5874 28.0143
46 14 0 45.4283 30.6824
46 15 0 46.7981 18.7026
46 16 0 21.0479 61.4489
46 17 0 2.44294 47.9664
46 18 1 47.9725 52.9322
46 19 0 83.4502 25.5623
46 20 0 80.6375 80.1905
46 21 0 13.044 36.6063
46 22 0 76.7287 53.9342
46 23 0 7.88081 71.884
46 24 0 32.7363 71.6107
46 25 0 75.7656 93.1326
46 26 0 45.0067 60.9002
46 27 0 52.645 45.4317
46 28 0 43.8022 26.6043
46 29 0 89.2098 44.3319
46 30 1 29.7708 7.48326
46 31 0 93.571 36.8191
46 32 0 63.7184 29.4815
46 33 0 71.8979 61.0879
46 34 0 19.6214 5.44461
46 35 0 4.31389 64.7526
46 36 1 0.31762 80.6642
46 37 0 3.56856 86.198
46 38 0 91.1408 49.1928
46 39 0 59.092 70.6194
46 40 0 34.9595 88.9107
46 41 0 68.306 82.4304
46 42 1 82.3116 79.3758
46 43 0 89.7917 6.08153
46 44 0 57.7142 89.3189
46 45 0 21.4757 68.7385
46 47 1 29.6952 66.7723
46 48 0 1.84799 93.5136
46 49 1 3.58389 21.3069
46 50 1 34.477 42.7695
46 51 1 42.829 86.4815
46 52 0 11.481 12.2792
46 53 0 58.2186 37.7517
46 54 0 63.6695 51.6805
46 55 0 58.849 0.663077
46 56 0 62.1429 19.5762
46 57 0 31.167 51.4849
46 58 0 14.0891 10.3015
46 59 0 87.9958 32.9147
46 60 1 32.0024 89.0495
47 1 0 0.920577 41.286
47 2 0 95.1652 7.13679
47 3 0 43.6863 76.9905
47 4 0 54.8749 55.221
47 5 0 20.5315 95.9419
47 6 0 93.0606 53.3261
47 7 0 55.7757 15.8927
47 8 1 5.48879 3.75709
47 9 1 41.5519 83.041
47 10 0 86.9819 88.0754
47 11 0 74.0228 39.3836
47 12 0 75.39 96.8769
47 13 0 72.1419 69.146
47 14 0 12.4285 33.8769
47 15 0 82.9751 81.2185
47 16 0 33.6962 83.1836
47 17 0 16.1985 32.8745
47 18 0 23.7273 61.9071
47 19 0 78.9384 13.4521
47 20 0 69.6742 72.4303
47 21 0 77.6994 96.3045
47 22 0 86.2761 9.28231
47 23 0 10.0739 79.8155
47 24 0 43.5522 73.3812
47 25 0 97.7872 60.593
47 26 0 64.7152 68.2927
47 27 0 35.4462 69.7901
47 28 0 62.858 45.7822
47 29 1 21.8828 79.3346
47 30 0 95.3041 80.8247
47 31 0 97.3753 65.2232
47 32 0 52.7055 83.5489
47 33 0 49.3383 17.2062
47 34 0 76.8126 29.96
47 35 0 82.8045 39.2404
47 36 0 82.155 96.4039
47 37 0 73.0864 86.2362
47 38 0 41.9613 47.9879
47 39 0 9.01129 76.8509
47 40 0 27.9884 59.3572
47 41 0 17.8569 93.4621
47 42 0 27.1908 62.9114
47 43 0 76.7132 87.4421
47 44 0 61.0146 44.4901
47 45 1 54.726 44.9018
47 46 0 23.7391 9.45999
47 48 1 69.5938 0.342671
47 49 1 80.5785 37.7723
47 50 0 75.509 5.92124
47 51 0 78.1648 37.2781
47 52 0 13.6473 79.3145
47 53 0 64.7757 5.59216
47 54 0 48.9927 29.8964
47 55 0 60.7462 53.3234
47 56 1 15.5105 7.73071
47 57 0 24.8627 71.8558
47 58 0 95.0109 81.3319
47 59 0 60.3691 39.5312
47 60 0 91.7691 54.2827
48 1 0 31.5537 12.1505
48 2 0 78.4392 48.7861
48 3 0 53.4613 45.6554
48 4 0 85.1785 93.9876
48 5 0 95.2319 18.3224
48 6 0 8.49543 0.110271
48 7 0 54.3807 82.4867
48 8 0 40.7053 50.5069
48 9 0 80.9635 15.6041
48 10 1 84.2947 95.0116
48 11 0 62.3209 24.2641
48 12 0 82.6951 33.7705
48 13 0 58.2508 85.0282
48 14 0 43.6874 51.2233
48 15 0 24.7637 70.6792
48 16 0 78.8129 14.134
48 17 0 4.2041 5.91873
48 18 0 82.7333 76.0556
48 19 0 80.1534 30.1184
48 20 1 49.5836 66.1815
48 21 0 68.0485 97.1727
48 22 0 27.6571 60.5668
48 23 0 59.468 66.1687
48 24 0 20.8949 59.42
48 25 0 50.1001 83.6796
48 26 1 91.9177 34.1685
48 27 1 57.328 8.08139
48 28 1 38.4251 13.9117
48 29 1 89.374 96.2057
48 30 0 85.2512 76.0686
48 31 0 34.2385 56.0945
48 32 0 12.4879 45.9558
48 33 0 62.659 38.7175
48 34 0 67.6425 69.1763
48 35 0 45.6121 20.5269
48 36 0 28.5927 39.6749
48 37 0 79.5183 35.5849
48 38 1 35.3498 68.9857
48 39 1 83.7074 75.5307
48 40 0 39.0513 48.8842
48 41 0 43.833 27.6991
48 42 0 59.9665 71.2191
48 43 0 17.0264 85.3364
48 44 1 18.829 23.9212
48 45 0 62.5117 85.1257
48 46 0 72.1855 49.7557
48 47 0 27.2018 50.0329
48 49 1 52.3615 20.639
48 50 0 34.894 44.0899
48 51 0 91.1036 24.5098
48 52 0 64.1985 43.5819
48 53 0 27.8463 31.5638
48 54 1 82.6065 74.7673
48 55 0 78.8158 21.0606
48 56 0 77.5088 93.5776
48 57 0 69.5992 59.278
48 58 1 20.9266 48.6335
48 59 0 22.3554 55.7172
48 60 0 88.24 96.9373
49 1 0 0.453067 71.5823
49 2 1 47.7657 13.2117
49 3 0 24.1534 43.4246
49 4 0 33.8654 84.8568
49 5 0 43.4326 81.3623
49 6 0 9.94754 70.6119
49 7 1 71.772 88.292
49 8 0 0.828312 22.4904
49 9 0 83.9437 37.7631
49 10 0 30.0213 18.4504
49 11 0 56.9333 6.78772
49 12 0 84.9196 14.318
49 13 0 14.6988 23.0346
49 14 0 63.4128 51.9107
49 15 0 98.3695 39.3486
49 16 0 23.4838 63.3419
49 17 0 97.9628 85.3841
49 18 0 35.0956 13.1874
49 19 0 32.2898 76.6539
49 20 1 61.1512 48.8874
49 21 0 23.5545 62.0354
49 22 0 51.8425 95.875
49 23 0 35.7311 37.5944
49 24 0 7.54507 72.4475
49 25 0 56.554 75.7867
49 26 0 27.6832 17.4801
49 27 0 95.3787 86.8702
49 28 0 46.9778 91.9295
49 29 0 42.4881 51
49 30 0 68.897 67.9343
49 31 0 59.2305 2.91521
49 32 0 79.9745 81.1646
49 33 0 67.2533 43.177
49 34 0 21.2626 43.0543
49 35 0 21.4455 27.7484
49 36 0 86.7847 3.17208
49 37 0 72.1083 28.5034
49 38 0 12.0654 80.5117
49 39 0 51.7082 93.903
49 40 0 33.9005 94.6323
49 41 1 10.0561 28.6886
49 42 1 7.60829 16.2159
49 43 0 70.5289 28.184
49 44 0 25.7315 78.1255
49 45 0 31.1748 40.0445
49 46 0 21.3082 84.59
49 47 0 90.3562 89.2745
49 48 0 75.3724 79.0594
49 50 1 51.6342 21.9413
49 51 0 72.474 98.4575
49 52 0 51.1518 46.111
49 53 0 19.1152 57.9662
49 54 0 98.1926 57.5987
49 55 0 16.5174 44.0394
49 56 0 80.1406 28.3004
49 57 0 34.4523 49.9508
49 58 0 64.8819 88.1832
49 59 0 33.6845 90.15
49 60 0 70.8465 63.515
50 1 0 18.2098 25.6317
50 2 0 12.5206 46.3331
50 3 0 23.7421 87.1474
50 4 0 27.2347 93.7818
50 5 0 48.6237 69.9814
50 6 1 41.1684 65.8106
50 7 0 16.8576 48.1777
50 8 0 12.1176 30.6755
50 9 0 16.3147 86.3528
50 10 1 10.9997 87.8532
50 11 1 71.163 96.8841
50 12 0 36.3903 52.8487
50 13 0 50.6183 90.4414
50 14 1 46.5983 72.7758
50 15 0 40.7523 4.76237
50 16 0 16.4462 20.5043
50 17 0 35.8815 47.7688
50 18 1 83.1373 3.59487
50 19 0 94.1049 33.1256
50 20 0 54.1585 87.6942
50 21 0 2.63133 0.789408
50 22 0 86.6124 22.4724
50 23 1 16.1094 75.198
50 24 0 22.1925 41.1988
50 25 0 4.34597 66.6714
50 26 1 67.7477 25.0255
50 27 0 40.0421 32.0815
50 28 0 57.0025 92.9268
50 29 0 69.4374 36.4366
50 30 0 68.9346 95.6319
50 31 0 52.236 49.3387
50 32 0 88.5165 95.5069
50 33 0 22.3062 48.978
50 34 0 42.3798 73.9624
50 35 0 49.1535 67.575
50 36 0 12.0317 62.5261
50 37 0 59.7054 30.9771
50 38 1 13.4127 19.0268
50 39 0 59.8384 41.9584
50 40 0 25.1344 0.194117
50 41 1 42.7984 90.5103
50 42 0 0.0210699 19.8959
50 43 0 77.5322 44.0824
50 44 0 99.753 93.6983
50 45 0 93.4797 7.53904
50 46 0 94.9365 26.9755
50 47 0 25.4396 76.4401
50 48 0 90.0956 78.384
50 49 0 74.3482 50.9132
50 51 1 82.0896 13.4453
50 52 0 17.6311 59.1728
50 53 0 73.5909 69.3989
50 54 1 89.2932 34.8084
50 55 0 91.1995 8.71952
50 56 0 95.2006 81.0162
50 57 0 36.4702 27.6327
50 58 0 89.1484 39.2245
50 59 0 24.0894 57.1306
50 60 0 70.5599 16.5565
51 1 1 30.2072 55.6881
51 2 0 16.0587 29.074
51 3 0 21.3711 56.366
51 4 0 76.8069 23.4785
51 5 0 60.3342 6.9601
51 6 0 25.7446 45.4567
51 7 0 55.2086 69.0895
51 8 0 63.9185 64.6948
51 9 0 41.0881 22.9343
51 10 0 37.1588 83.8963
51 11 0 43.9547 41.2129
51 12 0 97.3255 93.6081
51 13 0 36.4012 75.7114
51 14 0 79.6766 46.9642
51 15 0 33.3403 41.4152
51 16 0 67.2777 32.9823
51 17 0 50.5879 28.1078
51 18 0 91.6448 21.0337
51 19 0 71.3835 91.308
51 20 0 51.7852 33.1515
51 21 0 59.686 40.0747
51 22 0 68.6813 13.8171
51 23 0 49.3104 87.8453
51 24 1 54.1213 47.0394
51 25 0 63.0949 98.7174
51 26 0 36.3446 42.2649
51 27 0 66.7907 42.5382
51 28 0 20.3881 78.8286
51 29 0 6.09931 90.0768
51 30 0 77.5619 89.638
51 31 0 11.065 86.7348
51 32 1 16.6077 82.589
51 33 1 2.07093 77.0294
51 34 0 27.6171 76.6882
51 35 0 27.1413 32.8603
51 36 0 66.2414 41.039
51 37 0 27.3556 71.7275
51 38 0 19.3996 99.4466
51 39 0 64.7846 73.4265
51 40 1 42.5135 65.0885
51 41 1 44.2482 99.4457
51 42 0 23.8089 54.4622
51 43 0 82.5282 1.11688
51 44 0 30.4112 70.6043
51 45 0 53.8051 33.638
51 46 0 94.1538 11.8679
51 47 0 42.2707 79.8672
51 48 0 61.8608 24.6616
51 49 0 2.41687 83.0831
51 50 1 20.8167 13.9783
51 52 1 62.4082 94.3056
51 53 0 80.5609 86.1273
51 54 0 51.9021 77.5578
51 55 0 32.683 82.865
51 56 0 17.8645 64.5592
51 57 0 33.5289 19.2604
51 58 0 14.9481 72.6414
51 59 0 34.2492 46.7019
51 60 0 69.0531 54.7272
52 1 0 91.2556 74.7277
52 2 0 42.1367 69.3198
52 3 0 75.634 9.03502
52 4 0 84.5986 45.0797
52 5 0 84.4037 58.6877
52 6 0 4.66563 14.9571
52 7 1 34.3717 46.6758
52 8 0 51.62 70.251
52 9 0 99.1679 2.14713
52 10 0 56.5399 48.3316
52 11 0 64.863 45.4438
52 12 0 92.9709 96.9819
52 13 0 97.8439 8.7865
52 14 0 34.4914 86.8549
52 15 0 24.7175 9.64748
52 16 0 9.44122 24.1782
52 17 0 49.3326 48.7573
52 18 1 8.16684 10.9061
52 19 0 1.33386 39.0875
52 20 0 86.272 41.7898
52 21 0 15.3035 63.4934
52 22 0 74.7041 29.3732
52 23 0 84.6328 71.3283
52 24 0 79.5569 75.1423
52 25 0 88.1239 45.272
52 26 0 46.1642 99.2977
52 27 0 93.7472 97.1277
52 28 0 0.205419 21.421
52 29 0 98.547 74.6456
52 30 0 52.4807 49.8782
52 31 0 97.8601 53.1068
52 32 0 80.8553 22.3281
52 33 1 29.6424 43.8242
52 34 1 39.156 32.0058
52 35 1 79.9229 51.5811
52 36 0 10.3424 63.2837
52 37 0 50.756 16.6834
52 38 0 34.7553 2.67752
52 39 0 43.2499 16.9222
52 40 1 61.7761 69.0386
52 41 0 60.0279 55.6815
52 42 0 49.0823 64.8866
52 43 0 55.6155 35.6262
52 44 0 94.0594 25.1291
52 45 0 56.6 35.079
52 46 1 96.8466 53.4515
52 47 0 74.9178 95.9478
52 48 0 89.8351 39.5317
52 49 0 99.3781 37.5922
52 50 1 33.0464 49.099
52 51 0 57.1308 37.8868
52 53 1 47.2343 24.4641
52 54 0 92.166 9.78554
52 55 0 66.2984 65.9152
52 56 0 48.3231 41.5793
52 57 0 50.576 11.6033
52 58 1 23.5444 87.1302
52 59 0 0.443313 67.4088
52 60 1 76.9668 97.4768
53 1 0 70.5423 23.5531
53 2 1 76.9381 45.8432
53 3 0 48.3398 65.5072
53 4 0 74.2521 94.6185
53 5 0 40.5074 14.6218
53 6 0 68.4035 78.36
53 7 0 62.2999 62.3162
53 8 0 26.6848 80.5759
53 9 0 65.7373 33.652
53 10 0 64.0531 79.0834
53 11 0 1.04125 5.24613
53 12 0 2.38879 84.8273
53 13 0 70.3938 45.3247
53 14 0 47.5625 83.8348
53 15 1 13.9415 86.5669
53 16 0 12.4109 56.1174
53 17 0 44.8399 76.2429
53 18 0 55.3073 38.7953
53 19 0 33.3656 57.9299
53 20 0 85.8739 8.35832
53 21 0 58.8522 28.1993
53 22 0 82.4451 98.5575
53 23 0 78.5708 17.1386
53 24 0 57.9607 90.5791
53 25 0 13.7475 51.025
53 26 0 45.6063 54.4913
53 27 0 76.0998 2.63007
53 28 0 83.5851 31.1115
53 29 0 54.0444 27.6633
53 30 0 8.54391 59.8038
53 31 0 29.2853 89.5225
53 32 0 24.8509 96.9708
53 33 0 43.363 37.1342
53 34 0 76.9054 22.5368
53 35 1 98.669 48.6871
53 36 1 35.0619 32.835
53 37 0 10.1432 71.7493
53 38 0 5.07979 63.5269
53 39 0 5.15601 11.4214
53 40 0 57.9258 17.7096
53 41 0 15.9823 14.3331
53 42 0 32.2228 33.2441
53 43 1 97.5071 35.7717
53 44 0 88.8806 80.566
53 45 0 8.40335 90.3087
53 46 0 68.1048 17.0034
53 47 0 53.8447 67.4882
53 48 0 27.3439 72.5839
53 49 0 53.951 39.2776
53 50 0 35.5607 23.6444
53 51 0 16.2181 72.0396
53 52 0 51.7743 45.9084
53 54 1 3.46826 30.6209
53 55 0 59.3852 65.0399
53 56 0 41.0873 77.7253
53 57 1 88.0573 3.5535
53 58 0 97.1679 19.043
53 59 0 82.7808 56.9072
53 60 0 30.3223 92.2671
54 1 0 37.1405 84.848
54 2 0 91.0283 84.1496
54 3 1 30.9789 46.0334
54 4 0 48.1056 32.5643
54 5 0 4.45919 42.5053
54 6 0 47.6026 91.9925
54 7 0 29.5837 25.2881
54 8 0 95.6286 24.9689
54 9 0 29.7757 7.17368
54 10 0 17.2273 33.1723
54 11 0 13.3013 22.4642
54 12 0 13.721 33.009
54 13 0 52.7787 58.9158
54 14 0 54.5051 50.3377
54 15 0 66.8797 88.3942
54 16 0 86.6743 57.0763
54 17 0 1.1432 50.3915
54 18 0 8.29411 30.5948
54 19 0 0.832193 79.7883
54 20 0 56.4194 74.1868
54 21 0 86.6872 68.0391
54 22 0 10.1301 8.57261
54 23 1 77.5188 82.8797
54 24 1 79.7459 9.36733
54 25 0 23.8363 97.5281
54 26 1 20.6097 76.5324
54 27 0 73.1307 78.275
54 28 0 15.5163 18.4576
54 29 0 51.911 80.8788
54 30 0 67.5658 41.2475
54 31 0 27.1679 55.4342
54 32 0 67.9302 41.1442
54 33 0 82.8951 90.5852
54 34 0 68.9384 6.83191
54 35 0 99.0959 39.8772
54 36 0 1.98542 83.1444
54 37 0 62.4269 55.4555
54 38 0 57.1717 65.4888
54 39 0 8.91939 1.64683
54 40 0 40.2072 10.0711
54 41 0 82.1363 29.099
54 42 0 7.62179 86.6079
54 43 0 79.7846 17.88
54 44 0 17.1992 46.4208
54 45 0 11.8494 36.7717
54 46 0 12.9288 87.2121
54 47 0 83.9567 14.4252
54 48 0 31.0688 74.882
54 49 0 50.2 16.5094
54 50 0 60.5214 44.7285
54 51 0 4.01917 51.2992
54 52 0 13.146 86.2668
54 53 0 72.2862 31.5955
54 55 1 40.5683 93.2543
54 56 0 57.5875 82.2779
54 57 1 50.1327 22.8163
54 58 0 92.1657 98.4677
54 59 0 28.2261 15.9487
54 60 0 71.7613 84.4228
55 1 0 99.4106 23.5837
55 2 0 93.1666 52.2488
55 3 0 97.9699 24.4139
55 4 0 12.2446 50.0884
55 5 0 24.0062 35.104
55 6 1 66.3029 85.3116
55 7 0 11.1922 82.8137
55 8 0 62.8107 61.3585
55 9 0 67.3749 51.7354
55 10 0 60.92 33.5408
55 11 0 28.521 71.5379
55 12 1 80.4048 15.0936
55 13 0 28.8409 26.1682
55 14 0 3.20733 43.9479
55 15 1 53.027 38.0747
55 16 0 68.6141 51.3728
55 17 1 8.24003 58.7032
55 18 1 72.6084 23.8464
55 19 0 25.3441 93.7189
55 20 0 18.7012 21.453
55 21 0 28.2635 26.2004
55 22 0 23.8629 56.8355
55 23 1 58.9434 78.2516
55 24 0 14.4445 94.0257
55 25 0 24.1938 59.2035
55 26 0 87.2032 6.4379
55 27 0 8.19973 47.3702
55 28 1 91.5373 69.4434
55 29 0 94.7506 55.774
55 30 0 39.2426 73.503
55 31 0 72.667 9.67956
55 32 0 66.7919 86.7256
55 33 0 27.5773 19.6476
55 34 0 71.3161 92.7617
55 35 0 62.79 30.4869
55 36 0 13.2747 97.9005
55 37 0 41.4132 45.7634
55 38 0 84.6772 34.1513
55 39 0 94.2335 24.4693
55 40 0 9.4072 74.5422
55 41 0 83.1626 61.1583
55 42 0 13.3439 19.3645
55 43 0 45.4533 94.2077
55 44 0 8.97832 66.8814
55 45 0 83.0524 73.3205
55 46 0 63.7833 86.0962
55 47 0 37.7608 99.1548
55 48 0 6.76607 85.3282
55 49 0 92.4966 1.85429
55 50 0 61.6058 22.6743
55 51 0 90.1234 18.5569
55 52 0 69.8579 44.8672
55 53 0 8.67125 11.5189
55 54 0 51.9594 87.9752
55 56 1 29.6711 71.9435
55 57 0 3.87262 28.8333
55 58 1 63.7821 47.6221
55 59 0 5.12509 84.2376
55 60 0 27.3664 17.8925
56 1 0 81.7165 29.0759
56 2 0 89.9688 15.2503
56 3 0 97.496 92.7921
56 4 0 74.1157 48.3696
56 5 0 17.3551 11.4637
56 6 0 10.5018 33.7795
56 7 0 27.7898 98.7754
56 8 0 29.1881 65.1135
56 9 0 60.0183 64.1532
56 10 0 2.51666 86.8776
56 11 0 50.4792 61.8037
56 12 0 4.09332 19.2046
56 13 1 3.82752 46.0967
56 14 0 91.0389 77.9933
56 15 0 81.0081 49.1486
56 16 0 5.59433 80.1843
56 17 0 90.5678 1.8544
56 18 0 43.5373 34.0082
56 19 0 34.3922 54.597
56 20 0 10.0035 40.8735
56 21 0 2.34701 70.2517
56 22 0 76.7197 81.1948
56 23 0 93.5513 34.8242
56 24 0 72.2527 20.8258
56 25 0 56.2212 0.797305
56 26 0 77.8144 90.96
56 27 0 48.7293 73.4504
56 28 0 44.3992 47.0825
56 29 0 48.8839 3.73861
56 30 0 13.8336 67.6638
56 31 0 6.50615 22.2067
56 32 0 5.28376 75.1728
56 33 0 27.2257 8.78228
56 34 0 46.1196 25.2504
56 35 0 0.808215 45.7016
56 36 0 64.601 0.303968
56 37 0 47.2305 83.9378
56 38 0 83.6617 70.2565
56 39 0 63.613 30.566
56 40 0 71.3764 21.7921
56 41 0 16.1067 48.6633
56 42 0 10.0198 0.23833
56 43 0 19.936 14.9674
56 44 0 53.2003 59.2832
56 45 0 77.6215 76.19
56 46 0 84.4299 32.2897
56 47 0 96.3622 65.5595
56 48 1 81.9497 52.0307
56 49 1 94.2495 40.0772
56 50 0 47.3806 80.9627
56 51 0 22.6212 22.1449
56 52 0 31.5579 8.83158
56 53 0 70.3268 93.2265
56 54 0 39.3114 43.4446
56 55 0 37.4458 93.0166
56 57 1 68.3516 16.2793
56 58 0 86.9329 1.67917
56 59 0 83.6882 44.9746
56 60 0 25.5987 95.6158
57 1 0 33.7374 54.2585
57 2 0 67.2532 58.9512
57 3 0 23.7329 50.0108
57 4 0 58.2 12.2159
57 5 1 24.5458 58.348
57 6 0 61.1382 3.26781
57 7 0 71.6116 5.61249
57 8 0 24.7562 99.5327
57 9 0 95.9862 12.1251
57 10 1 38.1333 93.6288
57 11 0 76.9199 32.3456
57 12 0 27.6125 7.14509
57 13 0 78.1242 33.3104
57 14 0 64.7471 75.1889
57 15 0 51.9985 32.0347
57 16 0 28.4162 91.4409
57 17 0 32.6752 65.4772
57 18 0 33.2609 87.5297
57 19 0 17.84 32.4357
57 20 0 6.25964 38.7445
57 21 0 76.3481 13.0901
57 22 1 55.1031 88.7398
57 23 0 22.3078 34.244
57 24 0 43.7248 38.9659
57 25 0 88.3516 99.1007
57 26 0 81.8224 11.9963
57 27 1 67.2207 22.6314
57 28 1 15.2651 17.7852
57 29 1 2.39045 47.63
57 30 0 29.6288 7.6007
57 31 0 21.8015 99.232
57 32 0 83.9782 64.496
57 33 0 36.4898 33.5476
57 34 0 93.4333 37.2057
57 35 0 93.7084 88.6267
57 36 1 18.8151 14.9543
57 37 0 30.1271 85.3463
57 38 0 10.4974 79.5093
57 39 0 5.7645 4.55868
57 40 0 81.845 46.0827
57 41 0 46.0869 22.1887
57 42 0 85.1687 16.6607
57 43 0 78.4594 16.3693
57 44 1 51.8669 22.2174
57 45 0 86.6914 80.7891
57 46 0 82.2838 99.4346
57 47 0 76.0155 86.6535
57 48 0 45.8899 31.2191
57 49 1 92.3295 21.5797
57 50 0 25.71 89.5048
57 51 0 4.48355 67.0128
57 52 0 3.16392 29.042
57 53 0 18.6918 35.0334
57 54 0 15.0883 8.34575
57 55 0 12.4106 61.8544
57 56 0 23.0382 12.7031
57 58 1 95.0909 62.2262
57 59 0 83.4174 21.4238
57 60 0 39.4416 6.87974
58 1 0 96.8861 90.8027
58 2 1 31.6806 78.5348
58 3 0 36.9617 61.9726
58 4 0 82.2764 66.9557
58 5 0 43.8683 45.0152
58 6 0 91.9719 15.9505
58 7 0 71.2973 7.61735
58 8 0 39.861 15.1094
58 9 0 93.9024 69.8422
58 10 0 69.7533 84.1329
58 11 0 63.9328 57.612
58 12 0 17.3075 18.9028
58 13 0 98.6713 24.0921
58 14 1 17.4066 24.7791
58 15 0 66.9554 90.7262
58 16 0 84.4358 43.8931
58 17 0 84.8122 76.7592
58 18 1 5.07775 47.2148
58 19 0 53.2694 18.258
58 20 0 71.9687 92.0759
58 21 0 57.1118 14.6567
58 22 0 49.3125 35.1187
58 23 0 5.82247 90.8545
58 24 0 2.81474 12.0038
58 25 1 85.0188 84.4896
58 26 0 41.6614 37.1552
58 27 0 75.9891 72.1896
58 28 0 79.8697 74.1001
58 29 0 44.5497 65.6304
58 30 0 17.5883 53.0836
58 31 0 10.1949 22.1333
58 32 0 13.2096 34.4032
58 33 0 68.5377 10.2615
58 34 0 45.9454 25.6729
58 35 1 30.5314 57.3627
58 36 0 95.7472 6.412
58 37 0 55.8549 19.2441
58 38 0 7.4078 66.4837
58 39 0 88.9657 46.0049
58 40 1 49.1841 35.4178
58 41 0 67.9368 52.2312
58 42 0 29.4226 4.99346
58 43 0 44.9926 98.0434
58 44 0 5.41709 73.6873
58 45 0 13.4115 50.8149
58 46 0 80.849 56.7721
58 47 0 42.4603 29.22
58 48 1 79.8283 70.012
58 49 0 37.7016 40.2746
58 50 0 18.1446 16.9432
58 51 0 40.4468 99.4831
58 52 0 31.5602 46.3454
58 53 0 52.6382 13.3948
58 54 0 46.0454 48.4543
58 55 0 9.67202 10.0315
58 56 0 89.9078 49.0227
58 57 0 85.4636 99.7114
58 59 1 57.5581 21.395
58 60 1 78.0727 98.9139
59 1 0 74.4774 65.7008
59 2 0 2.9677 46.6897
59 3 0 7.56862 33.7878
59 4 0 51.9596 2.02346
59 5 0 67.3895 17.9046
59 6 0 63.606 0.38341
59 7 1 90.3056 21.0998
59 8 0 84.9244 72.0659
59 9 0 24.6496 27.248
59 10 0 13.3325 23.8608
59 11 0 78.8622 25.1652
59 12 0 67.8962 40.7488
59 13 0 7.47922 12.2706
59 14 0 13.3785 48.8595
59 15 0 39.28 80.7857
59 16 0 32.1845 10.8898
59 17 0 25.4398 95.9084
59 18 0 93.4384 26.2518
59 19 1 7.37573 7.33701
59 20 0 45.1253 1.01142
59 21 0 14.5413 47.2057
59 22 0 20.8567 33.18
59 23 0 7.50852 11.7464
59 24 0 22.8993 56.0433
59 25 0 71.3595 14.1967
59 26 0 52.4954 85.0776
59 27 0 52.8058 83.7633
59 28 1 35.1447 94.7883
59 29 0 89.4604 19.4224
59 30 0 10.2562 86.4598
59 31 0 95.3641 98.7723
59 32 0 90.3203 11.775
59 33 0 17.4756 29.0531
59 34 0 32.9287 68.1686
59 35 0 8.91958 1.63576
59 36 1 77.8762 15.6998
59 37 0 56.4249 24.6771
59 38 0 46.3769 65.8421
59 39 0 68.2684 32.4409
59 40 0 70.277 8.46249
59 41 0 19.2738 76.0526
59 42 1 67.3218 66.3063
59 43 0 57.1387 0.450891
59 44 0 59.5529 33.7317
59 45 0 40.7057 78.1207
59 46 0 50.8103 99.1777
59 47 0 76.4053 67.3046
59 48 0 19.4121 79.0639
59 49 0 83.2149 55.6706
59 50 0 60.22 95.2721
59 51 0 97.8467 30.0222
59 52 0 19.5222 37.1412
59 53 1 63.8079 25.6534
59 54 0 3.29091 32.6635
59 55 0 85.961 10.4174
59 56 0 76.157 88.4891
59 57 0 85.9204 27.8125
59 58 0 95.874 58.7117
59 60 1 30.7064 0.467586
60 1 1 25.6268 27.0251
60 2 0 11.4172 98.0208
60 3 0 12.0052 67.4816
60 4 0 42.0865 63.4917
60 5 1 9.50128 85.8096
60 6 0 48.1952 59.1639
60 7 0 86.9794 35.1656
60 8 0 69.9305 28.091
60 9 0 59.8065 98.2337
60 10 0 70.2491 14.3333
60 11 0 1.12292 38.6326
60 12 0 88.5353 69.6793
60 13 0 10.2287 9.15509
60 14 0 19.3074 75.2722
60 15 1 51.5349 84.5105
60 16 0 87.9744 10.4052
60 17 0 78.6874 61.189
60 18 0 79.0903 24.4513
60 19 0 6.75888 30.285
60 20 0 1.95867 40.8164
60 21 0 78.8706 13.149
60 22 0 96.5653 98.9657
60 23 0 21.1733 8.90694
60 24 1 93.2913 35.2473
60 25 0 88.1135 65.2513
60 26 0 8.49686 60.2255
60 27 0 72.1721 75.1836
60 28 1 32.819 0.594326
60 29 0 14.857 25.3108
60 30 1 86.9142 79.3841
60 31 0 9.21051 4.62803
60 32 0 25.0109 69.3965
60 33 0 98.2294 63.0651
60 34 0 75.9298 80.6605
60 35 0 53.5176 52.2846
60 36 1 13.9854 57.8888
60 37 0 90.0446 79.7742
60 38 0 35.2904 75.2719
60 39 0 43.2628 42.9734
60 40 1 16.3753 82.4106
60 41 0 13.531 66.6704
60 42 0 58.879 99.8251
60 43 0 20.1105 64.5761
60 44 0 95.0593 73.7952
60 45 0 68.0487 29.4068
60 46 0 92.7066 35.6686
60 47 0 61.8989 23.0845
60 48 0 72.9326 10.7595
60 49 0 58.0418 23.5423
60 50 0 10.4242 41.8332
60 51 1 98.8334 48.5739
60 52 0 71.2512 67.1094
60 53 0 77.9841 40.7018
60 54 0 19.1968 51.1575
60 55 0 99.3437 94.8818
60 56 0 3.15601 44.4541
60 57 0 58.3207 92.2539
60 58 0 7.65222 90.8327
60 59 0 16.9143 10.5458
7.9167 10.3411 17.0282 3.6516 2.10187 39.4706 30.5462 38.2259 35.9991 16.0393 19.305 33.5535 16.4499 9.27302 28.463 17.633 3.12267 11.6727 16.8681 38.3422 13.1211 19.348 9.75058 18.111 22.6719 38.1334 39.7143 12.0414 14.521 38.9087 22.9096 39.712 37.7702 38.8637 17.8278 18.4923 0.334843 33.7652 36.0651 5.84935 28.4263 32.1808 4.21786 2.69144 6.43628 20.4913 9.63238 10.6157 39.139 2.75601 8.46649 0.342663 6.7658 16.2753 13.7871 17.0785 32.711 37.9888 31.4442 4.17169 