60
300
3
50
1 2 1 2.14838 20.2213
1 3 0 81.5195 27.8387
1 4 0 85.3041 14.3206
1 5 0 59.6722 83.2828
1 6 0 46.1246 66.904
1 7 0 11.1484 80.0219
1 8 0 90.0294 88.1503
1 9 0 42.5326 53.4075
1 10 0 6.36769 84.4843
1 11 0 36.6102 59.4026
1 12 0 16.4992 85.4402
1 13 0 7.88826 39.9539
1 14 0 84.2855 98.609
1 15 0 97.6617 87.8092
1 16 0 71.6637 94.7513
1 17 0 67.5992 18.9174
1 18 0 43.2909 56.8235
1 19 0 8.38843 32.2832
1 20 0 58.4552 93.5948
1 21 0 35.427 45.4532
1 22 0 86.2973 89.2049
1 23 0 0.589572 35.6004
1 24 0 78.0566 65.5671
1 25 0 81.0285 70.1994
1 26 0 55.4181 4.02654
1 27 0 42.5295 81.6914
1 28 0 0.478744 1.00991
1 29 0 6.73347 53.5374
1 30 0 46.2448 84.967
1 31 0 27.9556 79.328
1 32 0 48.3456 63.9433
1 33 0 8.27646 96.11
1 34 0 61.5553 36.0533
1 35 0 8.93247 16.0943
1 36 0 96.9118 87.4565
1 37 0 31.251 51.7789
1 38 0 17.7702 27.5352
1 39 0 98.9087 33.0034
1 40 0 60.5942 49.4933
1 41 0 96.5068 34.8259
1 42 0 41.7723 48.356
1 43 0 94.9215 96.2533
1 44 0 70.4566 93.4461
1 45 0 35.1848 34.5819
1 46 0 49.2378 28.8365
1 47 0 86.315 83.0179
1 48 0 40.4597 9.6724
1 49 0 46.3686 21.2748
1 50 0 59.5081 47.674
1 51 0 42.2961 55.0016
1 52 0 63.698 68.8494
1 53 0 93.9173 19.9372
1 54 0 72.3639 68.2988
1 55 0 97.5269 73.616
1 56 0 8.92142 92.8989
1 57 0 89.1034 26.4256
1 58 0 59.8327 87.6921
1 59 0 83.852 61.8085
1 60 0 56.3712 5.72258
2 1 0 37.0708 84.037
2 3 1 20.0494 35.324
2 4 0 4.83976 18.3524
2 5 0 7.96705 18.7282
2 6 0 33.4258 9.46392
2 7 0 6.73033 48.5731
2 8 0 90.1986 98.4684
2 9 1 88.0507 0.186565
2 10 0 34.9637 63.9655
2 11 0 66.607 44.4335
2 12 0 51.5619 18.49
2 13 0 21.5236 60.1791
2 14 0 67.8964 50.2933
2 15 0 16.1735 0.46336
2 16 0 16.7079 33.1931
2 17 0 99.6741 41.5479
2 18 1 42.3415 73.0563
2 19 0 0.55877 42.5447
2 20 0 45.098 3.54877
2 21 0 65.9656 79.1855
2 22 0 87.0054 47.6733
2 23 0 25.9822 80.6459
2 24 0 52.7391 25.783
2 25 0 28.0563 9.86497
2 26 0 32.8414 29.6294
2 27 0 67.587 90.9286
2 28 0 73.3276 48.9504
2 29 0 4.1258 35.109
2 30 0 34.6814 48.2602
2 31 0 56.7571 37.3334
2 32 1 50.4651 62.3952
2 33 0 64.7661 25.4079
2 34 0 91.2487 42.4879
2 35 1 64.2687 20.9547
2 36 0 22.9225 67.9497
2 37 0 67.3572 30.9361
2 38 0 28.3511 61.3794
2 39 0 71.8535 27.705
2 40 0 64.4831 38.4817
2 41 0 32.8466 64.9372
2 42 0 62.9754 77.2148
2 43 0 15.5347 74.0507
2 44 0 60.4144 44.1317
2 45 0 68.4087 48.8274
2 46 0 96.1699 76.205
2 47 0 16.2673 25.3645
2 48 0 21.799 93.0505
2 49 1 41.4879 4.1255
2 50 0 33.8786 85.341
2 51 0 91.6465 65.4073
2 52 1 58.8465 12.2702
2 53 0 91.8017 94.4167
2 54 0 40.615 11.9252
2 55 0 83.2431 35.0497
2 56 0 45.4603 78.1893
2 57 0 61.8536 76.5837
2 58 0 36.5832 93.813
2 59 0 14.3566 80.1288
2 60 0 40.3247 34.8529
3 1 0 35.2562 73.6738
3 2 0 94.9843 1.60336
3 4 1 53.0593 32.4499
3 5 0 11.9607 77.8785
3 6 0 49.3282 72.9047
3 7 0 92.4095 23.9389
3 8 0 45.739 20.3979
3 9 0 7.65904 58.9508
3 10 0 35.1125 57.2945
3 11 0 73.3015 19.2399
3 12 0 96.4812 52.6637
3 13 0 78.1113 31.3489
3 14 0 69.5006 66.3822
3 15 0 65.0512 86.1263
3 16 1 2.11461 89.7392
3 17 0 97.2429 0.520634
3 18 0 75.893 41.2553
3 19 0 32.3045 62.7571
3 20 0 97.8843 47.5656
3 21 0 72.4824 1.9869
3 22 0 37.7961 76.9247
3 23 0 32.6336 84.8907
3 24 1 37.3703 78.023
3 25 0 34.3034 8.32688
3 26 0 58.6962 27.3203
3 27 1 16.2876 14.6576
3 28 1 48.5357 88.8083
3 29 0 73.1649 33.2169
3 30 0 72.3449 3.8382
3 31 0 55.2063 55.9404
3 32 0 77.997 58.6144
3 33 0 11.4558 65.7794
3 34 0 73.9795 8.59035
3 35 0 53.103 6.02984
3 36 0 95.423 50.327
3 37 0 38.3133 58.3152
3 38 0 1.09827 48.6307
3 39 0 98.4514 96.6756
3 40 0 82.1129 9.93827
3 41 0 50.1343 24.994
3 42 0 57.0015 78.6311
3 43 0 6.9099 77.2753
3 44 0 56.2227 18.1416
3 45 0 2.80184 41.5199
3 46 0 31.156 73.051
3 47 0 27.3318 58.0995
3 48 0 24.2377 3.38975
3 49 0 53.1681 18.1319
3 50 0 66.87 4.7236
3 51 0 16.8617 42.9926
3 52 0 34.6615 89.5722
3 53 0 6.47193 62.6205
3 54 0 67.1427 67.6561
3 55 0 39.8668 36.9529
3 56 0 61.6012 84.6804
3 57 0 25.5545 49.9267
3 58 1 96.2203 71.5095
3 59 0 25.0111 32.9903
3 60 0 36.5318 63.4587
4 1 0 18.0721 37.2798
4 2 0 40.7163 9.96047
4 3 1 1.98714 77.2278
4 5 1 16.4177 11.9475
4 6 0 39.8578 1.62489
4 7 0 35.5801 26.2515
4 8 0 73.4301 43.4748
4 9 0 70.2896 68.9086
4 10 0 41.7959 52.2932
4 11 0 90.2457 42.5182
4 12 0 35.4648 36.1876
4 13 0 63.1911 12.3168
4 14 0 63.2831 7.90284
4 15 1 39.1347 67.4313
4 16 0 99.3969 62.2782
4 17 0 39.3451 87.2192
4 18 0 7.74427 5.5994
4 19 0 38.0835 18.7403
4 20 0 30.5098 77.1475
4 21 0 57.2081 9.50273
4 22 0 61.7699 71.1882
4 23 0 94.4033 4.687
4 24 0 89.241 49.1179
4 25 0 74.3435 9.11241
4 26 0 52.036 60.0292
4 27 1 19.4539 72.6893
4 28 0 39.1386 39.3281
4 29 0 45.938 0.387474
4 30 0 19.2037 23.0415
4 31 0 72.5534 67.4226
4 32 0 71.4713 10.6725
4 33 0 68.3081 91.8638
4 34 0 69.967 50.399
4 35 0 18.7393 74.4047
4 36 0 16.6656 9.56214
4 37 0 57.8145 76.0909
4 38 0 38.0584 18.0158
4 39 0 4.32359 24.7408
4 40 0 60.0532 17.0871
4 41 0 47.2499 31.3409
4 42 0 55.7896 91.5702
4 43 0 95.1354 59.8726
4 44 0 29.7207 95.1752
4 45 0 80.6651 60.6043
4 46 1 97.0713 48.1579
4 47 0 57.9241 5.47857
4 48 0 54.4357 18.7187
4 49 0 25.8588 63.7864
4 50 0 74.2294 20.0043
4 51 0 20.1772 54.933
4 52 1 0.703289 45.8052
4 53 0 59.4035 47.6826
4 54 0 82.7788 98.4145
4 55 0 73.1017 15.9775
4 56 0 31.5876 97.2447
4 57 0 73.6959 87.5866
4 58 0 23.9854 46.0307
4 59 0 74.7781 29.0064
4 60 0 12.4585 24.6973
5 1 0 59.1641 47.0437
5 2 0 21.4959 10.8578
5 3 0 93.4526 4.11144
5 4 0 81.8718 52.6981
5 6 1 23.1816 70.8654
5 7 0 89.6384 54.0738
5 8 0 15.3015 75.8332
5 9 0 0.918227 1.04905
5 10 0 57.6371 85.4476
5 11 0 15.7698 89.4418
5 12 0 87.5501 14.8413
5 13 0 78.0384 80.143
5 14 0 90.561 81.4701
5 15 0 71.0946 70.6145
5 16 0 82.2192 67.906
5 17 0 26.2494 82.9819
5 18 0 32.4586 47.1914
5 19 0 74.4121 79.6917
5 20 0 52.6511 1.90678
5 21 0 18.4907 18.8393
5 22 0 99.4806 52.5957
5 23 0 96.5444 37.0668
5 24 0 8.68152 73.9318
5 25 0 78.0178 71.3217
5 26 0 87.2819 46.6003
5 27 1 94.5985 38.336
5 28 0 83.8468 10.8637
5 29 0 98.0462 78.7905
5 30 0 1.28422 70.1517
5 31 0 49.9281 1.15234
5 32 0 62.8861 39.5901
5 33 0 36.5626 82.5111
5 34 0 90.5658 51.0763
5 35 0 47.61 58.8833
5 36 0 22.335 87.9064
5 37 0 44.0756 40.2941
5 38 0 66.6568 64.3404
5 39 0 51.5191 91.8161
5 40 0 0.57195 85.4792
5 41 0 94.7416 32.2985
5 42 0 33.3394 58.5938
5 43 0 3.34812 23.5196
5 44 0 80.6796 25.4406
5 45 0 87.6002 59.2751
5 46 0 29.5866 85.6519
5 47 0 10.3878 86.0852
5 48 0 6.57558 59.8098
5 49 0 13.2705 84.197
5 50 0 91.5482 69.1346
5 51 0 50.0105 68.8172
5 52 0 68.3607 87.7952
5 53 0 27.2368 94.6428
5 54 0 62.2005 90.0568
5 55 0 7.17163 44.4081
5 56 0 15.7275 67.4589
5 57 0 12.7686 11.8909
5 58 0 32.4497 63.4852
5 59 0 62.3704 13.6481
5 60 0 74.073 23.4011
6 1 0 71.8689 51.8427
6 2 0 80.7282 44.6138
6 3 0 53.3518 14.5414
6 4 0 82.182 60.1447
6 5 1 36.0659 1.84185
6 7 1 13.0347 76.4441
6 8 0 88.2983 63.8733
6 9 0 83.318 96.1659
6 10 0 42.4068 67.1336
6 11 0 53.6011 96.4763
6 12 0 55.6282 88.8539
6 13 1 0.256055 14.0367
6 14 0 38.9169 55.2116
6 15 0 0.183297 95.8091
6 16 0 75.4863 9.67748
6 17 0 37.1437 3.12443
6 18 0 30.3635 72.6663
6 19 0 26.0924 62.0456
6 20 0 19.2066 41.3978
6 21 0 42.634 19.2583
6 22 0 10.9954 91.3285
6 23 0 35.736 82.9111
6 24 0 73.1026 56.0116
6 25 0 47.1396 28.4893
6 26 0 61.7438 13.7101
6 27 0 33.828 64.1892
6 28 0 29.3707 90.4319
6 29 0 34.8186 49.4178
6 30 0 17.8827 40.0589
6 31 0 68.3577 62.0404
6 32 0 14.816 3.13936
6 33 0 5.88332 31.3701
6 34 0 58.5978 33.9552
6 35 0 42.4049 96.1587
6 36 0 88.809 19.1387
6 37 0 81.0305 44.8477
6 38 0 20.9886 17.8589
6 39 0 71.5112 68.5842
6 40 0 74.6904 68.2578
6 41 0 54.2109 56.7346
6 42 0 3.52088 81.6005
6 43 0 1.82287 89.2064
6 44 0 11.9663 70.9757
6 45 0 13.1087 73.2519
6 46 0 91.462 4.9981
6 47 0 82.2699 69.1852
6 48 1 80.247 72.1968
6 49 0 98.1108 11.9074
6 50 0 59.7248 63.5152
6 51 0 89.8393 43.4861
6 52 0 95.835 63.2144
6 53 0 76.3231 71.3233
6 54 0 18.2884 73.6582
6 55 0 89.251 73.6674
6 56 0 18.8959 44.8006
6 57 0 48.3229 39.8078
6 58 0 21.9902 14.7114
6 59 0 28.2947 75.8638
6 60 0 31.9948 12.3574
7 1 0 28.9601 28.0699
7 2 0 89.9718 19.4491
7 3 0 63.0839 6.18432
7 4 0 84.7163 28.4092
7 5 0 74.5483 4.42529
7 6 0 38.3488 35.2309
7 8 1 37.7573 70.5252
7 9 0 50.8635 8.49318
7 10 0 10.3002 78.3778
7 11 0 8.66459 96.3033
7 12 0 45.4613 29.4821
7 13 0 48.4755 25.4951
7 14 0 13.5435 61.4814
7 15 0 25.7427 54.0887
7 16 0 96.7556 91.3848
7 17 0 83.7001 55.1252
7 18 0 30.9762 39.3574
7 19 0 3.47669 46.2209
7 20 0 11.5051 47.0784
7 21 0 50.2873 87.9702
7 22 0 1.74036 9.58959
7 23 0 65.973 61.6506
7 24 0 41.9344 10.0101
7 25 0 2.32021 57.6337
7 26 0 63.3945 59.3704
7 27 0 15.4161 28.0105
7 28 0 85.362 95.6215
7 29 0 97.8319 75.7358
7 30 0 63.5749 55.7542
7 31 0 83.2341 22.9167
7 32 0 82.6666 52.6013
7 33 0 40.0443 85.4515
7 34 0 2.72516 23.7521
7 35 0 9.0012 93.0013
7 36 0 79.3281 79.6051
7 37 0 16.1979 50.0372
7 38 0 26.5463 73.5918
7 39 0 79.0051 64.5116
7 40 0 57.4506 10.0499
7 41 1 37.0026 18.0239
7 42 0 36.2938 49.5958
7 43 0 1.69674 50.0895
7 44 0 44.3038 49.9371
7 45 0 66.8218 48.2184
7 46 0 71.5723 44.6661
7 47 0 62.4346 26.0636
7 48 0 86.8518 53.3431
7 49 0 81.6211 87.2846
7 50 1 24.0687 57.7938
7 51 0 24.7986 72.2826
7 52 0 0.416882 92.3535
7 53 0 63.7136 46.7717
7 54 0 74.162 14.9061
7 55 0 61.3584 35.0185
7 56 0 87.3748 69.7855
7 57 0 7.66598 82.5343
7 58 0 14.5152 38.5083
7 59 0 15.7721 61.5592
7 60 0 72.1418 49.0937
8 1 0 59.1692 2.85684
8 2 0 1.48163 99.322
8 3 0 54.9134 94.0331
8 4 0 27.5249 37.3085
8 5 0 86.6936 25.9683
8 6 0 95.5378 26.9394
8 7 0 38.0248 43.4417
8 9 1 6.54221 92.1221
8 10 0 3.28125 6.12096
8 11 1 5.20575 96.1189
8 12 0 86.1382 0.965099
8 13 0 27.1965 32.1045
8 14 0 16.2627 39.9434
8 15 0 16.6621 75.5206
8 16 0 4.07574 43.9631
8 17 0 25.41 75.0279
8 18 0 20.462 6.80058
8 19 0 50.5333 54.5814
8 20 0 35.8579 70.2754
8 21 0 17.1812 49.885
8 22 0 1.01071 23.8075
8 23 0 20.2027 41.2356
8 24 1 8.55202 59.4359
8 25 1 32.8486 75.4402
8 26 0 56.6195 2.17761
8 27 0 6.21885 40.6113
8 28 0 86.9693 1.47003
8 29 0 65.8726 88.7079
8 30 0 20.3835 53.975
8 31 0 43.9172 84.2539
8 32 0 34.0049 16.8903
8 33 1 8.61946 48.6195
8 34 0 15.7142 58.8195
8 35 0 93.8863 98.7365
8 36 0 91.6529 79.5086
8 37 0 58.2454 91.3578
8 38 0 67.2979 33.4447
8 39 1 36.4283 54.1501
8 40 0 47.4144 36.4732
8 41 0 74.486 20.4226
8 42 0 39.1745 17.3639
8 43 0 10.9113 43.8513
8 44 0 93.0645 97.4119
8 45 0 98.6066 61.7399
8 46 0 5.50212 10.5757
8 47 0 75.888 15.7047
8 48 0 47.3568 69.6203
8 49 0 81.7275 54.4987
8 50 0 42.1134 56.2056
8 51 0 16.3925 21.8798
8 52 0 79.8933 79.0542
8 53 1 59.9394 62.7332
8 54 1 57.0355 84.5788
8 55 0 81.2742 18.8076
8 56 0 25.5012 55.2192
8 57 0 93.7174 34.1531
8 58 0 26.4586 21.4527
8 59 0 88.6752 8.03762
8 60 0 32.7373 99.0947
9 1 0 76.8877 87.3601
9 2 0 62.7587 1.16666
9 3 0 29.045 27.1868
9 4 0 77.8369 25.3144
9 5 0 75.2679 76.481
9 6 0 28.6814 46.0575
9 7 0 55.2525 8.8646
9 8 0 47.2729 67.3117
9 10 1 50.3681 14.5134
9 11 0 33.8221 94.0576
9 12 0 19.4607 50.2017
9 13 0 50.8236 7.36269
9 14 0 57.0932 72.9049
9 15 0 34.4128 64.7412
9 16 0 79.5967 25.3288
9 17 0 62.9261 15.7944
9 18 0 28.1463 84.7872
9 19 1 42.3404 92.3205
9 20 0 99.1648 56.4242
9 21 0 90.1205 0.354718
9 22 0 44.0245 31.0987
9 23 0 92.9599 39.8366
9 24 0 64.4167 70.0157
9 25 0 97.6089 19.0231
9 26 0 85.9863 72.0335
9 27 0 96.3442 78.5607
9 28 0 66.1628 96.4256
9 29 0 75.9136 82.1438
9 30 0 47.685 5.74426
9 31 0 91.2594 4.25717
9 32 0 33.8732 26.5194
9 33 0 65.1999 73.5437
9 34 0 6.71218 63.085
9 35 0 50.7396 69.9217
9 36 0 29.4163 62.8193
9 37 0 13.3258 0.735107
9 38 0 47.9334 99.1676
9 39 0 40.3441 7.09778
9 40 0 54.9301 24.8455
9 41 0 15.8024 11.7806
9 42 0 62.0731 29.1893
9 43 0 99.4963 9.07516
9 44 0 11.643 23.4865
9 45 0 9.97956 37.3764
9 46 0 37.7903 47.7691
9 47 0 4.8301 8.41913
9 48 0 54.8083 96.5126
9 49 0 79.4612 95.5639
9 50 0 48.7355 1.95687
9 51 0 10.8053 9.82154
9 52 0 40.8617 84.8348
9 53 0 67.1974 8.64134
9 54 0 1.09932 72.2022
9 55 0 46.8521 35.1104
9 56 0 37.2782 29.7397
9 57 0 95.0347 18.9681
9 58 0 26.8817 3.64509
9 59 0 51.7489 11.1165
9 60 0 17.4144 56.2203
10 1 0 5.16892 88.3497
10 2 0 71.0055 28.6688
10 3 0 85.6362 25.0091
10 4 0 84.3236 35.3445
10 5 0 76.164 59.5957
10 6 0 76.2742 60.9287
10 7 0 80.4529 91.9246
10 8 0 40.6413 34.9259
10 9 0 17.5752 39.1796
10 11 1 87.0564 39.1051
10 12 1 76.4445 7.93668
10 13 0 71.3816 93.8253
10 14 1 99.7011 89.0458
10 15 0 36.4335 18.265
10 16 0 41.8561 49.3549
10 17 0 40.9001 34.9124
10 18 0 5.81192 47.9924
10 19 0 5.00385 42.6215
10 20 0 70.5829 63.3671
10 21 0 73.9099 16.8805
10 22 0 93.5536 18.3104
10 23 0 63.2495 83.5075
10 24 0 29.8767 41.6925
10 25 0 83.2571 54.0299
10 26 0 3.31293 50.3968
10 27 0 86.4058 90.2377
10 28 0 11.9258 14.5724
10 29 0 26.0081 53.0483
10 30 0 92.1472 26.1479
10 31 0 98.6874 91.8065
10 32 0 4.52906 5.59576
10 33 0 16.6847 1.06503
10 34 0 8.74056 92.9349
10 35 0 38.1221 74.2102
10 36 0 63.2279 21.5719
10 37 0 39.6533 27.7921
10 38 0 27.22 11.6484
10 39 1 80.5661 99.9138
10 40 0 9.82572 70.5434
10 41 0 74.7296 54.9483
10 42 0 49.1223 41.044
10 43 0 58.382 30.0732
10 44 0 0.326949 79.9809
10 45 0 56.8125 69.9646
10 46 0 67.0819 58.7935
10 47 0 2.54132 0.410494
10 48 0 45.5061 3.78526
10 49 0 48.28 51.5323
10 50 0 21.5248 97.6207
10 51 0 14.3113 25.2727
10 52 0 2.52935 47.2279
10 53 0 23.9189 99.8009
10 54 0 86.579 30.6439
10 55 1 19.4547 30.9019
10 56 0 81.0214 96.8269
10 57 0 39.654 39.8593
10 58 0 98.6826 91.799
10 59 0 63.2217 18.9043
10 60 0 86.7852 31.4004
11 1 0 36.6986 93.2868
11 2 0 19.8849 11.7303
11 3 0 92.7177 59.0364
11 4 0 73.723 64.8594
11 5 0 83.5379 80.8165
11 6 0 63.9803 68.9767
11 7 0 62.8686 91.6859
11 8 0 39.4718 67.6263
11 9 0 75.8488 12.3026
11 10 1 36.6022 95.9773
11 12 1 66.4765 42.9673
11 13 0 71.4062 51.5042
11 14 0 22.1068 4.88074
11 15 1 4.55386 50.872
11 16 0 53.3985 67.8691
11 17 0 89.4354 26.5167
11 18 0 71.8473 31.3931
11 19 0 33.1069 92.3762
11 20 1 35.1062 16.9171
11 21 0 68.6591 10.6194
11 22 0 68.0986 66.7895
11 23 0 76.0513 16.56
11 24 0 34.7396 48.52
11 25 0 12.9039 24.2842
11 26 0 26.4573 87.5427
11 27 0 59.1622 68.2354
11 28 0 21.6559 78.0231
11 29 0 35.9168 56.7538
11 30 0 24.3178 91.0248
11 31 0 28.2533 5.76834
11 32 0 53.19 75.8409
11 33 0 81.1373 11.87
11 34 0 6.93615 74.9853
11 35 0 75.9581 25.3425
11 36 1 73.7088 24.5031
11 37 0 64.2224 16.3206
11 38 1 2.36324 33.7311
11 39 1 67.1509 23.7524
11 40 1 94.4293 34.8464
11 41 0 75.2717 38.8707
11 42 0 77.0592 43.5421
11 43 0 14.2876 98.1179
11 44 0 9.72455 45.0763
11 45 0 65.4836 61.6096
11 46 0 14.5462 77.3669
11 47 0 88.3 15.3531
11 48 0 73.8238 32.7243
11 49 0 34.4091 47.1079
11 50 0 48.1429 18.9574
11 51 0 86.3379 51.0259
11 52 0 32.4748 58.5242
11 53 0 27.5488 99.1582
11 54 0 40.4743 71.3467
11 55 0 18.9406 7.91438
11 56 0 40.9144 66.2069
11 57 0 80.9288 99.4831
11 58 0 97.4886 47.4067
11 59 0 90.829 12.9588
11 60 0 53.5648 70.3925
12 1 0 77.2177 64.3176
12 2 0 31.8908 53.3552
12 3 0 74.501 37.6866
12 4 0 25.3015 57.8396
12 5 0 38.9841 57.7942
12 6 0 5.72141 62.6662
12 7 0 53.191 73.4344
12 8 1 93.7592 5.7986
12 9 0 53.3953 47.9155
12 10 0 64.7125 33.8972
12 11 0 86.7197 86.6432
12 13 1 97.4787 31.62
12 14 0 18.4938 34.7611
12 15 0 70.737 42.7237
12 16 0 57.442 9.66689
12 17 0 51.356 39.5612
12 18 0 18.6688 36.0542
12 19 0 39.7093 46.252
12 20 0 29.3368 24.357
12 21 0 74.2475 43.1453
12 22 0 23.0659 57.9679
12 23 0 38.2504 31.0815
12 24 0 24.928 69.7362
12 25 0 16.2362 33.4488
12 26 0 66.5987 81.7485
12 27 0 8.15454 80.2719
12 28 0 90.8715 40.8168
12 29 0 25.6021 95.0015
12 30 0 67.8961 80.1322
12 31 1 27.1524 40.4026
12 32 0 49.1117 78.1138
12 33 0 1.57598 90.282
12 34 0 78.5154 0.969803
12 35 0 86.2092 91.7624
12 36 1 29.9887 51.3386
12 37 0 64.9809 35.8813
12 38 0 8.23645 58.7813
12 39 0 50.826 89.7488
12 40 1 55.5641 91.6313
12 41 0 8.2173 15.1379
12 42 0 82.6535 10.3846
12 43 0 86.0617 66.0664
12 44 0 0.751342 95.5661
12 45 0 25.9999 39.7679
12 46 1 11.5327 73.5898
12 47 0 58.3439 24.7746
12 48 0 90.2336 47.2062
12 49 0 19.4584 0.0258679
12 50 0 59.6564 47.7013
12 51 0 73.9713 19.5963
12 52 1 33.9392 97.8959
12 53 0 23.0275 79.3202
12 54 0 86.2774 79.8699
12 55 0 22.684 19.318
12 56 1 82.6513 54.4394
12 57 0 38.9256 12.7111
12 58 0 81.8698 10.863
12 59 0 7.11201 73.7604
12 60 0 86.6567 78.557
13 1 0 20.3901 78.0424
13 2 0 17.1039 23.692
13 3 1 63.5942 7.62299
13 4 0 24.0187 86.1543
13 5 0 95.9723 29.3616
13 6 0 22.9374 8.39749
13 7 0 57.4825 94.9043
13 8 0 63.4249 37.5542
13 9 0 79.8987 73.8489
13 10 0 79.8656 2.71304
13 11 0 41.3054 55.4297
13 12 0 44.7067 13.8983
13 14 1 63.0431 98.4739
13 15 0 14.2763 63.3914
13 16 0 98.0423 87.0485
13 17 0 36.5407 57.0124
13 18 0 42.5359 97.0726
13 19 0 84.2195 58.6363
13 20 0 91.6733 84.8969
13 21 0 33.2688 40.2918
13 22 0 74.1169 37.4128
13 23 0 54.5353 21.4909
13 24 0 13.8982 58.9465
13 25 0 8.92084 20.1273
13 26 0 52.9299 89.9561
13 27 0 57.0128 35.1079
13 28 0 97.3829 15.6714
13 29 0 32.6102 62.7564
13 30 0 86.9025 0.0321468
13 31 0 93.1511 3.00175
13 32 1 67.3164 13.283
13 33 0 20.391 31.6139
13 34 0 89.9128 69.4999
13 35 0 81.836 36.596
13 36 0 46.9606 5.36244
13 37 0 30.5424 87.41
13 38 0 27.8053 79.6813
13 39 0 33.7282 98.1068
13 40 0 29.8233 62.2967
13 41 0 16.6982 67.275
13 42 0 63.8234 91.7081
13 43 0 69.061 50.3904
13 44 0 93.4367 23.2535
13 45 0 85.3822 60.0104
13 46 0 40.0063 62.0529
13 47 0 31.4983 52.4494
13 48 0 59.6905 64.7785
13 49 0 64.7977 78.7358
13 50 0 51.8382 84.7443
13 51 0 61.6809 16.8433
13 52 0 16.2313 26.4758
13 53 0 63.1434 57.0438
13 54 0 99.4057 91.5176
13 55 0 88.5363 77.8405
13 56 0 53.1994 81.7314
13 57 0 63.0086 85.205
13 58 1 42.2756 65.686
13 59 0 26.5513 22.7749
13 60 0 46.9899 32.4003
14 1 0 69.8231 42.7454
14 2 0 45.0047 46.132
14 3 0 76.3021 38.1238
14 4 0 10.6517 3.63632
14 5 0 69.4689 60.7495
14 6 1 68.189 16.4687
14 7 1 18.9481 84.154
14 8 0 60.7755 80.0596
14 9 0 76.9958 3.21091
14 10 0 14.8087 78.0136
14 11 0 86.0112 82.0658
14 12 0 41.9851 16.8507
14 13 0 51.9057 13.6917
14 15 1 90.6264 89.927
14 16 0 94.1597 89.2191
14 17 1 7.82622 46.2394
14 18 0 90.0376 76.4372
14 19 0 54.104 85.9934
14 20 0 26.5288 62.4987
14 21 0 79.66 74.1068
14 22 1 19.5445 96.8467
14 23 0 50.9694 24.8431
14 24 0 56.7497 69.3969
14 25 0 70.8567 22.7667
14 26 0 57.2976 27.2515
14 27 0 86.1028 77.0064
14 28 0 63.5354 12.4517
14 29 0 69.0933 56.8217
14 30 0 30.1317 46.6156
14 31 0 18.5377 37.1341
14 32 0 68.3074 40.4986
14 33 0 0.419526 79.6798
14 34 0 50.5464 10.4741
14 35 0 57.505 86.6665
14 36 0 22.7837 75.2865
14 37 0 35.2947 76.3602
14 38 0 79.29 1.7596
14 39 0 7.514 46.9069
14 40 0 94.1119 7.72621
14 41 1 16.8676 29.8402
14 42 0 51.9814 8.18884
14 43 1 44.9334 67.0913
14 44 0 51.8483 16.2355
14 45 0 21.706 30.2328
14 46 0 87.7704 3.9455
14 47 0 39.1804 38.739
14 48 0 43.6973 62.9165
14 49 0 39.2549 99.4554
14 50 0 33.8979 97.3262
14 51 0 19.8796 47.3795
14 52 0 59.251 74.0267
14 53 1 95.7712 81.6525
14 54 0 52.7727 91.2792
14 55 0 90.1326 67.7029
14 56 0 32.3219 72.2303
14 57 0 79.6261 13.5788
14 58 0 40.2442 22.211
14 59 0 4.77061 52.6575
14 60 0 10.107 89.2301
15 1 0 91.3852 45.2988
15 2 0 10.6394 5.37423
15 3 0 62.6283 61.7937
15 4 0 99.8516 40.8747
15 5 0 26.0102 55.3922
15 6 0 68.3053 50.4213
15 7 0 50.8682 17.3754
15 8 0 4.39965 74.7846
15 9 0 60.3298 72.4925
15 10 0 42.3215 85.0469
15 11 0 21.8424 16.8443
15 12 0 76.5043 33.4971
15 13 0 98.217 54.5044
15 14 0 20.6662 75.3221
15 16 1 45.378 83.8785
15 17 0 11.9825 18.6925
15 18 0 49.5822 36.242
15 19 0 22.5658 24.6363
15 20 0 25.9428 48.6236
15 21 1 36.211 67.8059
15 22 0 21.1126 84.2073
15 23 0 6.09999 99.6929
15 24 0 37.5904 7.94715
15 25 0 47.0673 12.1004
15 26 0 49.4638 84.7871
15 27 1 8.20493 45.858
15 28 0 84.581 75.5351
15 29 0 26.2926 59.6787
15 30 0 4.77252 59.3228
15 31 0 82.6083 4.34375
15 32 0 21.5071 18.8826
15 33 0 15.5104 37.1327
15 34 0 32.5081 76.8521
15 35 0 14.7128 50.7705
15 36 0 49.6869 38.9917
15 37 0 0.223293 66.3454
15 38 0 41.6163 53.6296
15 39 0 56.8066 58.2769
15 40 0 7.28976 40.908
15 41 0 52.8865 37.8935
15 42 0 15.8171 29.8719
15 43 0 51.0455 5.05514
15 44 0 27.0056 41.1032
15 45 0 4.00938 70.7162
15 46 0 85.6897 15.4431
15 47 0 63.4024 81.9509
15 48 0 27.3351 52.4838
15 49 0 20.3952 46.536
15 50 0 14.9015 40.974
15 51 0 89.7932 96.0495
15 52 0 44.994 32.8272
15 53 0 63.461 18.9658
15 54 0 22.9973 22.2295
15 55 0 37.8 52.5733
15 56 0 98.0013 11.4892
15 57 0 60.3264 78.3973
15 58 0 82.4571 37.7988
15 59 1 86.7029 26.9411
15 60 0 69.4189 14.1475
16 1 0 5.2728 54.7397
16 2 1 82.7018 37.4495
16 3 0 32.0335 11.3769
16 4 0 87.0762 6.21611
16 5 0 87.1065 67.4419
16 6 0 94.6846 57.2522
16 7 0 18.915 13.4629
16 8 0 19.6247 74.9717
16 9 0 41.7531 19.9381
16 10 0 3.78456 71.7963
16 11 1 60.349 4.20984
16 12 0 6.05891 60.3664
16 13 0 33.951 99.5978
16 14 0 7.32401 94.4257
16 15 0 56.2103 70.3605
16 17 1 3.75695 74.0321
16 18 0 11.6973 88.1088
16 19 0 89.1622 27.8738
16 20 0 24.2363 46.2054
16 21 0 43.7474 98.3065
16 22 0 14.5912 48.2193
16 23 0 33.1662 99.3606
16 24 0 43.0814 29.1499
16 25 0 96.2 99.5578
16 26 0 41.7767 40.5647
16 27 0 26.7467 25.8432
16 28 0 14.8402 55.8907
16 29 0 33.0303 49.6676
16 30 0 39.7707 23.1773
16 31 0 62.7983 80.6499
16 32 0 38.8793 74.2385
16 33 0 1.68677 51.7241
16 34 0 25.8942 83.656
16 35 0 22.4615 10.8236
16 36 0 33.23 93.5479
16 37 0 93.0804 64.026
16 38 0 93.702 67.445
16 39 0 64.8213 78.3468
16 40 0 49.599 89.6984
16 41 0 55.0143 27.7775
16 42 0 92.3848 62.6502
16 43 0 51.3635 95.555
16 44 0 44.5838 22.3744
16 45 0 38.9563 7.07382
16 46 0 10.825 12.8862
16 47 0 76.0379 58.1715
16 48 0 96.7252 29.4253
16 49 0 32.3257 70.3627
16 50 0 23.7975 47.2975
16 51 0 7.1651 93.4615
16 52 0 69.8216 59.5404
16 53 1 98.177 64.482
16 54 0 51.705 78.5681
16 55 0 13.6956 41.9249
16 56 0 10.3465 37.3874
16 57 0 97.8915 63.61
16 58 0 53.8975 35.1585
16 59 1 16.6791 80.9722
16 60 1 83.2477 8.65355
17 1 0 85.2923 73.53
17 2 0 63.244 61.6642
17 3 1 66.1269 67.6287
17 4 0 98.6265 92.1486
17 5 0 88.3556 25.4518
17 6 0 68.4437 86.2188
17 7 0 29.3489 22.9631
17 8 0 19.8817 40.5351
17 9 0 44.6549 0.598718
17 10 0 81.7188 23.5839
17 11 0 81.8065 61.5436
17 12 0 79.5994 90.7315
17 13 0 77.8097 22.0526
17 14 0 61.7468 45.198
17 15 0 14.2324 55.0859
17 16 0 43.1099 61.6525
17 18 1 67.1109 40.2797
17 19 0 78.3504 62.581
17 20 0 85.9136 0.535033
17 21 0 21.0897 98.9139
17 22 0 94.2916 86.6009
17 23 0 79.2498 36.8812
17 24 0 48.6603 92.2917
17 25 0 94.9079 7.27899
17 26 0 19.3214 67.2216
17 27 0 7.45638 24.5685
17 28 0 1.77465 38.057
17 29 0 35.0434 63.0223
17 30 0 11.7401 15.7026
17 31 0 48.4613 37.8638
17 32 0 23.4448 1.76269
17 33 0 46.808 13.6591
17 34 0 59.3967 17.8877
17 35 0 76.8029 60.9611
17 36 0 49.8826 60.5442
17 37 0 70.5904 79.1214
17 38 0 26.5695 45.9789
17 39 1 74.4337 23.961
17 40 0 69.9924 81.5852
17 41 0 65.729 80.8127
17 42 0 45.0377 87.7228
17 43 0 24.7871 31.3016
17 44 0 13.4959 48.5436
17 45 0 25.816 48.2909
17 46 0 7.38961 15.9418
17 47 0 22.4498 12.8446
17 48 0 20.3641 60.4399
17 49 0 45.8453 92.5916
17 50 0 55.7518 31.6073
17 51 0 93.0684 60.6007
17 52 0 25.9781 64.3176
17 53 0 72.6077 25.5704
17 54 0 97.1625 37.6532
17 55 0 71.9667 73.1869
17 56 0 61.5278 93.2166
17 57 0 97.2678 85.8718
17 58 0 98.5483 18.3884
17 59 0 83.8467 52.2689
17 60 0 26.7142 89.6044
18 1 0 69.1475 42.3015
18 2 0 10.0001 66.2738
18 3 0 59.89 78.6388
18 4 0 17.3668 65.8025
18 5 0 99.9097 39.3568
18 6 0 11.9275 29.0221
18 7 0 13.208 80.8404
18 8 0 60.1876 70.0608
18 9 0 86.3284 85.1638
18 10 0 33.7364 13.4539
18 11 0 51.5527 83.832
18 12 0 55.7531 22.2565
18 13 0 70.4106 39.5325
18 14 0 28.9768 0.868818
18 15 0 35.2171 52.8268
18 16 1 63.251 86.6565
18 17 0 54.9372 86.7242
18 19 1 88.4698 16.057
18 20 0 33.6157 20.2527
18 21 1 34.6413 44.598
18 22 1 55.3143 57.7283
18 23 0 12.7586 39.0957
18 24 0 33.8264 91.4991
18 25 0 57.7005 5.69486
18 26 0 7.03018 6.78672
18 27 0 18.1899 24.2208
18 28 0 21.8855 70.0239
18 29 0 18.4876 33.2473
18 30 0 88.7287 47.0519
18 31 0 33.1206 34.4649
18 32 0 1.09465 54.5268
18 33 0 14.3609 12.7245
18 34 0 11.4715 73.5715
18 35 0 17.4531 75.1238
18 36 0 52.2777 11.0934
18 37 0 15.9013 19.1622
18 38 0 74.651 69.8558
18 39 0 0.631723 58.9753
18 40 0 17.7193 32.663
18 41 0 63.5123 97.0342
18 42 0 68.2447 68.9188
18 43 0 72.2589 83.1025
18 44 0 50.534 23.6156
18 45 0 58.9733 15.1817
18 46 0 97.8062 78.6533
18 47 0 29.1496 40.4435
18 48 0 69.6826 67.2119
18 49 0 71.8076 12.5841
18 50 0 68.2354 91.1619
18 51 0 80.4431 30.6143
18 52 0 34.8321 2.22767
18 53 0 72.8336 25.0774
18 54 0 7.34947 77.4873
18 55 0 29.3264 8.84964
18 56 0 87.2891 17.2735
18 57 0 29.8944 6.91794
18 58 0 50.9902 73.9147
18 59 0 22.4778 26.43
18 60 0 63.0185 84.9328
19 1 1 30.022 90.8207
19 2 0 25.0441 0.621802
19 3 0 12.675 39.7325
19 4 0 8.83479 96.9056
19 5 0 85.1283 23.9659
19 6 0 92.9985 96.8163
19 7 0 90.2046 94.2905
19 8 0 31.424 23.5821
19 9 0 43.3877 81.045
19 10 0 89.4194 57.9995
19 11 0 46.4816 3.38742
19 12 0 95.3216 35.3375
19 13 0 37.2372 33.4504
19 14 0 84.9482 32.4403
19 15 0 72.1696 76.4059
19 16 0 24.12 65.5485
19 17 0 45.8615 76.6274
19 18 1 87.0378 25.9314
19 20 1 16.1956 53.1639
19 21 0 10.6819 0.926915
19 22 0 86.3613 48.6031
19 23 0 55.2159 53.1882
19 24 0 13.4891 31.001
19 25 0 69.8946 50.6182
19 26 0 33.1955 75.0689
19 27 0 15.6651 9.52663
19 28 0 35.3479 35.8331
19 29 0 63.531 9.0603
19 30 0 94.1383 80.6149
19 31 0 43.6701 15.8276
19 32 0 83.5276 84.5529
19 33 0 65.2593 62.3087
19 34 0 98.2576 1.96803
19 35 0 6.49059 33.712
19 36 0 18.8536 18.7976
19 37 0 20.7232 46.8783
19 38 0 17.8934 97.2951
19 39 0 68.365 36.5075
19 40 0 13.0443 27.0211
19 41 0 50.7252 14.0607
19 42 0 15.7402 0.969871
19 43 0 96.4697 25.3142
19 44 0 16.3168 3.10399
19 45 0 24.3771 34.3039
19 46 0 35.6577 55.9282
19 47 0 10.3051 39.5355
19 48 1 92.0465 72.9658
19 49 0 55.1167 94.6708
19 50 0 8.10678 44.443
19 51 0 0.250961 65.8495
19 52 0 24.7344 91.6702
19 53 0 7.30382 22.1901
19 54 0 71.4364 54.2521
19 55 1 38.197 96.6767
19 56 0 48.2774 97.3147
19 57 0 86.9915 37.268
19 58 0 24.9901 63.9259
19 59 0 53.6985 28.2983
19 60 0 71.9862 73.3487
20 1 0 33.1133 59.2787
20 2 0 76.7281 14.6018
20 3 0 80.5847 68.7532
20 4 0 99.0888 95.4594
20 5 0 43.5592 97.2997
20 6 0 35.7761 15.6571
20 7 0 55.2291 48.4767
20 8 0 89.675 71.1392
20 9 0 48.598 10.8282
20 10 0 19.1641 20.3919
20 11 0 33.7 84.5999
20 12 0 23.0481 47.1142
20 13 0 2.45075 24.7739
20 14 0 32.1148 99.1628
20 15 0 53.1315 50.628
20 16 0 33.4406 70.791
20 17 0 45.9205 74.1741
20 18 0 98.8728 74.3732
20 19 0 30.9854 25.4882
20 21 1 89.7078 67.4275
20 22 0 36.7062 54.2131
20 23 0 82.3308 30.0171
20 24 0 50.9588 53.7439
20 25 0 62.5409 75.4316
20 26 0 19.5361 84.9658
20 27 0 59.9544 60.2585
20 28 0 20.6301 48.0351
20 29 0 90.022 64.1803
20 30 0 64.5667 14.8363
20 31 0 69.9286 13.8758
20 32 0 76.9577 2.57151
20 33 0 69.6496 68.056
20 34 0 24.9458 26.6481
20 35 0 80.8905 1.15539
20 36 1 0.459986 86.2468
20 37 0 26.2715 52.6564
20 38 0 24.2084 61.9587
20 39 0 95.3681 96.8105
20 40 0 5.77482 89.1087
20 41 0 96.1966 36.1175
20 42 0 71.4991 49.3375
20 43 0 34.0748 93.852
20 44 1 55.9566 69.1492
20 45 0 85.0334 39.9849
20 46 0 90.2542 45.5857
20 47 1 33.1093 18.6129
20 48 0 5.67616 4.29135
20 49 0 85.3414 12.0729
20 50 0 54.6009 43.3186
20 51 0 99.1822 26.9256
20 52 0 71.3674 16.678
20 53 0 17.3979 46.8631
20 54 0 57.4646 36.1306
20 55 1 84.5128 38.8774
20 56 0 23.7502 32.4351
20 57 0 86.617 16.5465
20 58 0 9.11869 15.1778
20 59 0 11.2082 19.3899
20 60 0 35.2975 55.0402
21 1 0 72.5113 88.7577
21 2 0 68.5026 89.8875
21 3 0 66.738 59.2831
21 4 0 27.905 89.7551
21 5 0 39.9468 71.0774
21 6 1 27.6979 19.2082
21 7 0 32.7734 62.7521
21 8 0 10.7451 69.7568
21 9 0 93.9104 91.877
21 10 0 33.1539 60.2487
21 11 0 27.1917 62.484
21 12 0 55.3357 50.0328
21 13 0 69.9744 67.9575
21 14 0 14.0442 49.6827
21 15 0 65.2206 12.0772
21 16 0 68.6515 66.3857
21 17 0 99.8056 21.7383
21 18 0 60.4459 77.0987
21 19 0 99.9483 50.3274
21 20 0 91.908 22.4741
21 22 1 62.9304 66.458
21 23 0 15.5927 81.3923
21 24 0 27.073 85.964
21 25 0 87.7238 85.1412
21 26 1 77.1411 6.21974
21 27 0 64.6894 27.433
21 28 0 7.11482 79.0513
21 29 0 37.371 68.9325
21 30 1 52.4068 88.103
21 31 0 64.1441 58.8143
21 32 0 52.2086 97.927
21 33 0 78.0413 84.3971
21 34 0 13.6641 35.0994
21 35 0 78.8408 57.4072
21 36 0 51.0768 31.3015
21 37 0 86.0915 6.80251
21 38 0 13.1872 43.8251
21 39 0 15.8525 92.9528
21 40 0 41.6447 47.7271
21 41 0 71.3502 55.0457
21 42 0 58.3582 73.9846
21 43 0 22.7708 80.0679
21 44 0 57.7684 21.8576
21 45 0 67.9892 60.4609
21 46 0 65.8471 1.91126
21 47 0 25.5709 7.38889
21 48 0 76.9075 63.5155
21 49 0 39.7998 98.4523
21 50 0 21.9644 83.9507
21 51 0 93.6981 19.1769
21 52 0 60.6405 21.4012
21 53 1 97.3339 96.3412
21 54 0 91.4595 81.9848
21 55 0 11.7471 32.1233
21 56 1 11.2777 77.5845
21 57 0 34.2273 55.5784
21 58 0 71.0411 74.2897
21 59 0 28.5338 86.5497
21 60 0 72.2289 58.9171
22 1 0 0.560951 23.7269
22 2 0 47.8039 78.9407
22 3 0 21.2447 40.7641
22 4 0 31.5305 44.4564
22 5 0 18.3103 5.56589
22 6 0 59.8463 16.2989
22 7 0 33.7058 29.7888
22 8 0 91.9263 79.4305
22 9 0 0.698175 31.3157
22 10 0 5.75593 81.5564
22 11 0 92.1237 39.1374
22 12 0 36.0128 42.2507
22 13 0 57.4866 22.2871
22 14 0 83.3656 40.1637
22 15 0 97.7488 38.5123
22 16 0 92.5924 27.5426
22 17 0 91.8451 35.433
22 18 0 51.0327 19.8681
22 19 0 49.6983 5.78116
22 20 0 39.9762 68.7449
22 21 0 67.8293 6.87923
22 23 1 40.6054 10.1182
22 24 0 38.6532 52.5603
22 25 0 6.1142 58.9266
22 26 0 76.0512 42.3002
22 27 0 14.8609 77.0498
22 28 0 85.7416 18.4883
22 29 0 78.996 96.1943
22 30 0 33.7805 63.9995
22 31 0 64.154 1.44353
22 32 0 39.7148 47.0979
22 33 0 61.3483 25.0654
22 34 0 43.3191 14.1378
22 35 0 36.1593 60.8534
22 36 0 39.9312 89.6559
22 37 0 15.9504 77.8266
22 38 0 4.72085 38.805
22 39 0 81.3773 9.08634
22 40 0 63.451 88.9357
22 41 0 78.022 5.58088
22 42 0 7.54239 13.6368
22 43 1 69.8374 39.1896
22 44 0 86.2025 55.1538
22 45 0 66.2135 32.9214
22 46 0 44.8317 55.2635
22 47 0 85.1614 79.1816
22 48 0 86.8739 27.6168
22 49 1 21.2387 31.5666
22 50 0 79.6211 4.72745
22 51 0 49.5474 74.5699
22 52 0 34.5772 43.0003
22 53 0 93.7351 64.1304
22 54 0 6.78212 51.0246
22 55 0 61.1914 53.409
22 56 0 78.2565 54.3291
22 57 0 75.8226 98.2378
22 58 0 86.5628 61.3573
22 59 0 58.8596 60.1955
22 60 0 23.4404 82.5792
23 1 0 7.20603 13.0683
23 2 1 71.2401 97.052
23 3 0 43.7429 60.5452
23 4 0 56.5891 8.85011
23 5 0 59.4054 69.9247
23 6 0 31.6097 60.8126
23 7 1 42.9808 97.9572
23 8 0 26.5913 36.1812
23 9 0 35.0399 14.2699
23 10 0 84.9614 65.344
23 11 0 77.9234 8.47097
23 12 0 57.1534 67.2802
23 13 0 19.198 94.222
23 14 0 53.2145 16.9365
23 15 0 73.1635 94.9852
23 16 0 55.8699 30.2096
23 17 0 18.917 38.2655
23 18 0 6.67097 52.2329
23 19 0 22.8827 71.601
23 20 0 26.9425 78.3584
23 21 0 18.8222 9.29479
23 22 0 52.3525 88.4962
23 24 1 35.5982 75.3155
23 25 0 44.4657 97.8256
23 26 0 3.26776 17.8182
23 27 0 18.4946 33.0667
23 28 0 58.4946 5.91419
23 29 1 88.41 99.8233
23 30 0 85.0844 90.7079
23 31 0 87.4551 45.8455
23 32 0 65.1153 79.1794
23 33 0 54.4111 13.4702
23 34 0 39.7247 53.8323
23 35 0 5.59639 82.85
23 36 0 64.0073 43.8309
23 37 0 27.037 34.6198
23 38 0 59.5881 69.8134
23 39 1 60.9374 79.9972
23 40 0 86.062 54.9664
23 41 0 93.6531 16.6796
23 42 0 45.4317 27.525
23 43 0 5.21592 17.4633
23 44 0 74.266 77.6641
23 45 0 37.927 60.2541
23 46 0 5.78772 70.3527
23 47 0 15.1552 94.2682
23 48 0 64.9888 51.2457
23 49 0 88.1883 78.002
23 50 1 61.8888 17.8325
23 51 0 43.806 73.1254
23 52 0 35.1827 30.8399
23 53 0 58.232 87.2881
23 54 0 19.2814 56.8657
23 55 0 97.0597 44.8423
23 56 0 20.7325 2.41282
23 57 0 24.0184 70.7144
23 58 0 68.6357 64.8136
23 59 0 90.4685 58.7724
23 60 0 64.5878 1.81485
24 1 0 86.1168 19.2279
24 2 0 47.9903 33.8439
24 3 0 50.7875 12.7534
24 4 0 82.2626 19.8142
24 5 0 38.5884 43.0854
24 6 0 21.4071 25.472
24 7 0 36.9644 0.724289
24 8 0 73.5836 49.595
24 9 0 12.9959 97.3363
24 10 0 22.6029 27.7135
24 11 0 59.9052 7.37586
24 12 0 26.6107 93.6497
24 13 0 80.5013 80.4388
24 14 0 63.8339 65.519
24 15 1 86.0841 45.0733
24 16 0 16.1792 2.18476
24 17 0 71.0727 66.0968
24 18 0 89.5119 55.1574
24 19 0 44.2069 77.3355
24 20 0 46.0507 39.6065
24 21 0 8.17718 51.7093
24 22 0 89.1098 55.6637
24 23 0 11.2756 21.4416
24 25 1 19.9574 60.2148
24 26 0 37.8099 11.4158
24 27 0 7.37418 6.16133
24 28 0 34.6315 46.2502
24 29 0 71.3153 71.4017
24 30 0 94.8481 62.9943
24 31 0 44.1346 16.2891
24 32 0 33.8273 65.9793
24 33 0 74.8866 79.9858
24 34 0 96.4104 27.3586
24 35 0 54.0607 69.2569
24 36 0 11.0315 82.5731
24 37 0 12.5627 34.6286
24 38 0 70.0851 52.2814
24 39 0 29.5147 36.1171
24 40 0 54.7365 17.695
24 41 0 56.3542 55.0531
24 42 0 40.9873 30.0402
24 43 0 18.5589 8.71489
24 44 0 88.4271 0.446788
24 45 0 50.9974 47.6635
24 46 0 45.4744 88.343
24 47 0 97.9752 69.9022
24 48 0 76.9582 68.8148
24 49 0 99.7851 57.0621
24 50 0 11.5509 46.6145
24 51 0 45.1174 35.1153
24 52 0 84.4179 53.7164
24 53 0 87.1297 90.2471
24 54 1 97.0274 53.8441
24 55 0 81.8227 23.0865
24 56 0 87.4045 45.7167
24 57 0 39.0875 35.817
24 58 0 89.7919 77.0705
24 59 0 94.2768 69.326
24 60 0 22.3393 43.0503
25 1 0 19.8206 63.5275
25 2 0 73.8079 6.13762
25 3 0 54.7047 9.34939
25 4 0 69.4916 34.236
25 5 0 69.8614 36.0257
25 6 0 52.6776 60.4557
25 7 0 10.2865 20.1738
25 8 0 93.4857 86.2162
25 9 0 73.168 71.1252
25 10 0 15.6575 91.0078
25 11 0 10.6381 9.17043
25 12 0 79.639 35.4349
25 13 1 95.543 3.51933
25 14 0 72.3733 27.7763
25 15 0 71.129 14.0102
25 16 0 51.6784 83.6885
25 17 0 59.1646 69.5197
25 18 1 45.4268 26.0875
25 19 0 14.4997 8.50215
25 20 0 87.3428 85.6342
25 21 0 18.38 76.7374
25 22 0 65.0488 78.794
25 23 0 90.402 57.7149
25 24 0 2.87216 47.1611
25 26 1 26.9557 5.05746
25 27 1 94.0022 34.0815
25 28 0 72.6002 54.7691
25 29 0 91.2447 36.0623
25 30 1 92.0433 54.8304
25 31 0 85.9009 6.78913
25 32 0 96.0635 36.0171
25 33 0 98.7121 4.89498
25 34 0 44.0371 96.7018
25 35 0 79.2663 21.7502
25 36 0 7.98909 46.8362
25 37 0 32.501 52.6781
25 38 0 69.0102 99.7176
25 39 0 49.2563 80.7264
25 40 0 23.8737 86.5924
25 41 0 78.171 38.7911
25 42 0 43.0774 62.1563
25 43 0 88.6601 49.3275
25 44 0 94.921 13.4633
25 45 0 43.3471 95.5733
25 46 0 76.9146 91.2746
25 47 0 35.6745 51.8882
25 48 0 44.2928 37.9367
25 49 0 11.4502 26.1205
25 50 0 74.8978 3.41739
25 51 0 54.2623 79.6092
25 52 0 55.6526 12.8548
25 53 0 82.1072 75.5385
25 54 0 30.9346 62.0686
25 55 0 59.9256 6.60799
25 56 0 24.9833 41.5767
25 57 0 64.2991 68.1662
25 58 0 74.9863 76.656
25 59 0 89.3903 11.5129
25 60 0 3.63434 61.707
26 1 0 88.3871 97.6838
26 2 0 63.8291 2.85672
26 3 0 69.9631 77.9673
26 4 0 38.4438 24.0913
26 5 0 12.8758 99.6699
26 6 0 28.4105 69.0585
26 7 0 9.19418 56.9289
26 8 0 1.68762 58.8334
26 9 0 36.9695 68.0386
26 10 0 49.2153 27.1806
26 11 0 25.7431 33.9905
26 12 0 87.8205 67.8888
26 13 0 82.2679 2.32225
26 14 0 31.4993 66.0394
26 15 0 63.8626 43.8048
26 16 0 76.1584 9.6292
26 17 0 72.7107 2.24051
26 18 0 69.8378 27.4367
26 19 0 94.369 30.0714
26 20 0 82.31 82.3903
26 21 0 19.0071 0.538878
26 22 1 20.8018 59.677
26 23 0 18.4185 56.308
26 24 0 40.0473 24.7458
26 25 0 60.3771 42.1691
26 27 1 42.8503 88.0834
26 28 0 83.8265 14.389
26 29 0 67.8121 14.0901
26 30 0 46.4085 78.3105
26 31 0 62.3162 79.5034
26 32 0 62.5747 42.9286
26 33 0 25.0318 92.3917
26 34 0 93.5232 44.5856
26 35 0 35.9684 64.4855
26 36 0 49.9299 69.5858
26 37 0 71.1872 61.9901
26 38 0 83.8102 74.1044
26 39 0 85.4631 14.4826
26 40 0 20.2084 64.4519
26 41 0 59.4411 53.4142
26 42 0 97.662 69.896
26 43 0 34.6886 33.1519
26 44 0 95.0163 10.165
26 45 0 98.463 8.17872
26 46 0 59.4999 71.255
26 47 0 35.8338 3.34594
26 48 0 14.0934 77.8592
26 49 0 58.7375 23.9152
26 50 0 98.4518 54.7743
26 51 0 97.508 98.8995
26 52 0 92.4756 36.6134
26 53 0 92.9431 78.9837
26 54 0 70.7059 0.773673
26 55 0 0.851221 17.8958
26 56 1 60.8645 10.9175
26 57 0 17.6897 40.4915
26 58 0 26.2405 42.9603
26 59 0 0.380374 3.12277
26 60 0 55.0644 61.0698
27 1 0 76.4938 83.9166
27 2 1 9.32677 26.6807
27 3 0 80.8033 90.7919
27 4 0 75.4553 84.418
27 5 0 81.0293 50.8851
27 6 0 53.0241 50.4696
27 7 0 51.2762 25.7925
27 8 0 35.5344 25.8812
27 9 0 10.9392 20.6506
27 10 0 48.0389 52.0622
27 11 0 38.3769 94.3607
27 12 0 23.7795 75.7271
27 13 0 66.7859 78.405
27 14 1 78.7375 60.3059
27 15 0 77.2437 14.6399
27 16 0 75.2947 19.6138
27 17 0 60.623 53.1661
27 18 0 68.197 9.62985
27 19 0 51.0307 49.4688
27 20 0 26.6428 60.4436
27 21 0 47.5445 67.4006
27 22 0 63.2078 28.6288
27 23 0 5.21809 39.816
27 24 0 76.2648 22.9063
27 25 0 91.3282 53.0201
27 26 0 54.4534 62.403
27 28 1 60.2459 2.00134
27 29 0 52.3968 90.6952
27 30 0 16.3546 85.475
27 31 0 87.2343 78.8139
27 32 0 66.8909 69.5405
27 33 1 32.6243 44.2371
27 34 0 52.4023 13.682
27 35 0 40.5349 2.7052
27 36 0 33.6538 3.30915
27 37 1 65.0385 92.1567
27 38 0 9.13744 16.8253
27 39 0 17.8186 0.252839
27 40 0 70.1544 43.9004
27 41 0 98.7835 64.3771
27 42 0 37.2327 49.3365
27 43 1 84.7451 35.713
27 44 0 85.6397 55.7601
27 45 0 81.3404 74.7622
27 46 0 6.47152 87.0185
27 47 0 54.6186 82.3177
27 48 0 37.7175 53.3781
27 49 0 11.1939 12.505
27 50 0 11.618 86.2524
27 51 0 92.9955 13.2034
27 52 1 67.9561 44.7565
27 53 0 46.5202 2.64864
27 54 0 41.1613 86.3451
27 55 0 44.1891 23.2105
27 56 0 65.3208 80.3906
27 57 0 73.2763 14.1168
27 58 0 55.0832 98.2459
27 59 1 70.5038 48.8937
27 60 0 35.8337 2.7815
28 1 0 5.18125 28.3629
28 2 0 72.9073 21.4317
28 3 0 72.0306 66.328
28 4 0 70.2976 17.2013
28 5 0 0.457628 44.7543
28 6 0 80.4134 19.0711
28 7 0 73.7705 77.4122
28 8 0 91.5775 5.88859
28 9 0 31.8103 34.3406
28 10 0 35.1088 35.2556
28 11 0 91.3503 48.659
28 12 0 20.1024 9.90022
28 13 0 34.8031 28.7164
28 14 0 76.3494 82.0895
28 15 0 53.2259 8.75424
28 16 0 17.5344 39.9503
28 17 0 75.6075 36.5134
28 18 0 25.6091 35.8343
28 19 1 71.923 99.7951
28 20 0 78.5459 66.5443
28 21 1 11.9045 67.5406
28 22 0 75.9524 95.4598
28 23 0 78.6423 7.54483
28 24 0 89.9237 99.3626
28 25 0 85.2275 66.8231
28 26 0 87.9757 93.4804
28 27 0 88.5469 62.0601
28 29 1 1.66483 61.1926
28 30 0 46.2374 82.6193
28 31 0 80.8162 52.0616
28 32 0 90.4081 24.8035
28 33 0 83.1451 97.8563
28 34 0 7.5282 45.5862
28 35 0 26.4872 95.2448
28 36 0 40.6312 25.708
28 37 0 47.134 75.1445
28 38 0 9.97258 32.2412
28 39 0 46.8814 20.2199
28 40 0 43.5299 79.915
28 41 0 13.8421 70.7049
28 42 0 54.8166 82.2959
28 43 0 11.5398 18.7898
28 44 0 6.76629 54.5811
28 45 0 47.1289 32.4832
28 46 0 21.046 55.6467
28 47 0 98.1543 14.7916
28 48 0 56.691 37.5657
28 49 0 1.94517 86.6663
28 50 0 94.5474 95.4541
28 51 0 68.0905 25.1692
28 52 0 35.9175 18.7365
28 53 0 79.3911 54.0486
28 54 0 51.5444 16.6501
28 55 1 2.65432 68.1612
28 56 0 23.3631 66.5604
28 57 1 18.8464 42.5686
28 58 0 82.2716 86.1421
28 59 0 65.4101 37.8552
28 60 0 77.835 38.3732
29 1 0 35.6096 26.017
29 2 0 96.7039 48.5315
29 3 0 63.2672 67.1267
29 4 0 83.8816 50.2115
29 5 0 25.3159 0.32802
29 6 0 94.9077 92.9424
29 7 0 97.9442 80.0727
29 8 0 38.1346 43.8881
29 9 0 57.3983 87.6079
29 10 0 28.9596 23.0724
29 11 0 19.1465 13.0323
29 12 0 99.829 38.9087
29 13 0 89.1242 68.5545
29 14 1 7.10807 13.8399
29 15 0 6.60562 89.6197
29 16 0 97.608 59.1287
29 17 1 40.4859 73.4548
29 18 0 10.6724 71.7447
29 19 0 90.7899 26.4957
29 20 1 4.70031 95.6812
29 21 0 24.5297 32.5072
29 22 0 82.424 3.12469
29 23 0 59.6298 38.8311
29 24 1 76.8454 38.9013
29 25 0 98.1178 63.3484
29 26 1 55.8603 15.7615
29 27 0 8.07347 13.2173
29 28 0 98.4682 5.12936
29 30 1 8.02677 65.8084
29 31 0 35.731 14.4943
29 32 1 66.6685 2.49939
29 33 0 32.1412 11.8441
29 34 0 61.0386 97.668
29 35 0 43.5382 33.0331
29 36 0 20.1538 74.9814
29 37 0 4.51243 15.2206
29 38 0 61.7539 78.2567
29 39 0 9.22565 86.9988
29 40 0 47.0297 87.6317
29 41 0 20.6332 9.22537
29 42 0 35.513 74.5133
29 43 0 28.1313 68.6066
29 44 0 96.1328 88.8605
29 45 0 35.4132 18.3225
29 46 0 41.1037 74.487
29 47 0 55.4314 90.0155
29 48 0 16.2335 96.7626
29 49 0 49.133 0.284107
29 50 0 14.8421 60.1361
29 51 0 25.1864 46.8863
29 52 0 98.0089 14.6435
29 53 0 31.5549 70.8916
29 54 0 6.98573 12.2016
29 55 0 10.7464 6.66067
29 56 0 70.4368 46.5633
29 57 0 43.5858 41.6588
29 58 0 83.8828 4.87818
29 59 0 54.8645 7.29976
29 60 0 17.6188 30.9729
30 1 0 19.3752 5.47701
30 2 0 51.6416 5.43101
30 3 0 11.7363 6.16866
30 4 0 13.5268 76.5984
30 5 0 67.2015 4.53119
30 6 0 3.17766 89.089
30 7 0 66.2024 13.3421
30 8 0 27.2138 75.8837
30 9 0 55.7553 18.5833
30 10 0 56.8388 89.3192
30 11 0 70.9166 11.1323
30 12 0 45.2055 88.0485
30 13 0 57.5862 26.5531
30 14 0 76.6407 72.214
30 15 0 5.88807 87.6726
30 16 0 82.7579 76.9399
30 17 0 34.2867 47.3972
30 18 0 56.4834 38.3338
30 19 0 65.1518 95.9134
30 20 0 48.6678 40.7235
30 21 0 39.7255 63.5274
30 22 0 44.8427 16.6701
30 23 0 9.19052 5.01735
30 24 0 16.3392 29.4765
30 25 0 89.5643 20.4204
30 26 0 46.2365 34.2128
30 27 0 16.6526 18.7344
30 28 1 14.2103 33.6653
30 29 1 26.4132 38.17
30 31 1 30.0488 22.952
30 32 0 66.7829 76.6282
30 33 0 11.5564 57.3279
30 34 0 58.7807 50.7833
30 35 0 96.9868 7.90973
30 36 0 78.6135 78.9564
30 37 0 2.47586 75.0311
30 38 0 51.4954 94.5692
30 39 0 52.44 46.3304
30 40 0 19.9941 60.7582
30 41 1 7.96409 48.9343
30 42 0 81.0326 9.87782
30 43 0 46.025 78.1565
30 44 0 25.1123 32.2672
30 45 0 94.0243 54.7933
30 46 0 30.781 85.7865
30 47 0 19.6137 48.0525
30 48 0 41.8574 38.2361
30 49 0 68.2593 11.4821
30 50 1 47.7853 33.4512
30 51 0 74.3145 61.859
30 52 0 88.6053 61.9408
30 53 0 32.3809 76.658
30 54 0 93.443 14.0397
30 55 0 31.9546 0.217017
30 56 0 35.0265 39.6055
30 57 0 36.3708 78.7258
30 58 1 68.5362 14.6285
30 59 0 97.1258 28.2066
30 60 1 30.7994 23.3807
31 1 0 64.9737 58.7847
31 2 0 57.302 24.0419
31 3 0 42.3711 78.1845
31 4 0 27.6609 53.2839
31 5 0 58.4285 64.6676
31 6 0 36.8144 69.1042
31 7 0 88.5088 77.0029
31 8 0 68.9198 92.5465
31 9 0 99.9291 34.5431
31 10 0 13.9123 55.6118
31 11 0 72.1898 17.9203
31 12 0 42.5637 80.1487
31 13 0 39.8934 32.428
31 14 0 4.45747 91.8472
31 15 0 77.1524 74.8258
31 16 0 5.6094 49.4183
31 17 0 70.7099 51.4356
31 18 0 77.3638 71.7062
31 19 1 21.3869 89.086
31 20 0 13.6745 73.217
31 21 1 5.10654 12.9635
31 22 0 49.4091 43.034
31 23 0 93.1601 74.4195
31 24 0 90.7106 63.6654
31 25 0 27.681 86.9572
31 26 0 87.7052 67.6356
31 27 0 46.6816 89.9683
31 28 0 0.568717 14.5929
31 29 0 42.2395 23.7526
31 30 0 65.7152 71.3234
31 32 1 39.7086 13.0204
31 33 0 75.7346 60.7019
31 34 0 81.7203 90.8189
31 35 0 0.142408 53.0739
31 36 0 6.59526 82.1374
31 37 0 96.8882 64.3398
31 38 0 54.2039 27.1919
31 39 0 7.96553 29.7168
31 40 0 60.0384 72.8969
31 41 0 64.5273 0.0373173
31 42 0 77.1903 67.8477
31 43 0 19.3237 25.9917
31 44 0 72.4789 24.5477
31 45 0 25.5885 16.9617
31 46 0 77.8414 52.3827
31 47 0 83.0643 45.0497
31 48 0 73.7143 93.316
31 49 0 1.45831 4.53651
31 50 0 16.3301 13.2518
31 51 0 61.6334 59.1599
31 52 0 85.6088 46.4016
31 53 0 7.70101 98.9454
31 54 0 25.4945 45.9284
31 55 0 9.74591 81.2591
31 56 0 28.1099 50.1964
31 57 0 32.4338 86.8983
31 58 0 72.9618 14.7276
31 59 0 68.4781 10.005
31 60 0 82.4954 44.1121
32 1 0 44.6938 63.81
32 2 0 42.1733 50.1651
32 3 0 46.5841 36.7422
32 4 0 5.20715 97.6051
32 5 0 20.0847 22.2148
32 6 0 61.2722 16.2669
32 7 0 55.3591 97.655
32 8 0 63.362 76.3259
32 9 0 27.6898 68.9281
32 10 0 67.4671 75.5676
32 11 0 55.5832 90.9992
32 12 0 25.8174 76.1216
32 13 0 12.3863 32.5296
32 14 0 15.6999 47.2811
32 15 0 34.4175 77.1692
32 16 0 75.9711 13.1295
32 17 0 99.5207 50.8915
32 18 0 65.5657 51.3131
32 19 0 12.2575 66.8403
32 20 0 52.258 78.4449
32 21 0 41.1699 96.5638
32 22 0 16.6094 64.681
32 23 0 0.215979 50.4463
32 24 0 10.9201 84.6911
32 25 0 31.3652 25.4389
32 26 1 19.7394 23.2829
32 27 0 74.6292 9.60171
32 28 0 60.2163 32.8839
32 29 0 93.3495 68.1495
32 30 0 34.2999 3.97906
32 31 0 88.8643 76.4568
32 33 1 99.5181 57.5487
32 34 0 64.5769 53.9764
32 35 0 43.2577 48.59
32 36 0 48.1267 88.4579
32 37 0 63.0528 41.8671
32 38 0 18.4995 10.4837
32 39 0 66.2872 15.7926
32 40 0 76.9284 75.9955
32 41 0 78.2867 79.9498
32 42 0 9.60333 75.995
32 43 0 94.5135 33.8338
32 44 0 8.11358 21.5655
32 45 0 34.672 58.8528
32 46 0 29.9624 25.5141
32 47 0 24.0719 7.09587
32 48 0 97.2128 66.2303
32 49 0 3.1248 51.7742
32 50 0 88.7246 22.2503
32 51 0 3.89776 60.27
32 52 0 26.4458 99.7028
32 53 0 1.81188 55.9107
32 54 0 63.8369 15.3745
32 55 0 16.8814 38.8985
32 56 0 25.4054 16.5558
32 57 0 9.028 98.8537
32 58 0 71.7524 55.344
32 59 0 18.4615 66.6294
32 60 0 50.2003 49.1188
33 1 1 54.3374 98.7008
33 2 1 35.6103 81.9324
33 3 0 42.9669 55.1637
33 4 0 21.288 37.6108
33 5 1 42.4783 10.797
33 6 0 0.562837 55.5601
33 7 0 33.6518 18.3214
33 8 1 0.13113 65.2515
33 9 0 29.844 91.612
33 10 0 44.743 25.2819
33 11 0 54.1397 10.605
33 12 0 35.5451 2.45203
33 13 0 5.77739 19.556
33 14 0 32.9213 71.153
33 15 0 88.0786 23.0935
33 16 1 7.24299 80.9951
33 17 1 21.2724 45.312
33 18 0 59.5956 79.3449
33 19 0 52.8135 6.80594
33 20 0 70.205 37.4635
33 21 0 25.8644 19.9962
33 22 0 16.8395 49.3239
33 23 0 2.88988 52.4146
33 24 1 36.4334 39.2861
33 25 0 78.0476 27.1852
33 26 0 84.804 30.8724
33 27 0 19.5534 73.0036
33 28 0 4.98261 70.686
33 29 0 46.198 87.1899
33 30 1 4.33767 60.9096
33 31 0 12.6371 84.3551
33 32 0 52.1937 28.3583
33 34 1 3.14619 44.0466
33 35 1 54.0731 87.5028
33 36 0 0.669792 64.436
33 37 0 42.7495 57.6394
33 38 0 22.6174 68.0794
33 39 0 95.4068 24.0586
33 40 0 10.4999 0.946439
33 41 0 30.958 1.70461
33 42 0 36.729 96.7837
33 43 0 91.3226 48.7887
33 44 0 37.1809 41.8051
33 45 0 44.7408 76.3108
33 46 0 92.2148 58.3973
33 47 0 57.8793 27.2824
33 48 0 62.0739 27.3626
33 49 1 42.6997 14.3332
33 50 0 27.0895 41.1264
33 51 0 62.9552 0.823416
33 52 0 86.4789 44.0791
33 53 1 61.1298 23.7802
33 54 0 99.7296 49.384
33 55 0 1.53887 95.8708
33 56 0 40.5145 37.7638
33 57 0 0.405743 10.8959
33 58 0 24.0553 71.6845
33 59 0 92.4653 20.2556
33 60 0 79.8604 44.7219
34 1 0 1.51907 81.6044
34 2 0 87.005 78.6413
34 3 0 64.4035 59.9645
34 4 1 23.9343 95.1475
34 5 0 93.3503 30.719
34 6 0 39.2662 90.6098
34 7 0 96.935 74.5937
34 8 0 24.3603 57.8224
34 9 0 61.2777 6.0995
34 10 0 28.8109 68.3632
34 11 0 17.186 34.4707
34 12 0 87.2936 97.6524
34 13 0 21.3151 32.0776
34 14 0 8.53886 83.0292
34 15 0 71.9525 67.7155
34 16 0 32.918 77.6358
34 17 0 49.7756 39.1567
34 18 0 87.9108 94.5441
34 19 0 79.132 17.1794
34 20 0 46.7927 79.036
34 21 1 36.317 94.0563
34 22 0 77.8447 13.3009
34 23 0 58.9077 67.9238
34 24 0 14.018 54.8604
34 25 0 6.14879 11.1905
34 26 0 57.1983 2.36962
34 27 0 57.0824 19.943
34 28 0 12.8443 60.4389
34 29 0 84.0147 4.66575
34 30 0 86.0954 81.3636
34 31 0 63.0521 25.8913
34 32 0 42.831 98.8617
34 33 0 54.7171 79.8292
34 35 1 23.0767 35.479
34 36 0 54.5591 24.0781
34 37 0 84.6295 25.5083
34 38 0 86.5168 54.7177
34 39 0 41.6102 70.7661
34 40 0 47.8244 26.1415
34 41 0 50.3186 87.3871
34 42 0 42.637 61.8637
34 43 0 7.02778 7.05894
34 44 0 3.09941 23.0795
34 45 0 44.572 33.5269
34 46 0 3.04246 89.137
34 47 0 12.4493 75.7266
34 48 0 65.8307 38.0089
34 49 0 88.5872 16.2202
34 50 0 4.17926 48.6932
34 51 1 35.5931 17.7147
34 52 1 34.644 8.68003
34 53 0 94.4767 46.5972
34 54 0 65.0244 96.9993
34 55 0 87.8115 39.8967
34 56 0 65.8987 4.0643
34 57 0 46.199 39.5833
34 58 0 34.7514 86.5562
34 59 0 70.1194 3.75945
34 60 1 15.4199 50.0945
35 1 0 13.8283 19.0403
35 2 0 8.57576 2.59458
35 3 0 2.4402 43.9997
35 4 0 67.2086 38.7928
35 5 0 92.1584 38.5326
35 6 0 93.7265 27.4825
35 7 0 88.9192 70.1496
35 8 0 32.0338 26.8263
35 9 0 68.6521 96.271
35 10 0 27.5831 35.0904
35 11 0 30.1615 43.71
35 12 0 8.35141 95.39
35 13 0 30.5438 73.5863
35 14 0 91.2964 36.2967
35 15 0 65.1822 65.2322
35 16 0 31.7506 96.1044
35 17 0 2.3633 78.1866
35 18 0 48.9515 43.789
35 19 0 15.9507 32.7856
35 20 0 62.2159 47.0793
35 21 0 74.5468 85.2871
35 22 0 91.8262 18.2043
35 23 0 90.9991 19.6061
35 24 0 95.6626 51.7969
35 25 0 96.4855 65.7792
35 26 0 50.0463 51.7267
35 27 1 83.4696 41.5279
35 28 0 12.1965 56.969
35 29 0 75.0072 38.7982
35 30 0 62.2037 98.191
35 31 0 40.4986 91.0981
35 32 0 61.3454 44.7272
35 33 0 75.8999 77.9573
35 34 0 49.1686 87.797
35 36 1 40.8165 85.0269
35 37 0 73.9098 59.1753
35 38 0 59.2727 46.1813
35 39 0 74.5828 58.1109
35 40 0 31.1176 89.6323
35 41 0 80.8765 85.693
35 42 0 77.4754 15.8737
35 43 0 86.7662 58.8049
35 44 0 42.7148 68.4672
35 45 0 29.7276 59.0589
35 46 0 68.9356 67.2572
35 47 0 43.9524 92.5951
35 48 0 5.81922 1.86578
35 49 0 60.1294 51.1235
35 50 0 75.3607 2.15702
35 51 0 68.4879 50.1468
35 52 0 20.0543 16.6865
35 53 0 16.6004 38.131
35 54 0 29.7876 69.6621
35 55 0 82.8122 26.147
35 56 1 0.52139 51.9589
35 57 0 45.0158 77.49
35 58 0 22.6623 70.5055
35 59 1 36.615 57.1459
35 60 0 3.58446 46.4676
36 1 0 85.1716 49.3109
36 2 0 76.343 66.6424
36 3 0 59.4417 80.3661
36 4 0 78.9349 50.5848
36 5 0 0.456268 3.60634
36 6 0 53.4808 60.1158
36 7 0 87.5315 41.561
36 8 0 17.2192 53.058
36 9 0 85.5942 23.5297
36 10 0 29.0611 59.1091
36 11 0 82.1852 85.0007
36 12 0 87.3418 80.4271
36 13 0 55.0724 92.9984
36 14 0 65.8263 13.0809
36 15 0 36.151 63.5837
36 16 0 90.7007 83.9527
36 17 0 2.01999 77.0307
36 18 1 99.3197 11.7597
36 19 0 32.9062 66.6534
36 20 0 55.6402 11.6078
36 21 0 18.6309 42.2114
36 22 0 83.0163 45.3378
36 23 0 76.5829 6.27862
36 24 0 29.8951 19.155
36 25 0 1.82523 34.0121
36 26 0 57.0863 28.8074
36 27 0 93.9678 34.7638
36 28 0 28.8752 65.0969
36 29 0 72.5107 8.59712
36 30 0 17.1696 1.68473
36 31 0 93.7211 49.954
36 32 0 4.72762 24.7642
36 33 0 6.83222 55.6058
36 34 0 19.3122 15.7331
36 35 0 90.0807 74.5067
36 37 1 96.0304 91.7331
36 38 0 90.6319 92.0413
36 39 0 78.3649 31.9334
36 40 0 17.0405 64.696
36 41 0 88.6047 58.7532
36 42 0 44.614 66.7614
36 43 0 51.335 46.6827
36 44 0 5.17645 42.1849
36 45 0 78.7221 76.5896
36 46 0 66.2847 58.8946
36 47 0 29.423 78.1302
36 48 0 50.933 28.3151
36 49 0 54.3884 46.0639
36 50 0 88.3557 24.8606
36 51 0 63.368 42.3214
36 52 0 22.7022 31.6757
36 53 0 87.5523 76.3851
36 54 0 1.74541 72.9893
36 55 0 87.7248 24.9844
36 56 0 48.4696 84.4569
36 57 0 79.4536 58.5309
36 58 0 89.6401 31.9504
36 59 0 2.72503 37.9252
36 60 0 29.1309 33.2872
37 1 1 93.3167 14.3413
37 2 0 67.8447 38.8296
37 3 0 80.6922 34.5553
37 4 0 59.3244 95.8862
37 5 0 90.545 92.6073
37 6 0 65.2192 3.93148
37 7 0 35.1181 63.1782
37 8 0 12.0726 3.97323
37 9 0 63.0064 87.1801
37 10 0 82.3668 62.6332
37 11 0 70.1612 35.6285
37 12 0 23.9319 99.9667
37 13 0 30.5675 10.1566
37 14 1 34.9741 96.1252
37 15 0 38.5231 39.8808
37 16 0 49.6267 95.9303
37 17 0 99.5216 46.6178
37 18 0 50.0575 59.6587
37 19 0 74.0787 36.2316
37 20 0 31.6706 74.1702
37 21 0 17.2183 18.558
37 22 0 46.6094 21.2843
37 23 0 25.5045 15.3367
37 24 0 52.5669 80.4662
37 25 0 65.166 90.8665
37 26 0 62.2012 77.2706
37 27 0 46.434 9.6221
37 28 0 42.4687 11.8847
37 29 0 26.8787 34.858
37 30 0 71.4248 10.6234
37 31 0 46.3877 58.7467
37 32 0 18.3374 76.9628
37 33 0 59.9954 1.82869
37 34 1 83.984 12.9004
37 35 0 15.1988 21.3768
37 36 0 32.8393 32.0236
37 38 1 17.4351 45.3136
37 39 0 67.3495 36.2793
37 40 0 41.8564 55.86
37 41 0 96.273 96.348
37 42 0 50.6615 5.91636
37 43 0 36.3241 7.79944
37 44 1 47.4107 64.2716
37 45 0 48.2284 1.49784
37 46 0 90.0057 51.2987
37 47 0 92.4009 92.4469
37 48 0 10.4327 13.1672
37 49 0 57.1823 76.7394
37 50 0 2.13556 74.829
37 51 0 39.5094 46.6505
37 52 0 31.8467 44.4676
37 53 0 6.58936 3.28069
37 54 0 82.1092 38.1846
37 55 0 28.276 5.20057
37 56 0 0.798324 21.2381
37 57 0 95.6513 58.2562
37 58 0 52.7214 96.9224
37 59 0 88.5929 78.9678
37 60 0 15.3925 80.2828
38 1 0 34.1528 79.3792
38 2 0 99.5184 26.6291
38 3 1 74.098 50.4256
38 4 0 45.3225 95.9052
38 5 0 79.6018 63.0593
38 6 0 79.8776 71.6276
38 7 0 0.689199 50.1901
38 8 0 63.6969 20.0932
38 9 1 99.1601 11.7756
38 10 0 49.0429 38.3053
38 11 1 25.2999 48.438
38 12 0 60.9915 17.406
38 13 0 43.2634 54.6696
38 14 1 23.529 96.4457
38 15 0 38.1508 6.55706
38 16 0 11.4714 68.9458
38 17 0 97.1669 13.4876
38 18 0 79.6073 88.3383
38 19 0 83.3607 27.535
38 20 0 50.4145 12.7399
38 21 0 56.6383 30.5487
38 22 0 84.1135 93.6967
38 23 0 99.8098 78.9307
38 24 0 9.73966 55.3527
38 25 0 50.2237 11.4354
38 26 0 2.67771 77.8138
38 27 0 43.1154 2.19195
38 28 0 68.4885 44.6062
38 29 0 78.5342 38.5566
38 30 1 94.4666 16.6782
38 31 1 53.8976 18.606
38 32 0 40.1917 36.715
38 33 0 97.3791 67.2575
38 34 1 44.305 34.5169
38 35 0 2.55255 98.6247
38 36 0 68.8487 52.108
38 37 0 84.4993 86.6603
38 39 1 16.5921 25.0232
38 40 0 32.3186 48.3107
38 41 0 61.6856 10.0326
38 42 0 40.8026 25.726
38 43 0 39.4884 22.5097
38 44 0 65.222 4.35905
38 45 0 41.1959 97.4958
38 46 0 94.1404 97.9277
38 47 0 29.2789 96.1878
38 48 0 37.3658 94.4986
38 49 1 81.0668 7.21949
38 50 0 41.8355 37.922
38 51 0 32.6352 10.7596
38 52 0 19.8828 98.2536
38 53 1 10.0282 27.5544
38 54 0 34.9655 47.5965
38 55 0 50.747 20.9971
38 56 0 65.691 99.9987
38 57 0 80.7308 86.879
38 58 0 4.07036 64.9029
38 59 0 5.86004 4.56438
38 60 0 14.813 21.6158
39 1 0 7.4232 41.9011
39 2 1 6.0957 66.6352
39 3 0 62.1711 86.0988
39 4 0 70.2739 21.7862
39 5 1 99.8242 25.9926
39 6 0 86.542 75.1443
39 7 0 44.5908 77.1817
39 8 0 11.312 23.9589
39 9 0 27.286 55.0736
39 10 0 45.3228 5.89193
39 11 0 27.3488 40.6037
39 12 0 75.6265 66.4486
39 13 0 99.2903 94.0891
39 14 0 90.8672 37.9362
39 15 0 2.21914 15.5415
39 16 0 20.6164 58.4685
39 17 0 53.5924 12.2718
39 18 0 90.6863 2.29588
39 19 0 59.4741 93.3132
39 20 0 34.0223 94.9811
39 21 0 10.4512 66.9409
39 22 0 51.8579 5.41839
39 23 0 15.1306 78.498
39 24 0 9.98789 46.957
39 25 0 52.7644 50.059
39 26 0 11.5092 70.5257
39 27 0 24.6931 54.3006
39 28 0 86.5947 89.4138
39 29 0 5.34464 32.5786
39 30 1 1.15036 11.6588
39 31 0 80.3999 77.9042
39 32 0 11.3533 76.8735
39 33 0 52.1752 18.2404
39 34 0 16.9306 69.0128
39 35 0 7.02207 21.923
39 36 0 66.4724 12.2443
39 37 0 0.583766 14.2333
39 38 0 29.1509 33.5509
39 40 1 39.9844 10.3155
39 41 0 17.9359 2.06681
39 42 0 37.7592 36.1216
39 43 0 42.6925 62.3013
39 44 0 10.4784 47.0108
39 45 0 17.9647 88.9754
39 46 0 32.3756 24.1509
39 47 0 62.8817 50.7468
39 48 0 47.8868 10.0269
39 49 1 60.531 38.8732
39 50 1 34.1383 74.8934
39 51 0 26.7201 40.168
39 52 0 86.5791 50.6901
39 53 0 75.4354 39.3966
39 54 0 35.0603 10.3693
39 55 1 95.5266 39.3438
39 56 0 99.249 34.609
39 57 0 58.7172 71.7089
39 58 0 4.3343 70.319
39 59 0 42.8053 41.5903
39 60 0 78.8935 57.0354
40 1 0 96.1054 90.3896
40 2 0 61.2851 33.4316
40 3 0 16.4116 75.4887
40 4 0 68.4017 66.9122
40 5 0 77.5028 28.5125
40 6 0 67.8756 79.4368
40 7 0 70.3229 72.0884
40 8 0 13.6188 47.8438
40 9 0 34.4812 11.4734
40 10 0 85.9024 72.9422
40 11 0 38.6903 40.1835
40 12 0 36.2634 40.2451
40 13 0 20.007 96.7312
40 14 0 80.4832 33.8388
40 15 1 32.2533 37.3878
40 16 0 29.9238 99.2171
40 17 0 55.441 32.2319
40 18 1 81.9418 3.41814
40 19 0 46.513 39.1586
40 20 0 55.4047 61.4572
40 21 0 98.1381 11.2162
40 22 0 18.6455 60.5937
40 23 0 26.4574 44.037
40 24 0 29.6983 15.6251
40 25 0 54.4772 93.0309
40 26 0 35.786 95.5277
40 27 1 51.3081 11.0908
40 28 0 32.7922 30.1731
40 29 0 73.0204 91.0271
40 30 1 64.1936 34.1211
40 31 0 85.4509 96.2777
40 32 0 58.0119 73.4422
40 33 0 75.4433 97.5187
40 34 0 16.8194 0.850614
40 35 0 67.0223 41.9749
40 36 0 83.5356 43.3177
40 37 0 7.47247 69.3119
40 38 0 18.2411 8.55854
40 39 0 47.4619 94.1671
40 41 1 38.0574 48.7357
40 42 0 6.73834 64.798
40 43 0 47.092 60.9473
40 44 0 84.6879 19.7532
40 45 0 60.9042 85.3883
40 46 0 55.4487 55.6367
40 47 0 82.0873 59.3696
40 48 0 96.5162 39.9932
40 49 0 81.6122 58.8709
40 50 0 12.1791 91.8634
40 51 0 62.7696 60.1123
40 52 0 30.8122 91.0244
40 53 0 75.164 11.1247
40 54 0 68.5992 43.3606
40 55 0 92.5743 25.22
40 56 0 95.8193 20.5226
40 57 0 94.8875 47.7953
40 58 0 28.3219 27.871
40 59 0 82.7448 65.1335
40 60 0 74.1346 28.2912
41 1 0 49.326 62.1206
41 2 0 46.0107 72.1917
41 3 0 89.8516 19.9516
41 4 0 20.0338 98.7782
41 5 0 35.2632 26.7108
41 6 0 40.4866 44.6068
41 7 0 21.3129 92.4779
41 8 0 30.3994 25.9512
41 9 0 8.13845 32.9858
41 10 0 5.70274 7.05878
41 11 0 76.1354 58.9556
41 12 0 91.8303 18.1836
41 13 0 12.9844 76.2143
41 14 0 37.4975 77.2289
41 15 0 22.1133 13.7629
41 16 0 8.98884 36.8046
41 17 0 94.9597 87.495
41 18 0 6.46208 96.3721
41 19 0 69.1497 66.2574
41 20 0 83.6162 86.1064
41 21 0 82.8471 43.9659
41 22 0 2.11265 91.9627
41 23 0 89.9658 17.3972
41 24 0 34.2673 89.41
41 25 0 32.578 65.707
41 26 0 33.8101 65.551
41 27 0 47.1274 6.751
41 28 0 62.6289 19.4802
41 29 0 79.9538 49.0056
41 30 0 69.3088 64.4758
41 31 0 4.60535 12.3333
41 32 0 86.8626 62.0358
41 33 0 2.07801 6.19382
41 34 0 49.9669 38.9218
41 35 0 24.3703 48.6713
41 36 1 15.8785 76.9075
41 37 0 74.4621 13.8806
41 38 0 10.7968 91.5564
41 39 0 80.0666 76.7082
41 40 0 9.51142 80.6084
41 42 1 34.411 12.0559
41 43 0 59.613 39.9372
41 44 1 25.1196 46.4274
41 45 0 44.5573 3.83035
41 46 0 3.61958 20.7441
41 47 0 13.3739 47.8477
41 48 0 1.15188 5.50846
41 49 0 72.2574 18.0171
41 50 0 93.4257 34.755
41 51 0 22.6097 88.2397
41 52 0 34.108 27.9326
41 53 0 70.8886 94.911
41 54 0 58.3944 34.5371
41 55 1 17.4432 65.7031
41 56 0 52.7574 63.5516
41 57 0 59.1023 84.5921
41 58 0 46.6416 16.2851
41 59 0 72.9093 78.9889
41 60 0 15.7136 11.4999
42 1 0 5.69545 11.2757
42 2 0 87.0397 75.047
42 3 0 45.2593 23.6694
42 4 0 20.8867 85.6393
42 5 0 63.7074 2.20302
42 6 0 90.7961 28.1769
42 7 0 97.6946 63.9975
42 8 0 54.8145 27.1555
42 9 0 85.1319 88.409
42 10 1 36.7476 72.7131
42 11 0 74.6814 99.5448
42 12 0 42.0798 36.9211
42 13 0 6.90976 43.9319
42 14 0 69.6617 97.1094
42 15 0 20.6489 40.9061
42 16 0 52.5003 35.9651
42 17 0 23.3801 8.81478
42 18 0 53.6994 86.4073
42 19 0 0.0726709 55.1859
42 20 0 30.512 25.8935
42 21 0 30.7547 43.3696
42 22 0 59.3167 4.10912
42 23 0 49.6294 76.8536
42 24 0 30.1204 10.017
42 25 0 36.4316 15.3394
42 26 0 21.4487 85.5008
42 27 0 59.2841 69.9835
42 28 0 6.28286 72.0628
42 29 0 88.6869 65.9749
42 30 1 93.8915 63.3859
42 31 0 99.546 61.7566
42 32 0 9.03196 24.6338
42 33 0 66.166 55.0875
42 34 0 92.2243 13.1736
42 35 0 36.1283 65.3503
42 36 0 37.3044 78.6977
42 37 0 94.8692 95.8098
42 38 0 6.10462 90.4054
42 39 0 45.2928 12.1239
42 40 0 16.7045 36.81
42 41 0 35.6129 62.0213
42 43 1 81.8493 16.9246
42 44 0 7.2559 26.2329
42 45 0 54.149 8.21097
42 46 0 5.99408 91.8528
42 47 0 53.5737 78.4085
42 48 0 58.5852 37.5325
42 49 0 54.749 11.1559
42 50 0 98.8678 17.7723
42 51 0 0.395915 39.3775
42 52 1 42.462 44.4958
42 53 0 10.2629 49.9307
42 54 0 49.6051 83.7732
42 55 0 96.0342 13.6034
42 56 0 51.6305 89.7585
42 57 0 88.2821 63.8852
42 58 0 52.4309 71.8473
42 59 0 52.1319 23.6221
42 60 0 45.7602 90.2243
43 1 0 13.6458 42.2655
43 2 0 76.9697 1.70469
43 3 0 99.6444 9.9371
43 4 0 6.39143 41.008
43 5 0 69.2127 96.1908
43 6 0 61.1388 8.85131
43 7 0 70.9704 40.7687
43 8 0 59.5342 78.3611
43 9 0 91.2514 10.9088
43 10 0 41.5657 93.0076
43 11 0 34.9297 98.9237
43 12 0 82.9647 86.0596
43 13 0 70.8674 42.8883
43 14 0 61.7385 58.4927
43 15 0 38.6749 3.88466
43 16 0 58.8543 50.7702
43 17 0 70.2841 76.6249
43 18 0 74.6805 95.3732
43 19 0 88.7791 14.7024
43 20 0 81.0582 77.5416
43 21 0 27.1524 9.32884
43 22 0 99.8437 3.00223
43 23 0 13.038 78.2943
43 24 0 59.2327 86.5348
43 25 1 30.2085 52.9007
43 26 0 47.3218 28.4649
43 27 0 22.55 12.79
43 28 0 57.4467 64.5175
43 29 0 83.219 56.5466
43 30 1 21.2813 75.4792
43 31 0 75.091 45.7352
43 32 0 24.0443 23.1603
43 33 0 34.9995 80.0478
43 34 0 65.7001 61.7222
43 35 0 88.277 43.0553
43 36 0 98.8595 2.00961
43 37 0 93.087 69.0285
43 38 0 9.26344 79.5312
43 39 0 30.4432 60.2351
43 40 0 61.1044 71.3701
43 41 0 54.4701 36.6474
43 42 0 64.9674 99.2588
43 44 1 43.8031 17.463
43 45 0 80.3807 20.7603
43 46 0 31.5492 13.2376
43 47 1 26.4188 0.192313
43 48 0 47.2121 99.9129
43 49 0 81.4562 24.4261
43 50 0 53.9691 82.3978
43 51 0 64.1005 40.4699
43 52 0 37.335 17.7856
43 53 0 13.2582 76.0612
43 54 0 13.3863 81.9237
43 55 0 62.7634 3.57548
43 56 0 19.0892 78.5106
43 57 0 57.8334 32.6788
43 58 0 36.4642 68.9546
43 59 0 32.3117 82.5533
43 60 0 29.6376 14.6972
44 1 0 76.1309 39.4571
44 2 0 5.52687 93.172
44 3 0 42.2323 64.5173
44 4 0 90.6923 32.1982
44 5 0 96.8665 41.4566
44 6 0 98.2895 29.3851
44 7 1 33.7715 47.6825
44 8 0 22.519 55.0212
44 9 0 90.0764 99.0415
44 10 0 29.5909 81.1166
44 11 1 76.9547 25.587
44 12 0 78.0654 17.4773
44 13 0 16.2254 41.0107
44 14 0 44.9743 5.0542
44 15 0 59.28 15.1857
44 16 1 74.9841 89.438
44 17 0 90.1326 63.6518
44 18 0 6.44309 62.2278
44 19 0 35.3767 32.5509
44 20 1 58.1378 63.4025
44 21 0 83.5938 60.8793
44 22 0 89.7751 98.6245
44 23 0 25.0825 74.1131
44 24 0 18.8479 30.0493
44 25 0 52.3814 45.9844
44 26 1 91.788 92.4128
44 27 0 80.9091 32.5675
44 28 0 19.0117 81.7121
44 29 0 22.2488 96.4532
44 30 0 13.2746 89.776
44 31 0 63.9517 98.296
44 32 1 36.5534 97.1267
44 33 1 19.2392 40.1113
44 34 0 14.6281 84.08
44 35 0 23.7513 52.2284
44 36 0 54.6275 95.2965
44 37 0 50.5694 2.15914
44 38 0 35.6594 55.3568
44 39 0 58.7137 44.6941
44 40 0 52.5028 54.0023
44 41 0 20.9399 21.8049
44 42 0 1.79841 60.0666
44 43 0 20.8148 81.1446
44 45 1 45.973 83.454
44 46 0 90.7529 40.9779
44 47 0 26.73 11.9644
44 48 0 49.7544 90.8767
44 49 0 76.0094 17.3233
44 50 0 99.524 17.3674
44 51 0 95.0307 20.8112
44 52 0 39.6855 20.4928
44 53 0 78.7249 15.6197
44 54 0 50.819 4.55752
44 55 0 27.1199 85.2862
44 56 0 95.2621 65.6152
44 57 0 74.668 35.371
44 58 0 60.2383 73.6969
44 59 1 31.8001 8.98663
44 60 0 80.2055 72.1169
45 1 0 16.619 33.0935
45 2 0 0.505191 52.6181
45 3 0 8.6538 14.9373
45 4 1 61.303 2.97715
45 5 0 47.1718 97.8236
45 6 0 70.2006 49.8865
45 7 0 14.9666 60.0134
45 8 0 25.8239 22.5766
45 9 0 73.031 26.2869
45 10 0 13.158 70.2495
45 11 1 91.9395 61.2064
45 12 0 33.2775 74.5762
45 13 0 16.6265 55.458
45 14 0 70.603 13.9537
45 15 1 0.463613 1.74306
45 16 0 24.9268 95.6842
45 17 0 22.6219 51.6153
45 18 0 94.953 34.4441
45 19 0 31.2616 39.0869
45 20 0 41.0756 41.973
45 21 0 67.9824 4.4142
45 22 0 31.0245 36.9605
45 23 0 89.0472 20.6066
45 24 0 49.4466 20.0989
45 25 0 5.62863 23.9008
45 26 0 29.9183 1.7226
45 27 0 36.2446 10.5241
45 28 0 36.3106 89.3959
45 29 0 70.159 88.7392
45 30 0 55.2059 35.3522
45 31 0 5.6596 84.1033
45 32 0 28.6241 94.2824
45 33 0 85.1473 77.8846
45 34 0 21.3793 67.3835
45 35 0 44.4832 51.8521
45 36 0 36.1536 7.09946
45 37 0 61.8443 1.64547
45 38 0 26.168 83.0856
45 39 1 27.1056 29.0826
45 40 1 78.0693 38.2789
45 41 0 60.8799 34.9726
45 42 1 47.0922 99.7994
45 43 1 20.3504 64.2682
45 44 0 41.9999 10.4206
45 46 1 64.2997 1.5568
45 47 0 88.3179 81.6253
45 48 0 63.7068 76.9764
45 49 0 72.8454 15.9825
45 50 0 63.2616 73.387
45 51 0 50.995 36.639
45 52 0 15.4146 46.3985
45 53 0 38.2631 74.2556
45 54 0 45.607 92.7201
45 55 0 92.4803 76.7609
45 56 0 87.7813 92.6621
45 57 1 12.1349 92.1336
45 58 0 63.0168 30.8053
45 59 1 71.9947 43.0122
45 60 0 73.1405 85.2365
46 1 0 16.3902 95.4965
46 2 0 57.5388 90.9631
46 3 0 72.287 44.4001
46 4 1 70.1315 2.09562
46 5 0 16.8096 46.5681
46 6 0 0.809302 36.2305
46 7 0 45.0881 46.9805
46 8 1 24.9754 55.4932
46 9 0 75.1506 91.3487
46 10 0 7.81895 48.1726
46 11 0 44.4414 71.0372
46 12 0 42.4524 20.3211
46 13 0 84.9416 89.4774
46 14 0 18.8101 64.8896
46 15 0 13.8676 89.073
46 16 0 23.2124 15.3328
46 17 0 97.6255 96.865
46 18 0 8.97094 66.2015
46 19 0 51.4474 17.4589
46 20 0 14.2395 71.4995
46 21 0 45.4714 89.8742
46 22 0 76.0387 10.4159
46 23 0 92.0361 49.4728
46 24 0 61.0784 58.1835
46 25 0 13.1587 54.3572
46 26 0 76.2914 21.6465
46 27 0 34.878 15.0839
46 28 0 16.7815 59.8347
46 29 0 13.3631 37.4568
46 30 0 8.643 17.4077
46 31 0 29.8841 26.6271
46 32 0 12.5078 51.7654
46 33 0 96.0819 31.4259
46 34 0 55.564 82.3963
46 35 0 18.5002 69.5658
46 36 0 68.2392 21.5201
46 37 0 46.6196 17.4889
46 38 0 28.9602 68.9019
46 39 0 38.9737 13.3349
46 40 0 30.6494 35.7141
46 41 0 60.0977 32.7583
46 42 0 54.2517 42.722
46 43 0 65.9823 52.2125
46 44 0 6.77144 31.3407
46 45 0 48.6309 45.2228
46 47 1 1.93941 13.8459
46 48 0 92.9578 6.15989
46 49 0 94.8149 69.1012
46 50 0 15.4261 80.7941
46 51 0 30.4882 45.2441
46 52 0 8.57117 16.7691
46 53 0 65.8471 54.0894
46 54 0 44.8245 74.8211
46 55 0 7.52425 21.0205
46 56 0 86.9925 18.8763
46 57 0 84.3067 46.7895
46 58 1 14.2292 92.719
46 59 0 4.69639 12.772
46 60 0 33.1238 89.343
47 1 0 63.3617 88.0356
47 2 0 27.4241 73.855
47 3 0 10.4544 89.5488
47 4 0 14.0493 80.9643
47 5 0 61.8803 43.0947
47 6 0 55.6565 59.8276
47 7 0 18.0309 47.381
47 8 0 63.8904 7.90177
47 9 0 54.3412 75.7709
47 10 0 86.2648 89.3218
47 11 0 5.30356 39.6767
47 12 0 22.9814 5.64922
47 13 0 38.2807 87.1399
47 14 0 61.7545 35.7331
47 15 0 15.6177 29.3179
47 16 0 78.379 32.7752
47 17 0 41.9748 30.875
47 18 0 82.7503 38.2552
47 19 0 36.905 0.232049
47 20 0 66.3871 26.4003
47 21 0 83.7297 33.5712
47 22 0 49.3964 55.7912
47 23 0 91.7006 77.955
47 24 0 6.41202 3.58315
47 25 0 89.4035 0.0449384
47 26 0 44.5954 12.461
47 27 0 44.3023 38.287
47 28 0 3.0228 24.9011
47 29 0 67.9185 65.1623
47 30 0 35.4988 98.9177
47 31 0 5.57717 20.0208
47 32 1 56.6285 91.7581
47 33 0 11.5826 66.9958
47 34 0 73.2658 15.4713
47 35 0 95.7409 98.4574
47 36 0 66.8296 8.8414
47 37 0 40.5137 96.2518
47 38 0 1.58798 41.9894
47 39 0 91.9403 13.751
47 40 0 71.7365 88.5427
47 41 0 17.0175 22.0206
47 42 1 51.9652 99.3377
47 43 0 62.0323 37.5329
47 44 0 89.1659 83.013
47 45 0 71.7798 28.6198
47 46 0 27.4904 82.5861
47 48 1 77.9067 68.6207
47 49 0 62.9123 33.4735
47 50 0 79.5921 92.0674
47 51 0 16.6129 70.0264
47 52 0 30.7298 59.8943
47 53 0 32.1584 13.4966
47 54 0 49.0364 16.6036
47 55 0 55.8203 28.0525
47 56 1 5.11123 32.1825
47 57 0 41.3011 5.41085
47 58 0 12.825 65.3366
47 59 0 11.5378 40.6228
47 60 0 52.8401 65.5539
48 1 0 75.5594 7.52243
48 2 0 84.2803 15.6618
48 3 0 27.6704 25.8409
48 4 0 17.1567 8.38061
48 5 0 53.2848 11.7166
48 6 0 96.2508 60.7832
48 7 1 52.0424 89.2152
48 8 0 8.13603 57.1053
48 9 0 76.1214 5.07377
48 10 0 42.2877 9.14545
48 11 1 6.87968 17.3427
48 12 0 10.3456 20.8555
48 13 0 39.7161 97.3267
48 14 0 65.5555 77.6025
48 15 0 98.8157 37.8869
48 16 0 84.1393 29.4895
48 17 0 29.3636 68.6818
48 18 0 56.9266 47.0521
48 19 0 47.1874 37.4901
48 20 0 53.1919 75.3221
48 21 1 21.3361 79.2435
48 22 0 42.729 46.541
48 23 0 78.2908 78.0131
48 24 0 95.8204 23.5807
48 25 0 96.3121 68.3333
48 26 0 55.8766 5.03502
48 27 0 66.45 68.1372
48 28 0 76.121 12.8877
48 29 0 78.0138 39.4315
48 30 0 1.25836 46.1762
48 31 0 91.0199 10.2539
48 32 0 71.3231 79.0575
48 33 0 33.4752 20.2838
48 34 0 65.6246 24.0914
48 35 0 56.1041 7.50954
48 36 0 78.1132 81.3401
48 37 0 49.3033 34.4166
48 38 0 86.2775 15.9828
48 39 0 4.37655 82.3243
48 40 0 86.4465 65.7683
48 41 0 31.055 54.3801
48 42 0 51.3104 77.107
48 43 0 18.0943 37.7585
48 44 0 95.1759 5.85618
48 45 0 18.5981 3.94802
48 46 0 98.1129 4.51692
48 47 0 41.5744 15.9023
48 49 1 43.2735 76.9636
48 50 0 89.1462 28.3353
48 51 0 46.078 82.5671
48 52 0 4.23585 5.01872
48 53 0 41.2789 70.6706
48 54 0 84.838 68.2685
48 55 0 74.3603 49.6628
48 56 0 78.4169 23.5983
48 57 0 94.702 10.353
48 58 0 83.4022 42.8695
48 59 0 41.3311 45.5237
48 60 0 11.4743 24.7978
49 1 0 63.456 8.07129
49 2 0 65.1634 2.99076
49 3 0 67.8941 12.1474
49 4 0 48.2776 54.1563
49 5 0 47.9938 82.9374
49 6 0 80.4333 1.76761
49 7 0 39.7262 24.8002
49 8 0 4.83466 32.7341
49 9 0 0.595673 52.8416
49 10 0 40.6594 21.9689
49 11 0 69.5634 5.95154
49 12 0 80.8166 8.13933
49 13 0 67.7281 61.2498
49 14 0 13.8205 19.6794
49 15 0 26.8186 11.8707
49 16 1 13.6071 16.9235
49 17 0 42.7516 61.6138
49 18 1 2.86529 67.8446
49 19 1 15.583 84.8966
49 20 1 17.0955 55.2791
49 21 0 41.1086 33.3005
49 22 0 24.7714 27.5819
49 23 0 54.5131 18.6421
49 24 1 1.49872 22.7989
49 25 0 33.0449 57.289
49 26 0 98.0166 77.4718
49 27 0 12.5239 7.5135
49 28 0 85.9343 4.65091
49 29 0 49.2096 56.6076
49 30 0 42.6232 94.7229
49 31 0 62.0852 28.0684
49 32 0 26.7178 62.4503
49 33 0 25.7938 80.3186
49 34 0 23.8471 27.6618
49 35 0 65.7942 92.7573
49 36 0 40.0573 40.1005
49 37 0 5.93336 31.8263
49 38 0 21.9739 51.1431
49 39 0 64.5145 68.9033
49 40 0 96.1631 97.7798
49 41 0 78.0097 3.88405
49 42 0 89.0669 1.02389
49 43 0 72.0434 86.1966
49 44 0 65.8202 16.139
49 45 0 94.8192 1.65599
49 46 0 12.518 3.47401
49 47 0 27.3814 7.58633
49 48 0 98.9745 16.4932
49 50 1 55.53 74.6905
49 51 0 3.65654 66.4271
49 52 0 27.4839 13.9178
49 53 0 71.1456 65.6694
49 54 0 56.9312 18.6873
49 55 0 74.0695 42.38
49 56 0 33.5707 4.52688
49 57 0 92.0986 48.6701
49 58 0 62.8395 57.5836
49 59 0 41.7988 8.49551
49 60 0 29.526 98.2295
50 1 0 72.8316 8.24107
50 2 0 44.0493 76.9474
50 3 0 33.1767 7.55141
50 4 0 36.4621 43.2209
50 5 0 13.8003 30.3595
50 6 0 25.3211 79.3539
50 7 0 54.5574 77.3461
50 8 0 46.9152 13.3082
50 9 0 64.2369 77.6236
50 10 0 88.6814 46.7141
50 11 0 10.0038 83.2411
50 12 0 52.3156 81.5247
50 13 0 81.0019 26.6589
50 14 0 43.1808 55.5512
50 15 0 68.1216 48.2686
50 16 0 22.7841 29.8542
50 17 0 21.559 60.854
50 18 0 25.2913 71.6712
50 19 0 61.3852 31.9515
50 20 0 43.2929 68.411
50 21 0 12.6631 20.18
50 22 1 29.3486 64.4478
50 23 0 19.5183 30.6189
50 24 0 20.7982 78.9975
50 25 0 75.4633 73.9422
50 26 0 89.5228 51.5749
50 27 0 21.7807 84.5084
50 28 0 12.4313 87.7497
50 29 0 68.8559 51.269
50 30 0 45.4797 80.3729
50 31 0 54.7637 68.1584
50 32 0 0.569852 61.1841
50 33 0 66.011 11.5616
50 34 0 28.5599 80.8622
50 35 0 20.847 68.597
50 36 0 94.3209 8.98593
50 37 0 32.4582 70.5161
50 38 0 14.1007 16.1631
50 39 1 19.9989 65.296
50 40 0 33.7482 61.9497
50 41 0 56.4989 26.5002
50 42 0 77.0063 17.8709
50 43 0 33.0512 86.5918
50 44 0 89.8828 26.5648
50 45 0 90.7059 29.1647
50 46 0 19.0807 88.2589
50 47 0 40.6908 74.3824
50 48 0 32.5055 37.4892
50 49 0 82.3474 68.5018
50 51 1 50.5334 56.2693
50 52 0 61.7582 60.0153
50 53 0 79.0107 8.79569
50 54 0 69.2874 37.5361
50 55 0 15.1103 77.6146
50 56 0 76.3813 49.036
50 57 0 71.6239 12.0057
50 58 1 54.5358 89.6312
50 59 0 62.1573 62.0441
50 60 0 66.4508 0.975864
51 1 0 63.4776 27.3189
51 2 0 86.7806 48.7694
51 3 0 99.9503 95.5907
51 4 0 44.4556 83.9646
51 5 0 58.6638 82.0222
51 6 0 61.0027 18.6651
51 7 0 62.0024 70.3512
51 8 0 77.6831 68.5837
51 9 0 30.9688 34.7226
51 10 0 68.3664 34.1307
51 11 0 73.6686 53.6777
51 12 0 43.4673 56.4534
51 13 0 38.8183 47.6766
51 14 0 26.7286 4.11064
51 15 0 55.1722 51.5993
51 16 0 61.5911 44.9794
51 17 0 20.1998 48.523
51 18 0 26.5389 26.0874
51 19 0 68.8949 11.1325
51 20 0 92.0724 93.0009
51 21 0 38.5926 49.4186
51 22 0 35.7154 59.5115
51 23 1 90.6366 67.5814
51 24 0 49.5653 34.4133
51 25 0 77.4967 84.6149
51 26 0 98.2525 93.2974
51 27 0 3.63757 8.139
51 28 0 3.36494 1.3503
51 29 0 80.4974 41.0669
51 30 0 38.4694 64.6672
51 31 1 44.5551 48.7124
51 32 0 36.5608 92.1832
51 33 1 36.7663 26.8127
51 34 0 9.56934 10.0704
51 35 0 69.7339 53.2283
51 36 0 39.6293 67.0436
51 37 0 53.4169 24.2177
51 38 0 16.9841 32.2541
51 39 0 97.951 23.1789
51 40 1 69.9578 29.9787
51 41 0 29.4033 66.7973
51 42 0 29.3267 38.9736
51 43 0 4.625 94.5667
51 44 0 20.5161 87.4468
51 45 0 16.9189 72.3048
51 46 0 56.2178 75.4646
51 47 0 69.5993 82.4713
51 48 0 91.837 4.99374
51 49 0 31.3911 51.5901
51 50 0 19.8407 74.0445
51 52 1 89.6549 67.6615
51 53 0 12.8005 23.6243
51 54 0 82.9435 76.0758
51 55 0 63.3587 7.14893
51 56 0 48.5915 41.636
51 57 0 10.5359 96.39
51 58 0 14.3351 97.4932
51 59 0 16.9621 54.4918
51 60 0 4.64871 75.5363
52 1 0 80.8382 65.6777
52 2 0 14.8303 84.4359
52 3 0 59.4551 31.2301
52 4 0 52.372 5.76686
52 5 0 18.3297 30.8187
52 6 0 61.5027 74.966
52 7 0 33.8991 41.0562
52 8 1 22.7409 80.7288
52 9 0 6.68298 31.3134
52 10 0 33.7933 52.3161
52 11 0 83.4807 70.003
52 12 0 81.4444 9.13515
52 13 0 79.5135 44.3375
52 14 0 9.68098 66.2676
52 15 1 0.0868361 19.839
52 16 0 78.3759 20.3821
52 17 0 68.293 87.8427
52 18 0 93.2609 66.2264
52 19 0 81.9196 62.7886
52 20 0 82.9338 25.9103
52 21 1 25.9828 58.2057
52 22 0 55.1996 2.16137
52 23 0 30.8893 76.575
52 24 0 32.3901 17.9877
52 25 0 52.9708 29.8572
52 26 0 42.396 67.4782
52 27 0 23.3198 37.5643
52 28 0 60.6086 53.2812
52 29 0 50.3233 1.92289
52 30 0 84.9543 80.974
52 31 0 76.5576 54.1734
52 32 1 29.8251 71.3986
52 33 0 56.9012 67.3341
52 34 0 77.4664 17.2879
52 35 0 44.5446 11.1431
52 36 0 78.3132 63.6803
52 37 0 43.8203 43.9738
52 38 0 22.2918 94.8214
52 39 0 61.0996 8.65561
52 40 0 0.213047 83.9171
52 41 0 51.6061 52.0456
52 42 0 80.6821 25.6778
52 43 0 58.8245 68.073
52 44 0 55.9014 19.6587
52 45 0 24.8085 73.081
52 46 0 13.7557 6.83346
52 47 0 8.21883 67.81
52 48 0 49.5301 65.0125
52 49 0 43.1963 98.5634
52 50 0 27.2661 74.8261
52 51 0 53.1876 28.0377
52 53 1 31.9697 29.665
52 54 0 39.2566 82.0799
52 55 0 80.9883 82.9979
52 56 0 62.6052 38.3484
52 57 0 36.0649 57.0103
52 58 0 45.929 2.75367
52 59 0 63.046 97.0057
52 60 0 99.4281 8.05283
53 1 0 52.4717 17.4169
53 2 0 93.4231 3.08945
53 3 0 50.5281 4.33868
53 4 0 7.64156 52.857
53 5 0 49.7967 45.7195
53 6 0 32.9825 54.271
53 7 0 29.5277 14.8726
53 8 0 60.972 23.7728
53 9 0 91.333 14.5871
53 10 0 31.7354 48.377
53 11 0 19.1211 74.5879
53 12 0 6.70022 43.9597
53 13 0 14.7913 43.4281
53 14 0 36.4342 49.9645
53 15 0 87.3496 7.21811
53 16 0 24.2961 77.8106
53 17 0 77.571 29.9763
53 18 0 34.0288 26.4853
53 19 0 92.4523 30.6014
53 20 0 20.4494 84.9672
53 21 0 45.5269 33.8416
53 22 0 84.9364 92.6891
53 23 0 21.2156 98.6528
53 24 0 96.2393 20.2045
53 25 0 6.54825 64.6117
53 26 0 70.1783 19.064
53 27 0 56.166 34.4781
53 28 0 7.65431 27.362
53 29 0 49.1406 43.414
53 30 0 97.6509 83.8874
53 31 1 12.3465 21.2419
53 32 0 0.223217 74.2356
53 33 0 33.4083 14.8179
53 34 0 7.8976 44.0833
53 35 0 94.3744 44.6947
53 36 0 58.4488 99.1797
53 37 0 5.30356 37.4567
53 38 0 75.9987 77.2226
53 39 0 27.7151 91.6038
53 40 0 86.1729 36.5822
53 41 0 30.5321 19.8026
53 42 0 68.5463 0.424317
53 43 0 86.9787 23.6032
53 44 0 33.2664 72.0559
53 45 0 64.5441 31.4988
53 46 0 25.7936 34.1606
53 47 0 56.5439 98.0366
53 48 0 69.4744 72.0247
53 49 0 5.70807 23.0855
53 50 0 55.5968 73.9408
53 51 0 35.5444 49.0924
53 52 0 89.0058 95.6712
53 54 1 15.5207 1.00779
53 55 0 85.8802 38.7383
53 56 0 31.8009 12.9688
53 57 1 78.0471 0.392645
53 58 0 73.3099 80.4395
53 59 0 36.5516 75.3445
53 60 0 12.9348 22.3282
54 1 0 19.7913 96.5898
54 2 0 52.9338 48.2268
54 3 0 77.0343 95.9867
54 4 0 71.4527 26.5644
54 5 0 10.2288 80.8504
54 6 0 69.3751 14.3597
54 7 0 38.0719 86.2013
54 8 0 72.3702 32.4409
54 9 0 5.18701 47.6754
54 10 0 14.9076 67.298
54 11 0 63.1865 79.5275
54 12 0 37.6735 38.8865
54 13 0 18.7427 46.1942
54 14 0 49.3098 13.0405
54 15 0 50.0055 65.5969
54 16 0 69.2087 73.7653
54 17 0 24.36 85.4701
54 18 0 70.4009 87.7757
54 19 0 91.7399 72.2816
54 20 0 34.9495 76.8792
54 21 0 78.126 44.096
54 22 0 26.1914 73.0124
54 23 0 78.8168 98.3991
54 24 0 84.7889 37.9097
54 25 0 32.2867 40.5113
54 26 0 43.0101 40.3651
54 27 0 37.3527 16.5616
54 28 0 87.0105 63.5583
54 29 0 37.5233 34.4902
54 30 0 17.297 31.0073
54 31 0 10.6865 58.5787
54 32 0 74.9464 66.0204
54 33 0 9.08444 38.4295
54 34 0 92.4276 50.7066
54 35 0 73.6293 15.395
54 36 0 23.7882 18.9644
54 37 0 72.5163 39.4204
54 38 0 76.719 25.9159
54 39 0 89.822 94.6593
54 40 1 95.9703 76.9736
54 41 0 30.8365 94.1971
54 42 0 7.56699 2.22186
54 43 0 8.87618 84.5252
54 44 0 81.1241 8.68236
54 45 0 86.014 45.7364
54 46 0 41.7596 69.8712
54 47 0 30.5886 64.6171
54 48 0 59.8132 47.9476
54 49 0 58.4709 75.8278
54 50 0 73.8151 42.8158
54 51 0 9.81334 52.4681
54 52 0 62.7312 68.617
54 53 0 96.8654 43.8107
54 55 1 29.823 32.9729
54 56 0 46.6194 46.5268
54 57 0 93.802 10.4346
54 58 0 34.7109 24.3529
54 59 0 2.34675 21.1535
54 60 0 87.9791 2.78871
55 1 0 21.4907 14.8141
55 2 0 76.3057 46.2547
55 3 0 32.815 15.5651
55 4 0 54.0567 18.8067
55 5 0 52.354 13.8342
55 6 0 36.4308 2.26563
55 7 0 82.8865 11.6391
55 8 0 93.1786 1.89991
55 9 0 82.0121 90.213
55 10 0 53.5147 24.3469
55 11 0 41.0321 31.8268
55 12 0 76.7625 46.5113
55 13 0 35.0417 84.5958
55 14 0 20.685 80.0959
55 15 0 96.8308 84.5743
55 16 0 38.0962 50.6034
55 17 0 52.9734 19.9071
55 18 0 26.0261 78.4248
55 19 0 47.8602 91.3212
55 20 0 7.94529 69.8894
55 21 0 52.7516 47.5475
55 22 1 8.94327 95.8432
55 23 0 3.08369 4.57041
55 24 0 73.7216 98.6027
55 25 0 64.774 68.0633
55 26 0 76.7734 78.9975
55 27 0 97.202 92.6073
55 28 0 42.6411 50.3531
55 29 0 11.2868 25.9404
55 30 0 56.2192 54.2335
55 31 0 44.024 96.2366
55 32 0 76.3871 90.5985
55 33 0 76.1528 44.1199
55 34 0 6.42649 12.2539
55 35 0 86.7409 10.5105
55 36 0 68.4522 78.9852
55 37 0 78.3502 47.1323
55 38 0 96.3865 62.8899
55 39 0 6.57861 30.8262
55 40 0 85.9981 74.7216
55 41 0 70.0117 25.8266
55 42 1 81.5121 1.39653
55 43 0 46.8343 49.6724
55 44 0 63.6346 92.4577
55 45 0 64.9953 51.8852
55 46 0 57.9386 35.2473
55 47 0 99.7302 55.0267
55 48 1 0.318773 71.4567
55 49 0 54.1038 84.4388
55 50 0 57.1645 36.0758
55 51 0 9.5886 36.5939
55 52 1 74.0202 89.0848
55 53 0 22.3041 86.8221
55 54 0 15.8392 67.5843
55 56 1 27.4488 9.20568
55 57 0 9.49212 70.9841
55 58 0 72.0491 25.1245
55 59 0 29.65 34.7585
55 60 0 86.9148 48.0779
56 1 0 52.8174 33.8871
56 2 0 27.5235 72.3158
56 3 0 27.7256 20.8386
56 4 0 82.9527 81.1324
56 5 0 23.6169 57.8266
56 6 0 91.7908 75.2748
56 7 0 22.0174 37.1517
56 8 1 40.4681 99.4087
56 9 0 66.7108 77.613
56 10 0 87.2277 36.1987
56 11 0 52.5692 90.9632
56 12 0 31.236 41.0392
56 13 0 71.1461 7.18554
56 14 0 1.26873 67.3955
56 15 0 7.41782 58.7736
56 16 0 31.371 96.6107
56 17 0 46.4771 73.0878
56 18 0 29.1996 6.9459
56 19 0 81.2926 24.2875
56 20 0 74.3524 22.7746
56 21 0 82.8804 81.1631
56 22 0 95.9175 60.1057
56 23 0 73.9175 22.2243
56 24 1 85.2064 8.3337
56 25 0 65.2851 99.029
56 26 0 74.2018 18.454
56 27 0 52.37 25.4208
56 28 0 47.0745 89.5817
56 29 0 34.0931 45.0044
56 30 0 71.2031 19.4014
56 31 0 84.3743 39.8144
56 32 0 64.0515 69.8253
56 33 0 36.3511 15.719
56 34 0 73.9478 29.6431
56 35 0 52.6653 32.0474
56 36 0 46.3481 94.2528
56 37 0 10.0582 68.2035
56 38 0 83.9283 99.702
56 39 0 49.7184 23.8073
56 40 0 73.2162 71.9831
56 41 0 16.9367 96.0373
56 42 0 31.5994 38.7984
56 43 0 45.0875 62.6503
56 44 0 68.8346 37.3435
56 45 0 84.7772 51.5867
56 46 0 82.9735 45.0965
56 47 0 99.1635 74.9562
56 48 0 55.5368 93.1164
56 49 1 71.3599 17.4826
56 50 0 7.68233 36.8831
56 51 0 54.2911 0.0316901
56 52 0 24.9708 86.6147
56 53 0 23.1013 89.4662
56 54 0 90.6382 63.0913
56 55 0 48.1599 78.0151
56 57 1 57.6233 91.1268
56 58 0 45.1224 30.2129
56 59 0 66.1515 94.725
56 60 0 15.2059 6.70112
57 1 0 61.6408 20.475
57 2 0 32.3972 88.1456
57 3 0 40.7013 69.6732
57 4 0 85.3715 63.9041
57 5 1 16.9325 96.8711
57 6 0 24.992 72.7652
57 7 0 56.924 89.0361
57 8 0 38.8649 91.5946
57 9 0 63.0461 32.5678
57 10 0 17.524 43.3414
57 11 0 44.0987 29.5189
57 12 0 2.57785 66.9526
57 13 0 78.4408 84.1623
57 14 0 36.1917 31.5881
57 15 0 26.4602 56.95
57 16 0 85.9567 9.84308
57 17 1 18.3283 4.48372
57 18 0 44.6363 89.265
57 19 0 2.16721 57.5553
57 20 0 24.371 82.7661
57 21 0 66.5464 78.6312
57 22 0 25.8567 64.4406
57 23 0 94.6243 74.9479
57 24 0 13.8664 61.4897
57 25 0 73.7016 52.7502
57 26 0 55.7461 32.615
57 27 0 5.21156 54.5953
57 28 0 82.1123 32.8866
57 29 0 84.0786 78.923
57 30 0 90.3552 21.8352
57 31 0 39.4358 33.0691
57 32 0 78.1667 2.65841
57 33 0 3.13356 69.6074
57 34 0 51.6029 30.3549
57 35 0 55.8856 69.4791
57 36 0 12.8489 76.8072
57 37 0 35.1213 12.0313
57 38 0 65.6806 49.173
57 39 0 95.6115 61.8251
57 40 0 58.1624 21.3637
57 41 0 45.7356 57.8096
57 42 0 39.5187 42.9654
57 43 1 3.47159 58.337
57 44 0 55.4022 5.33178
57 45 0 60.4744 49.7855
57 46 0 2.24368 82.6193
57 47 0 91.2534 19.2016
57 48 0 21.6279 64.3664
57 49 0 41.0547 83.5699
57 50 0 59.7798 50.6266
57 51 0 66.5121 59.6168
57 52 0 71.1739 82.9752
57 53 0 84.2031 43.6271
57 54 0 99.7328 11.1595
57 55 0 9.62843 77.5321
57 56 0 3.80194 9.76245
57 58 1 44.2173 71.3273
57 59 0 4.76626 58.9641
57 60 0 78.9174 57.2285
58 1 0 47.073 76.1558
58 2 1 0.362074 70.5582
58 3 0 68.3522 40.8149
58 4 0 7.4629 53.4903
58 5 0 1.51754 58.6483
58 6 0 16.3865 49.7266
58 7 0 99.5323 71.0805
58 8 0 13.6505 10.4192
58 9 0 93.7897 97.1286
58 10 0 20.0954 15.5488
58 11 0 45.1386 85.9695
58 12 0 70.7128 91.5553
58 13 0 28.9125 32.1686
58 14 0 48.3903 5.94219
58 15 0 88.2737 38.6905
58 16 0 8.33007 25.6963
58 17 0 38.8164 10.8742
58 18 0 6.48246 68.2218
58 19 0 23.9244 35.6684
58 20 0 96.4476 26.5705
58 21 0 93.3244 95.2613
58 22 0 96.2304 48.7572
58 23 0 26.2047 2.73451
58 24 0 43.3068 70.4574
58 25 0 43.9388 58.9557
58 26 0 50.7424 95.7698
58 27 0 64.1441 3.55096
58 28 0 47.7387 4.57077
58 29 0 82.3222 22.0084
58 30 1 32.1719 28.5413
58 31 0 9.61265 98.159
58 32 0 23.3045 3.47979
58 33 0 91.7669 95.7306
58 34 0 21.8605 1.80413
58 35 0 2.67453 90.7136
58 36 0 86.934 15.601
58 37 0 50.4789 84.8069
58 38 0 24.7803 49.4744
58 39 0 49.3153 80.9062
58 40 0 23.2659 79.9344
58 41 0 75.2607 31.1882
58 42 0 10.0724 39.3312
58 43 0 93.3152 20.9374
58 44 0 41.4762 81.6645
58 45 0 75.3279 27.3549
58 46 0 97.5324 44.4936
58 47 0 51.5962 59.4805
58 48 0 39.7082 71.6801
58 49 0 96.7744 23.6289
58 50 0 9.67265 43.9483
58 51 0 26.2958 94.3496
58 52 0 68.238 96.0443
58 53 0 8.36192 69.0228
58 54 0 86.6955 72.3113
58 55 0 1.75163 59.1314
58 56 0 20.2357 31.0229
58 57 0 90.9455 3.00293
58 59 1 71.0696 88.2981
58 60 0 28.3549 45.2694
59 1 0 61.3008 91.5909
59 2 0 78.7176 25.6223
59 3 0 11.6016 47.2716
59 4 0 16.9062 59.483
59 5 0 99.5747 34.5435
59 6 0 83.8969 84.6341
59 7 0 30.012 93.7502
59 8 0 84.6634 65.9173
59 9 0 34.2031 77.205
59 10 0 10.9772 55.6798
59 11 0 74.5051 23.2044
59 12 0 83.3767 36.4069
59 13 0 5.77768 92.3363
59 14 0 70.1084 26.2507
59 15 0 66.8581 96.2539
59 16 0 89.8105 13.7021
59 17 0 88.7561 33.2358
59 18 0 97.4271 6.55111
59 19 0 77.5276 63.9872
59 20 0 20.8177 35.8746
59 21 0 81.4926 58.326
59 22 0 40.5351 73.8226
59 23 0 18.3694 3.86588
59 24 0 7.39439 36.8951
59 25 0 44.662 20.2449
59 26 0 36.7243 0.671377
59 27 0 23.905 87.1106
59 28 0 37.7639 96.7343
59 29 0 66.1919 87.1942
59 30 0 86.4043 47.5741
59 31 0 4.63145 39.7347
59 32 0 73.6309 70.316
59 33 0 50.2493 72.0892
59 34 0 55.4958 57.0012
59 35 0 31.3243 56.587
59 36 0 40.7415 2.29019
59 37 0 77.5225 42.2828
59 38 0 32.3273 15.4473
59 39 0 59.3423 72.6
59 40 0 43.5476 70.5838
59 41 0 65.2118 85.1175
59 42 0 82.0684 41.7563
59 43 0 98.0821 74.9952
59 44 1 72.8644 52.7546
59 45 0 84.3174 39.9222
59 46 0 69.3197 12.2976
59 47 0 14.7252 56.5882
59 48 0 77.985 91.2016
59 49 0 14.4667 85.2574
59 50 0 11.1589 40.514
59 51 0 42.5924 81.1918
59 52 1 42.8336 79.5861
59 53 0 38.9091 11.0239
59 54 0 0.354081 90.4881
59 55 0 52.2747 95.2651
59 56 0 23.2222 77.9521
59 57 0 35.634 46.7465
59 58 1 38.2719 21.3201
59 60 1 76.0837 39.105
60 1 1 47.8806 92.0099
60 2 1 6.87438 76.4714
60 3 0 81.4434 70.5322
60 4 0 51.9174 45.7334
60 5 0 3.90433 35.4345
60 6 0 70.6304 49.3543
60 7 0 75.3145 98.1325
60 8 0 65.5488 0.153127
60 9 1 4.4487 25.6842
60 10 0 55.013 20.2884
60 11 0 96.2491 47.4029
60 12 0 34.5699 1.0532
60 13 0 30.16 56.3468
60 14 0 5.50988 34.032
60 15 0 41.8767 87.8715
60 16 0 44.4762 69.1878
60 17 0 19.988 41.7013
60 18 0 24.9835 19.44
60 19 0 20.053 95.9551
60 20 0 13.555 39.3806
60 21 0 29.9563 73.5982
60 22 0 4.48983 27.4312
60 23 0 60.6143 20.8839
60 24 0 36.9381 75.6642
60 25 0 97.2217 36.2136
60 26 0 55.8632 38.1627
60 27 0 22.0676 51.8856
60 28 1 19.3512 36.3825
60 29 0 35.2322 73.0493
60 30 0 61.1286 41.0599
60 31 0 34.2453 46.9195
60 32 0 42.5792 17.6584
60 33 0 43.9983 67.0968
60 34 0 79.8425 91.5956
60 35 0 19.0263 65.3321
60 36 0 27.4686 85.3823
60 37 0 42.9993 55.4705
60 38 0 48.2227 67.6914
60 39 0 78.3984 78.8012
60 40 0 19.441 79.0874
60 41 0 45.1368 99.3977
60 42 0 79.712 1.12788
60 43 0 13.3532 85.3265
60 44 0 47.0818 42.2207
60 45 0 94.6816 88.8716
60 46 0 89.3852 16.5357
60 47 0 57.8612 2.58695
60 48 0 28.6394 33.6778
60 49 0 3.64612 52.9908
60 50 0 80.3852 19.0217
60 51 0 87.6589 59.5295
60 52 0 44.8463 21.3716
60 53 0 84.5057 89.9735
60 54 0 90.0381 93.154
60 55 0 41.4047 11.465
60 56 0 87.1122 22.1675
60 57 0 66.5588 88.544
60 58 0 51.0436 85.6635
60 59 0 55.3314 22.0374
0.762618 0.649148 30.2286 1.68709 35.3109 24.3114 25.4042 39.9453 11.2585 1.40876 18.1578 1.43048 5.15257 32.7922 6.45837 23.3414 29.8753 21.3281 12.8596 35.4924 18.7669 0.897242 12.0945 11.8763 28.0571 18.0414 39.1725 22.5699 13.5719 37.324 38.3332 25.2481 17.1014 20.8006 1.45174 12.1392 35.1009 23.8212 15.4541 34.5909 26.4635 26.7822 4.42776 38.5752 25.5648 27.91 21.2033 8.68491 38.0236 9.67678 0.305939 0.953654 29.0993 22.6344 20.5704 15.7983 6.40351 2.60924 1.26283 7.21537 