60
100
4
100
1 2 1 1.96776 4.47485
1 3 0 95.9636 16.8862
1 4 1 1.35594 72.009
1 5 0 69.7848 53.2722
1 6 0 94.5644 72.5185
1 7 0 72.3298 75.2757
1 8 0 77.7941 93.0527
1 9 0 83.6717 97.6958
1 10 0 97.2999 84.4564
1 11 0 77.1931 31.8965
1 12 0 85.1503 76.5421
1 13 0 5.17797 46.7571
1 14 0 29.4293 57.1867
1 15 0 95.9977 15.5561
1 16 0 77.226 18.4734
1 17 0 31.0034 44.1111
1 18 0 8.06983 54.159
1 19 0 33.3134 58.5454
1 20 0 75.1261 50.8856
1 21 0 86.489 13.5001
1 22 0 73.4958 34.1754
1 23 0 38.1856 25.1324
1 24 0 44.4557 10.6106
1 25 0 8.55879 95.694
1 26 0 62.2895 53.8417
1 27 0 51.8755 18.2543
1 28 0 44.1919 85.2995
1 29 0 94.179 4.28542
1 30 0 29.5643 21.577
1 31 0 20.1977 14.6142
1 32 0 39.6 68.7886
1 33 0 96.3583 36.125
1 34 0 69.458 86.6524
1 35 0 6.69823 79.2999
1 36 0 65.7237 22.7188
1 37 0 72.2186 77.6177
1 38 0 4.58716 0.824309
1 39 0 43.3336 36.0005
1 40 0 72.2204 13.6283
1 41 0 33.7318 74.1267
1 42 0 0.0363685 72.1096
1 43 0 46.2787 18.3042
1 44 0 24.8033 41.0471
1 45 1 86.7017 59.3222
1 46 0 93.3304 99.7678
1 47 0 15.4576 43.6666
1 48 0 92.1492 95.4312
1 49 0 22.3436 79.8416
1 50 0 26.4655 45.6234
1 51 0 19.1375 29.4412
1 52 0 82.25 55.8747
1 53 0 20.6179 97.4202
1 54 0 0.438063 98.0273
1 55 0 88.0908 15.4932
1 56 0 9.02909 77.088
1 57 0 55.8896 98.676
1 58 0 37.3546 94.6433
1 59 0 4.46347 79.1063
1 60 0 30.7149 39.9611
2 1 0 80.7034 41.5113
2 3 1 29.5763 26.8442
2 4 0 9.89261 65.8514
2 5 0 61.48 99.9936
2 6 0 17.4576 35.5393
2 7 0 89.337 11.5771
2 8 0 22.8247 63.7877
2 9 0 76.2595 35.3194
2 10 0 11.2449 84.6553
2 11 0 56.7513 50.3389
2 12 0 33.1815 97.3802
2 13 1 83.1629 77.1991
2 14 0 62.5223 14.859
2 15 0 9.26024 70.3168
2 16 0 14.999 47.0645
2 17 0 28.6988 8.74136
2 18 0 18.0613 24.335
2 19 0 13.628 92.5149
2 20 0 48.1754 46.8581
2 21 0 17.9345 18.8872
2 22 0 89.1841 50.7095
2 23 0 46.0367 7.60724
2 24 0 41.5438 2.94456
2 25 0 25.5398 47.4095
2 26 0 94.0858 58.3092
2 27 0 6.03267 12.3638
2 28 0 5.92074 1.86516
2 29 0 2.60316 12.1781
2 30 0 10.4434 32.8947
2 31 0 78.6985 30.5269
2 32 0 65.1385 71.291
2 33 0 46.3693 67.8621
2 34 0 96.0278 97.5473
2 35 0 72.3153 54.8686
2 36 0 46.8453 88.4641
2 37 0 81.891 13.644
2 38 0 16.6625 82.1424
2 39 0 91.2455 35.7008
2 40 0 40.9696 8.93094
2 41 0 39.5981 91.9862
2 42 0 75.2071 92.012
2 43 0 36.2693 42.9208
2 44 0 13.5364 1.5243
2 45 0 16.3765 61.9811
2 46 0 96.9366 45.9473
2 47 0 25.4258 45.0412
2 48 0 24.8808 72.3172
2 49 0 39.3013 38.1418
2 50 0 23.5901 34.9915
2 51 0 59.9698 25.7405
2 52 0 18.3384 37.5497
2 53 0 81.6178 76.8043
2 54 0 94.1868 76.592
2 55 0 42.2707 17.0496
2 56 0 10.622 48.8603
2 57 0 74.5981 76.6356
2 58 0 44.0408 52.9607
2 59 0 93.0799 60.7004
2 60 0 14.2447 11.7137
3 1 0 8.76311 16.2704
3 2 0 28.9075 10.4529
3 4 1 35.4367 8.08358
3 5 0 40.9418 20.4464
3 6 0 52.0317 72.6018
3 7 0 9.59272 28.695
3 8 0 96.6365 79.4748
3 9 0 84.575 35.3088
3 10 0 6.37962 50.5497
3 11 0 74.022 15.2635
3 12 0 69.9987 16.5132
3 13 0 91.1201 57.406
3 14 0 10.2527 14.8589
3 15 0 21.3546 94.7943
3 16 0 11.7457 8.59971
3 17 0 67.0484 18.0563
3 18 0 36.701 8.61343
3 19 0 37.8141 8.90319
3 20 0 11.8869 3.1316
3 21 0 55.3485 93.9698
3 22 0 88.4401 63.0159
3 23 0 63.7649 47.802
3 24 0 82.5598 82.557
3 25 0 18.5064 37.0099
3 26 0 36.5821 38.7911
3 27 0 48.7749 11.4665
3 28 0 39.7686 22.2332
3 29 0 60.4515 89.1945
3 30 0 49.434 51.9258
3 31 0 1.79075 61.5098
3 32 0 54.3984 33.4039
3 33 0 26.5527 57.1119
3 34 0 84.867 65.8439
3 35 0 46.2334 41.1739
3 36 1 67.4844 95.2151
3 37 0 42.2353 92.6548
3 38 1 40.8847 69.1733
3 39 0 30.8316 32.5782
3 40 0 87.2624 7.5113
3 41 0 98.4304 32.8232
3 42 0 49.9247 12.8508
3 43 0 91.6071 38.3866
3 44 0 20.8108 17.8707
3 45 0 83.1651 35.8483
3 46 0 57.1254 89.0354
3 47 0 85.2591 78.3494
3 48 0 95.5196 33.2682
3 49 0 6.70829 93.15
3 50 0 44.1054 53.1464
3 51 0 20.2371 42.9435
3 52 0 16.3958 21.8709
3 53 0 7.07655 71.411
3 54 0 28.2626 31.6364
3 55 0 50.9071 42.1712
3 56 0 48.963 11.9489
3 57 0 2.72748 53.2062
3 58 0 39.8152 30.4821
3 59 0 97.106 42.0737
3 60 0 98.1319 72.2181
4 1 0 63.1293 3.98894
4 2 0 93.8691 59.5283
4 3 0 48.8385 71.0363
4 5 1 77.1002 17.6219
4 6 0 78.5768 15.0085
4 7 0 70.66 72.3692
4 8 0 86.7568 82.4379
4 9 0 82.3912 34.9015
4 10 0 64.9089 47.3467
4 11 0 57.3219 22.8259
4 12 0 23.4237 36.9774
4 13 0 83.2421 63.7904
4 14 0 35.2958 48.6835
4 15 0 35.6103 25.665
4 16 0 14.1806 88.2913
4 17 0 16.6046 56.7868
4 18 0 94.1737 42.3728
4 19 0 9.17436 70.297
4 20 0 21.5286 0.280417
4 21 0 3.2602 80.9253
4 22 0 51.3568 16.3826
4 23 0 61.6058 19.5646
4 24 0 60.0816 25.9625
4 25 0 22.8365 56.7454
4 26 0 25.0206 99.9818
4 27 0 16.2372 9.15945
4 28 0 36.2415 82.5961
4 29 0 33.8881 22.3576
4 30 0 49.7124 51.1698
4 31 0 93.4147 12.966
4 32 0 40.7102 22.3358
4 33 0 86.3004 56.7319
4 34 0 80.7661 71.72
4 35 0 46.5069 77.2446
4 36 0 9.10949 35.4861
4 37 0 17.6046 10.2086
4 38 0 35.4843 69.3197
4 39 0 83.9862 47.1051
4 40 0 20.4507 46.1449
4 41 0 80.3689 34.4338
4 42 0 8.95201 25.7264
4 43 0 63.8327 29.4503
4 44 0 16.1396 30.8306
4 45 0 35.3844 13.3275
4 46 0 5.56573 52.2581
4 47 0 59.8286 92.7442
4 48 0 13.057 71.1269
4 49 0 57.2343 91.7276
4 50 0 57.7393 2.28247
4 51 0 14.3555 50.2871
4 52 0 62.1833 0.33928
4 53 0 7.53033 89.8743
4 54 0 54.5351 20.3546
4 55 0 73.3871 67.1166
4 56 0 79.8409 59.4111
4 57 0 30.8118 50.3421
4 58 0 23.006 16.5811
4 59 1 49.4758 0.777481
4 60 0 17.7431 78.5117
5 1 0 56.988 75.3734
5 2 0 73.2728 94.837
5 3 0 67.2945 84.1764
5 4 0 24.4559 47.4955
5 6 1 15.1146 75.8223
5 7 0 96.2472 77.7933
5 8 0 10.6871 67.3611
5 9 0 8.98593 78.2072
5 10 0 4.65915 94.7866
5 11 0 26.5965 72.2537
5 12 0 39.6225 98.1331
5 13 0 52.5652 97.9479
5 14 0 38.5091 22.3419
5 15 0 43.537 2.30171
5 16 0 71.2456 70.9225
5 17 0 42.023 61.442
5 18 0 3.77811 28.8817
5 19 0 42.5705 94.743
5 20 0 41.841 20.4912
5 21 0 63.9013 50.1861
5 22 0 71.9913 15.1064
5 23 0 29.8677 46.3855
5 24 0 3.00484 98.7793
5 25 0 73.0917 99.8516
5 26 0 59.3992 96.7306
5 27 0 27.3222 9.99482
5 28 0 81.8911 83.9883
5 29 0 43.2017 68.7445
5 30 0 88.7353 5.42133
5 31 0 70.9344 33.7568
5 32 0 98.6757 18.1872
5 33 0 14.8127 93.4474
5 34 0 2.36888 55.4644
5 35 0 0.117727 56.6568
5 36 0 93.0573 84.783
5 37 0 8.01876 2.36256
5 38 0 48.8869 90.6025
5 39 0 30.1036 46.2159
5 40 0 23.1868 38.1327
5 41 0 82.6384 8.7175
5 42 0 75.2124 11.022
5 43 0 31.442 10.8979
5 44 0 55.7873 29.7634
5 45 0 6.41205 0.857381
5 46 0 67.3289 98.7174
5 47 0 87.1115 50.7515
5 48 0 24.1095 4.20244
5 49 0 95.9583 82.0067
5 50 0 13.6827 61.2202
5 51 0 71.8566 73.6777
5 52 0 50.5107 96.4076
5 53 0 26.8549 80.5504
5 54 0 17.3782 16.3159
5 55 0 50.478 39.8247
5 56 0 37.9401 66.4662
5 57 0 50.021 28.5466
5 58 0 35.2094 3.42958
5 59 0 97.9846 25.2308
5 60 0 33.8057 97.8172
6 1 0 64.5275 90.3175
6 2 0 74.2524 42.9311
6 3 0 78.6345 94.0844
6 4 0 18.041 70.5088
6 5 0 81.8013 55.5646
6 7 1 32.6077 44.6997
6 8 0 95.407 43.2716
6 9 0 67.0576 24.2798
6 10 0 4.75722 5.83629
6 11 0 22.4409 69.6638
6 12 0 5.02571 25.424
6 13 0 83.2579 39.4836
6 14 0 81.7175 0.427222
6 15 0 52.0414 40.8871
6 16 0 21.0274 49.6868
6 17 0 91.6006 88.4658
6 18 0 77.2873 62.3743
6 19 0 27.7244 86.1879
6 20 0 59.8014 82.8226
6 21 0 10.0623 53.5304
6 22 0 65.434 1.4596
6 23 0 5.23448 39.032
6 24 0 71.3008 24.034
6 25 0 26.1796 86.5198
6 26 0 78.7143 53.3975
6 27 0 4.07613 87.7828
6 28 0 19.1084 85.2733
6 29 0 24.9941 14.445
6 30 0 15.5454 30.4539
6 31 0 36.6057 38.3453
6 32 0 7.48332 13.718
6 33 0 1.11291 60.4946
6 34 0 14.6235 87.9189
6 35 0 7.18131 78.1036
6 36 0 63.8452 38.2582
6 37 0 30.8038 75.4657
6 38 0 78.1101 59.4732
6 39 0 57.7009 69.5676
6 40 0 83.8537 31.4759
6 41 0 60.4956 86.5913
6 42 0 50.9831 86.3962
6 43 0 50.3615 81.3689
6 44 0 52.4599 52.1978
6 45 0 94.3143 67.0271
6 46 0 10.1196 80.326
6 47 0 73.3106 41.9747
6 48 0 75.9805 11.3381
6 49 0 35.9391 32.7901
6 50 0 96.1959 70.9634
6 51 0 89.708 70.8735
6 52 0 73.2344 33.0595
6 53 0 15.1122 5.35688
6 54 0 75.6985 37.4565
6 55 0 90.8082 84.3814
6 56 0 76.3347 67.0262
6 57 0 28.196 53.3488
6 58 0 23.2544 76.8952
6 59 0 6.84876 7.73801
6 60 0 65.1595 96.8781
7 1 0 34.9511 0.265507
7 2 1 14.1608 64.9202
7 3 0 42.9183 31.4993
7 4 0 95.0005 32.5967
7 5 0 0.555203 66.6064
7 6 0 45.7235 93.5231
7 8 1 28.9832 0.47742
7 9 0 11.353 91.5676
7 10 0 22.9437 26.2371
7 11 0 9.61551 15.8698
7 12 0 31.2139 69.2569
7 13 0 68.1282 30.5428
7 14 0 80.6023 33.2585
7 15 0 61.9668 54.4184
7 16 0 64.3989 43.3516
7 17 0 12.4934 40.9988
7 18 0 27.2405 65.5703
7 19 0 38.0533 76.5851
7 20 0 64.4803 10.9198
7 21 0 54.1496 67.502
7 22 0 13.8574 10.3008
7 23 0 90.428 35.7707
7 24 0 31.2995 66.1289
7 25 0 0.946636 97.3755
7 26 0 56.8087 65.5972
7 27 0 97.7966 70.1363
7 28 0 72.1661 81.5792
7 29 0 49.9639 9.23289
7 30 0 96.524 28.968
7 31 0 71.2892 1.10932
7 32 0 55.259 28.9197
7 33 0 49.8883 29.6317
7 34 0 67.0872 39.1837
7 35 0 84.8188 66.7108
7 36 0 54.5311 29.4546
7 37 0 85.9852 60.6973
7 38 0 86.0373 52.6727
7 39 0 68.5546 77.1377
7 40 0 2.48623 81.4444
7 41 0 49.3477 92.3543
7 42 0 52.4426 53.5988
7 43 0 40.7741 72.0334
7 44 0 23.2267 60.1815
7 45 0 11.3183 93.482
7 46 0 92.0119 21.1663
7 47 0 89.664 82.9835
7 48 0 1.07996 54.1335
7 49 0 23.9203 41.4569
7 50 0 94.1533 39.9399
7 51 0 34.1179 39.3727
7 52 0 50.8091 56.8911
7 53 0 62.7779 27.2614
7 54 0 23.4932 35.5873
7 55 0 54.7465 14.2101
7 56 0 29.5751 52.0241
7 57 1 31.1885 51.8645
7 58 0 13.5452 57.3344
7 59 0 72.0772 92.867
7 60 0 31.3719 80.6566
8 1 0 64.0656 33.4468
8 2 0 90.4438 44.3846
8 3 0 64.6364 8.80286
8 4 0 11.8359 97.9431
8 5 1 34.3976 43.1333
8 6 0 76.9198 74.4902
8 7 0 82.5794 66.1159
8 9 1 59.666 4.00325
8 10 0 68.0344 53.0672
8 11 0 84.4603 19.9377
8 12 0 96.917 95.3078
8 13 0 48.3151 71.085
8 14 0 28.7656 82.9055
8 15 1 54.6734 37.4555
8 16 0 27.7452 51.4088
8 17 0 43.3836 57.3674
8 18 0 8.19862 92.8957
8 19 0 7.92601 97.2948
8 20 0 54.0034 94.2346
8 21 0 12.2469 9.47798
8 22 0 23.7556 89.3267
8 23 0 89.7083 22.4704
8 24 0 26.4221 57.941
8 25 0 32.8557 94.0527
8 26 0 62.7603 11.2352
8 27 0 76.541 29.3672
8 28 0 73.2972 44.2966
8 29 0 53.2554 91.0149
8 30 0 98.0456 43.3031
8 31 0 46.0639 0.419109
8 32 0 84.6015 20.2677
8 33 0 40.5751 73.7198
8 34 0 48.38 43.9577
8 35 0 96.7909 41.0985
8 36 0 23.9224 71.0642
8 37 0 64.1021 96.4853
8 38 0 0.50921 38.8231
8 39 0 44.5978 68.6198
8 40 0 95.8386 97.6171
8 41 0 45.3587 95.1515
8 42 0 40.7635 87.0205
8 43 0 5.29863 24.0015
8 44 0 75.5971 89.2978
8 45 0 58.2952 74.7718
8 46 0 87.0023 98.9351
8 47 0 58.9131 95.2851
8 48 0 74.1213 56.6628
8 49 0 67.8592 28.0501
8 50 0 47.9884 15.5473
8 51 0 84.6222 82.6892
8 52 0 56.9924 28.9894
8 53 0 71.5321 20.1786
8 54 0 18.8009 50.2707
8 55 0 17.9158 14.6007
8 56 0 7.51364 81.0131
8 57 0 34.7057 33.6297
8 58 0 61.1039 14.9337
8 59 0 11.2065 33.7345
8 60 0 51.649 47.179
9 1 0 50.8175 59.7242
9 2 0 18.7619 10.1077
9 3 0 90.6125 0.608091
9 4 0 64.7735 75.3763
9 5 0 83.5277 86.9551
9 6 0 6.85535 31.0895
9 7 0 89.4324 37.3711
9 8 0 43.0757 25.5021
9 10 1 55.0749 28.207
9 11 0 9.72937 37.1117
9 12 0 28.8581 35.529
9 13 0 64.5215 43.0131
9 14 0 72.8028 29.2893
9 15 0 39.8068 16.1089
9 16 0 52.2452 15.4389
9 17 0 30.4727 38.2146
9 18 0 3.06496 52.944
9 19 0 50.8919 24.1348
9 20 0 18.5133 21.9783
9 21 0 24.7034 15.7262
9 22 0 42.9157 91.6645
9 23 0 80.256 41.8261
9 24 0 49.1681 18.4995
9 25 0 80.933 18.4958
9 26 0 31.9302 67.5774
9 27 0 35.9791 29.3149
9 28 0 89.7175 20.5743
9 29 0 85.7012 95.2832
9 30 0 41.1924 55.041
9 31 0 37.0519 15.3254
9 32 0 1.85804 5.676
9 33 0 78.5338 27.8549
9 34 0 97.9136 36.4869
9 35 0 21.586 21.4624
9 36 0 62.7863 88.1358
9 37 0 12.7555 88.8573
9 38 0 96.0167 6.60261
9 39 0 11.59 87.5763
9 40 0 17.6238 70.0561
9 41 0 65.462 64.6806
9 42 0 25.6008 40.8034
9 43 0 48.4641 27.7603
9 44 0 51.2999 90.4668
9 45 0 17.6037 14.3005
9 46 0 6.06502 6.95342
9 47 0 10.0508 32.4695
9 48 0 28.7919 73.5901
9 49 0 52.7506 25.4068
9 50 0 62.9117 11.0133
9 51 0 34.8266 56.4116
9 52 0 75.6549 73.3176
9 53 0 24.4347 6.06113
9 54 0 19.8035 66.1445
9 55 0 36.4982 11.3672
9 56 0 37.641 6.5088
9 57 0 39.211 52.3655
9 58 0 31.3607 0.215132
9 59 0 33.742 10.399
9 60 0 1.90216 63.3664
10 1 0 31.5508 68.368
10 2 0 69.5374 49.1857
10 3 0 93.3237 35.1946
10 4 0 20.0312 75.4795
10 5 0 91.2465 76.6728
10 6 0 70.2526 54.5839
10 7 0 78.6024 24.0975
10 8 0 74.6106 11.0501
10 9 0 81.5933 86.4674
10 11 1 80.5757 96.5134
10 12 0 12.0149 98.5854
10 13 0 88.0828 11.7603
10 14 0 28.122 27.2487
10 15 0 30.7235 69.3762
10 16 0 8.20828 48.347
10 17 0 25.8812 71.6006
10 18 0 58.015 28.0265
10 19 0 20.3304 27.7401
10 20 0 35.209 83.2638
10 21 0 79.564 88.0072
10 22 0 46.1983 1.35761
10 23 0 93.8847 35.4368
10 24 0 13.7757 90.6024
10 25 0 72.6491 69.9007
10 26 0 34.7603 96.6611
10 27 0 95.9903 76.3837
10 28 0 61.1437 91.9928
10 29 0 81.4559 58.6677
10 30 0 16.0826 93.4113
10 31 0 56.7419 41.7548
10 32 0 53.7697 61.4215
10 33 0 49.3495 75.7813
10 34 1 69.5997 59.5789
10 35 0 27.7213 78.7102
10 36 0 75.912 75.1382
10 37 0 33.1052 81.7057
10 38 0 20.3236 44.8069
10 39 0 7.0266 1.94736
10 40 0 29.0162 21.7797
10 41 0 57.5135 83.1681
10 42 0 74.9614 6.22688
10 43 0 1.24261 30.8889
10 44 0 15.5126 48.5624
10 45 0 42.887 41.2624
10 46 0 61.3361 96.7441
10 47 0 68.6455 44.1578
10 48 0 32.9851 55.1278
10 49 0 72.3651 23.5105
10 50 0 4.51382 41.1333
10 51 0 61.0691 24.7944
10 52 0 17.9248 54.8331
10 53 0 76.4309 64.9881
10 54 0 92.7692 57.8689
10 55 0 58.2036 72.7022
10 56 0 87.7137 63.5884
10 57 0 11.7962 19.1105
10 58 0 54.5732 0.896278
10 59 0 76.1007 32.433
10 60 0 27.3807 7.66978
11 1 0 84.6607 98.3541
11 2 0 46.2284 80.8909
11 3 0 78.0961 63.6128
11 4 0 70.0418 56.5503
11 5 0 83.1966 89.7036
11 6 0 25.1369 71.83
11 7 0 92.5247 46.0965
11 8 0 87.7607 43.9974
11 9 0 74.2367 78.57
11 10 0 3.56223 15.2569
11 12 1 17.0733 73.9699
11 13 0 59.1972 49.0127
11 14 0 94.1319 26.3536
11 15 0 98.4333 15.1571
11 16 0 99.967 17.0134
11 17 0 17.5115 44.8862
11 18 0 55.445 25.9411
11 19 0 38.8749 38.2963
11 20 0 80.062 35.7635
11 21 0 9.49474 51.9291
11 22 0 95.7124 36.6476
11 23 0 10.0504 47.2359
11 24 0 65.2655 73.6859
11 25 0 85.187 3.08048
11 26 0 63.0227 21.5546
11 27 0 63.9879 40.6927
11 28 0 48.9806 80.4497
11 29 0 23.7748 92.5041
11 30 0 98.9999 6.56255
11 31 0 15.7939 55.2417
11 32 0 48.5244 54.8652
11 33 0 7.22849 15.1095
11 34 0 69.5099 45.0924
11 35 0 42.5332 59.1692
11 36 0 9.76486 6.69177
11 37 0 14.7298 18.0946
11 38 0 63.5455 68.0466
11 39 0 17.4872 2.00343
11 40 0 20.0167 99.4564
11 41 0 40.3088 47.7013
11 42 0 53.9086 52.8435
11 43 0 49.6254 94.0444
11 44 0 20.6572 20.3156
11 45 0 41.5896 64.4498
11 46 0 64.7098 22.6279
11 47 0 21.578 17.2818
11 48 0 39.5556 92.162
11 49 0 97.2072 99.5786
11 50 0 56.0671 98.8762
11 51 0 60.9097 63.2198
11 52 0 81.416 13.3054
11 53 0 50.7993 15.2504
11 54 0 56.6303 87.8533
11 55 0 64.3607 68.5546
11 56 0 98.825 66.5276
11 57 0 40.4987 5.05977
11 58 0 65.6417 92.2725
11 59 0 62.2977 4.48404
11 60 0 33.3848 44.1924
12 1 0 37.6036 14.1286
12 2 0 68.3515 50.7419
12 3 0 83.2864 55.0232
12 4 0 99.0876 45.0655
12 5 0 33.9304 62.7086
12 6 0 48.2964 24.971
12 7 0 10.0339 23.2096
12 8 0 78.2065 94.2863
12 9 0 41.6889 75.0562
12 10 0 11.7867 39.8707
12 11 0 90.3368 80.4038
12 13 1 7.97504 53.3863
12 14 0 85.5902 29.4975
12 15 0 44.6748 23.4918
12 16 0 22.5765 70.4985
12 17 0 89.2935 96.5359
12 18 0 32.788 68.1714
12 19 0 39.2952 39.5635
12 20 0 17.2645 70.7951
12 21 0 61.0247 55.3713
12 22 0 94.7908 55.4293
12 23 0 17.4638 74.812
12 24 0 84.8547 41.203
12 25 1 94.3956 7.42426
12 26 0 75.3222 85.2914
12 27 0 43.2985 68.6164
12 28 0 68.0755 87.0493
12 29 0 63.7289 66.7534
12 30 0 20.7017 23.5643
12 31 0 52.5951 79.9521
12 32 0 65.3807 63.1972
12 33 0 87.3577 34.045
12 34 0 60.568 68.1237
12 35 0 53.7559 2.69956
12 36 0 61.6073 29.0533
12 37 0 47.3105 0.873443
12 38 0 34.9789 12.2344
12 39 0 84.6194 33.7316
12 40 0 43.0861 69.7836
12 41 0 24.8002 21.6323
12 42 0 55.7892 69.335
12 43 0 48.0252 15.8335
12 44 0 91.1528 84.5067
12 45 0 43.4607 46.0048
12 46 0 21.9751 64.4811
12 47 0 35.7617 18.669
12 48 0 4.45549 57.6428
12 49 0 7.61841 58.8734
12 50 0 45.2368 78.2195
12 51 0 6.78621 84.3112
12 52 0 54.6946 63.7408
12 53 0 46.7445 11.8302
12 54 0 51.7385 54.907
12 55 0 24.6454 64.8888
12 56 0 85.2217 74.141
12 57 0 83.3475 85.6134
12 58 0 92.3142 2.76212
12 59 0 80.816 44.9131
12 60 0 90.0582 23.0328
13 1 0 49.198 71.4395
13 2 0 34.1334 13.2598
13 3 0 71.5431 43.3445
13 4 0 14.4324 3.68779
13 5 0 17.143 7.87545
13 6 0 40.8497 80.756
13 7 0 73.8255 50.8891
13 8 0 25.5196 91.2256
13 9 0 83.9914 41.9711
13 10 0 16.5556 75.4994
13 11 0 71.0683 56.9805
13 12 0 1.77118 35.2443
13 14 1 16.0316 19.2254
13 15 0 1.26864 13.4535
13 16 0 87.7237 99.8974
13 17 0 39.2913 35.1476
13 18 0 24.596 87.3132
13 19 0 43.7902 4.37634
13 20 0 40.0371 73.0857
13 21 0 64.4778 2.05298
13 22 0 72.0764 53.1027
13 23 0 7.89707 56.3491
13 24 0 69.3407 1.38557
13 25 0 21.9961 16.776
13 26 0 78.477 30.0279
13 27 0 87.9538 23.6654
13 28 0 9.08934 1.39033
13 29 0 38.6763 35.3722
13 30 0 97.1504 1.37228
13 31 0 25.0812 31.1957
13 32 0 25.9891 63.6128
13 33 0 21.6074 25.8762
13 34 0 20.7607 55.9101
13 35 0 97.2896 6.03474
13 36 0 88.2086 56.0804
13 37 0 87.843 49.1653
13 38 0 96.1514 11.7841
13 39 0 65.7504 88.1958
13 40 0 17.1528 19.5338
13 41 0 87.7595 51.4383
13 42 0 17.1172 53.8582
13 43 0 30.5024 36.4735
13 44 0 52.3465 5.34251
13 45 0 3.0668 21.3564
13 46 0 73.4937 7.11408
13 47 0 56.3181 20.8415
13 48 0 53.3421 66.2571
13 49 0 9.18308 52.2825
13 50 0 76.8517 66.3882
13 51 0 67.4198 36.3903
13 52 0 11.8183 41.4563
13 53 0 36.5224 58.7447
13 54 0 20.9278 94.7067
13 55 0 47.0701 25.2625
13 56 0 68.3248 47.6378
13 57 0 52.1132 10.7492
13 58 0 24.3904 62.2668
13 59 0 55.821 27.1175
13 60 0 43.3058 16.1885
14 1 0 44.9817 0.527376
14 2 0 62.8367 91.6442
14 3 0 6.36975 59.9845
14 4 0 41.3639 87.5752
14 5 0 68.9163 18.0227
14 6 0 31.9067 15.305
14 7 0 35.6103 23.9074
14 8 0 20.0045 41.1276
14 9 0 16.3577 72.463
14 10 0 33.1603 43.9291
14 11 0 20.1607 96.7395
14 12 0 36.3038 42.0132
14 13 0 41.4135 56.7451
14 15 1 22.2411 63.8696
14 16 0 45.2104 28.5862
14 17 0 76.4555 63.3146
14 18 0 2.41281 38.4237
14 19 0 28.6448 38.283
14 20 0 24.4258 31.1457
14 21 0 50.4972 87.1282
14 22 0 61.6661 36.8084
14 23 0 59.9923 49.6443
14 24 0 1.08514 79.764
14 25 0 93.4206 82.5463
14 26 0 49.7464 92.3409
14 27 0 23.1685 59.303
14 28 0 31.7781 45.269
14 29 0 82.1198 69.3509
14 30 0 98.6256 67.2815
14 31 0 6.99686 96.2248
14 32 0 73.8515 81.119
14 33 0 32.75 78.8501
14 34 0 53.4637 44.4397
14 35 0 6.54304 18.5389
14 36 0 68.6498 98.9004
14 37 0 93.1018 11.763
14 38 0 74.6863 94.0613
14 39 0 96.6105 53.5994
14 40 0 88.5888 87.1328
14 41 0 53.8486 16.0502
14 42 0 65.0058 80.2735
14 43 0 88.2117 97.8311
14 44 0 78.8618 57.4068
14 45 0 83.0183 72.578
14 46 0 64.0979 15.1704
14 47 0 63.8823 18.4829
14 48 0 96.7512 12.579
14 49 0 56.9096 99.91
14 50 0 28.9429 9.2339
14 51 0 19.5414 83.8761
14 52 0 87.0458 32.9497
14 53 0 81.5384 21.1945
14 54 0 30.856 4.79779
14 55 0 67.3867 55.4392
14 56 0 67.2938 3.82116
14 57 0 77.4417 30.6645
14 58 0 6.44335 49.6172
14 59 0 52.5654 79.7572
14 60 0 94.1989 14.9705
15 1 0 14.4 77.8717
15 2 0 68.2615 21.8481
15 3 0 61.8916 28.8826
15 4 0 37.9871 45.3838
15 5 0 47.188 46.7591
15 6 0 52.1346 2.03803
15 7 0 23.768 31.7641
15 8 0 25.6294 48.0174
15 9 0 55.328 65.7846
15 10 0 29.7117 65.7437
15 11 0 51.7093 13.3562
15 12 0 37.5012 88.7371
15 13 0 88.742 53.2099
15 14 0 70.4228 77.4165
15 16 1 97.5911 38.7425
15 17 0 92.8821 66.1718
15 18 0 6.06979 77.7122
15 19 0 33.995 94.0463
15 20 1 32.1274 77.7357
15 21 0 15.1749 99.3641
15 22 0 91.8596 90.3239
15 23 0 6.60787 82.5746
15 24 0 54.3002 3.19795
15 25 0 27.1133 36.3323
15 26 0 59.2567 56.1659
15 27 0 20.8406 31.2485
15 28 0 67.6535 43.369
15 29 0 83.9942 67.3972
15 30 0 53.4391 97.6914
15 31 0 16.5036 22.2357
15 32 0 58.7483 42.4916
15 33 0 66.2268 43.7697
15 34 0 16.0234 53.2274
15 35 0 4.89339 58.8527
15 36 0 58.4111 94.2297
15 37 0 43.194 12.1708
15 38 0 83.6167 36.7691
15 39 0 5.25195 34.7033
15 40 0 57.0891 50.6528
15 41 0 96.014 11.2034
15 42 0 68.2389 62.5305
15 43 0 60.9511 63.5111
15 44 0 89.9023 61.0301
15 45 0 49.8522 4.83449
15 46 0 87.5015 37.6768
15 47 0 19.0401 36.6632
15 48 0 74.345 22.0301
15 49 0 14.9138 32.1658
15 50 0 33.1464 46.3898
15 51 0 45.0249 39.5661
15 52 0 7.05697 25.3272
15 53 0 79.2596 75.8919
15 54 0 95.6406 55.1391
15 55 0 27.6324 87.3181
15 56 0 76.6922 22.301
15 57 0 12.1291 43.0339
15 58 0 66.2057 10.4801
15 59 0 18.4971 12.7305
15 60 0 4.74547 9.06066
16 1 0 87.2957 73.7968
16 2 0 52.4754 18.7243
16 3 0 62.3837 87.0219
16 4 0 81.3422 10.7263
16 5 0 2.8076 8.22875
16 6 0 48.7698 39.7509
16 7 0 7.3169 20.1889
16 8 0 99.2115 18.0248
16 9 0 92.5928 62.0121
16 10 0 90.8181 81.9961
16 11 0 46.7426 77.3331
16 12 0 81.6445 76.1527
16 13 0 28.9156 0.983253
16 14 0 93.2803 92.3274
16 15 0 3.39381 85.5044
16 17 1 86.465 73.4957
16 18 0 80.1704 93.3457
16 19 0 48.3634 3.28445
16 20 0 77.9953 8.20642
16 21 0 45.4867 85.8629
16 22 0 39.8455 1.74908
16 23 0 83.4384 49.3427
16 24 0 82.8015 72.7919
16 25 0 92.6599 32.491
16 26 0 71.0494 70.1725
16 27 0 66.3772 83.0169
16 28 0 17.4562 98.0842
16 29 0 77.5555 56.6926
16 30 0 58.9273 54.6451
16 31 0 79.3793 98.2276
16 32 0 96.8475 50.1564
16 33 0 43.58 59.4462
16 34 0 7.1103 87.7252
16 35 0 67.0807 15.873
16 36 0 3.12529 16.3199
16 37 0 27.9989 25.6096
16 38 0 48.2802 15.2125
16 39 0 15.8957 0.531906
16 40 0 26.6734 36.7626
16 41 0 3.76042 96.8009
16 42 0 88.1242 19.8823
16 43 0 75.1321 15.1494
16 44 0 99.354 61.3113
16 45 0 25.7242 29.6671
16 46 0 4.95047 36.7135
16 47 0 2.519 11.5776
16 48 0 84.4873 64.4366
16 49 0 74.7901 32.5508
16 50 0 17.117 23.5642
16 51 0 21.4259 76.2781
16 52 0 44.6074 25.5399
16 53 0 91.3822 68.606
16 54 0 46.297 36.6429
16 55 0 62.5648 62.5888
16 56 0 2.27242 68.449
16 57 0 43.6847 69.877
16 58 0 69.5614 43.7062
16 59 0 14.5179 5.84924
16 60 0 85.7979 34.2806
17 1 0 8.83058 23.1424
17 2 0 18.2012 54.9253
17 3 0 44.0453 44.9314
17 4 0 18.3369 89.8804
17 5 0 0.353695 14.311
17 6 0 75.5057 62.0755
17 7 0 82.7188 2.65356
17 8 0 35.2916 59.6247
17 9 0 79.46 4.66375
17 10 0 31.0792 26.9538
17 11 0 45.0985 95.9463
17 12 0 44.5548 84.696
17 13 0 9.81667 4.45271
17 14 0 95.6517 40.7768
17 15 0 47.5082 18.9461
17 16 0 1.32215 86.188
17 18 1 55.6597 97.4305
17 19 0 69.5546 61.4705
17 20 0 98.6709 76.4884
17 21 0 30.8216 29.2138
17 22 0 18.475 98.4627
17 23 0 32.058 9.57795
17 24 0 5.44307 30.0987
17 25 0 48.3337 91.5419
17 26 0 51.0802 76.256
17 27 0 23.6986 37.7338
17 28 0 83.32 46.2611
17 29 0 5.90571 63.0817
17 30 0 72.8279 64.6987
17 31 0 15.6211 63.3398
17 32 0 62.25 51.7979
17 33 1 1.78669 35.2787
17 34 0 5.58284 23.0419
17 35 0 55.8134 73.1072
17 36 0 18.4686 46.2024
17 37 0 28.9815 56.6944
17 38 0 21.2429 78.7675
17 39 0 69.1475 41.2202
17 40 0 1.96304 16.8458
17 41 0 74.2742 20.3468
17 42 0 55.8413 27.3424
17 43 0 78.6214 36.3078
17 44 0 54.6509 73.1051
17 45 0 67.9075 50.6458
17 46 0 7.82936 82.5235
17 47 0 60.0167 70.0512
17 48 0 41.4871 39.1753
17 49 0 24.0197 26.9683
17 50 0 54.0535 89.6267
17 51 0 89.6253 14.8662
17 52 0 36.8705 56.3815
17 53 0 57.1878 95.4738
17 54 0 42.1093 25.2419
17 55 0 96.7487 50.3224
17 56 0 94.7195 95.7224
17 57 0 64.8632 62.6845
17 58 0 88.5093 66.6855
17 59 0 9.72158 91.8748
17 60 0 67.067 53.3846
18 1 0 31.6469 13.278
18 2 0 92.3349 87.9165
18 3 0 27.3052 68.2804
18 4 0 72.907 22.1267
18 5 0 4.95436 78.1133
18 6 0 27.1541 34.5824
18 7 0 17.6882 56.5911
18 8 0 89.7234 12.8734
18 9 0 10.0087 40.0503
18 10 0 16.2469 35.8809
18 11 0 54.7369 50.5675
18 12 0 69.1622 20.4021
18 13 0 34.3764 33.7175
18 14 0 90.6548 12.6479
18 15 0 13.5847 15.0774
18 16 0 25.0932 19.2098
18 17 0 38.0112 70.2464
18 19 1 30.4395 83.2778
18 20 0 81.4135 6.44918
18 21 1 76.888 54.43
18 22 0 17.4931 49.2438
18 23 0 87.6775 69.5988
18 24 0 63.3715 92.6202
18 25 0 67.651 68.341
18 26 0 61.6705 47.2256
18 27 0 62.7924 55.1287
18 28 0 47.7173 72.723
18 29 0 18.3745 27.1372
18 30 0 6.42818 38.985
18 31 0 89.8989 6.27238
18 32 0 38.3678 37.929
18 33 0 69.7187 50.8731
18 34 0 49.3233 50.2511
18 35 0 98.9597 18.4702
18 36 0 92.7483 0.323301
18 37 0 35.5837 83.7256
18 38 0 77.1009 6.45195
18 39 0 60.8084 23.8166
18 40 0 90.9147 20.0001
18 41 0 1.597 41.6905
18 42 0 64.0926 78.2055
18 43 0 2.86184 28.1893
18 44 0 72.9929 29.1934
18 45 0 85.5082 88.2813
18 46 0 35.7506 25.0876
18 47 0 40.7322 75.6679
18 48 0 59.6754 41.093
18 49 0 44.8431 34.3024
18 50 0 88.6992 30.536
18 51 0 29.4944 43.1988
18 52 0 52.4377 33.6759
18 53 0 19.5784 91.0842
18 54 0 16.3345 75.1869
18 55 0 16.4765 86.7516
18 56 0 25.1451 44.3533
18 57 0 41.6178 4.59305
18 58 0 15.7042 85.4237
18 59 0 13.0214 68.6607
18 60 0 55.9851 66.0912
19 1 0 95.7726 34.947
19 2 0 55.1239 19.84
19 3 0 91.756 1.19202
19 4 0 77.1448 68.5782
19 5 0 85.4968 54.3956
19 6 0 77.9454 36.4779
19 7 0 90.7456 27.0177
19 8 0 28.7613 62.973
19 9 0 35.3107 9.17012
19 10 0 27.8286 68.894
19 11 0 51.3627 47.8298
19 12 0 67.4279 94.677
19 13 0 85.4936 98.2394
19 14 0 60.7041 45.2168
19 15 0 41.1829 80.0183
19 16 0 53.5468 20.2885
19 17 0 26.7227 86.677
19 18 0 55.3591 73.4893
19 20 1 19.6654 97.2442
19 21 0 59.8873 24.7551
19 22 0 74.3967 1.196
19 23 0 89.6637 80.0035
19 24 0 31.1855 88.7529
19 25 0 36.9315 41.4508
19 26 0 8.07731 74.1047
19 27 0 20.3147 83.7439
19 28 0 71.3156 94.1851
19 29 0 42.6106 31.7561
19 30 0 86.0386 78.1976
19 31 0 37.59 53.0819
19 32 0 12.3129 28.2784
19 33 0 84.7259 51.3104
19 34 0 91.4543 21.1157
19 35 0 10.3134 69.2924
19 36 0 73.1078 48.7838
19 37 0 81.7939 9.74188
19 38 0 20.2154 58.876
19 39 0 9.69373 87.8393
19 40 0 78.4732 46.767
19 41 0 21.9367 59.7958
19 42 0 55.6535 76.637
19 43 0 63.3486 89.2169
19 44 0 91.0755 94.9229
19 45 0 35.2043 69.6674
19 46 0 57.8509 27.9967
19 47 0 34.4118 85.3356
19 48 0 68.4493 84.521
19 49 0 15.6624 32.0798
19 50 0 61.0672 99.3944
19 51 0 0.689105 44.5039
19 52 0 6.24083 69.7847
19 53 0 35.9278 59.8732
19 54 0 99.5451 71.2004
19 55 0 46.3141 56.2873
19 56 0 61.0121 23.8053
19 57 0 28.2407 77.2604
19 58 0 69.0104 65.3759
19 59 0 22.4704 36.1406
19 60 0 83.8751 81.6675
20 1 0 58.3556 96.0832
20 2 0 26.6674 94.012
20 3 0 32.9543 53.1322
20 4 0 95.9608 83.8509
20 5 0 43.6382 59.2523
20 6 0 59.7722 5.68374
20 7 0 56.2895 67.5774
20 8 0 91.8333 18.414
20 9 0 67.6069 75.4072
20 10 0 53.8509 53.1802
20 11 0 88.1566 76.3941
20 12 0 9.25025 53.5428
20 13 0 0.530118 93.4043
20 14 0 42.2594 66.674
20 15 0 82.2322 98.9243
20 16 0 42.2022 97.3109
20 17 0 12.3714 17.1159
20 18 0 3.12817 20.1972
20 19 0 53.5939 57.9954
20 21 1 94.2765 14.4374
20 22 0 74.1347 59.9001
20 23 0 99.6584 21.2648
20 24 0 90.1568 96.8122
20 25 0 45.5672 92.8766
20 26 0 4.62642 83.9226
20 27 0 0.370276 55.4714
20 28 0 69.4539 5.943
20 29 0 39.8991 88.9807
20 30 0 71.8613 72.8502
20 31 0 52.93 88.5284
20 32 0 0.0339927 48.3899
20 33 0 92.4468 40.9069
20 34 0 0.321825 12.9642
20 35 0 38.9229 93.8326
20 36 0 93.9916 13.0966
20 37 0 65.8888 45.942
20 38 0 8.91884 3.98383
20 39 0 48.3292 30.8472
20 40 0 55.8902 91.0397
20 41 0 23.2338 14.5685
20 42 0 84.5566 86.5474
20 43 0 22.582 65.2471
20 44 0 21.9803 0.396647
20 45 0 10.8406 14.7292
20 46 0 31.7308 76.6201
20 47 0 71.9268 46.7368
20 48 0 93.7956 1.46237
20 49 0 7.45348 77.1746
20 50 0 27.3224 58.4656
20 51 0 42.0641 22.8815
20 52 0 85.139 26.5516
20 53 0 23.1517 89.3397
20 54 0 98.7216 6.54928
20 55 1 21.8653 69.7206
20 56 1 82.4063 97.7334
20 57 0 25.8217 66.5161
20 58 0 46.2918 87.5717
20 59 0 5.23173 46.0037
20 60 0 29.6539 31.6169
21 1 0 57.7819 8.532
21 2 0 58.7374 84.3185
21 3 0 6.39962 52.3967
21 4 1 5.31007 4.28738
21 5 0 8.46346 78.0905
21 6 0 8.39376 22.8778
21 7 0 15.2053 64.6287
21 8 0 56.6842 17.4081
21 9 0 58.4642 35.7944
21 10 0 97.0638 66.452
21 11 0 82.1883 32.9692
21 12 0 1.75325 23.2488
21 13 0 24.0428 8.24164
21 14 0 64.3352 41.9914
21 15 0 47.5913 11.9739
21 16 0 7.66761 22.7895
21 17 0 55.1844 40.0305
21 18 0 69.5378 86.3223
21 19 0 17.0712 54.0975
21 20 0 71.9657 31.3697
21 22 1 73.863 37.1338
21 23 0 85.3874 48.8881
21 24 0 91.8882 73.7497
21 25 0 76.6838 88.3564
21 26 0 53.8889 12.6498
21 27 0 5.28173 73.58
21 28 0 5.28157 17.237
21 29 0 0.85585 97.6467
21 30 0 55.4214 69.6515
21 31 0 77.3785 41.7903
21 32 0 78.4957 27.6847
21 33 0 75.1523 14.6573
21 34 0 1.60522 70.1806
21 35 0 5.12013 5.90093
21 36 0 84.2688 28.2153
21 37 0 65.5653 66.4095
21 38 0 48.4489 61.5893
21 39 0 81.266 44.4592
21 40 0 95.6823 4.73751
21 41 0 25.8169 4.24592
21 42 0 66.8672 66.6085
21 43 0 70.7103 55.7992
21 44 0 69.9907 61.1077
21 45 0 86.2553 16.561
21 46 0 11.069 13.5853
21 47 0 14.054 25.5824
21 48 0 84.4051 5.94547
21 49 0 78.1147 88.6009
21 50 0 55.9892 3.07433
21 51 0 53.9479 85.9417
21 52 0 71.7553 80.6367
21 53 0 92.121 22.0337
21 54 0 36.9774 21.7975
21 55 0 52.5432 26.4838
21 56 0 15.835 7.65306
21 57 0 33.6042 92.5405
21 58 0 6.07517 43.7304
21 59 0 84.3396 76.879
21 60 0 8.45007 14.5421
22 1 0 37.4252 79.741
22 2 0 43.0947 74.9801
22 3 0 26.0839 24.7405
22 4 0 97.8402 89.816
22 5 1 89.0442 76.5613
22 6 0 90.2068 95.523
22 7 0 83.4176 46.5036
22 8 0 65.0117 41.3736
22 9 0 32.202 19.9736
22 10 0 41.6278 37.0899
22 11 0 67.2119 88.2868
22 12 0 0.74292 57.3399
22 13 0 10.3935 7.72087
22 14 0 73.1318 0.00879518
22 15 0 67.2702 65.8016
22 16 0 68.3147 14.7443
22 17 0 10.697 54.3667
22 18 0 99.6582 8.04227
22 19 0 54.1907 33.9918
22 20 0 91.9615 7.97812
22 21 0 35.8448 19.6047
22 23 1 18.8676 12.4016
22 24 0 38.7102 96.4968
22 25 0 87.8864 12.0721
22 26 0 99.3553 86.8742
22 27 0 41.5354 28.0582
22 28 0 5.37088 69.1736
22 29 0 37.9285 63.218
22 30 0 80.0484 17.201
22 31 0 78.9466 43.1058
22 32 0 84.4691 76.7274
22 33 0 25.125 10.8652
22 34 0 30.5322 87.8525
22 35 0 45.4517 56.6319
22 36 0 37.6931 67.2867
22 37 0 34.9904 63.1036
22 38 0 69.5951 80.9178
22 39 0 97.6043 41.1966
22 40 0 27.3224 46.5951
22 41 0 7.1798 95.4886
22 42 0 50.946 94.4004
22 43 0 93.2966 57.0807
22 44 0 43.135 18.6193
22 45 0 6.91784 86.0027
22 46 0 42.7106 37.3526
22 47 0 64.267 80.7376
22 48 0 97.9627 18.5309
22 49 0 19.6037 5.89097
22 50 0 13.2135 24.9763
22 51 0 25.8122 55.1888
22 52 0 79.88 66.3426
22 53 0 71.7393 34.1433
22 54 0 86.2033 96.342
22 55 0 22.4316 54.6142
22 56 0 67.2546 17.2966
22 57 0 83.8711 58.7115
22 58 0 64.9193 0.738138
22 59 0 13.3071 99.4921
22 60 0 22.648 28.3219
23 1 0 31.6667 61.1683
23 2 0 59.2197 66.4451
23 3 0 50.514 4.74785
23 4 0 36.9098 64.6161
23 5 0 65.811 46.9518
23 6 0 23.0048 36.8726
23 7 0 8.32097 20.4242
23 8 0 35.6479 77.1445
23 9 0 73.3006 23.946
23 10 0 54.9777 2.94623
23 11 0 85.3718 76.1745
23 12 0 9.74782 84.8208
23 13 0 21.7553 9.49726
23 14 0 82.4372 60.951
23 15 0 41.7785 2.89074
23 16 0 34.2068 26.9354
23 17 0 50.6101 84.6859
23 18 0 74.4912 20.5188
23 19 0 74.4152 5.25286
23 20 0 87.2448 4.38017
23 21 0 95.5896 1.2078
23 22 0 20.4021 0.627023
23 24 1 63.9002 8.73656
23 25 0 70.472 19.2942
23 26 0 4.96875 38.5316
23 27 0 68.2177 50.9895
23 28 0 75.9743 35.1715
23 29 0 75.8834 35.6581
23 30 0 87.1088 53.5848
23 31 0 42.8713 68.0198
23 32 0 75.241 84.6376
23 33 0 37.0701 99.2586
23 34 0 57.0699 64.4633
23 35 0 3.61007 17.552
23 36 0 16.8051 40.514
23 37 0 35.5412 7.68539
23 38 0 81.4709 19.1206
23 39 0 22.4356 60.6895
23 40 0 70.546 61.2424
23 41 0 30.0659 23.6666
23 42 0 70.8353 82.5029
23 43 0 53.8934 49.3744
23 44 0 95.7813 97.2711
23 45 0 38.4042 75.5538
23 46 0 82.2375 3.89841
23 47 0 70.9376 99.5013
23 48 0 49.1847 2.78583
23 49 0 84.1205 1.30544
23 50 0 52.333 77.4441
23 51 0 74.9204 21.3746
23 52 0 22.8145 89.2975
23 53 0 47.5251 3.05341
23 54 0 40.943 2.43376
23 55 0 65.9409 9.08218
23 56 0 42.6838 28.8385
23 57 0 4.88587 34.6762
23 58 0 29.997 0.497236
23 59 0 86.0445 44.2366
23 60 0 37.3872 8.33326
24 1 0 8.14369 84.5151
24 2 0 67.2789 76.7166
24 3 0 16.8545 4.17927
24 4 0 59.9636 43.2484
24 5 0 76.4597 48.3196
24 6 0 69.1546 38.1688
24 7 0 60.1143 65.8017
24 8 0 67.1519 57.79
24 9 0 9.94427 35.2815
24 10 0 73.6698 79.9836
24 11 0 52.4569 70.1171
24 12 0 13.1941 15.4746
24 13 0 22.5685 82.7611
24 14 0 43.9313 30.2397
24 15 0 28.7965 44.9087
24 16 0 59.7395 54.9631
24 17 0 11.6509 57.0511
24 18 0 54.6499 58.4312
24 19 0 47.417 76.372
24 20 0 53.1091 17.5603
24 21 0 86.8397 29.9795
24 22 0 41.0539 29.6
24 23 0 72.7446 75.0212
24 25 1 64.3779 58.8779
24 26 0 0.210035 84.2096
24 27 0 0.642387 58.7511
24 28 0 91.2717 37.5033
24 29 0 42.5992 27.9964
24 30 0 3.44042 38.3768
24 31 0 19.1503 84.4712
24 32 0 59.0037 25.9426
24 33 0 80.9204 6.84918
24 34 0 94.0861 64.0106
24 35 0 37.4956 32.2027
24 36 0 92.7572 97.0716
24 37 0 74.3354 76.3537
24 38 0 23.0678 20.9332
24 39 0 3.27606 40.9903
24 40 0 47.6152 15.3253
24 41 0 42.6066 62.3049
24 42 0 55.3488 64.508
24 43 0 98.0331 55.0433
24 44 0 52.6258 10.2681
24 45 0 89.7808 23.8316
24 46 0 73.7447 86.0671
24 47 0 8.7318 28.2157
24 48 0 70.977 80.9259
24 49 0 46.7312 26.6124
24 50 0 60.7727 21.1921
24 51 0 13.8223 5.68045
24 52 0 15.5175 35.2422
24 53 0 73.8629 53.4377
24 54 0 64.3238 69.8889
24 55 0 96.5961 75.2164
24 56 0 50.7517 11.21
24 57 0 89.3431 22.2441
24 58 0 89.3 56.559
24 59 0 20.2905 76.61
24 60 0 67.8505 5.47488
25 1 0 16.6511 13.0863
25 2 0 33.3591 90.6965
25 3 1 76.0561 47.8205
25 4 0 21.1606 71.4778
25 5 0 21.8383 78.1939
25 6 0 85.9477 83.6098
25 7 0 46.6177 18.5504
25 8 0 71.81 12.6302
25 9 0 80.1554 64.8661
25 10 0 85.0866 58.212
25 11 0 52.8518 19.4467
25 12 0 57.3761 25.151
25 13 0 63.55 29.4357
25 14 0 53.2524 23.3881
25 15 0 65.6605 37.2832
25 16 0 36.9301 40.9068
25 17 0 83.479 71.3804
25 18 0 29.78 62.1079
25 19 0 6.62306 36.2384
25 20 0 90.1636 51.4293
25 21 0 22.8668 68.2664
25 22 0 55.4259 36.1313
25 23 0 11.1902 10.6272
25 24 0 11.4296 16.3287
25 26 1 87.6217 55.8612
25 27 0 30.5333 20.9543
25 28 0 92.2732 94.7136
25 29 0 32.3382 83.1123
25 30 0 38.4504 90.151
25 31 0 88.5615 23.1814
25 32 0 52.4997 52.1956
25 33 0 57.6319 11.4747
25 34 0 19.8888 28.6895
25 35 0 22.3807 52.7192
25 36 0 73.5813 94.5978
25 37 0 77.5661 35.017
25 38 0 36.2162 59.7863
25 39 0 79.12 28.0782
25 40 0 42.1067 52.0469
25 41 0 43.9201 59.0175
25 42 0 79.574 92.5088
25 43 0 34.7368 3.85559
25 44 0 42.6212 0.235906
25 45 0 21.5412 83.641
25 46 0 77.6164 30.1785
25 47 0 82.849 88.7701
25 48 1 69.2088 9.31272
25 49 0 0.704594 75.9002
25 50 0 2.72948 40.8877
25 51 0 2.43809 71.8943
25 52 0 76.9966 91.6318
25 53 0 53.7298 13.9221
25 54 0 81.4415 41.592
25 55 0 36.6824 45.5428
25 56 0 75.8527 87.3452
25 57 0 50.6596 87.459
25 58 0 16.7004 30.5057
25 59 0 83.771 22.7024
25 60 0 63.8902 18.849
26 1 0 71.6137 35.5349
26 2 0 21.3603 12.7268
26 3 0 31.3056 60.3122
26 4 0 89.153 99.6197
26 5 0 19.7249 41.2097
26 6 0 2.23702 67.4716
26 7 0 81.7249 8.31576
26 8 0 31.1362 27.8112
26 9 0 63.112 8.1424
26 10 0 5.68976 38.8649
26 11 0 43.5069 14.1029
26 12 0 56.3772 64.3075
26 13 0 83.6126 36.7342
26 14 0 60.8256 22.8633
26 15 0 10.6904 6.52111
26 16 0 16.4861 86.2045
26 17 0 25.3306 9.04484
26 18 0 45.6056 83.7616
26 19 0 43.2987 90.2852
26 20 0 77.2095 58.9116
26 21 0 52.7224 64.0813
26 22 0 5.19577 56.6853
26 23 0 57.8674 19.1017
26 24 0 59.8877 0.310755
26 25 0 50.966 2.74828
26 27 1 57.6027 41.6694
26 28 0 35.5152 47.1957
26 29 0 2.68059 0.842632
26 30 0 68.9808 35.8124
26 31 0 27.81 9.81225
26 32 0 3.78913 5.17575
26 33 0 69.8242 88.3443
26 34 0 88.5985 90.5229
26 35 0 27.7239 53.2072
26 36 0 74.3337 62.9759
26 37 0 70.5708 98.9062
26 38 0 73.9245 4.60803
26 39 0 33.7904 11.7602
26 40 0 97.6157 41.5965
26 41 0 56.4758 15.735
26 42 0 95.4124 84.7568
26 43 0 13.5692 80.4806
26 44 0 13.4514 47.1583
26 45 0 30.6217 57.3546
26 46 0 95.9874 38.0575
26 47 0 35.3204 39.6244
26 48 0 95.4099 27.9615
26 49 0 93.8423 2.11139
26 50 0 46.7083 59.5998
26 51 0 83.8256 15.8032
26 52 0 32.9417 74.5866
26 53 0 86.7397 37.2038
26 54 0 82.0701 93.4397
26 55 0 44.5513 84.2125
26 56 0 7.98742 21.4429
26 57 0 35.7072 33.002
26 58 0 7.24381 12.6638
26 59 0 51.4384 66.6958
26 60 0 61.5667 17.5307
27 1 0 3.29396 4.75849
27 2 0 25.827 35.2337
27 3 0 89.3874 18.5652
27 4 0 49.0147 7.3614
27 5 0 21.1188 38.039
27 6 0 55.0466 49.7202
27 7 0 35.7746 38.9587
27 8 0 25.2105 22.9898
27 9 0 0.633647 14.4692
27 10 0 54.3755 62.0498
27 11 0 61.7394 72.9877
27 12 0 29.1165 75.9754
27 13 0 56.2024 23.6476
27 14 0 87.4521 53.3885
27 15 0 35.3421 9.80659
27 16 0 53.6233 72.7296
27 17 0 9.68706 73.9104
27 18 0 85.3847 12.8254
27 19 0 10.3342 0.543857
27 20 0 32.7711 60.0984
27 21 0 72.9657 40.6006
27 22 0 26.4822 54.5102
27 23 0 46.4388 76.6038
27 24 0 13.9496 12.5167
27 25 0 59.5381 35.8421
27 26 0 6.70475 16.7197
27 28 1 64.6401 17.2144
27 29 0 60.2997 37.6743
27 30 0 5.34918 87.2229
27 31 0 61.8255 76.5926
27 32 0 3.22123 80.3296
27 33 0 39.2318 92.6423
27 34 0 94.7772 25.6404
27 35 0 25.9956 47.6563
27 36 0 40.7556 90.1145
27 37 0 51.0499 54.0138
27 38 0 9.65842 55.4103
27 39 0 75.3603 23.1644
27 40 0 28.6691 67.3515
27 41 0 86.7263 71.1256
27 42 0 84.1301 26.9964
27 43 0 95.0684 96.3469
27 44 0 14.8089 7.77728
27 45 0 34.6754 92.5834
27 46 0 86.3437 47.4502
27 47 0 53.7346 2.16916
27 48 0 78.3979 98.4523
27 49 0 21.8169 60.6435
27 50 0 97.5583 88.5992
27 51 0 34.7593 57.0907
27 52 0 11.044 78.4095
27 53 0 74.3867 62.1436
27 54 0 4.80995 18.9992
27 55 0 47.2234 14.8382
27 56 0 84.8336 99.9169
27 57 0 15.7089 51.9438
27 58 0 60.8082 49.2749
27 59 0 68.8372 50.4422
27 60 0 14.8049 46.0807
28 1 0 63.0399 95.944
28 2 0 89.8497 20.9752
28 3 0 49.7046 54.1412
28 4 0 28.418 24.8511
28 5 0 21.3217 73.2308
28 6 0 31.9348 56.1514
28 7 0 79.9432 59.1011
28 8 0 60.8218 69.2012
28 9 0 90.1902 2.20259
28 10 0 96.7352 82.1891
28 11 0 98.9447 37.9672
28 12 0 28.734 19.9905
28 13 0 63.1929 48.7927
28 14 0 42.0835 78.8681
28 15 0 70.9019 64.5852
28 16 0 26.1231 19.2872
28 17 0 92.543 17.1993
28 18 0 23.5372 48.7844
28 19 0 98.0824 69.2574
28 20 0 85.958 8.3002
28 21 0 20.7689 30.9315
28 22 0 82.5048 16.5649
28 23 0 17.5045 80.1535
28 24 0 63.1636 8.71535
28 25 0 26.7617 82.6228
28 26 0 85.8161 5.88713
28 27 0 5.54334 23.0152
28 29 1 18.9708 79.2535
28 30 0 66.9686 65.2008
28 31 0 73.4503 78.8436
28 32 0 86.2633 89.9612
28 33 0 41.5033 19.9065
28 34 0 83.423 24.3815
28 35 0 41.2801 61.5519
28 36 0 14.6463 83.5398
28 37 0 50.1304 93.4373
28 38 0 48.1629 66.2016
28 39 0 29.1107 90.4684
28 40 0 95.9735 61.2081
28 41 0 69.143 52.0266
28 42 0 89.9557 36.3279
28 43 0 6.69775 3.75068
28 44 0 3.67315 1.10439
28 45 0 45.6716 1.40453
28 46 0 78.5426 44.2045
28 47 0 0.680977 63.7089
28 48 0 96.8577 78.6737
28 49 0 57.3473 68.249
28 50 0 0.353146 44.1346
28 51 0 20.7939 15.8238
28 52 0 31.0607 45.9788
28 53 0 66.2437 39.7091
28 54 0 37.9432 45.0596
28 55 0 83.9659 78.1589
28 56 0 59.5389 71.2104
28 57 0 45.1721 78.0438
28 58 0 29.2675 89.9246
28 59 0 77.3077 69.7732
28 60 0 17.018 5.10243
29 1 0 93.9606 18.7805
29 2 0 83.0538 24.9616
29 3 0 30.4582 28.9851
29 4 0 55.5898 42.015
29 5 0 20.2809 66.1316
29 6 0 50.7632 33.304
29 7 0 38.5284 86.1107
29 8 0 5.70182 80.4897
29 9 0 21.4749 87.4639
29 10 0 96.5019 93.8458
29 11 0 87.0732 55.0454
29 12 0 29.7266 84.7785
29 13 0 82.1361 64.1847
29 14 0 40.1013 51.3162
29 15 0 18.6486 65.1013
29 16 0 79.1924 38.1003
29 17 0 98.9779 16.1227
29 18 0 78.7413 90.7288
29 19 0 75.6654 20.1668
29 20 0 97.125 71.8754
29 21 0 7.72865 72.2845
29 22 0 4.19001 38.6007
29 23 0 26.6239 96.5411
29 24 0 2.49486 52.4514
29 25 0 80.5825 51.6263
29 26 0 95.4519 59.1142
29 27 0 87.9142 71.9884
29 28 0 69.2631 62.7208
29 30 1 32.7895 11.5381
29 31 0 58.0711 2.39126
29 32 0 84.6005 44.6193
29 33 0 74.791 73.6531
29 34 0 10.7354 61.5908
29 35 0 92.7998 78.6021
29 36 0 11.854 66.97
29 37 0 48.9604 51.386
29 38 0 46.9844 32.7718
29 39 0 76.379 44.1241
29 40 0 60.8626 44.713
29 41 0 10.1854 22.2502
29 42 0 9.88138 9.08769
29 43 0 24.9996 30.1597
29 44 0 30.7419 36.8163
29 45 0 12.9612 57.0369
29 46 0 93.8679 95.7554
29 47 0 19.6685 54.6891
29 48 0 67.5009 50.6042
29 49 0 10.3532 44.3003
29 50 0 68.3885 59.1361
29 51 0 57.8843 35.6225
29 52 0 25.2432 96.5095
29 53 0 25.7224 8.05314
29 54 0 27.0325 40.104
29 55 0 35.0343 48.9471
29 56 0 57.625 39.988
29 57 0 19.8088 41.1536
29 58 0 28.7534 71.3186
29 59 0 8.51394 45.3134
29 60 0 42.3287 24.1039
30 1 0 70.2085 0.633076
30 2 0 47.6681 20.5179
30 3 0 2.1733 86.9066
30 4 0 16.6604 4.44684
30 5 0 6.13885 82.5354
30 6 0 19.1007 83.7159
30 7 0 97.5192 37.2251
30 8 0 17.8879 98.9509
30 9 0 72.2565 30.6864
30 10 0 17.7634 27.4288
30 11 0 85.3594 18.9457
30 12 0 63.195 48.4977
30 13 0 96.0682 68.7899
30 14 0 81.557 76.4108
30 15 0 39.0477 56.502
30 16 0 74.7252 13.8037
30 17 0 35.6086 50.814
30 18 0 44.3453 87.227
30 19 0 86.2233 0.553799
30 20 0 26.7156 45.3828
30 21 0 21.2497 36.5781
30 22 0 79.3651 6.31819
30 23 0 11.5975 42.2706
30 24 0 62.0588 0.902982
30 25 0 49.4095 32.5786
30 26 0 93.2859 55.1569
30 27 0 78.218 49.2049
30 28 0 82.7254 93.4031
30 29 0 86.2723 82.9647
30 31 1 4.77907 68.6038
30 32 0 15.5102 43.8356
30 33 0 93.8348 48.1738
30 34 0 64.151 97.0492
30 35 0 8.72042 89.8897
30 36 0 21.7647 29.0442
30 37 0 96.0244 76.8407
30 38 0 49.1482 41.4557
30 39 0 83.8245 99.4733
30 40 0 10.781 50.5202
30 41 0 66.082 29.4615
30 42 0 22.3788 52.8135
30 43 0 5.16502 16.5052
30 44 0 55.5548 66.8045
30 45 0 61.022 46.9285
30 46 0 39.5599 93.6128
30 47 0 78.1654 5.62614
30 48 0 21.7832 7.70139
30 49 0 1.92711 56.3437
30 50 0 56.5819 46.1829
30 51 0 11.9473 27.1193
30 52 0 73.7259 62.4262
30 53 0 26.4259 30.5544
30 54 0 71.3926 2.47463
30 55 0 33.3488 23.5303
30 56 0 2.60756 68.8312
30 57 0 51.1187 26.4736
30 58 0 8.00968 27.9829
30 59 0 65.574 95.0484
30 60 0 34.1028 67.6886
31 1 0 54.8704 47.153
31 2 0 74.4564 0.362159
31 3 0 65.164 93.7113
31 4 0 90.3027 86.8022
31 5 0 69.2894 59.2868
31 6 0 3.22216 67.1008
31 7 0 41.6716 17.4232
31 8 0 0.0436335 64.9579
31 9 1 7.64549 56.0888
31 10 0 58.6595 2.44523
31 11 0 52.4557 10.4784
31 12 0 97.7782 13.21
31 13 0 88.7419 96.5151
31 14 0 20.3627 67.5205
31 15 0 92.7739 66.9151
31 16 0 38.396 79.8037
31 17 0 34.4098 27.5031
31 18 0 40.9316 78.632
31 19 0 52.4592 19.4967
31 20 0 6.40821 96.7212
31 21 0 90.079 94.5487
31 22 0 1.97513 64.0986
31 23 0 80.9359 4.44904
31 24 0 25.8459 83.9726
31 25 0 11.3169 58.4994
31 26 0 23.625 13.3853
31 27 0 21.6839 54.4889
31 28 0 96.0938 75.0447
31 29 0 88.8798 35.8074
31 30 0 85.0136 56.5572
31 32 1 72.702 63.5526
31 33 0 55.6402 93.4032
31 34 0 75.454 10.362
31 35 0 26.6585 18.1921
31 36 0 45.1689 41.5841
31 37 0 37.7538 15.2493
31 38 0 42.0233 52.498
31 39 0 84.4671 91.1623
31 40 0 60.1354 75.1069
31 41 0 88.9471 73.4952
31 42 0 2.01464 90.9996
31 43 0 24.034 96.9092
31 44 0 66.2064 95.1637
31 45 0 11.7702 4.68813
31 46 0 53.2139 27.239
31 47 0 36.0758 81.4046
31 48 0 85.9276 5.85139
31 49 0 47.839 94.4636
31 50 0 2.27777 16.8914
31 51 0 33.6384 42.517
31 52 0 16.7892 83.5976
31 53 0 74.1433 90.9293
31 54 0 60.114 64.2901
31 55 0 30.887 69.3089
31 56 0 71.4378 70.7262
31 57 0 35.1729 68.2649
31 58 0 62.1534 61.0174
31 59 0 50.7001 9.36849
31 60 0 37.8496 27.2307
32 1 0 15.9863 49.5026
32 2 0 42.4634 31.3626
32 3 0 82.3911 74.1062
32 4 0 82.4105 44.9791
32 5 0 69.5086 91.7457
32 6 0 48.3837 94.3351
32 7 0 79.3499 89.33
32 8 0 40.105 92.5479
32 9 0 34.4204 82.1473
32 10 0 84.3283 67.6024
32 11 0 31.6458 72.7809
32 12 0 0.538018 16.653
32 13 0 33.6586 69.7797
32 14 0 65.1216 28.8316
32 15 0 44.4648 56.25
32 16 0 17.9399 34.0973
32 17 0 3.82228 39.4905
32 18 0 51.5293 51.3834
32 19 0 67.8071 10.305
32 20 0 16.0121 22.4515
32 21 0 55.8567 5.96006
32 22 0 70.5814 48.8838
32 23 0 70.2641 51.4393
32 24 0 4.47863 88.8532
32 25 0 84.1484 13.565
32 26 0 84.9149 25.5971
32 27 0 12.8089 40.4981
32 28 0 9.37402 77.6991
32 29 0 37.5013 52.3559
32 30 0 94.2026 69.6211
32 31 0 96.4574 73.5513
32 33 1 62.717 75.7552
32 34 0 7.32582 77.6822
32 35 0 5.6479 96.3929
32 36 0 42.1223 48.9268
32 37 0 40.999 77.6801
32 38 0 67.2768 74.9535
32 39 0 37.1205 96.0318
32 40 0 25.2083 42.9835
32 41 0 2.24418 87.2117
32 42 0 98.6102 54.0616
32 43 0 2.79657 67.7249
32 44 0 42.7891 41.7804
32 45 0 20.7219 39.3567
32 46 0 30.3072 75.0031
32 47 0 15.7523 43.3924
32 48 0 84.1158 83.1852
32 49 0 49.1985 41.396
32 50 0 28.4366 40.1666
32 51 0 80.7038 94.3782
32 52 0 34.1164 61.3815
32 53 0 40.8525 28.5381
32 54 0 23.8365 76.2282
32 55 0 59.7975 14.5261
32 56 0 6.26928 54.3714
32 57 0 9.02176 95.3136
32 58 0 7.28012 91.9597
32 59 0 56.9976 87.3113
32 60 0 57.9703 67.8405
33 1 0 53.1647 35.6389
33 2 0 34.0099 33.542
33 3 0 89.3664 52.8041
33 4 0 18.3098 5.17866
33 5 0 88.5463 38.7444
33 6 0 68.3783 97.6493
33 7 0 73.4657 23.7411
33 8 0 82.1236 66.5401
33 9 0 97.3577 69.5202
33 10 0 55.7407 37.7757
33 11 0 16.265 57.6349
33 12 0 34.1604 41.1431
33 13 0 66.1491 99.6667
33 14 0 68.6659 69.281
33 15 0 74.1948 14.4329
33 16 0 67.9045 23.7548
33 17 0 91.3415 6.59466
33 18 0 49.2082 39.1528
33 19 0 90.5144 73.1553
33 20 0 34.1506 96.2969
33 21 0 29.2006 1.83768
33 22 0 75.1513 6.06274
33 23 0 26.4296 52.4399
33 24 0 86.7819 42.6639
33 25 0 79.3561 90.8461
33 26 0 67.1321 85.8803
33 27 0 17.7258 90.8294
33 28 0 64.0881 61.0859
33 29 0 76.3973 66.6526
33 30 0 78.0629 36.3786
33 31 0 96.9549 26.441
33 32 0 43.4549 20.9184
33 34 1 25.846 75.1665
33 35 0 3.76459 17.3079
33 36 0 28.7182 91.5139
33 37 0 96.2146 6.20035
33 38 0 27.8054 47.3001
33 39 0 36.069 23.8438
33 40 0 37.9834 63.0525
33 41 0 24.1826 90.1213
33 42 0 77.3796 22.1428
33 43 0 21.1385 79.8516
33 44 0 19.7585 66.7624
33 45 0 5.8378 82.8006
33 46 0 11.5448 79.6513
33 47 0 15.4085 9.01493
33 48 0 38.7699 23.8257
33 49 0 2.1511 3.36223
33 50 0 33.1245 7.68116
33 51 0 41.9525 10.6309
33 52 0 23.9683 56.4447
33 53 0 53.5567 20.6337
33 54 0 46.6034 33.0468
33 55 0 25.1119 93.1959
33 56 0 98.9698 56.5781
33 57 0 75.6009 72.0365
33 58 0 27.358 66.6597
33 59 0 90.5838 13.9367
33 60 0 61.4947 20.4476
34 1 0 19.4983 17.8246
34 2 0 15.8394 57.1403
34 3 0 28.0426 50.7802
34 4 0 20.9349 72.4062
34 5 0 63.396 62.7847
34 6 0 11.4177 66.5034
34 7 0 98.5996 22.1748
34 8 0 41.753 73.6795
34 9 0 97.6199 70.1969
34 10 0 28.452 70.1506
34 11 0 32.7445 2.27638
34 12 0 4.27189 1.03215
34 13 0 12.3162 90.6481
34 14 0 12.7999 20.191
34 15 0 64.0728 90.2652
34 16 0 50.1108 22.8835
34 17 0 81.736 76.9304
34 18 0 71.1694 93.4823
34 19 0 72.3236 72.9023
34 20 0 77.4033 69.5485
34 21 0 42.4478 59.1772
34 22 0 93.0268 7.19159
34 23 0 18.2467 86.4477
34 24 0 96.5909 70.6852
34 25 0 36.2943 86.8515
34 26 0 85.5597 34.3967
34 27 0 71.5372 29.8168
34 28 0 23.1755 30.2002
34 29 0 97.323 54.8099
34 30 0 1.00237 47.6707
34 31 0 38.7758 97.2202
34 32 0 71.2286 50.9353
34 33 0 40.8893 69.1242
34 35 1 41.1281 31.3552
34 36 0 77.6427 78.29
34 37 0 66.5075 13.0666
34 38 0 93.6591 92.1158
34 39 0 40.5203 66.5356
34 40 0 50.8866 25.5535
34 41 0 72.9505 30.3643
34 42 0 10.2735 90.0774
34 43 0 62.6204 72.2159
34 44 0 74.1163 63.443
34 45 0 98.3314 98.6806
34 46 0 83.1637 63.3152
34 47 0 79.3017 69.2926
34 48 0 34.4699 61.8619
34 49 0 11.9789 9.20942
34 50 0 56.4785 19.8985
34 51 0 39.7285 68.8506
34 52 0 56.575 61.8547
34 53 0 97.3608 92.3449
34 54 0 44.2506 16.7684
34 55 0 91.5506 87.7674
34 56 0 72.372 88.4512
34 57 0 55.6997 69.8567
34 58 0 7.44282 38.7217
34 59 0 58.5621 38.7854
34 60 0 74.3184 63.4998
35 1 0 56.0768 98.3556
35 2 0 82.1196 99.9702
35 3 0 20.3392 65.6179
35 4 0 52.5347 85.617
35 5 0 55.4292 35.2282
35 6 0 52.838 80.8089
35 7 0 39.1396 28.1982
35 8 0 42.213 96.8697
35 9 0 25.3487 48.8785
35 10 0 3.23987 41.4389
35 11 0 64.3162 30.9491
35 12 0 34.7626 35.4876
35 13 0 79.5519 33.1544
35 14 1 41.541 79.5935
35 15 0 20.5746 26.741
35 16 0 24.0518 11.6616
35 17 0 26.2797 25.8031
35 18 0 96.6687 96.8251
35 19 0 2.01773 40.8158
35 20 0 31.6863 94.6691
35 21 0 56.8492 29.201
35 22 0 85.2656 4.22169
35 23 0 29.0737 13.4337
35 24 0 46.8648 27.6978
35 25 0 94.5428 20.9097
35 26 0 10.2151 78.2138
35 27 0 29.4162 14.0237
35 28 1 81.9548 84.0051
35 29 0 48.4574 34.0759
35 30 0 71.4858 52.4492
35 31 0 51.6438 39.392
35 32 0 74.7275 41.8032
35 33 0 59.4248 81.3042
35 34 0 74.8952 53.0896
35 36 1 19.9009 40.0891
35 37 0 98.8234 74.7664
35 38 0 69.2089 99.6412
35 39 0 29.0749 39.2736
35 40 0 46.4339 14.1709
35 41 0 14.4011 69.0696
35 42 0 61.4371 24.6245
35 43 0 53.4103 32.2994
35 44 0 70.7192 77.0518
35 45 0 42.6237 56.6113
35 46 0 13.5538 13.0136
35 47 0 20.1139 0.4009
35 48 0 77.206 21.8107
35 49 0 36.2417 96.8241
35 50 0 61.1095 80.2683
35 51 0 54.8712 22.6613
35 52 0 20.1332 41.2563
35 53 0 0.193177 98.9643
35 54 0 85.1982 43.4568
35 55 0 93.5433 15.3639
35 56 0 81.6657 22.1365
35 57 0 14.4061 24.6157
35 58 0 12.4532 27.5573
35 59 0 88.3648 74.0106
35 60 0 53.2501 70.378
36 1 0 5.70781 37.9271
36 2 0 10.9377 78.7291
36 3 0 96.0367 96.5386
36 4 0 39.8696 41.2802
36 5 0 45.637 39.1996
36 6 0 1.79212 55.2919
36 7 0 67.4441 30.7932
36 8 0 14.2841 69.278
36 9 0 61.3552 40.2306
36 10 0 41.0071 30.2281
36 11 0 2.5116 93.1298
36 12 0 42.3205 11.9023
36 13 0 33.2013 38.8244
36 14 0 26.1955 87.0961
36 15 1 69.8822 22.0583
36 16 0 79.473 55.9809
36 17 0 67.0978 42.8508
36 18 0 81.3918 48.791
36 19 0 53.3386 91.1284
36 20 0 85.2011 44.4064
36 21 0 33.2224 87.1293
36 22 0 74.1235 48.1676
36 23 0 66.6074 80.9514
36 24 0 52.3905 90.1935
36 25 0 61.7215 82.3898
36 26 0 63.2137 92.5918
36 27 0 30.5564 49.4895
36 28 0 76.5218 82.4743
36 29 0 46.7317 75.9438
36 30 0 55.5984 61.0714
36 31 0 98.2129 95.3479
36 32 0 1.00212 81.9212
36 33 0 13.7427 34.788
36 34 0 52.5711 53.9866
36 35 1 73.223 77.8355
36 37 1 20.0298 40.8379
36 38 0 31.1577 81.4887
36 39 1 93.9249 27.9771
36 40 0 82.6442 70.9715
36 41 0 26.9886 32.7118
36 42 0 93.4993 94.2977
36 43 0 69.2422 13.0863
36 44 0 42.6987 27.6508
36 45 0 72.9264 66.8782
36 46 0 5.69529 26.5373
36 47 0 74.1062 49.6128
36 48 0 1.72647 40.8065
36 49 0 53.4474 10.4424
36 50 0 98.4918 38.1737
36 51 0 52.0351 84.7592
36 52 0 30.9577 73.7361
36 53 0 79.427 17.5665
36 54 0 36.3927 42.064
36 55 0 20.7043 35.4774
36 56 0 76.8596 63.4217
36 57 0 95.9047 71.6679
36 58 0 29.5997 22.4275
36 59 0 44.2885 53.3931
36 60 0 69.9946 28.8671
37 1 0 12.8578 24.07
37 2 0 89.649 18.7872
37 3 0 88.7538 88.894
37 4 0 63.4867 51.5961
37 5 0 2.40935 91.0733
37 6 0 93.0208 88.2692
37 7 0 52.1933 21.3468
37 8 0 84.283 48.963
37 9 0 82.4944 5.86871
37 10 0 33.4875 55.5057
37 11 0 25.682 56.1403
37 12 0 83.147 88.1837
37 13 0 24.3137 85.4553
37 14 0 24.7676 6.50194
37 15 0 65.1042 69.0554
37 16 0 17.1417 90.0231
37 17 0 40.3345 20.6556
37 18 0 0.4674 47.0737
37 19 0 0.240162 67.7976
37 20 0 75.9827 42.9238
37 21 0 49.8274 69.2011
37 22 0 23.7002 29.4862
37 23 0 5.88359 50.6804
37 24 0 16.768 75.1705
37 25 0 3.70189 69.3537
37 26 0 89.5002 23.6609
37 27 0 21.141 85.384
37 28 0 5.92312 58.7332
37 29 0 49.5257 26.4665
37 30 0 31.6614 19.6886
37 31 0 39.7083 73.091
37 32 0 17.6876 78.1704
37 33 0 29.6751 44.9962
37 34 0 34.8799 70.0347
37 35 0 71.3278 71.105
37 36 0 54.8569 24.1024
37 38 1 41.2858 56.745
37 39 0 1.05919 46.4583
37 40 0 84.6805 20.5107
37 41 0 64.6472 44.5115
37 42 0 85.5777 8.07164
37 43 0 47.4426 29.3586
37 44 0 74.3187 68.768
37 45 0 20.5743 88.4541
37 46 0 62.3773 74.4138
37 47 0 59.3266 4.23771
37 48 0 67.8047 73.7662
37 49 0 93.1858 55.7537
37 50 0 36.3991 3.86867
37 51 1 64.3001 51.7416
37 52 0 68.6041 84.3048
37 53 0 4.40739 5.45409
37 54 0 75.2052 38.2989
37 55 0 90.7736 18.451
37 56 0 75.08 9.11937
37 57 0 92.7438 58.085
37 58 0 45.7904 74.4933
37 59 0 26.2245 21.4878
37 60 0 77.114 59.9854
38 1 0 99.4736 62.05
38 2 0 42.9157 23.8723
38 3 0 25.5378 48.0551
38 4 0 15.992 41.2342
38 5 0 94.6364 49.4272
38 6 0 49.8563 37.3699
38 7 0 91.4613 63.5881
38 8 0 52.5447 25.6256
38 9 0 59.2392 24.2723
38 10 0 23.5381 85.9426
38 11 0 32.3668 93.6483
38 12 0 73.695 90.628
38 13 0 89.8462 86.1238
38 14 0 77.6678 23.4477
38 15 0 77.8548 54.3061
38 16 0 51.4492 45.4655
38 17 0 24.3509 73.8715
38 18 0 56.0995 42.6672
38 19 0 51.2396 76.2432
38 20 0 29.5422 10.3333
38 21 0 54.3324 68.9902
38 22 0 37.4669 66.2882
38 23 0 70.0584 22.7197
38 24 0 91.3459 26.5449
38 25 0 3.56544 31.0439
38 26 0 50.9664 35.3523
38 27 0 5.88891 97.1066
38 28 0 88.659 20.8567
38 29 0 0.770599 6.89736
38 30 0 14.4254 39.9059
38 31 0 79.4826 74.8334
38 32 0 56.6771 30.0812
38 33 0 65.6903 39.9196
38 34 0 0.235079 83.54
38 35 0 46.6302 71.8931
38 36 0 18.636 56.9986
38 37 0 68.5701 98.0569
38 39 1 15.9182 2.18952
38 40 0 42.7853 47.3725
38 41 0 77.9256 19.0038
38 42 0 6.17181 41.7021
38 43 0 77.5905 74.0633
38 44 0 90.7466 92.1865
38 45 0 30.8793 83.4852
38 46 0 74.9399 99.2439
38 47 0 99.6609 39.6983
38 48 0 6.31748 8.55357
38 49 0 83.9403 87.885
38 50 0 55.0226 5.60217
38 51 0 15.3207 6.59694
38 52 0 14.5966 55.6674
38 53 0 52.9326 40.5228
38 54 0 91.7938 42.5273
38 55 0 32.5979 11.2019
38 56 0 64.4315 62.973
38 57 0 71.6725 71.0972
38 58 0 89.054 87.9615
38 59 0 63.7917 2.25343
38 60 0 2.10453 59.9105
39 1 0 4.61376 22.2339
39 2 0 78.8863 7.66696
39 3 0 25.7457 32.8446
39 4 0 95.024 39.5686
39 5 0 58.2645 59.7538
39 6 0 7.79574 69.8869
39 7 0 13.7177 59.0045
39 8 0 38.065 78.3269
39 9 0 92.003 23.2653
39 10 0 31.6464 88.2949
39 11 0 81.2758 87.8281
39 12 0 54.1726 10.1102
39 13 0 79 75.5197
39 14 0 61.2668 81.8565
39 15 0 99.4957 27.1432
39 16 0 41.3407 58.6208
39 17 0 87.9509 55.0148
39 18 0 14.9382 19.5609
39 19 0 52.3904 28.6673
39 20 0 58.9714 75.2604
39 21 0 12.5349 54.8504
39 22 0 29.796 88.4377
39 23 0 72.918 22.8822
39 24 0 32.9233 88.9576
39 25 0 72.2878 64.4867
39 26 0 87.4924 59.7405
39 27 1 29.2373 45.8873
39 28 0 89.1883 66.5514
39 29 0 28.9064 69.418
39 30 0 92.084 28.2772
39 31 0 57.641 23.4457
39 32 0 25.6454 27.2696
39 33 0 10.8955 13.5662
39 34 0 2.68237 29.9786
39 35 0 60.4901 28.1587
39 36 0 89.1505 35.4288
39 37 0 56.0365 29.2878
39 38 0 35.8266 52.0793
39 40 1 20.2304 19.8036
39 41 0 44.7254 71.6739
39 42 0 43.4725 30.0368
39 43 0 68.5624 51.895
39 44 0 93.2964 98.4553
39 45 0 12.338 94.9451
39 46 0 22.726 29.0373
39 47 0 32.5743 1.68422
39 48 0 84.1881 27.344
39 49 0 41.1933 88.7727
39 50 0 72.2963 37.8154
39 51 0 50.1267 90.8458
39 52 0 80.9975 94.2659
39 53 0 38.1442 77.7434
39 54 0 24.6955 52.5847
39 55 0 75.8735 6.68939
39 56 0 42.4783 71.9416
39 57 0 38.9906 70.2264
39 58 0 24.1773 79.4789
39 59 0 48.1693 33.7174
39 60 0 52.1273 22.6924
40 1 0 46.2229 62.4971
40 2 0 77.1805 25.0828
40 3 0 81.0515 36.2666
40 4 0 68.5443 96.2011
40 5 0 84.0488 54.1673
40 6 0 52.4864 91.4479
40 7 0 71.7992 87.7226
40 8 0 70.8047 33.304
40 9 0 72.3397 51.0188
40 10 0 15.3594 21.8349
40 11 0 22.4067 62.6036
40 12 0 50.5176 38.8544
40 13 0 5.72811 39.7803
40 14 0 56.8966 64.1343
40 15 0 65.2541 0.235862
40 16 0 66.2201 4.23254
40 17 0 56.2904 73.3583
40 18 0 49.3345 33.2084
40 19 0 48.9065 56.0524
40 20 0 68.0265 71.6577
40 21 0 82.7425 34.1709
40 22 0 72.2857 68.5588
40 23 0 16.0777 25.039
40 24 0 75.6523 70.8723
40 25 0 90.3837 22.5203
40 26 0 28.9565 72.4043
40 27 0 5.195 17.467
40 28 0 54.3315 25.3549
40 29 0 71.7302 86.6161
40 30 0 12.6266 35.5344
40 31 0 17.2282 51.4225
40 32 0 71.7057 72.4491
40 33 0 82.3703 52.7664
40 34 0 43.4925 61.7255
40 35 0 32.3788 98.5643
40 36 0 5.62578 28.5939
40 37 0 14.7483 33.3554
40 38 0 98.2062 98.723
40 39 0 51.9646 88.9446
40 41 1 29.4098 51.745
40 42 0 27.5608 46.5377
40 43 0 25.2944 67.2056
40 44 0 3.9554 37.2694
40 45 0 58.3371 61.2639
40 46 0 53.8983 59.3734
40 47 0 75.0689 7.38909
40 48 0 57.1736 79.9925
40 49 0 83.1731 10.6415
40 50 0 35.2398 81.1361
40 51 0 69.0175 61.0207
40 52 0 32.8277 50.8381
40 53 0 99.0098 47.9921
40 54 0 78.308 15.4774
40 55 0 78.4945 3.29835
40 56 0 63.6921 33.4216
40 57 0 64.7875 95.1352
40 58 0 58.3238 57.8195
40 59 0 88.5712 35.3613
40 60 0 16.7387 65.8208
41 1 0 51.2009 29.0811
41 2 0 22.7835 91.7115
41 3 0 55.0096 51.5835
41 4 0 89.5128 65.9455
41 5 0 15.9435 25.2657
41 6 0 63.032 74.529
41 7 0 48.8906 20.9226
41 8 0 20.6693 51.5738
41 9 0 44.1886 16.2925
41 10 0 22.5907 44.9262
41 11 0 18.8185 3.85132
41 12 0 77.2982 63.9777
41 13 0 41.9223 34.2386
41 14 0 76.0635 73.2984
41 15 0 20.0638 4.66842
41 16 0 27.3945 37.5461
41 17 0 78.3693 5.0724
41 18 0 73.5145 75.028
41 19 0 78.6501 89.8389
41 20 0 38.5063 93.594
41 21 0 90.6974 69.9421
41 22 0 8.22738 57.4594
41 23 0 74.6922 1.06549
41 24 0 75.5277 78.3205
41 25 0 26.9706 46.1469
41 26 0 89.2925 95.5636
41 27 0 39.5651 26.5723
41 28 0 66.4242 63.6821
41 29 0 88.7275 37.7992
41 30 0 97.1048 96.1582
41 31 0 0.164437 52.3802
41 32 0 55.3462 19.6695
41 33 0 83.1641 62.0824
41 34 0 16.203 90.1092
41 35 0 69.978 18.5857
41 36 0 56.3002 85.7021
41 37 0 3.64824 8.29781
41 38 0 53.0781 17.8771
41 39 0 78.3494 94.6067
41 40 0 93.4353 88.9394
41 42 1 51.9738 45.4703
41 43 0 52.7729 72.5384
41 44 0 97.9106 42.5046
41 45 0 37.1323 82.5177
41 46 0 24.63 70.3822
41 47 0 96.0568 44.0858
41 48 0 77.1491 37.8753
41 49 0 80.4912 38.5904
41 50 0 53.2964 31.0914
41 51 0 70.4929 41.0763
41 52 0 57.6046 33.2815
41 53 0 59.8862 91.4168
41 54 0 3.47052 70.2472
41 55 0 6.57778 40.6866
41 56 0 64.0876 26.7351
41 57 0 19.5217 54.796
41 58 0 94.7932 67.741
41 59 0 70.4169 28.4027
41 60 0 4.54854 91.5646
42 1 0 56.4884 26.3187
42 2 0 47.3386 5.59161
42 3 0 0.730487 30.7107
42 4 0 82.3389 57.1303
42 5 0 73.8371 50.5825
42 6 0 19.4967 4.97654
42 7 0 30.6709 78.5274
42 8 0 82.4778 2.66392
42 9 0 43.3429 39.3945
42 10 0 11.9133 53.9889
42 11 0 77.6507 78.2367
42 12 0 97.303 84.1345
42 13 0 4.98387 62.9226
42 14 0 65.4142 56.4133
42 15 0 61.0657 64.9754
42 16 0 20.5603 42.7279
42 17 0 4.68399 65.3184
42 18 0 19.7158 80.7943
42 19 0 93.1195 12.4124
42 20 0 24.0732 75.2393
42 21 0 63.3349 54.3535
42 22 0 63.6244 45.7436
42 23 0 19.7396 20.0114
42 24 0 76.1742 40.7519
42 25 0 41.8074 10.0566
42 26 0 57.0479 21.7283
42 27 0 17.0176 45.0295
42 28 0 79.4049 40.2835
42 29 0 71.7018 69.7832
42 30 0 62.6683 38.2856
42 31 0 63.1395 30.3648
42 32 0 10.5571 10.6125
42 33 0 4.88141 70.7328
42 34 0 60.1521 41.5063
42 35 0 36.0143 11.0234
42 36 0 63.9295 12.0679
42 37 0 33.614 47.7459
42 38 0 37.9723 11.9378
42 39 0 39.6282 64.7241
42 40 1 74.5109 21.9826
42 41 0 64.9197 19.7033
42 43 1 30.601 14.5585
42 44 0 23.8721 19.5968
42 45 0 96.9727 4.37931
42 46 0 56.8941 3.07013
42 47 0 5.17257 47.8473
42 48 0 14.4013 17.9885
42 49 0 71.8795 78.7429
42 50 0 84.0323 61.1127
42 51 0 19.2216 16.3949
42 52 0 84.947 75.5776
42 53 0 79.9186 86.7764
42 54 0 97.61 54.7056
42 55 0 66.1575 50.6539
42 56 0 30.7515 41.6859
42 57 0 40.9732 80.6657
42 58 0 11.0314 32.6263
42 59 0 50.2835 36.6649
42 60 0 83.1085 7.69473
43 1 0 18.2381 36.5966
43 2 0 35.3958 72.9773
43 3 0 48.2936 70.669
43 4 0 14.202 24.685
43 5 0 43.4002 46.1715
43 6 0 98.6083 60.5064
43 7 0 26.3243 50.4494
43 8 0 16.3026 27.0252
43 9 0 70.8749 65.0966
43 10 0 74.2691 30.7578
43 11 0 27.5967 27.2751
43 12 0 58.6772 85.2172
43 13 0 9.62079 72.5721
43 14 0 9.00462 3.07351
43 15 0 0.372527 52.3247
43 16 0 93.8087 71.4872
43 17 0 86.4558 56.4625
43 18 0 57.6437 27.8801
43 19 0 87.3384 92.4778
43 20 0 24.0912 89.0382
43 21 0 37.1135 10.2881
43 22 0 94.4292 32.4347
43 23 0 94.4978 4.68096
43 24 0 13.7944 19.0487
43 25 0 98.4637 63.5699
43 26 0 73.1456 46.1422
43 27 0 1.91557 88.5766
43 28 0 10.6262 14.6615
43 29 0 96.6512 99.7479
43 30 0 42.1911 36.8176
43 31 0 79.9234 55.6377
43 32 0 18.1488 20.1004
43 33 0 87.3196 32.4428
43 34 0 24.8234 82.0319
43 35 0 6.06545 15.4187
43 36 0 96.623 27.2969
43 37 0 11.3536 30.102
43 38 0 64.569 11.5067
43 39 0 30.1526 15.4925
43 40 0 36.1872 92.3663
43 41 0 42.0488 24.1039
43 42 0 19.7914 65.3054
43 44 1 95.0668 24.7847
43 45 0 38.6992 67.0105
43 46 0 5.23496 2.3134
43 47 0 13.9608 22.7822
43 48 0 5.25343 81.3469
43 49 0 77.5973 67.0966
43 50 0 4.68323 97.577
43 51 0 71.1787 78.9195
43 52 0 81.0794 43.9701
43 53 0 33.3582 7.47334
43 54 0 95.2802 28.9853
43 55 0 42.0064 50.0394
43 56 0 76.3808 0.502373
43 57 0 0.289085 75.8671
43 58 0 0.854678 28.9982
43 59 0 74.7825 98.1049
43 60 0 16.6062 19.3368
44 1 0 50.5333 22.2996
44 2 0 40.6045 98.9798
44 3 0 1.01015 99.6177
44 4 0 69.3661 30.6992
44 5 0 90.2607 23.3236
44 6 0 40.8661 34.4399
44 7 0 13.8766 0.658857
44 8 0 77.2161 39.6323
44 9 0 23.5601 96.5031
44 10 0 94.3901 31.3328
44 11 0 58.2682 89.6571
44 12 0 0.721415 4.47595
44 13 0 32.1616 10.325
44 14 0 3.41871 12.2451
44 15 0 58.6476 94.7476
44 16 0 96.3424 25.8538
44 17 0 96.8761 99.7233
44 18 0 94.3486 61.4123
44 19 0 45.6138 6.37065
44 20 0 51.5616 70.7145
44 21 0 76.9784 43.3783
44 22 0 76.3838 13.1221
44 23 0 1.58733 2.74998
44 24 0 26.9734 99.7087
44 25 0 77.8986 67.1016
44 26 0 78.2411 83.0677
44 27 0 10.9242 52.8163
44 28 0 16.7136 48.5774
44 29 0 30.5157 20.4246
44 30 0 85.4999 74.9351
44 31 0 13.8213 58.7269
44 32 0 70.9512 59.0546
44 33 1 39.6515 33.342
44 34 0 75.5002 24.3328
44 35 0 83.1058 58.9207
44 36 0 40.3743 78.6437
44 37 0 18.466 93.4623
44 38 0 65.919 18.889
44 39 0 31.8936 50.4192
44 40 0 42.0222 39.3737
44 41 0 59.1522 4.26167
44 42 0 14.3836 51.2402
44 43 0 33.9231 89.463
44 45 1 97.53 76.4387
44 46 0 30.6061 99.6384
44 47 0 0.412088 29.6868
44 48 0 97.9394 56.956
44 49 0 69.2525 16.6477
44 50 0 45.5714 3.14327
44 51 0 86.7461 58.2373
44 52 0 25.9674 7.34597
44 53 0 67.1436 4.95112
44 54 0 56.375 22.2572
44 55 0 72.8274 14.376
44 56 0 36.326 94.9677
44 57 0 97.5294 49.5513
44 58 0 53.6994 53.5938
44 59 0 91.4384 73.4172
44 60 0 60.1236 94.9208
45 1 0 42.4852 16.5505
45 2 0 37.2805 63.7605
45 3 0 87.5776 45.2432
45 4 0 22.5834 21.1918
45 5 0 81.8943 66.4122
45 6 0 45.0268 45.8047
45 7 0 82.0572 19.8233
45 8 0 97.4696 70.161
45 9 0 16.6595 13.5315
45 10 0 32.0138 63.9624
45 11 0 86.0132 47.7848
45 12 0 34.767 63.6634
45 13 0 11.6115 59.8952
45 14 0 60.449 39.6894
45 15 0 67.8401 4.53134
45 16 0 81.2316 82.0368
45 17 0 59.6097 40.1642
45 18 0 86.9802 0.373773
45 19 0 26.926 22.2603
45 20 0 29.2308 91.9
45 21 0 26.6574 30.7887
45 22 0 95.3829 86.5596
45 23 0 23.6252 74.5379
45 24 0 24.7931 60.7919
45 25 0 78.0656 48.5691
45 26 0 58.4962 57.8537
45 27 0 59.0229 77.5608
45 28 0 20.3453 58.976
45 29 0 32.4613 22.3756
45 30 0 53.521 84.1579
45 31 0 95.6435 60.0231
45 32 0 50.8525 35.7627
45 33 0 41.108 79.9786
45 34 0 89.3742 98.318
45 35 0 54.3062 9.70349
45 36 0 87.0916 22.5947
45 37 0 48.6759 41.486
45 38 0 71.1191 23.6922
45 39 0 25.2503 20.544
45 40 0 63.0898 48.2886
45 41 0 5.78839 64.4923
45 42 0 67.2288 46.6799
45 43 0 75.6359 27.2653
45 44 0 13.2278 9.10734
45 46 1 55.5654 15.2047
45 47 0 50.5103 30.3302
45 48 0 18.843 82.0727
45 49 0 55.3324 54.6747
45 50 0 44.8838 90.6682
45 51 0 72.0401 42.3206
45 52 0 97.1255 83.1822
45 53 0 9.23303 21.9074
45 54 0 15.994 42.9652
45 55 0 79.6069 74.7719
45 56 0 12.361 0.876763
45 57 0 33.2388 81.0962
45 58 0 71.2434 92.198
45 59 0 26.7419 24.286
45 60 0 50.6066 63.0102
46 1 0 61.6219 68.5545
46 2 0 50.6128 95.8843
46 3 0 60.6153 29.6588
46 4 0 62.1305 90.5945
46 5 0 99.9655 49.2497
46 6 0 66.6714 17.684
46 7 0 14.994 75.4892
46 8 0 39.3427 67.0051
46 9 0 64.8439 12.9574
46 10 0 45.5149 96.251
46 11 0 37.7486 74.8957
46 12 0 74.1613 22.271
46 13 0 40.1599 21.979
46 14 0 85.4223 97.5434
46 15 0 26.8715 72.4208
46 16 0 68.4751 34.902
46 17 0 31.7247 16.213
46 18 0 79.1782 67.9603
46 19 0 10.3853 40.848
46 20 0 45.3668 11.9071
46 21 0 57.6299 76.8442
46 22 0 44.223 8.89753
46 23 0 79.5369 46.4669
46 24 0 83.3806 45.1307
46 25 0 77.4921 41.7145
46 26 0 3.97093 1.345
46 27 0 69.4898 8.57098
46 28 0 48.4958 26.9793
46 29 0 29.3763 10.9625
46 30 0 99.8669 5.49557
46 31 0 50.3678 82.0051
46 32 0 26.5901 90.6565
46 33 0 25.4831 8.77146
46 34 0 5.26467 19.6763
46 35 0 16.4306 16.4882
46 36 0 30.3392 48.1533
46 37 0 70.5928 66.399
46 38 0 48.7646 13.2386
46 39 0 87.1108 31.6902
46 40 0 24.1343 64.7536
46 41 0 49.379 1.2324
46 42 0 41.0187 30.9942
46 43 0 94.5737 72.6296
46 44 0 48.3679 35.5358
46 45 0 59.9115 49.6131
46 47 1 78.5607 8.49534
46 48 0 28.1984 47.4024
46 49 0 41.2054 29.5035
46 50 0 31.9057 81.9929
46 51 0 12.4879 79.2049
46 52 0 77.0917 52.4132
46 53 0 12.8052 93.5889
46 54 0 96.613 96.3496
46 55 0 39.6384 17.6197
46 56 0 0.911771 19.6846
46 57 0 31.4425 92.891
46 58 0 66.7529 52.752
46 59 0 94.8481 75.5371
46 60 0 98.9189 64.0582
47 1 0 53.1951 85.4633
47 2 0 70.223 96.3587
47 3 0 38.4388 2.25474
47 4 0 30.071 82.4824
47 5 0 46.299 57.0222
47 6 0 29.3406 54.7297
47 7 0 92.8126 97.6393
47 8 0 79.8874 71.752
47 9 0 44.3712 86.0076
47 10 0 1.93846 68.9839
47 11 0 3.83585 68.4205
47 12 0 48.8032 54.7562
47 13 0 2.33371 34.2036
47 14 0 57.9674 1.26646
47 15 0 76.6424 62.5563
47 16 0 82.5692 38.8272
47 17 0 29.9526 64.9138
47 18 0 79.7657 68.2058
47 19 0 71.7794 68.9308
47 20 0 14.6958 67.2439
47 21 0 39.7512 77.9519
47 22 0 92.8954 75.3281
47 23 0 22.0844 19.7247
47 24 0 70.0399 29.633
47 25 0 69.6887 44.1814
47 26 0 0.933927 95.5742
47 27 0 52.7873 13.2185
47 28 0 50.2175 86.9817
47 29 0 13.7912 42.9266
47 30 0 58.2499 14.9777
47 31 0 96.2151 97.8356
47 32 0 18.2671 60.2647
47 33 0 36.2017 17.0712
47 34 0 45.1155 95.4858
47 35 0 96.3086 53.9655
47 36 0 1.21838 20.0967
47 37 0 22.4439 26.6555
47 38 0 62.7537 99.6454
47 39 0 28.1584 84.1058
47 40 0 10.0303 84.5687
47 41 0 16.1113 23.6892
47 42 0 77.3469 12.6002
47 43 0 87.6111 55.4819
47 44 0 99.6282 81.1999
47 45 0 15.6206 72.6349
47 46 0 55.9392 54.8087
47 48 1 69.245 64.7868
47 49 0 96.5028 94.7985
47 50 0 60.2468 52.0605
47 51 0 22.7183 1.27181
47 52 0 67.3437 72.0157
47 53 0 69.4126 73.2891
47 54 0 97.2905 47.8515
47 55 0 50.1451 75.1439
47 56 0 89.5196 13.5198
47 57 0 23.4872 84.3596
47 58 0 39.9877 73.8952
47 59 0 5.84946 40.3324
47 60 0 58.1344 35.3719
48 1 0 70.5302 69.3062
48 2 0 40.5055 38.0317
48 3 0 44.2295 55.0783
48 4 0 1.08647 70.4981
48 5 0 68.5469 3.57371
48 6 0 74.043 19.8714
48 7 0 92.3485 26.9213
48 8 0 11.9095 66.5238
48 9 0 17.1814 99.2991
48 10 0 68.3953 66.2506
48 11 0 87.9452 87.4762
48 12 0 14.5891 56.8761
48 13 0 88.7362 45.3105
48 14 0 74.3828 2.66877
48 15 0 95.3737 63.9524
48 16 0 61.6522 50.799
48 17 0 88.2037 43.5511
48 18 0 0.391518 44.1159
48 19 0 78.7641 85.3259
48 20 0 79.0069 84.207
48 21 0 32.4503 66.4361
48 22 0 69.1955 99.3386
48 23 0 87.3829 12.6257
48 24 0 1.97358 25.3029
48 25 0 32.1671 64.2463
48 26 0 22.5785 39.4268
48 27 0 98.2236 63.2846
48 28 0 76.5743 34.4001
48 29 0 19.9098 0.273908
48 30 0 25.974 71.7641
48 31 0 83.3789 61.7791
48 32 0 79.8661 66.5726
48 33 0 92.445 60.9909
48 34 0 46.2462 28.729
48 35 0 53.0243 99.6134
48 36 0 84.0313 74.8102
48 37 0 67.9157 91.6734
48 38 0 18.0862 42.4883
48 39 0 76.2253 26.8861
48 40 0 82.628 27.9606
48 41 0 80.5209 71.8646
48 42 0 59.0351 63.3682
48 43 0 5.22921 62.6802
48 44 1 65.4611 48.0149
48 45 0 44.8398 66.8272
48 46 0 47.8785 47.9571
48 47 0 64.5655 46.4346
48 49 1 24.7584 4.50149
48 50 0 31.0633 21.5734
48 51 0 22.2061 83.6594
48 52 0 14.6474 86.426
48 53 0 50.9431 46.8606
48 54 0 93.5848 78.7655
48 55 0 2.82905 3.78255
48 56 0 75.5825 2.22225
48 57 0 81.84 12.8913
48 58 0 84.5108 35.8201
48 59 0 4.07121 65.3545
48 60 0 35.9731 86.8535
49 1 0 84.2028 30.2351
49 2 0 38.2329 53.4944
49 3 0 43.6992 24.5054
49 4 0 47.4544 17.0396
49 5 0 81.8429 85.0391
49 6 0 55.5615 36.9126
49 7 0 89.0512 76.8136
49 8 0 78.2134 65.4683
49 9 0 73.4594 6.93383
49 10 0 80.2414 5.86512
49 11 0 98.5507 3.12567
49 12 0 80.3167 79.5277
49 13 0 58.2095 32.2368
49 14 0 32.0543 61.3406
49 15 0 14.2995 15.2528
49 16 0 28.2458 46.7172
49 17 0 79.6229 60.5124
49 18 0 42.0463 81.7641
49 19 0 39.7439 46.0778
49 20 0 22.249 64.9212
49 21 0 22.4804 86.4427
49 22 0 26.3372 13.9648
49 23 0 38.1905 9.63675
49 24 0 77.4395 41.0674
49 25 0 83.2414 32.455
49 26 0 1.23664 72.4092
49 27 0 59.3076 11.1621
49 28 0 72.3561 91.3426
49 29 0 40.9031 56.4605
49 30 0 77.6508 66.3465
49 31 0 59.9561 25.7152
49 32 0 58.2661 28.5913
49 33 0 75.3801 90.333
49 34 0 25.9134 84.8734
49 35 0 14.882 63.198
49 36 0 1.754 81.1009
49 37 0 65.0072 82.1427
49 38 0 33.1455 60.3285
49 39 0 89.0642 29.7769
49 40 0 5.84867 44.4995
49 41 0 13.0996 41.0056
49 42 0 87.3754 95.771
49 43 0 79.6997 78.4699
49 44 0 73.9143 20.6134
49 45 0 13.1 49.4345
49 46 0 66.8529 95.8041
49 47 0 14.2952 72.6607
49 48 0 48.4027 48.3773
49 50 1 69.4724 9.37821
49 51 0 77.2954 77.4804
49 52 0 37.9407 12.256
49 53 0 22.0837 85.9588
49 54 0 49.1114 66.8717
49 55 0 73.0254 5.22435
49 56 0 93.458 22.4896
49 57 0 34.269 48.0685
49 58 0 47.4174 54.6351
49 59 0 23.1612 26.3907
49 60 0 78.7126 5.66695
50 1 0 35.223 1.17897
50 2 0 64.5062 33.1794
50 3 0 77.7621 23.7608
50 4 0 84.8705 15.0036
50 5 0 96.4203 68.7506
50 6 0 17.9008 33.4235
50 7 0 59.7181 73.0829
50 8 0 26.6833 40.3793
50 9 0 22.4185 62.436
50 10 0 60.0418 66.0662
50 11 0 45.3278 44.2733
50 12 0 72.0701 96.0904
50 13 0 69.6275 5.57746
50 14 0 69.726 37.0749
50 15 0 11.5131 6.59917
50 16 0 60.4615 42.3145
50 17 0 66.0057 90.8415
50 18 0 3.51584 12.9242
50 19 0 95.5594 66.1444
50 20 0 22.9348 46.9159
50 21 0 33.9422 65.6958
50 22 0 63.7544 22.6135
50 23 0 28.8729 4.87691
50 24 0 79.4951 66.4626
50 25 0 23.0606 73.8551
50 26 0 96.9536 71.744
50 27 0 26.5926 89.0197
50 28 0 24.9321 2.29469
50 29 0 93.4882 17.0925
50 30 0 29.4439 87.2264
50 31 0 51.7166 40.0455
50 32 0 26.497 2.19322
50 33 0 11.3185 60.6462
50 34 0 56.0837 61.3939
50 35 0 84.132 83.7223
50 36 0 82.172 48.7039
50 37 0 8.9073 64.4954
50 38 0 46.4646 11.9427
50 39 0 56.9722 14.7284
50 40 0 66.7858 59.9823
50 41 0 85.6192 21.4596
50 42 0 95.646 51.2992
50 43 0 10.5966 45.7623
50 44 0 65.4855 15.751
50 45 0 54.6946 80.3895
50 46 0 13.959 8.11622
50 47 0 90.8058 1.47922
50 48 0 49.8135 48.2527
50 49 0 21.0067 24.1664
50 51 1 70.8137 72.2808
50 52 0 0.568578 37.7322
50 53 0 18.9015 82.1591
50 54 0 51.5876 43.6441
50 55 0 47.7165 61.2704
50 56 0 98.0932 36.7403
50 57 0 55.8167 36.705
50 58 0 38.5891 39.2266
50 59 0 18.3185 62.4588
50 60 0 65.1363 27.0446
51 1 0 99.0325 37.1772
51 2 0 5.77562 81.6037
51 3 0 2.095 45.8279
51 4 0 99.5031 33.5711
51 5 0 1.94706 54.1424
51 6 0 96.4997 49.3507
51 7 0 11.4674 45.7685
51 8 0 32.3079 84.1661
51 9 0 98.5931 29.9152
51 10 0 70.4666 74.5223
51 11 0 13.6788 25.8977
51 12 0 66.8542 54.5734
51 13 0 86.3421 11.3489
51 14 0 52.4253 47.3219
51 15 0 72.2152 40.8342
51 16 0 31.6423 29.3108
51 17 0 3.47638 76.1004
51 18 0 24.2397 9.77062
51 19 0 30.7045 22.131
51 20 0 15.7344 30.8766
51 21 0 11.6303 98.4704
51 22 0 22.8181 80.794
51 23 0 62.4246 56.2417
51 24 0 99.3923 24.384
51 25 0 27.5742 93.7043
51 26 0 33.5047 71.8903
51 27 0 54.6866 18.8387
51 28 0 70.8774 93.7452
51 29 0 39.9372 55.6917
51 30 0 36.7651 13.2947
51 31 0 79.4151 39.5928
51 32 0 1.0349 13.883
51 33 0 31.8789 18.9766
51 34 0 26.7123 15.0747
51 35 0 20.5882 26.5632
51 36 0 48.2521 22.3136
51 37 0 21.4497 44.0445
51 38 0 12.3826 1.2287
51 39 0 97.5232 8.11839
51 40 0 39.4491 54.1922
51 41 0 47.8972 1.798
51 42 0 15.1627 92.2283
51 43 0 25.0009 61.1651
51 44 0 0.857523 31.4842
51 45 0 0.045632 80.366
51 46 0 36.0228 19.9211
51 47 0 7.614 47.9394
51 48 0 18.5689 56.0685
51 49 0 15.5053 3.95066
51 50 0 2.17554 99.8575
51 52 1 55.9418 4.45872
51 53 0 53.7597 36.3454
51 54 0 31.5392 15.6381
51 55 0 66.9364 29.7707
51 56 0 89.8664 88.9551
51 57 0 44.6716 61.5851
51 58 0 87.9078 48.1226
51 59 0 0.820709 39.5249
51 60 0 75.2898 40.211
52 1 0 67.073 72.7903
52 2 0 18.2424 9.64569
52 3 0 87.7757 55.4706
52 4 0 5.9379 95.2541
52 5 0 18.4484 26.2609
52 6 0 0.992945 4.89485
52 7 0 98.3084 35.5967
52 8 0 85.4169 74.2688
52 9 1 84.317 58.5637
52 10 0 4.96927 17.2669
52 11 0 58.4811 35.7593
52 12 0 65.7635 4.24719
52 13 0 99.3753 42.78
52 14 0 34.5899 42.75
52 15 0 94.9385 64.1305
52 16 0 87.8933 64.4343
52 17 0 88.4309 70.4828
52 18 0 76.3578 64.9111
52 19 0 69.3996 3.68396
52 20 0 40.0338 39.3684
52 21 0 1.17832 86.4734
52 22 0 32.8098 6.30583
52 23 0 36.4978 81.6686
52 24 0 34.4922 50.6798
52 25 0 12.6137 75.4646
52 26 0 45.6283 92.3696
52 27 0 93.6518 21.6962
52 28 0 18.4922 20.3748
52 29 0 92.4158 73.6387
52 30 0 76.4556 82.467
52 31 0 73.1451 54.1644
52 32 0 67.3918 65.2365
52 33 0 61.1652 42.2947
52 34 0 69.3842 41.9629
52 35 0 49.4021 25.1719
52 36 0 4.06391 91.1372
52 37 0 13.5193 64.4418
52 38 0 44.0765 12.9425
52 39 0 93.418 18.2546
52 40 0 35.7792 20.8849
52 41 0 98.8067 46.3397
52 42 0 3.85164 65.8352
52 43 0 82.1329 15.5849
52 44 0 20.5577 59.1802
52 45 0 39.3862 22.7358
52 46 0 1.8869 67.7852
52 47 0 13.2121 53.9783
52 48 0 8.46087 85.3997
52 49 0 14.1184 61.1029
52 50 0 13.123 56.9029
52 51 0 95.4974 75.0003
52 53 1 64.6091 14.0692
52 54 0 69.8936 13.2549
52 55 0 66.0953 84.5063
52 56 0 34.6573 74.3844
52 57 0 70.2276 31.08
52 58 0 42.08 6.63901
52 59 0 71.1445 56.2952
52 60 0 22.6046 67.6194
53 1 0 71.7837 8.63306
53 2 0 11.4328 76.2411
53 3 0 47.3342 78.9113
53 4 0 63.056 26.1808
53 5 0 45.7394 30.2528
53 6 0 1.87054 37.8519
53 7 0 35.0279 61.9435
53 8 1 19.9395 78.6915
53 9 0 87.239 79.2903
53 10 0 51.932 57.0688
53 11 0 16.1996 83.9112
53 12 0 89.9468 61.0094
53 13 0 46.0625 38.3803
53 14 0 53.1143 21.9812
53 15 0 9.45141 29.4882
53 16 0 56.6476 42.7692
53 17 0 18.4543 64.8855
53 18 0 49.8446 30.949
53 19 0 75.5977 21.2383
53 20 0 40.3789 16.3044
53 21 0 26.2293 41.2338
53 22 0 64.2313 51.5208
53 23 0 70.8843 40.9139
53 24 0 75.4481 27.4027
53 25 0 66.5714 32.3522
53 26 0 37.9318 96.6161
53 27 0 66.3012 29.0647
53 28 0 34.1667 44.712
53 29 0 55.6442 27.9023
53 30 0 78.8324 87.5942
53 31 0 68.5012 81.8919
53 32 0 18.971 64.5657
53 33 0 32.4033 10.2305
53 34 0 45.5847 80.3395
53 35 0 12.0514 55.5575
53 36 0 60.411 95.7621
53 37 0 84.6651 68.0254
53 38 0 1.82123 94.8184
53 39 0 91.8501 42.2239
53 40 0 38.2263 60.1647
53 41 0 39.6751 56.1769
53 42 0 95.4124 40.5927
53 43 0 52.4572 65.2312
53 44 0 47.817 82.4206
53 45 0 84.3676 26.72
53 46 0 40.9762 4.61466
53 47 0 14.7386 47.368
53 48 0 24.8916 67.0895
53 49 0 50.8345 57.6934
53 50 0 74.2473 55.4807
53 51 0 47.7917 5.55622
53 52 0 73.6669 81.2671
53 54 1 97.9511 89.5852
53 55 0 15.1341 58.5367
53 56 0 87.4944 19.1032
53 57 0 12.5537 74.5588
53 58 0 29.092 47.304
53 59 0 70.5013 55.5338
53 60 0 26.7755 58.2794
54 1 0 24.2882 93.0012
54 2 0 17.9135 57.9896
54 3 0 20.0621 98.0695
54 4 0 76.0575 56.9355
54 5 0 15.204 21.9126
54 6 0 1.35316 40.2761
54 7 0 90.2014 83.4389
54 8 0 38.4192 33.0469
54 9 0 95.5993 95.6249
54 10 0 37.5899 52.2002
54 11 0 38.7885 57.5034
54 12 0 94.0229 68.0524
54 13 0 18.6228 57.4159
54 14 0 45.8952 81.3533
54 15 0 63.4939 74.73
54 16 0 10.9375 24.4854
54 17 0 42.5961 57.5263
54 18 1 72.7368 89.1072
54 19 0 56.6159 68.2509
54 20 0 27.1863 5.64581
54 21 0 24.826 2.22128
54 22 0 49.8689 98.7697
54 23 0 7.2325 84.3915
54 24 0 57.7257 28.8539
54 25 0 44.8441 2.67333
54 26 0 10.4667 18.0199
54 27 0 92.9728 9.12283
54 28 0 14.1664 12.393
54 29 0 50.2045 42.3482
54 30 0 72.7634 29.484
54 31 0 2.69202 18.4272
54 32 0 87.0185 13.9129
54 33 0 49.3664 98.0085
54 34 0 74.5746 60.314
54 35 0 93.9271 37.7168
54 36 0 54.851 43.9088
54 37 0 42.6281 30.7375
54 38 0 94.6869 79.7426
54 39 0 34.9681 46.0309
54 40 0 25.295 52.128
54 41 0 94.8191 52.4116
54 42 0 28.6313 38.6668
54 43 0 42.4985 50.5118
54 44 0 38.3607 72.68
54 45 0 42.5689 31.4329
54 46 0 33.4973 86.9039
54 47 0 44.1207 96.7227
54 48 0 53.4759 93.0239
54 49 0 8.0168 53.479
54 50 0 75.8338 71.8866
54 51 0 61.1144 96.774
54 52 0 12.6145 70.1962
54 53 0 96.2562 16.3528
54 55 1 18.7941 11.8426
54 56 0 61.2222 66.48
54 57 0 91.4984 88.8617
54 58 0 95.8943 99.6364
54 59 0 26.7013 43.6227
54 60 0 0.332151 29.5639
55 1 0 33.3038 14.9724
55 2 0 38.2017 30.5018
55 3 0 89.4344 25.7877
55 4 0 20.6187 45.9321
55 5 0 37.3915 60.4474
55 6 0 6.50921 65.8863
55 7 0 6.79674 14.3549
55 8 0 21.214 13.9886
55 9 0 93.4078 85.9068
55 10 0 34.7547 44.438
55 11 0 4.38039 91.5013
55 12 0 59.5015 86.8292
55 13 0 38.5336 0.89055
55 14 0 65.7769 5.39739
55 15 0 17.1045 99.2752
55 16 0 80.479 35.0199
55 17 0 50.6704 50.9857
55 18 0 77.9791 68.2987
55 19 0 32.8906 28.0767
55 20 0 94.0005 61.8487
55 21 0 23.0764 62.5351
55 22 0 24.7798 58.1161
55 23 0 47.9283 73.4694
55 24 0 34.0845 63.791
55 25 0 75.5491 41.2553
55 26 0 47.0623 80.0872
55 27 0 19.6824 40.6771
55 28 0 83.3883 56.0523
55 29 0 68.1167 37.8809
55 30 0 63.3071 32.675
55 31 0 13.8153 80.6833
55 32 0 13.258 71.7283
55 33 0 50.4723 32.8488
55 34 0 35.5475 37.2098
55 35 0 66.6111 14.0358
55 36 0 19.5023 36.2171
55 37 0 1.64157 54.2681
55 38 0 59.2309 8.98569
55 39 0 37.916 34.1147
55 40 0 44.6994 9.98121
55 41 0 55.5059 16.97
55 42 0 88.2791 89.2813
55 43 0 12.7324 63.3983
55 44 0 87.4235 92.2863
55 45 0 36.469 30.0934
55 46 0 22.8157 6.48907
55 47 0 30.2981 66.8146
55 48 0 12.6753 80.7599
55 49 0 10.5335 85.6039
55 50 0 68.6854 80.2709
55 51 0 62.6329 16.9767
55 52 0 75.0729 72.0716
55 53 0 15.997 66.573
55 54 0 1.68393 9.49705
55 56 1 39.1114 43.7635
55 57 0 37.4845 67.4796
55 58 0 80.1328 65.7751
55 59 0 1.86443 35.7991
55 60 0 24.1748 47.1996
56 1 0 92.2804 26.4575
56 2 0 7.64959 31.7067
56 3 0 43.8022 53.178
56 4 0 2.01133 84.2724
56 5 0 8.89413 23.9502
56 6 0 5.4941 92.9121
56 7 0 33.5062 32.3448
56 8 0 1.48843 84.826
56 9 0 36.031 27.7215
56 10 0 15.2079 35.4486
56 11 0 76.05 32.3696
56 12 0 46.0639 53.2655
56 13 0 39.3191 69.9556
56 14 0 87.1432 45.5114
56 15 0 36.6324 53.0455
56 16 0 11.6445 0.516497
56 17 0 71.5489 13.191
56 18 0 72.501 83.3431
56 19 0 57.5555 43.3339
56 20 0 67.5574 36.9435
56 21 0 22.9852 40.6096
56 22 0 83.7249 22.4571
56 23 0 89.8566 13.3291
56 24 0 76.0939 26.1702
56 25 0 85.1286 81.8731
56 26 0 21.1975 42.051
56 27 0 71.3192 51.0221
56 28 0 27.4562 7.57503
56 29 0 44.3541 57.8396
56 30 0 55.6274 77.7394
56 31 0 4.461 89.7173
56 32 0 2.50715 6.84499
56 33 0 1.00623 87.0563
56 34 0 93.5532 33.0863
56 35 0 63.6821 25.227
56 36 0 12.1584 24.0163
56 37 0 10.4497 55.4311
56 38 0 66.9269 90.4202
56 39 0 53.0151 47.2519
56 40 0 26.4725 35.9395
56 41 0 43.0478 27.9879
56 42 0 23.9625 62.0636
56 43 0 24.3944 95.1295
56 44 0 3.28905 35.6538
56 45 0 70.2144 49.6595
56 46 0 95.9626 87.9961
56 47 0 53.2307 24.852
56 48 0 37.3041 3.46229
56 49 1 65.9434 0.881175
56 50 0 81.2442 13.5257
56 51 0 99.5662 30.5244
56 52 0 36.9982 18.3589
56 53 0 74.1276 29.233
56 54 0 56.8425 68.4232
56 55 0 51.5531 76.0714
56 57 1 78.9379 70.9183
56 58 0 9.18705 91.7719
56 59 0 73.291 22.9579
56 60 0 91.4935 42.7883
57 1 0 67.5337 67.1523
57 2 0 62.9208 86.5259
57 3 0 38.839 39.6586
57 4 0 29.1379 93.0895
57 5 0 56.6535 83.4334
57 6 0 9.98749 41.695
57 7 0 40.6486 29.108
57 8 0 6.15239 44.2605
57 9 0 71.7637 9.98439
57 10 0 33.0295 81.5944
57 11 0 37.7403 73.2474
57 12 0 11.2999 18.9782
57 13 0 36.4864 54.0845
57 14 0 70.7907 90.7553
57 15 0 15.0483 15.8906
57 16 0 8.27543 88.3289
57 17 0 6.11134 96.6171
57 18 0 93.6642 39.6453
57 19 0 86.4301 37.5567
57 20 0 99.6406 87.9242
57 21 0 6.72165 68.4043
57 22 0 75.1264 18.3799
57 23 0 93.4491 14.7658
57 24 1 13.6686 50.8341
57 25 0 29.4684 29.005
57 26 0 16.6495 96.375
57 27 0 95.4557 71.2851
57 28 0 26.7743 98.0474
57 29 0 87.7257 9.90742
57 30 0 9.31716 12.6833
57 31 0 27.3124 20.1439
57 32 0 83.7541 63.7509
57 33 0 97.1506 57.1639
57 34 0 50.7781 54.8653
57 35 0 59.802 61.3408
57 36 0 5.97889 8.28462
57 37 0 49.6884 63.1189
57 38 0 60.8081 0.453042
57 39 0 81.1334 34.0186
57 40 0 31.6062 41.6233
57 41 0 17.0085 68.2928
57 42 0 96.5755 13.1271
57 43 0 44.1057 67.4215
57 44 0 4.84544 1.51988
57 45 0 8.65446 4.79492
57 46 0 23.4719 43.5613
57 47 0 79.0666 11.4953
57 48 0 79.1204 59.0092
57 49 0 12.7258 14.2715
57 50 0 4.4073 44.5837
57 51 0 76.4828 74.4757
57 52 0 40.3038 88.8775
57 53 0 61.3218 61.9928
57 54 0 77.5914 15.7214
57 55 0 16.6778 27.0971
57 56 0 43.1807 27.2034
57 58 1 92.1144 41.6054
57 59 0 86.5535 92.5033
57 60 0 28.8898 55.4064
58 1 0 73.5406 61.4694
58 2 0 13.3508 37.5556
58 3 0 59.7432 29.309
58 4 0 88.8447 35.4965
58 5 0 55.6508 19.3325
58 6 0 95.0957 53.4956
58 7 0 37.8941 96.853
58 8 0 3.68233 89.5732
58 9 0 4.55862 86.1449
58 10 0 22.703 10.2837
58 11 0 67.907 3.35016
58 12 0 31.2224 52.8466
58 13 0 67.207 59.3464
58 14 0 0.923478 6.2157
58 15 0 48.4898 75.9711
58 16 0 55.4339 41.242
58 17 0 54.0815 96.9421
58 18 0 18.1127 36.1492
58 19 0 45.7816 67.9308
58 20 0 85.7069 17.7891
58 21 0 1.74732 97.1464
58 22 0 90.4508 60.7703
58 23 0 1.67514 7.88058
58 24 0 74.9488 29.8883
58 25 0 48.6527 71.8551
58 26 0 6.12948 56.1752
58 27 0 69.3168 6.40037
58 28 0 93.2427 62.7978
58 29 0 58.5471 32.1714
58 30 0 27.7585 88.2972
58 31 0 90.8168 47.3082
58 32 0 84.2855 20.5746
58 33 0 66.7838 12.5547
58 34 0 51.2459 67.309
58 35 0 64.5434 64.5869
58 36 0 55.4597 88.6813
58 37 0 20.5155 42.1252
58 38 0 59.5464 90.5135
58 39 0 40.5368 20.8435
58 40 0 78.4449 10.0453
58 41 0 82.8024 59.2179
58 42 0 54.9441 32.9851
58 43 0 99.7296 67.3256
58 44 0 34.9417 22.4874
58 45 0 48.9792 65.3674
58 46 0 8.90934 44.9111
58 47 0 46.1991 62.2856
58 48 0 75.0569 81.9934
58 49 0 13.277 68.7088
58 50 0 5.85117 32.2391
58 51 0 39.3466 45.7745
58 52 0 9.58313 23.7774
58 53 0 34.6551 42.1534
58 54 0 25.4612 16.1254
58 55 0 66.4325 11.5082
58 56 0 45.5768 97.1357
58 57 0 20.0165 17.5809
58 59 1 23.1726 95.4555
58 60 0 7.30058 71.0803
59 1 0 12.9184 51.4164
59 2 0 53.9334 46.6135
59 3 1 28.2511 21.0743
59 4 0 20.8932 84.6193
59 5 0 77.7074 9.64236
59 6 0 16.6689 80.2218
59 7 0 4.71084 14.5671
59 8 0 57.9602 31.6727
59 9 0 86.4679 87.7207
59 10 0 80.6316 19.2292
59 11 0 63.7366 3.94996
59 12 0 77.1345 80.4376
59 13 0 17.503 79.6018
59 14 0 72.9916 55.3355
59 15 0 0.714518 54.9684
59 16 0 0.107141 20.6462
59 17 0 57.6876 64.5187
59 18 0 48.235 72.6676
59 19 0 25.978 33.2532
59 20 0 47.6416 21.4385
59 21 0 64.2337 51.8239
59 22 0 70.264 70.6879
59 23 0 98.3033 43.1231
59 24 0 62.535 20.2906
59 25 0 51.379 84.4134
59 26 0 8.4951 86.9456
59 27 0 79.6153 4.12562
59 28 0 10.8449 66.4399
59 29 0 80.0223 20.6871
59 30 0 56.2014 20.7535
59 31 0 54.7758 58.7829
59 32 0 26.6554 59.6802
59 33 0 76.1932 27.4265
59 34 0 27.283 93.5461
59 35 0 41.9235 5.43207
59 36 0 50.5855 25.6085
59 37 0 41.1914 62.1348
59 38 0 77.8433 30.9075
59 39 0 8.47209 43.0803
59 40 0 3.87078 1.22096
59 41 0 70.5806 80.6184
59 42 0 27.6505 22.9084
59 43 0 90.4907 39.45
59 44 0 63.9317 48.8589
59 45 0 97.444 98.406
59 46 0 22.1751 87.1474
59 47 0 15.4507 39.3244
59 48 0 93.8392 60.4055
59 49 0 46.9553 32.5756
59 50 0 79.0356 10.8398
59 51 0 37.6109 94.4059
59 52 0 36.6026 35.4818
59 53 0 35.5416 66.4464
59 54 0 67.172 2.19901
59 55 0 11.565 26.0045
59 56 0 77.0594 50.1477
59 57 0 69.5834 36.6697
59 58 0 73.2246 20.8622
59 60 1 45.4464 4.21472
60 1 1 72.1412 10.57
60 2 0 86.409 99.9066
60 3 0 86.0065 19.3228
60 4 0 25.9499 52.722
60 5 0 85.9864 95.5575
60 6 0 39.3354 30.8098
60 7 0 68.8384 97.9715
60 8 1 53.233 9.63383
60 9 0 96.6527 80.0625
60 10 0 4.81574 57.3325
60 11 0 90.7166 41.6988
60 12 0 30.6512 7.41512
60 13 0 17.3766 54.6611
60 14 0 75.2948 1.34181
60 15 0 41.3133 65.0893
60 16 0 58.5036 98.9112
60 17 0 90.5375 80.0328
60 18 0 72.7309 8.65738
60 19 0 92.4571 96.4626
60 20 0 6.96869 20.7889
60 21 0 88.7422 15.7183
60 22 0 51.9248 87.1863
60 23 0 11.8557 58.8309
60 24 0 45.8643 4.64063
60 25 0 79.9305 0.486706
60 26 0 44.9259 10.6325
60 27 0 29.6284 10.5854
60 28 0 22.8001 6.36723
60 29 0 88.3121 86.4915
60 30 0 6.78964 88.1638
60 31 0 90.8911 16.8361
60 32 0 0.166055 9.35849
60 33 0 55.0241 95.0025
60 34 0 53.4869 62.5516
60 35 0 49.1862 99.9863
60 36 0 38.2189 69.3225
60 37 0 84.0705 8.42513
60 38 0 21.778 74.594
60 39 0 47.9156 36.8008
60 40 0 18.6435 35.6311
60 41 0 1.22983 42.5798
60 42 0 73.389 95.1268
60 43 0 99.5002 0.580338
60 44 0 41.7141 87.7079
60 45 0 17.9994 50.384
60 46 0 15.9776 78.0104
60 47 0 29.016 14.8504
60 48 1 36.9 67.9968
60 49 0 60.6341 30.6578
60 50 0 13.3759 99.3562
60 51 0 61.0641 65.1545
60 52 0 67.1695 53.7434
60 53 0 77.2146 47.5165
60 54 0 69.7339 34.7545
60 55 0 73.1037 38.6024
60 56 0 59.8194 70.9184
60 57 0 83.1499 51.3944
60 58 0 80.9011 27.9431
60 59 0 64.8038 55.792
39.7444 32.4918 14.7409 32.9364 33.1312 0.367943 17.8607 6.18868 22.9924 34.7001 6.71052 28.286 33.4472 24.0154 34.2353 32.5865 17.3993 24.8818 30.7468 4.90876 6.89399 1.8372 21.1271 5.1873 10.4655 38.9869 35.5255 12.9692 15.9125 2.58443 27.2888 32.8596 10.4658 20.4004 31.8794 37.1178 0.671443 26.4082 12.4686 31.0284 17.2229 18.6277 2.28301 11.3805 13.8467 38.4721 2.44096 19.0661 6.80751 38.0539 7.01444 9.72455 11.5311 3.69381 27.0014 24.3621 36.0027 24.6844 26.5058 39.1924 