60
300
3
50
1 2 1 2.14838 2.41514
1 3 0 81.5195 105.622
1 4 0 85.3041 118.508
1 5 0 59.6722 87.0305
1 6 0 46.1246 46.2474
1 7 0 11.1484 11.7577
1 8 0 90.0294 101.654
1 9 0 42.5326 47.1986
1 10 0 6.36769 8.17217
1 11 0 36.6102 47.1335
1 12 0 16.4992 20.0468
1 13 0 7.88826 11.6437
1 14 0 84.2855 106.792
1 15 0 97.6617 99.821
1 16 0 71.6637 102.663
1 17 0 67.5992 68.8541
1 18 0 43.2909 52.0308
1 19 0 8.38843 8.93372
1 20 0 58.4552 70.1042
1 21 0 35.427 45.2512
1 22 0 86.2973 93.3173
1 23 0 0.589572 0.729439
1 24 0 78.0566 113.78
1 25 0 81.0285 86.2695
1 26 0 55.4181 68.2342
1 27 0 42.5295 58.0905
1 28 0 0.478744 0.533597
1 29 0 6.73347 8.95087
1 30 0 46.2448 52.496
1 31 0 27.9556 33.6439
1 32 0 48.3456 49.2383
1 33 0 8.27646 12.3021
1 34 0 61.5553 68.7842
1 35 0 8.93247 12.1986
1 36 0 96.9118 144.917
1 37 0 31.251 32.7121
1 38 0 17.7702 26.4665
1 39 0 98.9087 114.179
1 40 0 60.5942 80.631
1 41 0 96.5068 129.926
1 42 0 41.7723 49.47
1 43 0 94.9215 97.8568
1 44 0 70.4566 96.5861
1 45 0 35.1848 49.6174
1 46 0 49.2378 49.5821
1 47 0 86.315 94.4407
1 48 0 40.4597 52.2344
1 49 0 46.3686 61.1259
1 50 0 59.5081 83.8737
1 51 0 42.2961 57.2801
1 52 0 63.698 77.4656
1 53 0 93.9173 103.64
1 54 0 72.3639 88.7334
1 55 0 97.5269 110.612
1 56 0 8.92142 9.22298
1 57 0 89.1034 116.551
1 58 0 59.8327 66.5425
1 59 0 83.852 106.799
1 60 0 56.3712 73.6003
2 1 0 37.0708 40.0632
2 3 1 20.0494 23.1912
2 4 0 4.83976 5.93281
2 5 0 7.96705 10.8211
2 6 0 33.4258 49.5041
2 7 0 6.73033 9.10001
2 8 0 90.1986 108.416
2 9 1 88.0507 116.408
2 10 0 34.9637 39.8185
2 11 0 66.607 80.9157
2 12 0 51.5619 73.5202
2 13 0 21.5236 24.2545
2 14 0 67.8964 89.399
2 15 0 16.1735 20.5826
2 16 0 16.7079 21.8347
2 17 0 99.6741 122.63
2 18 1 42.3415 63.0794
2 19 0 0.55877 0.720077
2 20 0 45.098 64.0343
2 21 0 65.9656 79.4848
2 22 0 87.0054 107.192
2 23 0 25.9822 35.3403
2 24 0 52.7391 65.3107
2 25 0 28.0563 37.2356
2 26 0 32.8414 45.9294
2 27 0 67.587 68.2443
2 28 0 73.3276 82.698
2 29 0 4.1258 5.533
2 30 0 34.6814 44.2302
2 31 0 56.7571 81.838
2 32 1 50.4651 63.0281
2 33 0 64.7661 72.0776
2 34 0 91.2487 109.68
2 35 1 64.2687 69.738
2 36 0 22.9225 28.3722
2 37 0 67.3572 76.386
2 38 0 28.3511 40.2959
2 39 0 71.8535 72.1851
2 40 0 64.4831 69.6623
2 41 0 32.8466 47.879
2 42 0 62.9754 83.5653
2 43 0 15.5347 21.0251
2 44 0 60.4144 72.3128
2 45 0 68.4087 75.1692
2 46 0 96.1699 142.875
2 47 0 16.2673 23.2735
2 48 0 21.799 31.0128
2 49 1 41.4879 43.4666
2 50 0 33.8786 41.0903
2 51 0 91.6465 98.0577
2 52 1 58.8465 63.6438
2 53 0 91.8017 129.662
2 54 0 40.615 60.4021
2 55 0 83.2431 106.725
2 56 0 45.4603 50.2898
2 57 0 61.8536 82.002
2 58 0 36.5832 51.3485
2 59 0 14.3566 15.8216
2 60 0 40.3247 50.4568
3 1 0 35.2562 39.0802
3 2 0 94.9843 124.472
3 4 1 53.0593 61.5939
3 5 0 11.9607 17.6229
3 6 0 49.3282 50.9548
3 7 0 92.4095 95.0766
3 8 0 45.739 51.5567
3 9 0 7.65904 11.3983
3 10 0 35.1125 46.8793
3 11 0 73.3015 76.6482
3 12 0 96.4812 133.157
3 13 0 78.1113 81.1
3 14 0 69.5006 98.3542
3 15 0 65.0512 87.2226
3 16 1 2.11461 2.35378
3 17 0 97.2429 132.433
3 18 0 75.893 84.2857
3 19 0 32.3045 36.8078
3 20 0 97.8843 143.026
3 21 0 72.4824 99.3238
3 22 0 37.7961 54.5313
3 23 0 32.6336 41.3549
3 24 1 37.3703 50.3161
3 25 0 34.3034 49.7389
3 26 0 58.6962 60.6642
3 27 1 16.2876 20.7376
3 28 1 48.5357 48.5588
3 29 0 73.1649 85.3959
3 30 0 72.3449 82.131
3 31 0 55.2063 77.3496
3 32 0 77.997 107.451
3 33 0 11.4558 11.7842
3 34 0 73.9795 107.12
3 35 0 53.103 62.4878
3 36 0 95.423 107.809
3 37 0 38.3133 40.6254
3 38 0 1.09827 1.61393
3 39 0 98.4514 146.648
3 40 0 82.1129 113.601
3 41 0 50.1343 61.9697
3 42 0 57.0015 72.8772
3 43 0 6.9099 8.6855
3 44 0 56.2227 68.7123
3 45 0 2.80184 3.47527
3 46 0 31.156 45.1523
3 47 0 27.3318 33.562
3 48 0 24.2377 27.7659
3 49 0 53.1681 74.147
3 50 0 66.87 84.9462
3 51 0 16.8617 20.9715
3 52 0 34.6615 35.4778
3 53 0 6.47193 7.7341
3 54 0 67.1427 75.5993
3 55 0 39.8668 52.1116
3 56 0 61.6012 69.1302
3 57 0 25.5545 31.0394
3 58 1 96.2203 116.327
3 59 0 25.0111 36.3642
3 60 0 36.5318 47.2326
4 1 0 18.0721 23.702
4 2 0 40.7163 58.0703
4 3 1 1.98714 2.17046
4 5 1 16.4177 22.0665
4 6 0 39.8578 40.3633
4 7 0 35.5801 46.0501
4 8 0 73.4301 85.299
4 9 0 70.2896 86.3661
4 10 0 41.7959 61.2695
4 11 0 90.2457 105.598
4 12 0 35.4648 39.9314
4 13 0 63.1911 90.2483
4 14 0 63.2831 64.6458
4 15 1 39.1347 44.5173
4 16 0 99.3969 109.36
4 17 0 39.3451 42.5771
4 18 0 7.74427 11.021
4 19 0 38.0835 42.485
4 20 0 30.5098 44.228
4 21 0 57.2081 75.5614
4 22 0 61.7699 90.4051
4 23 0 94.4033 133.505
4 24 0 89.241 123.67
4 25 0 74.3435 94.1423
4 26 0 52.036 62.8047
4 27 1 19.4539 20.4252
4 28 0 39.1386 44.3906
4 29 0 45.938 52.7094
4 30 0 19.2037 23.8031
4 31 0 72.5534 83.9527
4 32 0 71.4713 104.811
4 33 0 68.3081 82.6331
4 34 0 69.967 91.6658
4 35 0 18.7393 20.5004
4 36 0 16.6656 23.196
4 37 0 57.8145 80.5536
4 38 0 38.0584 38.4247
4 39 0 4.32359 4.55826
4 40 0 60.0532 80.4328
4 41 0 47.2499 56.0399
4 42 0 55.7896 61.2693
4 43 0 95.1354 98.56
4 44 0 29.7207 37.5222
4 45 0 80.6651 119.693
4 46 1 97.0713 130.34
4 47 0 57.9241 82.4033
4 48 0 54.4357 62.1331
4 49 0 25.8588 33.4599
4 50 0 74.2294 90.8562
4 51 0 20.1772 25.0818
4 52 1 0.703289 0.944772
4 53 0 59.4035 86.0026
4 54 0 82.7788 117.201
4 55 0 73.1017 82.0149
4 56 0 31.5876 33.8249
4 57 0 73.6959 77.8347
4 58 0 23.9854 34.1135
4 59 0 74.7781 87.3477
4 60 0 12.4585 17.2198
5 1 0 59.1641 74.7747
5 2 0 21.4959 28.351
5 3 0 93.4526 130.096
5 4 0 81.8718 104.796
5 6 1 23.1816 23.5763
5 7 0 89.6384 130.205
5 8 0 15.3015 16.2773
5 9 0 0.918227 1.01866
5 10 0 57.6371 79.0038
5 11 0 15.7698 16.8517
5 12 0 87.5501 125.622
5 13 0 78.0384 88.3765
5 14 0 90.561 100.897
5 15 0 71.0946 80.2379
5 16 0 82.2192 118.129
5 17 0 26.2494 38.1683
5 18 0 32.4586 39.7843
5 19 0 74.4121 80.0002
5 20 0 52.6511 59.604
5 21 0 18.4907 18.5972
5 22 0 99.4806 105.464
5 23 0 96.5444 115.467
5 24 0 8.68152 9.87728
5 25 0 78.0178 112.985
5 26 0 87.2819 128.588
5 27 1 94.5985 125.223
5 28 0 83.8468 95.5206
5 29 0 98.0462 142.423
5 30 0 1.28422 1.91762
5 31 0 49.9281 61.718
5 32 0 62.8861 72.7266
5 33 0 36.5626 54.739
5 34 0 90.5658 125.207
5 35 0 47.61 60.2445
5 36 0 22.335 25.5007
5 37 0 44.0756 49.4958
5 38 0 66.6568 71.8701
5 39 0 51.5191 65.5603
5 40 0 0.57195 0.591402
5 41 0 94.7416 98.1707
5 42 0 33.3394 45.5918
5 43 0 3.34812 4.34499
5 44 0 80.6796 115.202
5 45 0 87.6002 111.369
5 46 0 29.5866 30.3706
5 47 0 10.3878 12.9765
5 48 0 6.57558 7.37383
5 49 0 13.2705 17.8054
5 50 0 91.5482 134.874
5 51 0 50.0105 50.4834
5 52 0 68.3607 87.3243
5 53 0 27.2368 35.1075
5 54 0 62.2005 82.6333
5 55 0 7.17163 9.27675
5 56 0 15.7275 17.72
5 57 0 12.7686 14.1449
5 58 0 32.4497 36.5145
5 59 0 62.3704 68.3214
5 60 0 74.073 82.9062
6 1 0 71.8689 83.2404
6 2 0 80.7282 106.305
6 3 0 53.3518 76.2251
6 4 0 82.182 101.544
6 5 1 36.0659 52.5928
6 7 1 13.0347 17.7513
6 8 0 88.2983 104.892
6 9 0 83.318 101.087
6 10 0 42.4068 52.826
6 11 0 53.6011 73.9267
6 12 0 55.6282 65.799
6 13 1 0.256055 0.328526
6 14 0 38.9169 57.2734
6 15 0 0.183297 0.262651
6 16 0 75.4863 109.577
6 17 0 37.1437 39.3015
6 18 0 30.3635 41.0879
6 19 0 26.0924 35.9639
6 20 0 19.2066 28.5181
6 21 0 42.634 58.9521
6 22 0 10.9954 14.1812
6 23 0 35.736 51.7342
6 24 0 73.1026 103.468
6 25 0 47.1396 62.022
6 26 0 61.7438 70.7276
6 27 0 33.828 48.577
6 28 0 29.3707 32.7852
6 29 0 34.8186 40.6856
6 30 0 17.8827 26.6114
6 31 0 68.3577 78.4171
6 32 0 14.816 19.585
6 33 0 5.88332 6.63097
6 34 0 58.5978 72.1709
6 35 0 42.4049 61.6386
6 36 0 88.809 109.996
6 37 0 81.0305 89.981
6 38 0 20.9886 23.9502
6 39 0 71.5112 84.3591
6 40 0 74.6904 85.9224
6 41 0 54.2109 61.9785
6 42 0 3.52088 4.23884
6 43 0 1.82287 2.25726
6 44 0 11.9663 14.5001
6 45 0 13.1087 13.3467
6 46 0 91.462 114.655
6 47 0 82.2699 90.0893
6 48 1 80.247 83.294
6 49 0 98.1108 115.181
6 50 0 59.7248 70.6723
6 51 0 89.8393 104.631
6 52 0 95.835 104.19
6 53 0 76.3231 107.505
6 54 0 18.2884 25.9055
6 55 0 89.251 120.064
6 56 0 18.8959 24.647
6 57 0 48.3229 69.2763
6 58 0 21.9902 29.4908
6 59 0 28.2947 35.0691
6 60 0 31.9948 36.2453
7 1 0 28.9601 42.4316
7 2 0 89.9718 104.432
7 3 0 63.0839 81.8709
7 4 0 84.7163 103.326
7 5 0 74.5483 89.4236
7 6 0 38.3488 45.288
7 8 1 37.7573 47.4075
7 9 0 50.8635 75.5605
7 10 0 10.3002 12.8081
7 11 0 8.66459 12.2706
7 12 0 45.4613 66.1991
7 13 0 48.4755 60.9706
7 14 0 13.5435 14.2534
7 15 0 25.7427 34.7716
7 16 0 96.7556 120.216
7 17 0 83.7001 111.576
7 18 0 30.9762 44.3087
7 19 0 3.47669 3.66316
7 20 0 11.5051 15.7835
7 21 0 50.2873 71.0137
7 22 0 1.74036 2.57754
7 23 0 65.973 72.9429
7 24 0 41.9344 50.4837
7 25 0 2.32021 2.9994
7 26 0 63.3945 89.5822
7 27 0 15.4161 22.5135
7 28 0 85.362 115.014
7 29 0 97.8319 143.256
7 30 0 63.5749 65.1712
7 31 0 83.2341 114.882
7 32 0 82.6666 105.973
7 33 0 40.0443 46.8284
7 34 0 2.72516 3.23298
7 35 0 9.0012 9.8583
7 36 0 79.3281 114.285
7 37 0 16.1979 21.5322
7 38 0 26.5463 31.1946
7 39 0 79.0051 95.4432
7 40 0 57.4506 69.28
7 41 1 37.0026 38.7324
7 42 0 36.2938 54.2262
7 43 0 1.69674 2.44363
7 44 0 44.3038 63.5414
7 45 0 66.8218 94.0454
7 46 0 71.5723 96.1204
7 47 0 62.4346 89.0824
7 48 0 86.8518 102.051
7 49 0 81.6211 116.701
7 50 1 24.0687 35.0236
7 51 0 24.7986 34.1645
7 52 0 0.416882 0.49518
7 53 0 63.7136 87.8144
7 54 0 74.162 110.85
7 55 0 61.3584 82.4952
7 56 0 87.3748 88.5153
7 57 0 7.66598 8.88246
7 58 0 14.5152 17.4535
7 59 0 15.7721 16.2583
7 60 0 72.1418 81.1673
8 1 0 59.1692 75.4454
8 2 0 1.48163 1.52277
8 3 0 54.9134 70.0161
8 4 0 27.5249 38.4687
8 5 0 86.6936 130.023
8 6 0 95.5378 122.418
8 7 0 38.0248 44.6237
8 9 1 6.54221 8.38762
8 10 0 3.28125 4.57968
8 11 1 5.20575 5.53117
8 12 0 86.1382 104.014
8 13 0 27.1965 32.3632
8 14 0 16.2627 20.3937
8 15 0 16.6621 20.0313
8 16 0 4.07574 4.82011
8 17 0 25.41 30.7268
8 18 0 20.462 25.6663
8 19 0 50.5333 52.0265
8 20 0 35.8579 50.0615
8 21 0 17.1812 23.7839
8 22 0 1.01071 1.07531
8 23 0 20.2027 28.2723
8 24 1 8.55202 12.2742
8 25 1 32.8486 46.7568
8 26 0 56.6195 60.4883
8 27 0 6.21885 9.04581
8 28 0 86.9693 99.3546
8 29 0 65.8726 77.5621
8 30 0 20.3835 27.0858
8 31 0 43.9172 49.7206
8 32 0 34.0049 47.2479
8 33 1 8.61946 8.8174
8 34 0 15.7142 22.9009
8 35 0 93.8863 125.712
8 36 0 91.6529 125.333
8 37 0 58.2454 83.6685
8 38 0 67.2979 95.0537
8 39 1 36.4283 42.7478
8 40 0 47.4144 60.7678
8 41 0 74.486 111.206
8 42 0 39.1745 43.9105
8 43 0 10.9113 14.7476
8 44 0 93.0645 122.802
8 45 0 98.6066 106.888
8 46 0 5.50212 7.0214
8 47 0 75.888 105.371
8 48 0 47.3568 56.7767
8 49 0 81.7275 92.2009
8 50 0 42.1134 50.8112
8 51 0 16.3925 21.5216
8 52 0 79.8933 105.172
8 53 1 59.9394 83.0656
8 54 1 57.0355 68.9467
8 55 0 81.2742 106.903
8 56 0 25.5012 27.6672
8 57 0 93.7174 123.252
8 58 0 26.4586 36.58
8 59 0 88.6752 93.5253
8 60 0 32.7373 41.3583
9 1 0 76.8877 96.5269
9 2 0 62.7587 87.7765
9 3 0 29.045 32.034
9 4 0 77.8369 110.95
9 5 0 75.2679 81.0939
9 6 0 28.6814 35.863
9 7 0 55.2525 74.1623
9 8 0 47.2729 55.1871
9 10 1 50.3681 71.4648
9 11 0 33.8221 48.2444
9 12 0 19.4607 22.2859
9 13 0 50.8236 65.5133
9 14 0 57.0932 62.5533
9 15 0 34.4128 39.7561
9 16 0 79.5967 91.5041
9 17 0 62.9261 77.1251
9 18 0 28.1463 41.488
9 19 1 42.3404 52.4373
9 20 0 99.1648 103.166
9 21 0 90.1205 129.989
9 22 0 44.0245 52.4555
9 23 0 92.9599 133.339
9 24 0 64.4167 73.6522
9 25 0 97.6089 140.504
9 26 0 85.9863 127.223
9 27 0 96.3442 130.424
9 28 0 66.1628 81.2807
9 29 0 75.9136 80.6691
9 30 0 47.685 67.5913
9 31 0 91.2594 109.423
9 32 0 33.8732 37.9759
9 33 0 65.1999 86.5002
9 34 0 6.71218 6.93479
9 35 0 50.7396 64.0863
9 36 0 29.4163 33.5794
9 37 0 13.3258 14.1757
9 38 0 47.9334 48.0199
9 39 0 40.3441 58.1017
9 40 0 54.9301 81.4084
9 41 0 15.8024 16.9035
9 42 0 62.0731 88.4384
9 43 0 99.4963 116.789
9 44 0 11.643 14.8775
9 45 0 9.97956 11.5989
9 46 0 37.7903 41.901
9 47 0 4.8301 7.14463
9 48 0 54.8083 72.0056
9 49 0 79.4612 83.1517
9 50 0 48.7355 53.2785
9 51 0 10.8053 13.8395
9 52 0 40.8617 59.9845
9 53 0 67.1974 99.4874
9 54 0 1.09932 1.32243
9 55 0 46.8521 49.5488
9 56 0 37.2782 53.2599
9 57 0 95.0347 117.264
9 58 0 26.8817 38.4032
9 59 0 51.7489 63.4419
9 60 0 17.4144 20.209
10 1 0 5.16892 7.70242
10 2 0 71.0055 95.6161
10 3 0 85.6362 97.7396
10 4 0 84.3236 105.077
10 5 0 76.164 88.829
10 6 0 76.2742 90.9087
10 7 0 80.4529 113.904
10 8 0 40.6413 53.5554
10 9 0 17.5752 17.8253
10 11 1 87.0564 109.145
10 12 1 76.4445 93.2746
10 13 0 71.3816 94.2235
10 14 1 99.7011 115.647
10 15 0 36.4335 52.1817
10 16 0 41.8561 47.9073
10 17 0 40.9001 54.9428
10 18 0 5.81192 6.47653
10 19 0 5.00385 6.87878
10 20 0 70.5829 88.8851
10 21 0 73.9099 101.148
10 22 0 93.5536 117.65
10 23 0 63.2495 88.8376
10 24 0 29.8767 32.4421
10 25 0 83.2571 124.712
10 26 0 3.31293 4.03297
10 27 0 86.4058 109.584
10 28 0 11.9258 16.5298
10 29 0 26.0081 36.6498
10 30 0 92.1472 130.373
10 31 0 98.6874 133.208
10 32 0 4.52906 6.14614
10 33 0 16.6847 21.2157
10 34 0 8.74056 11.6444
10 35 0 38.1221 54.7375
10 36 0 63.2279 81.0976
10 37 0 39.6533 50.3163
10 38 0 27.22 28.0731
10 39 1 80.5661 96.0614
10 40 0 9.82572 12.2515
10 41 0 74.7296 79.2268
10 42 0 49.1223 53.5874
10 43 0 58.382 72.3806
10 44 0 0.326949 0.37304
10 45 0 56.8125 59.3374
10 46 0 67.0819 91.2607
10 47 0 2.54132 3.55873
10 48 0 45.5061 46.3407
10 49 0 48.28 54.9875
10 50 0 21.5248 29.876
10 51 0 14.3113 17.2783
10 52 0 2.52935 2.76267
10 53 0 23.9189 32.76
10 54 0 86.579 119.584
10 55 1 19.4547 26.1949
10 56 0 81.0214 100.757
10 57 0 39.654 53.5916
10 58 0 98.6826 125.727
10 59 0 63.2217 77.4627
10 60 0 86.7852 127.564
11 1 0 36.6986 42.9935
11 2 0 19.8849 20.8554
11 3 0 92.7177 122.057
11 4 0 73.723 97.3245
11 5 0 83.5379 93.1156
11 6 0 63.9803 81.7931
11 7 0 62.8686 90.1414
11 8 0 39.4718 55.5123
11 9 0 75.8488 78.1606
11 10 1 36.6022 51.3454
11 12 1 66.4765 85.9141
11 13 0 71.4062 73.37
11 14 0 22.1068 22.112
11 15 1 4.55386 6.74564
11 16 0 53.3985 74.0795
11 17 0 89.4354 113.226
11 18 0 71.8473 96.321
11 19 0 33.1069 41.9453
11 20 1 35.1062 35.1587
11 21 0 68.6591 91.4772
11 22 0 68.0986 78.7783
11 23 0 76.0513 97.6511
11 24 0 34.7396 39.4588
11 25 0 12.9039 18.458
11 26 0 26.4573 27.7555
11 27 0 59.1622 86.6
11 28 0 21.6559 29.5212
11 29 0 35.9168 49.9939
11 30 0 24.3178 36.2661
11 31 0 28.2533 40.3158
11 32 0 53.19 62.913
11 33 0 81.1373 105.76
11 34 0 6.93615 9.83263
11 35 0 75.9581 89.0193
11 36 1 73.7088 98.9308
11 37 0 64.2224 69.227
11 38 1 2.36324 2.51555
11 39 1 67.1509 68.2191
11 40 1 94.4293 108.233
11 41 0 75.2717 100.465
11 42 0 77.0592 100.699
11 43 0 14.2876 15.5192
11 44 0 9.72455 12.0363
11 45 0 65.4836 70.6328
11 46 0 14.5462 18.0007
11 47 0 88.3 128.564
11 48 0 73.8238 108.314
11 49 0 34.4091 43.2897
11 50 0 48.1429 55.3685
11 51 0 86.3379 119.065
11 52 0 32.4748 35.5808
11 53 0 27.5488 35.798
11 54 0 40.4743 54.7385
11 55 0 18.9406 20.7955
11 56 0 40.9144 48.5715
11 57 0 80.9288 105.172
11 58 0 97.4886 139.298
11 59 0 90.829 133.381
11 60 0 53.5648 63.8545
12 1 0 77.2177 105.986
12 2 0 31.8908 35.5285
12 3 0 74.501 110.532
12 4 0 25.3015 28.3275
12 5 0 38.9841 44.143
12 6 0 5.72141 6.78222
12 7 0 53.191 72.5177
12 8 1 93.7592 94.8757
12 9 0 53.3953 63.5666
12 10 0 64.7125 71.5584
12 11 0 86.7197 111.235
12 13 1 97.4787 108.494
12 14 0 18.4938 20.5232
12 15 0 70.737 94.33
12 16 0 57.442 76.3672
12 17 0 51.356 61.302
12 18 0 18.6688 27.2406
12 19 0 39.7093 47.934
12 20 0 29.3368 40.7939
12 21 0 74.2475 103.224
12 22 0 23.0659 25.5673
12 23 0 38.2504 54.0076
12 24 0 24.928 31.6043
12 25 0 16.2362 20.9647
12 26 0 66.5987 78.1449
12 27 0 8.15454 8.59564
12 28 0 90.8715 117.205
12 29 0 25.6021 35.0361
12 30 0 67.8961 77.3305
12 31 1 27.1524 36.4144
12 32 0 49.1117 72.3249
12 33 0 1.57598 1.79639
12 34 0 78.5154 96.8635
12 35 0 86.2092 128.19
12 36 1 29.9887 30.0538
12 37 0 64.9809 91.1633
12 38 0 8.23645 9.1041
12 39 0 50.826 68.0561
12 40 1 55.5641 60.3671
12 41 0 8.2173 11.1759
12 42 0 82.6535 85.6275
12 43 0 86.0617 118.672
12 44 0 0.751342 0.839625
12 45 0 25.9999 30.2675
12 46 1 11.5327 13.7585
12 47 0 58.3439 58.7015
12 48 0 90.2336 107.843
12 49 0 19.4584 27.7058
12 50 0 59.6564 75.4719
12 51 0 73.9713 81.9105
12 52 1 33.9392 34.8174
12 53 0 23.0275 31.9276
12 54 0 86.2774 120.988
12 55 0 22.684 33.1967
12 56 1 82.6513 123.876
12 57 0 38.9256 51.7523
12 58 0 81.8698 113.713
12 59 0 7.11201 8.05376
12 60 0 86.6567 92.3096
13 1 0 20.3901 27.4859
13 2 0 17.1039 23.1222
13 3 1 63.5942 81.1377
13 4 0 24.0187 30.1272
13 5 0 95.9723 96.4794
13 6 0 22.9374 26.2627
13 7 0 57.4825 78.9299
13 8 0 63.4249 85.3289
13 9 0 79.8987 119.723
13 10 0 79.8656 94.8078
13 11 0 41.3054 45.5488
13 12 0 44.7067 58.4358
13 14 1 63.0431 82.7556
13 15 0 14.2763 20.4372
13 16 0 98.0423 141.026
13 17 0 36.5407 40.2505
13 18 0 42.5359 47.2629
13 19 0 84.2195 96.9787
13 20 0 91.6733 109.986
13 21 0 33.2688 34.5464
13 22 0 74.1169 100.968
13 23 0 54.5353 70.5713
13 24 0 13.8982 15.462
13 25 0 8.92084 12.3193
13 26 0 52.9299 76.0436
13 27 0 57.0128 60.1421
13 28 0 97.3829 110.093
13 29 0 32.6102 45.067
13 30 0 86.9025 129.813
13 31 0 93.1511 100.377
13 32 1 67.3164 74.8915
13 33 0 20.391 22.3789
13 34 0 89.9128 103.551
13 35 0 81.836 99.683
13 36 0 46.9606 70.247
13 37 0 30.5424 34.5006
13 38 0 27.8053 40.518
13 39 0 33.7282 48.918
13 40 0 29.8233 44.5001
13 41 0 16.6982 18.334
13 42 0 63.8234 78.029
13 43 0 69.061 95.424
13 44 0 93.4367 116.634
13 45 0 85.3822 107.938
13 46 0 40.0063 55.6366
13 47 0 31.4983 32.6395
13 48 0 59.6905 77.6586
13 49 0 64.7977 81.2883
13 50 0 51.8382 75.6844
13 51 0 61.6809 88.67
13 52 0 16.2313 17.5453
13 53 0 63.1434 70.9273
13 54 0 99.4057 123.725
13 55 0 88.5363 120.78
13 56 0 53.1994 67.866
13 57 0 63.0086 72.1556
13 58 1 42.2756 56.3636
13 59 0 26.5513 38.552
13 60 0 46.9899 49.3168
14 1 0 69.8231 88.4118
14 2 0 45.0047 54.4417
14 3 0 76.3021 98.5072
14 4 0 10.6517 10.9731
14 5 0 69.4689 89.5099
14 6 1 68.189 101.652
14 7 1 18.9481 20.3349
14 8 0 60.7755 68.419
14 9 0 76.9958 109.224
14 10 0 14.8087 16.3187
14 11 0 86.0112 91.7273
14 12 0 41.9851 58.2042
14 13 0 51.9057 71.3742
14 15 1 90.6264 121.494
14 16 0 94.1597 140.584
14 17 1 7.82622 9.49018
14 18 0 90.0376 113.523
14 19 0 54.104 80.3378
14 20 0 26.5288 29.0005
14 21 0 79.66 101.658
14 22 1 19.5445 24.8254
14 23 0 50.9694 72.0171
14 24 0 56.7497 77.4671
14 25 0 70.8567 96.4397
14 26 0 57.2976 64.1499
14 27 0 86.1028 114.102
14 28 0 63.5354 65.5713
14 29 0 69.0933 89.174
14 30 0 30.1317 38.8684
14 31 0 18.5377 20.7907
14 32 0 68.3074 73.8099
14 33 0 0.419526 0.499188
14 34 0 50.5464 66.7124
14 35 0 57.505 79.2787
14 36 0 22.7837 31.9135
14 37 0 35.2947 50.367
14 38 0 79.29 113.4
14 39 0 7.514 11.1031
14 40 0 94.1119 122.863
14 41 1 16.8676 19.4032
14 42 0 51.9814 64.3574
14 43 1 44.9334 64.9401
14 44 0 51.8483 72.782
14 45 0 21.706 23.9661
14 46 0 87.7704 124.675
14 47 0 39.1804 55.2613
14 48 0 43.6973 50.5435
14 49 0 39.2549 49.1438
14 50 0 33.8979 35.6344
14 51 0 19.8796 26.1299
14 52 0 59.251 65.9517
14 53 1 95.7712 101.514
14 54 0 52.7727 77.3308
14 55 0 90.1326 119.601
14 56 0 32.3219 39.6569
14 57 0 79.6261 115.191
14 58 0 40.2442 44.2893
14 59 0 4.77061 5.11283
14 60 0 10.107 12.6753
15 1 0 91.3852 124.161
15 2 0 10.6394 11.4649
15 3 0 62.6283 91.0528
15 4 0 99.8516 139.355
15 5 0 26.0102 34.7658
15 6 0 68.3053 79.4007
15 7 0 50.8682 62.2524
15 8 0 4.39965 6.4928
15 9 0 60.3298 74.2067
15 10 0 42.3215 50.9248
15 11 0 21.8424 31.3783
15 12 0 76.5043 103.68
15 13 0 98.217 104.733
15 14 0 20.6662 21.1058
15 16 1 45.378 62.6581
15 17 0 11.9825 14.5367
15 18 0 49.5822 62.4516
15 19 0 22.5658 23.4426
15 20 0 25.9428 34.0591
15 21 1 36.211 42.2242
15 22 0 21.1126 27.3077
15 23 0 6.09999 6.83171
15 24 0 37.5904 41.6475
15 25 0 47.0673 53.056
15 26 0 49.4638 56.9784
15 27 1 8.20493 10.2131
15 28 0 84.581 89.2944
15 29 0 26.2926 38.4524
15 30 0 4.77252 4.77604
15 31 0 82.6083 116.794
15 32 0 21.5071 25.8166
15 33 0 15.5104 19.2107
15 34 0 32.5081 35.2347
15 35 0 14.7128 20.3751
15 36 0 49.6869 49.9815
15 37 0 0.223293 0.24265
15 38 0 41.6163 53.2351
15 39 0 56.8066 79.5905
15 40 0 7.28976 10.1158
15 41 0 52.8865 69.942
15 42 0 15.8171 23.1457
15 43 0 51.0455 72.9361
15 44 0 27.0056 32.5957
15 45 0 4.00938 4.54713
15 46 0 85.6897 106.856
15 47 0 63.4024 65.7216
15 48 0 27.3351 28.9086
15 49 0 20.3952 24.1727
15 50 0 14.9015 19.3396
15 51 0 89.7932 126.813
15 52 0 44.994 65.403
15 53 0 63.461 86.9894
15 54 0 22.9973 33.7606
15 55 0 37.8 55.6249
15 56 0 98.0013 108.801
15 57 0 60.3264 70.1132
15 58 0 82.4571 105.352
15 59 1 86.7029 118.945
15 60 0 69.4189 103.545
16 1 0 5.2728 7.72087
16 2 1 82.7018 103.304
16 3 0 32.0335 38.2141
16 4 0 87.0762 92.8247
16 5 0 87.1065 101.45
16 6 0 94.6846 114.404
16 7 0 18.915 28.1659
16 8 0 19.6247 25.6844
16 9 0 41.7531 49.9204
16 10 0 3.78456 5.35187
16 11 1 60.349 67.4244
16 12 0 6.05891 6.71347
16 13 0 33.951 37.3957
16 14 0 7.32401 8.45283
16 15 0 56.2103 56.4096
16 17 1 3.75695 4.01785
16 18 0 11.6973 15.4177
16 19 0 89.1622 108.411
16 20 0 24.2363 32.8986
16 21 0 43.7474 50.8812
16 22 0 14.5912 16.6313
16 23 0 33.1662 46.1789
16 24 0 43.0814 60.6505
16 25 0 96.2 104.54
16 26 0 41.7767 57.5741
16 27 0 26.7467 29.4373
16 28 0 14.8402 20.5442
16 29 0 33.0303 35.6745
16 30 0 39.7707 50.0395
16 31 0 62.7983 74.7775
16 32 0 38.8793 57.4528
16 33 0 1.68677 2.24604
16 34 0 25.8942 26.5094
16 35 0 22.4615 33.6591
16 36 0 33.23 33.5008
16 37 0 93.0804 103.275
16 38 0 93.702 118.059
16 39 0 64.8213 73.1075
16 40 0 49.599 51.1664
16 41 0 55.0143 70.3745
16 42 0 92.3848 114.63
16 43 0 51.3635 53.3757
16 44 0 44.5838 52.7228
16 45 0 38.9563 40.9594
16 46 0 10.825 11.8272
16 47 0 76.0379 80.721
16 48 0 96.7252 144.305
16 49 0 32.3257 39.3391
16 50 0 23.7975 28.3871
16 51 0 7.1651 10.4136
16 52 0 69.8216 83.3254
16 53 1 98.177 99.3912
16 54 0 51.705 76.0717
16 55 0 13.6956 19.5112
16 56 0 10.3465 12.9271
16 57 0 97.8915 144.454
16 58 0 53.8975 80.7122
16 59 1 16.6791 20.8073
16 60 1 83.2477 99.2911
17 1 0 85.2923 115.549
17 2 0 63.244 88.0475
17 3 1 66.1269 73.6624
17 4 0 98.6265 100.457
17 5 0 88.3556 91.4768
17 6 0 68.4437 94.0807
17 7 0 29.3489 29.6908
17 8 0 19.8817 21.1729
17 9 0 44.6549 56.0897
17 10 0 81.7188 112.464
17 11 0 81.8065 85.4866
17 12 0 79.5994 101.733
17 13 0 77.8097 94.7331
17 14 0 61.7468 80.8032
17 15 0 14.2324 21.0823
17 16 0 43.1099 44.3594
17 18 1 67.1109 76.5434
17 19 0 78.3504 105.156
17 20 0 85.9136 113.264
17 21 0 21.0897 26.7172
17 22 0 94.2916 106.058
17 23 0 79.2498 100.648
17 24 0 48.6603 69.7919
17 25 0 94.9079 115.145
17 26 0 19.3214 23.7681
17 27 0 7.45638 8.33736
17 28 0 1.77465 2.20022
17 29 0 35.0434 51.9393
17 30 0 11.7401 17.4555
17 31 0 48.4613 55.4448
17 32 0 23.4448 33.9426
17 33 0 46.808 46.9184
17 34 0 59.3967 67.8028
17 35 0 76.8029 86.6441
17 36 0 49.8826 72.3252
17 37 0 70.5904 75.9348
17 38 0 26.5695 29.284
17 39 1 74.4337 109.266
17 40 0 69.9924 95.368
17 41 0 65.729 85.6375
17 42 0 45.0377 45.9581
17 43 0 24.7871 26.3026
17 44 0 13.4959 15.1508
17 45 0 25.816 38.6289
17 46 0 7.38961 10.827
17 47 0 22.4498 32.7183
17 48 0 20.3641 29.4247
17 49 0 45.8453 46.2654
17 50 0 55.7518 80.6501
17 51 0 93.0684 98.9696
17 52 0 25.9781 38.7686
17 53 0 72.6077 89.8057
17 54 0 97.1625 108.402
17 55 0 71.9667 92.4932
17 56 0 61.5278 73.913
17 57 0 97.2678 133.453
17 58 0 98.5483 144.099
17 59 0 83.8467 123.014
17 60 0 26.7142 32.8079
18 1 0 69.1475 69.4149
18 2 0 10.0001 11.8345
18 3 0 59.89 84.5362
18 4 0 17.3668 21.5824
18 5 0 99.9097 119.02
18 6 0 11.9275 17.6704
18 7 0 13.208 14.839
18 8 0 60.1876 73.2046
18 9 0 86.3284 93.0366
18 10 0 33.7364 34.5081
18 11 0 51.5527 76.5535
18 12 0 55.7531 82.048
18 13 0 70.4106 91.198
18 14 0 28.9768 41.3437
18 15 0 35.2171 42.0566
18 16 1 63.251 89.1422
18 17 0 54.9372 60.7239
18 19 1 88.4698 103.794
18 20 0 33.6157 45.1045
18 21 1 34.6413 38.8828
18 22 1 55.3143 80.4862
18 23 0 12.7586 16.793
18 24 0 33.8264 45.7753
18 25 0 57.7005 60.2587
18 26 0 7.03018 7.59806
18 27 0 18.1899 19.0001
18 28 0 21.8855 27.5542
18 29 0 18.4876 20.6047
18 30 0 88.7287 96.7853
18 31 0 33.1206 41.3754
18 32 0 1.09465 1.46221
18 33 0 14.3609 19.2609
18 34 0 11.4715 16.1838
18 35 0 17.4531 19.4373
18 36 0 52.2777 52.9796
18 37 0 15.9013 18.476
18 38 0 74.651 75.0531
18 39 0 0.631723 0.789946
18 40 0 17.7193 25.1736
18 41 0 63.5123 78.1057
18 42 0 68.2447 75.4243
18 43 0 72.2589 87.9486
18 44 0 50.534 69.2302
18 45 0 58.9733 72.7376
18 46 0 97.8062 144.149
18 47 0 29.1496 34.0108
18 48 0 69.6826 71.1156
18 49 0 71.8076 80.045
18 50 0 68.2354 88.7391
18 51 0 80.4431 113.547
18 52 0 34.8321 46.7384
18 53 0 72.8336 76.0739
18 54 0 7.34947 10.1699
18 55 0 29.3264 33.1766
18 56 0 87.2891 125.818
18 57 0 29.8944 30.1959
18 58 0 50.9902 58.1711
18 59 0 22.4778 30.5048
18 60 0 63.0185 89.0169
19 1 1 30.022 35.7328
19 2 0 25.0441 31.9986
19 3 0 12.675 17.4651
19 4 0 8.83479 9.24312
19 5 0 85.1283 99.7007
19 6 0 92.9985 103.396
19 7 0 90.2046 122.268
19 8 0 31.424 42.1757
19 9 0 43.3877 45.4934
19 10 0 89.4194 119.366
19 11 0 46.4816 64.0104
19 12 0 95.3216 134.222
19 13 0 37.2372 55.8525
19 14 0 84.9482 86.018
19 15 0 72.1696 104.291
19 16 0 24.12 27.392
19 17 0 45.8615 59.6801
19 18 1 87.0378 95.9797
19 20 1 16.1956 20.912
19 21 0 10.6819 14.4012
19 22 0 86.3613 109.281
19 23 0 55.2159 78.2601
19 24 0 13.4891 14.6227
19 25 0 69.8946 79.9444
19 26 0 33.1955 36.5558
19 27 0 15.6651 22.8246
19 28 0 35.3479 38.305
19 29 0 63.531 75.9559
19 30 0 94.1383 94.9891
19 31 0 43.6701 58.5216
19 32 0 83.5276 111.08
19 33 0 65.2593 86.8071
19 34 0 98.2576 143.697
19 35 0 6.49059 7.9736
19 36 0 18.8536 20.7887
19 37 0 20.7232 29.701
19 38 0 17.8934 25.6437
19 39 0 68.365 81.3287
19 40 0 13.0443 13.599
19 41 0 50.7252 68.8147
19 42 0 15.7402 21.0043
19 43 0 96.4697 134.328
19 44 0 16.3168 18.8631
19 45 0 24.3771 35.9934
19 46 0 35.6577 37.509
19 47 0 10.3051 11.7293
19 48 1 92.0465 134.818
19 49 0 55.1167 70.1534
19 50 0 8.10678 11.2982
19 51 0 0.250961 0.271126
19 52 0 24.7344 28.8919
19 53 0 7.30382 8.59979
19 54 0 71.4364 83.5153
19 55 1 38.197 46.2225
19 56 0 48.2774 56.7906
19 57 0 86.9915 111.481
19 58 0 24.9901 30.4765
19 59 0 53.6985 65.5432
19 60 0 71.9862 107.197
20 1 0 33.1133 47.9063
20 2 0 76.7281 107.531
20 3 0 80.5847 116.458
20 4 0 99.0888 105.296
20 5 0 43.5592 48.6898
20 6 0 35.7761 42.2233
20 7 0 55.2291 57.7578
20 8 0 89.675 103.712
20 9 0 48.598 66.6953
20 10 0 19.1641 23.7965
20 11 0 33.7 37.2579
20 12 0 23.0481 28.5509
20 13 0 2.45075 3.51052
20 14 0 32.1148 32.7691
20 15 0 53.1315 55.973
20 16 0 33.4406 49.3539
20 17 0 45.9205 66.7646
20 18 0 98.8728 135.305
20 19 0 30.9854 36.3013
20 21 1 89.7078 92.5458
20 22 0 36.7062 41.869
20 23 0 82.3308 119.104
20 24 0 50.9588 66.2192
20 25 0 62.5409 74.2102
20 26 0 19.5361 28.7499
20 27 0 59.9544 74.8301
20 28 0 20.6301 20.632
20 29 0 90.022 106.749
20 30 0 64.5667 69.7427
20 31 0 69.9286 98.763
20 32 0 76.9577 77.3158
20 33 0 69.6496 96.6204
20 34 0 24.9458 35.8403
20 35 0 80.8905 95.6789
20 36 1 0.459986 0.587293
20 37 0 26.2715 36.4591
20 38 0 24.2084 32.4435
20 39 0 95.3681 119.947
20 40 0 5.77482 7.87935
20 41 0 96.1966 120.311
20 42 0 71.4991 86.7321
20 43 0 34.0748 41.7456
20 44 1 55.9566 73.3365
20 45 0 85.0334 112.486
20 46 0 90.2542 90.9706
20 47 1 33.1093 38.3924
20 48 0 5.67616 6.95603
20 49 0 85.3414 94.4873
20 50 0 54.6009 70.7031
20 51 0 99.1822 99.7723
20 52 0 71.3674 99.933
20 53 0 17.3979 23.7644
20 54 0 57.4646 71.7595
20 55 1 84.5128 88.6456
20 56 0 23.7502 34.9784
20 57 0 86.617 115.302
20 58 0 9.11869 9.26123
20 59 0 11.2082 13.5419
20 60 0 35.2975 49.477
21 1 0 72.5113 73.1304
21 2 0 68.5026 102.646
21 3 0 66.738 79.6038
21 4 0 27.905 39.7052
21 5 0 39.9468 51.6654
21 6 1 27.6979 28.9421
21 7 0 32.7734 38.1881
21 8 0 10.7451 12.8616
21 9 0 93.9104 99.6408
21 10 0 33.1539 35.9969
21 11 0 27.1917 28.5632
21 12 0 55.3357 78.8473
21 13 0 69.9744 74.3041
21 14 0 14.0442 18.8741
21 15 0 65.2206 88.5108
21 16 0 68.6515 78.2316
21 17 0 99.8056 142.525
21 18 0 60.4459 64.0745
21 19 0 99.9483 141.874
21 20 0 91.908 111.18
21 22 1 62.9304 88.5406
21 23 0 15.5927 15.7853
21 24 0 27.073 37.5209
21 25 0 87.7238 92.3562
21 26 1 77.1411 94.5136
21 27 0 64.6894 70.804
21 28 0 7.11482 8.06118
21 29 0 37.371 51.7458
21 30 1 52.4068 72.67
21 31 0 64.1441 74.3381
21 32 0 52.2086 71.7858
21 33 0 78.0413 78.3527
21 34 0 13.6641 18.8546
21 35 0 78.8408 81.6618
21 36 0 51.0768 67.3428
21 37 0 86.0915 92.6143
21 38 0 13.1872 14.8955
21 39 0 15.8525 23.4115
21 40 0 41.6447 51.7901
21 41 0 71.3502 75.3539
21 42 0 58.3582 85.3477
21 43 0 22.7708 25.3643
21 44 0 57.7684 71.8899
21 45 0 67.9892 73.3549
21 46 0 65.8471 74.4461
21 47 0 25.5709 35.9519
21 48 0 76.9075 111.86
21 49 0 39.7998 54.1021
21 50 0 21.9644 30.0883
21 51 0 93.6981 100.277
21 52 0 60.6405 72.7794
21 53 1 97.3339 125.769
21 54 0 91.4595 130.99
21 55 0 11.7471 15.6778
21 56 1 11.2777 16.7825
21 57 0 34.2273 37.1335
21 58 0 71.0411 98.468
21 59 0 28.5338 35.8024
21 60 0 72.2289 101.564
22 1 0 0.560951 0.62284
22 2 0 47.8039 57.5606
22 3 0 21.2447 23.5602
22 4 0 31.5305 35.4542
22 5 0 18.3103 25.6859
22 6 0 59.8463 70.9681
22 7 0 33.7058 45.8145
22 8 0 91.9263 94.7722
22 9 0 0.698175 0.888543
22 10 0 5.75593 7.38423
22 11 0 92.1237 134.743
22 12 0 36.0128 46.2144
22 13 0 57.4866 80.3064
22 14 0 83.3656 97.3935
22 15 0 97.7488 133.343
22 16 0 92.5924 121.774
22 17 0 91.8451 99.1334
22 18 0 51.0327 66.6974
22 19 0 49.6983 58.6819
22 20 0 39.9762 44.2368
22 21 0 67.8293 68.6057
22 23 1 40.6054 48.367
22 24 0 38.6532 40.8586
22 25 0 6.1142 8.59555
22 26 0 76.0512 113.382
22 27 0 14.8609 16.1733
22 28 0 85.7416 106.651
22 29 0 78.996 102.299
22 30 0 33.7805 46.4821
22 31 0 64.154 95.576
22 32 0 39.7148 52.2935
22 33 0 61.3483 62.5884
22 34 0 43.3191 57.8851
22 35 0 36.1593 37.4439
22 36 0 39.9312 53.5427
22 37 0 15.9504 22.6201
22 38 0 4.72085 6.3331
22 39 0 81.3773 86.0171
22 40 0 63.451 75.4408
22 41 0 78.022 105.062
22 42 0 7.54239 9.47335
22 43 1 69.8374 98.1625
22 44 0 86.2025 118.255
22 45 0 66.2135 68.0613
22 46 0 44.8317 64.3425
22 47 0 85.1614 116.233
22 48 0 86.8739 107.831
22 49 1 21.2387 23.8707
22 50 0 79.6211 108.951
22 51 0 49.5474 64.3958
22 52 0 34.5772 38.5177
22 53 0 93.7351 124.003
22 54 0 6.78212 9.14032
22 55 0 61.1914 69.8812
22 56 0 78.2565 99.317
22 57 0 75.8226 100.366
22 58 0 86.5628 97.6241
22 59 0 58.8596 70.0474
22 60 0 23.4404 30.5102
23 1 0 7.20603 7.36552
23 2 1 71.2401 105.493
23 3 0 43.7429 48.5502
23 4 0 56.5891 84.3992
23 5 0 59.4054 65.1397
23 6 0 31.6097 32.3783
23 7 1 42.9808 45.4667
23 8 0 26.5913 37.5712
23 9 0 35.0399 44.6447
23 10 0 84.9614 127.187
23 11 0 77.9234 90.1985
23 12 0 57.1534 82.855
23 13 0 19.198 21.5703
23 14 0 53.2145 72.2645
23 15 0 73.1635 84.63
23 16 0 55.8699 63.7717
23 17 0 18.917 20.0831
23 18 0 6.67097 8.55099
23 19 0 22.8827 30.1946
23 20 0 26.9425 29.0911
23 21 0 18.8222 22.7588
23 22 0 52.3525 55.2977
23 24 1 35.5982 49.2476
23 25 0 44.4657 44.6353
23 26 0 3.26776 3.66767
23 27 0 18.4946 19.8663
23 28 0 58.4946 83.5778
23 29 1 88.41 130.866
23 30 0 85.0844 92.0344
23 31 0 87.4551 116.384
23 32 0 65.1153 95.0342
23 33 0 54.4111 63.6664
23 34 0 39.7247 42.6474
23 35 0 5.59639 6.10527
23 36 0 64.0073 78.6689
23 37 0 27.037 37.8797
23 38 0 59.5881 71.6558
23 39 1 60.9374 85.1129
23 40 0 86.062 101.264
23 41 0 93.6531 128.987
23 42 0 45.4317 48.9154
23 43 0 5.21592 6.49681
23 44 0 74.266 91.5293
23 45 0 37.927 53.2984
23 46 0 5.78772 7.48023
23 47 0 15.1552 15.7504
23 48 0 64.9888 91.7393
23 49 0 88.1883 95.1215
23 50 1 61.8888 83.4632
23 51 0 43.806 45.8965
23 52 0 35.1827 52.4788
23 53 0 58.232 68.3409
23 54 0 19.2814 26.8597
23 55 0 97.0597 140.32
23 56 0 20.7325 21.6886
23 57 0 24.0184 27.6699
23 58 0 68.6357 71.6207
23 59 0 90.4685 96.9207
23 60 0 64.5878 77.6483
24 1 0 86.1168 108.471
24 2 0 47.9903 61.1556
24 3 0 50.7875 67.6573
24 4 0 82.2626 108.783
24 5 0 38.5884 41.8885
24 6 0 21.4071 22.8934
24 7 0 36.9644 41.7114
24 8 0 73.5836 96.181
24 9 0 12.9959 16.895
24 10 0 22.6029 27.5735
24 11 0 59.9052 69.7496
24 12 0 26.6107 38.3901
24 13 0 80.5013 95.4528
24 14 0 63.8339 67.7728
24 15 1 86.0841 110.584
24 16 0 16.1792 17.4823
24 17 0 71.0727 90.3738
24 18 0 89.5119 97.2662
24 19 0 44.2069 44.2994
24 20 0 46.0507 57.8118
24 21 0 8.17718 10.3287
24 22 0 89.1098 107.276
24 23 0 11.2756 12.1665
24 25 1 19.9574 22.3337
24 26 0 37.8099 53.5892
24 27 0 7.37418 8.37852
24 28 0 34.6315 48.2758
24 29 0 71.3153 77.3923
24 30 0 94.8481 137.625
24 31 0 44.1346 61.1341
24 32 0 33.8273 41.492
24 33 0 74.8866 88.1154
24 34 0 96.4104 98.5359
24 35 0 54.0607 58.441
24 36 0 11.0315 16.3955
24 37 0 12.5627 17.8593
24 38 0 70.0851 98.9756
24 39 0 29.5147 37.7147
24 40 0 54.7365 63.6427
24 41 0 56.3542 82.5375
24 42 0 40.9873 58.53
24 43 0 18.5589 23.5131
24 44 0 88.4271 114.852
24 45 0 50.9974 53.0355
24 46 0 45.4744 52.4852
24 47 0 97.9752 115.12
24 48 0 76.9582 90.9185
24 49 0 99.7851 135.068
24 50 0 11.5509 16.2334
24 51 0 45.1174 61.6602
24 52 0 84.4179 97.9017
24 53 0 87.1297 90.2467
24 54 1 97.0274 109.294
24 55 0 81.8227 97.5615
24 56 0 87.4045 120.341
24 57 0 39.0875 45.3599
24 58 0 89.7919 132.093
24 59 0 94.2768 95.4813
24 60 0 22.3393 25.186
25 1 0 19.8206 21.9655
25 2 0 73.8079 78.5115
25 3 0 54.7047 67.8166
25 4 0 69.4916 76.4303
25 5 0 69.8614 96.4157
25 6 0 52.6776 63.851
25 7 0 10.2865 15.4221
25 8 0 93.4857 113.461
25 9 0 73.168 103.92
25 10 0 15.6575 22.9774
25 11 0 10.6381 13.406
25 12 0 79.639 104.755
25 13 1 95.543 137.165
25 14 0 72.3733 107.497
25 15 0 71.129 94.5501
25 16 0 51.6784 75.9723
25 17 0 59.1646 61.2926
25 18 1 45.4268 60.0711
25 19 0 14.4997 15.1071
25 20 0 87.3428 91.7585
25 21 0 18.38 21.5426
25 22 0 65.0488 79.6717
25 23 0 90.402 94.3188
25 24 0 2.87216 3.92091
25 26 1 26.9557 30.8131
25 27 1 94.0022 128.166
25 28 0 72.6002 100.006
25 29 0 91.2447 113.772
25 30 1 92.0433 108.138
25 31 0 85.9009 128.819
25 32 0 96.0635 138.783
25 33 0 98.7121 132.408
25 34 0 44.0371 45.3
25 35 0 79.2663 103.333
25 36 0 7.98909 11.6935
25 37 0 32.501 47.8533
25 38 0 69.0102 103.487
25 39 0 49.2563 54.5518
25 40 0 23.8737 31.2107
25 41 0 78.171 87.1117
25 42 0 43.0774 44.6394
25 43 0 88.6601 98.8933
25 44 0 94.921 141.827
25 45 0 43.3471 62.9889
25 46 0 76.9146 97.5346
25 47 0 35.6745 37.5083
25 48 0 44.2928 65.0543
25 49 0 11.4502 15.2412
25 50 0 74.8978 91.8648
25 51 0 54.2623 57.4202
25 52 0 55.6526 74.7283
25 53 0 82.1072 99.1973
25 54 0 30.9346 35.2077
25 55 0 59.9256 60.9182
25 56 0 24.9833 34.3847
25 57 0 64.2991 92.1973
25 58 0 74.9863 83.2936
25 59 0 89.3903 93.4432
25 60 0 3.63434 4.6324
26 1 0 88.3871 93.5742
26 2 0 63.8291 79.8105
26 3 0 69.9631 71.4702
26 4 0 38.4438 52.8957
26 5 0 12.8758 14.3434
26 6 0 28.4105 28.8929
26 7 0 9.19418 12.6234
26 8 0 1.68762 2.31463
26 9 0 36.9695 38.6608
26 10 0 49.2153 68.4329
26 11 0 25.7431 28.1479
26 12 0 87.8205 122.063
26 13 0 82.2679 105.623
26 14 0 31.4993 44.2465
26 15 0 63.8626 95.0196
26 16 0 76.1584 77.8818
26 17 0 72.7107 101.891
26 18 0 69.8378 94.715
26 19 0 94.369 112.774
26 20 0 82.31 107.714
26 21 0 19.0071 20.6876
26 22 1 20.8018 26.2823
26 23 0 18.4185 25.5745
26 24 0 40.0473 40.6529
26 25 0 60.3771 60.6358
26 27 1 42.8503 59.6958
26 28 0 83.8265 85.9245
26 29 0 67.8121 85.0325
26 30 0 46.4085 54.1879
26 31 0 62.3162 87.505
26 32 0 62.5747 86.5666
26 33 0 25.0318 33.0282
26 34 0 93.5232 111.496
26 35 0 35.9684 45.3257
26 36 0 49.9299 51.0648
26 37 0 71.1872 72.5617
26 38 0 83.8102 121.29
26 39 0 85.4631 118.715
26 40 0 20.2084 23.6159
26 41 0 59.4411 60.502
26 42 0 97.662 103.394
26 43 0 34.6886 50.3939
26 44 0 95.0163 95.142
26 45 0 98.463 134.386
26 46 0 59.4999 82.4035
26 47 0 35.8338 44.2542
26 48 0 14.0934 17.5252
26 49 0 58.7375 60.1888
26 50 0 98.4518 126.879
26 51 0 97.508 114.422
26 52 0 92.4756 102.465
26 53 0 92.9431 113.161
26 54 0 70.7059 70.8507
26 55 0 0.851221 0.938429
26 56 1 60.8645 64.4401
26 57 0 17.6897 23.8497
26 58 0 26.2405 29.7647
26 59 0 0.380374 0.53936
26 60 0 55.0644 60.688
27 1 0 76.4938 80.687
27 2 1 9.32677 12.2424
27 3 0 80.8033 121.007
27 4 0 75.4553 99.9249
27 5 0 81.0293 95.7427
27 6 0 53.0241 64.5096
27 7 0 51.2762 69.2017
27 8 0 35.5344 38.7906
27 9 0 10.9392 12.7992
27 10 0 48.0389 66.9743
27 11 0 38.3769 56.698
27 12 0 23.7795 30.563
27 13 0 66.7859 89.0196
27 14 1 78.7375 86.4791
27 15 0 77.2437 113.508
27 16 0 75.2947 76.0197
27 17 0 60.623 62.0732
27 18 0 68.197 77.2652
27 19 0 51.0307 56.2791
27 20 0 26.6428 33.5837
27 21 0 47.5445 47.8824
27 22 0 63.2078 81.3326
27 23 0 5.21809 6.89294
27 24 0 76.2648 101.902
27 25 0 91.3282 93.9705
27 26 0 54.4534 76.4031
27 28 1 60.2459 72.5321
27 29 0 52.3968 69.7975
27 30 0 16.3546 18.0084
27 31 0 87.2343 130.575
27 32 0 66.8909 88.8774
27 33 1 32.6243 36.1482
27 34 0 52.4023 74.7322
27 35 0 40.5349 57.7246
27 36 0 33.6538 40.4141
27 37 1 65.0385 84.6445
27 38 0 9.13744 12.8135
27 39 0 17.8186 26.2767
27 40 0 70.1544 105.049
27 41 0 98.7835 135.264
27 42 0 37.2327 51.2957
27 43 1 84.7451 91.6481
27 44 0 85.6397 100.189
27 45 0 81.3404 112.696
27 46 0 6.47152 7.06999
27 47 0 54.6186 69.8788
27 48 0 37.7175 49.1435
27 49 0 11.1939 12.1392
27 50 0 11.618 14.9249
27 51 0 92.9955 131.864
27 52 1 67.9561 71.8093
27 53 0 46.5202 68.0149
27 54 0 41.1613 55.3688
27 55 0 44.1891 45.2846
27 56 0 65.3208 66.988
27 57 0 73.2763 74.202
27 58 0 55.0832 62.2653
27 59 1 70.5038 89.3788
27 60 0 35.8337 51.314
28 1 0 5.18125 6.062
28 2 0 72.9073 95.088
28 3 0 72.0306 84.0613
28 4 0 70.2976 83.4259
28 5 0 0.457628 0.653232
28 6 0 80.4134 109.136
28 7 0 73.7705 82.0377
28 8 0 91.5775 91.8739
28 9 0 31.8103 41.0706
28 10 0 35.1088 38.4594
28 11 0 91.3503 109.698
28 12 0 20.1024 29.7363
28 13 0 34.8031 39.8794
28 14 0 76.3494 84.4666
28 15 0 53.2259 73.9973
28 16 0 17.5344 21.5148
28 17 0 75.6075 95.7487
28 18 0 25.6091 25.858
28 19 1 71.923 94.5594
28 20 0 78.5459 98.0462
28 21 1 11.9045 15.0505
28 22 0 75.9524 95.785
28 23 0 78.6423 98.7938
28 24 0 89.9237 104.237
28 25 0 85.2275 89.9869
28 26 0 87.9757 121.351
28 27 0 88.5469 105.01
28 29 1 1.66483 2.23402
28 30 0 46.2374 60.9218
28 31 0 80.8162 91.4496
28 32 0 90.4081 107.53
28 33 0 83.1451 118.872
28 34 0 7.5282 9.37185
28 35 0 26.4872 36.7392
28 36 0 40.6312 55.118
28 37 0 47.134 47.8079
28 38 0 9.97258 14.3003
28 39 0 46.8814 65.353
28 40 0 43.5299 58.5056
28 41 0 13.8421 19.2903
28 42 0 54.8166 64.9906
28 43 0 11.5398 16.5851
28 44 0 6.76629 9.13942
28 45 0 47.1289 66.0328
28 46 0 21.046 30.9334
28 47 0 98.1543 127.209
28 48 0 56.691 67.7374
28 49 0 1.94517 2.75241
28 50 0 94.5474 137.466
28 51 0 68.0905 76.382
28 52 0 35.9175 47.2499
28 53 0 79.3911 98.2332
28 54 0 51.5444 56.1586
28 55 1 2.65432 3.00123
28 56 0 23.3631 31.447
28 57 1 18.8464 27.367
28 58 0 82.2716 90.6598
28 59 0 65.4101 84.944
28 60 0 77.835 98.2584
29 1 0 35.6096 44.805
29 2 0 96.7039 139.016
29 3 0 63.2672 92.014
29 4 0 83.8816 102.575
29 5 0 25.3159 31.8677
29 6 0 94.9077 129.722
29 7 0 97.9442 125.445
29 8 0 38.1346 44.3083
29 9 0 57.3983 59.6757
29 10 0 28.9596 31.7739
29 11 0 19.1465 21.4613
29 12 0 99.829 108.894
29 13 0 89.1242 94.4085
29 14 1 7.10807 9.62017
29 15 0 6.60562 8.93272
29 16 0 97.608 135.012
29 17 1 40.4859 42.2489
29 18 0 10.6724 13.2441
29 19 0 90.7899 125.641
29 20 1 4.70031 6.33584
29 21 0 24.5297 27.347
29 22 0 82.424 112.759
29 23 0 59.6298 68.0288
29 24 1 76.8454 83.0993
29 25 0 98.1178 107.44
29 26 1 55.8603 81.1477
29 27 0 8.07347 9.68255
29 28 0 98.4682 125.885
29 30 1 8.02677 8.82739
29 31 0 35.731 48.7592
29 32 1 66.6685 80.8688
29 33 0 32.1412 43.7007
29 34 0 61.0386 89.2796
29 35 0 43.5382 52.4567
29 36 0 20.1538 23.8238
29 37 0 4.51243 6.56177
29 38 0 61.7539 79.3582
29 39 0 9.22565 9.39048
29 40 0 47.0297 62.3438
29 41 0 20.6332 23.6024
29 42 0 35.513 48.6262
29 43 0 28.1313 29.2624
29 44 0 96.1328 116.696
29 45 0 35.4132 42.5084
29 46 0 41.1037 46.4694
29 47 0 55.4314 56.2274
29 48 0 16.2335 19.0866
29 49 0 49.133 67.6384
29 50 0 14.8421 22.0536
29 51 0 25.1864 36.5205
29 52 0 98.0089 112.903
29 53 0 31.5549 46.713
29 54 0 6.98573 9.59349
29 55 0 10.7464 11.9721
29 56 0 70.4368 104.774
29 57 0 43.5858 47.8047
29 58 0 83.8828 90.3634
29 59 0 54.8645 66.7024
29 60 0 17.6188 19.124
30 1 0 19.3752 19.7307
30 2 0 51.6416 59.5794
30 3 0 11.7363 16.1828
30 4 0 13.5268 13.986
30 5 0 67.2015 95.7206
30 6 0 3.17766 4.6693
30 7 0 66.2024 69.6094
30 8 0 27.2138 36.4025
30 9 0 55.7553 76.8862
30 10 0 56.8388 85.0665
30 11 0 70.9166 104.679
30 12 0 45.2055 51.2865
30 13 0 57.5862 82.569
30 14 0 76.6407 82.184
30 15 0 5.88807 7.23127
30 16 0 82.7579 105.851
30 17 0 34.2867 51.0805
30 18 0 56.4834 81.8501
30 19 0 65.1518 86.2878
30 20 0 48.6678 67.4144
30 21 0 39.7255 54.4437
30 22 0 44.8427 64.2911
30 23 0 9.19052 11.6617
30 24 0 16.3392 18.9183
30 25 0 89.5643 106.437
30 26 0 46.2365 62.9846
30 27 0 16.6526 22.8561
30 28 1 14.2103 15.3436
30 29 1 26.4132 34.7392
30 31 1 30.0488 30.4257
30 32 0 66.7829 96.3101
30 33 0 11.5564 13.613
30 34 0 58.7807 87.79
30 35 0 96.9868 141.07
30 36 0 78.6135 92.0737
30 37 0 2.47586 3.42716
30 38 0 51.4954 68.532
30 39 0 52.44 63.1728
30 40 0 19.9941 20.8736
30 41 1 7.96409 10.4685
30 42 0 81.0326 83.9267
30 43 0 46.025 68.7648
30 44 0 25.1123 37.5322
30 45 0 94.0243 107.863
30 46 0 30.781 35.887
30 47 0 19.6137 28.3034
30 48 0 41.8574 54.1743
30 49 0 68.2593 82.0665
30 50 1 47.7853 60.1718
30 51 0 74.3145 101.325
30 52 0 88.6053 125.912
30 53 0 32.3809 34.7232
30 54 0 93.443 99.3034
30 55 0 31.9546 33.217
30 56 0 35.0265 43.5776
30 57 0 36.3708 39.5465
30 58 1 68.5362 69.986
30 59 0 97.1258 138.056
30 60 1 30.7994 40.0318
31 1 0 64.9737 92.253
31 2 0 57.302 80.9919
31 3 0 42.3711 59.8365
31 4 0 27.6609 37.8643
31 5 0 58.4285 73.5295
31 6 0 36.8144 46.7233
31 7 0 88.5088 126.217
31 8 0 68.9198 71.8269
31 9 0 99.9291 115.915
31 10 0 13.9123 15.663
31 11 0 72.1898 96.459
31 12 0 42.5637 54.2616
31 13 0 39.8934 52.8593
31 14 0 4.45747 6.33314
31 15 0 77.1524 88.4786
31 16 0 5.6094 7.76149
31 17 0 70.7099 83.2337
31 18 0 77.3638 85.38
31 19 1 21.3869 23.4735
31 20 0 13.6745 15.1112
31 21 1 5.10654 6.54787
31 22 0 49.4091 56.9601
31 23 0 93.1601 102.597
31 24 0 90.7106 117.085
31 25 0 27.681 31.5586
31 26 0 87.7052 106.199
31 27 0 46.6816 51.9825
31 28 0 0.568717 0.710176
31 29 0 42.2395 45.4239
31 30 0 65.7152 97.8188
31 32 1 39.7086 52.546
31 33 0 75.7346 109.816
31 34 0 81.7203 116.559
31 35 0 0.142408 0.145575
31 36 0 6.59526 8.14604
31 37 0 96.8882 119.125
31 38 0 54.2039 58.2035
31 39 0 7.96553 10.5915
31 40 0 60.0384 89.2712
31 41 0 64.5273 78.9309
31 42 0 77.1903 97.6347
31 43 0 19.3237 27.3257
31 44 0 72.4789 97.0602
31 45 0 25.5885 34.522
31 46 0 77.8414 92.5857
31 47 0 83.0643 86.073
31 48 0 73.7143 90.9136
31 49 0 1.45831 1.81174
31 50 0 16.3301 18.6759
31 51 0 61.6334 67.9483
31 52 0 85.6088 88.6095
31 53 0 7.70101 9.92645
31 54 0 25.4945 28.361
31 55 0 9.74591 14.14
31 56 0 28.1099 38.4147
31 57 0 32.4338 42.3932
31 58 0 72.9618 100.832
31 59 0 68.4781 74.2226
31 60 0 82.4954 89.3487
32 1 0 44.6938 64.7103
32 2 0 42.1733 42.9834
32 3 0 46.5841 56.5197
32 4 0 5.20715 7.60933
32 5 0 20.0847 26.0508
32 6 0 61.2722 65.4077
32 7 0 55.3591 80.6897
32 8 0 63.362 86.4299
32 9 0 27.6898 37.6442
32 10 0 67.4671 97.2715
32 11 0 55.5832 75.6782
32 12 0 25.8174 31.0918
32 13 0 12.3863 18.5001
32 14 0 15.6999 18.6777
32 15 0 34.4175 50.1053
32 16 0 75.9711 102.161
32 17 0 99.5207 126.291
32 18 0 65.5657 89.8225
32 19 0 12.2575 13.1316
32 20 0 52.258 63.5318
32 21 0 41.1699 43.6246
32 22 0 16.6094 22.5559
32 23 0 0.215979 0.318543
32 24 0 10.9201 13.9169
32 25 0 31.3652 40.768
32 26 1 19.7394 26.4212
32 27 0 74.6292 82.2745
32 28 0 60.2163 74.871
32 29 0 93.3495 114.788
32 30 0 34.2999 47.4922
32 31 0 88.8643 122.539
32 33 1 99.5181 107.764
32 34 0 64.5769 75.4865
32 35 0 43.2577 63.4651
32 36 0 48.1267 57.0736
32 37 0 63.0528 89.3405
32 38 0 18.4995 25.3388
32 39 0 66.2872 96.9045
32 40 0 76.9284 90.3351
32 41 0 78.2867 81.9003
32 42 0 9.60333 12.3729
32 43 0 94.5135 122.227
32 44 0 8.11358 9.71869
32 45 0 34.672 47.5895
32 46 0 29.9624 37.47
32 47 0 24.0719 29.3209
32 48 0 97.2128 138.392
32 49 0 3.1248 4.05334
32 50 0 88.7246 91.5534
32 51 0 3.89776 5.11025
32 52 0 26.4458 31.1647
32 53 0 1.81188 1.95998
32 54 0 63.8369 71.6925
32 55 0 16.8814 19.7892
32 56 0 25.4054 26.7797
32 57 0 9.028 13.2202
32 58 0 71.7524 91.5319
32 59 0 18.4615 25.1873
32 60 0 50.2003 57.3903
33 1 1 54.3374 75.0037
33 2 1 35.6103 40.8538
33 3 0 42.9669 63.2667
33 4 0 21.288 26.4708
33 5 1 42.4783 58.2132
33 6 0 0.562837 0.592976
33 7 0 33.6518 47.0829
33 8 1 0.13113 0.142278
33 9 0 29.844 35.8861
33 10 0 44.743 46.3287
33 11 0 54.1397 54.8051
33 12 0 35.5451 49.9862
33 13 0 5.77739 7.38742
33 14 0 32.9213 43.0679
33 15 0 88.0786 94.5667
33 16 1 7.24299 10.5126
33 17 1 21.2724 23.876
33 18 0 59.5956 71.5468
33 19 0 52.8135 69.0837
33 20 0 70.205 76.2639
33 21 0 25.8644 34.3058
33 22 0 16.8395 17.2376
33 23 0 2.88988 3.61213
33 24 1 36.4334 38.0082
33 25 0 78.0476 95.0154
33 26 0 84.804 116.901
33 27 0 19.5534 19.6454
33 28 0 4.98261 6.99097
33 29 0 46.198 64.9178
33 30 1 4.33767 5.00912
33 31 0 12.6371 13.532
33 32 0 52.1937 77.8971
33 34 1 3.14619 4.02774
33 35 1 54.0731 60.1139
33 36 0 0.669792 0.927387
33 37 0 42.7495 53.4513
33 38 0 22.6174 27.3528
33 39 0 95.4068 136.674
33 40 0 10.4999 11.9694
33 41 0 30.958 36.7371
33 42 0 36.729 52.9167
33 43 0 91.3226 118.3
33 44 0 37.1809 52.9553
33 45 0 44.7408 54.4281
33 46 0 92.2148 97.9084
33 47 0 57.8793 65.2039
33 48 0 62.0739 65.1697
33 49 1 42.6997 51.5228
33 50 0 27.0895 32.0671
33 51 0 62.9552 76.7442
33 52 0 86.4789 102.845
33 53 1 61.1298 79.8112
33 54 0 99.7296 126.493
33 55 0 1.53887 2.23355
33 56 0 40.5145 49.8019
33 57 0 0.405743 0.4984
33 58 0 24.0553 34.4259
33 59 0 92.4653 115.788
33 60 0 79.8604 98.133
34 1 0 1.51907 1.8612
34 2 0 87.005 107.778
34 3 0 64.4035 84.1533
34 4 1 23.9343 27.5063
34 5 0 93.3503 108.863
34 6 0 39.2662 48.2287
34 7 0 96.935 117.68
34 8 0 24.3603 30.3826
34 9 0 61.2777 85.306
34 10 0 28.8109 32.6039
34 11 0 17.186 23.2339
34 12 0 87.2936 130.775
34 13 0 21.3151 27.3222
34 14 0 8.53886 11.0203
34 15 0 71.9525 84.6018
34 16 0 32.918 48.5147
34 17 0 49.7756 61.8206
34 18 0 87.9108 113.327
34 19 0 79.132 92.7319
34 20 0 46.7927 68.3085
34 21 1 36.317 53.9803
34 22 0 77.8447 106.638
34 23 0 58.9077 85.339
34 24 0 14.018 17.8108
34 25 0 6.14879 7.84807
34 26 0 57.1983 81.9593
34 27 0 57.0824 78.8488
34 28 0 12.8443 15.8567
34 29 0 84.0147 90.9873
34 30 0 86.0954 96.2968
34 31 0 63.0521 69.6669
34 32 0 42.831 56.0989
34 33 0 54.7171 76.0049
34 35 1 23.0767 33.9897
34 36 0 54.5591 68.5213
34 37 0 84.6295 106.693
34 38 0 86.5168 110.563
34 39 0 41.6102 50.7093
34 40 0 47.8244 56.0203
34 41 0 50.3186 72.8757
34 42 0 42.637 45.2726
34 43 0 7.02778 7.29382
34 44 0 3.09941 3.10179
34 45 0 44.572 63.0144
34 46 0 3.04246 4.44396
34 47 0 12.4493 16.5102
34 48 0 65.8307 82.1764
34 49 0 88.5872 109.939
34 50 0 4.17926 4.47289
34 51 1 35.5931 36.6346
34 52 1 34.644 40.0359
34 53 0 94.4767 123.797
34 54 0 65.0244 93.567
34 55 0 87.8115 121.8
34 56 0 65.8987 97.2065
34 57 0 46.199 65.8825
34 58 0 34.7514 44.3431
34 59 0 70.1194 82.9715
34 60 1 15.4199 23.1113
35 1 0 13.8283 19.2524
35 2 0 8.57576 9.78938
35 3 0 2.4402 3.65887
35 4 0 67.2086 67.2984
35 5 0 92.1584 105.024
35 6 0 93.7265 138.615
35 7 0 88.9192 133.023
35 8 0 32.0338 47.3719
35 9 0 68.6521 77.7873
35 10 0 27.5831 35.3879
35 11 0 30.1615 41.0177
35 12 0 8.35141 11.1228
35 13 0 30.5438 41.5374
35 14 0 91.2964 127.841
35 15 0 65.1822 94.6343
35 16 0 31.7506 36.8355
35 17 0 2.3633 2.70223
35 18 0 48.9515 54.2858
35 19 0 15.9507 19.1466
35 20 0 62.2159 69.6015
35 21 0 74.5468 102.988
35 22 0 91.8262 108.296
35 23 0 90.9991 136.445
35 24 0 95.6626 135.215
35 25 0 96.4855 125.151
35 26 0 50.0463 59.1496
35 27 1 83.4696 117.79
35 28 0 12.1965 14.4064
35 29 0 75.0072 93.1739
35 30 0 62.2037 83.628
35 31 0 40.4986 57.5283
35 32 0 61.3454 69.7256
35 33 0 75.8999 99.3658
35 34 0 49.1686 66.0815
35 36 1 40.8165 49.02
35 37 0 73.9098 108.218
35 38 0 59.2727 74.5848
35 39 0 74.5828 99.4497
35 40 0 31.1176 33.6523
35 41 0 80.8765 121.189
35 42 0 77.4754 86.8777
35 43 0 86.7662 108.79
35 44 0 42.7148 54.9611
35 45 0 29.7276 35.7439
35 46 0 68.9356 78.4881
35 47 0 43.9524 56.7409
35 48 0 5.81922 7.43766
35 49 0 60.1294 83.6005
35 50 0 75.3607 110.541
35 51 0 68.4879 100.209
35 52 0 20.0543 23.3649
35 53 0 16.6004 20.2812
35 54 0 29.7876 30.8167
35 55 0 82.8122 85.7347
35 56 1 0.52139 0.559854
35 57 0 45.0158 53.5289
35 58 0 22.6623 30.6098
35 59 1 36.615 54.6093
35 60 0 3.58446 3.84897
36 1 0 85.1716 116.314
36 2 0 76.343 77.8624
36 3 0 59.4417 85.9901
36 4 0 78.9349 94.0353
36 5 0 0.456268 0.609982
36 6 0 53.4808 56.8228
36 7 0 87.5315 120.564
36 8 0 17.2192 22.5259
36 9 0 85.5942 101.72
36 10 0 29.0611 29.5472
36 11 0 82.1852 84.0456
36 12 0 87.3418 99.8554
36 13 0 55.0724 60.4434
36 14 0 65.8263 73.581
36 15 0 36.151 45.3957
36 16 0 90.7007 132.976
36 17 0 2.01999 2.0777
36 18 1 99.3197 146.321
36 19 0 32.9062 46.2155
36 20 0 55.6402 55.6441
36 21 0 18.6309 25.2524
36 22 0 83.0163 98.6612
36 23 0 76.5829 81.0035
36 24 0 29.8951 34.5948
36 25 0 1.82523 2.11131
36 26 0 57.0863 75.7025
36 27 0 93.9678 121.909
36 28 0 28.8752 39.1853
36 29 0 72.5107 78.7019
36 30 0 17.1696 21.5354
36 31 0 93.7211 105.664
36 32 0 4.72762 5.28504
36 33 0 6.83222 9.49654
36 34 0 19.3122 23.0218
36 35 0 90.0807 94.0166
36 37 1 96.0304 116.105
36 38 0 90.6319 94.7337
36 39 0 78.3649 113.792
36 40 0 17.0405 24.8221
36 41 0 88.6047 107.141
36 42 0 44.614 59.156
36 43 0 51.335 65.3635
36 44 0 5.17645 7.15463
36 45 0 78.7221 81.5317
36 46 0 66.2847 83.277
36 47 0 29.423 38.777
36 48 0 50.933 59.8698
36 49 0 54.3884 78.6272
36 50 0 88.3557 91.8485
36 51 0 63.368 70.2252
36 52 0 22.7022 33.4858
36 53 0 87.5523 94.3541
36 54 0 1.74541 2.60189
36 55 0 87.7248 120.809
36 56 0 48.4696 65.5483
36 57 0 79.4536 86.8156
36 58 0 89.6401 116.008
36 59 0 2.72503 3.20494
36 60 0 29.1309 35.729
37 1 1 93.3167 115.918
37 2 0 67.8447 84.329
37 3 0 80.6922 112.271
37 4 0 59.3244 69.9254
37 5 0 90.545 110.183
37 6 0 65.2192 66.4442
37 7 0 35.1181 40.5854
37 8 0 12.0726 13.2574
37 9 0 63.0064 94.044
37 10 0 82.3668 116.508
37 11 0 70.1612 70.8783
37 12 0 23.9319 33.5542
37 13 0 30.5675 33.1426
37 14 1 34.9741 51.1302
37 15 0 38.5231 53.7655
37 16 0 49.6267 64.066
37 17 0 99.5216 141.216
37 18 0 50.0575 66.21
37 19 0 74.0787 97.2285
37 20 0 31.6706 40.2379
37 21 0 17.2183 25.4872
37 22 0 46.6094 60.7903
37 23 0 25.5045 36.2637
37 24 0 52.5669 57.2327
37 25 0 65.166 74.9278
37 26 0 62.2012 81.6289
37 27 0 46.434 64.2189
37 28 0 42.4687 43.7681
37 29 0 26.8787 40.0035
37 30 0 71.4248 98.006
37 31 0 46.3877 56.8745
37 32 0 18.3374 23.738
37 33 0 59.9954 80.8015
37 34 1 83.984 104.486
37 35 0 15.1988 20.1658
37 36 0 32.8393 33.3292
37 38 1 17.4351 21.5673
37 39 0 67.3495 71.8868
37 40 0 41.8564 43.2197
37 41 0 96.273 130.175
37 42 0 50.6615 75.6187
37 43 0 36.3241 49.5406
37 44 1 47.4107 56.5979
37 45 0 48.2284 64.6449
37 46 0 90.0057 103.719
37 47 0 92.4009 102.946
37 48 0 10.4327 11.5668
37 49 0 57.1823 82.4473
37 50 0 2.13556 2.64945
37 51 0 39.5094 43.9447
37 52 0 31.8467 46.757
37 53 0 6.58936 7.78406
37 54 0 82.1092 114.874
37 55 0 28.276 34.7959
37 56 0 0.798324 1.06247
37 57 0 95.6513 105.5
37 58 0 52.7214 70.7382
37 59 0 88.5929 113.536
37 60 0 15.3925 22.433
38 1 0 34.1528 36.3778
38 2 0 99.5184 125.424
38 3 1 74.098 82.894
38 4 0 45.3225 53.5407
38 5 0 79.6018 115.876
38 6 0 79.8776 86.5999
38 7 0 0.689199 0.866229
38 8 0 63.6969 92.006
38 9 1 99.1601 105.902
38 10 0 49.0429 70.7921
38 11 1 25.2999 32.7859
38 12 0 60.9915 71.4087
38 13 0 43.2634 59.7681
38 14 1 23.529 34.7428
38 15 0 38.1508 55.1001
38 16 0 11.4714 12.943
38 17 0 97.1669 114.185
38 18 0 79.6073 112.579
38 19 0 83.3607 111.879
38 20 0 50.4145 53.1657
38 21 0 56.6383 76.8556
38 22 0 84.1135 110.125
38 23 0 99.8098 108.89
38 24 0 9.73966 12.6156
38 25 0 50.2237 50.5341
38 26 0 2.67771 3.98345
38 27 0 43.1154 60.3628
38 28 0 68.4885 100.04
38 29 0 78.5342 83.1756
38 30 1 94.4666 128.065
38 31 1 53.8976 63.1475
38 32 0 40.1917 55.2701
38 33 0 97.3791 129.934
38 34 1 44.305 56.7879
38 35 0 2.55255 2.73433
38 36 0 68.8487 72.0956
38 37 0 84.4993 114.667
38 39 1 16.5921 21.0262
38 40 0 32.3186 40.5294
38 41 0 61.6856 83.1117
38 42 0 40.8026 54.3886
38 43 0 39.4884 52.2723
38 44 0 65.222 78.0079
38 45 0 41.1959 60.7597
38 46 0 94.1404 120.614
38 47 0 29.2789 37.7544
38 48 0 37.3658 39.2261
38 49 1 81.0668 116.602
38 50 0 41.8355 56.1421
38 51 0 32.6352 47.137
38 52 0 19.8828 25.5246
38 53 1 10.0282 11.4782
38 54 0 34.9655 36.3115
38 55 0 50.747 52.5445
38 56 0 65.691 77.4423
38 57 0 80.7308 97.9857
38 58 0 4.07036 4.76687
38 59 0 5.86004 7.75583
38 60 0 14.813 20.0051
39 1 0 7.4232 7.90835
39 2 1 6.0957 7.69985
39 3 0 62.1711 74.5948
39 4 0 70.2739 103.064
39 5 1 99.8242 134.51
39 6 0 86.542 105.271
39 7 0 44.5908 60.8652
39 8 0 11.312 14.6961
39 9 0 27.286 38.4227
39 10 0 45.3228 55.1286
39 11 0 27.3488 28.124
39 12 0 75.6265 85.9077
39 13 0 99.2903 104.127
39 14 0 90.8672 103.388
39 15 0 2.21914 2.49638
39 16 0 20.6164 23.1205
39 17 0 53.5924 78.8723
39 18 0 90.6863 116.841
39 19 0 59.4741 80.7074
39 20 0 34.0223 38.4211
39 21 0 10.4512 12.1373
39 22 0 51.8579 56.1703
39 23 0 15.1306 18.7997
39 24 0 9.98789 11.4716
39 25 0 52.7644 73.7615
39 26 0 11.5092 15.3473
39 27 0 24.6931 26.4574
39 28 0 86.5947 110.013
39 29 0 5.34464 6.76504
39 30 1 1.15036 1.59499
39 31 0 80.3999 102.134
39 32 0 11.3533 12.4358
39 33 0 52.1752 54.2786
39 34 0 16.9306 17.8712
39 35 0 7.02207 8.30564
39 36 0 66.4724 82.7844
39 37 0 0.583766 0.710863
39 38 0 29.1509 37.8067
39 40 1 39.9844 55.3108
39 41 0 17.9359 25.8638
39 42 0 37.7592 50.8107
39 43 0 42.6925 46.1882
39 44 0 10.4784 11.9062
39 45 0 17.9647 21.1153
39 46 0 32.3756 45.7847
39 47 0 62.8817 82.4092
39 48 0 47.8868 62.8684
39 49 1 60.531 69.5302
39 50 1 34.1383 40.8099
39 51 0 26.7201 27.3923
39 52 0 86.5791 88.6532
39 53 0 75.4354 97.7905
39 54 0 35.0603 50.0352
39 55 1 95.5266 126.892
39 56 0 99.249 128.854
39 57 0 58.7172 67.4265
39 58 0 4.3343 4.50523
39 59 0 42.8053 53.2918
39 60 0 78.8935 80.7847
40 1 0 96.1054 117.019
40 2 0 61.2851 85.059
40 3 0 16.4116 20.0454
40 4 0 68.4017 75.5841
40 5 0 77.5028 97.9022
40 6 0 67.8756 76.6878
40 7 0 70.3229 92.2914
40 8 0 13.6188 13.8426
40 9 0 34.4812 46.0988
40 10 0 85.9024 90.183
40 11 0 38.6903 54.4234
40 12 0 36.2634 54.1376
40 13 0 20.007 26.6587
40 14 0 80.4832 92.6818
40 15 1 32.2533 40.4183
40 16 0 29.9238 37.5784
40 17 0 55.441 63.4237
40 18 1 81.9418 88.4317
40 19 0 46.513 60.0427
40 20 0 55.4047 75.0645
40 21 0 98.1381 132.135
40 22 0 18.6455 26.8986
40 23 0 26.4574 35.1876
40 24 0 29.6983 38.4858
40 25 0 54.4772 65.3793
40 26 0 35.786 47.2089
40 27 1 51.3081 73.1539
40 28 0 32.7922 42.0181
40 29 0 73.0204 97.7929
40 30 1 64.1936 86.6017
40 31 0 85.4509 112.869
40 32 0 58.0119 66.3509
40 33 0 75.4433 82.1428
40 34 0 16.8194 24.9496
40 35 0 67.0223 70.4674
40 36 0 83.5356 115.775
40 37 0 7.47247 7.76464
40 38 0 18.2411 22.105
40 39 0 47.4619 56.6257
40 41 1 38.0574 41.3993
40 42 0 6.73834 10.1047
40 43 0 47.092 69.0908
40 44 0 84.6879 110.379
40 45 0 60.9042 79.9336
40 46 0 55.4487 63.3753
40 47 0 82.0873 85.1374
40 48 0 96.5162 142.587
40 49 0 81.6122 85.2515
40 50 0 12.1791 15.3953
40 51 0 62.7696 91.2902
40 52 0 30.8122 42.2229
40 53 0 75.164 105.791
40 54 0 68.5992 97.4457
40 55 0 92.5743 123.522
40 56 0 95.8193 111.515
40 57 0 94.8875 98.6991
40 58 0 28.3219 35.6156
40 59 0 82.7448 108.454
40 60 0 74.1346 84.4101
41 1 0 49.326 63.5375
41 2 0 46.0107 51.2755
41 3 0 89.8516 133.529
41 4 0 20.0338 28.7352
41 5 0 35.2632 51.0036
41 6 0 40.4866 50.7386
41 7 0 21.3129 25.8949
41 8 0 30.3994 31.3414
41 9 0 8.13845 10.6834
41 10 0 5.70274 7.69211
41 11 0 76.1354 96.4958
41 12 0 91.8303 105.125
41 13 0 12.9844 13.6065
41 14 0 37.4975 54.7606
41 15 0 22.1133 22.3409
41 16 0 8.98884 12.6044
41 17 0 94.9597 102.109
41 18 0 6.46208 9.28706
41 19 0 69.1497 81.4785
41 20 0 83.6162 118.079
41 21 0 82.8471 96.1816
41 22 0 2.11265 2.99433
41 23 0 89.9658 96.0223
41 24 0 34.2673 42.6899
41 25 0 32.578 35.2904
41 26 0 33.8101 36.6022
41 27 0 47.1274 63.7789
41 28 0 62.6289 89.6507
41 29 0 79.9538 119.579
41 30 0 69.3088 86.7367
41 31 0 4.60535 5.61375
41 32 0 86.8626 100.332
41 33 0 2.07801 2.5049
41 34 0 49.9669 54.8853
41 35 0 24.3703 27.0662
41 36 1 15.8785 21.2705
41 37 0 74.4621 84.315
41 38 0 10.7968 15.8507
41 39 0 80.0666 116.922
41 40 0 9.51142 12.8284
41 42 1 34.411 43.1821
41 43 0 59.613 86.2728
41 44 1 25.1196 26.3821
41 45 0 44.5573 54.6235
41 46 0 3.61958 4.85792
41 47 0 13.3739 17.997
41 48 0 1.15188 1.17185
41 49 0 72.2574 97.9797
41 50 0 93.4257 111.079
41 51 0 22.6097 29.3067
41 52 0 34.108 42.1705
41 53 0 70.8886 104.683
41 54 0 58.3944 79.9853
41 55 1 17.4432 25.3214
41 56 0 52.7574 59.4838
41 57 0 59.1023 76.7864
41 58 0 46.6416 63.4649
41 59 0 72.9093 92.0052
41 60 0 15.7136 18.361
42 1 0 5.69545 8.23893
42 2 0 87.0397 128.201
42 3 0 45.2593 47.5826
42 4 0 20.8867 28.0844
42 5 0 63.7074 80.3288
42 6 0 90.7961 103.157
42 7 0 97.6946 111.743
42 8 0 54.8145 59.0106
42 9 0 85.1319 115.425
42 10 1 36.7476 48.882
42 11 0 74.6814 103.538
42 12 0 42.0798 46.0306
42 13 0 6.90976 8.14917
42 14 0 69.6617 69.7925
42 15 0 20.6489 27.1257
42 16 0 52.5003 77.9021
42 17 0 23.3801 30.1791
42 18 0 53.6994 61.0807
42 19 0 0.0726709 0.0842511
42 20 0 30.512 33.529
42 21 0 30.7547 41.0592
42 22 0 59.3167 79.7241
42 23 0 49.6294 70.5133
42 24 0 30.1204 36.0915
42 25 0 36.4316 53.5845
42 26 0 21.4487 25.7572
42 27 0 59.2841 61.6491
42 28 0 6.28286 6.8848
42 29 0 88.6869 123.765
42 30 1 93.8915 114.853
42 31 0 99.546 129.708
42 32 0 9.03196 11.6623
42 33 0 66.166 71.7084
42 34 0 92.2243 130.318
42 35 0 36.1283 53.84
42 36 0 37.3044 42.4015
42 37 0 94.8692 125.932
42 38 0 6.10462 6.40871
42 39 0 45.2928 67.4604
42 40 0 16.7045 17.2315
42 41 0 35.6129 42.1877
42 43 1 81.8493 113.64
42 44 0 7.2559 9.38053
42 45 0 54.149 64.0497
42 46 0 5.99408 7.72689
42 47 0 53.5737 55.5659
42 48 0 58.5852 62.7168
42 49 0 54.749 70.52
42 50 0 98.8678 104.078
42 51 0 0.395915 0.455561
42 52 1 42.462 51.7335
42 53 0 10.2629 11.3295
42 54 0 49.6051 68.1806
42 55 0 96.0342 113.745
42 56 0 51.6305 76.9774
42 57 0 88.2821 91.4105
42 58 0 52.4309 65.0305
42 59 0 52.1319 64.2911
42 60 0 45.7602 58.8513
43 1 0 13.6458 18.7068
43 2 0 76.9697 109.427
43 3 0 99.6444 106.466
43 4 0 6.39143 8.81056
43 5 0 69.2127 69.8738
43 6 0 61.1388 71.2882
43 7 0 70.9704 76.6917
43 8 0 59.5342 83.4179
43 9 0 91.2514 108.296
43 10 0 41.5657 54.9709
43 11 0 34.9297 37.3626
43 12 0 82.9647 85.9973
43 13 0 70.8674 75.0144
43 14 0 61.7385 86.3218
43 15 0 38.6749 45.8564
43 16 0 58.8543 80.9997
43 17 0 70.2841 94.2327
43 18 0 74.6805 85.8232
43 19 0 88.7791 113.702
43 20 0 81.0582 83.7479
43 21 0 27.1524 36.045
43 22 0 99.8437 106.544
43 23 0 13.038 17.6889
43 24 0 59.2327 69.6963
43 25 1 30.2085 34.69
43 26 0 47.3218 50.3913
43 27 0 22.55 28.4124
43 28 0 57.4467 77.3829
43 29 0 83.219 112.825
43 30 1 21.2813 27.2242
43 31 0 75.091 89.1471
43 32 0 24.0443 32.4562
43 33 0 34.9995 49.2678
43 34 0 65.7001 72.7092
43 35 0 88.277 101.57
43 36 0 98.8595 143.413
43 37 0 93.087 124.598
43 38 0 9.26344 13.7139
43 39 0 30.4432 44.7787
43 40 0 61.1044 73.4443
43 41 0 54.4701 70.4079
43 42 0 64.9674 78.7879
43 44 1 43.8031 48.7203
43 45 0 80.3807 95.4809
43 46 0 31.5492 44.4479
43 47 1 26.4188 34.7315
43 48 0 47.2121 63.7105
43 49 0 81.4562 115.929
43 50 0 53.9691 54.1606
43 51 0 64.1005 84.1335
43 52 0 37.335 46.8734
43 53 0 13.2582 17.1687
43 54 0 13.3863 19.2923
43 55 0 62.7634 76.3077
43 56 0 19.0892 24.0087
43 57 0 57.8334 73.6707
43 58 0 36.4642 45.6412
43 59 0 32.3117 47.8449
43 60 0 29.6376 33.7841
44 1 0 76.1309 92.2049
44 2 0 5.52687 7.01504
44 3 0 42.2323 48.0162
44 4 0 90.6923 131.595
44 5 0 96.8665 113.556
44 6 0 98.2895 132.229
44 7 1 33.7715 47.0518
44 8 0 22.519 32.3303
44 9 0 90.0764 106.68
44 10 0 29.5909 39.5143
44 11 1 76.9547 111.674
44 12 0 78.0654 82.7327
44 13 0 16.2254 22.456
44 14 0 44.9743 60.8197
44 15 0 59.28 74.8633
44 16 1 74.9841 97.6529
44 17 0 90.1326 103.099
44 18 0 6.44309 8.25511
44 19 0 35.3767 44.8705
44 20 1 58.1378 72.0336
44 21 0 83.5938 83.7858
44 22 0 89.7751 130.354
44 23 0 25.0825 29.5788
44 24 0 18.8479 24.1307
44 25 0 52.3814 58.909
44 26 1 91.788 122.566
44 27 0 80.9091 99.9205
44 28 0 19.0117 27.2513
44 29 0 22.2488 26.9618
44 30 0 13.2746 19.2866
44 31 0 63.9517 83.3125
44 32 1 36.5534 50.0024
44 33 1 19.2392 26.0006
44 34 0 14.6281 18.9969
44 35 0 23.7513 24.0686
44 36 0 54.6275 57.7748
44 37 0 50.5694 67.0978
44 38 0 35.6594 51.4433
44 39 0 58.7137 64.7189
44 40 0 52.5028 69.5397
44 41 0 20.9399 21.4043
44 42 0 1.79841 2.35571
44 43 0 20.8148 20.9764
44 45 1 45.973 67.66
44 46 0 90.7529 135.694
44 47 0 26.73 36.4197
44 48 0 49.7544 51.0856
44 49 0 76.0094 89.472
44 50 0 99.524 116.028
44 51 0 95.0307 104.08
44 52 0 39.6855 41.0964
44 53 0 78.7249 83.8275
44 54 0 50.819 74.1219
44 55 0 27.1199 34.1004
44 56 0 95.2621 102.93
44 57 0 74.668 103.075
44 58 0 60.2383 78.5435
44 59 1 31.8001 45.5555
44 60 0 80.2055 96.5105
45 1 0 16.619 19.9559
45 2 0 0.505191 0.594806
45 3 0 8.6538 11.9131
45 4 1 61.303 67.503
45 5 0 47.1718 56.4571
45 6 0 70.2006 95.6673
45 7 0 14.9666 20.1749
45 8 0 25.8239 30.4065
45 9 0 73.031 79.8885
45 10 0 13.158 18.3747
45 11 1 91.9395 106.202
45 12 0 33.2775 41.9235
45 13 0 16.6265 20.3977
45 14 0 70.603 97.5274
45 15 1 0.463613 0.533399
45 16 0 24.9268 28.1279
45 17 0 22.6219 31.2995
45 18 0 94.953 122.902
45 19 0 31.2616 46.0855
45 20 0 41.0756 54.2201
45 21 0 67.9824 70.8622
45 22 0 31.0245 40.0465
45 23 0 89.0472 129.303
45 24 0 49.4466 61.1677
45 25 0 5.62863 7.80185
45 26 0 29.9183 32.5973
45 27 0 36.2446 40.1416
45 28 0 36.3106 52.4385
45 29 0 70.159 94.8324
45 30 0 55.2059 80.3335
45 31 0 5.6596 8.34064
45 32 0 28.6241 29.6145
45 33 0 85.1473 121.672
45 34 0 21.3793 29.5102
45 35 0 44.4832 45.0842
45 36 0 36.1536 53.977
45 37 0 61.8443 83.4692
45 38 0 26.168 36.3344
45 39 1 27.1056 38.4222
45 40 1 78.0693 107.655
45 41 0 60.8799 83.0853
45 42 1 47.0922 69.0145
45 43 1 20.3504 21.9371
45 44 0 41.9999 43.0369
45 46 1 64.2997 74.0555
45 47 0 88.3179 97.6051
45 48 0 63.7068 94.7055
45 49 0 72.8454 94.5107
45 50 0 63.2616 82.7888
45 51 0 50.995 56.9271
45 52 0 15.4146 23.0318
45 53 0 38.2631 45.9344
45 54 0 45.607 66.7768
45 55 0 92.4803 137.367
45 56 0 87.7813 129.852
45 57 1 12.1349 17.0863
45 58 0 63.0168 75.6897
45 59 1 71.9947 104.469
45 60 0 73.1405 73.8689
46 1 0 16.3902 23.5587
46 2 0 57.5388 60.0274
46 3 0 72.287 87.917
46 4 1 70.1315 103.025
46 5 0 16.8096 25.1831
46 6 0 0.809302 1.18641
46 7 0 45.0881 66.2183
46 8 1 24.9754 26.3942
46 9 0 75.1506 92.1844
46 10 0 7.81895 11.5197
46 11 0 44.4414 52.8025
46 12 0 42.4524 55.0881
46 13 0 84.9416 93.7015
46 14 0 18.8101 23.0778
46 15 0 13.8676 17.6447
46 16 0 23.2124 23.6005
46 17 0 97.6255 131.029
46 18 0 8.97094 11.2348
46 19 0 51.4474 68.649
46 20 0 14.2395 16.8369
46 21 0 45.4714 63.2802
46 22 0 76.0387 82.0995
46 23 0 92.0361 97.7886
46 24 0 61.0784 66.747
46 25 0 13.1587 18.2289
46 26 0 76.2914 110.329
46 27 0 34.878 51.9805
46 28 0 16.7815 17.4595
46 29 0 13.3631 14.7524
46 30 0 8.643 9.39159
46 31 0 29.8841 43.5562
46 32 0 12.5078 15.7262
46 33 0 96.0819 114.061
46 34 0 55.564 60.8665
46 35 0 18.5002 23.4919
46 36 0 68.2392 98.4419
46 37 0 46.6196 59.2286
46 38 0 28.9602 35.1209
46 39 0 38.9737 51.4382
46 40 0 30.6494 31.2
46 41 0 60.0977 77.7608
46 42 0 54.2517 59.8194
46 43 0 65.9823 68.425
46 44 0 6.77144 8.61237
46 45 0 48.6309 65.2062
46 47 1 1.93941 2.61853
46 48 0 92.9578 107.575
46 49 0 94.8149 140.288
46 50 0 15.4261 18.7921
46 51 0 30.4882 45.2442
46 52 0 8.57117 11.3806
46 53 0 65.8471 93.722
46 54 0 44.8245 45.2075
46 55 0 7.52425 10.2643
46 56 0 86.9925 128.356
46 57 0 84.3067 90.9376
46 58 1 14.2292 18.9964
46 59 0 4.69639 6.79469
46 60 0 33.1238 44.2015
47 1 0 63.3617 82.6242
47 2 0 27.4241 38.8478
47 3 0 10.4544 12.5085
47 4 0 14.0493 18.9941
47 5 0 61.8803 86.3501
47 6 0 55.6565 78.0734
47 7 0 18.0309 25.5156
47 8 0 63.8904 63.9689
47 9 0 54.3412 66.1162
47 10 0 86.2648 86.5193
47 11 0 5.30356 6.02231
47 12 0 22.9814 31.5816
47 13 0 38.2807 51.681
47 14 0 61.7545 70.9602
47 15 0 15.6177 22.728
47 16 0 78.379 93.9335
47 17 0 41.9748 47.8642
47 18 0 82.7503 93.2549
47 19 0 36.905 43.0761
47 20 0 66.3871 73.8084
47 21 0 83.7297 107.889
47 22 0 49.3964 69.4705
47 23 0 91.7006 96.099
47 24 0 6.41202 7.21692
47 25 0 89.4035 125.31
47 26 0 44.5954 52.3235
47 27 0 44.3023 53.3582
47 28 0 3.0228 3.65105
47 29 0 67.9185 95.1934
47 30 0 35.4988 47.8606
47 31 0 5.57717 7.80897
47 32 1 56.6285 81.3856
47 33 0 11.5826 15.5271
47 34 0 73.2658 84.483
47 35 0 95.7409 106.386
47 36 0 66.8296 83.7566
47 37 0 40.5137 53.4033
47 38 0 1.58798 2.2365
47 39 0 91.9403 94.6118
47 40 0 71.7365 98.688
47 41 0 17.0175 21.7898
47 42 1 51.9652 57.4129
47 43 0 62.0323 72.9512
47 44 0 89.1659 109.917
47 45 0 71.7798 84.9551
47 46 0 27.4904 30.0915
47 48 1 77.9067 94.3124
47 49 0 62.9123 88.6579
47 50 0 79.5921 98.6387
47 51 0 16.6129 18.527
47 52 0 30.7298 42.2534
47 53 0 32.1584 33.5693
47 54 0 49.0364 66.3017
47 55 0 55.8203 70.6738
47 56 1 5.11123 5.61483
47 57 0 41.3011 57.5364
47 58 0 12.825 15.9522
47 59 0 11.5378 13.8948
47 60 0 52.8401 70.9996
48 1 0 75.5594 86.4423
48 2 0 84.2803 104.559
48 3 0 27.6704 33.0175
48 4 0 17.1567 21.4325
48 5 0 53.2848 76.6419
48 6 0 96.2508 142.121
48 7 1 52.0424 70.8387
48 8 0 8.13603 12.0484
48 9 0 76.1214 106.379
48 10 0 42.2877 61.1676
48 11 1 6.87968 8.11214
48 12 0 10.3456 10.5019
48 13 0 39.7161 45.409
48 14 0 65.5555 70.0974
48 15 0 98.8157 145.672
48 16 0 84.1393 92.2865
48 17 0 29.3636 33.0202
48 18 0 56.9266 77.3845
48 19 0 47.1874 58.2709
48 20 0 53.1919 73.3273
48 21 1 21.3361 28.9182
48 22 0 42.729 43.7593
48 23 0 78.2908 114.361
48 24 0 95.8204 122.461
48 25 0 96.3121 112.109
48 26 0 55.8766 65.3625
48 27 0 66.45 68.5462
48 28 0 76.121 108.972
48 29 0 78.0138 91.8956
48 30 0 1.25836 1.67579
48 31 0 91.0199 111.705
48 32 0 71.3231 90.0419
48 33 0 33.4752 36.6235
48 34 0 65.6246 77.3614
48 35 0 56.1041 75.5462
48 36 0 78.1132 111.67
48 37 0 49.3033 58.734
48 38 0 86.2775 107.478
48 39 0 4.37655 5.51525
48 40 0 86.4465 86.982
48 41 0 31.055 39.648
48 42 0 51.3104 65.9004
48 43 0 18.0943 26.5784
48 44 0 95.1759 104.461
48 45 0 18.5981 20.5696
48 46 0 98.1129 142.048
48 47 0 41.5744 54.9687
48 49 1 43.2735 45.4868
48 50 0 89.1462 121.863
48 51 0 46.078 48.0399
48 52 0 4.23585 4.76541
48 53 0 41.2789 50.4396
48 54 0 84.838 108.293
48 55 0 74.3603 102.8
48 56 0 78.4169 106.91
48 57 0 94.702 134.734
48 58 0 83.4022 98.9371
48 59 0 41.3311 48.4777
48 60 0 11.4743 12.8993
49 1 0 63.456 87.7009
49 2 0 65.1634 65.4791
49 3 0 67.8941 73.0159
49 4 0 48.2776 69.7022
49 5 0 47.9938 54.7708
49 6 0 80.4333 84.8718
49 7 0 39.7262 42.4951
49 8 0 4.83466 6.1283
49 9 0 0.595673 0.817061
49 10 0 40.6594 57.6554
49 11 0 69.5634 71.6689
49 12 0 80.8166 90.6401
49 13 0 67.7281 86.9078
49 14 0 13.8205 18.9794
49 15 0 26.8186 38.7525
49 16 1 13.6071 15.565
49 17 0 42.7516 54.7267
49 18 1 2.86529 3.55676
49 19 1 15.583 17.6695
49 20 1 17.0955 23.9705
49 21 0 41.1086 58.4008
49 22 0 24.7714 33.8736
49 23 0 54.5131 65.4802
49 24 1 1.49872 2.05382
49 25 0 33.0449 38.3735
49 26 0 98.0166 115.227
49 27 0 12.5239 16.1866
49 28 0 85.9343 87.3082
49 29 0 49.2096 59.5521
49 30 0 42.6232 57.438
49 31 0 62.0852 69.2744
49 32 0 26.7178 36.7392
49 33 0 25.7938 26.2287
49 34 0 23.8471 28.7083
49 35 0 65.7942 71.8662
49 36 0 40.0573 49.9216
49 37 0 5.93336 7.7595
49 38 0 21.9739 26.4956
49 39 0 64.5145 70.3269
49 40 0 96.1631 116.27
49 41 0 78.0097 108.254
49 42 0 89.0669 127.309
49 43 0 72.0434 106.405
49 44 0 65.8202 78.0249
49 45 0 94.8192 121.507
49 46 0 12.518 17.6275
49 47 0 27.3814 29.287
49 48 0 98.9745 122.434
49 50 1 55.53 66.5282
49 51 0 3.65654 4.24084
49 52 0 27.4839 28.3422
49 53 0 71.1456 90.5357
49 54 0 56.9312 81.8259
49 55 0 74.0695 99.4674
49 56 0 33.5707 41.6858
49 57 0 92.0986 113.393
49 58 0 62.8395 90.2769
49 59 0 41.7988 42.7226
49 60 0 29.526 39.465
50 1 0 72.8316 104.904
50 2 0 44.0493 55.9456
50 3 0 33.1767 35.2435
50 4 0 36.4621 47.4629
50 5 0 13.8003 20.4499
50 6 0 25.3211 37.7977
50 7 0 54.5574 66.2005
50 8 0 46.9152 62.8358
50 9 0 64.2369 89.7441
50 10 0 88.6814 130.374
50 11 0 10.0038 13.5867
50 12 0 52.3156 56.5203
50 13 0 81.0019 91.1679
50 14 0 43.1808 55.3061
50 15 0 68.1216 78.7476
50 16 0 22.7841 23.6787
50 17 0 21.559 22.4414
50 18 0 25.2913 25.3871
50 19 0 61.3852 84.9037
50 20 0 43.2929 61.8955
50 21 0 12.6631 17.7356
50 22 1 29.3486 34.0498
50 23 0 19.5183 20.8199
50 24 0 20.7982 25.5281
50 25 0 75.4633 101.224
50 26 0 89.5228 109.256
50 27 0 21.7807 28.208
50 28 0 12.4313 12.4339
50 29 0 68.8559 88.3732
50 30 0 45.4797 61.0706
50 31 0 54.7637 61.106
50 32 0 0.569852 0.740293
50 33 0 66.011 69.9459
50 34 0 28.5599 33.2025
50 35 0 20.847 28.4075
50 36 0 94.3209 113.307
50 37 0 32.4582 44.5498
50 38 0 14.1007 14.8823
50 39 1 19.9989 26.3608
50 40 0 33.7482 41.7417
50 41 0 56.4989 61.682
50 42 0 77.0063 98.2546
50 43 0 33.0512 34.5564
50 44 0 89.8828 102.546
50 45 0 90.7059 126.757
50 46 0 19.0807 28.0379
50 47 0 40.6908 50.345
50 48 0 32.5055 36.0557
50 49 0 82.3474 100.881
50 51 1 50.5334 62.2073
50 52 0 61.7582 91.1502
50 53 0 79.0107 105.417
50 54 0 69.2874 101.87
50 55 0 15.1103 21.8872
50 56 0 76.3813 99.0873
50 57 0 71.6239 71.8405
50 58 1 54.5358 60.6906
50 59 0 62.1573 91.4423
50 60 0 66.4508 82.2881
51 1 0 63.4776 71.9993
51 2 0 86.7806 89.8763
51 3 0 99.9503 142.908
51 4 0 44.4556 46.0915
51 5 0 58.6638 76.7163
51 6 0 61.0027 81.6739
51 7 0 62.0024 85.6079
51 8 0 77.6831 114.283
51 9 0 30.9688 35.5201
51 10 0 68.3664 100.64
51 11 0 73.6686 87.4532
51 12 0 43.4673 59.7465
51 13 0 38.8183 46.4827
51 14 0 26.7286 30.4193
51 15 0 55.1722 82.0913
51 16 0 61.5911 88.2767
51 17 0 20.1998 29.8716
51 18 0 26.5389 30.1984
51 19 0 68.8949 80.3844
51 20 0 92.0724 96.4827
51 21 0 38.5926 55.0914
51 22 0 35.7154 43.0082
51 23 1 90.6366 134.063
51 24 0 49.5653 67.9878
51 25 0 77.4967 112.477
51 26 0 98.2525 111.133
51 27 0 3.63757 4.93739
51 28 0 3.36494 3.70635
51 29 0 80.4974 104.076
51 30 0 38.4694 50.6085
51 31 1 44.5551 53.5608
51 32 0 36.5608 47.242
51 33 1 36.7663 38.0891
51 34 0 9.56934 12.7521
51 35 0 69.7339 82.0739
51 36 0 39.6293 40.7362
51 37 0 53.4169 79.6515
51 38 0 16.9841 23.2971
51 39 0 97.951 130.844
51 40 1 69.9578 88.9659
51 41 0 29.4033 43.1356
51 42 0 29.3267 42.2325
51 43 0 4.625 6.62152
51 44 0 20.5161 21.299
51 45 0 16.9189 21.4803
51 46 0 56.2178 59.6924
51 47 0 69.5993 90.984
51 48 0 91.837 96.2093
51 49 0 31.3911 36.0003
51 50 0 19.8407 27.2131
51 52 1 89.6549 119.212
51 53 0 12.8005 16.0271
51 54 0 82.9435 111.506
51 55 0 63.3587 82.9922
51 56 0 48.5915 61.9
51 57 0 10.5359 12.5423
51 58 0 14.3351 18.884
51 59 0 16.9621 19.8417
51 60 0 4.64871 5.49794
52 1 0 80.8382 88.1009
52 2 0 14.8303 17.0305
52 3 0 59.4551 61.7064
52 4 0 52.372 53.9602
52 5 0 18.3297 27.1605
52 6 0 61.5027 84.6585
52 7 0 33.8991 38.5193
52 8 1 22.7409 28.6251
52 9 0 6.68298 8.40428
52 10 0 33.7933 43.0954
52 11 0 83.4807 92.6493
52 12 0 81.4444 118.887
52 13 0 79.5135 101.129
52 14 0 9.68098 11.9197
52 15 1 0.0868361 0.108063
52 16 0 78.3759 82.1135
52 17 0 68.293 80.7758
52 18 0 93.2609 95.3412
52 19 0 81.9196 107.31
52 20 0 82.9338 84.844
52 21 1 25.9828 30.1051
52 22 0 55.1996 69.4635
52 23 0 30.8893 41.906
52 24 0 32.3901 45.0623
52 25 0 52.9708 59.4423
52 26 0 42.396 47.6083
52 27 0 23.3198 26.3391
52 28 0 60.6086 72.1006
52 29 0 50.3233 70.242
52 30 0 84.9543 125.767
52 31 0 76.5576 93.7756
52 32 1 29.8251 32.2064
52 33 0 56.9012 79.9164
52 34 0 77.4664 86.7162
52 35 0 44.5446 46.4478
52 36 0 78.3132 78.508
52 37 0 43.8203 50.8768
52 38 0 22.2918 25.9855
52 39 0 61.0996 85.7239
52 40 0 0.213047 0.251512
52 41 0 51.6061 64.4337
52 42 0 80.6821 115.317
52 43 0 58.8245 61.8766
52 44 0 55.9014 80.0163
52 45 0 24.8085 25.2945
52 46 0 13.7557 18.6661
52 47 0 8.21883 11.227
52 48 0 49.5301 69.2099
52 49 0 43.1963 54.9567
52 50 0 27.2661 30.1856
52 51 0 53.1876 60.5502
52 53 1 31.9697 33.3463
52 54 0 39.2566 58.2344
52 55 0 80.9883 107.536
52 56 0 62.6052 92.0258
52 57 0 36.0649 53.0489
52 58 0 45.929 67.2437
52 59 0 63.046 81.1402
52 60 0 99.4281 126.953
53 1 0 52.4717 64.2434
53 2 0 93.4231 110.92
53 3 0 50.5281 65.6029
53 4 0 7.64156 7.99409
53 5 0 49.7967 60.291
53 6 0 32.9825 47.3084
53 7 0 29.5277 41.8474
53 8 0 60.972 63.0787
53 9 0 91.333 118.614
53 10 0 31.7354 34.4144
53 11 0 19.1211 22.7192
53 12 0 6.70022 9.7464
53 13 0 14.7913 21.0116
53 14 0 36.4342 46.2319
53 15 0 87.3496 114.588
53 16 0 24.2961 31.8952
53 17 0 77.571 107.045
53 18 0 34.0288 49.0209
53 19 0 92.4523 126.503
53 20 0 20.4494 25.6586
53 21 0 45.5269 62.4579
53 22 0 84.9364 116.97
53 23 0 21.2156 31.5384
53 24 0 96.2393 113.11
53 25 0 6.54825 6.67471
53 26 0 70.1783 93.4045
53 27 0 56.166 62.6951
53 28 0 7.65431 10.9236
53 29 0 49.1406 61.3746
53 30 0 97.6509 124.752
53 31 1 12.3465 17.705
53 32 0 0.223217 0.284947
53 33 0 33.4083 33.4709
53 34 0 7.8976 11.813
53 35 0 94.3744 118.668
53 36 0 58.4488 73.5613
53 37 0 5.30356 5.92167
53 38 0 75.9987 101.612
53 39 0 27.7151 34.8988
53 40 0 86.1729 111.756
53 41 0 30.5321 44.5035
53 42 0 68.5463 85.7328
53 43 0 86.9787 120.433
53 44 0 33.2664 37.085
53 45 0 64.5441 72.6836
53 46 0 25.7936 30.7072
53 47 0 56.5439 71.9785
53 48 0 69.4744 96.3688
53 49 0 5.70807 5.97056
53 50 0 55.5968 63.2558
53 51 0 35.5444 36.2164
53 52 0 89.0058 91.7212
53 54 1 15.5207 21.1601
53 55 0 85.8802 95.058
53 56 0 31.8009 37.6726
53 57 1 78.0471 115.153
53 58 0 73.3099 95.1778
53 59 0 36.5516 49.6936
53 60 0 12.9348 16.0765
54 1 0 19.7913 28.1449
54 2 0 52.9338 79.3248
54 3 0 77.0343 85.8488
54 4 0 71.4527 99.1717
54 5 0 10.2288 11.9743
54 6 0 69.3751 72.631
54 7 0 38.0719 46.7532
54 8 0 72.3702 75.251
54 9 0 5.18701 5.40615
54 10 0 14.9076 18.2634
54 11 0 63.1865 89.3443
54 12 0 37.6735 56.4485
54 13 0 18.7427 23.01
54 14 0 49.3098 56.0119
54 15 0 50.0055 52.4226
54 16 0 69.2087 99.3304
54 17 0 24.36 31.7247
54 18 0 70.4009 71.1664
54 19 0 91.7399 110.591
54 20 0 34.9495 40.4907
54 21 0 78.126 100.201
54 22 0 26.1914 37.571
54 23 0 78.8168 102.584
54 24 0 84.7889 105.846
54 25 0 32.2867 42.0221
54 26 0 43.0101 63.9412
54 27 0 37.3527 42.367
54 28 0 87.0105 109.496
54 29 0 37.5233 47.6281
54 30 0 17.297 22.4574
54 31 0 10.6865 10.934
54 32 0 74.9464 79.6242
54 33 0 9.08444 11.2604
54 34 0 92.4276 113.254
54 35 0 73.6293 89.7674
54 36 0 23.7882 30.5882
54 37 0 72.5163 86.1071
54 38 0 76.719 94.6468
54 39 0 89.822 124.757
54 40 1 95.9703 103.224
54 41 0 30.8365 41.94
54 42 0 7.56699 9.50063
54 43 0 8.87618 10.4143
54 44 0 81.1241 98.4118
54 45 0 86.014 88.6806
54 46 0 41.7596 42.516
54 47 0 30.5886 37.8565
54 48 0 59.8132 62.9086
54 49 0 58.4709 82.7699
54 50 0 73.8151 100.556
54 51 0 9.81334 10.542
54 52 0 62.7312 81.6232
54 53 0 96.8654 99.0931
54 55 1 29.823 38.4267
54 56 0 46.6194 64.6012
54 57 0 93.802 118.709
54 58 0 34.7109 50.5075
54 59 0 2.34675 3.24195
54 60 0 87.9791 127.746
55 1 0 21.4907 25.7754
55 2 0 76.3057 97.0349
55 3 0 32.815 47.0651
55 4 0 54.0567 76.7205
55 5 0 52.354 65.3305
55 6 0 36.4308 43.7986
55 7 0 82.8865 106.192
55 8 0 93.1786 115.862
55 9 0 82.0121 122.105
55 10 0 53.5147 68.7159
55 11 0 41.0321 60.9792
55 12 0 76.7625 80.6053
55 13 0 35.0417 37.9101
55 14 0 20.685 26.0403
55 15 0 96.8308 127.85
55 16 0 38.0962 51.2622
55 17 0 52.9734 76.4808
55 18 0 26.0261 32.8966
55 19 0 47.8602 68.3287
55 20 0 7.94529 8.46036
55 21 0 52.7516 63.0667
55 22 1 8.94327 12.2925
55 23 0 3.08369 4.40885
55 24 0 73.7216 76.9532
55 25 0 64.774 92.0434
55 26 0 76.7734 79.9298
55 27 0 97.202 122.011
55 28 0 42.6411 42.7782
55 29 0 11.2868 12.0343
55 30 0 56.2192 69.0614
55 31 0 44.024 48.2563
55 32 0 76.3871 96.895
55 33 0 76.1528 93.8912
55 34 0 6.42649 8.89228
55 35 0 86.7409 98.9738
55 36 0 68.4522 71.5211
55 37 0 78.3502 104.234
55 38 0 96.3865 142.492
55 39 0 6.57861 9.70235
55 40 0 85.9981 101.352
55 41 0 70.0117 85.7495
55 42 1 81.5121 114.808
55 43 0 46.8343 53.1413
55 44 0 63.6346 72.9039
55 45 0 64.9953 80.7005
55 46 0 57.9386 80.3927
55 47 0 99.7302 128.597
55 48 1 0.318773 0.436897
55 49 0 54.1038 59.8268
55 50 0 57.1645 69.4382
55 51 0 9.5886 9.73193
55 52 1 74.0202 107.949
55 53 0 22.3041 33.3648
55 54 0 15.8392 23.7161
55 56 1 27.4488 35.8126
55 57 0 9.49212 13.804
55 58 0 72.0491 84.6332
55 59 0 29.65 39.2223
55 60 0 86.9148 122.614
56 1 0 52.8174 53.3319
56 2 0 27.5235 27.5246
56 3 0 27.7256 40.0307
56 4 0 82.9527 121.186
56 5 0 23.6169 35.2428
56 6 0 91.7908 125.742
56 7 0 22.0174 30.2459
56 8 1 40.4681 46.1224
56 9 0 66.7108 82.0347
56 10 0 87.2277 90.6038
56 11 0 52.5692 62.3234
56 12 0 31.236 35.0022
56 13 0 71.1461 77.1003
56 14 0 1.26873 1.83458
56 15 0 7.41782 8.10925
56 16 0 31.371 35.8691
56 17 0 46.4771 55.2223
56 18 0 29.1996 35.7062
56 19 0 81.2926 101.404
56 20 0 74.3524 107.24
56 21 0 82.8804 110.181
56 22 0 95.9175 98.869
56 23 0 73.9175 94.9903
56 24 1 85.2064 127.028
56 25 0 65.2851 69.4575
56 26 0 74.2018 99.2671
56 27 0 52.37 65.1338
56 28 0 47.0745 48.9796
56 29 0 34.0931 51.1035
56 30 0 71.2031 98.9438
56 31 0 84.3743 94.0055
56 32 0 64.0515 96.0454
56 33 0 36.3511 45.0182
56 34 0 73.9478 93.0994
56 35 0 52.6653 68.1824
56 36 0 46.3481 50.1258
56 37 0 10.0582 12.9129
56 38 0 83.9283 109.621
56 39 0 49.7184 57.7721
56 40 0 73.2162 76.628
56 41 0 16.9367 22.4245
56 42 0 31.5994 46.2223
56 43 0 45.0875 49.9205
56 44 0 68.8346 87.2453
56 45 0 84.7772 92.6255
56 46 0 82.9735 86.0518
56 47 0 99.1635 103.837
56 48 0 55.5368 66.4973
56 49 1 71.3599 105.834
56 50 0 7.68233 8.51735
56 51 0 54.2911 57.9701
56 52 0 24.9708 25.1017
56 53 0 23.1013 28.2256
56 54 0 90.6382 90.6708
56 55 0 48.1599 52.3173
56 57 1 57.6233 75.3942
56 58 0 45.1224 45.4536
56 59 0 66.1515 96.4535
56 60 0 15.2059 18.1102
57 1 0 61.6408 87.0799
57 2 0 32.3972 35.1189
57 3 0 40.7013 51.8161
57 4 0 85.3715 119.505
57 5 1 16.9325 17.0793
57 6 0 24.992 25.978
57 7 0 56.924 67.9839
57 8 0 38.8649 44.1662
57 9 0 63.0461 86.5519
57 10 0 17.524 23.0338
57 11 0 44.0987 46.8647
57 12 0 2.57785 3.46731
57 13 0 78.4408 103.935
57 14 0 36.1917 41.7489
57 15 0 26.4602 29.997
57 16 0 85.9567 102.03
57 17 1 18.3283 21.282
57 18 0 44.6363 60.2566
57 19 0 2.16721 2.9223
57 20 0 24.371 28.1155
57 21 0 66.5464 94.6524
57 22 0 25.8567 30.4375
57 23 0 94.6243 103.947
57 24 0 13.8664 14.8233
57 25 0 73.7016 87.3849
57 26 0 55.7461 73.2681
57 27 0 5.21156 6.7942
57 28 0 82.1123 87.4109
57 29 0 84.0786 96.2899
57 30 0 90.3552 118.853
57 31 0 39.4358 41.6283
57 32 0 78.1667 114.406
57 33 0 3.13356 3.39144
57 34 0 51.6029 55.0602
57 35 0 55.8856 71.1837
57 36 0 12.8489 13.5065
57 37 0 35.1213 35.2716
57 38 0 65.6806 97.9809
57 39 0 95.6115 105.233
57 40 0 58.1624 72.6144
57 41 0 45.7356 56.0052
57 42 0 39.5187 53.7194
57 43 1 3.47159 4.52416
57 44 0 55.4022 78.9903
57 45 0 60.4744 78.6445
57 46 0 2.24368 2.95888
57 47 0 91.2534 114.182
57 48 0 21.6279 30.4135
57 49 0 41.0547 48.9092
57 50 0 59.7798 76.4852
57 51 0 66.5121 82.3529
57 52 0 71.1739 89.0059
57 53 0 84.2031 91.4096
57 54 0 99.7328 133.236
57 55 0 9.62843 10.371
57 56 0 3.80194 5.44497
57 58 1 44.2173 62.7983
57 59 0 4.76626 4.88028
57 60 0 78.9174 99.3033
58 1 0 47.073 60.0711
58 2 1 0.362074 0.453483
58 3 0 68.3522 89.1437
58 4 0 7.4629 10.7644
58 5 0 1.51754 1.7911
58 6 0 16.3865 24.4506
58 7 0 99.5323 106.622
58 8 0 13.6505 14.463
58 9 0 93.7897 123.753
58 10 0 20.0954 24.8082
58 11 0 45.1386 48.6858
58 12 0 70.7128 97.1687
58 13 0 28.9125 38.5841
58 14 0 48.3903 49.7408
58 15 0 88.2737 95.4577
58 16 0 8.33007 11.3282
58 17 0 38.8164 42.523
58 18 0 6.48246 7.58778
58 19 0 23.9244 33.6121
58 20 0 96.4476 121.899
58 21 0 93.3244 103.139
58 22 0 96.2304 125.116
58 23 0 26.2047 29.2316
58 24 0 43.3068 59.0611
58 25 0 43.9388 54.7772
58 26 0 50.7424 63.4736
58 27 0 64.1441 88.4119
58 28 0 47.7387 59.6794
58 29 0 82.3222 87.1163
58 30 1 32.1719 46.3494
58 31 0 9.61265 13.4534
58 32 0 23.3045 29.171
58 33 0 91.7669 109.175
58 34 0 21.8605 24.9018
58 35 0 2.67453 3.962
58 36 0 86.934 106.075
58 37 0 50.4789 68.1728
58 38 0 24.7803 29.3898
58 39 0 49.3153 62.3424
58 40 0 23.2659 30.7399
58 41 0 75.2607 111.999
58 42 0 10.0724 12.2699
58 43 0 93.3152 117.366
58 44 0 41.4762 50.8627
58 45 0 75.3279 109.021
58 46 0 97.5324 137.951
58 47 0 51.5962 62.8569
58 48 0 39.7082 53.8914
58 49 0 96.7744 97.5129
58 50 0 9.67265 12.794
58 51 0 26.2958 28.5662
58 52 0 68.238 79.9463
58 53 0 8.36192 8.90534
58 54 0 86.6955 106.8
58 55 0 1.75163 2.14015
58 56 0 20.2357 24.8419
58 57 0 90.9455 110.164
58 59 1 71.0696 88.8179
58 60 0 28.3549 28.77
59 1 0 61.3008 85.9635
59 2 0 78.7176 86.7726
59 3 0 11.6016 13.0172
59 4 0 16.9062 23.4997
59 5 0 99.5747 126.598
59 6 0 83.8969 115.815
59 7 0 30.012 33.711
59 8 0 84.6634 105.723
59 9 0 34.2031 42.6675
59 10 0 10.9772 13.2162
59 11 0 74.5051 101.142
59 12 0 83.3767 117.921
59 13 0 5.77768 8.38194
59 14 0 70.1084 99.3996
59 15 0 66.8581 97.9086
59 16 0 89.8105 129.318
59 17 0 88.7561 94.9866
59 18 0 97.4271 106.274
59 19 0 77.5276 103.609
59 20 0 20.8177 29.8016
59 21 0 81.4926 108.111
59 22 0 40.5351 54.341
59 23 0 18.3694 22.5967
59 24 0 7.39439 8.50544
59 25 0 44.662 55.5073
59 26 0 36.7243 41.1485
59 27 0 23.905 30.401
59 28 0 37.7639 55.4511
59 29 0 66.1919 79.6798
59 30 0 86.4043 109.675
59 31 0 4.63145 6.64508
59 32 0 73.6309 95.2511
59 33 0 50.2493 51.9281
59 34 0 55.4958 72.6388
59 35 0 31.3243 37.0738
59 36 0 40.7415 51.6989
59 37 0 77.5225 101.09
59 38 0 32.3273 41.9443
59 39 0 59.3423 61.4014
59 40 0 43.5476 47.7523
59 41 0 65.2118 74.3949
59 42 0 82.0684 111.233
59 43 0 98.0821 100.959
59 44 1 72.8644 79.6652
59 45 0 84.3174 102.442
59 46 0 69.3197 102.44
59 47 0 14.7252 16.5848
59 48 0 77.985 100.791
59 49 0 14.4667 16.3204
59 50 0 11.1589 14.9529
59 51 0 42.5924 47.6569
59 52 1 42.8336 42.8449
59 53 0 38.9091 51.7462
59 54 0 0.354081 0.420491
59 55 0 52.2747 59.9316
59 56 0 23.2222 29.4502
59 57 0 35.634 37.6302
59 58 1 38.2719 48.3355
59 60 1 76.0837 80.7569
60 1 1 47.8806 59.7068
60 2 1 6.87438 8.14766
60 3 0 81.4434 114.989
60 4 0 51.9174 68.3146
60 5 0 3.90433 3.98915
60 6 0 70.6304 101.901
60 7 0 75.3145 95.0133
60 8 0 65.5488 79.1959
60 9 1 4.4487 5.23432
60 10 0 55.013 70.5853
60 11 0 96.2491 127.395
60 12 0 34.5699 42.1688
60 13 0 30.16 43.4847
60 14 0 5.50988 7.33405
60 15 0 41.8767 60.5337
60 16 0 44.4762 51.3628
60 17 0 19.988 29.0938
60 18 0 24.9835 30.7288
60 19 0 20.053 21.9008
60 20 0 13.555 15.4354
60 21 0 29.9563 35.0426
60 22 0 4.48983 4.95695
60 23 0 60.6143 67.4983
60 24 0 36.9381 45.7173
60 25 0 97.2217 108.839
60 26 0 55.8632 63.8235
60 27 0 22.0676 29.5917
60 28 1 19.3512 26.528
60 29 0 35.2322 47.9147
60 30 0 61.1286 84.0941
60 31 0 34.2453 42.9024
60 32 0 42.5792 57.4534
60 33 0 43.9983 64.5038
60 34 0 79.8425 114.447
60 35 0 19.0263 26.4702
60 36 0 27.4686 29.3729
60 37 0 42.9993 62.2276
60 38 0 48.2227 59.7536
60 39 0 78.3984 113.403
60 40 0 19.441 22.7796
60 41 0 45.1368 54.3537
60 42 0 79.712 96.2069
60 43 0 13.3532 16.1827
60 44 0 47.0818 66.1254
60 45 0 94.6816 130.037
60 46 0 89.3852 112.602
60 47 0 57.8612 76.3516
60 48 0 28.6394 35.5928
60 49 0 3.64612 4.47549
60 50 0 80.3852 105.785
60 51 0 87.6589 90.6483
60 52 0 44.8463 60.9258
60 53 0 84.5057 119.885
60 54 0 90.0381 133.373
60 55 0 41.4047 54.6409
60 56 0 87.1122 109.251
60 57 0 66.5588 70.2459
60 58 0 51.0436 52.5427
60 59 0 55.3314 76.32
0.762618 0.649148 30.2286 1.68709 35.3109 24.3114 25.4042 39.9453 11.2585 1.40876 18.1578 1.43048 5.15257 32.7922 6.45837 23.3414 29.8753 21.3281 12.8596 35.4924 18.7669 0.897242 12.0945 11.8763 28.0571 18.0414 39.1725 22.5699 13.5719 37.324 38.3332 25.2481 17.1014 20.8006 1.45174 12.1392 35.1009 23.8212 15.4541 34.5909 26.4635 26.7822 4.42776 38.5752 25.5648 27.91 21.2033 8.68491 38.0236 9.67678 0.305939 0.953654 29.0993 22.6344 20.5704 15.7983 6.40351 2.60924 1.26283 7.21537 