60
100
3
50
1 2 1 7.14672 8.2434
1 3 0 76.2382 81.9578
1 4 0 89.4307 115.416
1 5 0 83.1117 97.3289
1 6 0 37.5812 51.5979
1 7 0 36.2572 53.5956
1 8 0 50.7088 58.7701
1 9 0 59.93 70.3467
1 10 0 82.7506 111.083
1 11 0 5.49472 6.94107
1 12 0 73.7941 103.557
1 13 0 61.0745 90.4872
1 14 0 50.0531 50.5722
1 15 0 99.6698 139.315
1 16 0 46.5907 65.4184
1 17 0 89.2924 122.742
1 18 0 70.4948 92.4251
1 19 0 12.8584 13.1079
1 20 0 53.9786 76.4175
1 21 0 18.5145 24.1827
1 22 0 14.9291 19.9388
1 23 0 22.7307 25.1611
1 24 0 74.3801 109.911
1 25 0 59.7536 80.2598
1 26 0 78.0348 101.346
1 27 0 82.6067 112.575
1 28 0 42.6815 43.4417
1 29 0 56.9585 78.9532
1 30 0 59.1337 60.599
1 31 0 75.743 88.382
1 32 0 52.1099 68.7882
1 33 0 30.6747 31.3272
1 34 0 45.8511 67.1667
1 35 0 44.2089 59.2414
1 36 0 30.1566 44.7752
1 37 0 34.416 35.7289
1 38 0 81.1328 107.692
1 39 0 38.6817 40.3248
1 40 0 49.7579 58.1099
1 41 0 9.68262 13.345
1 42 0 62.244 64.1715
1 43 0 51.327 71.7706
1 44 0 67.6167 72.1549
1 45 0 34.8632 36.9481
1 46 0 87.279 94.647
1 47 0 6.92793 8.08387
1 48 0 92.8055 135.875
1 49 0 4.57459 5.64902
1 50 0 48.769 54.5983
1 51 0 26.6663 39.3283
1 52 0 59.7356 88.2154
1 53 0 85.2971 112.495
1 54 0 79.5322 88.2275
1 55 0 98.6419 130.531
1 56 0 49.012 57.4148
1 57 0 90.5707 93.2892
1 58 0 18.7545 23.5236
1 59 0 11.7625 11.7932
1 60 0 80.0551 104.19
2 1 0 47.2753 62.2161
2 3 1 34.4135 40.9982
2 4 0 92.0081 102.184
2 5 0 17.4721 23.083
2 6 0 70.9603 92.3793
2 7 0 7.52203 10.3212
2 8 0 97.3355 113.344
2 9 0 56.3235 78.8833
2 10 0 13.3611 18.8457
2 11 0 30.6016 32.4585
2 12 0 30.2362 41.2019
2 13 0 59.7667 65.633
2 14 0 37.3078 54.7857
2 15 0 80.3851 117.448
2 16 0 19.2356 21.544
2 17 0 3.3416 3.91467
2 18 0 52.787 61.2408
2 19 0 88.0319 97.3797
2 20 0 8.61566 11.9385
2 21 0 49.2865 66.9028
2 22 0 93.4153 111.745
2 23 0 32.9884 45.8596
2 24 0 57.3386 63.8296
2 25 0 62.6233 85.2183
2 26 0 36.8207 39.1712
2 27 0 89.2783 102.037
2 28 0 24.8305 31.0578
2 29 0 20.8558 22.8926
2 30 0 92.1022 128.898
2 31 0 7.95221 8.85597
2 32 0 26.7622 35.8495
2 33 0 22.5583 32.5679
2 34 0 37.8805 54.939
2 35 0 75.0953 78.6233
2 36 0 60.6514 76.7879
2 37 0 36.5437 37.2838
2 38 0 29.2686 40.0257
2 39 0 98.592 140.992
2 40 0 57.9796 62.8689
2 41 0 35.0354 47.8389
2 42 0 36.6017 54.3522
2 43 0 47.7963 52.5218
2 44 0 91.51 135.349
2 45 0 12.13 13.1994
2 46 0 62.2371 82.6171
2 47 0 70.2705 92.8139
2 48 0 37.5944 55.2082
2 49 0 69.0334 101.151
2 50 0 84.6689 93.8104
2 51 0 31.5551 34.6938
2 52 0 52.7956 60.5232
2 53 0 1.17361 1.59857
2 54 0 43.9799 47.5542
2 55 0 41.5681 57.2312
2 56 0 76.6868 110.834
2 57 0 44.4023 49.152
2 58 0 65.8759 66.2996
2 59 0 51.8172 70.1888
2 60 0 8.50191 9.59362
3 1 0 68.7649 73.3227
3 2 0 21.3985 30.974
3 4 1 82.7303 106.941
3 5 0 10.8929 12.1455
3 6 0 91.2323 95.7604
3 7 0 58.5584 77.8593
3 8 0 35.1775 41.2631
3 9 0 12.4522 15.6422
3 10 0 69.7331 98.9805
3 11 0 70.9823 78.4166
3 12 0 26.0415 33.6774
3 13 0 31.908 37.3524
3 14 0 55.9891 65.7228
3 15 0 34.5851 37.2024
3 16 0 54.9492 72.6409
3 17 0 79.8867 114.918
3 18 0 1.17166 1.48135
3 19 0 91.6562 130.809
3 20 0 3.44781 4.44866
3 21 0 62.0397 67.4919
3 22 0 41.7495 61.9396
3 23 0 76.4651 95.9573
3 24 0 49.0264 64.69
3 25 0 83.433 102.56
3 26 0 28.8076 41.4063
3 27 0 65.2712 79.3429
3 28 0 39.1283 52.5525
3 29 0 30.0602 30.9913
3 30 0 86.9712 120.956
3 31 0 44.4312 47.8984
3 32 0 86.0147 101.221
3 33 0 30.6418 32.5555
3 34 0 43.9002 62.9772
3 35 0 97.3015 106.352
3 36 0 13.1185 17.2284
3 37 0 10.2017 11.7944
3 38 0 31.3099 34.7887
3 39 0 0.331998 0.4079
3 40 0 23.0319 23.1595
3 41 0 77.9954 91.0953
3 42 0 60.1514 61.9536
3 43 0 52.7655 67.1904
3 44 0 16.2382 17.9849
3 45 0 36.1598 37.9522
3 46 0 55.127 77.5155
3 47 0 19.3911 22.1352
3 48 0 99.6689 140.394
3 49 0 35.65 49.604
3 50 0 61.9345 79.6092
3 51 0 18.2606 25.56
3 52 0 57.2417 71.4322
3 53 0 47.3466 51.2548
3 54 0 64.4668 80.22
3 55 0 25.0072 25.4311
3 56 0 36.7347 42.122
3 57 0 8.21484 11.0726
3 58 0 14.8016 20.1382
3 59 0 69.4959 98.1654
3 60 0 80.076 95.0661
4 1 0 6.32612 8.26811
4 2 1 25.439 33.7109
4 3 0 55.5492 82.4658
4 5 1 77.0236 96.7057
4 6 0 32.5768 42.3044
4 7 0 63.5356 65.2201
4 8 0 94.4699 96.3875
4 9 0 63.1737 83.8746
4 10 0 25.8813 28.3298
4 11 0 43.3622 63.1672
4 12 0 29.646 33.0656
4 13 0 28.2928 38.8687
4 14 0 26.3064 29.2864
4 15 0 36.0889 36.5475
4 16 0 14.8049 20.6555
4 17 0 52.7526 73.3725
4 18 0 5.97711 6.19041
4 19 0 20.1674 20.4775
4 20 0 90.2001 117.767
4 21 0 16.7453 17.4575
4 22 0 68.7818 91.9676
4 23 0 12.5699 15.7449
4 24 0 15.1402 16.4194
4 25 0 25.9136 36.4502
4 26 0 87.7814 122.83
4 27 0 34.6407 44.4161
4 28 1 42.1322 44.0058
4 29 0 46.5298 51.1445
4 30 0 16.8522 21.9421
4 31 0 6.58714 8.5868
4 32 0 17.4477 21.5355
4 33 0 79.6851 117.718
4 34 0 62.2906 90.0606
4 35 0 66.8334 68.7056
4 36 0 49.7183 66.981
4 37 0 85.6128 106.106
4 38 0 45.6791 58.555
4 39 0 2.468 2.79109
4 40 0 35.8821 38.8247
4 41 0 0.672093 0.9952
4 42 0 49.3117 58.4504
4 43 0 33.1263 35.5083
4 44 0 12.6808 18.1394
4 45 0 30.1606 32.8014
4 46 0 30.8555 38.1427
4 47 0 51.4346 76.5756
4 48 0 61.9244 62.295
4 49 0 56.8259 85.0979
4 50 0 16.1829 20.2828
4 51 0 56.0647 60.0959
4 52 0 88.4907 127.744
4 53 0 84.917 106.053
4 54 1 53.8467 55.5151
4 55 0 57.2017 70.099
4 56 0 43.8998 61.0206
4 57 0 1.40711 1.92591
4 58 0 93.3295 99.2609
4 59 0 97.6926 140.378
4 60 0 93.2176 125.838
5 1 0 64.1161 95.7697
5 2 0 40.3068 55.9392
5 3 0 96.629 144.117
5 4 0 87.7932 94.6754
5 6 1 16.3491 20.8826
5 7 0 23.7554 30.9892
5 8 1 70.1215 83.1486
5 9 0 10.0985 14.8903
5 10 0 17.1938 22.7293
5 11 0 89.5292 96.3093
5 12 0 78.7344 117.051
5 13 0 79.6131 112.915
5 14 0 75.6348 107.96
5 15 0 43.6314 49.9167
5 16 0 95.859 110.826
5 17 0 85.9771 93.3672
5 18 0 62.0417 78.3006
5 19 0 21.577 29.4788
5 20 0 18.5301 22.239
5 21 0 20.9245 23.7916
5 22 0 34.9658 38.9451
5 23 0 82.4771 94.7837
5 24 0 92.7463 105.386
5 25 0 26.6435 38.407
5 26 0 9.0251 10.1302
5 27 0 67.0111 70.3403
5 28 0 73.1144 98.3383
5 29 0 24.1894 27.4494
5 30 0 16.5661 18.5447
5 31 0 70.9918 99.4621
5 32 0 25.7865 28.4648
5 33 0 30.3358 35.7565
5 34 0 61.0351 73.2861
5 35 1 14.9185 19.2412
5 36 0 73.8889 87.8323
5 37 0 73.9977 93.0021
5 38 0 39.7518 45.118
5 39 0 51.8526 60.0571
5 40 0 16.0958 20.8896
5 41 0 66.5735 73.3437
5 42 0 60.2948 87.357
5 43 0 16.5875 21.9795
5 44 0 95.8857 121.711
5 45 0 94.8975 112.633
5 46 0 12.9053 13.1842
5 47 0 85.8237 93.0949
5 48 0 42.144 44.9666
5 49 0 10.9178 12.4633
5 50 0 93.73 139.176
5 51 0 85.0854 103.49
5 52 0 52.9056 68.8439
5 53 0 20.1342 23.8931
5 54 0 59.3926 87.6425
5 55 0 92.3743 92.4005
5 56 0 75.4291 110.616
5 57 0 52.2229 52.834
5 58 0 70.7659 87.1783
5 59 0 0.532958 0.765839
5 60 0 84.1295 114.309
6 1 0 24.4651 27.4487
6 2 0 78.8104 104.163
6 3 0 94.5411 96.3061
6 4 0 99.3395 119.057
6 5 0 99.6029 120.987
6 7 1 89.5144 114.565
6 8 0 77.4722 80.9063
6 9 0 52.5744 64.5651
6 10 0 17.9725 25.3129
6 11 0 35.3848 51.3263
6 12 0 10.9731 15.2081
6 13 0 11.9162 12.1866
6 14 0 26.5657 30.9937
6 15 0 57.4197 74.0327
6 16 0 73.4619 106.159
6 17 0 8.12193 11.9241
6 18 0 54.0049 78.8445
6 19 0 34.96 50.5397
6 20 0 48.2077 70.7023
6 21 0 92.7737 132.267
6 22 0 23.0292 30.802
6 23 0 86.6535 117.764
6 24 0 37.316 43.6197
6 25 0 44.9121 58.5316
6 26 0 74.9381 99.5388
6 27 0 70.9879 76.0268
6 28 0 63.6436 79.5522
6 29 0 98.111 100.298
6 30 0 85.5532 109.645
6 31 0 56.4465 67.0022
6 32 0 38.2085 53.3265
6 33 0 5.35611 6.10659
6 34 0 62.8559 87.2484
6 35 0 53.5187 77.6264
6 36 0 41.1284 46.6115
6 37 0 83.6504 125.236
6 38 0 10.3044 11.7892
6 39 0 90.2222 103.386
6 40 0 47.1985 53.595
6 41 0 38.47 46.0615
6 42 0 57.4691 79.5316
6 43 0 56.9797 73.5174
6 44 0 32.645 37.6771
6 45 0 67.7321 84.1713
6 46 0 50.4071 54.4406
6 47 0 40.9191 56.3481
6 48 0 58.0983 61.5573
6 49 0 64.5553 78.56
6 50 0 94.0151 116.497
6 51 0 99.7649 131.477
6 52 0 88.0078 128.19
6 53 0 22.3091 25.6167
6 54 0 93.5358 110.732
6 55 0 65.5318 79.9259
6 56 0 15.8627 22.9529
6 57 0 27.3129 28.3313
6 58 0 64.3088 70.6163
6 59 0 15.564 19.7491
6 60 0 98.2717 99.1172
7 1 0 90.4217 125.582
7 2 0 18.0708 22.9924
7 3 0 83.918 87.7735
7 4 0 58.1456 70.3571
7 5 0 0.697082 0.950312
7 6 0 57.5005 77.0846
7 8 1 95.5078 115.56
7 9 0 4.17626 6.14652
7 10 0 83.9944 86.7717
7 11 0 18.8513 23.3872
7 12 0 62.5281 63.3367
7 13 0 35.0459 41.4212
7 14 0 38.6159 50.2444
7 15 0 36.689 47.7831
7 16 0 3.9686 4.80219
7 17 0 89.8934 125.311
7 18 0 3.96933 4.59707
7 19 0 65.3575 71.149
7 20 0 17.7785 25.4405
7 21 0 12.5554 16.8737
7 22 0 17.096 25.5673
7 23 0 9.84227 11.1342
7 24 0 52.5033 61.8231
7 25 0 74.5618 90.0301
7 26 0 99.6592 107.634
7 27 0 32.802 39.7568
7 28 0 80.1939 113.274
7 29 0 85.2383 111.626
7 30 0 47.1564 58.2969
7 31 0 49.0591 71.5204
7 32 0 51.3498 54.6925
7 33 0 41.3692 53.9473
7 34 0 60.2368 88.2505
7 35 0 10.4315 15.3684
7 36 0 33.4052 46.6063
7 37 0 9.03132 12.148
7 38 0 94.112 110.373
7 39 0 18.1406 19.7158
7 40 0 90.732 130.395
7 41 0 68.1392 99.2844
7 42 0 19.6808 24.6281
7 43 0 73.0897 95.8376
7 44 0 91.6225 132.929
7 45 0 5.68118 5.86294
7 46 0 17.6185 23.4102
7 47 0 10.4722 11.8334
7 48 1 55.6968 70.8781
7 49 0 11.8497 14.6669
7 50 0 88.6212 111.764
7 51 0 63.6233 78.1277
7 52 0 13.5485 15.6392
7 53 0 19.0391 20.2827
7 54 0 89.9588 115.666
7 55 0 0.86143 0.985987
7 56 0 39.8153 45.197
7 57 0 0.276624 0.316925
7 58 0 14.7965 15.7987
7 59 0 67.127 82.5383
7 60 0 83.5301 122.585
8 1 0 38.8632 45.492
8 2 0 84.7741 94.109
8 3 0 16.99 19.6167
8 4 0 34.485 36.2718
8 5 0 49.2155 70.1728
8 6 0 35.8642 43.8954
8 7 0 13.47 15.9824
8 9 1 51.7395 70.2053
8 10 0 69.0278 70.3583
8 11 0 71.3544 98.0594
8 12 1 69.8708 78.5745
8 13 0 18.7915 26.6612
8 14 0 3.68957 4.14804
8 15 0 37.7482 47.7235
8 16 0 46.1145 64.9613
8 17 0 99.5597 138.586
8 18 0 98.7451 138.744
8 19 0 59.5421 70.2576
8 20 0 96.9867 110.15
8 21 0 23.5327 31.1756
8 22 0 16.4139 21.9123
8 23 0 92.2064 132.709
8 24 0 66.6768 77.8379
8 25 0 33.948 50.0735
8 26 0 95.9142 130.189
8 27 0 47.5106 63.8607
8 28 0 90.3235 107.396
8 29 0 10.6512 13.0632
8 30 0 63.1285 79.5055
8 31 0 78.0608 97.6491
8 32 0 65.1777 84.8022
8 33 0 20.0831 20.8686
8 34 0 26.741 37.5554
8 35 0 10.6048 12.3132
8 36 0 90.4873 124.843
8 37 0 82.3223 117.661
8 38 0 85.3362 116.409
8 39 0 46.1946 61.4799
8 40 0 3.00824 4.33558
8 41 0 97.7787 130.631
8 42 0 79.8307 107.965
8 43 0 89.3983 108.907
8 44 0 74.548 74.9744
8 45 0 37.9405 54.419
8 46 0 46.2369 52.1224
8 47 0 67.3838 82.7843
8 48 0 69.3845 97.2993
8 49 0 28.7456 38.8462
8 50 0 53.0563 66.7829
8 51 0 64.632 94.6986
8 52 0 40.1047 52.4233
8 53 0 51.559 54.8577
8 54 0 15.8756 21.2358
8 55 0 22.5391 24.2272
8 56 0 13.7932 15.9616
8 57 0 13.4547 15.1272
8 58 0 73.1703 89.1686
8 59 0 80.6599 101.898
8 60 0 70.6168 85.9838
9 1 0 76.4484 89.1541
9 2 0 36.6716 40.8797
9 3 0 66.3422 74.1822
9 4 0 53.0182 54.0068
9 5 0 78.9906 109.983
9 6 0 83.7855 92.5981
9 7 0 28.6029 35.0334
9 8 0 68.1333 96.681
9 10 1 57.0455 60.3421
9 11 0 76.1372 84.0257
9 12 0 10.098 10.8393
9 13 0 28.1296 36.4062
9 14 0 62.1317 69.7565
9 15 0 13.4337 18.6514
9 16 0 73.2243 89.0465
9 17 0 80.882 113.59
9 18 0 82.6506 89.8479
9 19 0 7.80997 8.61049
9 20 0 29.8059 43.5151
9 21 0 82.7669 114.835
9 22 0 41.5973 44.3525
9 23 0 50.2527 68.3987
9 24 0 22.317 30.3509
9 25 0 40.1662 59.764
9 26 0 87.8134 97.7823
9 27 0 55.7256 60.3644
9 28 0 97.2762 128.691
9 29 0 91.6029 111.357
9 30 0 13.8674 16.5798
9 31 0 54.5378 60.1204
9 32 0 90.463 116.714
9 33 0 2.1057 2.96831
9 34 0 19.6818 28.8196
9 35 0 39.8798 44.4431
9 36 0 67.8945 92.7742
9 37 0 47.1171 67.3009
9 38 0 58.0521 62.202
9 39 0 21.6159 30.6618
9 40 0 92.6262 119.142
9 41 0 95.6683 127.395
9 42 0 22.3215 27.0433
9 43 0 73.9851 74.1057
9 44 0 16.2431 21.1547
9 45 0 94.4095 132.108
9 46 0 26.1282 37.0451
9 47 0 59.9767 87.8666
9 48 0 62.7807 83.351
9 49 0 21.3416 22.4152
9 50 0 76.3974 114.5
9 51 0 97.9338 117.48
9 52 0 11.5545 16.2156
9 53 0 73.635 97.2901
9 54 0 31.1671 41.9026
9 55 0 80.0441 101.472
9 56 0 97.9498 109.03
9 57 0 24.4023 33.0708
9 58 0 36.7722 48.8187
9 59 0 17.5198 17.8865
9 60 0 25.4546 34.3662
10 1 0 62.8946 80.4456
10 2 0 65.4949 93.8861
10 3 0 55.7318 73.4585
10 4 0 61.6435 64.853
10 5 0 70.177 82.8404
10 6 0 82.1033 84.3662
10 7 0 1.21461 1.29964
10 8 0 77.5625 104.091
10 9 0 96.0329 130.035
10 11 1 97.8915 105.831
10 12 0 30.4537 41.6825
10 13 0 97.8376 138.251
10 14 0 61.5365 74.1666
10 15 0 7.20481 9.73528
10 16 0 26.1724 33.0587
10 17 0 33.7036 44.5292
10 18 0 46.125 53.0494
10 19 0 52.154 59.8613
10 20 0 10.1549 13.8017
10 21 0 28.8918 35.5828
10 22 0 44.6971 59.4941
10 23 0 19.1337 21.6482
10 24 0 72.5291 106.027
10 25 0 84.905 91.3124
10 26 0 29.3965 30.7872
10 27 0 47.9979 52.6174
10 28 0 32.9086 46.4216
10 29 0 87.2088 125.09
10 30 0 29.9612 41.9044
10 31 0 57.8567 58.3112
10 32 0 94.7389 136.867
10 33 0 55.5437 71.9258
10 34 0 84.2808 123.106
10 35 0 86.6296 106.085
10 36 0 71.0608 76.6669
10 37 0 91.1755 113.113
10 38 0 10.515 12.2041
10 39 0 26.3609 31.8497
10 40 0 54.0422 54.9336
10 41 0 80.2677 96.4604
10 42 0 57.3113 58.6719
10 43 0 77.0668 102.895
10 44 0 38.8264 55.1256
10 45 0 69.2471 70.774
10 46 0 48.6552 72.0137
10 47 0 98.3347 110.485
10 48 0 24.1337 26.9291
10 49 0 35.946 36.3834
10 50 0 45.0726 47.3078
10 51 0 1.33031 1.60796
10 52 0 84.003 118.711
10 53 0 59.1757 64.4709
10 54 0 41.2511 59.1679
10 55 0 14.0245 15.2474
10 56 0 23.3749 34.4136
10 57 0 60.7769 66.1831
10 58 0 15.5929 20.0327
10 59 0 55.0392 55.1389
10 60 0 43.879 58.5298
11 1 0 50.7531 63.6387
11 2 0 80.8131 105.301
11 3 0 74.5131 80.8255
11 4 0 81.2298 110
11 5 0 69.3104 95.5552
11 6 0 36.3112 41.9747
11 7 0 77.1613 91.6339
11 8 0 7.77951 8.68025
11 9 0 70.5453 70.9958
11 10 0 70.1343 79.3751
11 12 1 47.0313 60.3691
11 13 0 82.5231 107.874
11 14 0 65.8071 95.9964
11 15 0 36.3083 52.183
11 16 0 46.5325 46.7105
11 17 0 39.0915 42.9801
11 18 0 50.2848 64.2241
11 19 0 10.2975 12.3356
11 20 0 0.874049 1.17269
11 21 0 6.63806 9.81138
11 22 0 93.1542 93.4028
11 23 0 48.4204 56.0825
11 24 0 86.5093 108.338
11 25 0 66.5287 71.8189
11 26 0 77.4983 100.223
11 27 0 72.0053 97.5373
11 28 0 99.7193 132.529
11 29 0 65.393 86.1081
11 30 0 84.0236 113.384
11 31 0 61.0744 73.0664
11 32 0 53.644 67.5882
11 33 0 62.4703 73.7679
11 34 0 86.2167 91.0295
11 35 0 52.9471 64.7882
11 36 0 50.0518 67.5878
11 37 0 44.3217 57.3336
11 38 0 71.8758 74.682
11 39 0 98.4182 124.449
11 40 0 14.1578 19.2515
11 41 0 94.2442 127.967
11 42 0 61.021 86.9015
11 43 0 93.6007 95.108
11 44 0 73.071 104.927
11 45 0 18.3057 18.9272
11 46 0 34.6245 47.5105
11 47 0 14.284 20.8155
11 48 0 1.47657 1.54808
11 49 0 79.0357 91.3084
11 50 0 82.4877 118.744
11 51 0 84.8507 126.516
11 52 0 47.5245 62.8844
11 53 0 4.22758 6.31113
11 54 0 35.958 40.1902
11 55 0 6.23391 6.94498
11 56 0 42.3986 48.7468
11 57 0 96.3162 113.652
11 58 0 16.7673 21.8594
11 59 0 90.1533 91.1244
11 60 0 42.951 61.134
12 1 0 47.9498 68.7632
12 2 0 4.2686 5.59024
12 3 0 7.41048 8.82014
12 4 0 52.7502 61.0733
12 5 0 15.3296 17.4951
12 6 0 73.313 105.74
12 7 0 0.368308 0.55218
12 8 0 71.4179 85.3159
12 9 0 46.1175 53.1842
12 10 0 43.8757 64.9556
12 11 0 32.6278 36.0686
12 13 1 19.9131 27.1253
12 14 0 58.54 72.9542
12 15 0 20.4407 28.2502
12 16 0 59.3106 83.5223
12 17 0 33.4123 49.1403
12 18 0 96.8538 129.931
12 19 0 91.5101 97.0392
12 20 0 61.4387 85.9479
12 21 0 8.56556 8.78753
12 22 0 49.4376 53.3158
12 23 0 73.6698 110.358
12 24 0 18.6372 22.8202
12 25 0 9.52609 12.47
12 26 0 21.4053 24.806
12 27 0 61.2238 84.1166
12 28 0 1.76129 1.90862
12 29 0 35.5063 53.2311
12 30 0 92.9974 101.531
12 31 0 93.4255 129.394
12 32 0 45.1729 55.1623
12 33 0 76.1645 100.319
12 34 0 65.5202 75.7737
12 35 0 50.3412 68.5074
12 36 0 98.5529 99.467
12 37 0 63.1642 71.0463
12 38 0 73.3343 107.628
12 39 0 50.0461 68.1085
12 40 0 30.3869 38.9552
12 41 0 18.7408 23.4289
12 42 0 24.1997 35.4888
12 43 0 43.2471 43.5726
12 44 0 87.2656 98.4437
12 45 0 57.0479 76.9478
12 46 0 87.6176 102.702
12 47 0 5.04476 7.43423
12 48 0 68.76 78.4037
12 49 0 54.1758 76.0913
12 50 0 43.6719 44.3996
12 51 0 64.4777 66.6702
12 52 0 40.589 41.839
12 53 0 17.0792 23.2243
12 54 0 69.5915 103.401
12 55 0 78.8345 84.7821
12 56 0 21.3062 31.4303
12 57 0 1.90191 2.48407
12 58 0 74.0209 75.2755
12 59 0 79.1888 79.8789
12 60 0 16.3719 21.4469
13 1 0 90.9241 119.502
13 2 0 21.5788 31.226
13 3 0 61.9166 84.2386
13 4 0 65.4176 96.4383
13 5 0 38.8926 46.7415
13 6 0 67.5784 80.3689
13 7 0 82.0114 95.8005
13 8 0 93.518 128.93
13 9 0 50.2708 70.6966
13 10 0 26.0401 29.8285
13 11 0 90.1436 94.3048
13 12 0 68.0159 81.745
13 14 1 38.0023 52.9449
13 15 0 90.2854 99.2772
13 16 1 4.33758 5.9315
13 17 0 42.4096 45.1814
13 18 0 96.3253 120.464
13 19 0 68.8816 69.8756
13 20 0 61.6777 73.8598
13 21 0 63.7186 65.2922
13 22 0 18.2894 18.671
13 23 0 90.7806 119.391
13 24 0 37.8758 51.6299
13 25 0 8.09233 9.4264
13 26 0 2.01142 2.48159
13 27 0 32.2518 46.6688
13 28 0 89.7703 109.751
13 29 0 7.7712 9.92607
13 30 0 88.5677 117.647
13 31 0 11.6729 14.1717
13 32 1 24.5018 29.5998
13 33 0 23.8332 34.3178
13 34 0 87.7463 122.903
13 35 0 83.6363 122.824
13 36 0 28.2405 29.4592
13 37 0 55.8142 76.804
13 38 0 72.1899 82.0625
13 39 0 55.3829 57.1346
13 40 0 53.3049 55.2067
13 41 0 86.6735 119.683
13 42 0 76.691 87.6793
13 43 0 93.9176 111.62
13 44 0 92.3197 95.013
13 45 0 91.3814 131.314
13 46 0 51.5849 66.373
13 47 0 79.2788 108.704
13 48 0 19.7055 21.0886
13 49 0 0.69993 0.872561
13 50 0 57.8129 80.8931
13 51 0 45.9135 62.9122
13 52 0 75.0933 87.1673
13 53 0 25.7682 29.7426
13 54 0 17.2492 24.8896
13 55 0 38.3704 51.6606
13 56 0 47.9674 64.9119
13 57 0 5.91123 7.62181
13 58 0 10.6397 13.537
13 59 0 74.8907 105.103
13 60 0 95.1917 104.388
14 1 0 85.6638 117.192
14 2 0 5.33265 6.7644
14 3 0 35.5095 46.7465
14 4 0 69.682 70.6607
14 5 0 16.9541 22.6838
14 6 0 92.1047 117.003
14 7 0 87.4168 109.46
14 8 0 23.4004 30.0206
14 9 0 52.3307 69.1546
14 10 0 13.952 15.5252
14 11 0 77.9508 105.902
14 12 0 72.3327 77.9311
14 13 0 45.5901 61.4178
14 15 1 7.00592 7.03413
14 16 0 86.933 96.9581
14 17 0 24.2119 33.7714
14 18 0 29.8869 32.0652
14 19 0 21.994 24.8324
14 20 0 38.5947 42.729
14 21 0 2.85969 4.15687
14 22 0 12.5076 18.7142
14 23 0 89.2064 115.16
14 24 0 22.1955 29.5731
14 25 0 0.447128 0.525376
14 26 0 44.7137 47.6995
14 27 0 25.412 30.7573
14 28 0 96.0904 111.703
14 29 0 33.3803 49.2832
14 30 0 60.654 64.7651
14 31 0 48.2365 53.1879
14 32 0 62.8152 90.7916
14 33 0 10.2956 11.4275
14 34 0 8.25523 11.6622
14 35 0 18.1987 18.2991
14 36 0 48.5308 49.4473
14 37 0 44.6347 65.678
14 38 0 26.3758 29.6193
14 39 0 97.4775 98.4745
14 40 0 12.4199 13.6216
14 41 0 30.1568 41.2488
14 42 0 60.3558 77.4199
14 43 0 79.7551 97.1309
14 44 0 90.8817 109.298
14 45 0 57.8523 60.9467
14 46 0 14.5933 19.8269
14 47 0 3.69007 4.34248
14 48 0 89.7391 93.8803
14 49 0 19.0779 28.4843
14 50 0 49.3552 68.3379
14 51 0 37.2462 46.4496
14 52 0 45.3922 66.2399
14 53 0 96.0905 139.278
14 54 0 5.09539 6.60746
14 55 0 91.4237 110.669
14 56 0 94.4163 99.4141
14 57 0 11.8227 17.5391
14 58 0 7.42859 10.5999
14 59 0 45.9313 57.682
14 60 0 85.7804 86.9611
15 1 0 65.7071 93.0663
15 2 0 1.69675 2.38982
15 3 0 45.0245 59.2718
15 4 0 82.0291 121.274
15 5 0 40.3595 59.2502
15 6 0 14.8774 18.8595
15 7 0 60.5159 75.5558
15 8 0 95.7781 133.012
15 9 0 63.094 64.293
15 10 0 76.0475 87.436
15 11 0 91.838 102.797
15 12 0 5.45981 6.03786
15 13 0 4.7543 5.29899
15 14 0 39.8861 52.0417
15 16 1 0.782755 0.844263
15 17 0 0.0265809 0.039373
15 18 0 45.2131 48.8114
15 19 0 46.7448 66.0608
15 20 0 46.436 60.6011
15 21 0 49.1419 56.0203
15 22 0 88.3399 113.364
15 23 0 57.6485 74.4332
15 24 0 54.1596 74.1722
15 25 0 21.9436 22.7632
15 26 0 41.533 53.6148
15 27 0 20.7112 28.2962
15 28 0 98.4285 117.749
15 29 0 96.4127 111.445
15 30 0 28.274 36.5446
15 31 0 52.3767 66.5946
15 32 0 8.61482 12.8014
15 33 0 0.278576 0.304989
15 34 0 97.0516 144.122
15 35 0 48.4822 56.6443
15 36 0 32.1764 38.636
15 37 0 38.2745 48.9023
15 38 0 25.3504 30.5634
15 39 0 92.8302 134.39
15 40 0 97.438 106.979
15 41 0 88.5013 131.686
15 42 0 88.602 94.825
15 43 0 96.0411 125.849
15 44 0 39.8942 57.5013
15 45 0 26.1359 36.3785
15 46 0 66.096 91.4408
15 47 0 90.0577 107.225
15 48 0 62.0024 89.7753
15 49 0 19.446 25.12
15 50 0 98.444 114.652
15 51 0 23.3591 33.6939
15 52 0 64.7276 88.3125
15 53 0 63.8868 85.148
15 54 0 35.8574 41.3395
15 55 0 29.0466 39.5313
15 56 0 2.20594 2.7073
15 57 0 33.646 49.4118
15 58 0 69.3715 76.1716
15 59 0 99.3287 114.227
15 60 0 52.3133 60.3275
16 1 0 75.2878 107.422
16 2 0 55.7683 67.7772
16 3 0 59.967 67.3648
16 4 0 55.5705 64.9082
16 5 0 32.9451 36.2239
16 6 0 63.5488 70.3205
16 7 0 54.9107 65.9047
16 8 0 75.8778 88.2677
16 9 0 16.858 17.106
16 10 0 66.7304 96.7141
16 11 0 57.7726 69.4176
16 12 0 34.394 50.3007
16 13 0 84.61 126.787
16 14 0 63.8419 83.1997
16 15 0 38.3474 49.3684
16 17 1 44.7113 61.6783
16 18 0 27.8653 40.6418
16 19 0 0.997071 1.34824
16 20 0 32.2582 44.8978
16 21 0 77.8686 116.059
16 22 0 77.1322 114.762
16 23 0 57.1141 73.3338
16 24 0 78.9162 115.31
16 25 0 43.1067 55.9754
16 26 0 75.9921 104.326
16 27 0 15.9378 20.2142
16 28 0 60.7613 85.8352
16 29 0 7.81674 11.4244
16 30 0 61.5121 71.9363
16 31 0 97.3801 142.918
16 32 0 85.2571 115.893
16 33 1 62.3848 88.2176
16 34 0 67.6953 72.9913
16 35 0 15.1055 16.7533
16 36 0 66.8305 69.6357
16 37 0 62.7627 64.123
16 38 0 2.09337 2.72296
16 39 0 17.7244 21.4105
16 40 0 82.7749 95.614
16 41 0 40.0228 43.7771
16 42 0 83.324 96.5789
16 43 0 10.3212 14.3003
16 44 0 21.6874 24.7828
16 45 0 72.9787 87.7433
16 46 0 20.4632 26.8661
16 47 0 59.2287 83.0181
16 48 0 67.1331 73.1817
16 49 0 89.4714 97.1939
16 50 0 83.2841 96.6475
16 51 0 55.4463 55.812
16 52 0 5.03821 6.99229
16 53 0 65.5873 88.4013
16 54 0 45.5179 61.4143
16 55 0 40.7269 47.0102
16 56 0 60.1241 70.816
16 57 0 30.0507 42.5627
16 58 0 40.2233 42.8692
16 59 0 68.5343 77.3148
16 60 0 99.9122 120.082
17 1 0 54.6486 71.4952
17 2 0 65.8322 66.3761
17 3 0 49.7223 56.1115
17 4 0 41.7843 52.7925
17 5 0 55.2256 63.2643
17 6 0 74.3767 108.874
17 7 0 56.5896 63.1026
17 8 0 43.7318 61.8613
17 9 0 40.6511 59.048
17 10 0 22 31.2955
17 11 0 30.3228 31.9189
17 12 0 47.2485 69.4122
17 13 0 10.3969 10.521
17 14 0 85.5334 86.3909
17 15 0 79.0998 106.321
17 16 0 6.36997 9.27353
17 18 1 48.9624 49.1536
17 19 0 91.8249 135.104
17 20 0 74.7322 100.257
17 21 0 88.0557 118.318
17 22 0 23.7088 27.2299
17 23 0 88.5584 127.745
17 24 0 86.8239 103.707
17 25 0 13.9124 18.5956
17 26 0 52.3883 56.8688
17 27 0 16.149 20.6126
17 28 0 94.5446 108.411
17 29 0 73.6678 104.769
17 30 0 78.8949 98.7957
17 31 0 25.8704 36.1873
17 32 0 96.5799 128.936
17 33 0 20.4056 27.8972
17 34 0 1.99582 2.55218
17 35 0 19.4142 22.3514
17 36 0 90.6368 116.091
17 37 0 17.6164 18.0715
17 38 0 21.5518 31.6013
17 39 0 90.4707 130.654
17 40 0 79.6779 88.5648
17 41 0 46.4913 56.4261
17 42 0 41.0993 55.4871
17 43 0 53.6436 79.4678
17 44 0 23.2218 33.4312
17 45 0 49.7935 53.389
17 46 0 37.6937 42.3782
17 47 0 5.16152 5.65622
17 48 0 42.1552 54.0064
17 49 0 12.7508 13.3095
17 50 0 33.8839 37.3867
17 51 0 93.9583 108.664
17 52 0 87.5046 127.197
17 53 0 83.4513 104.499
17 54 0 74.4074 93.063
17 55 0 56.1936 75.986
17 56 0 3.24747 3.52513
17 57 0 12.1037 17.7452
17 58 0 0.976612 1.14936
17 59 0 32.825 47.2287
17 60 0 44.5553 65.8064
18 1 0 13.4654 13.6665
18 2 0 25.3314 27.198
18 3 0 79.5375 101.173
18 4 0 66.0745 66.111
18 5 0 74.9175 102.693
18 6 0 80.321 104.986
18 7 0 37.2284 39.4468
18 8 0 27.2232 40.0409
18 9 0 50.3919 75.2472
18 10 0 87.4708 129.804
18 11 0 46.6314 53.8176
18 12 0 12.9618 15.016
18 13 0 49.1789 60.1259
18 14 0 31.4354 36.2189
18 15 0 20.4268 25.2098
18 16 0 41.9875 49.4322
18 17 0 26.669 32.2214
18 19 1 4.57398 4.91506
18 20 0 17.7456 20.8229
18 21 0 9.88529 14.7178
18 22 0 50.4244 53.5245
18 23 0 91.5261 97.1061
18 24 0 40.454 52.1997
18 25 0 35.6049 40.0477
18 26 0 60.1183 76.843
18 27 0 76.9112 114.911
18 28 0 5.50263 7.5241
18 29 0 56.8031 72.8705
18 30 0 52.4318 78.5774
18 31 0 76.2366 110.467
18 32 0 75.2096 87.1262
18 33 0 15.4801 21.9728
18 34 0 1.15406 1.16547
18 35 0 82.4431 119.828
18 36 0 3.75322 4.28207
18 37 0 47.5062 71.0751
18 38 0 96.2381 133.164
18 39 0 40.3813 47.186
18 40 1 59.9238 80.8045
18 41 0 11.4759 15.2465
18 42 0 53.3573 69.8358
18 43 0 55.1447 57.5598
18 44 0 32.5952 42.071
18 45 0 73.2656 89.804
18 46 0 74.9175 100.666
18 47 0 88.3142 120.322
18 48 0 88.6954 116.608
18 49 0 72.9073 80.5977
18 50 0 96.6545 141.955
18 51 0 95.7528 123.002
18 52 0 27.8505 35.6595
18 53 0 60.5026 62.6389
18 54 0 57.9417 70.3622
18 55 0 36.1671 46.7465
18 56 0 39.4188 59.0124
18 57 0 17.7044 25.7781
18 58 0 90.4714 126.133
18 59 0 53.4216 74.2063
18 60 0 28.2341 28.4342
19 1 0 0.267259 0.311637
19 2 0 24.37 27.6246
19 3 0 80.1827 80.2562
19 4 0 38.1186 56.7363
19 5 0 28.9303 38.682
19 6 0 9.24243 13.1202
19 7 0 67.9096 100.534
19 8 0 98.2611 126.811
19 9 0 81.9703 88.2025
19 10 0 86.753 90.5699
19 11 0 79.0545 103.121
19 12 0 18.1124 24.8556
19 13 0 32.3609 36.2342
19 14 0 31.0756 45.3136
19 15 0 49.1456 61.84
19 16 0 12.6849 15.4305
19 17 0 39.2351 56.9561
19 18 0 14.5683 17.3519
19 20 1 57.2576 75.2647
19 21 0 46.2698 52.0631
19 22 0 69.1617 95.7017
19 23 0 64.0141 73.277
19 24 0 2.90005 4.14361
19 25 0 37.5791 38.8441
19 26 0 95.0857 111.835
19 27 0 84.0719 122.796
19 28 0 76.846 91.8142
19 29 0 73.8763 87.5309
19 30 0 56.4008 69.1125
19 31 0 39.1598 58.277
19 32 0 34.7918 43.9894
19 33 0 35.7672 42.8392
19 34 0 8.06677 11.3099
19 35 0 90.5725 116.413
19 36 1 90.2063 91.3941
19 37 0 22.3785 33.2359
19 38 0 91.1595 119.551
19 39 0 8.48218 9.36194
19 40 0 67.2174 90.8912
19 41 0 52.3963 55.0317
19 42 0 59.613 82.354
19 43 0 14.5146 14.6364
19 44 0 5.15474 6.3275
19 45 0 57.0901 76.8351
19 46 0 78.4145 103.893
19 47 0 31.4162 38.2593
19 48 0 66.215 74.3129
19 49 0 93.4939 113.032
19 50 0 87.9785 105.939
19 51 0 15.9035 23.0141
19 52 0 11.5705 16.7339
19 53 0 26.8717 35.9219
19 54 0 96.0263 105.304
19 55 0 46.2322 50.9438
19 56 0 58.6434 77.5887
19 57 0 88.2886 94.2834
19 58 0 38.1543 55.5668
19 59 0 12.4417 18.3701
19 60 0 85.1993 106.153
20 1 0 50.9033 65.3886
20 2 0 51.3133 58.8536
20 3 0 88.9659 89.2077
20 4 0 9.13696 11.7019
20 5 0 54.8339 61.4726
20 6 0 96.6032 111.97
20 7 0 11.1989 14.2776
20 8 0 98.4614 108.774
20 9 0 25.1251 29.3145
20 10 0 43.9645 63.5109
20 11 0 19.8668 29.4603
20 12 0 75.376 91.9211
20 13 0 19.5579 22.9053
20 14 0 49.5172 74.0951
20 15 0 79.7844 101.884
20 16 0 65.8121 85.261
20 17 0 4.87421 6.21652
20 18 0 52.8582 65.9169
20 19 0 50.4511 57.9339
20 21 1 44.5684 45.8008
20 22 0 78.9641 112.335
20 23 0 67.4411 78.9696
20 24 0 83.1509 118.267
20 25 0 25.0443 36.828
20 26 0 54.7676 76.9722
20 27 0 77.286 110.267
20 28 0 35.1379 39.2857
20 29 0 78.1857 103.89
20 30 0 3.15544 4.54031
20 31 0 16.7812 19.4966
20 32 0 58.9686 82.8659
20 33 0 1.21432 1.33086
20 34 0 7.3145 9.69072
20 35 0 44.6527 65.0161
20 36 0 31.6715 41.0215
20 37 0 4.51627 5.42402
20 38 0 15.7225 16.0812
20 39 1 47.3168 52.5673
20 40 0 68.8801 87.0758
20 41 0 19.5815 28.2264
20 42 0 61.9485 84.3078
20 43 0 22.2557 26.6543
20 44 0 89.6762 123.112
20 45 0 32.1916 47.2824
20 46 0 1.73191 2.50652
20 47 0 62.2869 70.9273
20 48 0 91.6691 131.04
20 49 0 20.7734 29.6612
20 50 0 13.2797 18.2005
20 51 0 51.2853 63.5834
20 52 0 9.54113 12.7022
20 53 0 45.9036 60.5344
20 54 0 30.8563 39.0795
20 55 0 75.0747 85.5577
20 56 0 33.5332 45.8622
20 57 0 16.0006 17.8241
20 58 0 81.627 111.41
20 59 0 0.137112 0.185269
20 60 0 22.6137 24.5405
21 1 0 82.945 97.993
21 2 0 83.9922 120.106
21 3 0 99.8578 133.362
21 4 0 2.03813 2.93791
21 5 0 56.8985 74.1958
21 6 0 53.6718 80.1855
21 7 0 30.876 42.3831
21 8 0 94.4622 115.644
21 9 0 45.93 56.8596
21 10 0 89.0281 129.143
21 11 0 55.9419 63.3715
21 12 0 20.7693 30.6996
21 13 0 25.4591 32.6382
21 14 0 4.43451 5.1631
21 15 0 8.23952 9.99836
21 16 0 56.276 59.1617
21 17 0 39.9667 57.0444
21 18 0 64.8062 71.1472
21 19 0 6.31328 8.0629
21 20 0 78.2223 86.8417
21 22 1 83.4963 89.4885
21 23 0 9.89492 11.5424
21 24 0 3.46219 4.42234
21 25 0 12.6958 17.0334
21 26 0 91.2235 91.4495
21 27 0 80.6465 119.771
21 28 0 95.9756 127.198
21 29 0 62.1893 81.6417
21 30 0 68.7083 79.6608
21 31 0 33.4206 34.2777
21 32 0 25.5754 26.6138
21 33 0 58.8929 60.3654
21 34 0 81.7736 84.9964
21 35 0 15.5286 21.3477
21 36 0 89.3076 94.7709
21 37 0 87.5362 104.405
21 38 0 96.36 125.931
21 39 0 22.4572 25.3799
21 40 0 93.8894 129.361
21 41 0 85.3227 92.2943
21 42 0 40.8871 60.9317
21 43 0 57.8052 60.0104
21 44 0 49.803 56.5641
21 45 0 5.78452 7.79184
21 46 0 57.3683 66.5263
21 47 0 90.7777 125.856
21 48 0 93.2906 120.311
21 49 0 63.7147 76.6335
21 50 0 17.1025 19.4743
21 51 0 45.4741 53.9381
21 52 0 21.5915 21.7696
21 53 0 2.00267 2.47203
21 54 1 8.36794 9.65978
21 55 0 40.9053 51.7319
21 56 0 73.5759 94.2611
21 57 0 9.99455 10.1979
21 58 0 88.5677 100.42
21 59 0 22.9776 28.825
21 60 0 18.3617 25.2826
22 1 0 48.7269 51.2667
22 2 0 0.748628 1.04596
22 3 0 75.2339 89.0536
22 4 0 25.9014 28.8556
22 5 0 38.1597 47.0496
22 6 0 69.3471 97.8765
22 7 0 20.4566 28.0738
22 8 0 63.3412 73.1716
22 9 0 39.8851 55.6246
22 10 0 15.3557 21.6876
22 11 0 50.455 51.1082
22 12 0 93.0626 134.006
22 13 0 52.3139 76.9251
22 14 0 74.0471 94.1469
22 15 0 0.925186 1.30944
22 16 0 16.0824 17.8557
22 17 0 55.8685 71.8053
22 18 0 21.4079 22.3379
22 19 0 18.0034 18.3255
22 20 0 54.768 72.9388
22 21 0 85.7386 120.263
22 23 1 81.2766 95.6023
22 24 0 39.076 52.0489
22 25 0 63.2798 67.03
22 26 0 82.9513 114.894
22 27 0 4.97067 7.2766
22 28 0 82.1917 117.752
22 29 0 79.7119 101.871
22 30 0 35.6055 50.9279
22 31 0 92.2292 114.292
22 32 1 9.40263 10.8449
22 33 0 49.6058 72.7636
22 34 0 98.5128 101.29
22 35 0 3.87983 4.17002
22 36 0 17.2035 17.6416
22 37 0 87.1047 105.81
22 38 0 32.2008 47.6099
22 39 0 92.8148 123.958
22 40 0 76.5284 113.757
22 41 0 97.2943 133.336
22 42 0 97.0832 106.438
22 43 0 98.3364 114.215
22 44 0 40.4062 59.4338
22 45 0 42.0801 54.8986
22 46 0 42.6609 55.6997
22 47 0 70.6703 80.925
22 48 0 82.7761 95.7668
22 49 0 38.4832 54.6327
22 50 0 40.4933 47.3108
22 51 0 70.9804 72.8546
22 52 0 94.1674 119.477
22 53 0 4.48316 6.5719
22 54 0 76.8165 88.3831
22 55 0 48.1168 58.097
22 56 0 77.7829 93.5265
22 57 0 17.625 19.8238
22 58 0 54.5839 62.9469
22 59 0 69.5027 73.8682
22 60 0 8.42123 9.55425
23 1 0 56.5921 71.4471
23 2 0 95.4819 131.48
23 3 0 35.5468 40.0085
23 4 0 59.0395 75.759
23 5 0 48.9405 51.7008
23 6 0 22.6074 25.6812
23 7 0 79.6963 89.5365
23 8 0 86.759 122.627
23 9 0 91.5819 117.125
23 10 0 71.8539 97.661
23 11 0 38.3051 48.6602
23 12 0 68.228 73.287
23 13 0 15.6121 21.4352
23 14 0 43.6112 64.1591
23 15 0 56.3631 61.2698
23 16 0 47.9646 69.0213
23 17 0 41.7394 41.8421
23 18 0 80.722 98.106
23 19 0 71.7692 83.3173
23 20 0 63.2408 75.8585
23 21 0 40.5771 54.2696
23 22 0 88.134 113.162
23 24 1 14.6113 20.5699
23 25 0 50.216 72.0107
23 26 0 30.0309 31.0052
23 27 0 69.4403 99.0644
23 28 0 4.3264 5.43047
23 29 0 34.5581 37.9203
23 30 0 68.5874 89.9505
23 31 0 68.5994 88.7715
23 32 0 88.9455 100.012
23 33 0 64.4408 78.2665
23 34 0 13.8068 19.6338
23 35 0 7.74093 7.98367
23 36 0 93.8388 96.5134
23 37 0 42.8017 55.5321
23 38 0 55.253 67.1937
23 39 0 88.5904 88.7637
23 40 0 13.6137 18.2355
23 41 0 88.3019 94.7438
23 42 0 73.2419 103.794
23 43 0 28.8037 37.3628
23 44 0 78.1048 86.572
23 45 0 62.6125 82.5031
23 46 0 5.53866 6.31618
23 47 0 75.6326 79.0559
23 48 0 39.6035 56.3406
23 49 0 50.108 69.2944
23 50 0 1.83722 2.19911
23 51 0 3.4304 3.67998
23 52 0 66.4698 82.9756
23 53 0 6.7123 8.38235
23 54 0 89.2025 132.552
23 55 0 93.7933 115.878
23 56 0 27.0646 31.6697
23 57 0 26.0436 29.7795
23 58 0 5.46433 7.08649
23 59 0 68.6657 80.0829
23 60 0 63.8301 82.1006
24 1 0 16.0627 17.8976
24 2 0 28.0829 29.1673
24 3 0 39.0482 40.5093
24 4 0 0.583827 0.664264
24 5 0 80.4944 82.6977
24 6 0 36.4256 52.1062
24 7 0 57.5349 78.6143
24 8 0 94.029 126.643
24 9 0 73.3448 88.4788
24 10 0 83.2375 84.758
24 11 0 71.9028 77.5929
24 12 0 63.8615 76.3331
24 13 0 35.6944 48.9921
24 14 0 64.0874 73.4589
24 15 0 84.8443 108.644
24 16 0 24.4736 35.7565
24 17 0 56.4591 79.5022
24 18 0 16.1423 16.339
24 19 0 16.6042 16.8817
24 20 0 57.5478 66.5543
24 21 0 4.84664 6.89575
24 22 0 82.7676 85.3882
24 23 0 19.6582 21.527
24 25 1 92.5969 125.084
24 26 0 27.4447 32.4502
24 27 0 67.0651 81.6795
24 28 0 74.3699 99.1635
24 29 0 95.5902 136.203
24 30 0 3.39524 4.91574
24 31 0 92.921 117.838
24 32 0 92.1253 102.39
24 33 0 3.28766 3.45277
24 34 0 78.2533 80.5233
24 35 0 43.7118 46.038
24 36 0 74.2672 89.2557
24 37 0 54.1994 59.8786
24 38 0 9.08391 13.0122
24 39 0 52.5312 65.3579
24 40 0 12.3746 13.6931
24 41 0 12.9219 14.8799
24 42 0 76.7117 103.361
24 43 0 57.9699 63.2791
24 44 0 42.2796 57.8501
24 45 0 7.2242 7.98515
24 46 0 78.4086 87.7928
24 47 0 21.7711 23.3491
24 48 0 98.6703 131.579
24 49 0 6.54135 7.66624
24 50 0 58.3941 73.9421
24 51 0 13.7781 13.9835
24 52 0 45.9752 68.8043
24 53 0 53.4934 66.3157
24 54 0 57.0523 84.1939
24 55 0 16.3731 24.5394
24 56 0 5.85722 6.74793
24 57 0 55.5496 56.7337
24 58 0 38.4078 56.1421
24 59 0 63.3225 70.5115
24 60 0 75.7146 93.1823
25 1 0 5.26648 6.80362
25 2 0 10.9657 14.4383
25 3 0 17.7751 20.5587
25 4 0 58.3156 83.3286
25 5 0 19.4061 21.9746
25 6 0 12.9424 16.3223
25 7 0 83.011 85.4204
25 8 0 23.27 25.4076
25 9 0 61.1177 67.922
25 10 0 38.0089 46.4204
25 11 0 7.78996 11.285
25 12 0 32.6719 43.352
25 13 0 17.7766 22.2229
25 14 0 38.7732 57.8851
25 15 0 67.654 81.6762
25 16 0 48.6199 49.6965
25 17 0 46.0734 64.8179
25 18 0 66.0521 72.1201
25 19 0 21.8565 27.3306
25 20 0 33.1472 42.6126
25 21 0 79.2028 86.7746
25 22 0 30.0478 42.1383
25 23 0 72.2996 76.353
25 24 0 17.0499 24.3766
25 26 1 28.2958 38.4111
25 27 0 13.0304 16.3379
25 28 0 5.26868 6.32034
25 29 0 79.182 102.19
25 30 0 45.5473 58.6789
25 31 0 11.3405 12.9175
25 32 0 11.1881 14.0439
25 33 0 65.9024 85.1242
25 34 0 99.1605 112.427
25 35 0 22.2903 25.836
25 36 0 66.1705 86.3993
25 37 0 81.7699 104.148
25 38 0 50.6317 59.6166
25 39 0 13.0194 13.2399
25 40 0 38.4783 52.2598
25 41 0 22.4384 25.8953
25 42 0 59.9581 88.7352
25 43 0 45.1398 60.8226
25 44 0 37.6787 46.834
25 45 0 47.0784 63.0345
25 46 0 41.4298 61.579
25 47 0 67.88 92.4395
25 48 0 15.593 17.8678
25 49 0 86.7583 116.394
25 50 0 35.8994 46.7473
25 51 0 77.5436 114.834
25 52 0 68.0478 78.7954
25 53 0 82.6352 84.1839
25 54 0 70.8239 91.0055
25 55 0 8.03687 11.9605
25 56 0 60.5866 69.3946
25 57 0 21.308 26.2713
25 58 0 91.0339 135.796
25 59 0 55.6289 74.7258
25 60 0 0.0540126 0.0734303
26 1 0 60.9355 84.5662
26 2 0 38.7594 45.4089
26 3 0 68.9142 98.1722
26 4 0 35.0764 48.7356
26 5 0 41.8917 61.3341
26 6 0 56.2969 79.2123
26 7 0 61.4883 74.4176
26 8 0 13.6849 19.014
26 9 0 49.0796 55.3498
26 10 0 41.492 48.8131
26 11 0 17.3566 19.9051
26 12 0 18.0368 21.6266
26 13 0 81.6764 90.0211
26 14 0 69.9848 75.8876
26 15 0 48.4632 51.0806
26 16 0 8.71961 12.1235
26 17 0 29.8649 37.7934
26 18 0 64.6004 93.7737
26 19 0 25.8921 29.2831
26 20 0 49.3276 68.9295
26 21 0 1.37164 1.46242
26 22 0 24.4133 35.5922
26 23 0 47.3268 56.3857
26 24 0 13.7119 20.5065
26 25 0 16.7733 24.974
26 27 1 20.7662 30.8789
26 28 0 29.0294 32.7409
26 29 0 49.6235 51.7989
26 30 0 96.4934 119.906
26 31 0 28.5404 38.0733
26 32 0 53.7834 65.8051
26 33 0 15.9888 17.0495
26 34 0 8.19413 10.8371
26 35 0 53.088 61.5021
26 36 0 36.7875 49.0625
26 37 0 18.7337 20.6856
26 38 0 16.335 22.1098
26 39 0 19.9341 20.604
26 40 0 57.3484 63.65
26 41 0 12.6699 18.2299
26 42 0 64.8842 85.2758
26 43 0 22.0373 23.0075
26 44 0 26.7089 37.0329
26 45 0 80.3542 114.347
26 46 0 65.2608 66.9581
26 47 0 64.6057 66.2828
26 48 0 78.4142 102.927
26 49 0 44.6349 58.7018
26 50 0 22.7863 29.2154
26 51 0 27.4947 35.9014
26 52 0 3.16205 3.74512
26 53 0 5.51349 7.10018
26 54 0 19.1221 24.6599
26 55 0 97.0731 132.747
26 56 0 6.65556 8.08827
26 57 0 43.0731 58.5954
26 58 0 50.5136 55.5933
26 59 0 28.8828 40.604
26 60 0 32.6515 41.5333
27 1 0 7.57694 10.5786
27 2 0 66.8064 81.269
27 3 1 76.0677 86.9065
27 4 0 74.295 95.5354
27 5 0 1.22675 1.81305
27 6 0 56.5316 65.5138
27 7 0 7.62446 10.7266
27 8 0 72.7621 76.2704
27 9 0 33.2327 40.9846
27 10 0 27.3144 31.5227
27 11 0 9.34843 13.1676
27 12 0 91.891 109.421
27 13 0 97.7638 123.213
27 14 0 3.50847 5.09379
27 15 0 85.103 86.7477
27 16 1 80.701 120.445
27 17 0 40.9807 50.475
27 18 0 14.6176 19.5981
27 19 0 44.3723 51.1188
27 20 0 62.5303 93.2704
27 21 0 7.18397 9.28333
27 22 0 64.9498 80.5308
27 23 0 57.9924 75.3039
27 24 0 33.5391 45.8374
27 25 0 69.4558 91.7146
27 26 0 94.0204 98.5784
27 28 1 81.0457 119.931
27 29 0 88.7938 123.24
27 30 0 75.3242 106.558
27 31 0 26.36 36.5934
27 32 0 43.9617 65.2348
27 33 0 16.2705 22.73
27 34 0 32.8909 41.3648
27 35 0 45.4737 56.2523
27 36 0 52.7747 65.779
27 37 0 78.3369 81.2469
27 38 0 57.8556 74.9672
27 39 0 39.3137 46.5469
27 40 0 2.54349 3.57769
27 41 0 42.1392 60.6084
27 42 0 35.432 44.4922
27 43 0 33.5884 44.8179
27 44 0 95.3593 127.293
27 45 0 44.4451 63.0926
27 46 0 2.98546 3.2111
27 47 0 17.7218 25.8357
27 48 0 84.5776 122.605
27 49 0 30.0935 38.6756
27 50 0 8.76583 11.0539
27 51 0 77.4759 82.6016
27 52 0 64.4301 70.6621
27 53 0 38.1769 45.9379
27 54 0 96.5561 104.176
27 55 0 46.7359 54.1764
27 56 1 89.9404 92.5743
27 57 0 78.6913 90.1543
27 58 0 0.479738 0.649322
27 59 0 28.6072 31.8112
27 60 0 17.3457 17.5361
28 1 0 1.36938 1.84229
28 2 0 24.9741 25.0241
28 3 0 46.0587 53.0087
28 4 0 97.7614 132.763
28 5 0 27.1233 29.5564
28 6 0 77.2626 90.0239
28 7 0 4.68544 6.87532
28 8 0 62.0474 71.09
28 9 0 43.7328 54.5491
28 10 0 50.2214 66.541
28 11 0 76.6229 92.5902
28 12 0 67.809 70.3333
28 13 0 13.2223 19.5182
28 14 0 5.80807 7.59529
28 15 0 65.4003 93.8804
28 16 0 48.1949 56.4916
28 17 0 36.7751 36.9284
28 18 0 71.3388 85.3427
28 19 0 75.852 97.41
28 20 0 37.4783 42.0928
28 21 0 39.5385 44.3862
28 22 0 12.3596 13.4234
28 23 0 21.0913 27.909
28 24 0 26.6617 27.6029
28 25 0 40.1778 44.3224
28 26 0 29.862 31.8254
28 27 0 39.3915 55.3245
28 29 1 27.2683 29.8819
28 30 0 56.6487 75.4755
28 31 0 62.9557 69.3916
28 32 0 21.0954 26.9869
28 33 0 33.5787 49.2627
28 34 0 91.1553 125.095
28 35 0 10.4615 15.6174
28 36 1 90.3572 103.519
28 37 0 75.8278 98.9845
28 38 0 91.8362 93.7171
28 39 0 11.5903 14.6155
28 40 0 97.5021 131.422
28 41 0 34.2262 45.6828
28 42 0 13.1797 17.7367
28 43 0 49.8454 67.8119
28 44 0 51.0763 62.6782
28 45 0 90.1908 114.858
28 46 0 17.0316 20.9661
28 47 0 53.3844 75.9714
28 48 0 73.7738 90.0781
28 49 0 11.2911 12.4172
28 50 0 19.1384 21.916
28 51 0 44.0717 49.6754
28 52 0 18.3753 23.8824
28 53 0 94.5776 95.3114
28 54 0 55.1145 72.9987
28 55 0 65.5066 75.6474
28 56 0 9.14167 10.7002
28 57 0 29.9461 39.1576
28 58 0 25.4335 30.6398
28 59 0 9.62171 12.5234
28 60 0 34.6711 49.2886
29 1 0 91.0948 106.071
29 2 0 12.5257 13.152
29 3 0 11.0789 15.1666
29 4 0 95.6847 138.636
29 5 0 43.5719 60.7111
29 6 0 29.1063 32.2786
29 7 0 68.08 96.7353
29 8 0 98.3072 113.924
29 9 0 59.9283 81.9442
29 10 0 83.0029 92.818
29 11 0 28.5711 31.9753
29 12 0 90.9989 127.892
29 13 0 91.8737 104.25
29 14 0 91.4604 127.859
29 15 0 75.0833 109.361
29 16 0 50.8308 55.5919
29 17 0 95.9895 97.9665
29 18 0 39.6423 55.7818
29 19 0 60.5971 73.8092
29 20 0 56.258 79.265
29 21 0 12.1443 16.2316
29 22 0 37.689 56.5327
29 23 0 52.3669 61.5012
29 24 0 71.7942 102.216
29 25 0 22.8888 29.4988
29 26 0 7.90851 9.63123
29 27 0 81.4225 88.3965
29 28 0 28.3726 32.6188
29 30 1 29.1571 31.154
29 31 0 42.5173 49.9411
29 32 0 67.9116 91.7201
29 33 0 18.5292 21.1591
29 34 0 39.5575 50.0084
29 35 0 39.7568 43.8973
29 36 0 98.8972 108.343
29 37 0 19.6916 21.6548
29 38 1 16.8617 18.3506
29 39 0 64.7765 65.5426
29 40 0 92.4901 131.507
29 41 0 24.9956 26.3218
29 42 1 49.5412 68.884
29 43 0 3.7839 5.08358
29 44 1 52.2116 63.0615
29 45 0 92.7751 97.2215
29 46 0 77.0929 84.1213
29 47 0 1.1764 1.29398
29 48 0 31.7015 33.1541
29 49 0 15.5537 20.729
29 50 0 21.6004 28.5294
29 51 0 99.7453 108.619
29 52 0 21.2054 24.2465
29 53 0 98.221 103.638
29 54 0 0.996651 1.26016
29 55 0 66.208 96.8621
29 56 0 10.5114 15.0029
29 57 0 43.4247 52.2258
29 58 0 40.9835 50.4429
29 59 0 4.30411 4.89912
29 60 0 13.2666 17.1987
30 1 0 28.8093 38.6193
30 2 0 85.2288 113.692
30 3 0 15.1911 22.5843
30 4 0 2.68906 2.95911
30 5 0 4.05411 5.37452
30 6 0 62.0279 84.601
30 7 0 29.7988 36.5511
30 8 0 94.9854 119.268
30 9 0 45.5675 49.7604
30 10 0 94.9628 130.022
30 11 0 93.1201 129.563
30 12 0 64.4603 89.0751
30 13 0 82.7261 104.57
30 14 0 73.9539 83.1341
30 15 0 69.842 103.263
30 16 0 70.6878 89.4965
30 17 0 51.3922 67.9306
30 18 0 72.0095 81.8955
30 19 0 91.3817 98.9316
30 20 1 39.6442 52.051
30 21 0 65.4859 70.3746
30 22 0 99.9872 110.981
30 23 0 41.4294 42.5016
30 24 0 39.2492 50.7022
30 25 0 3.47298 3.75163
30 26 0 28.8711 32.5083
30 27 0 51.0438 60.5699
30 28 0 10.7018 10.9541
30 29 0 22.479 24.2439
30 31 1 98.0442 109.764
30 32 0 46.0908 47.8036
30 33 0 70.2113 104.585
30 34 0 49.5038 66.633
30 35 0 44.9523 54.5797
30 36 0 74.0589 101.329
30 37 0 65.9517 85.9251
30 38 0 37.4798 48.5901
30 39 0 72.3622 79.8289
30 40 0 19.1557 19.7086
30 41 0 50.7194 62.6071
30 42 0 52.4295 58.6211
30 43 0 58.4295 75.189
30 44 0 88.7717 123.942
30 45 0 95.8526 142.664
30 46 0 41.6933 62.0722
30 47 0 47.8535 69.9505
30 48 0 35.8269 53.0705
30 49 0 49.8918 72.7528
30 50 0 12.2453 14.5584
30 51 0 82.0605 115.446
30 52 0 85.4698 116.712
30 53 0 20.186 24.3776
30 54 0 96.5406 137.486
30 55 0 48.5001 61.2128
30 56 0 17.6879 23.2904
30 57 0 19.9371 26.5327
30 58 0 67.699 75.6054
30 59 0 50.1309 52.9188
30 60 0 24.3776 34.6287
31 1 0 90.0032 98.0939
31 2 0 37.0946 46.0402
31 3 0 5.9807 7.51851
31 4 0 42.7046 59.3039
31 5 0 40.7219 60.4524
31 6 0 99.0431 135.628
31 7 0 16.914 22.7784
31 8 0 12.5361 18.2659
31 9 0 65.5143 79.9809
31 10 0 70.3603 101.623
31 11 0 8.45694 12.1368
31 12 0 39.1726 56.6249
31 13 0 73.942 98.987
31 14 0 31.9865 47.4756
31 15 0 57.6682 74.4904
31 16 0 13.6513 16.1134
31 17 0 37.828 54.2802
31 18 0 59.1047 72.4976
31 19 0 17.7262 18.4
31 20 0 15.7992 20.7316
31 21 0 59.6836 85.0293
31 22 0 36.5235 54.5
31 23 0 39.6774 53.3187
31 24 0 55.7391 73.0526
31 25 0 13.244 17.3611
31 26 0 24.2432 31.3407
31 27 0 15.9572 20.8799
31 28 0 2.47186 3.68879
31 29 0 83.4781 114.181
31 30 0 76.0176 100.104
31 32 1 10.2896 13.0036
31 33 0 80.8875 90.034
31 34 0 38.2534 42.0081
31 35 0 17.6833 22.9718
31 36 0 88.242 95.7347
31 37 0 92.559 106
31 38 0 50.616 70.8296
31 39 0 34.4152 36.5887
31 40 0 49.3495 52.9641
31 41 0 11.2223 11.7131
31 42 0 69.128 80.4957
31 43 0 63.998 93.9683
31 44 0 74.7108 77.1558
31 45 0 73.1554 73.7985
31 46 0 51.0234 70.3309
31 47 0 59.4635 88.0024
31 48 0 44.5915 62.4984
31 49 0 43.4473 54.1367
31 50 0 17.4435 19.989
31 51 0 47.2669 56.3149
31 52 0 86.6282 107.491
31 53 0 28.629 41.8088
31 54 0 36.9639 40.2465
31 55 0 2.59336 3.20358
31 56 0 82.6031 86.0374
31 57 0 80.2564 86.0129
31 58 0 34.4193 36.7529
31 59 0 23.4286 25.744
31 60 0 67.3343 95.4914
32 1 0 92.7253 123.437
32 2 0 4.22202 6.14586
32 3 0 58.3447 73.5014
32 4 0 6.2926 8.98522
32 5 0 14.8842 17.9478
32 6 0 55.3559 74.0124
32 7 0 2.75215 3.73606
32 8 0 64.2425 66.193
32 9 0 48.5483 70.2451
32 10 0 90.387 127.199
32 11 0 14.048 20.7747
32 12 0 91.2189 97.0161
32 13 0 88.5144 89.5848
32 14 0 25.6763 38.4804
32 15 0 20.5507 22.6799
32 16 0 94.0437 118.06
32 17 0 17.5945 26.26
32 18 0 83.5598 89.5157
32 19 0 23.642 31.8848
32 20 0 96.136 129.758
32 21 0 24.501 35.3366
32 22 0 9.54703 12.8157
32 23 0 60.1874 68.3589
32 24 0 67.3666 72.7875
32 25 0 56.928 61.8168
32 26 1 15.1366 19.5251
32 27 0 42.1332 54.4735
32 28 0 71.5823 97.2586
32 29 0 69.3371 96.0393
32 30 0 83.239 101.178
32 31 0 93.176 101.243
32 33 1 22.0276 24.6058
32 34 0 26.0642 32.803
32 35 0 9.3638 12.923
32 36 0 0.487369 0.599318
32 37 0 31.1051 38.2177
32 38 0 53.2649 76.1297
32 39 0 16.7508 18.6381
32 40 0 88.6174 116.122
32 41 0 45.6839 53.5848
32 42 0 30.2595 40.8063
32 43 0 27.3228 32.275
32 44 0 97.5764 103.219
32 45 0 73.6191 84.2055
32 46 0 50.8331 70.0929
32 47 0 51.8931 58.1205
32 48 0 15.4569 19.4632
32 49 0 82.6653 86.7187
32 50 0 43.3397 52.8616
32 51 0 55.9935 66.1617
32 52 0 14.4077 20.112
32 53 0 77.2992 87.3322
32 54 0 37.9056 39.3734
32 55 0 84.6164 86.7012
32 56 0 35.1135 51.4832
32 57 0 55.6492 60.6439
32 58 0 65.3897 73.5194
32 59 0 83.7735 99.7258
32 60 0 67.6714 92.7922
33 1 0 88.9472 117.833
33 2 0 49.2838 52.1709
33 3 1 80.4858 109.835
33 4 0 50.9642 74.4633
33 5 0 83.3389 95.5544
33 6 0 94.1116 99.4114
33 7 0 56.9481 75.0957
33 8 0 35.6151 36.8925
33 9 0 64.4257 95.6873
33 10 0 47.3847 61.1131
33 11 0 27.3199 29.2068
33 12 0 66.3729 89.2025
33 13 0 33.0845 45.1374
33 14 0 56.4833 77.2768
33 15 0 62.4037 86.8725
33 16 0 21.5618 27.511
33 17 0 77.3383 90.2483
33 18 0 59.9948 74.7591
33 19 0 58.1357 77.6585
33 20 0 9.60065 11.9753
33 21 0 60.2559 73.7146
33 22 0 83.4925 101.521
33 23 0 10.1947 10.9184
33 24 0 60.4187 75.7427
33 25 0 57.3153 81.0669
33 26 0 57.6938 71.6927
33 27 0 87.1577 115.889
33 28 0 31.4312 46.8697
33 29 0 23.7645 33.5935
33 30 0 14.8687 22.1156
33 31 0 5.49533 8.14354
33 32 0 61.7609 66.4456
33 34 1 53.44 65.7816
33 35 0 2.22808 3.21959
33 36 0 87.8995 131.312
33 37 0 50.3735 69.8205
33 38 0 15.3692 22.6082
33 39 0 72.9475 106.344
33 40 0 44.3693 55.4805
33 41 0 12.6453 16.081
33 42 0 95.6932 101.62
33 43 0 43.0513 48.7318
33 44 0 6.39454 8.21337
33 45 0 66.9654 90.1973
33 46 0 80.9736 102.588
33 47 0 64.9262 70.6989
33 48 0 93.996 95.2564
33 49 0 82.4421 107.464
33 50 0 98.8656 125.413
33 51 0 28.8775 36.242
33 52 0 29.9855 33.6377
33 53 0 77.1854 105.368
33 54 0 99.6539 110.982
33 55 0 14.8079 18.445
33 56 0 51.9118 59.809
33 57 0 76.8665 106.211
33 58 0 23.8392 34.269
33 59 0 76.5439 87.8908
33 60 0 38.0842 48.2996
34 1 0 32.5597 33.3609
34 2 0 10.4228 13.8957
34 3 0 34.0598 44.3332
34 4 0 64.9173 93.079
34 5 0 37.8286 41.1772
34 6 0 15.1702 18.0762
34 7 0 67.868 86.0836
34 8 0 12.3008 14.0872
34 9 0 64.962 67.8711
34 10 0 19.9693 28.7978
34 11 0 86.6781 126.964
34 12 0 21.7713 26.6712
34 13 0 62.6463 87.7248
34 14 0 9.73182 9.9433
34 15 0 86.649 119.93
34 16 0 95.6903 112.907
34 17 0 84.8334 88.7567
34 18 0 92.8338 108.429
34 19 0 10.0349 14.7614
34 20 0 94.6566 107.327
34 21 0 57.7902 77.8259
34 22 0 58.6792 66.403
34 23 0 59.9391 74.8362
34 24 0 54.9894 61.8758
34 25 0 73.1099 99.9694
34 26 0 15.519 16.6194
34 27 0 98.0446 100.903
34 28 0 65.2328 88.3972
34 29 0 14.2973 16.7956
34 30 0 75.121 77.6693
34 31 0 15.6075 17.7925
34 32 0 14.1 16.0749
34 33 0 25.5505 36.9444
34 35 1 16.9822 18.5538
34 36 0 49.881 59.3718
34 37 0 90.0834 121.445
34 38 0 42.2191 59.3487
34 39 0 4.84214 5.0447
34 40 0 28.7175 32.8396
34 41 0 54.3002 66.8314
34 42 0 5.5568 5.86563
34 43 0 55.1928 74.3441
34 44 0 26.2681 32.9394
34 45 0 35.3496 38.321
34 46 0 18.8132 20.2259
34 47 0 66.6755 86.0832
34 48 0 36.3531 51.8522
34 49 0 45.3919 58.8571
34 50 0 28.4793 31.0448
34 51 0 25.9669 32.4975
34 52 0 52.8021 78.8552
34 53 0 57.7104 85.7876
34 54 0 96.8578 133.301
34 55 0 16.8894 20.484
34 56 0 3.84209 4.59962
34 57 0 88.4608 90.499
34 58 0 10.1613 11.5962
34 59 0 13.5727 19.6426
34 60 0 27.3895 40.9197
35 1 0 69.4454 81.9998
35 2 0 98.6103 111.135
35 3 0 59.2962 78.6265
35 4 0 18.8082 21.5191
35 5 0 0.863787 1.19634
35 6 0 57.2763 79.5234
35 7 0 3.17719 3.64919
35 8 0 26.8983 38.1551
35 9 0 3.66465 4.87008
35 10 0 65.7998 90.3917
35 11 0 17.6747 18.9906
35 12 0 78.4273 112.254
35 13 0 40.3842 42.0255
35 14 0 24.1684 32.1672
35 15 0 81.2706 96.1147
35 16 0 94.9732 107.859
35 17 0 8.64392 11.898
35 18 0 81.7643 106.886
35 19 0 35.7783 51.0806
35 20 0 58.7955 84.7328
35 21 0 98.5402 111.939
35 22 0 96.8408 107.338
35 23 0 26.1435 37.882
35 24 0 97.5065 117.334
35 25 0 98.192 111.702
35 26 0 29.638 33.8376
35 27 0 14.1589 19.4915
35 28 0 6.40231 8.54353
35 29 0 93.7088 128.444
35 30 0 11.5555 14.9885
35 31 0 24.1034 24.6557
35 32 0 99.7522 147.565
35 33 0 25.3179 33.9469
35 34 0 21.4274 29.5595
35 36 1 81.4132 87.4359
35 37 0 64.1367 71.5702
35 38 0 91.6769 112.31
35 39 0 57.7644 72.9507
35 40 0 15.7671 21.4577
35 41 0 4.56986 5.99172
35 42 0 90.9165 120.108
35 43 0 57.7185 65.5259
35 44 0 74.7991 78.7664
35 45 0 93.2156 101.166
35 46 0 44.9997 48.982
35 47 0 75.5884 94.2412
35 48 0 79.3494 90.9737
35 49 0 5.70887 8.20949
35 50 0 7.17826 8.26942
35 51 0 16.6334 20.0753
35 52 0 49.1228 64.919
35 53 0 74.0352 100.347
35 54 0 53.5084 79.6768
35 55 0 60.9004 82.8413
35 56 0 89.1715 109.117
35 57 0 80.2299 108.207
35 58 0 80.8974 101.043
35 59 0 89.129 91.079
35 60 0 70.4224 91.9586
36 1 0 91.7354 118.608
36 2 0 15.8606 17.1219
36 3 0 27.8804 39.9287
36 4 0 10.8921 12.47
36 5 0 45.871 47.9586
36 6 0 68.2759 89.3732
36 7 0 33.3197 33.4083
36 8 0 20.5869 21.7443
36 9 0 62.9985 72.9213
36 10 0 81.5706 116.165
36 11 0 59.6526 61.4291
36 12 0 87.313 125.972
36 13 0 79.3783 102.542
36 14 0 91.4163 109.709
36 15 0 52.0585 77.8895
36 16 0 68.5916 97.409
36 17 0 88.9497 123.616
36 18 0 33.1231 42.9077
36 19 0 77.9808 107.98
36 20 0 13.4337 14.681
36 21 0 48.695 59.5426
36 22 0 85.559 102.657
36 23 0 13.2071 16.2142
36 24 0 60.1564 90.0676
36 25 0 74.2199 93.9093
36 26 0 90.2621 110.822
36 27 0 40.4113 43.5138
36 28 0 49.0331 64.8934
36 29 0 48.4038 58.2756
36 30 0 53.5034 73.916
36 31 0 34.5027 41.8237
36 32 0 45.9401 55.9859
36 33 0 77.8657 94.23
36 34 0 8.93438 10.4319
36 35 0 11.5445 12.6975
36 37 1 82.1727 109.853
36 38 0 48.1332 53.8389
36 39 0 31.702 44.7762
36 40 0 92.6048 106.206
36 41 0 86.9687 89.8302
36 42 0 22.3704 33.3524
36 43 0 54.5476 71.6487
36 44 0 16.1325 23.8476
36 45 0 46.7975 66.1047
36 46 0 24.2988 30.5199
36 47 0 30.5973 34.2042
36 48 0 18.2988 21.996
36 49 0 28.5624 38.1006
36 50 0 81.0903 84.9994
36 51 0 71.9514 73.3432
36 52 0 71.9735 96.1768
36 53 0 94.3448 96.3326
36 54 0 12.6805 17.4766
36 55 0 78.4912 94.1745
36 56 0 84.6192 101.951
36 57 0 52.5692 56.8148
36 58 0 17.4856 21.5966
36 59 0 84.2606 118.249
36 60 0 80.1508 119.667
37 1 0 57.3566 80.5676
37 2 0 9.40403 13.0503
37 3 0 47.7133 67.1931
37 4 0 94.8541 116.289
37 5 0 96.9166 123.714
37 6 0 16.1516 18.1531
37 7 0 44.2685 48.0645
37 8 0 48.5016 54.6555
37 9 0 73.2131 90.4749
37 10 0 53.305 79.4465
37 11 0 49.4692 55.0294
37 12 0 42.0131 52.091
37 13 0 80.4817 108.301
37 14 0 9.20039 10.7711
37 15 0 99.622 135.456
37 16 0 59.3556 66.6526
37 17 0 30.8798 40.2631
37 18 0 67.6852 88.6171
37 19 0 77.1607 78.0325
37 20 0 89.7364 101.032
37 21 0 59.2776 66.1194
37 22 0 91.6038 136.109
37 23 0 82.2903 120.347
37 24 0 20.2183 21.5777
37 25 0 23.0201 25.9772
37 26 0 66.6616 75.2324
37 27 0 80.4948 108.887
37 28 0 22.164 25.1951
37 29 0 33.8462 39.8686
37 30 0 12.7734 17.3483
37 31 0 77.602 80.6869
37 32 0 76.0678 98.5546
37 33 0 90.3468 135
37 34 0 72.2701 82.8157
37 35 0 13.4289 13.4519
37 36 0 31.0698 40.0756
37 38 1 91.8217 133.251
37 39 0 66.6189 90.8648
37 40 0 53.0168 65.2387
37 41 0 47.6673 48.0538
37 42 0 67.6247 77.9859
37 43 0 53.8249 62.5379
37 44 0 99.5399 101.285
37 45 0 43.8324 48.8604
37 46 0 55.2771 77.4466
37 47 0 40.5444 43.3105
37 48 0 79.4463 110.998
37 49 0 52.9106 72.7465
37 50 0 34.4756 42.5027
37 51 0 38.2831 48.0183
37 52 0 58.0489 61.9365
37 53 0 44.1106 59.4804
37 54 0 85.2403 88.6236
37 55 0 98.3839 108.39
37 56 0 30.3555 42.9142
37 57 0 84.3398 116.802
37 58 0 64.5979 74.1582
37 59 0 98.7236 110.402
37 60 0 98.1774 120.684
38 1 0 52.6657 78.402
38 2 0 74.3625 84.6435
38 3 0 54.5302 61.6801
38 4 0 34.1023 41.0592
38 5 0 32.8691 37.1171
38 6 0 63.358 72.5049
38 7 0 15.5681 21.0459
38 8 0 89.2297 89.8876
38 9 0 7.72622 11.2432
38 10 0 10.2959 15.1473
38 11 0 97.196 110.895
38 12 0 51.6896 51.9095
38 13 0 47.7566 68.9493
38 14 0 31.6524 33.5107
38 15 0 57.1687 63.7365
38 16 0 44.4683 55.8281
38 17 0 78.3717 87.6833
38 18 0 28.3438 38.0372
38 19 0 67.237 86.9821
38 20 0 82.5514 91.4702
38 21 0 51.6996 66.8916
38 22 0 74.7695 106.546
38 23 0 45.7198 52.1433
38 24 0 25.6061 31.9973
38 25 0 26.266 28.4409
38 26 0 14.1143 15.0503
38 27 0 42.106 58.7047
38 28 0 67.5387 79.3757
38 29 0 3.90574 4.6466
38 30 0 42.3937 53.7574
38 31 0 21.3197 26.9357
38 32 0 97.0628 133.557
38 33 0 0.837435 0.947121
38 34 0 61.2899 91.2561
38 35 0 1.8071 2.68815
38 36 0 68.2322 78.4907
38 37 0 19.9231 20.8911
38 39 1 29.472 33.4109
38 40 0 98.1141 121.165
38 41 0 50.0249 68.5026
38 42 0 47.347 53.939
38 43 0 51.2116 71.0385
38 44 0 68.737 95.4443
38 45 0 35.6023 51.7228
38 46 0 10.1759 13.8311
38 47 0 43.9698 44.3686
38 48 0 24.4252 25.8274
38 49 0 68.2354 86.256
38 50 0 63.5945 65.6071
38 51 1 34.4108 48.5539
38 52 0 32.4861 41.4153
38 53 0 12.5579 17.4725
38 54 0 22.9619 23.1503
38 55 0 19.1766 21.0735
38 56 0 68.485 90.1844
38 57 0 1.2633 1.65864
38 58 0 27.1143 28.3875
38 59 0 19.5289 19.5952
38 60 0 84.4711 117.729
39 1 0 93.2587 124.689
39 2 0 39.0465 58.0352
39 3 0 26.7118 36.6375
39 4 0 17.9061 24.7567
39 5 0 89.1328 98.3771
39 6 0 75.6826 93.8526
39 7 0 59.2377 85.1606
39 8 0 61.0832 68.7125
39 9 0 78.1299 90.916
39 10 0 61.6944 70.0771
39 11 0 9.57503 10.4771
39 12 0 93.8287 124.495
39 13 0 91.876 108.323
39 14 0 27.2309 38.3918
39 15 0 48.3124 70.1577
39 16 1 63.4622 93.7855
39 17 0 32.2182 47.2223
39 18 0 72.3044 99.0845
39 19 0 60.7619 83.8999
39 20 0 56.4972 60.9994
39 21 0 69.4181 103.274
39 22 0 0.681386 0.942369
39 23 0 85.5369 121.707
39 24 0 77.3384 88.8883
39 25 0 99.0283 122.855
39 26 0 49.775 57.6009
39 27 0 90.758 131.82
39 28 0 23.9518 25.3868
39 29 0 93.9599 113.861
39 30 0 28.4241 40.0456
39 31 0 10.1892 10.82
39 32 0 48.1899 71.206
39 33 0 5.40295 7.62975
39 34 0 47.9522 53.8935
39 35 0 38.0152 44.484
39 36 0 68.9979 77.0378
39 37 0 7.00742 8.88391
39 38 0 96.7361 105.219
39 40 1 19.6487 24.9991
39 41 0 48.0025 59.0023
39 42 0 23.2938 34.4819
39 43 0 53.3069 66.7108
39 44 0 13.4922 14.62
39 45 0 20.3662 27.3841
39 46 0 61.5596 73.6726
39 47 0 32.9554 34.3287
39 48 0 53.3885 76.8568
39 49 0 11.3325 16.0615
39 50 0 35.3625 38.2582
39 51 0 91.4483 104.506
39 52 0 7.3394 10.1224
39 53 0 69.8278 95.5281
39 54 0 53.4878 77.5582
39 55 0 50.7727 58.6372
39 56 0 9.99367 12.8344
39 57 0 36.6056 46.7979
39 58 0 30.493 38.9579
39 59 0 6.39981 9.08639
39 60 0 95.2433 128.503
40 1 0 95.9723 133.605
40 2 0 82.9731 119.721
40 3 0 43.806 52.0003
40 4 0 78.2959 80.4018
40 5 0 27.5336 31.3284
40 6 0 57.3625 57.4163
40 7 0 81.5379 110.316
40 8 0 77.2396 105.691
40 9 0 86.1303 119.247
40 10 0 49.4607 73.8523
40 11 0 31.589 44.7369
40 12 0 41.5095 46.6438
40 13 0 32.8317 47.4782
40 14 0 5.31389 7.11096
40 15 0 20.9034 25.913
40 16 0 82.7633 83.0519
40 17 0 30.0697 34.0188
40 18 0 26.2772 38.0941
40 19 0 1.18739 1.5669
40 20 0 73.6449 79.4684
40 21 0 99.996 112.028
40 22 0 92.2952 127.898
40 23 0 96.4298 113.349
40 24 0 29.6768 39.986
40 25 0 68.7973 88.8919
40 26 0 54.5357 64.7956
40 27 0 81.5019 113.005
40 28 0 27.4212 36.6248
40 29 0 75.6881 94.5016
40 30 0 81.6935 94.4035
40 31 0 77.5527 108.479
40 32 0 92.6725 120.147
40 33 0 4.30953 5.33659
40 34 0 16.0676 18.9237
40 35 0 86.713 93.5841
40 36 0 22.4853 29.5692
40 37 0 15.7679 23.563
40 38 0 24.8406 34.6856
40 39 0 55.5535 64.7423
40 41 1 78.2368 88.7221
40 42 0 36.3837 51.0857
40 43 0 57.5099 64.1806
40 44 0 56.3831 84.1162
40 45 0 60.9458 81.0898
40 46 0 3.20947 3.53184
40 47 0 18.9519 27.2126
40 48 0 48.8384 65.9229
40 49 0 10.8351 13.7934
40 50 0 9.5721 13.6685
40 51 0 36.0739 50.4686
40 52 0 47.6623 63.906
40 53 0 46.1317 51.0797
40 54 0 66.1294 78.0667
40 55 0 6.27629 7.18645
40 56 0 41.3865 41.7329
40 57 0 10.5525 14.2647
40 58 0 94.0339 97.5078
40 59 0 30.3474 44.1608
40 60 0 48.7281 69.8289
41 1 0 40.8297 49.5955
41 2 0 99.1071 123.131
41 3 0 84.8935 111.501
41 4 0 95.2255 130.514
41 5 0 22.0257 23.5278
41 6 0 42.7502 44.7635
41 7 0 95.2196 131.608
41 8 0 19.063 23.9891
41 9 0 44.0796 65.3133
41 10 0 25.4953 30.0545
41 11 0 28.5472 34.8332
41 12 0 85.4933 96.8046
41 13 0 57.8163 73.7172
41 14 0 16.3106 22.9075
41 15 0 88.073 118.368
41 16 0 86.1605 112.551
41 17 0 97.3659 135.907
41 18 0 55.7243 66.0213
41 19 0 3.09737 3.2864
41 20 0 89.2845 95.0155
41 21 0 51.5181 72.399
41 22 0 1.70819 2.31599
41 23 0 31.2811 36.6211
41 24 0 56.5548 83.4749
41 25 0 28.5457 30.2468
41 26 0 57.464 78.4061
41 27 0 30.4577 38.3533
41 28 0 2.7848 3.43805
41 29 0 56.7599 83.3603
41 30 0 4.09087 6.02386
41 31 0 58.1153 78.6667
41 32 0 94.4927 129.689
41 33 0 35.4358 51.5315
41 34 0 27.8777 33.3525
41 35 0 51.006 75.9362
41 36 0 3.91841 4.6505
41 37 0 39.2667 48.1771
41 38 0 98.8013 121.791
41 39 0 37.0616 41.6401
41 40 0 18.3406 26.7041
41 42 1 98.9653 141.759
41 43 0 76.1132 77.5491
41 44 0 78.7578 82.8296
41 45 0 69.337 103.912
41 46 0 73.0789 83.7584
41 47 0 4.62217 6.16714
41 48 0 58.5271 65.0024
41 49 0 54.7122 57.3478
41 50 0 94.8611 103.347
41 51 0 47.6598 70.2955
41 52 0 85.8627 101.17
41 53 0 64.1481 71.5912
41 54 1 69.4623 82.416
41 55 0 0.927914 0.978756
41 56 0 97.5602 122.416
41 57 0 59.6428 66.1276
41 58 0 32.6982 48.6022
41 59 0 64.2548 65.8649
41 60 0 47.6686 70.7742
42 1 0 57.1 69.6358
42 2 0 40.1132 52.8905
42 3 0 65.7926 70.6575
42 4 0 74.1036 83.3357
42 5 0 95.4518 132.868
42 6 0 78.4767 108.348
42 7 0 0.119053 0.156381
42 8 0 20.2912 26.225
42 9 0 70.0602 102.151
42 10 0 65.7714 74.6783
42 11 0 24.0087 28.2985
42 12 0 91.3396 111.868
42 13 0 82.8833 101.957
42 14 0 46.289 52.2226
42 15 0 2.0498 2.65985
42 16 0 54.4983 59.9292
42 17 0 82.4763 117.699
42 18 0 33.9694 48.6439
42 19 0 75.1808 102.829
42 20 0 16.8858 24.2065
42 21 0 90.2882 123.71
42 22 0 40.6321 55.1328
42 23 0 45.0131 58.9357
42 24 0 23.2096 30.3355
42 25 0 94.599 112.759
42 26 0 9.91116 14.2297
42 27 0 93.5873 96.1662
42 28 0 26.1042 34.346
42 29 0 50.8995 60.2887
42 30 0 68.4452 100.6
42 31 0 93.2287 120.745
42 32 0 99.0982 129.069
42 33 0 34.8231 47.1026
42 34 0 34.5922 42.8326
42 35 0 66.3818 90.8309
42 36 0 28.9955 32.8138
42 37 0 55.1971 82.2679
42 38 0 85.5964 121.834
42 39 0 79.9517 93.9585
42 40 0 76.8284 99.139
42 41 0 1.41433 1.96257
42 43 1 18.3799 20.2058
42 44 0 70.6001 78.921
42 45 0 73.4452 74.2745
42 46 0 13.971 18.0536
42 47 0 64.6268 69.7632
42 48 0 63.5775 65.9883
42 49 1 33.2555 48.9176
42 50 0 10.1506 11.934
42 51 0 20.6699 21.0045
42 52 0 53.3809 76.9389
42 53 0 76.8091 108.777
42 54 0 46.7435 50.0139
42 55 0 74.0688 103.433
42 56 0 42.3868 53.7605
42 57 0 11.2497 11.5514
42 58 0 99.7685 112.923
42 59 0 59.5565 76.8198
42 60 0 72.1173 74.8195
43 1 0 29.319 34.9178
43 2 0 43.9267 47.7025
43 3 0 49.9393 62.8429
43 4 0 46.959 64.0526
43 5 0 67.6902 80.1082
43 6 0 10.7362 15.9143
43 7 0 90.7625 135.158
43 8 0 27.0399 33.4139
43 9 0 44.2156 61.9844
43 10 0 16.6876 18.2578
43 11 0 98.386 126.849
43 12 0 44.9226 49.0554
43 13 0 16.1156 18.9294
43 14 0 54.9811 73.15
43 15 0 16.4962 20.3303
43 16 0 98.6866 140.188
43 17 0 66.8285 76.8415
43 18 0 27.2878 31.5929
43 19 0 55.7337 71.7765
43 20 0 26.1466 38.5958
43 21 0 69.7563 103.954
43 22 0 72.746 83.3904
43 23 0 95.3916 125.269
43 24 0 71.9831 89.9105
43 25 0 33.4845 41.9652
43 26 0 56.9048 57.5988
43 27 0 40.1652 48.9155
43 28 0 56.0079 59.7184
43 29 0 94.9658 115.161
43 30 0 73.4767 104.995
43 31 0 22.8516 30.8654
43 32 0 74.7172 83.7858
43 33 0 70.047 85.1788
43 34 0 88.9947 93.0944
43 35 0 76.1951 91.9783
43 36 0 52.1896 53.6892
43 37 0 31.2625 39.5007
43 38 0 67.1832 84.1319
43 39 0 78.287 107.618
43 40 0 45.0078 66.6074
43 41 0 86.0415 104.608
43 42 0 29.8355 42.0392
43 44 1 73.3294 73.9804
43 45 0 84.8078 126.969
43 46 0 47.6763 56.0401
43 47 0 68.4255 71.5605
43 48 0 9.09928 12.9637
43 49 0 10.0791 12.5606
43 50 0 26.2161 38.7139
43 51 0 90.9674 93.5545
43 52 0 14.2593 16.2767
43 53 0 95.4325 136.312
43 54 0 2.56858 2.6042
43 55 0 18.0761 23.0947
43 56 0 45.2752 63.536
43 57 0 52.423 66.5444
43 58 0 65.7657 92.7522
43 59 0 92.6784 117.655
43 60 0 19.2582 28.8521
44 1 0 8.82469 10.8022
44 2 0 45.7324 52.1453
44 3 0 18.7421 26.3101
44 4 0 78.9385 90.2037
44 5 0 31.5864 42.0604
44 6 0 24.1036 24.7097
44 7 0 79.9539 94.8883
44 8 0 16.4193 20.9697
44 9 0 9.29472 12.5186
44 10 0 41.0966 57.6191
44 11 1 63.8597 77.5708
44 12 0 24.9989 36.9945
44 13 0 2.07336 2.6258
44 14 0 13.8561 20.1955
44 15 0 71.9126 76.8366
44 16 0 72.8646 102.961
44 17 0 18.7061 24.7411
44 18 0 54.3226 56.0065
44 19 0 34.5929 50.8535
44 20 0 78.3846 117.311
44 21 0 46.9123 67.4857
44 22 0 51.3413 53.5702
44 23 0 97.9718 129.572
44 24 0 40.3152 58.065
44 25 0 22.2368 27.5015
44 26 0 64.7095 68.2045
44 27 1 37.6846 50.8897
44 28 0 77.1844 78.1847
44 29 0 13.1591 19.5933
44 30 0 23.4021 34.0397
44 31 0 38.3524 46.8642
44 32 0 68.2678 82.5575
44 33 0 11.6069 13.0616
44 34 0 24.2015 24.6518
44 35 0 64.9502 79.9086
44 36 0 89.2883 105.895
44 37 0 69.7872 85.6466
44 38 0 65.1913 91.3682
44 39 0 2.77874 3.67883
44 40 0 72.5128 93.9212
44 41 0 93.0537 136.288
44 42 0 77.6438 82.2344
44 43 0 76.4942 106.555
44 45 1 41.2032 42.5751
44 46 0 95.8492 109.142
44 47 0 34.4389 47.1531
44 48 0 35.9514 52.5164
44 49 0 36.9514 50.1033
44 50 0 42.3885 56.0708
44 51 0 55.5053 79.766
44 52 0 4.39912 5.13658
44 53 0 59.1385 63.5615
44 54 0 47.2257 50.4956
44 55 0 51.4204 59.1568
44 56 0 22.7049 24.4599
44 57 0 91.2629 107.441
44 58 0 85.5491 99.8975
44 59 0 35.3217 42.8825
44 60 0 23.5174 31.6371
45 1 0 58.226 61.9476
45 2 0 34.9999 39.7255
45 3 0 61.0648 81.5197
45 4 0 14.4342 15.6026
45 5 0 37.9107 49.7676
45 6 0 18.4562 22.7671
45 7 0 53.4244 74.2304
45 8 0 14.6976 18.8097
45 9 0 74.9412 78.7501
45 10 0 66.2691 99.3005
45 11 0 92.9739 108.206
45 12 0 5.09162 5.66317
45 13 0 22.9033 24.6285
45 14 0 16.4136 17.4727
45 15 0 92.6314 98.8983
45 16 0 98.4166 104.36
45 17 0 1.06367 1.1104
45 18 0 59.2709 71.9518
45 19 0 64.0671 73.9129
45 20 0 76.5788 100.336
45 21 0 76.5747 107.853
45 22 0 25.9524 31.878
45 23 0 55.2281 74.3458
45 24 0 55.4882 77.6183
45 25 0 20.8102 27.8315
45 26 0 59.5431 66.208
45 27 0 42.4689 44.0585
45 28 0 56.6082 67.5777
45 29 0 67.7234 96.6839
45 30 0 98.1376 112.839
45 31 0 86.8828 98.4502
45 32 0 74.776 76.3693
45 33 0 74.6355 98.5484
45 34 0 19.9824 22.8517
45 35 0 56.9853 60.4664
45 36 0 85.0031 118.801
45 37 0 1.44107 1.83455
45 38 0 39.8386 44.5545
45 39 0 36.2523 53.5223
45 40 0 76.4528 95.6579
45 41 0 82.3241 119.67
45 42 0 4.73603 4.94274
45 43 0 87.4769 93.0847
45 44 0 36.7222 37.8319
45 46 1 58.7733 83.7306
45 47 0 5.99374 8.27739
45 48 0 34.7829 48.498
45 49 0 58.7649 78.3951
45 50 0 92.0073 99.6849
45 51 0 2.05194 2.59665
45 52 0 89.5029 98.3897
45 53 0 2.24085 3.06495
45 54 0 59.4439 80.6387
45 55 0 52.5055 53.5904
45 56 0 36.1015 45.5746
45 57 0 70.4111 89.1222
45 58 0 61.8835 81.9878
45 59 0 54.5922 59.324
45 60 0 57.5151 83.7686
46 1 0 98.9631 127.167
46 2 0 3.93892 4.51413
46 3 0 66.1373 82.9361
46 4 0 46.2667 61.0847
46 5 0 10.5378 10.9315
46 6 0 12.884 16.8983
46 7 0 90.6571 104.196
46 8 0 73.0862 93.5542
46 9 0 44.4525 58.9968
46 10 0 4.93944 6.32873
46 11 0 11.5344 15.5195
46 12 0 17.1021 25.1817
46 13 0 50.7468 50.7697
46 14 0 31.4767 32.1419
46 15 0 62.3961 75.3168
46 16 0 27.4949 37.462
46 17 0 21.3733 21.7586
46 18 0 13.2448 17.7049
46 19 0 35.6703 44.549
46 20 0 29.4321 32.0858
46 21 0 94.7672 127.312
46 22 0 77.5413 110.986
46 23 0 64.5423 73.591
46 24 0 26.6155 32.3476
46 25 0 13.4693 15.8153
46 26 0 60.0948 75.0966
46 27 0 6.3791 6.70994
46 28 0 99.3155 144.783
46 29 0 19.6473 26.0848
46 30 0 78.0008 109.197
46 31 0 18.6319 27.2076
46 32 0 21.1638 30.1253
46 33 0 4.60461 5.85051
46 34 0 20.5626 27.6261
46 35 0 66.8762 72.2888
46 36 0 58.0654 68.2764
46 37 0 92.0699 132.433
46 38 0 10.3491 11.9644
46 39 0 95.5686 127.16
46 40 0 22.6167 24.5519
46 41 0 24.8677 26.7887
46 42 0 10.0613 11.3458
46 43 0 98.6859 107.776
46 44 0 81.9304 84.8134
46 45 0 62.6545 75.3464
46 47 1 43.8648 52.5701
46 48 0 24.4553 35.6416
46 49 0 0.718196 0.802016
46 50 0 20.4471 23.7112
46 51 0 1.74486 2.08331
46 52 0 96.3644 127.712
46 53 0 14.328 16.4331
46 54 0 74.55 103.116
46 55 0 37.7893 48.9954
46 56 0 75.4883 100.154
46 57 0 89.7446 126.575
46 58 0 73.9109 105.781
46 59 0 2.30662 2.36976
46 60 0 6.45653 7.19197
47 1 0 22.2159 28.4957
47 2 0 93.7345 108.879
47 3 0 14.4582 19.2119
47 4 0 2.1778 2.36044
47 5 0 24.2172 32.9327
47 6 0 52.1373 71.7492
47 7 0 0.681516 0.707373
47 8 0 16.4394 19.4718
47 9 0 38.0893 50.4456
47 10 0 67.3621 93.6978
47 11 0 25.9253 34.0955
47 12 0 56.2489 69.4764
47 13 0 6.15173 7.09032
47 14 0 89.088 132.368
47 15 0 88.8336 120.83
47 16 0 57.6967 59.4503
47 17 0 26.2816 38.0277
47 18 0 21.0755 26.0963
47 19 0 96.5197 117.38
47 20 0 14.8927 16.2191
47 21 0 12.4779 17.1615
47 22 0 70.7228 93.9297
47 23 0 65.867 73.4322
47 24 0 40.0619 43.8756
47 25 0 97.3785 126.794
47 26 0 37.9511 40.8139
47 27 0 14.692 20.7923
47 28 0 29.7513 39.3302
47 29 0 89.3153 94.3463
47 30 0 7.72677 9.9953
47 31 0 17.6862 25.8556
47 32 0 84.5063 113.587
47 33 0 95.7077 119.124
47 34 0 60.4349 70.4821
47 35 0 61.9933 81.0782
47 36 0 56.7922 58.6281
47 37 0 63.7833 65.8254
47 38 0 48.8924 70.7848
47 39 0 35.3857 39.9506
47 40 0 12.875 13.0097
47 41 0 91.217 123.56
47 42 0 71.9529 98.9483
47 43 0 26.7284 39.5583
47 44 0 6.35667 6.68264
47 45 0 36.0349 52.8859
47 46 0 6.76734 8.89087
47 48 1 44.6986 50.7783
47 49 0 27.982 41.4158
47 50 0 76.1458 95.2898
47 51 0 54.9229 73.8741
47 52 0 16.5162 18.3323
47 53 0 38.9011 43.3656
47 54 0 44.8617 52.1735
47 55 0 32.5852 35.8952
47 56 0 54.2397 74.2437
47 57 0 68.0617 90.3951
47 58 0 53.4072 55.9783
47 59 0 86.6324 128.967
47 60 0 10.0927 12.2877
48 1 0 29.2709 33.6177
48 2 0 84.431 111.652
48 3 0 54.2981 63.9737
48 4 0 26.9979 29.9234
48 5 0 59.4006 70.1123
48 6 0 5.94912 6.06009
48 7 0 88.4785 128.562
48 8 0 32.6552 33.1564
48 9 0 91.122 118.234
48 10 0 40.5594 50.8687
48 11 0 4.95498 5.30965
48 12 0 40.8902 54.2219
48 13 0 60.5096 80.8691
48 14 0 93.6301 131.736
48 15 0 43.677 53.1209
48 16 0 42.3337 59.4267
48 17 0 73.4366 98.8187
48 18 0 81.78 84.1699
48 19 0 3.91102 5.63847
48 20 0 9.41526 13.4443
48 21 0 88.525 115.669
48 22 0 41.7947 43.6309
48 23 0 49.481 69.9034
48 24 0 14.3218 18.6789
48 25 0 38.6827 53.0927
48 26 0 78.9082 102.289
48 27 0 35.9524 51.9581
48 28 0 31.132 38.4306
48 29 0 40.4252 47.6496
48 30 0 3.52529 3.63949
48 31 0 61.1313 86.4234
48 32 0 1.76752 1.99351
48 33 0 94.1384 122.801
48 34 0 28.2773 39.2965
48 35 0 87.6411 93.6913
48 36 0 38.8238 56.1315
48 37 0 84.6576 115.378
48 38 0 25.5332 35.5741
48 39 0 85.7556 100.241
48 40 0 3.9547 5.8648
48 41 0 39.5202 50.8095
48 42 0 22.354 29.1463
48 43 0 97.1479 140.099
48 44 0 27.9553 28.8131
48 45 0 66.6595 75.0211
48 46 0 30.2866 38.1055
48 47 0 10.6166 15.0213
48 49 1 43.6749 52.952
48 50 0 12.4259 15.2403
48 51 0 50.4614 66.8633
48 52 0 64.6513 70.1611
48 53 0 69.5552 95.2467
48 54 0 55.3254 68.4675
48 55 0 36.5851 52.1306
48 56 0 3.7477 4.69814
48 57 0 46.49 62.0562
48 58 0 78.2704 105.203
48 59 0 49.5927 71.4062
48 60 0 42.2387 56.3221
49 1 0 12.9162 14.246
49 2 0 5.13498 7.65803
49 3 0 11.8528 14.2766
49 4 0 83.1637 117.944
49 5 0 47.591 70.0169
49 6 0 90.2328 124.198
49 7 0 33.2018 39.5537
49 8 0 4.3561 6.34103
49 9 0 65.8289 67.9544
49 10 0 7.24062 8.4123
49 11 0 35.6758 45.3411
49 12 0 45.0058 47.5165
49 13 0 9.46276 11.3259
49 14 0 86.4612 95.2392
49 15 0 46.2395 68.1541
49 16 0 12.7906 17.1156
49 17 0 0.43826 0.64705
49 18 0 52.8176 70.26
49 19 0 31.5321 41.8446
49 20 0 98.6964 130.123
49 21 0 81.8366 118.44
49 22 0 53.6921 64.6736
49 23 0 42.2351 43.5657
49 24 0 43.1249 49.7551
49 25 0 78.1335 87.2794
49 26 0 40.6491 52.6017
49 27 0 89.0009 125.134
49 28 0 9.15682 12.5553
49 29 0 12.6241 16.9829
49 30 0 1.16882 1.6024
49 31 0 44.3684 56.164
49 32 0 25.0551 27.6336
49 33 0 28.0483 41.6558
49 34 0 74.3157 108.998
49 35 0 26.8904 36.1496
49 36 0 24.6996 30.168
49 37 0 15.5817 21.623
49 38 0 97.1381 107.062
49 39 0 71.8109 101.886
49 40 0 66.219 66.5217
49 41 0 26.2636 28.4936
49 42 0 78.6379 87.6253
49 43 0 38.3265 46.6834
49 44 0 57.1854 66.1486
49 45 0 86.9263 129.945
49 46 0 39.61 52.5093
49 47 0 9.38694 12.8356
49 48 0 71.4785 72.6469
49 50 1 59.6778 72.9505
49 51 0 15.5621 22.2448
49 52 0 81.5637 95.6227
49 53 0 26.1045 26.3129
49 54 0 26.2484 31.96
49 55 0 82.6125 113.44
49 56 0 22.6205 28.6815
49 57 0 66.9115 82.4775
49 58 0 87.8935 112.295
49 59 0 11.7477 11.7874
49 60 0 3.97231 4.88185
50 1 0 89.8867 118.482
50 2 0 13.5641 17.4147
50 3 0 7.40897 8.82394
50 4 0 44.3504 62.8128
50 5 0 44.2717 60.6868
50 6 0 17.9296 20.9993
50 7 0 12.5486 14.8291
50 8 0 52.5136 57.4526
50 9 0 99.916 109.365
50 10 0 41.1518 55.9241
50 11 0 53.6867 61.2793
50 12 0 37.5366 46.1222
50 13 0 3.00652 3.40899
50 14 0 99.4969 105.457
50 15 0 44.9008 51.9802
50 16 0 43.4493 59.2418
50 17 0 47.0002 52.8388
50 18 0 2.50545 2.7072
50 19 0 18.564 21.2619
50 20 0 52.9288 53.7545
50 21 0 13.5387 14.5574
50 22 0 75.1481 105.175
50 23 0 45.2947 59.1328
50 24 0 28.7539 42.1049
50 25 0 93.0178 123.774
50 26 0 6.76346 9.34556
50 27 0 96.3597 123.338
50 28 0 5.74229 7.51861
50 29 0 23.665 28.4638
50 30 0 39.3785 40.7073
50 31 0 36.0099 47.0038
50 32 0 72.8871 80.1718
50 33 0 25.9879 31.8633
50 34 0 68.4613 80.7043
50 35 0 34.1592 45.9775
50 36 0 88.753 109.308
50 37 0 37.8623 39.2217
50 38 0 79.9398 113.451
50 39 0 56.4889 64.0937
50 40 0 66.2901 73.6403
50 41 0 61.0677 76.0698
50 42 0 30.5829 33.9468
50 43 0 71.1522 83.5954
50 44 0 62.605 89.4783
50 45 0 59.5922 89.1617
50 46 0 44.0402 59.0398
50 47 0 87.682 100.908
50 48 0 81.0989 103.284
50 49 0 1.23153 1.54017
50 51 1 11.3254 13.3616
50 52 0 71.668 89.9147
50 53 0 0.577496 0.612891
50 54 0 16.1183 16.8025
50 55 0 6.71648 9.60756
50 56 0 89.7617 95.5974
50 57 0 54.9892 76.5526
50 58 0 33.0062 38.4425
50 59 0 65.2157 91.4558
50 60 0 45.6574 64.8777
51 1 0 71.1462 71.199
51 2 0 42.6486 47.0675
51 3 0 67.2368 67.403
51 4 0 78.1546 114.942
51 5 0 2.72006 3.26609
51 6 0 94.3552 120.126
51 7 0 24.3294 26.613
51 8 0 47.0209 70.1496
51 9 0 49.7156 55.3686
51 10 0 14.1742 18.9271
51 11 0 91.2619 110.072
51 12 0 55.5298 72.744
51 13 0 44.1275 52.44
51 14 0 74.0709 89.1959
51 15 0 95.7705 128.862
51 16 0 63.5373 90.2366
51 17 0 15.7776 19.1669
51 18 0 28.0717 37.4108
51 19 0 14.8427 15.7981
51 20 0 43.3342 59.5183
51 21 0 37.5909 54.4433
51 22 0 28.9999 33.5916
51 23 0 84.3167 101.876
51 24 0 29.7578 42.8646
51 25 0 45.9083 57.1628
51 26 0 88.2096 107.911
51 27 0 22.2493 23.4784
51 28 0 71.8697 86.891
51 29 0 8.77834 10.1502
51 30 0 1.49475 1.89142
51 31 0 0.509522 0.705719
51 32 0 3.77564 4.78088
51 33 0 3.63224 5.20526
51 34 0 91.4075 93.7454
51 35 0 17.7761 26.0933
51 36 0 55.9779 63.5273
51 37 0 62.7291 91.8362
51 38 0 53.2193 68.4322
51 39 0 22.6097 22.9958
51 40 0 40.1695 51.7942
51 41 0 13.4555 16.4042
51 42 0 67.9897 97.5843
51 43 0 90.5926 124.172
51 44 0 3.63778 4.25762
51 45 0 85.5335 120.232
51 46 0 36.881 43.4142
51 47 0 48.313 51.834
51 48 0 25.4444 34.4366
51 49 0 21.3523 31.8112
51 50 0 36.5122 42.0192
51 52 1 83.8812 113.294
51 53 0 80.6798 105.415
51 54 1 90.3374 125.973
51 55 0 16.5463 21.9464
51 56 0 46.8925 65.8887
51 57 0 92.4377 125.889
51 58 0 61.0726 71.7657
51 59 0 63.692 74.4454
51 60 0 1.70285 2.07796
52 1 0 57.2256 73.5644
52 2 0 98.3268 123.956
52 3 0 4.87468 5.38619
52 4 0 94.1887 107.351
52 5 0 0.217363 0.289197
52 6 0 55.4866 62.5973
52 7 0 19.8733 24.9933
52 8 0 47.0878 63.5415
52 9 0 50.9528 53.2567
52 10 0 88.0694 112.989
52 11 0 0.346693 0.474789
52 12 0 99.7286 110.023
52 13 0 1.27337 1.64998
52 14 0 97.1344 134.669
52 15 0 38.2016 41.9314
52 16 0 58.119 58.3237
52 17 0 63.5748 66.3233
52 18 0 98.0636 132.52
52 19 0 48.9928 65.6648
52 20 0 58.5857 87.7595
52 21 0 46.2612 62.2433
52 22 0 27.9231 29.2926
52 23 0 0.72274 0.90869
52 24 0 53.4687 60.7534
52 25 0 38.4993 51.8748
52 26 0 22.7314 29.5787
52 27 1 10.4931 15.2429
52 28 0 5.98219 6.59361
52 29 0 1.48066 1.52578
52 30 0 9.16398 11.079
52 31 0 87.2972 103.435
52 32 0 29.7229 43.3749
52 33 0 85.9242 117.218
52 34 0 1.2865 1.44732
52 35 0 12.5477 16.3283
52 36 0 6.35952 8.2796
52 37 0 89.5699 125.774
52 38 0 28.5415 30.6721
52 39 0 22.1796 24.273
52 40 0 60.1105 74.4471
52 41 0 78.9194 101.986
52 42 0 58.4281 69.4845
52 43 0 59.6309 71.1336
52 44 0 48.2012 51.6865
52 45 0 80.9877 88.1105
52 46 0 17.0513 23.1439
52 47 0 26.8728 39.778
52 48 0 37.9728 42.4942
52 49 0 44.0745 64.2998
52 50 0 16.537 19.3998
52 51 0 98.2178 113.752
52 53 1 7.83893 9.10867
52 54 0 73.9916 79.8849
52 55 0 38.0913 50.2594
52 56 0 90.929 104.717
52 57 0 63.27 89.6015
52 58 0 12.1865 12.1886
52 59 0 77.9369 89.9224
52 60 0 39.5661 44.2632
53 1 0 11 14.6115
53 2 0 67.2882 88.2691
53 3 0 84.3884 121.128
53 4 0 72.203 84.8018
53 5 0 32.0171 42.2404
53 6 0 50.6168 67.1692
53 7 0 49.6001 70.2854
53 8 0 46.9125 58.4207
53 9 0 87.7869 121.623
53 10 0 76.2646 106.179
53 11 0 11.9553 13.77
53 12 0 76.2286 91.7564
53 13 0 76.701 100.328
53 14 0 27.3859 33.2686
53 15 0 45.8137 51.4872
53 16 0 43.8631 47.8462
53 17 0 80.7508 111.687
53 18 1 59.0348 87.0714
53 19 0 81.9527 103.619
53 20 0 81.6897 105.043
53 21 0 18.0405 19.195
53 22 0 63.1521 88.7061
53 23 0 60.1873 85.7363
53 24 0 79.0353 99.3391
53 25 0 89.2166 132.181
53 26 0 70.0587 80.5881
53 27 0 29.5405 42.5287
53 28 0 79.5506 112.4
53 29 0 7.36506 7.87181
53 30 0 97.4196 117.357
53 31 0 48.9655 72.3719
53 32 0 34.2697 51.1424
53 33 0 44.7994 45.957
53 34 0 78.7106 81.995
53 35 0 10.2459 11.9431
53 36 0 13.264 14.2236
53 37 0 97.0295 141.702
53 38 0 99.1701 110.51
53 39 0 80.4002 83.5617
53 40 0 68.399 81.9721
53 41 0 73.4303 94.0189
53 42 0 13.979 19.9129
53 43 0 3.36053 4.58142
53 44 0 84.8166 88.9677
53 45 1 43.8516 53.8192
53 46 0 56.897 68.1307
53 47 0 63.9328 70.1657
53 48 0 90.2589 104.244
53 49 0 84.5015 121.517
53 50 0 21.2698 25.6337
53 51 0 57.5569 82.1133
53 52 0 47.8704 68.8781
53 54 1 43.7608 49.9721
53 55 0 82.284 85.2367
53 56 0 6.40227 9.24365
53 57 0 2.23711 2.30288
53 58 0 16.4513 23.9068
53 59 0 2.94462 2.94736
53 60 0 56.9044 83.5628
54 1 0 96.3546 137.878
54 2 0 85.5001 124.369
54 3 0 44.6926 57.4243
54 4 0 44.1568 58.6889
54 5 0 60.2428 72.8606
54 6 0 81.1511 111.765
54 7 0 89.8969 92.1335
54 8 0 88.1505 110.27
54 9 0 57.8819 58.3692
54 10 0 63.6414 90.4573
54 11 0 57.5289 74.4961
54 12 0 91.5804 96.7367
54 13 0 76.5491 104.549
54 14 0 75.4536 88.827
54 15 0 10.3111 11.7813
54 16 0 81.2818 111.263
54 17 0 43.4651 56.8781
54 18 0 2.48786 3.32324
54 19 0 82.279 106.386
54 20 0 68.6506 91.1395
54 21 0 96.4543 117.169
54 22 0 21.5453 26.5415
54 23 0 48.2297 50.075
54 24 0 32.3279 46.2509
54 25 0 18.2636 24.7213
54 26 0 91.8059 129.509
54 27 0 76.558 91.7987
54 28 0 98.8328 103.338
54 29 0 85.4757 127.207
54 30 0 12.5519 18.5802
54 31 0 15.1024 17.1449
54 32 0 13.8087 14.8935
54 33 0 83.0805 115.629
54 34 0 44.2709 51.9805
54 35 0 0.66721 0.672763
54 36 0 4.75066 5.22855
54 37 0 26.8294 29.2053
54 38 0 48.7405 62.9875
54 39 0 47.9369 70.7198
54 40 0 32.6848 46.8547
54 41 0 75.2354 112.55
54 42 0 3.65506 4.50177
54 43 0 53.1568 57.3047
54 44 0 18.9947 21.9162
54 45 0 35.9522 49.2045
54 46 0 4.76516 5.84861
54 47 0 14.7892 16.7906
54 48 0 33.1422 44.788
54 49 0 50.1161 65.7532
54 50 0 35.7377 49.7173
54 51 0 23.071 28.6189
54 52 0 6.23837 8.77127
54 53 0 53.9791 73.7279
54 55 1 92.5444 117.086
54 56 0 32.0107 44.5699
54 57 0 41.5424 55.6425
54 58 0 10.8232 15.3986
54 59 0 82.1246 98.5742
54 60 0 21.6815 26.1281
55 1 0 40.6035 52.6344
55 2 0 33.5501 47.3427
55 3 0 17.4098 18.7919
55 4 0 81.1348 110.616
55 5 0 28.7593 29.7489
55 6 0 70.4355 101.063
55 7 0 17.0447 21.8271
55 8 0 7.05916 7.40985
55 9 0 18.6028 22.4943
55 10 0 45.3347 46.359
55 11 0 0.746725 1.05195
55 12 0 50.2084 54.1682
55 13 0 3.37854 3.49825
55 14 0 56.6747 74.459
55 15 0 94.0249 127.383
55 16 0 72.5969 104.87
55 17 0 7.05748 10.2815
55 18 0 40.1449 48.2196
55 19 0 50.3245 61.2012
55 20 0 51.4209 56.0683
55 21 0 90.9514 125.461
55 22 0 17.1725 24.3119
55 23 0 14.8752 18.7499
55 24 0 26.6223 38.623
55 25 0 7.00498 10.2423
55 26 1 93.2096 126.136
55 27 0 38.0894 56.4723
55 28 0 74.5279 106.523
55 29 0 89.7122 132.704
55 30 0 20.3779 21.6761
55 31 0 96.4688 144.124
55 32 0 91.4672 132.878
55 33 0 55.953 73.6243
55 34 0 30.896 36.6011
55 35 0 86.3245 92.655
55 36 0 28.7091 39.9853
55 37 0 38.3123 46.6103
55 38 0 2.58127 2.83773
55 39 0 91.4293 134.178
55 40 0 78.2255 83.1605
55 41 0 43.3204 45.2103
55 42 0 6.05469 6.83433
55 43 0 31.5909 47.2951
55 44 0 4.1713 5.71979
55 45 0 46.4986 47.2326
55 46 0 7.51422 7.68445
55 47 0 19.2572 26.8205
55 48 0 99.7915 122.87
55 49 0 30.5545 41.2005
55 50 0 73.1014 95.3274
55 51 0 83.483 95.5649
55 52 0 17.665 17.7645
55 53 0 68.7702 69.7603
55 54 0 56.259 81.3362
55 56 1 33.2927 42.7218
55 57 0 1.17419 1.47572
55 58 0 11.8855 13.2838
55 59 0 61.172 68.9953
55 60 0 13.7995 17.241
56 1 0 21.2327 21.5212
56 2 0 5.5978 6.41677
56 3 0 34.6542 39.9665
56 4 0 83.0584 99.7104
56 5 0 40.2612 40.7046
56 6 0 15.4288 19.1795
56 7 0 71.1092 72.0495
56 8 0 64.4035 84.2446
56 9 0 68.5558 89.4878
56 10 0 61.205 77.1419
56 11 0 48.7161 54.3774
56 12 0 83.5602 94.0244
56 13 0 41.5136 51.0565
56 14 0 82.278 92.8869
56 15 0 47.0616 57.8893
56 16 0 40.831 56.4812
56 17 0 64.4943 78.5156
56 18 0 92.114 130.543
56 19 0 59.3255 82.6544
56 20 0 30.0639 41.6402
56 21 0 72.606 99.0151
56 22 0 89.5306 114.138
56 23 0 99.5894 120.556
56 24 0 82.232 101.556
56 25 0 56.1049 73.5939
56 26 0 36.7132 47.8907
56 27 0 65.6477 75.3278
56 28 0 59.56 62.7167
56 29 0 25.5632 34.8459
56 30 0 58.2328 78.5894
56 31 0 65.4766 71.0819
56 32 0 85.9595 115.505
56 33 0 15.3432 18.3209
56 34 0 31.2784 39.5708
56 35 0 96.4674 141.255
56 36 0 96.399 142.495
56 37 0 74.953 110.38
56 38 0 95.4683 126.61
56 39 0 34.5451 43.1558
56 40 0 54.3174 65.0072
56 41 0 11.9209 13.1872
56 42 0 83.0397 106.207
56 43 0 99.4474 126.454
56 44 0 22.8178 25.8757
56 45 0 62.2036 62.6135
56 46 0 21.2926 22.6757
56 47 0 33.0339 38.9198
56 48 0 35.5551 38.7314
56 49 0 79.7246 89.5793
56 50 0 83.1072 97.2035
56 51 0 44.3353 52.3061
56 52 0 32.9938 47.5726
56 53 0 79.7937 110.689
56 54 0 4.00175 5.06995
56 55 0 99.9266 135.368
56 57 1 86.9867 107.377
56 58 0 52.8969 67.997
56 59 0 20.9102 29.8768
56 60 0 2.43826 3.04662
57 1 0 26.8211 36.4636
57 2 0 64.1279 83.9234
57 3 0 87.8356 113.278
57 4 0 36.1411 47.4107
57 5 0 93.3304 98.5132
57 6 0 21.6377 22.4891
57 7 0 89.2517 102.237
57 8 0 37.7707 50.1299
57 9 0 19.8388 20.836
57 10 0 49.7154 49.8262
57 11 0 55.4107 79.9874
57 12 0 31.7462 40.0352
57 13 0 58.6938 74.5407
57 14 0 97.6312 127.811
57 15 0 5.86603 6.78082
57 16 0 31.4456 44.8385
57 17 0 9.72982 12.5649
57 18 0 57.562 76.4011
57 19 0 29.0602 34.9984
57 20 0 64.3955 76.2834
57 21 0 69.8957 84.444
57 22 0 96.3403 142.18
57 23 0 49.734 72.9899
57 24 0 70.9449 89.7009
57 25 0 78.9595 83.9629
57 26 0 66.4682 69.088
57 27 0 11.913 17.3137
57 28 0 77.3339 110.135
57 29 0 0.964764 1.29992
57 30 0 53.688 78.0923
57 31 0 71.0127 104.992
57 32 0 36.52 37.4488
57 33 0 12.1574 17.9094
57 34 0 80.2962 84.6152
57 35 0 92.1715 123.673
57 36 0 28.741 28.8395
57 37 0 70.5241 84.3436
57 38 0 1.75328 2.23546
57 39 0 4.65421 4.67799
57 40 0 61.9958 85.2378
57 41 0 97.3048 101.01
57 42 0 14.4263 20.3094
57 43 0 38.5456 43.1334
57 44 0 29.7769 39.9132
57 45 0 60.1761 73.9567
57 46 0 82.3265 103.11
57 47 0 57.3318 71.6306
57 48 0 51.3816 67.444
57 49 0 67.2214 72.9807
57 50 0 26.4164 36.9618
57 51 0 34.9122 50.1047
57 52 1 67.322 78.1353
57 53 0 95.7136 117.412
57 54 0 72.4791 91.6813
57 55 0 99.8007 123.685
57 56 0 60.8417 80.2403
57 58 1 43.7477 59.9978
57 59 0 90.3772 103.878
57 60 0 67.3547 80.7172
58 1 0 61.2168 68.9655
58 2 1 67.5779 69.564
58 3 0 48.0583 48.9984
58 4 0 56.074 83.6332
58 5 0 23.2999 23.4985
58 6 0 18.2541 27.3205
58 7 0 69.5939 95.6418
58 8 0 79.993 111.904
58 9 0 9.13268 10.4076
58 10 0 27.3104 32.836
58 11 0 57.7153 81.6218
58 12 0 31.0026 38.5579
58 13 0 29.6006 35.027
58 14 0 85.1612 120.822
58 15 0 69.3323 85.0857
58 16 0 49.3552 57.2092
58 17 0 67.9749 87.5122
58 18 0 90.4961 107.624
58 19 0 29.6691 41.1288
58 20 0 5.03927 6.70643
58 21 0 15.903 17.6954
58 22 0 67.9627 91.2105
58 23 0 23.7927 26.9854
58 24 0 11.6361 13.5912
58 25 0 80.0386 106.088
58 26 0 12.29 12.9519
58 27 0 90.578 104.182
58 28 0 84.2324 105.813
58 29 0 71.6863 74.9393
58 30 0 90.3761 110.338
58 31 0 71.6727 81.2158
58 32 0 96.925 102.433
58 33 0 81.8322 82.5145
58 34 0 2.50473 2.7254
58 35 0 41.686 50.4008
58 36 0 54.2292 68.0746
58 37 0 53.6391 75.528
58 38 0 73.8125 80.7806
58 39 0 53.1471 67.3544
58 40 0 67.2573 98.3388
58 41 0 59.1588 63.7753
58 42 0 21.8591 26.9619
58 43 0 60.1399 78.2524
58 44 0 16.5521 22.6253
58 45 0 28.6344 41.865
58 46 0 93.6052 98.8414
58 47 0 93.0243 112.433
58 48 0 46.6382 53.6956
58 49 0 74.9009 85.536
58 50 0 93.528 119.884
58 51 0 48.6803 69.4205
58 52 0 51.0694 60.8484
58 53 0 61.0338 67.0748
58 54 0 16.6215 17.5019
58 55 0 57.6723 81.0937
58 56 0 84.1766 103.507
58 57 0 50.7087 57.1048
58 59 1 7.2852 10.4539
58 60 0 57.8428 84.5584
59 1 0 42.388 48.3587
59 2 0 86.7599 96.4751
59 3 0 95.0194 125.617
59 4 0 71.4853 91.1611
59 5 0 54.3287 67.3737
59 6 0 25.7719 34.0726
59 7 0 63.6117 88.7435
59 8 0 99.3324 105.245
59 9 0 1.97243 2.66602
59 10 0 61.5747 64.6488
59 11 0 25.2637 30.0476
59 12 0 15.4384 16.7656
59 13 0 65.8758 76.5493
59 14 0 48.5205 54.9086
59 15 0 32.7553 38.474
59 16 0 63.1212 79.699
59 17 0 73.9602 95.1257
59 18 0 64.8572 66.3543
59 19 0 73.8413 94.6615
59 20 0 50.0543 68.0556
59 21 0 60.5931 72.3358
59 22 0 76.13 82.6549
59 23 0 37.806 55.833
59 24 0 75.155 95.7029
59 25 0 19.7673 22.4536
59 26 0 56.0015 75.1105
59 27 0 5.67118 6.35956
59 28 0 22.5637 28.2384
59 29 0 81.3405 88.2049
59 30 0 14.7534 17.7398
59 31 0 83.172 116.086
59 32 0 70.6108 80.6778
59 33 0 28.9764 39.2049
59 34 0 98.1643 106.332
59 35 0 49.0726 58.3808
59 36 0 6.64251 9.90508
59 37 0 26.4855 32.4958
59 38 0 16.6647 24.0587
59 39 0 87.8578 124.04
59 40 0 18.2873 22.5178
59 41 0 66.3243 67.1375
59 42 0 72.2025 76.3295
59 43 0 84.6901 116.582
59 44 0 55.5403 56.9055
59 45 0 49.3495 68.5284
59 46 0 78.7596 100.143
59 47 0 43.8428 64.1135
59 48 0 70.5935 99.0957
59 49 0 28.317 28.3637
59 50 0 24.0434 31.5928
59 51 0 87.4618 110.092
59 52 0 41.6796 49.979
59 53 0 53.368 79.8802
59 54 0 8.88213 12.5051
59 55 0 12.1226 14.1778
59 56 0 65.2568 70.0416
59 57 0 62.3719 73.1809
59 58 0 95.9017 137.228
59 60 1 68.4303 100.419
60 1 1 19.5931 21.8626
60 2 0 74.4957 76.2223
60 3 0 1.43641 1.64437
60 4 0 62.6034 74.8927
60 5 0 20.8234 30.0802
60 6 0 99.5004 107.594
60 7 0 96.8453 119.955
60 8 0 15.703 23.0175
60 9 0 73.9525 76.6145
60 10 0 2.85754 3.03722
60 11 0 26.7364 27.9812
60 12 0 44.1284 48.0096
60 13 0 0.511861 0.680168
60 14 0 46.9339 57.5831
60 15 0 81.9963 110.668
60 16 0 0.828721 1.0592
60 17 0 51.6253 72.9537
60 18 0 87.1837 109.259
60 19 0 4.00192 5.14091
60 20 0 16.5876 21.4044
60 21 0 43.4473 63.2623
60 22 0 60.2306 61.2218
60 23 0 8.34865 11.3893
60 24 0 34.9051 52.2359
60 25 0 20.9592 27.9991
60 26 0 43.2804 50.9126
60 27 0 91.5203 92.1108
60 28 1 54.6756 64.7323
60 29 0 96.4976 134.716
60 30 0 29.6926 38.794
60 31 0 94.1031 122.998
60 32 0 54.7402 59.659
60 33 0 55.7419 66.9791
60 34 0 26.5031 35.3323
60 35 0 18.5047 19.6117
60 36 0 37.5434 45.7152
60 37 0 28.4289 28.6628
60 38 0 18.0536 19.6857
60 39 0 23.0399 25.8098
60 40 0 90.7838 134.233
60 41 0 70.1289 74.051
60 42 0 2.8437 4.17782
60 43 1 34.6425 45.1484
60 44 0 85.0679 105.266
60 45 0 26.9167 37.3026
60 46 0 40.7344 53.8995
60 47 0 81.2501 111.06
60 48 0 62.7378 89.6562
60 49 0 59.4599 86.089
60 50 0 82.168 84.9025
60 51 0 71.9508 89.6172
60 52 0 18.7628 26.3617
60 53 0 36.9299 37.3937
60 54 0 12.6874 14.9049
60 55 0 56.3159 76.8727
60 56 0 42.2475 44.4941
60 57 0 1.34896 1.36136
60 58 0 91.9922 98.4253
60 59 0 53.4576 64.2075
18.1411 19.7803 31.0851 7.41224 23.7936 3.63482 15.2027 4.9349 26.9535 12.4425 15.0932 14.4002 30.6361 29.8049 7.17806 10.1977 37.7641 10.618 25.8 2.63584 36.0358 35.6776 25.4848 3.29789 27.6757 14.1748 9.31967 32.7257 6.33728 31.7835 6.8221 2.51896 17.9192 33.5747 23.4927 3.5969 5.84493 0.55807 35.5551 3.34472 32.3545 16.0959 7.53075 19.4834 9.74057 8.93577 14.2945 38.325 20.4036 1.09589 7.28704 3.10858 23.5292 11.1044 3.5749 15.1499 9.38696 8.30489 6.56178 27.7917 