60
300
3
100
1 2 1 28.029 40.0154
1 3 0 66.4791 94.5001
1 4 0 4.74374 5.49876
1 5 1 70.0846 80.7088
1 6 0 43.3843 56.1294
1 7 0 85.2384 117.853
1 8 0 36.5585 38.9544
1 9 0 74.5373 90.6869
1 10 1 55.0261 80.726
1 11 0 22.8756 30.5235
1 12 0 68.5105 102.062
1 13 0 11.2521 14.9716
1 14 0 97.3934 138.13
1 15 0 43.0567 61.099
1 16 1 10.2527 12.5528
1 17 0 5.65808 6.12046
1 18 0 13.2868 17.8884
1 19 0 88.9592 102.853
1 20 0 60.0702 77.3835
1 21 0 36.7966 39.5094
1 22 1 95.7249 104.885
1 23 0 44.1637 56.6882
1 24 0 89.7285 93.4128
1 25 1 57.5043 61.4508
1 26 0 20.1215 22.2046
1 27 1 55.1611 82.2486
1 28 1 71.8344 100.892
1 29 0 10.5736 10.9769
1 30 0 78.0856 96.6701
1 31 0 77.4008 110.845
1 32 0 92.9724 118.343
1 33 0 83.0528 112.269
1 34 1 62.2758 91.2634
1 35 0 74.5714 111.162
1 36 0 48.6983 58.0828
1 37 0 84.2234 100.333
1 38 0 82.565 100.59
1 39 0 8.53794 11.494
1 40 0 10.8482 11.7545
1 41 0 65.1034 66.4978
1 42 0 81.3492 118.667
1 43 0 97.0861 108.702
1 44 0 95.2921 137.057
1 45 0 13.902 13.9197
1 46 0 73.0623 99.9288
1 47 0 24.3161 35.8942
1 48 0 20.0917 24.982
1 49 0 4.34418 4.91132
1 50 0 84.7726 120.412
1 51 0 16.481 24.4322
1 52 0 65.0161 92.0857
1 53 0 68.3367 92.6938
1 54 0 81.3295 111.539
1 55 0 34.1363 47.2122
1 56 1 20.5998 22.7154
1 57 1 73.8374 85.6517
1 58 0 78.5561 98.3355
1 59 0 39.2823 55.6266
1 60 0 0.108324 0.155749
2 1 0 93.2823 107.834
2 3 1 4.01856 4.52743
2 4 0 84.6931 86.4914
2 5 0 37.688 40.6096
2 6 0 37.3376 40.6325
2 7 0 22.3546 31.1671
2 8 0 92.3052 122.159
2 9 0 46.6193 63.6114
2 10 0 51.1882 70.3368
2 11 0 17.9685 24.8086
2 12 0 22.4024 26.5626
2 13 0 21.2939 27.2799
2 14 0 32.9624 37.7901
2 15 0 40.021 51.4665
2 16 0 87.0772 110.577
2 17 0 90.1224 122.017
2 18 0 20.604 24.5599
2 19 0 41.4237 44.2983
2 20 0 73.8251 100.217
2 21 0 98.492 136.033
2 22 1 28.7666 34.3625
2 23 0 75.6552 83.1104
2 24 1 87.6886 100.544
2 25 0 4.96747 7.30978
2 26 0 21.3298 31.4292
2 27 0 88.2934 116.996
2 28 0 44.9145 62.5438
2 29 0 51.7613 62.44
2 30 0 52.6943 66.801
2 31 0 87.7994 120.569
2 32 0 0.85554 1.21541
2 33 0 33.5721 37.0321
2 34 1 8.44327 9.09136
2 35 0 26.6298 31.9487
2 36 0 90.1238 112.525
2 37 1 94.7523 108.469
2 38 0 79.5459 85.0305
2 39 0 55.0983 65.3895
2 40 0 12.7075 18.4309
2 41 0 27.9097 32.4976
2 42 0 92.5517 127.935
2 43 0 85.8602 124.023
2 44 0 70.0604 99.8893
2 45 0 75.5438 90.4244
2 46 0 89.751 106.887
2 47 0 16.3464 23.7393
2 48 0 32.5832 41.2162
2 49 1 7.27518 10.6548
2 50 0 73.9747 102.396
2 51 0 82.1351 117.652
2 52 0 30.792 31.9993
2 53 0 95.6441 118.439
2 54 0 33.264 46.8169
2 55 0 37.7174 38.2275
2 56 0 6.09092 8.06272
2 57 0 78.7617 96.8087
2 58 0 68.1338 97.4537
2 59 0 43.5952 53.1203
2 60 1 47.1281 55.7062
3 1 0 81.2702 96.255
3 2 0 28.2124 40.1301
3 4 1 73.2234 78.1734
3 5 0 54.4135 61.6435
3 6 0 25.2046 33.7652
3 7 0 69.3574 70.0888
3 8 0 39.5163 43.6144
3 9 0 17.8758 23.1876
3 10 0 2.19776 3.15893
3 11 0 2.68979 3.25942
3 12 0 41.2779 50.5503
3 13 0 64.8974 94.4748
3 14 0 16.4719 17.3058
3 15 0 82.474 121.471
3 16 0 33.7932 37.8954
3 17 0 85.281 109.531
3 18 0 52.9565 53.4933
3 19 0 45.2427 54.4354
3 20 0 79.0556 116.648
3 21 0 78.5728 83.9421
3 22 0 61.5847 63.864
3 23 0 69.8711 80.0556
3 24 0 12.8307 15.8959
3 25 0 14.385 18.8589
3 26 1 10.8196 11.4383
3 27 0 66.2979 72.1797
3 28 0 93.7141 126.415
3 29 1 89.9478 127.64
3 30 0 79.9668 96.1966
3 31 0 54.1487 66.3232
3 32 0 38.3929 55.3533
3 33 0 45.361 59.2489
3 34 0 68.2431 69.6971
3 35 0 65.0193 89.6152
3 36 0 83.5915 116.692
3 37 0 7.27862 9.33204
3 38 0 16.5797 20.2662
3 39 0 23.092 31.8717
3 40 0 26.6104 39.3668
3 41 0 69.3528 99.4094
3 42 0 2.76735 3.157
3 43 0 57.993 84.501
3 44 0 90.8077 104.715
3 45 1 78.7929 104.056
3 46 1 82.3921 123.431
3 47 0 76.4706 101.708
3 48 0 50.3528 52.7532
3 49 0 79.3639 86.2411
3 50 0 74.7063 104.47
3 51 0 53.6406 72.7336
3 52 0 63.8972 66.3509
3 53 0 91.6152 110.961
3 54 0 77.5198 98.6717
3 55 0 80.0585 92.0387
3 56 0 76.5606 114.738
3 57 0 10.5988 11.033
3 58 0 3.80586 5.07857
3 59 0 38.3696 57.4464
3 60 0 20.1207 25.1588
4 1 0 48.3728 57.1685
4 2 0 31.0069 38.8628
4 3 0 63.0686 80.7522
4 5 1 65.5295 88.7486
4 6 0 66.174 95.6006
4 7 0 91.979 100.241
4 8 0 66.0981 77.1037
4 9 0 78.311 97.3165
4 10 0 34.7346 45.0618
4 11 0 6.21296 7.00296
4 12 0 39.3635 40.626
4 13 0 81.5968 100.71
4 14 0 89.5567 90.6449
4 15 0 72.2903 78.3454
4 16 0 53.1722 59.8175
4 17 0 86.2994 87.1914
4 18 0 28.118 39.718
4 19 0 15.6928 22.0677
4 20 0 65.2075 94.2281
4 21 0 33.6633 40.129
4 22 0 31.7622 33.545
4 23 0 18.1678 21.5995
4 24 0 85.0797 103.721
4 25 0 37.3131 50.4636
4 26 0 83.6206 106.003
4 27 0 88.6202 123.485
4 28 0 39.9808 54.8208
4 29 0 80.793 84.4681
4 30 0 94.656 101.166
4 31 0 48.586 69.8385
4 32 0 58.997 84.4177
4 33 0 75.2352 97.7169
4 34 0 84.1116 117.045
4 35 0 48.4956 56.8521
4 36 0 5.19824 7.60547
4 37 0 11.506 14.776
4 38 0 63.8269 85.8798
4 39 0 34.57 40.007
4 40 0 16.2818 16.3131
4 41 0 93.3884 130.635
4 42 0 72.9255 106.919
4 43 0 58.1352 62.2429
4 44 0 66.8573 98.7178
4 45 0 58.8918 59.6397
4 46 1 83.5699 86.0624
4 47 0 47.5293 50.6937
4 48 0 25.41 35.6905
4 49 1 21.4426 27.2599
4 50 0 97.0643 127.694
4 51 0 44.1718 57.9528
4 52 0 69.3099 87.296
4 53 0 48.9125 52.7217
4 54 1 22.1675 25.69
4 55 0 42.5189 52.971
4 56 0 87.8553 114.287
4 57 0 65.0847 97.5095
4 58 0 46.4575 47.557
4 59 0 68.7014 85.3429
4 60 0 59.9939 86.3386
5 1 0 77.7178 108.906
5 2 0 70.6401 83.7596
5 3 1 64.4061 86.418
5 4 0 19.609 24.21
5 6 1 46.8908 67.5863
5 7 0 73.6145 94.6576
5 8 0 58.0106 61.3524
5 9 0 16.8279 23.429
5 10 0 15.7102 21.4089
5 11 0 3.42584 3.69828
5 12 0 65.1987 77.7975
5 13 0 77.174 107.877
5 14 0 12.7065 18.5379
5 15 0 44.8922 53.2697
5 16 0 69.0043 73.35
5 17 0 57.7365 71.2693
5 18 0 29.2559 29.8535
5 19 0 62.8528 81.5828
5 20 0 14.8092 19.7899
5 21 0 70.8459 103.139
5 22 0 92.8781 109.845
5 23 0 41.3315 54.5414
5 24 0 37.8432 51.2911
5 25 0 78.4455 94.1315
5 26 0 33.9049 34.3176
5 27 1 21.0434 21.2515
5 28 0 64.1828 78.0507
5 29 0 12.2266 17.152
5 30 0 95.0584 101.253
5 31 0 39.353 46.0649
5 32 0 39.1325 53.5239
5 33 0 79.5325 104.17
5 34 0 0.245906 0.321865
5 35 0 72.1708 103.474
5 36 0 84.7283 106.18
5 37 0 79.0633 90.2698
5 38 0 8.13794 10.9803
5 39 0 41.552 60.1969
5 40 0 70.7407 96.7768
5 41 0 6.16219 8.17651
5 42 0 1.7918 2.5225
5 43 0 74.2756 88.808
5 44 0 50.6113 52.0182
5 45 0 43.5221 59.0044
5 46 0 26.2985 32.7651
5 47 0 69.5979 73.2642
5 48 0 98.8497 99.0965
5 49 0 64.2511 93.5261
5 50 0 56.3026 57.3541
5 51 0 1.91666 2.62049
5 52 0 98.2838 142.267
5 53 0 49.9692 60.201
5 54 0 76.3066 102.379
5 55 1 98.5584 104.349
5 56 0 82.7253 115.675
5 57 0 27.3233 31.7196
5 58 0 26.3973 36.7207
5 59 0 35.9179 48.8521
5 60 0 11.2343 13.816
6 1 0 78.2061 86.2871
6 2 0 89.9951 131.662
6 3 0 31.3452 40.6388
6 4 0 32.9459 43.2039
6 5 0 46.857 59.159
6 7 1 47.5889 68.7896
6 8 0 64.0432 89.0052
6 9 1 31.9613 39.3027
6 10 0 26.1379 38.1501
6 11 0 71.913 86.2821
6 12 0 55.0951 73.7045
6 13 0 79.0169 96.6008
6 14 0 98.8411 116.594
6 15 0 48.6381 67.988
6 16 0 62.1238 72.9752
6 17 0 43.6373 50.0487
6 18 0 22.0519 23.5499
6 19 0 38.7361 47.3199
6 20 0 2.1127 2.83872
6 21 0 38.0962 45.6779
6 22 0 94.2647 131.883
6 23 0 9.62572 13.0128
6 24 0 27.1791 36.3863
6 25 0 68.3484 93.7514
6 26 0 55.5806 68.4761
6 27 0 9.28105 12.9468
6 28 0 95.8923 127.461
6 29 0 5.01415 5.1762
6 30 0 66.2164 72.7741
6 31 0 85.8656 126.735
6 32 0 23.68 32.9121
6 33 0 27.8273 29.1497
6 34 0 50.6328 74.5916
6 35 0 83.4844 111.254
6 36 0 60.0366 68.5244
6 37 0 55.7029 74.5725
6 38 0 43.1397 43.4828
6 39 0 99.371 117.288
6 40 0 70.1648 74.0299
6 41 0 59.2342 64.9914
6 42 0 73.073 81.1961
6 43 0 31.9932 39.6682
6 44 1 47.996 51.0656
6 45 0 60.5317 88.3463
6 46 0 2.33426 2.94326
6 47 0 6.56606 7.50669
6 48 0 48.4473 56.5273
6 49 0 46.9691 59.3819
6 50 0 9.34135 11.3918
6 51 0 97.4004 102.822
6 52 0 49.2349 52.4472
6 53 0 0.0712821 0.0952032
6 54 0 28.7914 30.7134
6 55 0 13.3523 14.9925
6 56 0 92.9259 122.437
6 57 0 67.9997 89.3115
6 58 0 71.8576 82.4474
6 59 1 91.7633 115.824
6 60 0 58.1252 60.6663
7 1 0 65.4619 74.1928
7 2 0 15.3774 18.2202
7 3 1 59.1574 85.5016
7 4 0 24.2163 26.9756
7 5 0 84.9165 122.803
7 6 0 10.2151 12.9408
7 8 1 17.6254 22.84
7 9 0 78.158 97.537
7 10 0 86.5752 87.2337
7 11 0 22.4352 32.6369
7 12 0 57.4 65.5034
7 13 0 1.87763 2.01788
7 14 0 77.9745 88.4918
7 15 0 73.9661 99.588
7 16 0 16.7903 16.7988
7 17 0 94.2537 105.293
7 18 0 53.6436 62.4218
7 19 0 31.8704 45.0419
7 20 0 30.0855 44.676
7 21 0 16.9548 19.7701
7 22 0 27.9755 34.1116
7 23 0 90.8351 114.62
7 24 0 71.3705 103.179
7 25 0 91.7755 106.582
7 26 0 34.8577 42.8779
7 27 0 41.4129 42.9131
7 28 0 46.2634 46.9883
7 29 0 99.1013 113.051
7 30 0 36.3031 47.7325
7 31 0 40.5842 56.1702
7 32 0 55.7925 81.4898
7 33 0 16.7485 17.3956
7 34 0 41.7605 49.7369
7 35 0 99.2401 114.308
7 36 0 20.7664 23.3193
7 37 0 22.5475 30.4314
7 38 0 43.8446 60.8039
7 39 0 28.0729 31.9497
7 40 0 69.4017 87.209
7 41 0 53.863 71.139
7 42 0 30.7016 35.0303
7 43 0 63.833 85.9184
7 44 0 3.87032 4.43529
7 45 0 87.9557 131.134
7 46 0 21.8746 32.3905
7 47 0 74.0697 77.0423
7 48 0 81.8723 110.726
7 49 0 82.1385 94.6382
7 50 0 30.417 35.3586
7 51 0 44.5391 49.7339
7 52 0 78.1244 116.741
7 53 0 58.3318 59.5292
7 54 0 95.3539 115.424
7 55 1 83.7756 110.789
7 56 0 17.6809 20.0531
7 57 0 1.823 1.88686
7 58 0 13.3907 13.418
7 59 0 48.4799 50.6255
7 60 0 47.0267 59.2581
8 1 0 1.9361 2.43394
8 2 1 37.4961 40.2774
8 3 0 20.8988 28.6117
8 4 0 18.7428 22.3778
8 5 0 55.9611 63.0011
8 6 0 40.938 55.2634
8 7 0 39.1713 51.9181
8 9 1 52.0633 65.6093
8 10 0 66.0131 76.6674
8 11 0 10.037 10.738
8 12 0 68.4963 74.9471
8 13 0 54.4345 58.4711
8 14 0 66.4352 83.217
8 15 0 83.2814 119.28
8 16 1 67.8025 72.1023
8 17 1 39.8372 50.7327
8 18 0 15.9916 23.2345
8 19 0 47.7341 55.2878
8 20 0 40.0907 57.217
8 21 0 37.5685 47.7293
8 22 0 19.0449 25.4876
8 23 0 15.3298 15.91
8 24 0 97.644 133.363
8 25 0 51.4413 68.5709
8 26 0 55.4444 76.4501
8 27 0 9.83161 13.796
8 28 0 80.6737 85.6592
8 29 0 22.5611 32.3431
8 30 0 90.0624 116.427
8 31 0 56.0194 57.5585
8 32 0 70.5297 88.1335
8 33 1 74.4119 93.6563
8 34 0 10.908 13.4556
8 35 0 92.4575 117.717
8 36 0 76.2802 77.8523
8 37 0 28.1769 31.5366
8 38 0 62.3462 77.8594
8 39 0 8.96822 13.3729
8 40 0 98.0387 144.986
8 41 0 12.0955 18.0432
8 42 0 23.6757 29.4554
8 43 0 44.6474 56.6447
8 44 0 71.0154 96.4055
8 45 0 65.6337 89.1451
8 46 0 87.2218 112.675
8 47 0 84.0093 87.5913
8 48 1 43.6894 65.3828
8 49 0 76.5881 92.0212
8 50 0 21.9537 24.1517
8 51 0 42.6548 43.4435
8 52 0 0.668772 0.673752
8 53 0 4.42114 6.25301
8 54 0 77.0903 107.9
8 55 0 40.0515 45.5422
8 56 0 88.2032 107.345
8 57 0 88.1288 123.932
8 58 0 92.4778 119.708
8 59 0 17.8094 24.1233
8 60 0 13.634 15.4843
9 1 0 1.17285 1.59989
9 2 0 70.5154 91.7762
9 3 0 79.9409 98.4916
9 4 1 33.9468 35.6563
9 5 0 92.8639 99.6014
9 6 0 39.2136 44.8303
9 7 1 95.7811 112.878
9 8 0 11.9098 17.2009
9 10 1 99.5823 128.027
9 11 0 50.1246 73.8513
9 12 0 88.4733 125.918
9 13 0 74.2452 102.82
9 14 0 5.60027 6.5493
9 15 0 52.7249 71.106
9 16 0 8.00819 9.43562
9 17 0 40.8788 53.9501
9 18 1 84.8141 95.8669
9 19 0 65.003 84.5755
9 20 0 69.3745 93.4799
9 21 0 69.981 82.7652
9 22 0 94.0414 125.04
9 23 1 39.0542 55.0892
9 24 0 57.9782 63.6821
9 25 0 69.3409 78.186
9 26 0 53.0816 58.6707
9 27 0 60.9135 75.9501
9 28 0 85.2229 105.452
9 29 0 4.35767 5.79018
9 30 0 91.0074 114.606
9 31 0 8.9759 9.68542
9 32 0 73.5175 102.858
9 33 0 26.3099 33.6343
9 34 0 36.0251 48.7171
9 35 0 6.15906 6.26586
9 36 0 65.605 91.1279
9 37 0 39.3701 54.5996
9 38 0 72.7581 83.9779
9 39 0 23.0197 32.0386
9 40 1 45.9621 59.6525
9 41 0 54.3389 62.8825
9 42 1 80.6013 115.565
9 43 0 70.6333 71.2611
9 44 0 60.513 65.7527
9 45 0 99.2441 99.5116
9 46 0 73.7198 97.9145
9 47 1 23.3338 25.9302
9 48 0 70.6059 82.2038
9 49 0 0.185135 0.218424
9 50 1 17.8836 25.6808
9 51 0 63.1432 67.8444
9 52 0 29.796 34.7526
9 53 0 76.1698 111.921
9 54 0 47.3431 49.3431
9 55 0 46.4639 49.0327
9 56 0 73.0691 106.437
9 57 0 12.6533 12.7413
9 58 0 46.9874 58.3478
9 59 0 53.5087 53.8704
9 60 0 72.8376 73.9844
10 1 0 96.7702 131.03
10 2 0 42.9031 59.956
10 3 0 8.32417 9.73781
10 4 0 46.4047 61.4164
10 5 0 19.9498 22.0384
10 6 0 31.3263 34.5281
10 7 0 34.5635 36.5288
10 8 0 93.3156 117.733
10 9 0 22.4041 25.0595
10 11 1 43.4683 63.3793
10 12 0 92.3736 120.684
10 13 0 55.344 67.6008
10 14 0 13.2753 18.3825
10 15 0 17.2146 21.6048
10 16 0 77.4049 83.9151
10 17 0 8.51154 8.72386
10 18 0 22.6341 22.6692
10 19 0 66.8275 90.0046
10 20 1 66.1727 68.4121
10 21 0 20.9239 28.1599
10 22 0 67.1485 99.4594
10 23 0 68.4195 100.809
10 24 0 85.8649 124.493
10 25 0 96.1067 111.994
10 26 0 8.69235 9.27726
10 27 0 18.2767 26.4041
10 28 0 14.2874 15.8966
10 29 0 77.2782 82.3577
10 30 0 27.6919 37.3668
10 31 0 92.1338 129.799
10 32 0 69.0998 81.8214
10 33 0 94.2443 137.466
10 34 1 24.8067 36.5494
10 35 0 76.0886 77.0534
10 36 0 11.7191 16.9999
10 37 0 84.1527 121.995
10 38 0 6.18794 6.36124
10 39 0 54.5386 59.8099
10 40 1 60.9435 69.4646
10 41 0 11.5711 15.3082
10 42 0 41.8022 60.741
10 43 0 27.6117 33.0552
10 44 0 62.5395 66.4508
10 45 0 69.0324 88.6799
10 46 0 46.8493 52.4453
10 47 1 11.5409 15.7538
10 48 0 67.4233 88.0484
10 49 0 31.6153 43.7739
10 50 0 65.4768 71.0174
10 51 0 24.5815 30.9768
10 52 0 91.2626 109.474
10 53 0 2.0555 2.4823
10 54 0 64.1921 94.6061
10 55 0 82.3025 100.097
10 56 0 69.5057 81.8229
10 57 0 41.2347 51.8509
10 58 0 83.7735 87.2282
10 59 0 29.7424 38.3737
10 60 0 72.3394 83.3569
11 1 0 17.7193 22.1938
11 2 0 72.1005 94.8527
11 3 0 87.4371 104.539
11 4 0 59.0543 65.1371
11 5 0 46.1808 47.1844
11 6 0 32.3328 44.7921
11 7 0 28.7251 33.3285
11 8 0 88.1887 129.462
11 9 0 93.6887 102.414
11 10 0 56.0071 82.0314
11 12 1 42.4823 52.5605
11 13 0 43.6413 49.3548
11 14 0 66.0775 81.657
11 15 0 33.6782 37.7515
11 16 0 6.09406 7.60061
11 17 0 81.9272 86.4473
11 18 0 78.9723 96.2214
11 19 0 81.1864 85.0579
11 20 0 59.9079 69.1566
11 21 1 94.5063 121.356
11 22 0 95.5252 135.963
11 23 0 44.9334 60.6307
11 24 0 76.8136 113.293
11 25 0 49.7913 69.6389
11 26 1 25.5913 32.8651
11 27 0 80.694 113.353
11 28 0 72.5552 91.9725
11 29 0 61.2426 72.5364
11 30 0 35.9758 52.6651
11 31 0 68.5224 94.4333
11 32 0 23.7516 26.9654
11 33 0 57.9018 71.9804
11 34 0 11.4938 16.0905
11 35 0 17.2924 21.3448
11 36 0 54.8498 62.9615
11 37 0 82.1439 107.998
11 38 0 46.151 61.2393
11 39 0 38.9058 54.2852
11 40 0 81.9375 102.003
11 41 0 21.3747 30.4154
11 42 0 25.8753 31.2464
11 43 0 44.7605 53.294
11 44 0 44.4607 56.4472
11 45 0 57.7682 69.0358
11 46 0 82.8727 111.353
11 47 0 20.7085 20.8034
11 48 0 47.3392 60.9281
11 49 0 88.1564 124.14
11 50 0 13.8819 18.519
11 51 0 92.8132 112.454
11 52 0 13.2315 16.3328
11 53 0 0.173153 0.200374
11 54 0 10.7023 12.2183
11 55 0 40.7494 60.3116
11 56 0 64.4151 93.914
11 57 0 73.4236 85.0731
11 58 1 66.0042 93.0184
11 59 0 56.3132 62.7613
11 60 0 65.2268 82.7527
12 1 0 6.40955 6.40982
12 2 0 25.6365 30.0987
12 3 0 29.8243 35.023
12 4 0 22.9079 29.5818
12 5 0 55.9281 77.4319
12 6 0 39.8418 44.7537
12 7 0 51.5571 60.6516
12 8 0 92.9057 134.909
12 9 0 10.183 13.3361
12 10 0 78.5999 106.019
12 11 0 90.3889 112.264
12 13 1 67.9004 79.2459
12 14 0 96.5739 137.217
12 15 0 95.3078 121.697
12 16 0 76.64 91.9852
12 17 0 89.2776 107.61
12 18 0 62.4461 84.2393
12 19 0 32.9147 47.0401
12 20 0 93.895 111.067
12 21 0 88.9174 127.237
12 22 0 28.4634 32.5555
12 23 0 96.4841 121.816
12 24 0 24.5672 25.05
12 25 0 7.6665 11.2501
12 26 0 78.0507 107.797
12 27 1 35.5226 35.7344
12 28 0 97.6353 126.199
12 29 0 75.5824 82.3708
12 30 0 97.8171 109.244
12 31 0 71.2508 85.7809
12 32 0 79.8741 104.923
12 33 0 38.1783 49.2922
12 34 0 31.7141 45.7086
12 35 0 73.6493 85.3338
12 36 0 25.3404 26.0002
12 37 0 97.8638 125.497
12 38 0 36.9402 44.8101
12 39 0 12.7906 18.5123
12 40 0 45.2179 51.6173
12 41 1 10.3924 12.8724
12 42 0 40.8483 50.8077
12 43 0 27.6912 38.5635
12 44 0 58.579 65.099
12 45 0 17.2244 21.4016
12 46 0 75.1734 103.376
12 47 0 11.8604 16.1538
12 48 1 47.6382 69.7715
12 49 0 49.3805 55.9247
12 50 1 75.8577 80.1429
12 51 0 86.8763 106.151
12 52 0 3.73722 5.17767
12 53 0 92.5416 103.773
12 54 0 18.9648 24.6439
12 55 0 68.4447 98.8917
12 56 0 18.5028 25.8483
12 57 0 75.4797 111.027
12 58 0 39.4176 48.9264
12 59 0 28.2037 41.0447
12 60 0 34.3302 35.1812
13 1 0 19.7547 21.6825
13 2 0 61.6504 69.656
13 3 0 84.8738 96.2217
13 4 0 91.2095 115.74
13 5 0 7.52434 9.43949
13 6 0 17.0344 21.3498
13 7 0 20.6671 24.9321
13 8 0 78.4604 94.4722
13 9 1 40.8418 43.3213
13 10 0 56.0142 64.6828
13 11 0 50.7984 65.7804
13 12 0 1.76825 2.09195
13 14 1 51.8426 77.6668
13 15 1 16.7237 19.9313
13 16 0 68.2211 91.1522
13 17 0 58.8517 86.9657
13 18 0 66.691 81.3743
13 19 0 2.00232 2.01748
13 20 0 74.9687 78.4142
13 21 0 16.8477 19.5346
13 22 0 78.6876 84.6176
13 23 0 93.7809 123.174
13 24 0 87.259 117.386
13 25 0 10.9891 13.0972
13 26 1 29.2066 42.5021
13 27 0 86.3271 125.529
13 28 0 87.2449 94.6536
13 29 0 73.588 107.441
13 30 0 24.2133 29.7283
13 31 1 61.41 78.552
13 32 0 83.9895 118.809
13 33 0 67.2499 74.0511
13 34 0 91.3617 125.838
13 35 0 93.2242 112.933
13 36 0 61.9113 83.3057
13 37 0 83.3783 85.4072
13 38 0 38.4302 46.713
13 39 0 19.0508 27.3023
13 40 1 91.2652 129.441
13 41 0 43.554 62.5679
13 42 0 76.248 108.084
13 43 0 98.4049 145.446
13 44 0 37.9734 53.0949
13 45 0 17.1055 24.4087
13 46 0 53.1398 73.7688
13 47 0 0.340139 0.347707
13 48 0 15.9353 20.9508
13 49 0 22.4959 32.6155
13 50 0 4.65778 5.71142
13 51 0 58.1072 76.5953
13 52 0 52.9417 67.0275
13 53 0 91.0977 92.3494
13 54 0 92.4494 94.3457
13 55 0 81.5181 108.911
13 56 0 93.468 135.408
13 57 0 74.1934 88.9455
13 58 0 23.2584 34.5037
13 59 0 12.9353 13.2086
13 60 0 73.9845 106.034
14 1 0 26.8653 37.9634
14 2 0 30.0748 30.6018
14 3 0 75.0505 87.3856
14 4 0 8.68021 11.869
14 5 0 19.0378 24.6907
14 6 0 92.6157 98.3259
14 7 0 59.816 84.0117
14 8 1 11.3223 12.7551
14 9 0 25.2023 30.5292
14 10 0 34.8815 46.21
14 11 0 18.223 19.2473
14 12 0 25.3593 32.0814
14 13 0 11.6763 16.6867
14 15 1 47.0496 53.0188
14 16 0 40.902 41.3678
14 17 0 97.6741 103.816
14 18 0 88.2587 115.166
14 19 0 1.66802 2.41591
14 20 0 82.8182 94.1655
14 21 0 68.6654 88.3974
14 22 0 96.0172 109.641
14 23 0 68.1792 100.291
14 24 0 43.0766 49.3731
14 25 0 56.288 61.4779
14 26 0 65.7709 72.7419
14 27 0 10.8215 13.6079
14 28 0 15.4618 22.0903
14 29 0 31.6921 36.1373
14 30 0 99.4989 124.717
14 31 0 31.8195 33.4178
14 32 0 47.5762 64.9454
14 33 0 12.2066 14.1686
14 34 0 67.2958 74.5117
14 35 0 19.716 28.3875
14 36 0 12.6179 13.3448
14 37 1 40.3908 46.5647
14 38 1 64.5042 74.2237
14 39 0 90.9132 96.0248
14 40 0 68.8496 80.8157
14 41 0 54.45 56.1351
14 42 0 88.2479 111.58
14 43 1 89.5945 127.441
14 44 0 12.9617 15.9839
14 45 0 49.3845 63.2609
14 46 0 73.8779 90.2322
14 47 0 49.1483 54.7352
14 48 0 10.5652 13.7904
14 49 0 65.6021 93.013
14 50 0 69.2516 80.3881
14 51 0 53.1729 69.0487
14 52 0 76.463 93.5642
14 53 0 84.6567 93.1608
14 54 0 93.159 98.0048
14 55 0 11.0164 11.3771
14 56 0 13.3729 16.6108
14 57 0 44.8331 62.0105
14 58 0 57.2349 84.8353
14 59 0 52.2651 59.8409
14 60 0 63.0084 93.3974
15 1 0 58.6757 82.7965
15 2 0 13.2579 19.2116
15 3 0 69.4811 85.8237
15 4 0 63.0399 79.89
15 5 0 62.2264 63.0987
15 6 0 54.6652 67.701
15 7 0 11.3993 13.7454
15 8 1 19.5674 27.1707
15 9 0 21.0834 29.2064
15 10 0 46.2329 54.9566
15 11 0 68.6151 88.9875
15 12 0 75.1783 81.3832
15 13 0 87.5245 130.466
15 14 0 46.7332 55.2472
15 16 1 12.929 15.379
15 17 0 2.27221 3.02997
15 18 0 15.0212 17.2208
15 19 0 91.7095 104.777
15 20 0 83.5378 106.924
15 21 0 62.1195 63.8149
15 22 0 53.2813 55.5102
15 23 0 98.5192 103.061
15 24 0 22.6746 29.5469
15 25 0 25.3544 36.9544
15 26 0 70.8762 96.336
15 27 0 88.9903 123.273
15 28 0 40.2206 53.3965
15 29 0 5.50778 5.56533
15 30 0 3.46564 4.21357
15 31 0 87.0579 87.1469
15 32 0 24.7625 36.4808
15 33 0 85.6308 117.016
15 34 0 34.5362 34.657
15 35 0 43.6147 61.4127
15 36 0 76.2095 79.2654
15 37 0 37.5522 52.7069
15 38 0 82.3161 91.7492
15 39 0 17.476 23.1026
15 40 0 32.9131 33.9862
15 41 0 97.2853 101.515
15 42 0 27.2199 35.547
15 43 0 96.8589 114.662
15 44 0 88.7553 124.525
15 45 0 88.7596 115.14
15 46 0 27.7549 39.2817
15 47 0 82.8901 108.558
15 48 0 95.4302 112.341
15 49 0 33.4877 35.7635
15 50 0 72.6167 101.69
15 51 0 70.0949 81.938
15 52 1 7.37721 7.71194
15 53 0 24.5679 27.1317
15 54 0 49.2863 65.0107
15 55 0 85.1558 94.7233
15 56 0 54.4538 71.3392
15 57 0 89.6071 119.56
15 58 0 76.8737 80.2665
15 59 0 37.8822 54.9336
15 60 0 86.9516 125.436
16 1 0 78.1524 82.916
16 2 0 20.5372 23.2451
16 3 0 36.1812 46.4873
16 4 0 4.84977 6.33673
16 5 0 82.4439 100.498
16 6 0 23.4856 27.6188
16 7 0 60.449 61.4849
16 8 0 18.5214 20.7208
16 9 0 95.6787 107.888
16 10 0 22.8585 33.5615
16 11 0 65.0329 75.9851
16 12 0 59.764 83.0318
16 13 0 7.56315 11.3303
16 14 0 4.31728 5.95495
16 15 0 42.9016 51.1287
16 17 1 12.2655 13.7966
16 18 0 69.1854 70.5919
16 19 0 0.517898 0.578156
16 20 0 61.164 71.229
16 21 0 99.5977 120.876
16 22 0 69.0714 69.9895
16 23 0 46.6659 56.6152
16 24 0 86.9889 109.198
16 25 0 53.9098 59.1234
16 26 0 7.12404 7.48843
16 27 0 39.0422 43.3443
16 28 0 38.8501 40.2911
16 29 0 50.7957 67.9973
16 30 0 26.3201 28.3494
16 31 0 16.7742 16.8585
16 32 0 13.9141 14.8535
16 33 1 83.8944 125.377
16 34 0 47.6566 48.7676
16 35 0 67.1493 81.211
16 36 0 36.368 46.1368
16 37 0 65.7371 69.0094
16 38 0 36.5119 49.7885
16 39 0 55.736 65.3239
16 40 1 97.4193 143.739
16 41 0 93.1863 139.301
16 42 0 13.1325 18.8445
16 43 0 63.1171 88.1229
16 44 0 79.4074 113.911
16 45 0 62.5603 79.7347
16 46 0 54.4857 74.3642
16 47 0 81.7862 87.3429
16 48 0 8.73111 11.3678
16 49 0 25.4508 25.5845
16 50 0 75.576 103.149
16 51 0 96.5811 96.7528
16 52 0 54.8836 63.5705
16 53 0 78.0079 107.157
16 54 0 29.9116 35.1802
16 55 0 53.5839 74.6785
16 56 0 47.8589 69.9854
16 57 0 43.7459 45.1533
16 58 0 85.9207 98.2112
16 59 0 98.078 100.541
16 60 0 79.9579 93.2579
17 1 0 41.655 43.2248
17 2 0 0.346224 0.417591
17 3 1 14.4354 16.464
17 4 1 82.3677 96.6512
17 5 0 78.4451 108.753
17 6 0 37.5447 49.0144
17 7 0 23.6837 29.2945
17 8 0 28.3084 33.1778
17 9 0 66.7985 98.9011
17 10 0 54.4632 79.9001
17 11 0 82.2424 109.727
17 12 0 37.8972 43.39
17 13 0 2.77394 3.91909
17 14 0 15.4116 20.4452
17 15 0 22.7309 33.1951
17 16 0 21.5917 29.885
17 18 1 52.7266 53.6242
17 19 0 65.3332 88.4341
17 20 0 94.8163 138.899
17 21 0 24.7961 35.8225
17 22 0 77.66 111.223
17 23 0 64.9353 86.6629
17 24 0 10.6899 11.0058
17 25 0 99.384 133.791
17 26 0 47.7085 55.8792
17 27 0 48.1883 58.6816
17 28 0 40.2123 58.0298
17 29 0 54.9258 55.2931
17 30 0 61.3915 82.5044
17 31 0 15.9037 21.8657
17 32 0 5.19802 7.16854
17 33 0 82.4946 105.006
17 34 0 6.44106 7.64672
17 35 0 27.3073 36.7377
17 36 0 52.9976 74.3782
17 37 0 55.1205 78.4774
17 38 1 88.2667 122.99
17 39 0 33.7238 33.8177
17 40 0 82.2378 121.631
17 41 1 96.6465 114.101
17 42 0 64.8328 75.8159
17 43 0 62.7302 73.7893
17 44 0 10.3632 15.0085
17 45 0 6.73066 7.40484
17 46 0 38.3462 43.1212
17 47 0 49.6453 71.0685
17 48 0 48.7564 62.8352
17 49 0 0.574502 0.586962
17 50 0 37.7766 56.3511
17 51 0 60.1178 70.0377
17 52 0 99.0739 120.243
17 53 0 22.2669 22.3028
17 54 0 45.1514 48.1645
17 55 1 43.8209 60.4
17 56 0 90.7917 114.492
17 57 0 51.5965 68.031
17 58 0 7.41468 9.09351
17 59 0 8.69638 10.9674
17 60 0 30.2176 34.9613
18 1 0 91.2843 114.922
18 2 0 24.7324 33.0145
18 3 0 51.9302 58.6134
18 4 0 77.1185 111.523
18 5 0 60.1453 61.4902
18 6 0 57.3433 58.2035
18 7 0 39.4123 42.4864
18 8 0 45.4071 65.2109
18 9 0 35.8496 49.3992
18 10 0 63.8354 75.8913
18 11 0 73.5626 105.779
18 12 0 71.0954 79.6568
18 13 0 82.6765 116.166
18 14 0 62.3146 73.0745
18 15 0 5.59902 6.08757
18 16 0 68.3999 96.4337
18 17 0 14.8546 18.794
18 19 1 66.092 74.0713
18 20 0 92.9259 132.82
18 21 0 50.1802 56.5108
18 22 0 55.654 57.796
18 23 0 18.5373 24.3029
18 24 0 35.8403 45.4477
18 25 0 90.0614 115.419
18 26 0 57.1289 75.9311
18 27 0 2.71122 2.99217
18 28 0 96.8255 126.768
18 29 0 21.5333 24.8428
18 30 0 32.1512 36.9016
18 31 0 65.048 85.2152
18 32 0 61.624 76.5279
18 33 1 11.3725 15.1298
18 34 0 58.1304 72.9043
18 35 0 27.6633 39.4936
18 36 0 84.7687 114.384
18 37 0 18.983 22.8673
18 38 0 14.0068 15.2874
18 39 0 5.53687 7.59511
18 40 0 37.722 52.3169
18 41 0 67.5363 89.8075
18 42 0 97.8755 119.77
18 43 1 68.8375 87.5196
18 44 0 31.7111 34.6509
18 45 0 11.964 17.2132
18 46 0 65.1593 75.7508
18 47 0 79.0266 91.4641
18 48 0 37.7523 42.8979
18 49 1 41.6085 52.7738
18 50 0 13.7214 20.3415
18 51 0 25.144 27.6303
18 52 0 91.388 93.4284
18 53 0 92.987 132.323
18 54 0 34.122 49.0008
18 55 0 1.84409 2.07461
18 56 0 37.7165 54.4001
18 57 0 83.1019 83.7849
18 58 1 68.8648 95.5786
18 59 0 11.2395 16.2493
18 60 0 93.6127 122.79
19 1 0 88.0963 94.3076
19 2 0 2.42326 2.94745
19 3 0 57.5258 57.8285
19 4 0 32.5038 45.5489
19 5 0 34.7151 35.3071
19 6 0 15.0117 19.0454
19 7 0 81.5515 116.34
19 8 0 60.4341 89.6759
19 9 0 0.634567 0.746656
19 10 0 88.2903 98.5202
19 11 0 42.7672 58.2342
19 12 0 94.049 96.7067
19 13 1 0.744571 0.753472
19 14 1 88.398 119.574
19 15 0 5.1083 5.75432
19 16 0 95.8613 121.39
19 17 0 51.7776 73.3353
19 18 0 32.1436 38.9405
19 20 1 35.6955 49.1131
19 21 0 58.4696 78.4945
19 22 0 94.5099 132.04
19 23 0 67.4763 92.4482
19 24 0 13.3174 16.0326
19 25 0 99.0771 135.154
19 26 0 24.788 29.0818
19 27 0 78.0422 101.927
19 28 0 75.9508 104.278
19 29 0 3.71821 4.2347
19 30 0 48.5374 48.8625
19 31 0 55.6492 69.587
19 32 0 38.107 44.41
19 33 0 36.6193 46.0937
19 34 0 59.9008 60.572
19 35 0 38.513 43.9141
19 36 0 93.1128 115.46
19 37 0 33.0067 49.1334
19 38 0 93.6349 103.731
19 39 0 52.42 66.6572
19 40 0 74.0105 79.1347
19 41 0 14.9064 14.9606
19 42 0 4.0853 4.46629
19 43 0 51.9993 68.6724
19 44 0 62.2562 89.6756
19 45 1 44.5531 50.7982
19 46 0 81.9772 115.262
19 47 1 89.0604 124.244
19 48 0 5.09005 6.88789
19 49 0 28.2723 40.9481
19 50 0 86.2587 110.405
19 51 0 58.1549 67.3652
19 52 0 53.1608 70.8843
19 53 0 55.3218 56.2925
19 54 1 64.1985 74.9788
19 55 0 47.9445 50.9326
19 56 0 51.9995 69.3798
19 57 0 73.0618 109.135
19 58 0 39.3905 55.0347
19 59 0 4.2454 5.73578
19 60 0 71.9124 89.2532
20 1 0 73.2827 77.6926
20 2 0 9.01649 13.2927
20 3 0 67.0189 67.4408
20 4 0 83.5012 110.171
20 5 0 1.11882 1.61557
20 6 0 26.6321 34.6941
20 7 0 21.0127 22.8741
20 8 1 9.087 9.48112
20 9 0 93.2769 93.5525
20 10 0 0.931889 1.34843
20 11 0 20.0188 27.9908
20 12 0 10.5198 15.2199
20 13 0 6.29101 6.62626
20 14 0 6.77112 7.18106
20 15 0 18.3506 25.3499
20 16 0 63.6827 68.277
20 17 0 55.0754 71.7118
20 18 0 84.7834 125.389
20 19 0 6.38598 6.6753
20 21 1 87.5375 117.859
20 22 0 4.03236 4.65918
20 23 0 53.6092 67.4894
20 24 0 71.6326 96.6258
20 25 0 16.1068 19.471
20 26 0 51.8313 63.8515
20 27 0 34.1865 35.0998
20 28 0 22.8596 29.7651
20 29 0 79.3065 101.518
20 30 0 3.46184 4.41161
20 31 0 25.9988 26.9415
20 32 0 55.4478 60.3197
20 33 0 61.2459 90.8238
20 34 0 48.9227 54.6471
20 35 0 52.9205 69.3921
20 36 0 49.4899 57.8173
20 37 0 90.2374 102.444
20 38 0 28.8645 34.4845
20 39 0 31.8562 43.9805
20 40 0 76.119 78.8108
20 41 0 91.9588 112.413
20 42 0 2.14127 2.38852
20 43 0 88.407 116.857
20 44 0 91.26 127.574
20 45 0 89.9422 103.382
20 46 0 79.5082 116.026
20 47 0 90.0517 126.14
20 48 0 72.781 97.1561
20 49 0 40.209 42.3242
20 50 0 61.8822 62.0812
20 51 0 60.7539 61.8024
20 52 0 51.3096 61.3006
20 53 0 19.8139 26.0005
20 54 0 56.4139 66.5756
20 55 0 29.1821 32.7634
20 56 1 7.37391 9.19432
20 57 0 95.1896 104.26
20 58 0 74.4025 74.7042
20 59 0 36.6752 38.741
20 60 0 47.5721 57.336
21 1 0 12.9167 15.4587
21 2 0 36.0224 48.545
21 3 0 9.12763 10.527
21 4 0 74.5583 100.293
21 5 0 39.258 56.6986
21 6 0 99.4795 99.7599
21 7 0 61.5922 74.7807
21 8 0 59.7535 85.1322
21 9 0 98.7101 112.045
21 10 0 70.423 103.627
21 11 0 59.1996 87.8125
21 12 0 62.47 67.8024
21 13 0 19.9765 27.0135
21 14 0 13.1946 19.231
21 15 0 99.2582 116.962
21 16 0 45.1586 51.5468
21 17 0 43.3868 47.9804
21 18 0 55.2598 64.3187
21 19 0 94.8153 131.924
21 20 0 1.86466 2.23636
21 22 1 65.7105 76.9815
21 23 0 4.57269 6.42537
21 24 0 99.6088 103.735
21 25 0 72.5257 93.3957
21 26 0 23.5349 25.5209
21 27 0 31.2126 44.3448
21 28 0 33.3774 38.3082
21 29 0 33.298 34.4379
21 30 0 39.7593 59.2669
21 31 0 51.2507 57.8402
21 32 0 77.3555 95.8467
21 33 0 39.7804 58.6094
21 34 0 0.513233 0.579312
21 35 0 71.3109 85.2397
21 36 0 80.1729 92.9876
21 37 0 30.0337 40.8088
21 38 0 26.7412 33.8365
21 39 0 24.8465 36.1834
21 40 0 5.4279 7.81333
21 41 0 93.0274 94.5902
21 42 1 95.0124 111.05
21 43 0 66.5003 89.0511
21 44 0 72.1838 93.4292
21 45 0 59.6124 72.9058
21 46 0 96.6334 134.352
21 47 0 48.6384 60.9949
21 48 0 8.03232 11.5515
21 49 0 38.8483 55.1288
21 50 0 61.9105 88.0822
21 51 0 75.6807 106.925
21 52 0 88.5799 131
21 53 0 76.0241 90.7895
21 54 0 41.6084 51.4995
21 55 0 61.224 80.8884
21 56 0 40.5035 56.8593
21 57 0 93.636 122.119
21 58 1 49.7262 59.3881
21 59 0 5.15457 5.3019
21 60 0 22.1901 32.382
22 1 0 26.6569 31.7282
22 2 0 36.3436 37.3343
22 3 1 32.8755 37.784
22 4 0 34.1406 47.5662
22 5 0 91.4969 102.097
22 6 0 23.9974 25.0332
22 7 0 25.5731 32.5543
22 8 0 6.53248 9.07354
22 9 0 32.9145 48.5695
22 10 0 88.428 109.818
22 11 0 12.6552 17.3981
22 12 0 18.3955 25.2567
22 13 0 67.1833 69.403
22 14 0 65.8712 74.2206
22 15 0 87.3188 110.102
22 16 0 29.8087 40.8687
22 17 0 94.207 121.999
22 18 0 65.0863 67.2522
22 19 0 42.6948 52.5739
22 20 1 87.0292 111.983
22 21 0 12.3504 13.0098
22 23 1 23.4873 34.074
22 24 0 34.6715 50.8819
22 25 0 91.4197 125.701
22 26 0 9.9146 10.6455
22 27 0 84.384 112.971
22 28 0 94.8524 99.6384
22 29 0 20.9025 25.4654
22 30 0 18.2851 23.2281
22 31 0 23.4538 31.6308
22 32 0 69.8235 96.771
22 33 0 38.3862 43.188
22 34 0 21.5044 31.5283
22 35 0 1.30774 1.35638
22 36 0 29.4007 39.4516
22 37 0 72.7507 92.1445
22 38 0 97.3389 118.703
22 39 0 11.0882 12.8057
22 40 1 76.0099 94.0619
22 41 0 96.6911 136.767
22 42 0 52.7876 63.1153
22 43 0 25.9111 35.9537
22 44 0 23.9829 26.7408
22 45 0 52.2493 60.4258
22 46 0 9.86357 14.1621
22 47 0 45.7357 54.1067
22 48 0 39.9929 50.131
22 49 0 50.6483 66.1546
22 50 0 87.4344 97.6232
22 51 0 98.8608 109.065
22 52 0 67.4211 91.5358
22 53 1 67.0859 85.0982
22 54 0 2.37078 3.13494
22 55 0 70.1817 94.8963
22 56 0 53.6711 72.1587
22 57 0 92.5428 119.628
22 58 1 89.5922 113.381
22 59 0 69.327 72.0279
22 60 0 58.7359 80.9345
23 1 0 21.9535 25.4386
23 2 1 31.855 42.2422
23 3 0 64.8402 90.24
23 4 0 8.83066 9.55713
23 5 0 81.1962 114.994
23 6 0 56.8034 80.8021
23 7 0 51.0006 69.7162
23 8 0 59.21 63.6767
23 9 0 36.291 50.7253
23 10 0 23.1088 24.8987
23 11 0 67.2142 68.26
23 12 0 45.6354 61.8042
23 13 0 65.9108 70.3107
23 14 0 49.7118 55.3708
23 15 0 42.1176 56.608
23 16 1 16.9688 25.2967
23 17 0 79.2499 90.6312
23 18 0 46.1198 64.1523
23 19 0 6.86544 6.90143
23 20 0 43.6631 54.0106
23 21 0 9.94028 14.0696
23 22 0 10.4281 15.3977
23 24 1 78.1534 89.5645
23 25 0 96.0746 138.299
23 26 0 31.5946 34.9417
23 27 0 69.3619 96.6632
23 28 0 95.9095 96.9099
23 29 0 94.9473 140.821
23 30 0 9.59945 11.0422
23 31 0 28.1272 36.8164
23 32 0 43.1207 55.4687
23 33 0 48.0047 69.5038
23 34 0 62.1652 69.717
23 35 0 0.0429288 0.0512936
23 36 0 94.7616 116.718
23 37 0 38.0086 49.8653
23 38 1 63.489 80.6957
23 39 0 65.7728 88.4682
23 40 0 87.3661 121.6
23 41 0 43.2508 50.8675
23 42 0 72.9482 83.9077
23 43 0 30.0808 42.4818
23 44 0 9.44683 12.809
23 45 0 10.9484 13.2209
23 46 0 42.9603 51.1877
23 47 0 28.1907 39.593
23 48 0 89.257 92.5611
23 49 0 88.2071 123.435
23 50 0 74.9276 111.984
23 51 0 1.32619 1.67551
23 52 0 72.6758 78.9756
23 53 0 68.8347 87.8894
23 54 0 72.6548 87.4076
23 55 1 92.1597 134.387
23 56 0 10.6913 13.2099
23 57 1 33.8465 45.8144
23 58 0 79.3284 97.4536
23 59 0 22.4606 32.515
23 60 0 29.5026 42.2642
24 1 0 76.3655 79.1557
24 2 0 80.7361 93.0222
24 3 1 29.9125 32.1625
24 4 0 95.6856 99.2136
24 5 0 62.4732 75.3285
24 6 0 63.0792 69.8009
24 7 0 92.5944 112.704
24 8 0 45.8023 59.6567
24 9 0 25.9259 27.6431
24 10 0 77.0055 96.5441
24 11 0 87.4648 125.212
24 12 0 75.5952 101.47
24 13 0 33.1393 33.8182
24 14 0 79.2961 81.5336
24 15 0 20.3435 23.7376
24 16 0 46.4313 50.1787
24 17 0 23.7733 31.514
24 18 0 40.2211 59.5433
24 19 0 87.4929 126.502
24 20 0 72.3315 106.261
24 21 0 25.742 36.5632
24 22 0 57.9659 70.4052
24 23 0 66.3786 80.0054
24 25 1 24.7771 26.4731
24 26 0 88.7607 94.8939
24 27 0 8.59575 11.4638
24 28 0 36.916 53.2032
24 29 0 56.079 64.9508
24 30 0 73.4641 73.6052
24 31 0 15.2646 20.011
24 32 0 34.1835 43.9544
24 33 0 5.2888 5.32921
24 34 0 51.1469 56.8532
24 35 0 42.0698 42.6928
24 36 0 57.5639 77.0616
24 37 0 8.72779 10.8023
24 38 0 3.8223 3.94102
24 39 1 66.0533 72.4004
24 40 0 87.9845 116.501
24 41 0 64.0033 90.7932
24 42 0 93.4535 106.672
24 43 0 72.9948 104.72
24 44 0 76.2618 106.034
24 45 0 76.0698 101.781
24 46 0 64.0214 66.4038
24 47 0 88.0304 127.448
24 48 0 76.759 98.8664
24 49 0 7.40325 9.97716
24 50 0 23.8499 24.3857
24 51 0 18.9364 28.1223
24 52 0 89.9128 93.9408
24 53 0 49.1215 72.2099
24 54 0 40.1894 55.7064
24 55 0 0.757396 1.07735
24 56 1 5.63409 6.15064
24 57 0 45.0601 58.1594
24 58 0 63.6395 72.0537
24 59 0 26.4086 31.5101
24 60 0 51.842 57.1
25 1 0 57.0486 80.2951
25 2 0 59.072 62.9967
25 3 0 11.7613 15.907
25 4 0 99.0468 116.143
25 5 1 15.6484 18.065
25 6 0 66.3114 76.6074
25 7 0 24.78 29.9545
25 8 0 71.8988 102.903
25 9 0 62.7277 75.7001
25 10 0 11.6403 15.1439
25 11 0 8.78821 9.77142
25 12 0 6.09103 7.70899
25 13 0 46.4244 67.318
25 14 0 55.073 67.2533
25 15 0 96.4762 99.4372
25 16 0 94.8486 136.816
25 17 0 44.9273 45.1745
25 18 0 84.7373 123.037
25 19 0 29.5481 30.391
25 20 0 13.1906 13.3374
25 21 0 31.3354 45.3769
25 22 0 54.5407 70.0687
25 23 0 78.9876 116.127
25 24 0 88.885 127.482
25 26 1 65.9939 84.7172
25 27 0 55.6801 77.7477
25 28 0 87.9256 97.8447
25 29 0 60.0482 73.6848
25 30 0 20.5803 30.4107
25 31 0 3.19391 3.45174
25 32 0 18.7472 23.9881
25 33 0 21.3278 26.8587
25 34 0 67.8039 90.242
25 35 0 72.6382 105.83
25 36 0 38.311 42.862
25 37 0 29.1591 41.4253
25 38 0 60.0235 70.0388
25 39 0 35.9295 39.0487
25 40 0 41.3754 42.4894
25 41 0 16.1099 16.8426
25 42 0 26.1515 29.0362
25 43 0 38.123 49.9288
25 44 0 34.0639 45.9321
25 45 0 42.5173 53.397
25 46 0 18.9761 24.806
25 47 0 28.1831 34.0626
25 48 0 11.4186 14.5808
25 49 0 83.8018 85.2917
25 50 0 53.2588 63.1357
25 51 1 29.4092 36.289
25 52 0 43.0533 46.9466
25 53 1 70.5343 76.7987
25 54 0 28.1267 36.0608
25 55 0 40.546 56.4602
25 56 0 58.0908 70.3208
25 57 0 72.8154 105.904
25 58 1 7.70715 8.91401
25 59 0 56.1741 74.517
25 60 0 34.7736 39.1972
26 1 0 51.4321 73.5641
26 2 0 33.0108 41.2704
26 3 0 32.6216 37.7205
26 4 0 65.3078 65.476
26 5 0 93.7933 129.152
26 6 0 92.5007 117.888
26 7 0 27.3614 38.2416
26 8 0 98.5755 130.995
26 9 0 3.38081 3.49288
26 10 0 79.635 109.44
26 11 0 30.4321 32.9263
26 12 1 23.8168 34.9194
26 13 0 15.5791 19.0041
26 14 0 14.3299 21.1383
26 15 0 60.6692 82.2177
26 16 0 13.2118 16.7859
26 17 0 66.9441 72.5988
26 18 0 72.7202 105.351
26 19 0 15.9244 23.7098
26 20 0 32.0223 47.9794
26 21 0 28.0074 35.7079
26 22 0 34.0377 42.756
26 23 0 67.0337 70.745
26 24 0 74.5136 103.024
26 25 0 50.1755 57.4228
26 27 1 77.6847 104.139
26 28 0 85.554 105.685
26 29 0 57.7652 81.9752
26 30 0 95.0625 118.645
26 31 0 62.2215 81.9827
26 32 0 28.6613 36.6023
26 33 0 89.8788 109.718
26 34 0 79.9629 119.67
26 35 0 30.7544 31.1226
26 36 0 5.54952 6.20037
26 37 0 12.6632 17.9367
26 38 0 11.3092 14.753
26 39 1 96.0751 142.595
26 40 0 96.8155 130.684
26 41 0 26.6432 27.0106
26 42 1 35.0566 44.7085
26 43 1 19.9024 20.4908
26 44 0 70.7885 90.7685
26 45 0 9.08097 12.3784
26 46 0 40.6419 58.657
26 47 0 56.3461 56.9991
26 48 0 10.9298 13.9737
26 49 0 28.5671 34.5527
26 50 0 40.7121 59.0545
26 51 1 10.1841 10.8131
26 52 0 25.3523 28.6654
26 53 0 46.8692 51.6199
26 54 0 58.5207 79.9577
26 55 0 63.9511 85.6857
26 56 0 20.0549 26.1438
26 57 0 28.8904 30.8327
26 58 0 95.4991 129.409
26 59 0 92.5535 114.191
26 60 0 56.3119 76.184
27 1 0 47.8107 66.0941
27 2 0 84.0441 117.465
27 3 0 33.8392 39.6695
27 4 0 97.0039 121.698
27 5 0 71.6792 95.8337
27 6 0 60.7191 68.6539
27 7 0 77.6168 110.388
27 8 0 36.9473 39.9349
27 9 0 30.6378 42.7292
27 10 0 48.4365 58.3909
27 11 0 33.67 48.2237
27 12 0 82.1305 99.8198
27 13 0 92.151 107.674
27 14 0 6.31895 6.46074
27 15 0 6.61095 6.99498
27 16 0 94.0775 122.56
27 17 0 71.5122 95.8835
27 18 0 81.8799 107.181
27 19 0 85.1855 108.639
27 20 0 73.2261 90.6708
27 21 0 5.75276 8.54084
27 22 0 47.958 51.216
27 23 0 81.7112 106.734
27 24 0 84.4868 96.8598
27 25 0 68.8956 98.4012
27 26 0 78.27 92.6919
27 28 1 83.4161 115.896
27 29 0 54.9269 58.5535
27 30 0 68.55 77.8109
27 31 0 44.5532 63.5035
27 32 1 2.56725 2.68275
27 33 0 52.4446 68.3897
27 34 0 86.598 93.6553
27 35 0 55.9995 70.667
27 36 1 79.69 114.847
27 37 0 29.0922 36.657
27 38 1 51.1324 71.722
27 39 0 99.0842 122.363
27 40 0 67.2269 89.7997
27 41 0 49.3743 70.9068
27 42 1 74.2342 80.8226
27 43 0 28.0944 37.054
27 44 0 26.0488 27.0981
27 45 0 3.86571 4.42399
27 46 0 53.1184 63.0456
27 47 0 28.8275 32.9693
27 48 0 37.9145 50.1348
27 49 0 89.272 114.89
27 50 0 70.7744 92.7804
27 51 0 84.0262 104.516
27 52 1 60.5688 65.7316
27 53 0 56.0258 75.1993
27 54 0 15.8114 17.5021
27 55 0 0.319333 0.381494
27 56 0 18.9028 24.4334
27 57 0 58.9664 72.9952
27 58 1 2.60211 3.0965
27 59 0 68.0076 73.5608
27 60 0 92.4926 119.036
28 1 0 12.0363 16.6363
28 2 0 38.069 42.6297
28 3 0 33.5252 45.3467
28 4 0 20.5917 26.02
28 5 0 4.24683 4.59156
28 6 0 19.9297 29.6475
28 7 0 57.2714 74.148
28 8 0 76.4916 89.1017
28 9 0 26.1425 35.3231
28 10 0 70.9895 100.398
28 11 0 96.0997 134.667
28 12 0 71.4749 92.7408
28 13 0 65.2965 70.9364
28 14 0 54.7902 79.8192
28 15 0 62.5433 67.8312
28 16 0 18.3591 24.0846
28 17 0 64.5843 89.6149
28 18 0 26.5925 32.8664
28 19 0 72.0274 85.436
28 20 0 80.8415 89.7555
28 21 0 41.9788 50.6968
28 22 0 52.647 70.2055
28 23 0 57.9839 76.6405
28 24 1 38.4586 51.6909
28 25 0 88.7918 106.324
28 26 0 58.0946 74.5098
28 27 0 49.6914 55.1558
28 29 1 92.5305 110.558
28 30 0 32.4669 43.6557
28 31 0 23.3984 28.6746
28 32 0 3.03049 3.66812
28 33 0 93.6346 103.464
28 34 1 33.4437 41.4113
28 35 0 88.7461 118.158
28 36 0 42.4806 60.1218
28 37 0 64.5216 76.3106
28 38 0 95.7982 105.397
28 39 0 38.3369 44.5141
28 40 0 63.125 76.0272
28 41 0 60.1952 84.1564
28 42 0 34.4358 47.7391
28 43 1 77.6671 80.9958
28 44 1 72.9679 79.9439
28 45 0 77.3426 83.8383
28 46 0 44.9012 56.1686
28 47 0 33.4396 38.0256
28 48 0 10.0822 12.5778
28 49 1 71.5826 80.0074
28 50 0 28.0668 32.3765
28 51 0 80.1141 98.377
28 52 1 97.136 139.057
28 53 0 3.57544 4.19042
28 54 0 60.8781 63.1386
28 55 1 27.5117 34.4115
28 56 0 21.0205 26.1745
28 57 1 78.3268 113.673
28 58 0 90.9056 109.42
28 59 0 55.4537 79.2299
28 60 0 62.0948 81.8163
29 1 0 82.1944 88.0983
29 2 0 47.2264 69.7318
29 3 0 29.2261 42.558
29 4 0 35.749 51.5183
29 5 0 88.8347 129.852
29 6 0 51.5892 76.33
29 7 0 15.0503 15.3288
29 8 0 30.5009 38.3212
29 9 0 38.9449 39.637
29 10 0 16.4034 22.4076
29 11 0 39.5904 44.5198
29 12 0 57.1683 76.3229
29 13 0 71.9301 77.137
29 14 0 54.9612 77.6805
29 15 0 66.5665 74.8048
29 16 0 16.2214 20.0273
29 17 0 27.7858 32.8066
29 18 0 41.5956 60.9469
29 19 0 59.687 73.7968
29 20 0 82.9151 121.92
29 21 0 54.9244 62.0938
29 22 0 56.5034 79.3776
29 23 0 55.7773 62.7638
29 24 0 75.7355 86.7192
29 25 0 33.2443 43.2613
29 26 0 57.4782 57.6459
29 27 0 85.9486 127.715
29 28 0 8.96744 10.5983
29 30 1 43.5468 61.2714
29 31 0 88.1504 114.092
29 32 1 33.516 36.1117
29 33 0 56.1333 72.8604
29 34 0 38.6142 47.3285
29 35 0 95.3683 112.765
29 36 0 1.54795 1.65149
29 37 1 6.42324 9.22576
29 38 0 52.766 69.2815
29 39 0 2.81162 2.81202
29 40 0 1.74486 2.38273
29 41 0 71.6338 81.6743
29 42 0 54.0383 64.4946
29 43 0 33.4594 41.915
29 44 0 51.1949 73.6977
29 45 0 34.6743 41.2375
29 46 0 46.673 53.0419
29 47 0 37.7436 52.8003
29 48 0 52.5589 77.8226
29 49 0 56.4597 69.9948
29 50 0 32.8082 35.5552
29 51 0 31.4783 42.6152
29 52 0 75.412 101.232
29 53 0 88.5319 115.991
29 54 0 68.2187 71.9665
29 55 0 51.8862 75.1952
29 56 0 50.4476 66.5252
29 57 0 62.8484 79.3832
29 58 0 91.7313 133.178
29 59 0 52.3274 72.5299
29 60 0 93.5155 112.696
30 1 0 44.9731 57.806
30 2 0 34.9145 40.9398
30 3 0 18.4646 21.3129
30 4 0 51.5019 57.644
30 5 0 62.2162 71.1522
30 6 0 37.5749 50.9169
30 7 0 8.51731 11.8875
30 8 0 25.8306 36.375
30 9 0 92.2287 132.483
30 10 0 68.4468 99.8877
30 11 0 21.7447 29.2138
30 12 0 97.5162 124.624
30 13 0 51.0428 69.6636
30 14 0 59.5335 77.028
30 15 0 78.8857 114.082
30 16 0 54.4328 75.2885
30 17 0 60.6552 63.5093
30 18 0 63.9494 87.7963
30 19 0 15.7818 16.6066
30 20 0 39.3621 52.8429
30 21 0 32.0332 33.3971
30 22 0 49.4786 51.822
30 23 0 14.0322 15.2101
30 24 0 54.8451 58.5028
30 25 0 37.0987 41.51
30 26 0 41.848 53.3088
30 27 0 21.0846 23.3898
30 28 0 90.7877 100.726
30 29 0 18.4572 21.3833
30 31 1 18.5563 21.6864
30 32 0 14.1464 18.8062
30 33 0 86.4908 117.183
30 34 0 7.91056 8.91115
30 35 1 82.2658 99.5095
30 36 0 91.0975 123.738
30 37 0 64.3074 94.2711
30 38 0 74.9249 79.4076
30 39 0 49.3994 58.3946
30 40 0 50.2521 60.1977
30 41 0 66.1489 90.8744
30 42 0 10.1857 11.1794
30 43 0 35.7086 40.5696
30 44 0 53.6166 60.6896
30 45 0 50.3691 73.3235
30 46 0 54.0232 74.2673
30 47 0 83.912 100.956
30 48 1 26.8593 33.4462
30 49 0 42.055 60.399
30 50 0 34.114 46.9127
30 51 0 77.0602 105.755
30 52 0 87.1474 110.162
30 53 0 52.0407 75.2662
30 54 0 8.19833 8.40582
30 55 0 48.4516 51.208
30 56 0 22.4224 24.3692
30 57 0 55.4594 57.0031
30 58 0 89.3956 122.714
30 59 0 85.549 116.807
30 60 0 25.5002 35.9074
31 1 0 87.5559 110.18
31 2 0 69.7113 70.7573
31 3 0 67.8444 84.9651
31 4 0 68.3978 78.2589
31 5 0 32.1085 45.2162
31 6 0 75.3941 80.8361
31 7 0 49.4571 65.8025
31 8 1 90.6324 101.973
31 9 0 23.9638 32.2096
31 10 0 58.7954 73.953
31 11 0 73.3013 107.676
31 12 0 82.1992 109.242
31 13 0 72.5762 91.6513
31 14 0 91.2026 115.065
31 15 0 34.3961 48.8531
31 16 0 20.2109 23.8597
31 17 0 53.3685 66.7821
31 18 0 74.5326 85.2549
31 19 0 23.2379 26.2087
31 20 0 94.5102 128.1
31 21 0 57.5297 73.9848
31 22 1 33.0631 46.3439
31 23 0 43.1448 59.748
31 24 0 51.2212 67.7876
31 25 0 82.2042 109.031
31 26 0 42.5313 47.1379
31 27 0 29.7146 40.7512
31 28 0 82.0287 108.646
31 29 0 75.3956 105.023
31 30 0 34.0318 40.408
31 32 1 85.549 90.1666
31 33 0 38.2874 39.3164
31 34 0 20.9066 22.0005
31 35 0 80.4886 91.9169
31 36 0 96.9261 132.501
31 37 0 68.4278 76.0918
31 38 1 48.048 69.4528
31 39 0 71.9721 85.9189
31 40 0 87.6808 91.1531
31 41 0 48.5078 63.5423
31 42 0 99.8374 107.372
31 43 1 32.4467 42.4706
31 44 0 9.71762 14.3428
31 45 0 61.5648 91.6418
31 46 0 58.0583 67.439
31 47 0 1.1196 1.57359
31 48 0 49.0193 59.1772
31 49 0 21.0363 24.1657
31 50 0 78.5243 86.8825
31 51 0 57.7517 82.7416
31 52 0 85.8199 93.6136
31 53 0 50.8409 61.1653
31 54 0 12.4755 13.1586
31 55 1 12.661 18.0929
31 56 0 21.2978 28.1199
31 57 0 31.4072 44.4969
31 58 0 8.62811 11.7799
31 59 0 6.53243 9.49916
31 60 0 51.406 62.0477
32 1 0 84.6656 99.3591
32 2 0 91.6871 119.238
32 3 1 60.0549 88.5587
32 4 0 92.9961 101.013
32 5 0 97.0479 104.26
32 6 0 57.6729 81.6949
32 7 1 44.5583 57.0728
32 8 0 85.5978 87.8674
32 9 1 92.2412 125.769
32 10 0 30.5549 41.7151
32 11 0 43.6601 53.645
32 12 0 73.5255 99.0613
32 13 0 67.6595 73.9285
32 14 0 32.2187 43.327
32 15 0 4.69158 5.05511
32 16 0 76.3302 90.3857
32 17 1 93.2831 108.522
32 18 0 73.7236 84.5492
32 19 0 98.4673 129.333
32 20 0 35.7317 50.1774
32 21 0 43.0285 62.3171
32 22 0 63.3426 76.5657
32 23 0 59.6467 82.0356
32 24 0 84.419 122.229
32 25 0 79.9056 112.69
32 26 0 60.0669 81.2543
32 27 0 65.4858 67.3928
32 28 0 61.5616 79.3053
32 29 0 24.2132 30.301
32 30 0 51.6207 59.0407
32 31 0 48.0152 64.1712
32 33 1 74.6536 107.889
32 34 0 36.344 43.5058
32 35 0 40.587 41.7732
32 36 0 82.3751 103.076
32 37 0 95.2516 123.807
32 38 0 89.8257 97.8553
32 39 0 53.711 70.6166
32 40 0 72.0585 83.225
32 41 0 82.2776 121.704
32 42 0 16.7698 23.2872
32 43 0 23.9811 27.2161
32 44 0 96.4468 117.267
32 45 0 49.3957 61.7957
32 46 0 37.2689 49.6763
32 47 1 39.4924 45.4133
32 48 0 48.5462 68.4508
32 49 0 82.8673 117.673
32 50 0 52.9115 73.7981
32 51 0 81.7479 121.396
32 52 0 39.2081 54.2809
32 53 0 34.6069 42.0917
32 54 0 49.886 72.007
32 55 0 37.6117 40.6639
32 56 0 37.4187 41.3471
32 57 0 95.8628 121.64
32 58 0 58.5341 77.3139
32 59 0 42.666 63.1915
32 60 0 45.4133 49.929
33 1 0 87.7361 112.113
33 2 1 94.0795 122.692
33 3 0 93.0888 123.148
33 4 0 26.1698 27.948
33 5 0 96.6888 138.744
33 6 0 22.939 30.0814
33 7 0 3.18073 3.28699
33 8 0 49.7068 64.6835
33 9 0 66.4822 88.5392
33 10 0 39.6699 58.2508
33 11 0 66.7156 82.9762
33 12 0 50.6803 55.1359
33 13 0 70.1111 100.74
33 14 0 71.0497 78.1616
33 15 0 44.2903 64.1761
33 16 0 65.1438 79.9091
33 17 1 50.9453 68.0976
33 18 0 87.728 121.488
33 19 0 71.305 87.0007
33 20 0 86.9307 126.567
33 21 0 19.0821 24.1225
33 22 0 10.7696 13.5749
33 23 0 74.4429 81.5351
33 24 1 67.8915 96.8722
33 25 0 26.8095 38.099
33 26 0 27.8542 27.8549
33 27 0 73.0695 80.3472
33 28 0 12.3453 17.866
33 29 0 67.669 93.2334
33 30 0 86.7718 114.155
33 31 0 81.8929 120.402
33 32 0 57.2998 57.8553
33 34 1 89.6986 101.484
33 35 0 14.8892 15.6577
33 36 0 61.2608 73.1632
33 37 0 37.3414 52.7897
33 38 0 89.623 97.9246
33 39 0 98.887 104.023
33 40 0 33.667 50.3366
33 41 0 32.6203 34.0347
33 42 0 40.7675 45.1666
33 43 0 40.376 53.0078
33 44 0 83.5918 91.0262
33 45 0 97.8169 128.075
33 46 0 71.8653 78.4583
33 47 0 43.5106 44.5359
33 48 0 18.7752 21.465
33 49 0 74.3064 88.2215
33 50 0 78.3495 94.8658
33 51 0 13.5434 14.569
33 52 0 94.4805 122.358
33 53 0 44.8092 58.7493
33 54 0 43.8016 45.7185
33 55 0 47.802 51.9033
33 56 0 46.4836 47.2796
33 57 0 7.84856 10.1287
33 58 0 80.0945 89.505
33 59 0 1.96668 2.88738
33 60 1 78.8946 100.972
34 1 0 94.8831 107.797
34 2 0 46.1205 52.3332
34 3 0 7.39118 9.00588
34 4 0 23.5554 24.45
34 5 0 8.18499 8.63843
34 6 0 21.167 29.6173
34 7 0 60.5103 84.3859
34 8 0 33.6883 49.6856
34 9 0 79.9142 101.008
34 10 0 61.5917 73.8424
34 11 0 79.3775 93.6758
34 12 1 54.6413 75.4517
34 13 0 93.3342 114.965
34 14 0 35.0109 48.1195
34 15 0 99.0159 117.081
34 16 0 82.4173 111.93
34 17 0 25.7025 30.8856
34 18 0 79.8821 105.692
34 19 0 50.1997 53.5032
34 20 0 7.77741 9.90842
34 21 0 9.75698 13.6455
34 22 0 20.5356 20.7221
34 23 0 85.5762 110.003
34 24 0 19.3728 26.0421
34 25 0 83.8021 94.4451
34 26 0 24.0051 29.2263
34 27 0 53.6746 57.0693
34 28 0 6.51025 8.5443
34 29 0 24.1991 29.1658
34 30 0 45.6717 57.459
34 31 0 56.2516 70.1641
34 32 0 8.65356 12.891
34 33 1 95.0905 115.77
34 35 1 87.818 102.633
34 36 0 60.4196 88.9662
34 37 0 56.6758 63.6064
34 38 0 60.7469 61.2659
34 39 0 44.3578 49.2033
34 40 0 17.7998 18.1017
34 41 0 83.3881 109.105
34 42 0 8.45753 10.6983
34 43 0 73.9634 107.142
34 44 0 97.4298 111.587
34 45 0 76.4458 90.2862
34 46 0 22.4267 27.9478
34 47 0 86.1318 110.946
34 48 0 62.3507 90.4294
34 49 0 12.0307 17.7512
34 50 0 14.9333 17.7098
34 51 0 54.0695 72.8903
34 52 0 4.83103 6.21667
34 53 0 65.178 96.0721
34 54 0 73.8566 77.9646
34 55 0 59.5661 75.5589
34 56 0 86.2551 98.0197
34 57 0 2.61714 2.83526
34 58 0 0.0869633 0.0940562
34 59 1 86.3577 105.631
34 60 0 91.6158 120.771
35 1 0 17.6996 24.2397
35 2 0 55.3714 61.6434
35 3 0 58.1245 82.6271
35 4 0 22.3545 32.4641
35 5 0 73.2018 106.902
35 6 0 25.2684 27.7068
35 7 0 53.2109 59.8326
35 8 0 60.0526 73.0958
35 9 0 85.9934 127.301
35 10 0 21.411 27.8775
35 11 0 28.3696 29.7354
35 12 0 72.8246 107.9
35 13 1 32.6693 36.5785
35 14 0 98.2421 142.464
35 15 0 27.1761 28.2956
35 16 0 72.2418 106.898
35 17 0 35.7838 49.5839
35 18 0 77.9602 115.232
35 19 0 48.5496 68.6825
35 20 0 10.6865 15.0684
35 21 0 90.1104 108.607
35 22 0 63.8451 83.4583
35 23 0 57.2217 64.1243
35 24 0 3.6345 4.12545
35 25 0 98.5933 104.637
35 26 0 91.2167 128.952
35 27 0 55.2306 73.5184
35 28 0 67.7312 77.9887
35 29 0 42.5549 46.3613
35 30 0 56.492 82.3479
35 31 0 42.0992 57.5384
35 32 0 15.7587 21.5056
35 33 0 60.5438 63.4237
35 34 0 58.7614 83.3916
35 36 1 61.9871 69.5496
35 37 0 93.0959 126.525
35 38 0 47.7412 71.5528
35 39 0 93.5564 136.154
35 40 0 63.2411 67.4255
35 41 0 28.1217 33.1736
35 42 0 79.5904 105.323
35 43 0 16.2929 17.5593
35 44 0 69.8038 100.197
35 45 0 11.3265 16.2677
35 46 0 2.02057 2.43513
35 47 0 13.2398 14.4588
35 48 0 86.0569 114.165
35 49 0 2.04388 3.02421
35 50 0 34.8106 37.5554
35 51 0 94.1431 104.156
35 52 0 2.35684 2.81412
35 53 0 58.8876 59.3945
35 54 0 17.51 18.49
35 55 0 91.0302 133.564
35 56 0 58.3269 66.3086
35 57 0 84.2673 95.385
35 58 0 27.5611 41.0387
35 59 0 97.9855 99.9219
35 60 0 18.2869 27.2547
36 1 0 79.8269 96.3422
36 2 0 42.2438 42.8146
36 3 0 75.8654 100.956
36 4 0 63.7945 81.8488
36 5 0 99.506 122.032
36 6 0 78.0952 110.466
36 7 0 78.3665 82.2031
36 8 0 40.6903 43.2006
36 9 0 82.0776 109.814
36 10 0 13.4503 17.0946
36 11 0 61.3485 86.482
36 12 0 90.478 105.47
36 13 0 59.697 75.4042
36 14 0 94.1336 124.283
36 15 0 98.8013 104.589
36 16 0 70.5708 74.6481
36 17 0 43.9039 44.8276
36 18 0 0.503086 0.593168
36 19 0 53.7445 75.5355
36 20 0 86.6162 118.515
36 21 1 83.6234 122.803
36 22 0 7.03621 9.53344
36 23 0 19.6977 20.906
36 24 1 51.5078 56.0128
36 25 0 34.9095 50.0783
36 26 0 23.7162 29.6407
36 27 0 85.032 107.101
36 28 0 81.1626 105.879
36 29 0 70.5961 99.2653
36 30 0 37.2472 54.1199
36 31 0 79.3214 104.555
36 32 0 61.0976 72.4596
36 33 0 4.38179 5.14071
36 34 0 61.9991 71.132
36 35 0 30.2967 45.1491
36 37 1 50.1241 73.4884
36 38 0 90.1517 135.138
36 39 0 3.11206 4.08878
36 40 0 93.688 93.9257
36 41 0 74.4314 85.6347
36 42 0 76.5332 79.8246
36 43 0 84.0347 98.9292
36 44 0 0.238883 0.306176
36 45 0 48.7412 59.932
36 46 0 93.0897 122.111
36 47 0 93.615 138.348
36 48 0 30.1803 31.5198
36 49 0 99.3559 141.669
36 50 0 59.7035 82.0274
36 51 0 78.9492 115.089
36 52 0 31.9468 43.0449
36 53 0 17.6885 22.4472
36 54 0 45.5489 59.9981
36 55 0 12.9407 13.6675
36 56 0 57.5352 62.9538
36 57 0 36.325 52.2783
36 58 0 22.0939 26.5523
36 59 0 54.3209 73.1066
36 60 0 14.6713 19.7846
37 1 0 67.3778 74.9146
37 2 1 57.709 62.3446
37 3 0 19.3712 26.4606
37 4 0 30.1654 44.3704
37 5 1 40.6534 60.739
37 6 0 8.94312 10.3056
37 7 0 14.9063 18.4353
37 8 0 2.97803 3.62023
37 9 0 27.5486 28.0562
37 10 0 58.8313 87.1239
37 11 0 81.308 121.775
37 12 1 47.1546 58.9434
37 13 0 9.61684 12.8789
37 14 0 93.5643 96.4748
37 15 0 40.194 41.2572
37 16 0 54.7287 64.9459
37 17 0 36.9848 40.1459
37 18 0 71.7723 102.532
37 19 0 66.8187 87.7921
37 20 0 51.6678 58.1876
37 21 1 68.9904 86.3281
37 22 1 3.88834 4.76397
37 23 0 96.4467 116.228
37 24 0 44.7111 61.7156
37 25 0 77.1266 88.6521
37 26 0 77.6847 100.055
37 27 0 37.4272 55.8106
37 28 0 44.2437 54.2318
37 29 0 83.3604 96.9856
37 30 0 72.7882 104.374
37 31 0 87.373 106.651
37 32 1 71.3965 73.0342
37 33 0 36.5082 43.0399
37 34 0 5.65917 8.28759
37 35 0 93.8051 139.217
37 36 0 82.7919 89.9998
37 38 1 34.4148 45.4653
37 39 0 84.7513 103.223
37 40 0 76.4615 83.7885
37 41 0 39.5315 57.9402
37 42 0 66.8272 74.638
37 43 1 51.3299 67.5102
37 44 0 1.2814 1.56982
37 45 0 4.97223 5.03802
37 46 0 15.4269 21.7165
37 47 0 61.7008 67.8277
37 48 0 46.8663 66.4209
37 49 0 13.6152 16.3028
37 50 0 34.3234 47.4132
37 51 0 28.175 29.4478
37 52 1 54.1962 70.8588
37 53 0 64.3687 74.1942
37 54 0 6.43604 8.1635
37 55 0 69.7484 80.8314
37 56 1 87.7185 90.354
37 57 0 21.9283 30.5829
37 58 0 77.2022 81.3005
37 59 0 60.4125 80.59
37 60 0 73.6115 98.8203
38 1 0 1.26593 1.44545
38 2 0 87.9104 104.214
38 3 0 71.8306 95.13
38 4 0 23.4112 30.1155
38 5 0 56.1863 60.6157
38 6 0 43.0102 62.1037
38 7 0 9.286 9.7191
38 8 0 74.5001 101.871
38 9 0 33.5049 48.823
38 10 0 93.3865 102.379
38 11 0 42.4863 46.6107
38 12 0 33.1989 39.7572
38 13 0 86.7511 105.619
38 14 0 48.4179 49.0097
38 15 0 51.5146 56.6262
38 16 0 99.196 114.511
38 17 0 62.0781 78.7185
38 18 0 85.9602 127.584
38 19 0 9.52679 13.3458
38 20 0 5.57164 7.50068
38 21 0 10.6821 16.0164
38 22 0 52.6854 76.7163
38 23 0 22.9487 27.7348
38 24 0 71.1031 83.0453
38 25 0 46.6634 64.9009
38 26 0 88.0345 123.853
38 27 0 88.7456 93.7392
38 28 0 64.618 64.8262
38 29 0 72.2838 96.9555
38 30 0 71.4575 98.9137
38 31 0 87.1914 124.639
38 32 0 7.69636 11.2915
38 33 0 74.4911 87.8251
38 34 0 95.0921 115.77
38 35 0 80.4297 118.226
38 36 0 81.7355 117.951
38 37 0 82.6474 99.0376
38 39 1 16.2247 21.6421
38 40 0 36.4239 40.7503
38 41 0 75.6678 101.232
38 42 0 22.6742 23.1061
38 43 0 78.4189 94.7137
38 44 0 68.0253 93.1971
38 45 0 39.9238 56.348
38 46 0 52.9327 63.4493
38 47 0 97.0297 125.535
38 48 0 99.3662 128.759
38 49 0 10.16 12.5388
38 50 0 33.1884 33.856
38 51 0 90.3855 100.042
38 52 0 34.6274 35.5
38 53 0 52.2836 77.5909
38 54 0 59.8804 71.0152
38 55 1 47.7127 55.1061
38 56 0 16.7741 17.7016
38 57 0 32.3587 38.1437
38 58 0 65.8086 82.2471
38 59 0 67.5106 92.6714
38 60 0 95.3657 97.7896
39 1 0 79.6554 113.173
39 2 0 48.3648 57.2218
39 3 0 3.92817 5.51799
39 4 1 83.7171 100.863
39 5 0 51.0859 57.6499
39 6 0 12.2546 13.5506
39 7 0 97.969 121.521
39 8 0 59.838 70.3033
39 9 0 63.2179 67.7818
39 10 0 82.2631 91.5786
39 11 0 17.9135 20.4172
39 12 0 20.7341 25.6119
39 13 0 43.9421 59.1352
39 14 0 25.4813 30.2474
39 15 0 68.2499 71.7862
39 16 0 11.0238 15.9171
39 17 0 91.4363 117.647
39 18 0 25.4927 27.762
39 19 0 23.295 24.7555
39 20 0 23.6537 31.7005
39 21 0 41.1472 43.947
39 22 0 55.1729 76.1838
39 23 0 30.6321 34.085
39 24 0 46.4594 52.6666
39 25 0 23.1406 23.4252
39 26 0 61.0583 74.9909
39 27 0 21.3486 23.7455
39 28 0 62.4337 76.1368
39 29 0 66.8317 84.5016
39 30 0 19.243 28.0575
39 31 0 39.897 54.227
39 32 0 51.375 70.2446
39 33 0 72.9215 105.022
39 34 0 45.343 45.9529
39 35 0 89.0017 120.056
39 36 0 44.8152 46.1338
39 37 0 66.742 70.0874
39 38 0 73.0502 106.922
39 40 1 70.46 103.595
39 41 0 12.8057 14.1122
39 42 0 96.5903 136.856
39 43 0 76.8655 111.045
39 44 0 30.2507 36.7463
39 45 0 65.6149 81.148
39 46 0 6.01892 7.36881
39 47 0 28.6082 28.7213
39 48 0 76.0974 104.88
39 49 0 14.8495 16.6119
39 50 0 32.7749 38.5783
39 51 0 78.2231 83.7987
39 52 0 78.5894 94.507
39 53 1 93.9894 126.501
39 54 0 48.1772 67.7471
39 55 0 52.8368 71.8996
39 56 0 2.13589 2.14265
39 57 0 0.364869 0.470602
39 58 0 50.5138 53.0244
39 59 1 89.7037 90.8521
39 60 0 33.3249 47.6001
40 1 0 25.8103 34.1343
40 2 0 44.2519 55.5388
40 3 0 91.2195 120.603
40 4 0 35.3688 47.782
40 5 0 8.31869 12.3078
40 6 0 14.8061 18.6554
40 7 0 94.7597 108.456
40 8 0 47.102 58.9565
40 9 0 44.1417 60.8717
40 10 0 70.8587 99.9367
40 11 0 68.2473 99.8022
40 12 0 26.3303 30.4628
40 13 0 51.6137 53.9913
40 14 0 65.7935 70.1815
40 15 0 13.5105 16.8011
40 16 0 24.253 34.1451
40 17 0 51.8395 54.3239
40 18 0 79.5926 112.012
40 19 0 79.1008 95.8204
40 20 0 24.8893 36.141
40 21 0 18.9023 26.3633
40 22 0 54.428 81.383
40 23 0 42.5219 48.5944
40 24 0 7.42206 10.9193
40 25 0 80.7892 85.5931
40 26 0 13.6298 13.8811
40 27 0 58.6374 66.149
40 28 0 76.6331 102.62
40 29 0 54.2568 77.7815
40 30 0 32.9105 41.0434
40 31 0 52.8798 65.903
40 32 0 91.0528 111.265
40 33 0 21.5096 23.4956
40 34 1 12.1755 15.9859
40 35 0 17.0367 20.4325
40 36 0 79.3933 83.0117
40 37 0 29.5591 34.2086
40 38 0 31.0439 42.6069
40 39 0 38.4363 39.6322
40 41 1 46.4457 65.4942
40 42 0 56.8719 57.7653
40 43 0 54.0338 64.2156
40 44 0 83.2915 108.752
40 45 0 59.9738 73.0437
40 46 0 49.6682 71.7777
40 47 0 57.7234 59.7977
40 48 0 59.323 62.0874
40 49 0 52.1622 70.166
40 50 0 73.4191 75.0204
40 51 0 33.3578 49.8528
40 52 0 80.0841 105.819
40 53 0 40.9317 42.317
40 54 0 26.3903 38.1185
40 55 0 71.3381 79.0753
40 56 0 90.3159 134.751
40 57 0 90.6499 111.998
40 58 0 55.1868 71.4796
40 59 0 41.8505 41.92
40 60 0 58.3291 79.6615
41 1 0 89.6431 133.348
41 2 0 17.5229 19.5082
41 3 0 86.0856 87.6512
41 4 0 24.8893 30.8636
41 5 0 75.2134 90.4907
41 6 0 45.9084 61.0682
41 7 1 40.0285 55.6238
41 8 0 60.1767 62.309
41 9 0 73.0426 76.0221
41 10 1 70.2428 95.7799
41 11 0 35.7719 53.5863
41 12 0 11.6785 16.2895
41 13 0 96.221 141.056
41 14 0 20.596 30.3528
41 15 0 24.5967 25.8565
41 16 0 10.6806 14.0257
41 17 0 33.3414 35.9442
41 18 0 71.2286 83.4648
41 19 0 62.5306 74.3767
41 20 0 68.1645 101.681
41 21 0 12.8077 14.4899
41 22 0 98.9917 131.659
41 23 0 44.6878 62.4224
41 24 0 69.6658 102.037
41 25 0 68.6876 80.6208
41 26 0 68.0828 78.6424
41 27 0 31.8384 42.1419
41 28 0 0.450329 0.624471
41 29 0 85.4981 125.566
41 30 0 93.7949 96.2989
41 31 0 69.3053 70.771
41 32 0 81.6345 92.1282
41 33 0 80.8278 99.5942
41 34 0 39.0051 56.0358
41 35 1 72.7503 80.4107
41 36 0 38.3568 41.0489
41 37 0 24.8364 31.3994
41 38 0 26.1055 36.35
41 39 0 36.8558 48.8827
41 40 0 51.5043 52.5062
41 42 1 19.2806 19.8509
41 43 0 13.8648 19.1994
41 44 0 68.0599 97.3176
41 45 0 7.53372 11.2719
41 46 0 41.5202 48.1748
41 47 0 32.4892 39.7657
41 48 0 59.2262 86.998
41 49 0 45.8325 64.4505
41 50 0 98.9101 126.329
41 51 0 82.6738 109.096
41 52 0 21.403 22.0027
41 53 0 14.872 18.8922
41 54 0 52.9699 77.7685
41 55 0 4.6861 5.50604
41 56 0 41.4429 48.9831
41 57 0 61.2265 82.0979
41 58 0 14.7878 17.7475
41 59 0 79.8816 98.5635
41 60 1 20.4096 28.5295
42 1 0 35.7518 41.9249
42 2 1 58.1606 75.9474
42 3 0 99.21 148.74
42 4 0 81.3384 106.451
42 5 0 54.0867 63.0593
42 6 0 68.991 102.431
42 7 0 30.7028 36.0137
42 8 0 98.4269 129.759
42 9 0 14.7898 21.3892
42 10 0 79.6998 86.8701
42 11 0 14.5506 20.3879
42 12 0 42.1883 63.2017
42 13 0 77.8228 108.792
42 14 0 9.55374 10.4944
42 15 0 55.3103 56.8995
42 16 0 23.3085 34.4271
42 17 0 70.2167 76.2126
42 18 0 45.6505 59.7001
42 19 1 21.6684 27.2033
42 20 0 51.6121 53.0563
42 21 0 69.5676 84.5895
42 22 0 59.176 81.1909
42 23 0 55.9835 68.4701
42 24 0 32.8498 44.0004
42 25 0 34.3606 49.5956
42 26 0 52.5515 74.9823
42 27 0 53.9981 78.7395
42 28 0 1.42515 1.63933
42 29 1 48.2889 67.6582
42 30 0 27.0038 32.9768
42 31 0 32.246 36.6798
42 32 0 32.4628 47.0833
42 33 0 85.4684 99.99
42 34 0 91.9009 103.577
42 35 0 7.05474 7.89979
42 36 0 11.249 15.1808
42 37 0 95.48 121.429
42 38 0 78.2847 97.4315
42 39 0 58.0049 83.9254
42 40 0 17.8081 21.7601
42 41 0 89.861 92.5938
42 43 1 78.5659 104.432
42 44 0 81.207 116.431
42 45 0 26.7668 29.5851
42 46 0 37.43 40.1185
42 47 0 44.7882 63.357
42 48 0 70.2017 70.895
42 49 0 45.381 57.622
42 50 0 51.2336 67.1273
42 51 1 1.58277 2.23553
42 52 0 13.8362 15.1418
42 53 0 87.5678 95.4899
42 54 0 48.0912 53.167
42 55 0 44.6265 65.0637
42 56 0 46.0725 50.6609
42 57 1 69.9503 85.2265
42 58 0 83.7 115.287
42 59 0 71.3348 87.461
42 60 0 30.9365 36.8625
43 1 1 47.4023 70.1257
43 2 0 93.5961 109.621
43 3 0 77.044 105.003
43 4 1 84.1432 100.83
43 5 0 49.6331 63.0878
43 6 0 99.9451 116.069
43 7 0 90.6136 96.4913
43 8 0 86.4398 129.043
43 9 0 39.0538 49.6456
43 10 0 67.1369 68.5414
43 11 0 65.1223 95.4823
43 12 0 32.7761 46.9118
43 13 0 66.7067 97.4528
43 14 0 85.9599 125.394
43 15 0 98.0107 135.547
43 16 1 87.015 99.3609
43 17 0 8.82452 11.5363
43 18 0 68.5921 94.3064
43 19 0 26.6799 31.8807
43 20 0 53.4794 65.3228
43 21 0 1.66085 1.8429
43 22 0 68.2505 78.5121
43 23 0 98.018 110.987
43 24 0 13.7672 15.1852
43 25 0 86.0467 90.4542
43 26 0 84.9628 112.126
43 27 0 89.5131 90.5886
43 28 0 60.8198 90.246
43 29 0 68.0597 74.7538
43 30 0 94.3074 138.674
43 31 0 16.0934 19.8165
43 32 0 60.3825 80.4992
43 33 0 71.9929 84.5477
43 34 0 24.9698 30.0182
43 35 0 6.73881 9.32348
43 36 0 70.3634 76.38
43 37 0 82.7252 121.303
43 38 0 78.9234 95.8266
43 39 0 69.4207 97.2482
43 40 0 21.0418 26.9461
43 41 0 79.3392 79.444
43 42 0 2.06949 2.40783
43 44 1 65.0375 76.5263
43 45 0 27.938 40.4203
43 46 1 87.9241 119.436
43 47 0 10.8093 15.7916
43 48 0 57.4056 76.1894
43 49 0 45.681 65.0783
43 50 0 54.9194 63.5897
43 51 0 39.6942 51.7981
43 52 0 31.9917 38.8679
43 53 0 53.396 77.9615
43 54 1 66.9622 71.0619
43 55 0 84.144 103.799
43 56 0 49.9912 69.3301
43 57 0 66.1264 75.3753
43 58 0 86.3594 107.282
43 59 0 47.2012 64.9795
43 60 0 49.9065 67.2323
44 1 0 81.2387 98.6207
44 2 0 1.59894 1.66437
44 3 0 73.4237 92.544
44 4 0 57.9437 85.8271
44 5 0 16.3072 23.3483
44 6 0 25.9435 34.71
44 7 0 4.61088 5.63142
44 8 0 21.9836 32.0315
44 9 0 58.9402 72.3118
44 10 0 71.0191 102.849
44 11 0 81.9205 83.9979
44 12 0 42.3484 50.6141
44 13 0 51.7156 59.3163
44 14 0 41.1952 55.298
44 15 0 11.4544 17.0194
44 16 0 5.49273 5.54747
44 17 0 60.9196 77.2733
44 18 0 31.7581 46.0145
44 19 0 42.2321 43.6071
44 20 0 0.477145 0.557027
44 21 0 34.2107 40.3885
44 22 0 32.1519 38.0842
44 23 0 7.01726 7.30174
44 24 0 8.68216 9.69015
44 25 0 74.1492 99.4304
44 26 0 79.364 96.1047
44 27 0 58.0731 82.5354
44 28 0 75.643 93.2022
44 29 0 90.5206 121.673
44 30 0 95.0203 104.411
44 31 0 7.80186 11.2361
44 32 0 24.7941 26.701
44 33 0 75.3065 77.4864
44 34 0 10.6312 12.745
44 35 0 19.3793 22.8288
44 36 0 38.2223 51.77
44 37 0 33.5243 44.0564
44 38 0 39.0834 57.9399
44 39 0 57.6064 66.7542
44 40 0 97.9955 125.901
44 41 0 24.7348 35.1333
44 42 0 35.0304 39.3576
44 43 1 28.2175 30.7966
44 45 1 82.8483 87.615
44 46 0 97.1209 140.879
44 47 0 31.6346 41.4909
44 48 0 90.3346 90.4826
44 49 0 79.1572 98.8764
44 50 0 58.9277 86.8157
44 51 0 35.2789 37.8355
44 52 0 84.7876 126.466
44 53 0 17.9795 21.3201
44 54 0 18.0382 18.5149
44 55 0 54.0174 60.6594
44 56 0 95.3107 127.873
44 57 0 94.6531 111.011
44 58 0 50.0976 63.8062
44 59 0 14.3631 19.5698
44 60 1 18.3846 26.8937
45 1 0 70.3537 91.9276
45 2 0 31.6176 39.7257
45 3 0 78.1674 99.9645
45 4 0 67.9821 101.466
45 5 0 78.1054 88.8626
45 6 0 55.826 72.3827
45 7 0 35.0777 44.9801
45 8 0 83.9295 87.7744
45 9 0 7.65078 8.88081
45 10 0 34.6127 51.2524
45 11 0 7.87501 9.23115
45 12 0 92.5934 116.823
45 13 1 77.5802 78.3445
45 14 0 88.8408 93.1856
45 15 0 59.8125 63.3661
45 16 0 6.2895 8.11369
45 17 0 31.4534 45.4743
45 18 0 33.4268 35.0701
45 19 0 97.904 114.016
45 20 0 86.6412 92.0899
45 21 0 3.15071 4.07475
45 22 1 7.30546 10.2883
45 23 0 86.1128 93.9127
45 24 0 90.9996 94.8762
45 25 0 37.0642 37.7392
45 26 0 17.7385 18.0096
45 27 0 25.851 27.5511
45 28 0 67.3565 86.3054
45 29 0 65.5316 77.2232
45 30 1 83.8344 124.334
45 31 0 55.3455 80.4859
45 32 0 46.9273 65.3157
45 33 1 78.5362 99.3581
45 34 1 3.60954 4.38679
45 35 0 29.9878 34.7582
45 36 0 24.99 35.7636
45 37 0 82.911 118.439
45 38 0 55.6632 63.401
45 39 0 30.9591 43.252
45 40 0 16.6046 18.0265
45 41 0 69.6051 77.5104
45 42 0 77.7018 107.938
45 43 0 37.2425 55.4706
45 44 0 82.8089 101.27
45 46 1 73.8099 96.2003
45 47 0 13.9739 18.097
45 48 0 0.0848367 0.111713
45 49 0 48.3017 69.1478
45 50 0 29.8772 40.2928
45 51 0 8.39548 9.86579
45 52 0 4.16719 6.02526
45 53 1 46.1841 60.358
45 54 0 75.4725 92.0893
45 55 0 46.4455 60.0742
45 56 0 40.1541 56.0977
45 57 0 54.3426 73.2347
45 58 0 41.6022 45.2057
45 59 0 76.6376 108.344
45 60 0 69.8874 74.2104
46 1 0 15.1691 16.2571
46 2 0 10.5731 11.3471
46 3 0 67.3591 74.9347
46 4 0 50.8276 62.7678
46 5 0 19.9084 28.7606
46 6 1 4.8169 5.44444
46 7 0 54.087 61.1439
46 8 0 59.3939 75.8539
46 9 0 94.5729 101.149
46 10 0 90.2493 109.534
46 11 0 34.7114 38.4176
46 12 0 9.47446 10.8467
46 13 0 9.54221 10.9779
46 14 0 86.3264 94.3267
46 15 0 38.0102 45.0999
46 16 0 12.6828 16.4303
46 17 0 55.8404 59.0662
46 18 0 17.8202 26.4563
46 19 0 2.89255 3.55718
46 20 0 1.64992 1.76091
46 21 1 0.452713 0.560043
46 22 0 8.7555 10.0377
46 23 0 0.47326 0.512963
46 24 0 53.6363 79.2942
46 25 0 75.6147 107.563
46 26 0 42.2964 44.817
46 27 0 32.602 36.2399
46 28 0 72.0406 95.1918
46 29 0 86.9346 121.193
46 30 0 93.7939 132.439
46 31 0 12.1421 16.3052
46 32 0 87.5762 106.763
46 33 0 72.418 78.9951
46 34 0 33.413 39.0913
46 35 0 47.6429 71.2748
46 36 0 30.1442 43.0588
46 37 0 34.3548 40.7744
46 38 1 23.5898 33.964
46 39 0 13.9279 18.8506
46 40 0 3.37809 4.74287
46 41 0 70.1207 86.2177
46 42 0 75.9538 98.2062
46 43 0 82.3604 106.677
46 44 0 37.3008 44.6096
46 45 0 29.3084 31.8012
46 47 1 31.2517 46.7808
46 48 0 36.6039 36.9906
46 49 0 50.8846 55.0235
46 50 0 86.499 100.652
46 51 0 73.0306 99.667
46 52 0 26.0798 31.1685
46 53 0 53.1059 59.9109
46 54 0 49.728 63.5497
46 55 0 73.5194 106.293
46 56 0 70.7524 95.1462
46 57 0 59.7388 69.4653
46 58 0 3.76106 3.9901
46 59 0 93.4408 99.941
46 60 0 38.0307 54.3603
47 1 1 94.8416 141.667
47 2 0 25.5248 27.3548
47 3 0 35.6847 52.7947
47 4 0 11.5339 13.9466
47 5 0 95.9593 110.226
47 6 0 78.9959 80.7381
47 7 0 46.1621 59.184
47 8 0 97.5613 117.499
47 9 0 86.4634 117.74
47 10 0 77.7337 78.3079
47 11 0 29.5069 43.0307
47 12 0 17.5396 21.1521
47 13 1 56.6133 57.7416
47 14 0 74.4978 90.079
47 15 0 7.82567 10.0788
47 16 0 65.0903 77.5163
47 17 0 59.0442 67.5915
47 18 0 0.6274 0.684858
47 19 0 73.2753 79.3967
47 20 0 44.7037 48.2006
47 21 0 69.9239 84.1213
47 22 0 25.9797 35.7458
47 23 0 83.7999 120.535
47 24 0 21.9046 29.8734
47 25 0 1.90252 2.80462
47 26 0 88.536 125.552
47 27 0 88.4706 108.956
47 28 0 5.97064 7.01034
47 29 0 92.8218 137.1
47 30 0 55.9184 64.5616
47 31 0 37.8225 55.6087
47 32 1 19.9785 22.4126
47 33 0 89.3419 105.73
47 34 1 48.5914 59.4653
47 35 0 80.5681 86.8058
47 36 0 88.4376 102.337
47 37 0 65.2443 66.481
47 38 0 69.8741 71.6894
47 39 0 34.7511 46.3151
47 40 0 25.321 31.4818
47 41 0 62.3351 65.9625
47 42 0 41.1074 44.6171
47 43 0 88.5771 89.4746
47 44 0 18.0156 22.0575
47 45 0 67.9955 88.4023
47 46 0 75.9021 82.234
47 48 1 55.2909 76.1231
47 49 0 33.8787 41.9215
47 50 0 14.7683 18.5954
47 51 0 75.7359 96.528
47 52 0 44.4441 58.5251
47 53 0 32.1732 44.5025
47 54 0 85.5387 128.095
47 55 0 99.2347 107.614
47 56 0 11.5963 15.6569
47 57 0 70.4788 90.0244
47 58 0 5.82229 7.23174
47 59 0 75.4369 90.6228
47 60 0 91.319 118.624
48 1 0 67.4263 92.9789
48 2 0 37.249 40.141
48 3 0 72.7466 81.4395
48 4 0 24.3073 26.3555
48 5 0 30.7648 42.9288
48 6 0 37.7324 55.7694
48 7 0 98.7675 146.935
48 8 0 73.6349 102.881
48 9 0 66.4582 94.3883
48 10 0 32.4849 43.3852
48 11 0 24.2965 33.3529
48 12 0 62.3749 84.9473
48 13 0 66.2579 73.6256
48 14 0 79.6372 94.9629
48 15 0 15.8992 19.1489
48 16 0 46.6078 52.9401
48 17 0 98.8591 148.164
48 18 0 88.1274 113.518
48 19 0 63.8512 94.2225
48 20 0 88.5289 123.98
48 21 0 14.1135 17.2144
48 22 0 48.1996 68.6684
48 23 0 61.4634 66.9584
48 24 0 33.4294 46.7308
48 25 0 62.9573 74.0537
48 26 0 5.77332 6.88329
48 27 0 51.6264 69.2162
48 28 0 53.4111 59.0888
48 29 0 52.7748 63.9992
48 30 1 36.8693 50.5751
48 31 1 74.0624 103.327
48 32 0 56.4217 60.0578
48 33 0 73.9744 107.177
48 34 0 63.7927 91.7126
48 35 0 17.1225 20.4547
48 36 0 32.6801 34.7239
48 37 1 90.1658 107.683
48 38 0 32.1455 46.0275
48 39 0 33.1302 43.971
48 40 1 81.6778 91.4754
48 41 0 66.4265 93.679
48 42 0 47.5476 54.9501
48 43 0 96.4513 115.515
48 44 1 37.4361 50.0124
48 45 0 9.38679 10.2941
48 46 0 82.309 119.045
48 47 0 22.1094 27.8935
48 49 1 59.8966 64.9924
48 50 0 56.2557 60.2374
48 51 0 63.1728 67.9739
48 52 0 48.7152 53.2511
48 53 0 83.9935 95.7632
48 54 1 44.3363 58.5782
48 55 0 54.633 74.5913
48 56 0 61.896 91.4082
48 57 0 4.57946 5.30797
48 58 0 77.3985 105.947
48 59 0 85.2104 112.804
48 60 0 51.1438 65.3982
49 1 0 86.2206 103.601
49 2 0 90.6151 92.6877
49 3 0 18.6459 24.0076
49 4 0 56.5796 72.4747
49 5 1 67.0017 83.5337
49 6 0 92.9484 94.2464
49 7 0 31.0664 39.715
49 8 0 34.4901 43.5859
49 9 0 2.19872 3.22626
49 10 0 64.4616 81.8486
49 11 0 98.1552 104.237
49 12 0 16.4226 24.1486
49 13 0 18.4866 21.3626
49 14 0 23.7335 32.7591
49 15 0 81.3711 87.9868
49 16 0 10.4821 14.0559
49 17 0 53.9563 76.5975
49 18 0 1.68394 2.25087
49 19 1 99.5364 127.524
49 20 0 41.0438 48.5228
49 21 0 96.6659 108.227
49 22 0 78.3365 106.495
49 23 1 31.828 32.3352
49 24 0 59.1374 66.5892
49 25 0 3.78931 4.39665
49 26 0 1.0036 1.16456
49 27 0 38.2682 38.5193
49 28 1 75.2834 104.558
49 29 0 67.4654 70.6077
49 30 0 87.0094 115.13
49 31 0 21.4977 28.6443
49 32 1 85.4147 95.4142
49 33 0 85.2485 109.761
49 34 0 70.4363 92.448
49 35 0 67.8201 75.437
49 36 0 56.0115 58.6853
49 37 0 25.3013 26.5821
49 38 0 74.6574 82.9983
49 39 0 46.0194 64.8825
49 40 0 72.8626 97.1687
49 41 0 53.1154 58.221
49 42 0 68.6453 72.5513
49 43 0 65.2221 78.8686
49 44 0 8.11216 9.74409
49 45 0 34.4065 50.2159
49 46 0 20.6759 20.9228
49 47 0 70.8556 97.3757
49 48 0 51.5776 62.1428
49 50 1 26.9791 37.9191
49 51 1 73.8652 101.976
49 52 0 61.0253 66.1376
49 53 0 1.92783 2.5464
49 54 0 65.8791 79.8154
49 55 0 21.7353 26.5829
49 56 0 11.1149 14.2316
49 57 0 52.9556 58.4214
49 58 0 38.3899 56.8401
49 59 1 30.4577 40.1273
49 60 0 8.91418 12.5651
50 1 0 44.9817 48.9492
50 2 0 11.0764 12.545
50 3 0 38.1397 46.2966
50 4 0 38.8074 56.0639
50 5 0 44.2536 59.3488
50 6 0 25.6056 35.9045
50 7 1 18.3218 26.345
50 8 0 88.8278 117.623
50 9 0 11.3595 14.6612
50 10 1 52.9211 68.8938
50 11 0 14.0917 17.3575
50 12 0 69.4054 75.7526
50 13 0 7.36758 9.61537
50 14 1 44.8162 61.7131
50 15 0 97.0081 133.551
50 16 0 74.0201 86.4456
50 17 0 33.8369 43.6523
50 18 1 7.2771 7.68318
50 19 0 54.17 79.1043
50 20 0 88.1581 120.273
50 21 0 87.4104 102.087
50 22 0 22.3806 22.9119
50 23 0 28.4824 35.5301
50 24 0 35.7199 50.0123
50 25 0 8.22343 11.4411
50 26 0 9.77262 12.7912
50 27 0 6.76672 8.98478
50 28 0 30.4644 31.3282
50 29 0 54.9038 78.9447
50 30 0 48.4632 56.2906
50 31 0 94.2768 121.011
50 32 0 72.5841 73.7553
50 33 0 72.247 86.1649
50 34 0 8.64492 10.1699
50 35 0 76.3026 93.172
50 36 0 1.9192 2.25701
50 37 0 0.153852 0.216592
50 38 1 43.6557 47.7956
50 39 0 55.9631 78.5513
50 40 0 20.4377 27.5412
50 41 0 56.5144 70.3654
50 42 0 6.22715 8.25265
50 43 0 59.7766 68.3737
50 44 0 96.4182 128.111
50 45 0 59.1723 78.7663
50 46 0 61.6264 63.7109
50 47 0 79.0353 117.488
50 48 0 21.0095 27.5413
50 49 0 31.5619 34.8128
50 51 1 57.8052 83.1551
50 52 0 65.4474 82.3053
50 53 0 5.44684 7.68884
50 54 0 54.9461 58.1321
50 55 0 78.2877 92.999
50 56 1 88.1232 106.406
50 57 0 20.5275 21.3981
50 58 0 85.7934 102.32
50 59 0 5.45408 5.69116
50 60 0 72.2665 98.1514
51 1 0 95.1741 107.87
51 2 0 45.6932 54.23
51 3 0 35.7992 52.2558
51 4 0 67.3726 84.7567
51 5 0 85.7831 89.9881
51 6 0 37.9654 51.9933
51 7 0 70.3396 83.3754
51 8 0 15.4908 19.8859
51 9 1 32.2256 40.7378
51 10 0 30.0219 43.0311
51 11 0 17.3511 19.6181
51 12 0 7.51398 9.32476
51 13 0 91.4574 95.8098
51 14 1 67.1749 91.511
51 15 0 69.6642 93.2839
51 16 0 25.781 25.9351
51 17 0 15.2738 15.7011
51 18 0 1.46811 2.15829
51 19 0 21.7369 27.0386
51 20 0 73.8524 86.9085
51 21 0 68.476 98.0274
51 22 0 20.7551 26.7199
51 23 0 79.1481 94.5104
51 24 0 85.9292 89.3676
51 25 1 45.6108 46.1546
51 26 1 37.272 47.8992
51 27 0 29.831 44.1952
51 28 0 48.571 61.0764
51 29 0 97.2071 112.258
51 30 0 77.4958 89.738
51 31 0 24.4983 27.7594
51 32 0 66.7076 79.4688
51 33 0 54.1909 75.2218
51 34 0 82.3934 110.648
51 35 0 4.05503 4.7274
51 36 0 84.6652 103.89
51 37 0 18.7067 24.3475
51 38 0 32.6896 47.0532
51 39 0 74.5552 110.591
51 40 0 41.3134 49.8595
51 41 0 32.5316 35.066
51 42 0 11.9919 17.0373
51 43 0 15.6528 21.1885
51 44 0 49.9144 69.9216
51 45 0 3.65192 4.21352
51 46 0 50.6728 75.0752
51 47 0 28.258 37.7657
51 48 0 97.5965 106.217
51 49 0 77.7766 102.837
51 50 0 90.481 121.251
51 52 1 60.4802 75.1899
51 53 0 74.9086 92.9408
51 54 0 48.075 59.8457
51 55 0 76.3181 79.514
51 56 1 83.1251 93.6955
51 57 0 48.5126 68.5135
51 58 0 33.9914 37.4089
51 59 0 52.208 73.0831
51 60 0 9.58245 11.9381
52 1 0 60.1696 78.8886
52 2 0 70.6578 83.7499
52 3 0 30.2962 40.039
52 4 0 52.1967 55.0665
52 5 0 21.6195 26.8466
52 6 0 86.6342 128.196
52 7 0 58.1038 70.588
52 8 0 81.8426 114.728
52 9 0 49.2583 50.5375
52 10 0 84.1469 92.0312
52 11 0 47.4748 58.3825
52 12 0 8.71594 9.94406
52 13 0 14.6861 21.1071
52 14 0 94.2454 129.118
52 15 0 76.8511 81.0198
52 16 0 94.1185 135.283
52 17 0 67.0707 96.1097
52 18 1 30.0508 33.3486
52 19 0 62.3744 65.8985
52 20 1 18.4607 21.4583
52 21 0 90.9071 93.7178
52 22 0 29.959 35.4648
52 23 0 9.2545 9.81852
52 24 0 61.0205 80.7487
52 25 0 40.3438 53.1499
52 26 0 81.1998 117.774
52 27 0 61.3863 70.4309
52 28 0 63.276 78.3879
52 29 0 28.7721 40.4303
52 30 0 76.3211 97.0858
52 31 0 57.1833 57.7273
52 32 0 96.5459 117.074
52 33 0 80.475 105.071
52 34 0 84.3232 89.3708
52 35 0 88.7651 131.867
52 36 0 82.9155 86.1688
52 37 0 55.5403 68.3841
52 38 0 64 85.5538
52 39 0 80.982 84.3497
52 40 0 58.4789 86.9298
52 41 0 33.3055 36.1353
52 42 0 57.162 72.1636
52 43 0 58.3361 70.9147
52 44 0 62.9763 90.5504
52 45 0 81.1652 100.929
52 46 0 43.5211 44.8843
52 47 0 97.046 126.338
52 48 1 69.3094 98.0923
52 49 0 68.6299 91.0983
52 50 0 42.7803 51.2291
52 51 0 86.6413 106.167
52 53 1 41.9744 53.3531
52 54 0 58.6591 78.8813
52 55 0 73.0921 91.6478
52 56 0 45.6318 50.8983
52 57 0 3.16693 3.82838
52 58 1 77.617 97.7499
52 59 0 98.9964 115.831
52 60 0 79.7319 102.846
53 1 0 42.2376 46.7165
53 2 0 58.2362 79.2168
53 3 0 75.4106 96.2271
53 4 0 51.2412 74.1182
53 5 0 26.7318 27.3048
53 6 0 88.5342 121.95
53 7 0 66.2134 77.5264
53 8 0 13.486 17.1685
53 9 0 70.7602 87.8692
53 10 0 54.2163 68.6595
53 11 0 30.1054 39.9186
53 12 0 64.8896 75.1242
53 13 1 64.3091 86.2142
53 14 1 70.1268 98.6115
53 15 0 29.0243 41.4587
53 16 0 80.2148 114.248
53 17 0 36.8159 52.8623
53 18 1 26.5543 37.6263
53 19 0 33.6294 48.1043
53 20 0 54.2788 70.848
53 21 0 11.9938 17.3131
53 22 0 58.9646 73.3569
53 23 0 20.4954 29.1901
53 24 0 81.874 94.5078
53 25 0 48.9933 53.6473
53 26 0 74.8355 85.9886
53 27 0 26.4292 35.3323
53 28 0 35.4287 44.8641
53 29 0 71.038 103.667
53 30 0 53.112 54.2731
53 31 0 4.39898 5.77221
53 32 0 52.3146 76.4896
53 33 0 51.4946 66.1373
53 34 0 59.7852 78.9659
53 35 0 20.1988 25.2895
53 36 0 2.45996 2.48927
53 37 0 82.3752 86.6978
53 38 0 44.4869 50.5406
53 39 0 95.2075 109.04
53 40 0 65.857 75.9227
53 41 0 63.3213 86.6543
53 42 0 21.0242 27.944
53 43 0 31.327 41.2928
53 44 0 50.8169 73.3318
53 45 0 9.94223 11.3673
53 46 0 72.7565 82.8702
53 47 0 0.805389 1.20808
53 48 0 12.4499 18.2452
53 49 1 64.6275 83.3009
53 50 0 32.2384 38.1548
53 51 1 64.2993 94.0559
53 52 0 36.9078 52.4304
53 54 1 30.2315 42.5025
53 55 0 52.8443 55.2384
53 56 0 78.7924 108.922
53 57 0 54.1126 60.9104
53 58 0 79.1559 107.438
53 59 0 55.1229 60.74
53 60 0 50.7421 62.5759
54 1 0 55.6349 62.7015
54 2 0 30.9483 33.5295
54 3 0 7.39309 10.9586
54 4 0 29.4558 31.3448
54 5 0 52.2626 66.0445
54 6 0 48.0605 72.0891
54 7 0 91.1823 100.592
54 8 0 65.2393 69.5246
54 9 0 42.4411 63.1872
54 10 0 64.6826 67.6423
54 11 0 64.2996 64.6693
54 12 0 94.6327 107
54 13 0 39.5048 52.7979
54 14 0 79.6088 106.929
54 15 0 22.6174 31.2123
54 16 0 13.758 15.6797
54 17 0 41.2107 57.9551
54 18 0 84.0956 88.3218
54 19 0 44.8944 65.8377
54 20 0 40.182 58.5984
54 21 0 58.8566 74.0749
54 22 0 18.189 20.4076
54 23 0 59.021 62.4174
54 24 0 17.2414 23.2583
54 25 0 76.8042 98.5429
54 26 0 66.3714 75.072
54 27 0 56.7699 72.5629
54 28 0 48.2213 57.6013
54 29 0 34.0095 46.2552
54 30 0 9.0397 11.8254
54 31 0 77.7949 81.608
54 32 0 18.8831 26.094
54 33 0 31.2349 35.6548
54 34 0 98.2874 143.723
54 35 1 10.0575 12.3203
54 36 0 55.7766 82.0664
54 37 0 52.3444 52.9501
54 38 0 16.043 19.8916
54 39 0 55.7993 58.4272
54 40 0 87.3989 125.716
54 41 0 84.1003 93.3373
54 42 0 90.3474 100.155
54 43 0 8.69062 9.09741
54 44 0 73.2329 75.0008
54 45 0 93.7437 107.635
54 46 0 98.4985 139.01
54 47 0 31.0353 34.3801
54 48 0 26.9847 39.6798
54 49 0 36.1791 46.4453
54 50 0 0.0263248 0.0265932
54 51 0 50.7262 59.2005
54 52 0 13.2198 17.6456
54 53 0 28.9636 39.1606
54 55 1 69.5222 100.469
54 56 0 18.8583 28.2361
54 57 1 62.2673 91.456
54 58 0 99.1391 121.003
54 59 0 60.9867 64.7615
54 60 0 50.5408 61.1259
55 1 0 43.3229 50.4102
55 2 0 91.2709 129.37
55 3 0 88.0622 116.633
55 4 0 53.2254 73.4161
55 5 0 37.0472 54.291
55 6 0 49.3482 49.9899
55 7 0 70.095 96.4048
55 8 0 68.9178 79.4213
55 9 0 32.6351 39.4134
55 10 0 86.7837 118.046
55 11 0 51.8633 68.5504
55 12 0 21.0867 31.1071
55 13 0 2.13307 2.16365
55 14 0 94.9571 111.743
55 15 0 32.0556 39.3413
55 16 0 72.8478 108.018
55 17 0 79.9124 115.77
55 18 0 3.65243 4.64902
55 19 0 38.738 53.525
55 20 0 12.1686 13.5047
55 21 0 10.0427 12.3509
55 22 0 63.6373 88.757
55 23 0 91.91 130.324
55 24 0 90.0948 107.854
55 25 0 23.5534 24.5601
55 26 0 86.4716 126.763
55 27 0 52.7757 78.2802
55 28 0 0.42128 0.528797
55 29 0 50.3997 71.2967
55 30 0 92.1589 128.055
55 31 0 96.1871 110.038
55 32 0 67.9499 97.3397
55 33 0 68.6354 70.6664
55 34 0 29.9472 36.4094
55 35 0 39.0813 54.4505
55 36 0 17.8654 24.6768
55 37 0 85.6034 101.893
55 38 0 40.2625 56.8731
55 39 0 18.5066 20.6865
55 40 0 39.5914 44.2054
55 41 0 46.9317 70.3217
55 42 0 19.0119 26.4025
55 43 0 80.4576 114.535
55 44 0 33.6771 35.2722
55 45 0 34.4752 46.8203
55 46 0 16.0421 18.0441
55 47 0 80.7996 106.717
55 48 0 50.0181 52.0074
55 49 0 91.3288 125.501
55 50 0 63.6206 67.9436
55 51 1 53.2395 63.5281
55 52 0 62.3262 63.1802
55 53 0 7.89677 11.2715
55 54 0 59.4324 81.4705
55 56 1 1.70461 1.97432
55 57 1 14.1543 19.2378
55 58 0 28.6214 30.7331
55 59 0 51.4678 67.2088
55 60 0 67.5786 80.7849
56 1 0 22.0772 28.0305
56 2 0 29.1034 35.1825
56 3 1 92.2059 125.986
56 4 0 93.5616 108.853
56 5 0 44.8115 60.7381
56 6 0 68.4008 96.8545
56 7 0 61.6068 80.1068
56 8 0 44.6287 58.683
56 9 1 56.6212 69.3694
56 10 0 54.7076 64.736
56 11 0 55.3654 62.3339
56 12 0 50.4964 69.7563
56 13 1 3.9187 4.76515
56 14 0 11.4546 16.7369
56 15 0 52.7609 56.1751
56 16 0 67.7384 97.9916
56 17 0 32.291 44.9671
56 18 0 54.9705 69.6229
56 19 0 92.8998 94.7844
56 20 0 46.841 48.3637
56 21 0 27.5308 29.3376
56 22 0 73.7412 90.6193
56 23 0 23.9325 34.2473
56 24 0 25.607 32.5137
56 25 0 35.2266 40.9114
56 26 0 89.5675 97.1342
56 27 0 16.3878 23.8009
56 28 0 60.3702 80.4208
56 29 1 15.4119 18.6747
56 30 0 73.1595 97.1909
56 31 0 53.354 58.6761
56 32 0 39.6007 50.2748
56 33 0 98.1479 125.484
56 34 0 39.3531 55.7056
56 35 0 2.9104 4.19845
56 36 0 68.1902 97.6584
56 37 0 18.9268 22.399
56 38 0 27.9378 35.1249
56 39 0 26.6071 27.6735
56 40 0 96.4119 100.267
56 41 0 70.9663 77.7984
56 42 0 97.8207 109.004
56 43 0 15.0646 15.6497
56 44 0 4.43515 4.64784
56 45 0 78.9533 94.0777
56 46 0 42.6232 55.8398
56 47 0 3.35516 4.25389
56 48 0 62.2817 83.9465
56 49 0 6.87835 9.35841
56 50 0 74.8108 77.8892
56 51 0 41.642 51.6232
56 52 0 24.7619 31.6219
56 53 0 20.2491 28.1365
56 54 0 8.59144 10.9972
56 55 0 64.1826 76.8164
56 57 1 93.97 110.728
56 58 0 47.1897 65.7896
56 59 0 71.8646 76.3079
56 60 0 17.4009 25.5124
57 1 0 54.4896 68.7166
57 2 0 76.9146 78.1758
57 3 0 24.5827 31.1486
57 4 0 76.9164 110.403
57 5 0 14.3303 16.0811
57 6 0 63.1798 72.2383
57 7 1 36.2891 46.1965
57 8 0 86.1304 108.911
57 9 0 13.1164 13.2085
57 10 0 18.8593 25.4919
57 11 0 33.9013 37.6751
57 12 0 2.07887 2.28227
57 13 0 47.5735 71.13
57 14 0 43.1775 47.2666
57 15 0 93.2514 123.09
57 16 1 69.5013 69.6065
57 17 0 83.6832 113.272
57 18 0 67.1121 79.8405
57 19 0 68.2459 83.3531
57 20 0 52.5261 56.8005
57 21 0 9.12233 13.4881
57 22 0 78.3981 86.6197
57 23 0 68.8656 92.7073
57 24 0 78.7209 94.9418
57 25 0 99.6134 100.402
57 26 0 57.5572 79.3075
57 27 0 10.0226 13.0824
57 28 0 67.3177 99.404
57 29 0 5.75189 7.61996
57 30 0 72.5699 86.7664
57 31 0 16.3202 19.115
57 32 0 62.9098 71.5581
57 33 0 67.5089 98.4878
57 34 0 64.0329 71.6832
57 35 0 33.6824 36.7262
57 36 0 65.614 72.9391
57 37 0 40.5014 50.7303
57 38 0 90.3342 105.273
57 39 0 10.3659 15.4727
57 40 0 4.55548 6.34191
57 41 0 1.5966 2.05181
57 42 0 75.1436 84.009
57 43 0 48.1299 49.205
57 44 0 37.8781 38.3317
57 45 0 61.9732 81.8659
57 46 0 82.5111 99.6428
57 47 0 62.019 80.572
57 48 0 40.0836 47.38
57 49 0 24.9979 37.3292
57 50 0 49.0836 59.1353
57 51 0 65.6349 87.3158
57 52 0 99.7228 106.182
57 53 1 9.49419 13.9061
57 54 0 99.6828 135.736
57 55 0 79.9238 112.519
57 56 0 0.88115 1.18335
57 58 1 40.9601 49.1756
57 59 0 16.4877 18.5669
57 60 0 57.2996 84.0721
58 1 0 68.8406 71.5811
58 2 0 2.75486 3.90494
58 3 0 13.7831 18.8404
58 4 0 99.8422 106.899
58 5 0 9.48137 12.9215
58 6 0 78.9974 91.83
58 7 0 53.419 62.0982
58 8 0 25.0975 26.5928
58 9 0 94.404 128.837
58 10 0 19.9526 28.4925
58 11 0 47.4603 63.147
58 12 0 51.979 69.466
58 13 0 71.9901 100.811
58 14 1 34.0844 46.07
58 15 0 7.14265 8.2235
58 16 0 37.1631 53.51
58 17 0 22.1443 24.8916
58 18 0 75.5662 79.7066
58 19 0 39.0472 47.4154
58 20 0 39.7677 48.8858
58 21 0 12.6822 14.3703
58 22 0 39.0011 50.6255
58 23 0 49.0294 62.5181
58 24 0 85.1355 118.872
58 25 0 79.3955 102.616
58 26 0 74.3904 81.5278
58 27 0 70.8693 105.04
58 28 0 25.9166 35.8691
58 29 0 98.8833 133.156
58 30 0 91.7126 98.613
58 31 0 8.10845 9.52632
58 32 0 42.4049 57.1811
58 33 0 10.8504 14.4021
58 34 0 13.5107 18.1549
58 35 0 37.1092 41.3944
58 36 0 98.7207 146.622
58 37 0 56.3186 56.3696
58 38 0 83.8 95.1499
58 39 0 85.6004 93.4958
58 40 0 12.1879 15.5928
58 41 0 88.572 125.102
58 42 0 83.5783 123.797
58 43 0 37.4953 42.2253
58 44 0 4.36035 5.18039
58 45 0 69.0396 89.7749
58 46 0 65.9545 79.5183
58 47 0 16.3253 17.4776
58 48 0 62.598 92.9741
58 49 0 46.5438 56.2317
58 50 0 8.7068 10.9401
58 51 0 40.6595 58.2463
58 52 0 64.7343 94.0448
58 53 0 74.4121 106.345
58 54 0 74.7168 80.2268
58 55 0 68.2693 101.18
58 56 0 84.1705 113.112
58 57 0 18.6846 19.3929
58 59 1 72.2896 77.1794
58 60 0 2.71957 3.98668
59 1 0 80.5045 112.028
59 2 0 41.8918 55.4113
59 3 0 54.5491 59.9582
59 4 0 79.33 86.7411
59 5 0 10.5585 14.1039
59 6 0 98.9387 107.398
59 7 0 84.4469 107.662
59 8 0 84.2029 91.7223
59 9 0 22.8244 28.4455
59 10 0 98.7754 146.545
59 11 0 48.0474 60.8976
59 12 0 85.5841 96.1454
59 13 0 33.2342 34.0157
59 14 0 0.81171 1.12337
59 15 0 83.0077 99.799
59 16 0 67.7306 85.8425
59 17 0 7.88498 9.71577
59 18 0 9.76703 13.1086
59 19 0 71.5921 96.2268
59 20 0 53.3102 79.9513
59 21 0 24.3085 26.4899
59 22 0 48.9526 50.6023
59 23 0 51.3575 56.275
59 24 0 42.7098 58.8305
59 25 0 56.5672 78.3004
59 26 0 99.0859 136.101
59 27 0 45.734 64.4362
59 28 0 44.5475 61.2587
59 29 0 12.9061 18.6097
59 30 0 30.0651 43.1224
59 31 0 76.8337 98.8089
59 32 0 18.0052 18.2072
59 33 0 9.18324 11.8762
59 34 0 14.3478 15.7806
59 35 0 22.5372 27.4402
59 36 0 53.1523 67.0564
59 37 0 9.01726 9.23781
59 38 0 68.84 71.5838
59 39 0 20.6407 30.2398
59 40 0 98.1249 140.467
59 41 1 70.1501 75.9188
59 42 0 61.0691 80.196
59 43 0 86.3057 113.293
59 44 0 65.0454 89.9448
59 45 0 6.5311 8.90945
59 46 0 18.484 27.7062
59 47 0 59.8066 60.6902
59 48 0 10.7105 14.2494
59 49 0 43.5367 47.4542
59 50 0 68.8469 81.2153
59 51 1 67.1691 81.0491
59 52 0 58.4408 68.1699
59 53 0 10.476 14.1883
59 54 1 82.3924 110.333
59 55 0 30.1992 40.4036
59 56 0 83.5183 118.013
59 57 0 87.0502 87.4198
59 58 0 10.8178 15.1041
59 60 1 74.8232 94.5464
60 1 1 23.2215 34.5941
60 2 0 2.38953 2.78028
60 3 0 96.1403 135.125
60 4 0 32.1889 41.167
60 5 0 18.6051 25.3968
60 6 0 84.3022 112.101
60 7 0 46.6799 55.4016
60 8 0 13.2399 13.9039
60 9 0 93.2589 107.481
60 10 0 46.019 48.1696
60 11 0 73.5209 91.106
60 12 0 36.8741 51.8561
60 13 0 31.7055 38.9183
60 14 0 94.8923 128.608
60 15 0 15.279 19.4853
60 16 0 65.3244 66.4395
60 17 0 15.0746 16.6171
60 18 1 85.8002 109.917
60 19 0 48.9236 56.5814
60 20 0 30.4709 33.2258
60 21 0 52.0347 58.6077
60 22 0 24.6545 26.4076
60 23 0 42.8512 59.2616
60 24 0 69.7881 103.77
60 25 0 28.6139 31.0367
60 26 0 69.3172 84.6731
60 27 0 40.213 49.6986
60 28 0 94.1682 122.695
60 29 0 3.4025 4.63504
60 30 0 10.9262 15.3749
60 31 0 59.0356 84.6711
60 32 0 17.9333 22.7868
60 33 0 54.1999 68.3845
60 34 0 60.8745 79.595
60 35 1 67.6553 96.149
60 36 0 13.4359 17.3381
60 37 0 4.31268 5.64579
60 38 0 57.6752 63.166
60 39 0 35.1039 51.0189
60 40 0 50.1484 73.8568
60 41 0 14.5423 17.7076
60 42 0 40.4982 57.8808
60 43 0 48.4961 62.4145
60 44 0 57.4861 72.2634
60 45 0 21.435 23.7238
60 46 0 87.9928 117.951
60 47 0 63.5104 68.3797
60 48 0 44.1664 48.1104
60 49 0 88.4922 95.2076
60 50 0 44.3324 44.7374
60 51 0 26.1223 39.0673
60 52 0 97.1117 99.5331
60 53 1 95.5237 118.673
60 54 0 74.0381 92.4096
60 55 0 88.8172 99.9657
60 56 0 37.5808 47.6464
60 57 0 1.44196 1.59619
60 58 0 99.9474 102.361
60 59 0 83.6241 118.6
18.3718 31.1738 23.7174 27.7541 30.7886 12.0804 33.1017 10.3668 20.9533 23.3852 34.8723 18.5072 10.3012 6.03053 20.2297 35.0842 21.2871 14.365 27.5954 18.9654 24.8098 35.1447 31.2966 16.7642 8.54417 35.3615 24.1817 28.8846 19.9107 15.2477 33.323 14.7466 22.8799 20.6671 33.6735 19.1651 9.67292 8.29374 0.438791 35.6662 14.7555 28.0351 21.8299 2.13381 27.7066 19.4805 27.5901 5.02372 5.48305 23.9802 35.8316 38.4405 35.6011 16.1729 12.8125 23.2422 25.7824 34.3431 32.4434 21.148 