60
100
3
50
1 2 1 45.2659 63.8638
1 3 0 40.8027 53.0837
1 4 0 34.6476 41.4415
1 5 0 1.35543 1.61322
1 6 0 54.2669 58.836
1 7 0 25.8339 25.8722
1 8 0 50.2476 74.5415
1 9 0 19.8053 27.7391
1 10 0 62.2431 72.2815
1 11 0 16.7106 17.3798
1 12 0 63.2825 68.2043
1 13 0 26.9364 38.7858
1 14 0 86.9873 125.799
1 15 0 27.5139 32.3339
1 16 1 81.2481 86.5756
1 17 0 86.3861 123.44
1 18 0 37.3959 46.7367
1 19 0 94.8585 115.945
1 20 0 92.2117 108.863
1 21 0 28.8026 40.014
1 22 0 71.216 77.65
1 23 0 8.62903 12.441
1 24 0 98.8735 133.441
1 25 0 87.3113 125.366
1 26 0 59.7418 72.4936
1 27 0 57.1141 84.7152
1 28 0 22.6553 27.9407
1 29 0 90.3638 103.441
1 30 0 26.6132 27.1345
1 31 0 12.0968 14.1801
1 32 0 91.6211 123.923
1 33 0 78.9764 107.28
1 34 0 11.0406 14.9408
1 35 0 40.6321 52.0144
1 36 0 1.74302 1.96196
1 37 0 87.0315 107.135
1 38 0 10.6412 14.0074
1 39 0 78.6113 99.508
1 40 0 40.3748 43.9406
1 41 0 3.54774 4.21532
1 42 0 65.6172 71.3249
1 43 0 70.8682 71.2396
1 44 0 33.7521 38.3313
1 45 0 83.6 113.766
1 46 0 95.0771 135.377
1 47 0 51.6022 68.6124
1 48 0 94.7791 120.544
1 49 0 5.89579 8.79651
1 50 0 45.0923 46.0539
1 51 0 79.1219 99.758
1 52 0 14.3013 15.6259
1 53 0 89.6721 126.763
1 54 0 73.9036 80.5136
1 55 0 79.5964 107.803
1 56 0 10.3785 12.0156
1 57 0 20.3376 28.1867
1 58 0 51.5712 75.5577
1 59 0 90.5252 94.9308
1 60 0 79.6172 116.11
2 1 0 88.6206 131.289
2 3 1 74.1191 77.8391
2 4 0 26.9345 29.078
2 5 0 97.5035 131.109
2 6 0 56.7865 69.7917
2 7 0 59.0626 66.5908
2 8 0 48.6055 54.6337
2 9 0 56.7787 75.846
2 10 0 13.0619 13.2966
2 11 0 31.1941 39.1005
2 12 0 56.9426 77.5464
2 13 0 98.2317 144.122
2 14 0 83.2956 85.3643
2 15 0 30.4222 31.0399
2 16 0 17.5538 21.1351
2 17 0 17.2292 21.7822
2 18 0 27.7048 34.3638
2 19 0 85.4991 121.506
2 20 0 26.7178 38.7864
2 21 0 27.1213 28.7081
2 22 0 48.135 68.4006
2 23 0 30.9037 35.7411
2 24 0 83.4193 94.664
2 25 0 74.3192 100.883
2 26 0 46.694 47.3462
2 27 0 55.2574 74.7049
2 28 0 39.1317 42.104
2 29 0 62.2803 68.9586
2 30 0 46.0498 49.8802
2 31 0 43.4464 44.6368
2 32 0 19.5328 27.6148
2 33 0 41.7285 42.0437
2 34 0 2.60537 2.90818
2 35 0 86.9801 113.805
2 36 0 27.5926 33.975
2 37 0 4.17529 5.29454
2 38 0 3.13889 3.202
2 39 0 3.71383 5.17528
2 40 0 18.3111 19.1542
2 41 0 34.2492 34.946
2 42 0 86.8704 92.6818
2 43 0 96.3817 134.923
2 44 0 57.4524 77.0912
2 45 0 25.9555 33.664
2 46 0 86.7676 128.624
2 47 0 46.8553 48.1211
2 48 0 97.2156 108.022
2 49 0 34.8054 50.7957
2 50 0 80.4041 104.875
2 51 0 8.14919 10.9477
2 52 0 72.0448 102.346
2 53 0 48.7739 63.4044
2 54 0 74.0912 107.598
2 55 0 43.5942 58.7387
2 56 0 98.3535 139.235
2 57 0 69.6823 85.0926
2 58 0 45.8432 51.1742
2 59 0 75.7702 78.8282
2 60 0 64.1951 69.8943
3 1 0 65.5766 69.6106
3 2 0 18.3814 22.3635
3 4 1 3.67985 4.00708
3 5 0 55.1053 80.4822
3 6 0 79.6006 104.013
3 7 0 89.2905 122.859
3 8 0 63.4632 66.2611
3 9 0 35.6795 48.0081
3 10 0 50.3117 70.5267
3 11 0 30.3198 41.0381
3 12 0 51.3221 57.4038
3 13 0 73.8555 98.5707
3 14 0 98.9886 124.292
3 15 0 83.1621 109.624
3 16 0 70.3486 87.8112
3 17 0 5.20887 7.44749
3 18 0 47.0604 54.958
3 19 0 88.3024 128.022
3 20 0 29.5508 32.4843
3 21 0 89.6421 124.9
3 22 0 7.43794 8.47484
3 23 0 5.5479 5.76032
3 24 0 0.560567 0.702255
3 25 0 26.5601 29.1635
3 26 0 51.4867 56.0498
3 27 0 15.5266 15.882
3 28 0 79.938 111.698
3 29 0 97.0387 101.462
3 30 0 97.8072 121.225
3 31 0 43.7346 44.3692
3 32 0 1.91487 1.95366
3 33 0 8.87824 10.0422
3 34 0 28.9183 33.6401
3 35 0 9.50362 11.8758
3 36 0 45.6025 62.5657
3 37 0 45.3956 52.284
3 38 0 19.4118 23.402
3 39 0 88.5344 122.709
3 40 0 27.3356 35.3381
3 41 0 16.5162 18.7333
3 42 0 64.5255 89.006
3 43 0 60.8031 78.1892
3 44 0 15.9277 20.8075
3 45 0 61.0636 69.4701
3 46 0 41.3528 49.397
3 47 0 0.515898 0.56246
3 48 0 70.6905 92.6654
3 49 0 95.4424 118.339
3 50 0 97.8369 104.002
3 51 0 46.8555 59.1746
3 52 0 53.6839 60.8168
3 53 0 44.7014 67.025
3 54 0 85.0496 121.276
3 55 0 37.3818 51.2379
3 56 0 17.6161 20.1434
3 57 0 17.1955 20.524
3 58 0 28.5237 37.7852
3 59 0 33.3219 46.5579
3 60 0 65.8504 90.8225
4 1 0 89.7947 125.084
4 2 0 28.7076 35.2348
4 3 0 10.3163 12.1721
4 5 1 61.7717 84.278
4 6 0 5.12654 6.61584
4 7 0 29.6548 36.2242
4 8 0 98.1962 135.524
4 9 0 44.6234 61.1773
4 10 0 51.4063 68.6219
4 11 0 87.3656 91.4129
4 12 0 85.4509 96.811
4 13 0 91.0654 121.67
4 14 0 3.0309 3.62034
4 15 0 97.7125 114.594
4 16 0 28.813 38.8821
4 17 0 59.6197 60.2781
4 18 0 61.3897 87.5766
4 19 0 52.2986 61.952
4 20 0 84.3453 115.659
4 21 0 46.0639 53.8797
4 22 0 59.4326 87.0009
4 23 0 82.1056 101.566
4 24 0 54.3147 67.6398
4 25 0 29.3599 37.5363
4 26 0 41.0277 59.3765
4 27 0 42.5455 50.1729
4 28 0 60.0978 84.998
4 29 0 60.9051 88.8235
4 30 0 56.7194 84.2903
4 31 0 45.3056 65.0948
4 32 0 66.351 81.4057
4 33 0 33.067 33.2887
4 34 0 86.222 103.507
4 35 0 35.8412 48.0336
4 36 0 72.4775 85.9313
4 37 0 54.858 77.5601
4 38 0 20.0232 26.24
4 39 0 64.6831 70.9476
4 40 0 95.2128 106.273
4 41 0 78.8567 88.2219
4 42 0 60.65 88.7424
4 43 0 82.9968 101.663
4 44 0 32.1842 36.121
4 45 0 31.8657 42.2863
4 46 0 28.2341 33.7
4 47 0 30.0863 39.6598
4 48 0 90.1222 129.8
4 49 0 57.6782 62.6746
4 50 1 26.3821 30.1802
4 51 0 88.9725 94.3545
4 52 0 76.8147 107.39
4 53 0 63.2783 85.9281
4 54 0 4.7524 5.55239
4 55 0 76.0254 76.584
4 56 0 55.1135 73.6437
4 57 0 80.1215 80.3426
4 58 0 43.4448 45.2302
4 59 0 63.6078 67.5177
4 60 0 92.9038 102.062
5 1 0 83.1714 91.0568
5 2 0 17.5777 26.2134
5 3 0 97.1982 97.576
5 4 0 67.8313 93.943
5 6 1 53.0232 67.9054
5 7 0 49.1375 67.254
5 8 0 21.4498 24.0948
5 9 0 2.49329 3.39487
5 10 0 61.0679 66.4942
5 11 0 77.3081 106.931
5 12 0 60.6129 72.7834
5 13 0 50.482 74.2291
5 14 0 61.5936 70.8431
5 15 0 88.1384 88.5139
5 16 0 45.5855 57.4455
5 17 0 4.10635 5.64262
5 18 0 34.275 48.6981
5 19 1 29.7311 33.3771
5 20 0 83.6602 117.934
5 21 0 5.77825 6.90246
5 22 0 46.4771 55.1212
5 23 0 34.1612 47.0723
5 24 0 40.6822 44.2033
5 25 0 92.8723 138.226
5 26 0 94.1099 121.557
5 27 0 73.6683 76.8023
5 28 0 41.6898 56.7777
5 29 0 41.1297 61.3414
5 30 0 98.5119 106.694
5 31 0 20.3507 25.7542
5 32 0 3.40654 3.77958
5 33 0 51.8538 75.0962
5 34 0 42.881 56.3035
5 35 0 88.6668 101.464
5 36 0 81.956 108.865
5 37 0 45.1271 53.4369
5 38 0 7.32191 7.43689
5 39 0 95.1885 101.004
5 40 0 32.6527 36.4188
5 41 0 59.3587 85.4614
5 42 0 24.0102 30.9555
5 43 0 64.7453 93.5531
5 44 0 5.49736 6.57783
5 45 0 19.757 22.6864
5 46 0 63.5699 66.3891
5 47 0 20.3038 22.8169
5 48 0 33.457 35.665
5 49 0 48.8969 63.51
5 50 0 4.38528 4.77016
5 51 0 46.3339 64.5189
5 52 0 66.2558 84.5212
5 53 0 34.616 36.8869
5 54 0 25.3074 28.4913
5 55 0 39.2126 42.9227
5 56 0 47.3086 51.3374
5 57 0 99.7594 129.803
5 58 0 22.5599 33.508
5 59 0 33.9632 38.1733
5 60 0 94.657 136.008
6 1 0 66.2551 88.1402
6 2 0 71.0573 96.6232
6 3 0 53.4705 69.0965
6 4 0 21.5249 27.7916
6 5 0 66.8528 84.8278
6 7 1 69.0839 101.801
6 8 0 84.5375 116.074
6 9 0 66.7475 79.5425
6 10 0 25.6405 36.2806
6 11 0 73.8734 103.928
6 12 0 93.1754 98.8426
6 13 0 66.034 71.8197
6 14 0 37.1809 53.6682
6 15 0 59.3011 68.8044
6 16 0 9.80746 12.9256
6 17 0 83.7236 99.931
6 18 0 48.0613 51.0097
6 19 0 24.2458 29.5491
6 20 0 15.3004 18.2446
6 21 0 90.4779 127.895
6 22 0 83.4145 104.256
6 23 0 78.7313 84.4715
6 24 0 39.5145 40.521
6 25 0 89.72 120.834
6 26 0 62.3288 84.1842
6 27 0 1.67085 2.34386
6 28 0 53.6533 55.9554
6 29 0 22.3009 25.4814
6 30 0 88.2948 88.5358
6 31 0 91.3141 111.338
6 32 0 23.7358 29.302
6 33 0 83.1371 90.9691
6 34 0 60.1437 60.4334
6 35 0 16.2306 16.9943
6 36 0 15.0307 21.6759
6 37 0 69.9091 79.9027
6 38 0 19.8589 28.5791
6 39 0 11.0505 13.5191
6 40 0 41.3506 55.0829
6 41 0 2.70622 3.43614
6 42 0 87.7906 120.474
6 43 0 85.6466 99.7498
6 44 0 69.2829 75.5509
6 45 0 24.2268 29.3961
6 46 0 68.6818 101.143
6 47 0 28.2742 38.6525
6 48 0 46.287 59.1018
6 49 0 14.5279 20.3844
6 50 0 74.1789 92.2374
6 51 0 95.5925 142.613
6 52 0 6.66868 8.19357
6 53 0 60.681 68.8354
6 54 0 23.4025 26.2382
6 55 0 23.8021 27.7474
6 56 0 35.7357 40.0908
6 57 0 5.24222 7.6601
6 58 0 55.5789 64.9332
6 59 0 96.8336 139.505
6 60 0 60.4674 72.9431
7 1 0 25.5451 35.39
7 2 0 99.2084 141.949
7 3 0 98.561 132.411
7 4 0 53.6878 56.695
7 5 0 90.1946 117.503
7 6 0 62.5694 80.6241
7 8 1 32.5188 35.1879
7 9 0 54.204 69.7905
7 10 0 33.9815 35.9
7 11 0 17.0019 17.5293
7 12 0 25.2974 33.7036
7 13 0 38.3801 49.9431
7 14 0 68.6257 93.4495
7 15 0 41.7568 42.9532
7 16 0 43.3791 44.9203
7 17 0 92.251 99.5591
7 18 0 62.4186 64.5544
7 19 0 45.6856 60.2289
7 20 0 93.1257 95.4302
7 21 0 29.6811 36.6309
7 22 0 7.28227 10.1628
7 23 0 76.3864 93.9741
7 24 0 51.335 62.4062
7 25 0 56.4945 78.6794
7 26 0 5.99996 7.08337
7 27 0 98.0121 100.705
7 28 0 31.2331 39.5793
7 29 0 26.8267 28.5733
7 30 0 71.8145 94.9216
7 31 0 75.5414 107.162
7 32 0 18.8029 21.8561
7 33 0 79.5402 118.394
7 34 0 34.4481 48.3331
7 35 0 2.2192 3.049
7 36 0 72.3962 97.2795
7 37 0 78.4531 88.9257
7 38 0 59.9309 88.7213
7 39 0 51.0603 67.6147
7 40 0 20.627 21.1392
7 41 0 93.6015 102.926
7 42 0 32.4643 34.2009
7 43 0 95.4735 135.076
7 44 0 1.0261 1.37631
7 45 0 0.886301 0.974584
7 46 0 68.9863 78.9161
7 47 0 30.5018 33.4785
7 48 0 17.198 22.0945
7 49 0 22.8995 25.1468
7 50 0 9.46643 11.0235
7 51 0 74.8627 93.5229
7 52 0 96.0648 121.302
7 53 0 27.8615 37.8675
7 54 0 47.601 59.3554
7 55 0 36.3592 41.6831
7 56 0 58.0235 67.7976
7 57 0 78.1542 92.6864
7 58 0 60.9304 90.0256
7 59 0 57.2664 82.6772
7 60 0 19.4415 28.6109
8 1 0 53.1165 56.8307
8 2 0 76.6022 109.142
8 3 0 43.3566 51.3931
8 4 0 62.0771 73.5568
8 5 0 92.543 117.292
8 6 0 29.2281 36.5424
8 7 0 18.8018 27.5534
8 9 1 32.0933 43.542
8 10 0 36.6174 38.608
8 11 0 93.724 111.397
8 12 0 59.1228 65.1669
8 13 0 70.0105 100.572
8 14 0 77.0226 84.0538
8 15 0 76.768 94.8265
8 16 0 99.9375 115.459
8 17 0 9.11627 11.6943
8 18 0 76.7965 110.397
8 19 0 48.885 60.2295
8 20 0 79.5141 105.54
8 21 0 53.2809 67.497
8 22 0 51.6806 56.0834
8 23 0 10.9405 14.7074
8 24 0 60.2127 84.2899
8 25 0 14.2833 16.9564
8 26 0 63.2997 73.838
8 27 0 0.730342 0.998248
8 28 0 52.5006 61.4139
8 29 0 49.4063 67.961
8 30 0 69.1164 101.794
8 31 0 39.4538 52.2039
8 32 0 86.686 99.9297
8 33 0 4.49667 5.38835
8 34 0 38.3239 43.6486
8 35 0 51.7761 58.199
8 36 0 16.8961 20.9093
8 37 0 2.05269 2.78112
8 38 0 80.8661 84.9337
8 39 0 39.7516 43.9608
8 40 0 0.0796359 0.0919515
8 41 0 4.26476 5.13881
8 42 0 29.4163 34.3649
8 43 0 76.2534 105.413
8 44 0 15.0871 17.4848
8 45 0 21.9342 31.1064
8 46 0 99.5216 111.089
8 47 0 9.43988 12.7393
8 48 0 71.7216 93.4979
8 49 0 86.3243 90.0421
8 50 0 0.489642 0.53752
8 51 0 99.3764 105.168
8 52 0 25.8187 38.1989
8 53 0 91.7641 92.5022
8 54 0 13.8689 14.7719
8 55 0 88.0465 127.442
8 56 0 27.7087 35.1285
8 57 0 19.1716 23.8378
8 58 0 91.1792 123.387
8 59 0 17.662 23.4544
8 60 0 71.6073 85.5147
9 1 0 11.7117 12.2414
9 2 0 34.403 39.2906
9 3 0 58.7561 85.0528
9 4 0 94.1714 103.583
9 5 0 0.713498 0.888211
9 6 0 32.0236 42.212
9 7 0 34.8223 48.2679
9 8 0 28.3917 33.5175
9 10 1 73.3707 76.1039
9 11 0 94.7582 111.147
9 12 0 71.652 78.7996
9 13 0 68.4398 81.7287
9 14 0 49.5231 49.9597
9 15 0 72.5285 108.48
9 16 0 67.0032 86.8334
9 17 0 42.3544 54.6907
9 18 0 39.1334 39.3985
9 19 0 48.0871 70.5854
9 20 0 50.3838 55.5075
9 21 0 38.4406 48.7251
9 22 0 4.16028 4.84565
9 23 0 19.7222 26.1705
9 24 0 0.736118 0.762245
9 25 0 55.4037 77.0747
9 26 0 5.75054 8.02068
9 27 0 82.0662 104.25
9 28 0 35.1891 39.0519
9 29 0 71.1269 80.847
9 30 0 0.793857 0.89519
9 31 0 82.078 96.8162
9 32 0 22.7696 23.0402
9 33 0 98.0857 110.821
9 34 0 19.9869 28.2466
9 35 0 85.8441 96.8824
9 36 0 37.7481 48.4103
9 37 0 48.2586 64.7534
9 38 0 21.7949 21.8517
9 39 0 17.4913 19.3977
9 40 0 53.8807 57.4812
9 41 0 84.1291 88.2842
9 42 0 45.9871 46.2777
9 43 0 70.0085 75.8174
9 44 0 47.113 54.763
9 45 1 99.4879 144.236
9 46 0 60.0772 77.9327
9 47 0 24.8957 36.3032
9 48 0 5.62623 6.94987
9 49 0 57.7095 81.1495
9 50 0 78.8107 86.6224
9 51 0 77.8811 81.4783
9 52 0 97.5777 141.866
9 53 0 25.0884 32.6662
9 54 0 71.5952 75.2088
9 55 0 9.18253 11.4069
9 56 0 56.1263 80.0309
9 57 0 11.9404 14.1601
9 58 0 41.3297 44.1149
9 59 0 69.2274 89.6955
9 60 1 16.9314 22.703
10 1 0 76.7425 93.3749
10 2 0 80.5678 88.1582
10 3 0 38.7565 53.2985
10 4 0 90.9859 96.7589
10 5 0 71.9316 88.359
10 6 0 99.6909 106.495
10 7 0 2.62583 3.28489
10 8 0 28.592 38.2329
10 9 0 29.2478 39.7003
10 11 1 32.2733 35.4291
10 12 0 69.7133 75.5444
10 13 0 46.082 52.2342
10 14 0 49.3371 62.0782
10 15 0 30.8458 45.2852
10 16 0 53.3206 66.987
10 17 0 85.3658 107.913
10 18 0 76.9614 101.404
10 19 0 60.5188 65.1619
10 20 0 60.8998 71.0563
10 21 0 98.5766 129.774
10 22 0 79.3244 114.944
10 23 0 38.6558 57.3962
10 24 0 88.1999 126.05
10 25 0 15.3967 20.2824
10 26 0 45.5653 51.4824
10 27 0 78.084 84.3921
10 28 0 33.2777 38.7842
10 29 0 34.7211 35.8411
10 30 0 88.1268 108.153
10 31 0 74.8224 105.131
10 32 0 41.8861 51.0171
10 33 0 22.5529 32.7754
10 34 0 42.8235 48.3445
10 35 0 83.2636 100.019
10 36 0 81.9628 120.347
10 37 0 76.2055 90.4813
10 38 0 55.0588 67.1511
10 39 0 31.0252 39.0703
10 40 0 6.52889 8.4469
10 41 0 65.6741 85.1663
10 42 0 5.78742 8.09155
10 43 0 34.712 41.0294
10 44 0 26.2879 37.6639
10 45 0 59.269 65.8355
10 46 0 4.07799 5.67009
10 47 0 78.1186 102.803
10 48 1 82.1567 87.6618
10 49 0 86.3499 127.105
10 50 0 40.6934 49.802
10 51 0 52.9587 61.6694
10 52 0 7.10705 9.48662
10 53 0 75.3493 84.256
10 54 0 20.8157 28.0412
10 55 0 92.6921 108.788
10 56 0 76.548 107.846
10 57 0 77.2978 97.28
10 58 0 60.1912 86.2127
10 59 0 76.4538 102.22
10 60 0 32.9569 47.448
11 1 0 73.703 77.1266
11 2 0 30.4506 38.9329
11 3 0 97.2497 137.634
11 4 0 59.7339 87.3339
11 5 0 6.07432 9.09483
11 6 0 89.8864 108.456
11 7 0 20.0054 25.9553
11 8 0 43.4394 53.9603
11 9 0 46.4338 67.7826
11 10 0 14.6222 14.8385
11 12 1 1.59308 2.11975
11 13 0 4.46993 5.95778
11 14 0 16.1133 18.6231
11 15 0 0.788988 1.12261
11 16 0 30.8658 34.5137
11 17 0 64.6963 65.5095
11 18 0 47.7409 63.2786
11 19 0 57.8929 74.975
11 20 0 4.67007 6.95986
11 21 0 61.8774 70.644
11 22 0 94.9792 105.467
11 23 0 23.4367 35.044
11 24 1 11.6055 14.7588
11 25 0 43.4951 62.3481
11 26 0 37.0118 50.8469
11 27 0 39.4595 56.1404
11 28 0 7.92711 10.105
11 29 0 22.1204 25.9422
11 30 0 57.1739 58.1212
11 31 0 32.7195 43.7541
11 32 0 71.8905 93.4491
11 33 0 63.4893 85.7566
11 34 0 63.4987 79.4972
11 35 0 48.8305 57.3305
11 36 0 21.8381 30.0761
11 37 0 85.1512 127.584
11 38 0 96.0223 107.481
11 39 0 82.4452 110.139
11 40 0 49.1698 59.4301
11 41 0 0.751329 0.880403
11 42 0 4.4114 5.8042
11 43 0 16.4409 21.2063
11 44 0 73.9218 109.259
11 45 0 71.8182 96.9038
11 46 0 56.7251 75.2927
11 47 0 11.6238 13.8311
11 48 0 22.3385 27.8776
11 49 0 63.504 72.9612
11 50 0 94.7463 102.094
11 51 0 74.5834 85.5326
11 52 0 94.3878 138.514
11 53 0 57.1796 82.8685
11 54 0 54.7103 74.0028
11 55 0 8.1512 11.658
11 56 0 77.3287 105.534
11 57 0 91.127 98.1369
11 58 0 86.1403 106.773
11 59 0 14.6531 18.1426
11 60 0 97.4718 142.906
12 1 0 51.2403 52.6469
12 2 0 12.2046 13.7642
12 3 0 15.8832 23.7612
12 4 0 78.699 83.3161
12 5 0 47.3018 51.5064
12 6 0 89.8621 98.8089
12 7 0 15.4689 20.7636
12 8 0 14.6208 20.6384
12 9 0 3.39817 3.5021
12 10 0 12.2674 16.3303
12 11 0 70.4135 96.2943
12 13 1 34.0075 42.4329
12 14 0 60.5326 71.8728
12 15 0 22.7871 23.9182
12 16 0 48.6132 55.2557
12 17 0 34.2515 46.0643
12 18 0 79.3313 95.8729
12 19 0 26.3006 36.3496
12 20 0 95.4129 118.152
12 21 0 47.7043 50.743
12 22 0 66.1136 67.8407
12 23 0 94.8699 136.485
12 24 0 94.4926 130.018
12 25 0 14.2676 18.7564
12 26 0 13.1019 15.9476
12 27 0 83.2359 122.369
12 28 0 23.0791 28.9459
12 29 0 6.37033 8.72734
12 30 0 11.0212 16.159
12 31 0 62.0353 70.2731
12 32 0 21.8068 27.149
12 33 0 27.5846 35.3236
12 34 0 2.32608 3.19099
12 35 0 12.0076 15.4945
12 36 0 8.73385 9.72522
12 37 0 77.4504 79.185
12 38 0 35.8945 49.9042
12 39 0 50.3564 67.7888
12 40 0 30.5212 41.7675
12 41 0 42.379 53.2341
12 42 0 42.8482 63.3387
12 43 1 33.0009 38.43
12 44 0 71.3719 82.2609
12 45 0 28.0143 31.1205
12 46 0 46.8682 65.553
12 47 0 57.6306 81.5336
12 48 0 65.5624 98.1464
12 49 0 42.1704 61.1082
12 50 0 46.5631 60.9206
12 51 0 23.7572 27.1713
12 52 0 83.2973 113.056
12 53 0 98.8209 135.566
12 54 0 31.2448 46.2293
12 55 0 95.2301 96.6657
12 56 0 95.5901 128.107
12 57 0 34.3358 47.3176
12 58 0 86.3371 86.5702
12 59 0 82.532 96.8376
12 60 0 32.6727 35.1556
13 1 0 33.7898 43.0286
13 2 0 60.8089 88.7341
13 3 0 89.8792 95.0409
13 4 0 64.2472 78.0039
13 5 0 2.52453 3.18336
13 6 0 13.5309 18.6588
13 7 0 46.5282 64.8639
13 8 0 73.1885 95.0812
13 9 0 16.9898 22.9659
13 10 0 39.384 40.0678
13 11 0 39.2383 55.3648
13 12 0 63.1051 90.3093
13 14 1 2.80609 3.60519
13 15 0 99.5612 148.464
13 16 0 29.9073 41.7824
13 17 0 51.308 52.7174
13 18 0 62.9616 85.8268
13 19 0 18.5771 24.5953
13 20 1 23.8986 30.0524
13 21 0 79.6235 110.125
13 22 0 47.528 56.5037
13 23 0 37.1606 53.0517
13 24 0 87.5566 104.319
13 25 0 58.1904 82.5662
13 26 0 87.071 100.894
13 27 0 4.43656 6.07869
13 28 0 26.1496 30.1893
13 29 0 62.2612 81.5246
13 30 0 90.317 107.237
13 31 0 14.6173 20.4777
13 32 0 24.324 28.1585
13 33 0 33.402 41.1835
13 34 0 15.0646 15.9756
13 35 0 6.4643 8.24799
13 36 0 58.6059 79.2968
13 37 0 72.9923 82.9719
13 38 0 43.6916 53.3087
13 39 0 29.7539 33.3827
13 40 0 64.8955 92.0372
13 41 0 39.7915 46.2365
13 42 0 6.85539 9.51161
13 43 0 17.7224 20.7481
13 44 0 76.3154 92.1773
13 45 0 89.1526 93.3027
13 46 0 99.1317 113.202
13 47 0 96.5113 132.165
13 48 0 82.0809 118.591
13 49 0 65.2205 93.6625
13 50 0 94.8613 134.109
13 51 0 45.8429 61.5913
13 52 0 12.6937 15.51
13 53 0 90.1123 116.071
13 54 0 4.63612 6.62021
13 55 0 24.4399 36.4913
13 56 0 45.4241 58.3177
13 57 0 42.6498 60.5449
13 58 0 55.6555 62.2909
13 59 0 8.06872 8.37926
13 60 0 73.0021 108.279
14 1 0 77.7269 84.3953
14 2 0 88.868 89.7969
14 3 0 58.4843 72.3752
14 4 0 60.0153 87.4089
14 5 0 86.4758 107.871
14 6 1 81.6103 92.6923
14 7 0 82.3937 107.927
14 8 0 12.9656 17.6139
14 9 0 14.5926 20.8942
14 10 0 83.5217 117.477
14 11 0 12.9341 16.7816
14 12 0 49.3041 57.1918
14 13 0 59.9289 76.0647
14 15 1 13.5931 20.1847
14 16 0 3.38689 4.67308
14 17 0 45.7369 58.8366
14 18 0 73.65 77.6324
14 19 0 33.4246 42.6412
14 20 0 42.0236 56.3491
14 21 0 35.2808 45.5333
14 22 0 25.3891 37.1949
14 23 0 60.587 76.3365
14 24 0 94.9709 115.218
14 25 0 99.6515 126.036
14 26 0 19.1852 26.114
14 27 0 99.1579 99.5017
14 28 0 37.3773 49.6069
14 29 0 84.5474 118.039
14 30 0 60.1007 63.501
14 31 0 77.6152 89.9371
14 32 0 66.4812 95.0991
14 33 0 57.8934 78.6981
14 34 0 97.1923 126.76
14 35 0 77.6024 110.659
14 36 0 84.1422 85.6816
14 37 0 53.9658 54.1702
14 38 0 63.7462 91.453
14 39 0 90.8074 119.654
14 40 0 64.5078 67.0113
14 41 0 91.5472 103.643
14 42 0 33.8121 34.4049
14 43 0 6.14057 6.76464
14 44 0 74.3234 86.769
14 45 0 70.8042 98.0273
14 46 0 67.2078 72.2741
14 47 0 78.6839 106.15
14 48 0 86.8483 128.855
14 49 0 30.0102 33.9338
14 50 0 1.51097 1.65771
14 51 0 96.6381 98.0647
14 52 0 78.8741 86.5467
14 53 0 55.0416 60.676
14 54 0 71.0294 91.6106
14 55 0 6.45444 8.30368
14 56 0 82.4557 119.886
14 57 0 98.4335 130.144
14 58 0 2.15685 2.36639
14 59 0 18.3786 26.3218
14 60 0 46.4978 66.1089
15 1 0 53.7854 60.4303
15 2 0 95.6479 97.0458
15 3 0 88.9279 130.459
15 4 0 50.2646 55.1127
15 5 0 98.8421 121.588
15 6 0 3.83141 4.04123
15 7 0 12.9867 14.3392
15 8 0 75.9073 82.2563
15 9 0 50.1278 69.1828
15 10 0 77.8478 100.92
15 11 0 35.5647 51.0968
15 12 0 64.106 77.5891
15 13 0 79.7916 114.553
15 14 0 10.3942 13.8554
15 16 1 20.7136 26.7908
15 17 0 0.706706 0.864569
15 18 0 94.5304 118.86
15 19 0 29.8864 30.7704
15 20 0 64.3909 82.7654
15 21 0 23.4437 25.6757
15 22 0 99.7604 129.591
15 23 0 87.6408 104.535
15 24 0 0.266428 0.299364
15 25 0 91.5518 133.286
15 26 0 57.0012 61.6122
15 27 0 39.6027 43.8248
15 28 0 34.133 47.7407
15 29 0 18.743 23.9438
15 30 0 72.6062 88.4433
15 31 0 66.8535 74.2749
15 32 0 79.8212 114.265
15 33 0 18.7811 23.5111
15 34 0 25.6198 35.6057
15 35 0 88.2833 115.465
15 36 0 5.98556 8.24026
15 37 0 78.3675 96.4281
15 38 0 32.8231 36.5637
15 39 0 71.0042 71.5375
15 40 0 54.6324 58.4456
15 41 0 1.63205 2.03717
15 42 0 99.3029 144.346
15 43 0 4.48063 6.47622
15 44 0 65.3814 83.1554
15 45 0 14.7205 18.145
15 46 0 22.5998 25.0014
15 47 0 8.00288 11.4156
15 48 0 6.33203 7.80891
15 49 0 36.959 44.7623
15 50 0 33.1185 46.4235
15 51 0 66.9673 80.1668
15 52 0 49.5765 51.4774
15 53 0 23.4423 31.1814
15 54 0 81.1113 104.068
15 55 0 64.5604 81.3099
15 56 0 1.94962 2.05648
15 57 0 51.8445 56.9629
15 58 0 35.7066 36.6583
15 59 0 40.706 56.6977
15 60 0 4.5924 5.81345
16 1 0 82.0493 99.3443
16 2 0 22.4433 27.98
16 3 0 62.0496 79.7809
16 4 0 81.6972 117.356
16 5 0 67.1639 99.54
16 6 0 21.9659 23.4285
16 7 0 24.3058 32.916
16 8 0 27.4478 40.7692
16 9 0 70.7797 94.9847
16 10 0 18.5992 25.1913
16 11 0 67.7814 93.0649
16 12 0 68.8003 78.8415
16 13 0 67.5409 76.2573
16 14 0 16.9262 18.1132
16 15 0 60.4342 84.0382
16 17 1 70.723 74.0803
16 18 0 78.2974 100.212
16 19 0 67.3681 71.5791
16 20 0 44.8839 58.8903
16 21 0 92.3723 123.73
16 22 0 83.2498 116.102
16 23 0 81.1965 118.466
16 24 0 35.6055 44.9268
16 25 0 26.7921 36.1675
16 26 0 0.420512 0.424945
16 27 0 56.9 61.3271
16 28 0 79.4386 103.037
16 29 0 7.18004 9.49806
16 30 0 19.5367 20.8197
16 31 0 57.1828 81.9768
16 32 0 74.4306 99.5078
16 33 0 1.88907 1.90544
16 34 0 86.2423 107.699
16 35 0 83.7368 113.536
16 36 0 71.2922 84.2435
16 37 0 52.8491 54.6102
16 38 0 18.7914 19.6639
16 39 0 72.3927 81.1476
16 40 0 26.1157 26.4234
16 41 0 49.2108 62.4429
16 42 0 80.2322 117.101
16 43 0 54.5375 66.3438
16 44 0 97.4506 103.387
16 45 0 50.8884 59.5221
16 46 0 32.8094 36.4214
16 47 0 46 65.0206
16 48 0 51.4066 73.6917
16 49 0 60.8862 86.6856
16 50 0 69.02 78.1209
16 51 0 52.9442 64.0604
16 52 0 0.423278 0.465968
16 53 0 25.7553 31.0338
16 54 0 18.3734 24.8005
16 55 0 63.436 83.3729
16 56 0 56.0693 63.2382
16 57 0 30.8279 40.9838
16 58 0 29.9765 34.6116
16 59 0 81.0777 103.896
16 60 0 54.134 61.0552
17 1 0 83.2737 114.144
17 2 0 68.076 78.9668
17 3 0 21.4108 31.5892
17 4 0 26.9075 30.4391
17 5 0 1.93445 1.95466
17 6 0 35.2711 36.8055
17 7 0 74.9598 80.5768
17 8 0 34.4391 48.4353
17 9 0 18.0873 24.4751
17 10 0 12.3783 14.3663
17 11 0 53.4333 65.7401
17 12 0 96.3065 119.4
17 13 0 10.3368 12.2193
17 14 0 14.3678 16.8483
17 15 0 67.1971 77.0258
17 16 0 50.372 70.3654
17 18 1 94.706 123.416
17 19 0 77.1562 107.32
17 20 0 53.979 80.0219
17 21 0 79.0609 79.9218
17 22 0 53.8523 79.5372
17 23 0 32.048 35.2925
17 24 0 13.6956 16.2077
17 25 0 42.958 56.4367
17 26 0 94.9091 114.038
17 27 0 19.7529 24.1197
17 28 1 1.36919 1.44699
17 29 0 79.2419 86.5262
17 30 0 30.8039 31.6221
17 31 0 72.2231 75.6371
17 32 0 93.4454 110.251
17 33 0 91.1805 132.339
17 34 0 20.9444 30.4972
17 35 0 38.5037 53.4488
17 36 0 23.9347 30.0164
17 37 0 14.4464 20.0654
17 38 0 33.1001 36.4957
17 39 0 98.8715 102.748
17 40 0 24.8564 27.5585
17 41 0 74.4417 98.0489
17 42 0 2.28006 2.71307
17 43 0 31.3306 41.0987
17 44 0 17.8195 23.2101
17 45 0 28.2748 32.5427
17 46 0 12.0487 17.4361
17 47 0 64.7851 91.9555
17 48 0 42.2671 55.7104
17 49 0 13.5626 18.4604
17 50 0 41.9062 46.4522
17 51 0 25.9779 28.351
17 52 0 11.9283 14.3258
17 53 0 35.0232 49.5469
17 54 0 37.5337 43.1548
17 55 0 31.4735 36.4868
17 56 0 50.9053 65.1432
17 57 0 23.9316 27.106
17 58 0 9.62972 9.7251
17 59 0 24.2465 24.3472
17 60 0 6.89198 9.89558
18 1 0 11.0949 12.6689
18 2 0 33.5091 49.5225
18 3 0 52.7656 70.2904
18 4 0 31.7669 44.9908
18 5 0 45.72 50.6192
18 6 0 81.8112 107.45
18 7 0 23.9157 25.2489
18 8 0 86.932 98.3384
18 9 0 69.8618 93.5402
18 10 0 73.8184 105.368
18 11 0 46.7164 48.158
18 12 0 99.0763 101.064
18 13 0 92.7298 123.301
18 14 0 13.1796 13.5004
18 15 0 10.4351 15.5765
18 16 0 62.9467 80.2307
18 17 0 35.0941 42.8603
18 19 1 46.8232 54.479
18 20 0 65.9462 84.9026
18 21 0 18.5887 26.7488
18 22 0 64.6031 72.4374
18 23 0 56.9597 73.3114
18 24 0 4.41638 5.1703
18 25 0 36.8696 41.06
18 26 0 21.3822 28.154
18 27 0 10.1346 10.5849
18 28 0 69.912 97.2166
18 29 0 4.69195 5.08357
18 30 0 2.6591 3.14761
18 31 0 61.9475 77.3576
18 32 0 14.0343 14.9621
18 33 0 75.7629 79.1677
18 34 0 86.3647 123.998
18 35 0 8.46104 9.17657
18 36 0 66.8925 91.0157
18 37 1 45.0995 63.8236
18 38 0 10.2246 12.5099
18 39 0 41.2816 46.8524
18 40 0 83.0763 117.423
18 41 0 74.7421 94.0112
18 42 0 57.599 65.3222
18 43 0 20.2536 29.5525
18 44 0 13.1279 16.1044
18 45 0 97.8045 145.394
18 46 0 58.5067 62.4023
18 47 0 60.8018 71.4355
18 48 0 76.9143 79.6615
18 49 0 99.8116 138.556
18 50 1 14.0207 16.0194
18 51 0 40.4899 45.6645
18 52 0 60.8528 75.8284
18 53 0 96.1638 125.823
18 54 0 45.8284 64.1539
18 55 0 59.6183 78.0554
18 56 0 9.06666 11.1095
18 57 0 24.2275 31.3469
18 58 0 90.1296 117.736
18 59 0 93.7684 130.463
18 60 0 83.3837 118.839
19 1 0 74.2145 75.7834
19 2 0 23.7556 30.4476
19 3 0 51.6181 76.3386
19 4 0 16.2385 23.5045
19 5 0 87.8988 99.2912
19 6 0 45.2827 63.8824
19 7 0 30.0363 44.5979
19 8 0 84.4074 113.038
19 9 0 33.422 44.8897
19 10 0 19.9678 22.2237
19 11 0 95.9386 123.874
19 12 0 66.9522 76.2109
19 13 0 90.9002 100.962
19 14 0 22.0905 25.0282
19 15 0 21.0205 25.2834
19 16 0 94.67 112.205
19 17 0 18.6653 26.6468
19 18 0 23.7968 28.1795
19 20 1 91.0825 97.5891
19 21 0 22.0713 30.2729
19 22 0 74.036 91.5671
19 23 0 68.3537 96.5388
19 24 0 6.9746 10.011
19 25 0 71.0865 90.5265
19 26 0 19.2312 28.5477
19 27 0 18.7617 25.7845
19 28 0 84.3681 99.3494
19 29 0 64.9294 77.9137
19 30 0 15.703 21.738
19 31 0 41.7489 55.4006
19 32 0 3.06267 4.43145
19 33 0 92.9956 119.517
19 34 0 56.0078 61.6502
19 35 0 21.8242 22.1482
19 36 0 75.2579 77.5846
19 37 0 24.6529 34.6458
19 38 0 22.362 31.7617
19 39 0 91.5839 135.329
19 40 0 48.9862 58.8924
19 41 0 2.54978 3.62143
19 42 0 38.0049 50.0836
19 43 0 85.3757 96.6109
19 44 0 45.9938 58.6146
19 45 0 47.6874 66.7738
19 46 0 47.6429 48.0832
19 47 0 65.5845 84.2002
19 48 0 70.6353 90.3878
19 49 0 60.2716 65.0242
19 50 0 19.5199 25.4283
19 51 0 70.0518 73.7735
19 52 0 44.4458 57.4498
19 53 0 56.8314 64.3189
19 54 0 46.3912 50.3027
19 55 0 11.9171 13.5981
19 56 0 4.50426 5.99994
19 57 0 18.4324 24.1223
19 58 0 66.7189 81.9312
19 59 0 30.5514 33.9624
19 60 0 82.1352 113.682
20 1 0 60.0923 81.7581
20 2 0 0.775216 1.0902
20 3 0 35.0198 44.1453
20 4 0 91.4329 95.4192
20 5 0 5.54219 7.53484
20 6 0 69.3543 99.4746
20 7 0 34.879 50.765
20 8 0 94.6385 106.623
20 9 0 28.0027 33.6543
20 10 0 63.1002 72.0198
20 11 0 81.8495 120.281
20 12 0 37.4797 41.1417
20 13 0 60.9602 86.9691
20 14 0 21.4044 30.7457
20 15 0 29.0554 41.3445
20 16 0 3.81017 4.06577
20 17 0 53.7474 60.0351
20 18 0 11.6243 11.9093
20 19 0 5.18054 5.46042
20 21 1 28.5089 29.77
20 22 0 1.41083 1.61016
20 23 0 44.1658 55.7864
20 24 0 57.3931 69.3967
20 25 0 90.6264 122.236
20 26 0 89.3648 96.2973
20 27 0 53.0105 73.3001
20 28 0 22.8212 23.2088
20 29 0 50.9017 68.8313
20 30 0 19.3113 20.9486
20 31 0 23.4605 31.6851
20 32 0 64.78 87.8295
20 33 0 95.5365 138.9
20 34 0 57.3886 79.3409
20 35 0 1.6853 2.07339
20 36 0 16.8084 17.343
20 37 0 37.8532 39.9496
20 38 0 77.7385 83.767
20 39 0 61.2299 61.8373
20 40 0 1.57812 2.14184
20 41 0 19.4354 23.0032
20 42 0 69.236 101.924
20 43 0 31.8892 36.1483
20 44 0 17.6411 18.0899
20 45 0 50.3548 64.9377
20 46 0 57.2303 68.9736
20 47 0 73.1254 88.9456
20 48 0 38.4203 39.7406
20 49 0 12.7836 18.1625
20 50 0 75.9496 92.4491
20 51 0 53.2972 57.8101
20 52 0 51.1768 58.0781
20 53 0 43.0403 47.4732
20 54 0 45.1323 55.8036
20 55 0 99.4587 142.14
20 56 0 41.8859 61.9251
20 57 0 59.551 71.5771
20 58 0 66.3939 72.1487
20 59 0 97.9773 132.66
20 60 0 53.8058 72.6309
21 1 0 0.988854 1.27878
21 2 0 82.4478 93.0587
21 3 0 81.6883 115.523
21 4 0 23.0503 29.7685
21 5 0 49.9139 62.7437
21 6 0 78.4008 82.7727
21 7 0 73.2381 97.7091
21 8 0 0.930765 1.0483
21 9 0 3.66651 3.81647
21 10 0 48.4128 53.9471
21 11 0 49.9952 66.1412
21 12 0 91.6955 98.2702
21 13 0 24.7589 29.9905
21 14 0 31.1924 31.6144
21 15 0 28.6795 39.6207
21 16 0 7.57599 10.5965
21 17 0 76.8406 99.5373
21 18 0 29.2141 37.6132
21 19 0 29.6809 31.8675
21 20 0 96.6244 101.107
21 22 1 26.535 35.5923
21 23 0 30.6477 44.0547
21 24 0 66.1194 78.9846
21 25 0 19.4909 25.7745
21 26 0 0.716724 0.784211
21 27 0 0.718213 1.00318
21 28 0 8.28022 12.093
21 29 0 46.4725 61.3663
21 30 0 72.9787 82.4537
21 31 0 98.0366 127.468
21 32 0 83.3222 106.866
21 33 0 5.83871 6.90096
21 34 0 71.0116 91.0501
21 35 0 45.9766 62.9372
21 36 0 77.1854 82.6157
21 37 0 62.5571 77.6139
21 38 0 2.63862 2.96763
21 39 0 65.7237 69.2787
21 40 0 34.7708 47.4495
21 41 0 35.1759 36.9432
21 42 0 13.5861 18.439
21 43 0 94.0161 110.209
21 44 0 68.6419 70.5752
21 45 1 7.35489 7.43481
21 46 0 18.6159 24.7204
21 47 0 96.2303 133.665
21 48 0 25.2049 33.2633
21 49 0 43.073 52.2773
21 50 0 14.579 18.2542
21 51 0 59.1673 61.8036
21 52 0 78.6578 98.9413
21 53 0 69.5602 97.9385
21 54 0 37.8103 53.7893
21 55 0 43.3625 63.557
21 56 0 71.0602 84.8283
21 57 0 85.8971 106.08
21 58 0 51.2975 61.7715
21 59 0 19.6739 20.6465
21 60 0 92.1407 114.454
22 1 0 73.0823 107.512
22 2 0 54.391 66.057
22 3 0 95.7401 135.47
22 4 0 99.0308 127.91
22 5 0 49.6775 68.5753
22 6 0 64.9279 97.0976
22 7 0 90.4382 120.052
22 8 0 23.0392 30.7823
22 9 0 94.4968 105.758
22 10 0 43.804 51.5378
22 11 0 78.0108 96.6744
22 12 0 26.9882 37.4168
22 13 0 10.2678 10.5015
22 14 0 73.953 107.981
22 15 0 30.6688 41.1124
22 16 0 27.6572 31.9424
22 17 0 3.44754 4.47954
22 18 0 88.2095 101.401
22 19 0 88.4617 130.829
22 20 0 89.4025 126.873
22 21 0 88.6404 131.189
22 23 1 26.7856 28.9424
22 24 0 7.44439 7.68252
22 25 0 80.8753 98.4988
22 26 0 10.9856 12.5118
22 27 0 42.7698 44.1036
22 28 0 91.7521 114.082
22 29 0 56.5794 57.2626
22 30 0 80.8608 111.643
22 31 0 49.1582 70.8273
22 32 0 66.8132 83.2085
22 33 0 18.1996 26.2403
22 34 0 71.9819 90.2587
22 35 0 31.6507 44.6857
22 36 0 28.6188 39.7599
22 37 0 53.3175 62.0867
22 38 0 50.0115 67.4064
22 39 0 42.4819 46.1097
22 40 0 88.4013 118.493
22 41 0 2.58886 2.75714
22 42 0 95.0085 135.733
22 43 0 63.4791 74.4713
22 44 0 30.2843 32.0961
22 45 0 11.3797 12.4592
22 46 0 2.39712 2.6367
22 47 0 59.2261 78.6444
22 48 0 71.9916 76.522
22 49 0 71.9468 88.328
22 50 0 66.8852 97.1159
22 51 0 97.6307 139.561
22 52 0 13.6709 16.4674
22 53 0 9.51275 12.2887
22 54 0 53.3714 63.1506
22 55 0 58.9039 61.5652
22 56 0 71.8907 78.0514
22 57 0 38.9426 54.28
22 58 0 73.3261 93.745
22 59 0 4.34109 5.65957
22 60 0 17.7955 26.4457
23 1 0 79.2094 118.376
23 2 0 62.5675 72.4987
23 3 0 61.5722 88.7605
23 4 0 29.7923 42.1847
23 5 0 43.61 52.9123
23 6 0 47.2247 48.4178
23 7 0 71.2737 94.8942
23 8 0 78.3482 106.154
23 9 0 74.7606 107.481
23 10 0 9.47853 11.7827
23 11 0 21.8598 31.2262
23 12 0 93.75 96.687
23 13 0 13.2362 16.3233
23 14 0 83.8176 85.7123
23 15 0 30.2545 40.7565
23 16 0 75.2164 93.2704
23 17 0 32.9329 39.9206
23 18 0 10.3595 14.9724
23 19 0 14.1393 16.2242
23 20 0 84.7529 103.595
23 21 0 99.0327 116.104
23 22 0 3.27148 3.82219
23 24 1 86.6811 88.4157
23 25 0 27.1845 32.974
23 26 0 34.3112 46.1666
23 27 0 58.2227 83.1225
23 28 0 96.4125 106.354
23 29 0 94.662 139.266
23 30 0 2.18009 2.95321
23 31 0 12.8739 16.1582
23 32 0 89.5476 112.443
23 33 0 5.04309 7.02004
23 34 0 48.4153 60.8101
23 35 0 96.7704 99.7156
23 36 0 40.8366 41.0339
23 37 0 62.0811 91.0667
23 38 0 79.2929 104.095
23 39 0 69.9514 93.0902
23 40 0 19.2878 20.4707
23 41 0 38.7335 52.3349
23 42 0 60.7193 86.7234
23 43 0 16.0885 18.3832
23 44 0 17.7411 23.1469
23 45 0 81.4818 117.121
23 46 0 42.8044 43.968
23 47 0 71.0249 79.0681
23 48 0 35.5171 37.6928
23 49 0 42.2121 46.0576
23 50 0 20.0161 28.2196
23 51 0 35.8892 42.2931
23 52 0 59.498 74.1061
23 53 0 96.0958 121.247
23 54 0 23.0363 27.0558
23 55 0 75.3831 88.8068
23 56 0 65.6249 76.2604
23 57 0 1.41484 2.11283
23 58 0 41.0469 50.5195
23 59 0 82.8975 95.7992
23 60 0 75.5947 105.281
24 1 0 82.1049 83.6739
24 2 0 15.1726 21.7531
24 3 0 75.4846 76.9372
24 4 0 5.12448 5.86649
24 5 0 93.1149 114.11
24 6 0 60.9729 63.3046
24 7 0 38.2639 40.0492
24 8 0 90.1467 90.4477
24 9 0 69.2981 90.6892
24 10 0 10.1065 11.1369
24 11 0 48.741 59.1933
24 12 0 82.1874 98.8296
24 13 0 27.1948 34.5602
24 14 0 81.0932 102.347
24 15 0 99.0739 110.864
24 16 0 89.5988 122.166
24 17 0 27.0872 38.756
24 18 1 5.41719 6.06066
24 19 0 62.5739 74.1255
24 20 0 37.7142 49.8425
24 21 0 86.2454 122.08
24 22 0 16.5277 20.9634
24 23 0 64.4003 72.3735
24 25 1 99.2632 111.658
24 26 0 39.5634 47.6344
24 27 0 52.3843 62.9577
24 28 0 97.7299 133.908
24 29 0 19.023 22.6172
24 30 0 58.467 59.0884
24 31 0 10.3113 11.231
24 32 0 90.9989 104.593
24 33 0 78.9685 94.4025
24 34 0 46.6377 57.8271
24 35 0 93.0406 127.128
24 36 0 61.3592 68.815
24 37 0 23.3644 28.2057
24 38 0 83.4999 87.0199
24 39 0 15.6664 17.6547
24 40 0 97.7765 99.8854
24 41 0 69.1959 96.7421
24 42 0 53.9299 56.5776
24 43 0 97.8102 135.548
24 44 0 63.839 67.2155
24 45 0 30.0048 40.4456
24 46 0 12.7664 14.0292
24 47 0 63.7645 85.5841
24 48 0 56.9178 66.4614
24 49 0 7.78507 10.7407
24 50 0 68.3375 92.0196
24 51 0 8.38956 12.4575
24 52 0 34.1143 47.9148
24 53 0 34.2006 35.584
24 54 0 61.1837 86.4144
24 55 0 27.5399 37.5695
24 56 0 60.2174 72.9623
24 57 0 66.3319 71.6615
24 58 0 59.7172 71.7573
24 59 0 14.6334 14.6565
24 60 0 77.8755 104.98
25 1 0 89.1571 126.386
25 2 0 42.2241 44.6933
25 3 0 84.8227 117.882
25 4 0 22.9903 27.1609
25 5 0 63.7122 70.9219
25 6 0 53.1978 61.961
25 7 0 56.4433 63.9665
25 8 0 95.7716 126.266
25 9 0 0.730856 1.00468
25 10 0 61.7591 83.0406
25 11 0 72.1037 90.4131
25 12 0 73.1251 96.6076
25 13 0 97.5801 97.8707
25 14 0 43.0688 50.8199
25 15 0 1.51121 1.70193
25 16 0 11.8187 15.5632
25 17 0 43.5986 52.8427
25 18 0 60.0387 60.3621
25 19 0 37.1986 39.4146
25 20 0 54.6938 66.6652
25 21 0 56.5912 75.4942
25 22 0 28.6806 38.0485
25 23 0 17.3188 17.7582
25 24 0 16.8539 24.0094
25 26 1 45.4787 64.243
25 27 0 50.916 67.6574
25 28 0 34.9538 47.1997
25 29 0 64.6056 77.7855
25 30 0 54.3617 78.2912
25 31 0 26.7903 33.1014
25 32 0 40.9897 61.1973
25 33 0 65.5947 70.8492
25 34 1 96.7615 99.7094
25 35 0 34.9742 41.7054
25 36 0 72.6719 75.6497
25 37 0 29.0739 35.5792
25 38 0 40.1559 43.3129
25 39 0 19.726 27.8435
25 40 0 75.9093 90.3254
25 41 0 56.532 66.2329
25 42 0 64.7611 92.1491
25 43 0 55.3164 82.442
25 44 0 69.9161 100.331
25 45 0 42.3012 46.6189
25 46 0 16.6273 23.1427
25 47 0 58.1326 77.1518
25 48 0 23.6886 29.2762
25 49 0 36.4761 53.286
25 50 0 5.31953 5.49564
25 51 0 73.1369 78.2732
25 52 0 5.32126 7.86507
25 53 0 98.2486 118.428
25 54 0 34.6539 49.965
25 55 0 3.30804 4.40258
25 56 0 9.32405 12.6641
25 57 0 67.7611 70.8935
25 58 0 43.51 48.9632
25 59 0 87.7011 95.3562
25 60 0 32.7602 42.5954
26 1 0 15.0453 17.2509
26 2 0 46.841 51.781
26 3 0 28.5148 31.0339
26 4 0 34.4776 45.9198
26 5 0 88.0624 89.6534
26 6 0 57.6965 75.1567
26 7 0 91.2551 120.268
26 8 0 44.5486 66.0674
26 9 0 36.4159 53.862
26 10 0 52.1221 64.9431
26 11 0 48.2342 70.3755
26 12 0 16.3453 17.0505
26 13 0 92.6157 98.6455
26 14 0 40.7886 59.8663
26 15 0 84.1112 100.579
26 16 0 10.6573 11.0992
26 17 0 84.1236 96.5498
26 18 0 77.3077 111.382
26 19 0 52.6223 76.9485
26 20 0 0.0475695 0.056856
26 21 0 70.1246 73.1151
26 22 0 36.8708 45.4198
26 23 0 75.7482 101.155
26 24 0 21.4923 31.5339
26 25 0 97.4209 144.612
26 27 1 78.7994 101.85
26 28 0 64.7796 74.5087
26 29 0 34.2413 49.6995
26 30 0 5.814 8.69332
26 31 0 64.7277 70.4687
26 32 0 5.90294 6.04886
26 33 0 48.721 50.6384
26 34 0 99.5004 104.386
26 35 0 57.2895 57.8573
26 36 0 31.5667 37.2457
26 37 0 10.7782 13.2129
26 38 0 9.99159 11.8234
26 39 0 45.8259 65.5172
26 40 0 33.3656 44.4423
26 41 0 51.1957 67.11
26 42 0 20.5493 29.4784
26 43 0 3.5793 4.25931
26 44 0 60.3994 85.2141
26 45 0 49.3107 62.4021
26 46 0 32.258 39.333
26 47 0 14.8183 21.2301
26 48 0 15.9479 16.9865
26 49 0 3.28643 3.65819
26 50 0 6.83187 7.719
26 51 0 64.3401 78.63
26 52 0 54.4749 67.1663
26 53 0 94.2546 95.2479
26 54 0 3.07047 3.23689
26 55 0 72.377 93.8854
26 56 0 64.2238 64.5985
26 57 0 83.2468 97.283
26 58 0 28.656 38.1897
26 59 0 42.42 44.6184
26 60 0 66.6316 87.9615
27 1 0 81.0486 119.399
27 2 0 63.9856 75.5189
27 3 0 4.56686 5.74198
27 4 0 26.808 30.0112
27 5 0 79.1882 80.6517
27 6 0 44.0855 46.9983
27 7 0 89.4993 120.444
27 8 0 16.1261 18.5844
27 9 0 86.2692 109.959
27 10 0 98.9193 133.769
27 11 0 60.988 79.1098
27 12 0 23.1585 27.9814
27 13 0 25.0076 35.1329
27 14 0 25.7991 33.5678
27 15 0 50.6583 66.2271
27 16 0 51.3424 52.6291
27 17 0 28.9606 40.9468
27 18 0 91.3075 120.982
27 19 0 35.0072 41.5357
27 20 0 23.6637 34.5472
27 21 0 84.9557 127.323
27 22 0 80.861 81.0307
27 23 0 6.18154 7.28709
27 24 0 75.9401 83.5744
27 25 0 15.6425 21.4255
27 26 0 8.65597 9.04852
27 28 1 65.2517 88.2315
27 29 0 45.1345 45.373
27 30 0 93.1063 124.821
27 31 0 91.6566 109.315
27 32 0 14.4123 14.717
27 33 0 3.11098 4.24757
27 34 1 39.316 41.0619
27 35 0 65.3536 88.5941
27 36 0 14.331 18.8078
27 37 0 62.3348 74.7868
27 38 0 24.8893 33.4625
27 39 0 14.6536 19.9725
27 40 0 18.9918 23.3213
27 41 0 12.0847 13.5516
27 42 0 95.418 117.017
27 43 0 56.4431 68.0782
27 44 0 24.8498 32.3145
27 45 0 45.0776 47.9379
27 46 0 60.9993 64.8022
27 47 0 94.3919 139.474
27 48 0 14.7592 18.6572
27 49 0 19.791 28.2137
27 50 0 27.9141 31.8069
27 51 0 14.3945 16.1327
27 52 0 66.92 71.3238
27 53 0 76.2209 110.084
27 54 0 46.6405 61.5218
27 55 0 30.6891 35.0488
27 56 0 12.292 18.3886
27 57 0 52.8479 77.8281
27 58 0 40.0614 42.5333
27 59 0 44.7567 64.5095
27 60 0 13.0968 16.5507
28 1 0 26.4329 27.1658
28 2 0 12.3357 14.8159
28 3 0 25.7045 37.4416
28 4 0 91.8255 102.905
28 5 0 27.9623 32.4489
28 6 0 46.6425 64.8357
28 7 1 63.1872 77.3105
28 8 0 25.2704 25.8448
28 9 0 91.9024 132.757
28 10 0 20.1875 28.2344
28 11 0 25.151 29.6374
28 12 0 67.1733 100.062
28 13 0 58.4039 76.7941
28 14 0 57.3583 75.1735
28 15 0 23.3358 24.3896
28 16 0 21.0704 29.7168
28 17 0 57.8087 80.1715
28 18 0 4.02448 4.04666
28 19 0 8.18389 10.4079
28 20 0 23.9141 34.2256
28 21 0 39.4245 58.1475
28 22 0 96.3624 114.038
28 23 0 87.4913 99.866
28 24 0 83.0562 96.5389
28 25 0 55.1372 78.1622
28 26 0 29.7231 37.926
28 27 0 18.1428 23.7772
28 29 1 32.91 48.6139
28 30 0 68.9 71.7777
28 31 0 39.6754 57.6736
28 32 0 64.9943 73.2612
28 33 0 3.33594 4.24474
28 34 0 16.2889 22.4495
28 35 0 95.2514 129.113
28 36 0 59.4474 78.7966
28 37 0 92.4786 99.1457
28 38 0 82.3382 99.8291
28 39 0 18.063 18.695
28 40 0 78.3862 110.658
28 41 0 25.8885 37.4671
28 42 0 90.5438 110.076
28 43 0 37.3064 43.8832
28 44 0 72.6254 85.6604
28 45 0 84.5484 94.3895
28 46 0 89.6932 112.013
28 47 0 85.7761 123.334
28 48 0 54.6619 56.0498
28 49 0 85.3136 87.7741
28 50 0 42.5734 62.963
28 51 0 4.84181 5.16516
28 52 0 41.9455 58.364
28 53 0 80.9722 95.0745
28 54 0 57.2321 72.9388
28 55 0 17.2497 23.8854
28 56 0 97.4211 132.78
28 57 0 30.7113 43.182
28 58 0 65.4962 75.7355
28 59 0 2.04331 2.64559
28 60 0 60.2633 69.8074
29 1 0 38.9574 53.1131
29 2 0 68.0253 70.7187
29 3 0 69.8592 101.138
29 4 0 27.8198 40.2581
29 5 0 99.4458 100.969
29 6 0 85.7866 108.124
29 7 0 37.4238 51.7846
29 8 0 39.1823 54.9187
29 9 0 25.0755 36.3852
29 10 0 44.4206 44.6033
29 11 0 4.00448 4.52362
29 12 0 0.466943 0.577987
29 13 0 27.7744 38.4118
29 14 0 77.0083 82.6519
29 15 0 93.6463 135.575
29 16 0 56.2061 65.048
29 17 0 30.5907 34.137
29 18 0 15.2803 22.8744
29 19 0 87.0168 101.296
29 20 0 98.8873 111.273
29 21 0 77.1761 77.3413
29 22 0 18.8616 27.2246
29 23 0 7.56335 11.2375
29 24 0 67.2967 97.2111
29 25 0 43.6586 61.5176
29 26 0 47.9129 61.8718
29 27 0 24.0953 24.8359
29 28 0 56.0936 74.9248
29 30 1 73.3342 81.3977
29 31 0 36.7736 40.7534
29 32 0 99.0574 143.152
29 33 0 78.2806 91.4886
29 34 0 72.2126 106.238
29 35 0 14.1452 18.2401
29 36 0 42.5123 47.5736
29 37 0 69.2745 72.7116
29 38 0 69.5153 98.7901
29 39 0 65.3787 84.4108
29 40 0 15.9295 19.0804
29 41 0 58.1416 59.1574
29 42 0 76.9654 111.245
29 43 0 61.7939 80.5197
29 44 0 5.05296 5.4885
29 45 0 34.1458 43.3655
29 46 0 57.0961 60.07
29 47 0 15.3274 22.3723
29 48 0 97.5909 97.8391
29 49 0 9.54081 10.6815
29 50 0 11.2659 16.5982
29 51 0 65.0133 66.1281
29 52 0 61.8882 88.537
29 53 0 17.2342 18.333
29 54 0 55.4897 57.2411
29 55 0 32.0734 44.2181
29 56 0 76.3627 80.4838
29 57 0 8.05124 9.63133
29 58 0 42.2293 57.5598
29 59 0 9.93428 13.7416
29 60 0 78.7852 93.5917
30 1 0 52.387 72.6246
30 2 0 16.3204 21.317
30 3 0 94.9164 95.502
30 4 0 37.2011 39.0037
30 5 0 38.4845 43.0112
30 6 0 56.9868 79.1366
30 7 0 28.0148 34.0978
30 8 0 91.6058 113.948
30 9 0 7.26686 10.7758
30 10 0 54.6036 58.9945
30 11 0 60.5309 72.2772
30 12 0 30.9035 34.4618
30 13 0 54.4322 57.6865
30 14 0 82.4947 118.473
30 15 0 55.2566 60.6268
30 16 0 68.8689 94.9782
30 17 0 18.9898 25.3662
30 18 0 70.6397 72.5712
30 19 0 55.6353 56.3457
30 20 0 12.0995 12.8341
30 21 0 55.3198 64.4147
30 22 0 40.0539 45.1456
30 23 0 7.25468 8.87837
30 24 0 49.8948 56.3518
30 25 0 97.1891 142.949
30 26 1 19.4124 27.9071
30 27 0 62.0586 62.9707
30 28 0 88.8102 101.286
30 29 0 1.8946 2.37523
30 31 1 5.28743 7.59184
30 32 0 55.3624 64.5072
30 33 0 86.3863 92.166
30 34 0 5.02637 7.0905
30 35 0 72.3337 102.726
30 36 0 68.0608 71.9689
30 37 0 48.0198 51.1414
30 38 0 87.707 130.885
30 39 0 21.8999 23.7823
30 40 0 56.4843 61.1432
30 41 0 29.3452 39.5454
30 42 0 32.9368 37.6789
30 43 0 43.1393 62.1956
30 44 0 23.2079 33.788
30 45 0 41.4483 60.0418
30 46 0 76.0904 78.7638
30 47 0 41.7597 61.7344
30 48 0 14.4293 17.2148
30 49 0 44.7861 57.2244
30 50 0 79.0167 117.271
30 51 0 60.6107 84.2448
30 52 0 93.5506 109.745
30 53 0 89.3467 133.89
30 54 0 9.24861 13.4761
30 55 0 43.2015 43.2035
30 56 0 94.9554 97.3158
30 57 0 76.1125 111.346
30 58 0 13.9879 14.32
30 59 0 14.6103 20.2211
30 60 0 49.2835 72.8079
31 1 0 5.03417 6.0921
31 2 0 80.9893 121.278
31 3 0 49.8357 72.2466
31 4 0 60.9881 77.5003
31 5 0 88.999 105.368
31 6 0 6.56619 9.43397
31 7 0 57.9573 62.7888
31 8 0 21.2224 21.6481
31 9 0 40.8873 48.1951
31 10 0 88.3663 108.47
31 11 0 55.485 68.0324
31 12 0 12.2214 14.7816
31 13 0 86.6952 97.6984
31 14 0 4.63979 5.93808
31 15 0 27.6243 31.9605
31 16 0 4.97348 5.32873
31 17 0 42.0824 48.2919
31 18 0 17.4077 22.053
31 19 0 91.2106 100.362
31 20 0 5.75395 6.94369
31 21 0 41.0249 51.9526
31 22 0 5.7035 7.58019
31 23 0 34.8892 43.2614
31 24 0 23.3597 28.3451
31 25 0 51.2057 59.9468
31 26 0 84.2917 113.84
31 27 0 80.2946 87.9422
31 28 0 81.3416 98.5889
31 29 0 72.4725 89.5008
31 30 0 86.6021 117.54
31 32 1 45.6393 64.2211
31 33 0 55.938 60.0354
31 34 0 75.5817 86.469
31 35 0 13.2593 13.2864
31 36 0 7.25061 10.7044
31 37 0 35.8499 40.8649
31 38 0 47.3571 62.7322
31 39 0 7.91259 10.2408
31 40 0 89.7445 111.949
31 41 0 71.7901 98.7115
31 42 0 19.53 27.8996
31 43 0 69.6268 84.9516
31 44 0 4.2455 5.30019
31 45 0 65.4934 79.401
31 46 0 42.972 58.4121
31 47 0 83.3263 95.1666
31 48 0 59.4067 60.2048
31 49 0 86.8897 111.998
31 50 0 97.8649 107.142
31 51 0 90.7622 132.295
31 52 0 77.2913 106.876
31 53 0 34.8261 51.3733
31 54 0 35.624 44.9961
31 55 0 15.926 21.9348
31 56 0 58.7301 83.4469
31 57 0 28.6589 40.1332
31 58 0 85.2669 103.405
31 59 0 83.8671 99.7062
31 60 0 97.5638 106.766
32 1 0 54.4838 58.3481
32 2 0 76.8927 85.6494
32 3 0 79.8248 101.115
32 4 0 14.9159 15.8479
32 5 0 21.8891 23.7296
32 6 0 31.0449 37.6971
32 7 0 98.3746 117.911
32 8 0 14.8108 19.0793
32 9 0 42.2553 42.615
32 10 0 81.7991 83.7265
32 11 0 74.5353 100.714
32 12 0 47.7121 55.677
32 13 0 32.473 32.8943
32 14 0 81.5241 115.084
32 15 0 65.1176 65.8214
32 16 0 35.9601 39.9751
32 17 0 68.8059 89.1558
32 18 0 95.4041 135.692
32 19 0 73.1727 83.4116
32 20 0 31.3542 35.9042
32 21 0 12.9895 15.4669
32 22 0 79.5704 92.2344
32 23 0 19.893 28.5726
32 24 0 54.1379 78.5451
32 25 0 24.7916 36.3195
32 26 1 84.4197 88.1463
32 27 0 81.4883 98.0187
32 28 0 15.2032 21.5935
32 29 0 79.3757 82.2242
32 30 0 67.7302 83.7422
32 31 0 22.0625 31.0035
32 33 1 41.2149 48.9233
32 34 0 39.7849 57.229
32 35 0 93.9753 119.296
32 36 0 13.1761 17.1987
32 37 0 69.8194 96.5622
32 38 0 3.82657 5.29999
32 39 0 56.3001 67.2599
32 40 0 95.0936 125.329
32 41 0 32.1032 46.9698
32 42 0 50.6086 74.0994
32 43 0 71.0045 105.478
32 44 0 73.177 82.048
32 45 0 50.4522 61.9093
32 46 0 84.2705 106.893
32 47 0 83.4158 117.226
32 48 0 7.72403 10.1741
32 49 0 73.4115 108.8
32 50 0 33.4599 43.4048
32 51 0 13.6838 16.8914
32 52 0 58.2717 78.7599
32 53 0 96.3088 121.184
32 54 0 61.4157 82.6533
32 55 0 54.5656 56.5305
32 56 0 53.7667 76.3596
32 57 0 82.408 107.25
32 58 0 17.8245 24.7478
32 59 0 20.4344 26.0035
32 60 0 41.4205 44.6549
33 1 0 38.2414 44.985
33 2 0 22.7008 31.4992
33 3 0 59.4868 78.273
33 4 0 56.1303 73.4025
33 5 0 30.8625 33.0795
33 6 0 42.649 59.0715
33 7 0 14.8506 16.6911
33 8 0 60.703 63.2503
33 9 0 19.5646 25.1191
33 10 0 6.62907 7.67072
33 11 0 77.0034 106.921
33 12 0 72.3579 82.4108
33 13 0 95.3787 110.75
33 14 0 95.2256 99.8318
33 15 0 36.352 41.0366
33 16 0 58.3807 58.6448
33 17 0 35.241 40.4646
33 18 0 8.73622 10.0489
33 19 0 4.53935 4.88795
33 20 0 85.3809 101.686
33 21 0 60.1585 88.4713
33 22 0 34.1564 44.0808
33 23 0 29.2652 40.3161
33 24 0 25.0662 37.1482
33 25 0 78.9576 92.9141
33 26 0 54.4606 67.8987
33 27 0 22.2184 24.329
33 28 0 80.4557 109.184
33 29 0 9.43136 13.6974
33 30 0 2.00395 2.14696
33 31 0 65.7894 89.9677
33 32 0 19.0373 22.9115
33 34 1 75.9985 79.0321
33 35 0 92.8516 136.663
33 36 0 8.47741 8.73318
33 37 0 48.3626 60.4806
33 38 0 70.8701 86.4295
33 39 0 34.0354 43.356
33 40 0 78.2156 95.8086
33 41 0 0.240871 0.335895
33 42 0 22.8283 32.0099
33 43 0 0.184461 0.224248
33 44 0 67.1702 87.4726
33 45 0 76.9781 93.4308
33 46 0 70.914 93.297
33 47 0 57.5511 82.4272
33 48 0 29.6043 44.3955
33 49 0 69.0864 103.282
33 50 0 21.536 27.1522
33 51 0 7.11471 9.28586
33 52 0 54.9327 76.3012
33 53 0 12.8458 17.0809
33 54 0 84.0384 99.4058
33 55 0 5.61209 6.06262
33 56 0 29.8705 40.6728
33 57 0 17.0956 20.1469
33 58 0 22.4553 31.5962
33 59 0 29.1823 31.0915
33 60 0 26.8309 33.7269
34 1 0 35.6583 45.2324
34 2 0 58.663 80.6866
34 3 0 55.1269 59.632
34 4 0 59.5366 68.452
34 5 0 51.6439 61.398
34 6 0 61.0286 75.7463
34 7 0 97.5647 121.193
34 8 0 1.07572 1.24985
34 9 0 66.3054 68.5981
34 10 0 94.756 126.3
34 11 0 67.8235 101.299
34 12 0 86.7573 124.005
34 13 0 33.5367 42.5046
34 14 0 60.868 69.5233
34 15 0 61.0419 67.8179
34 16 0 44.9581 47.1972
34 17 0 92.3114 106.811
34 18 0 51.0177 64.1203
34 19 0 70.4148 78.6312
34 20 0 26.2929 35.3127
34 21 0 74.493 74.8164
34 22 0 56.6988 64.0702
34 23 0 50.3443 73.426
34 24 0 36.7726 50.5828
34 25 0 3.90018 5.55207
34 26 0 49.1299 63.0405
34 27 0 53.6061 69.3713
34 28 0 36.2348 37.0384
34 29 0 63.2909 69.2664
34 30 0 20.602 27.897
34 31 0 3.99093 4.76751
34 32 0 30.4173 36.0388
34 33 0 80.1853 86.2438
34 35 1 75.6089 103.343
34 36 0 64.0282 82.4404
34 37 0 43.44 54.4966
34 38 0 88.2777 125.04
34 39 0 26.9533 36.754
34 40 0 15.7546 16.6713
34 41 0 47.3199 53.485
34 42 0 23.2047 34.036
34 43 0 5.81188 6.11678
34 44 0 53.3035 75.3524
34 45 0 1.71704 2.5637
34 46 0 20.8596 30.3657
34 47 0 96.457 107.074
34 48 0 30.1743 31.0052
34 49 0 71.8926 95.2723
34 50 0 86.873 108.315
34 51 0 89.3725 96.736
34 52 0 99.7624 146.614
34 53 0 30.8217 31.1969
34 54 0 80.3883 107.572
34 55 0 98.6782 129.757
34 56 0 52.5093 76.0521
34 57 0 97.6833 136.957
34 58 0 13.9555 15.8834
34 59 0 32.0361 38.3589
34 60 0 84.3663 115.428
35 1 0 31.4601 45.3247
35 2 0 31.7801 33.8253
35 3 0 79.8123 99.8666
35 4 0 49.9146 64.951
35 5 0 10.1305 11.1046
35 6 0 48.3265 57.3562
35 7 0 66.6443 69.1989
35 8 0 38.8582 56.833
35 9 0 93.2754 129.958
35 10 0 2.73319 2.98799
35 11 0 48.2666 48.6358
35 12 0 4.69281 6.1009
35 13 0 9.96792 10.4462
35 14 0 89.9806 133.699
35 15 0 46.1684 67.7003
35 16 0 44.6304 47.3379
35 17 0 4.39298 6.18473
35 18 0 25.5934 36.3609
35 19 0 7.15467 10.5606
35 20 0 84.8994 88.8006
35 21 0 34.4229 41.7697
35 22 0 58.2997 76.5203
35 23 0 74.0166 81.4243
35 24 0 85.3593 115.766
35 25 0 68.8047 73.2324
35 26 0 37.5151 40.6831
35 27 0 34.3121 36.001
35 28 0 4.7745 5.78411
35 29 0 33.2043 37.672
35 30 0 38.2212 50.203
35 31 0 44.2041 63.525
35 32 0 32.893 42.3478
35 33 0 43.9653 65.2699
35 34 0 96.0874 96.7486
35 36 1 45.0507 55.1848
35 37 0 31.755 40.3361
35 38 0 40.5743 52.2079
35 39 0 24.7276 34.3648
35 40 0 63.6705 78.2813
35 41 0 77.7024 112.314
35 42 0 3.88991 5.34179
35 43 0 83.682 95.4318
35 44 0 27.767 30.1064
35 45 0 64.9772 92.7662
35 46 0 66.3438 76.3303
35 47 0 72.1208 88.8555
35 48 0 30.8101 40.0468
35 49 0 23.2254 27.7682
35 50 0 42.3315 53.6961
35 51 0 44.1661 45.4816
35 52 0 62.2107 80.0757
35 53 0 11.5455 12.6748
35 54 0 48.2451 50.854
35 55 0 25.3719 35.709
35 56 0 15.8205 22.1867
35 57 0 48.5518 52.4345
35 58 0 25.6952 34.1372
35 59 0 58.6261 87.4808
35 60 0 50.1417 63.9764
36 1 0 50.9061 59.7362
36 2 0 80.7247 86.6551
36 3 0 91.3109 92.5628
36 4 0 84.182 106.67
36 5 0 7.25387 9.05845
36 6 0 71.9027 107.328
36 7 0 56.6019 68.5313
36 8 0 11.4822 12.0906
36 9 0 69.306 86.5009
36 10 0 46.9712 61.7217
36 11 0 95.9897 99.4031
36 12 0 6.25283 8.83184
36 13 0 81.6264 109.867
36 14 0 83.3749 112.78
36 15 0 59.1359 66.8647
36 16 0 78.4828 90.0487
36 17 0 7.12088 10.3134
36 18 0 92.5007 108.232
36 19 0 80.6916 99.0241
36 20 0 64.2303 78.848
36 21 0 94.5218 141.599
36 22 0 67.281 98.6527
36 23 0 27.7894 32.2416
36 24 0 99.6437 107.76
36 25 0 78.4213 114.988
36 26 0 63.7008 89.1738
36 27 0 18.815 26.0277
36 28 0 17.0452 24.9768
36 29 0 28.3153 32.2553
36 30 0 7.43175 10.8815
36 31 0 18.0221 21.9141
36 32 0 60.5867 76.0697
36 33 0 88.1757 113.975
36 34 0 54.8643 77.0867
36 35 0 30.7579 35.3755
36 37 1 49.8057 54.1102
36 38 0 87.6937 122.178
36 39 0 25.8162 33.2402
36 40 0 72.6725 101.629
36 41 0 94.7509 113.782
36 42 0 23.1296 30.1766
36 43 0 5.4403 8.12737
36 44 0 52.6273 74.6805
36 45 0 39.9659 50.5647
36 46 0 82.2183 101.47
36 47 0 96.6354 126.818
36 48 0 68.0838 90.2176
36 49 1 39.4998 47.3089
36 50 0 62.6445 70.5084
36 51 0 85.1718 91.5861
36 52 0 25.2661 28.2978
36 53 0 86.5312 109.341
36 54 0 84.8105 113.858
36 55 0 33.1808 47.8527
36 56 0 74.5155 79.7409
36 57 0 30.652 37.1859
36 58 0 44.9962 54.1851
36 59 0 22.7517 23.8371
36 60 0 84.3693 89.4875
37 1 0 65.4844 74.2034
37 2 0 77.681 85.6271
37 3 0 40.4268 42.2699
37 4 0 34.4724 42.0178
37 5 0 0.722922 0.968347
37 6 0 47.4103 52.9245
37 7 0 40.7399 45.6579
37 8 0 35.1355 46.7567
37 9 0 21.396 25.008
37 10 0 81.7196 112.592
37 11 0 58.0352 70.2752
37 12 0 50.6018 66.4824
37 13 0 4.841 6.69114
37 14 0 94.2705 134.666
37 15 0 96.5821 129.443
37 16 0 5.67507 7.26521
37 17 0 80.2467 116.888
37 18 0 51.2846 63.1002
37 19 0 71.6654 92.1483
37 20 0 86.7131 110.672
37 21 0 69.0944 92.2927
37 22 0 63.5115 91.7391
37 23 0 97.2249 126.161
37 24 0 6.08971 7.9872
37 25 0 43.0229 62.1349
37 26 0 28.1061 31.7248
37 27 0 10.682 11.6222
37 28 0 60.8965 73.4066
37 29 0 87.8637 123.451
37 30 0 15.1774 20.7235
37 31 0 27.5261 35.531
37 32 0 22.8664 25.9739
37 33 0 74.4962 83.5247
37 34 0 33.6711 49.0317
37 35 0 69.6575 98.8311
37 36 0 80.868 110.386
37 38 1 37.3583 51.8639
37 39 0 79.9965 104.307
37 40 0 5.14019 5.86893
37 41 0 66.7989 82.1269
37 42 0 55.5563 57.3798
37 43 0 93.547 105.034
37 44 0 98.1177 111.07
37 45 0 92.5249 125.083
37 46 0 93.0685 102.933
37 47 0 85.2976 117.099
37 48 0 91.0938 91.8657
37 49 0 95.96 102.289
37 50 0 80.8677 92.6105
37 51 0 96.1372 132.952
37 52 0 92.1158 99.7351
37 53 0 20.1994 28.3091
37 54 0 0.935487 1.06
37 55 0 1.73371 2.40275
37 56 0 49.8174 62.2293
37 57 1 38.4321 41.6705
37 58 0 80.5272 115.433
37 59 0 90.547 95.2742
37 60 0 31.7988 40.8503
38 1 0 82.2856 115.829
38 2 0 22.7282 23.833
38 3 0 86.0354 98.8136
38 4 0 99.5966 124.991
38 5 0 2.24819 3.1554
38 6 0 81.2114 98.9916
38 7 0 24.2191 28.0311
38 8 1 36.5632 47.038
38 9 0 12.7504 15.5959
38 10 0 42.488 43.5484
38 11 0 89.5593 119.466
38 12 0 51.2206 71.6276
38 13 0 23.5713 30.6734
38 14 0 33.746 39.945
38 15 0 65.252 76.2629
38 16 0 49.1219 72.4358
38 17 0 19.1596 21.9792
38 18 0 80.5289 108.926
38 19 0 93.6773 128.225
38 20 0 8.98319 9.27167
38 21 0 77.7976 105.472
38 22 0 58.2484 70.0878
38 23 0 92.4181 108.42
38 24 0 73.6546 102.251
38 25 0 96.9407 137.381
38 26 0 93.4695 119.385
38 27 0 70.5844 71.594
38 28 0 73.8445 90.5427
38 29 0 12.3815 14.792
38 30 0 15.7619 20.5772
38 31 0 44.1773 46.1891
38 32 0 78.4182 91.6311
38 33 0 66.0542 91.2286
38 34 0 64.0002 83.7839
38 35 0 4.66422 4.82766
38 36 0 78.1022 113.545
38 37 0 2.44468 2.66993
38 39 1 16.3466 21.376
38 40 0 5.0615 6.58333
38 41 0 16.6619 20.0683
38 42 0 50.8997 68.5696
38 43 0 23.0577 31.2938
38 44 0 30.1105 42.8336
38 45 0 9.36981 11.5266
38 46 0 12.9888 19.1117
38 47 0 69.7636 99.5404
38 48 0 58.4753 60.8164
38 49 0 87.6998 117.233
38 50 0 36.8313 38.6841
38 51 0 69.499 100.241
38 52 0 40.2508 50.9838
38 53 0 16.0602 16.7515
38 54 0 37.0652 44.9106
38 55 0 53.1284 68.2856
38 56 0 51.9601 68.564
38 57 0 55.2275 69.2974
38 58 0 16.3151 18.6733
38 59 0 56.8538 64.8259
38 60 0 94.9915 111.042
39 1 0 23.1278 25.7416
39 2 0 8.54856 9.5238
39 3 0 64.116 85.5627
39 4 0 23.9612 34.934
39 5 0 33.339 45.1877
39 6 0 67.1152 82.0503
39 7 0 20.4512 28.0267
39 8 0 95.8925 110.303
39 9 0 20.1246 25.898
39 10 0 23.9331 32.3335
39 11 0 84.9299 93.7005
39 12 0 17.4983 24.6389
39 13 0 60.3288 82.9285
39 14 0 10.9914 11.3665
39 15 0 78.7294 100.988
39 16 0 4.22565 5.95257
39 17 0 72.0258 73.3242
39 18 0 94.1143 97.8888
39 19 0 43.7144 63.473
39 20 0 9.90367 12.7556
39 21 0 30.9074 35.1581
39 22 0 75.6033 83.5743
39 23 0 37.2054 46.7453
39 24 0 41.1743 57.23
39 25 0 65.6515 96.8261
39 26 0 14.1027 15.8056
39 27 0 97.0155 136.621
39 28 0 96.0257 141.204
39 29 0 33.5733 40.2764
39 30 0 16.8748 17.4307
39 31 0 26.7429 37.0356
39 32 0 95.7331 129.287
39 33 0 38.8786 43.8064
39 34 0 25.7843 30.2491
39 35 0 82.9524 88.2276
39 36 0 89.6374 91.1374
39 37 0 22.1189 29.509
39 38 0 81.6911 108.73
39 40 1 26.7439 40.0724
39 41 0 94.9905 133.754
39 42 0 80.9017 116.986
39 43 0 60.3871 68.7001
39 44 0 68.396 95.4988
39 45 0 24.3916 36.4561
39 46 0 37.3076 49.9894
39 47 0 70.4451 79.4316
39 48 0 28.4421 28.8314
39 49 0 2.35232 3.46577
39 50 0 11.3114 14.9075
39 51 0 4.38522 5.14707
39 52 0 86.5645 129.034
39 53 0 82.4315 87.8322
39 54 0 29.0883 32.4269
39 55 0 0.530312 0.583461
39 56 0 12.9479 16.5684
39 57 0 49.0786 69.5086
39 58 0 91.5449 104.956
39 59 0 3.18668 3.36385
39 60 0 40.4652 43.6139
40 1 0 14.095 15.4321
40 2 0 7.15356 7.6755
40 3 0 28.9314 34.0391
40 4 0 16.3375 23.2073
40 5 0 43.344 58.329
40 6 0 71.1623 78.961
40 7 0 15.0354 21.3835
40 8 0 18.5191 19.1398
40 9 0 37.497 44.8235
40 10 0 79.1881 96.1108
40 11 0 80.3824 99.4239
40 12 0 13.9447 17.7822
40 13 0 92.6768 118.411
40 14 0 44.9645 65.8958
40 15 0 68.68 70.9463
40 16 0 33.7741 45.4704
40 17 0 32.9353 43.5589
40 18 0 93.781 96.9137
40 19 0 63.1511 72.8142
40 20 0 49.8771 52.8983
40 21 0 29.9188 31.1777
40 22 0 13.2229 19.2136
40 23 0 3.73526 4.44178
40 24 0 18.5194 26.1806
40 25 0 19.6698 23.5709
40 26 0 8.66792 10.5114
40 27 0 50.2358 66.1213
40 28 0 7.94323 9.18973
40 29 0 89.6148 89.7312
40 30 0 8.74263 10.35
40 31 0 84.279 113.487
40 32 0 96.4786 117.949
40 33 0 11.3387 12.8405
40 34 0 15.8827 21.1168
40 35 0 21.8554 25.2531
40 36 0 23.0434 33.7365
40 37 0 41.0769 60.3888
40 38 0 11.5052 16.6366
40 39 0 46.9906 57.4632
40 41 1 87.4061 122.116
40 42 0 98.1791 105.037
40 43 0 64.761 81.3851
40 44 0 69.1832 79.1297
40 45 0 68.5127 96.7875
40 46 0 91.5448 134.749
40 47 0 78.4525 109.423
40 48 0 68.4538 101.393
40 49 0 15.7932 17.4598
40 50 0 71.1194 84.6424
40 51 0 27.4895 28.8019
40 52 0 89.526 104.515
40 53 0 77.5061 84.8087
40 54 0 35.5132 47.487
40 55 0 90.2132 118.248
40 56 0 70.9681 74.0644
40 57 0 33.5496 45.5181
40 58 0 77.159 97.4619
40 59 0 61.6252 72.0013
40 60 0 41.2382 61.0303
41 1 0 18.6259 26.9396
41 2 0 47.2026 50.4309
41 3 0 40.2595 54.4886
41 4 0 55.7338 83.5877
41 5 0 1.87186 2.19964
41 6 0 83.7334 103.972
41 7 0 91.1135 109.117
41 8 0 35.6907 44.2691
41 9 0 34.4285 48.8476
41 10 0 57.1257 67.2039
41 11 0 46.0951 53.899
41 12 0 50.5796 70.5403
41 13 0 55.5771 58.2868
41 14 0 39.7257 45.123
41 15 0 90.9466 132.139
41 16 0 51.6842 55.4876
41 17 0 6.00602 7.89015
41 18 0 54.6809 56.4397
41 19 0 43.2413 50.1377
41 20 0 53.6276 76.6696
41 21 0 70.0797 85.0315
41 22 0 50.7805 70.5073
41 23 0 8.49725 11.9226
41 24 0 44.7308 62.7041
41 25 0 3.10026 3.20781
41 26 0 70.3054 96.1224
41 27 0 60.6036 89.2934
41 28 0 64.7203 77.1529
41 29 0 48.2672 71.115
41 30 0 34.8302 42.9465
41 31 0 11.8256 15.2916
41 32 0 45.0015 53.3398
41 33 0 17.5969 22.947
41 34 0 18.2802 25.9304
41 35 0 82.3317 107.267
41 36 0 23.642 27.9601
41 37 0 73.5954 93.6645
41 38 0 83.9016 105.934
41 39 0 7.55591 8.15626
41 40 0 91.4272 109.659
41 42 1 89.8433 111.948
41 43 0 39.5699 50.5526
41 44 0 56.0413 59.6065
41 45 0 6.3105 6.76614
41 46 0 44.2857 48.2049
41 47 0 37.7035 47.8212
41 48 0 17.6169 21.0954
41 49 0 49.4917 56.2971
41 50 0 95.3982 104.172
41 51 0 44.3474 45.8062
41 52 1 99.0572 99.8562
41 53 1 96.421 101.884
41 54 0 58.0206 70.8026
41 55 0 52.7401 61.5017
41 56 0 64.6571 79.7923
41 57 0 76.2656 94.4851
41 58 0 72.319 105.543
41 59 0 5.50993 6.35424
41 60 0 13.2963 18.1238
42 1 0 77.947 83.7291
42 2 0 0.858489 1.17498
42 3 0 51.5782 74.5608
42 4 0 33.6863 39.3035
42 5 0 68.2616 75.8377
42 6 0 12.3013 15.7001
42 7 0 73.4181 99.2794
42 8 0 28.6216 42.2375
42 9 0 12.5113 14.1741
42 10 0 44.8693 58.8135
42 11 0 52.3542 70.8333
42 12 0 19.594 21.5806
42 13 0 3.16973 4.62343
42 14 0 42.9193 48.3957
42 15 0 29.2977 33.4081
42 16 0 63.491 65.4871
42 17 0 65.3062 67.2631
42 18 0 27.9662 28.6042
42 19 0 68.1901 92.0053
42 20 0 78.5766 104.798
42 21 0 53.9604 56.2252
42 22 0 87.3411 101.73
42 23 0 29.5683 42.5038
42 24 0 4.50574 4.73709
42 25 0 50.2209 65.2756
42 26 0 21.4478 21.5427
42 27 0 73.1749 82.0754
42 28 0 30.3126 36.929
42 29 0 93.9202 110.555
42 30 0 76.7669 94.9278
42 31 0 17.7678 24.4392
42 32 0 9.03401 11.1551
42 33 0 42.4049 52.8425
42 34 0 62.7955 79.5249
42 35 0 27.4564 27.5317
42 36 0 59.8909 64.1054
42 37 0 97.3271 143.941
42 38 0 17.0867 17.7289
42 39 0 36.0515 48.9289
42 40 0 57.1056 80.2942
42 41 0 21.9333 23.2853
42 43 1 10.0749 10.2373
42 44 0 36.3438 46.8
42 45 0 69.9467 77.1352
42 46 0 73.9869 79.5898
42 47 0 58.8455 63.0225
42 48 0 94.1281 134.542
42 49 0 17.5224 21.1227
42 50 0 92.0313 114.211
42 51 0 85.2929 91.6291
42 52 0 9.98952 11.1875
42 53 0 17.8254 21.2302
42 54 0 39.0572 47.7561
42 55 0 54.9003 73.5092
42 56 0 68.6208 84.1147
42 57 0 85.5216 126.347
42 58 0 94.1497 95.4279
42 59 0 44.0911 54.6517
42 60 0 84.115 125.312
43 1 0 5.45869 7.89562
43 2 0 17.3272 18.5823
43 3 0 26.169 26.7111
43 4 0 37.2825 54.1801
43 5 0 92.0887 117.526
43 6 0 34.6281 36.4551
43 7 0 38.3722 54.904
43 8 0 22.7097 25.0539
43 9 0 11.1671 11.5664
43 10 0 74.6847 87.9657
43 11 0 58.5238 87.1284
43 12 0 8.83228 12.1744
43 13 0 16.86 23.8563
43 14 0 21.9446 26.7611
43 15 0 43.3802 57.7573
43 16 0 66.7151 76.7076
43 17 0 0.555186 0.582304
43 18 0 24.1578 34.1347
43 19 0 91.7633 107.892
43 20 0 21.185 22.8817
43 21 0 45.4965 52.6079
43 22 0 16.6873 22.4894
43 23 0 3.53375 4.37996
43 24 0 63.3202 74.4621
43 25 0 80.2188 82.2061
43 26 0 61.2881 68.5348
43 27 0 7.32288 8.66714
43 28 0 68.3646 84.2787
43 29 0 11.682 17.258
43 30 0 91.5708 110.088
43 31 0 40.5573 50.9192
43 32 0 9.19518 11.1917
43 33 0 69.3705 97.4868
43 34 0 34.4653 41.0488
43 35 0 57.0185 60.725
43 36 0 37.536 40.443
43 37 0 24.0081 27.0112
43 38 0 76.0481 106.783
43 39 0 98.3064 107.561
43 40 0 75.7001 110.084
43 41 0 12.4299 15.6355
43 42 0 79.0175 81.2832
43 44 1 92.9722 93.6309
43 45 0 46.8331 58.7878
43 46 0 90.643 106.57
43 47 0 35.9311 45.8985
43 48 0 76.2354 111.418
43 49 0 57.0118 72.1295
43 50 0 88.845 125.552
43 51 0 54.0321 64.7216
43 52 0 81.6862 101.927
43 53 0 62.6562 75.6957
43 54 0 67.6929 95.3613
43 55 0 9.16755 13.7121
43 56 0 3.39362 3.68888
43 57 0 90.4723 124.422
43 58 0 24.9977 32.2324
43 59 0 50.1049 73.8502
43 60 0 17.4478 17.7904
44 1 0 37.4065 45.7276
44 2 0 11.603 15.2575
44 3 0 96.5205 138.779
44 4 0 27.7573 34.0176
44 5 0 22.4513 23.8
44 6 0 38.4456 54.0684
44 7 0 18.4596 24.3255
44 8 0 36.4257 40.0437
44 9 0 7.29338 7.39808
44 10 0 14.1756 16.6232
44 11 0 92.8682 139.176
44 12 0 56.7509 70.6824
44 13 0 72.0964 99.6484
44 14 0 30.1504 34.4149
44 15 0 17.107 24.6237
44 16 0 36.4512 49.8223
44 17 0 35.719 43.8123
44 18 0 97.6451 113.228
44 19 0 8.93419 12.3504
44 20 0 29.3043 37.1853
44 21 0 19.9008 21.5489
44 22 0 46.4979 63.2402
44 23 0 94.1725 108.257
44 24 0 0.0856016 0.0867759
44 25 0 39.494 47.8241
44 26 0 15.1685 20.9968
44 27 0 17.7095 22.1417
44 28 0 72.8445 99.2244
44 29 0 25.675 26.8739
44 30 0 38.7058 54.0264
44 31 0 54.1678 55.5585
44 32 0 36.7848 51.2815
44 33 1 21.934 28.8205
44 34 0 28.5188 41.163
44 35 0 48.9762 51.879
44 36 0 34.6378 42.1312
44 37 0 29.7712 39.9268
44 38 0 57.6273 71.6628
44 39 0 99.6921 135.888
44 40 0 45.447 58.085
44 41 0 32.247 43.2034
44 42 0 16.9381 22.7255
44 43 0 79.9528 99.8369
44 45 1 42.1748 51.1119
44 46 1 66.592 97.7141
44 47 0 18.7371 25.3223
44 48 0 20.508 23.646
44 49 0 64.2622 83.3194
44 50 0 98.6624 118.413
44 51 0 41.321 48.6042
44 52 0 54.0142 78.8868
44 53 0 15.0015 21.6806
44 54 0 98.3031 123.768
44 55 0 46.9591 64.0816
44 56 0 41.2393 43.1627
44 57 0 42.0318 51.7184
44 58 0 98.5943 116.211
44 59 0 2.02742 2.20507
44 60 0 11.7126 16.6487
45 1 0 79.7822 116.469
45 2 0 77.1622 94.9148
45 3 0 12.2075 15.0637
45 4 0 17.4844 18.1612
45 5 0 96.4334 129.929
45 6 0 74.8386 109.118
45 7 0 67.1484 93.1457
45 8 0 16.1538 20.2952
45 9 0 68.658 89.3318
45 10 0 87.508 109.454
45 11 0 87.0196 123.491
45 12 0 31.0185 43.2913
45 13 0 6.62585 7.21238
45 14 0 27.1404 31.3953
45 15 1 63.3261 66.9291
45 16 0 0.490686 0.621334
45 17 0 85.638 117.997
45 18 0 46.6 53.1086
45 19 0 82.6576 83.9165
45 20 0 42.4227 50.0767
45 21 0 74.6393 103.446
45 22 0 19.0925 26.8666
45 23 0 56.5598 81.8094
45 24 0 60.6796 76.1367
45 25 0 50.7508 58.585
45 26 0 55.5624 72.3881
45 27 0 27.7703 32.5837
45 28 0 83.8212 98.5054
45 29 0 47.1091 56.1911
45 30 0 74.8973 94.6057
45 31 0 38.558 49.4811
45 32 0 21.9382 24.0799
45 33 0 64.5956 71.9276
45 34 0 82.7865 97.0133
45 35 0 33.7364 50.5382
45 36 0 26.8115 35.98
45 37 0 61.1075 83.4718
45 38 0 98.6712 128.433
45 39 0 62.6159 85.3818
45 40 0 52.8915 62.922
45 41 0 66.2657 86.3423
45 42 0 46.047 61.5725
45 43 1 3.88809 4.92892
45 44 0 49.6631 50.2154
45 46 1 44.9981 60.5935
45 47 0 55.5222 71.9122
45 48 0 27.7897 39.8096
45 49 0 31.0155 33.6765
45 50 0 6.54162 8.32658
45 51 0 14.0165 14.0279
45 52 0 35.878 42.8781
45 53 0 8.9193 10.4442
45 54 0 39.9837 57.8503
45 55 0 36.8503 54.1535
45 56 0 45.3979 46.6266
45 57 0 75.827 101.011
45 58 0 6.90898 9.28275
45 59 0 3.32348 3.69777
45 60 0 61.392 73.7007
46 1 0 78.1358 94.0318
46 2 0 59.8445 88.1482
46 3 0 44.1355 58.6318
46 4 0 39.6555 50.6663
46 5 0 57.782 77.7147
46 6 0 61.4208 73.4676
46 7 0 3.94376 5.8953
46 8 0 57.8892 67.9321
46 9 0 90.0286 104.405
46 10 0 12.4738 15.2316
46 11 0 19.2044 20.8892
46 12 0 43.789 46.5907
46 13 0 82.696 110.834
46 14 0 48.1127 50.9543
46 15 0 15.2207 21.911
46 16 0 5.55991 7.34788
46 17 0 2.006 2.54963
46 18 0 93.1834 106.081
46 19 0 43.1725 62.803
46 20 0 62.9523 87.5595
46 21 0 98.2319 100.139
46 22 0 27.6491 34.6385
46 23 0 35.947 37.7392
46 24 0 41.4315 55.3461
46 25 0 73.2727 82.9831
46 26 0 80.0165 101.395
46 27 0 85.4706 94.8673
46 28 0 32.7247 37.7336
46 29 0 29.5669 37.2377
46 30 0 60.5664 67.3638
46 31 0 10.6445 14.8126
46 32 0 84.7518 99.0912
46 33 0 5.36737 5.59663
46 34 0 93.3309 93.6824
46 35 0 45.3545 59.1851
46 36 0 33.1265 45.3109
46 37 0 9.38679 11.6742
46 38 0 94.6744 101.234
46 39 0 34.695 43.5275
46 40 0 82.3279 95.8528
46 41 0 57.9235 75.7504
46 42 0 14.7865 19.0642
46 43 0 44.1241 64.409
46 44 0 97.5362 137.008
46 45 0 96.9324 121.293
46 47 1 25.1583 28.5642
46 48 1 42.5645 55.8856
46 49 0 85.5652 125.258
46 50 0 93.0596 97.5669
46 51 0 4.02199 5.09343
46 52 0 52.5736 76.1715
46 53 0 83.8887 90.4496
46 54 0 42.7365 44.4357
46 55 0 52.8432 54.3064
46 56 0 99.8111 112.39
46 57 0 5.49445 7.5558
46 58 0 42.2919 55.8663
46 59 0 25.3626 37.1803
46 60 0 2.5259 3.14932
47 1 0 11.7835 12.3182
47 2 0 66.4443 71.2412
47 3 0 17.8292 19.8114
47 4 0 46.168 49.1725
47 5 0 2.68666 2.84298
47 6 1 29.0287 32.6135
47 7 0 63.7559 89.559
47 8 0 94.52 98.7785
47 9 0 29.0528 38.7962
47 10 0 65.5466 86.3346
47 11 0 41.6607 51.9691
47 12 0 73.0495 90.5342
47 13 0 93.7486 129.391
47 14 0 66.4451 95.8575
47 15 0 80.7061 109.653
47 16 0 32.3678 40.4354
47 17 0 91.0137 123.785
47 18 0 41.9177 52.5575
47 19 0 92.3239 112.314
47 20 0 92.2833 120.509
47 21 0 70.0586 74.403
47 22 0 36.5905 47.4354
47 23 0 90.4886 109.292
47 24 0 16.1174 18.3357
47 25 1 27.4246 39.4137
47 26 0 42.9898 46.163
47 27 0 4.82954 5.26252
47 28 0 35.4182 39.3096
47 29 0 14.165 19.4734
47 30 0 39.7098 58.3797
47 31 0 71.6065 77.7824
47 32 0 89.7373 121.456
47 33 0 71.2312 79.5494
47 34 0 95.8084 104.622
47 35 0 91.0204 108.363
47 36 0 75.6702 82.1471
47 37 0 89.7243 111.674
47 38 0 52.1228 61.2202
47 39 0 68.7686 99.1146
47 40 0 28.0042 31.895
47 41 0 43.826 55.4165
47 42 0 24.4741 35.411
47 43 0 42.9793 53.7951
47 44 0 82.9347 121.201
47 45 0 24.6996 28.518
47 46 0 50.0398 59.0273
47 48 1 18.9861 19.6112
47 49 0 23.4208 33.6751
47 50 0 84.7618 105.479
47 51 0 35.9711 38.4773
47 52 0 0.59612 0.652439
47 53 0 35.5129 36.4159
47 54 0 25.5757 34.7882
47 55 0 16.2672 19.1091
47 56 0 83.2953 116.965
47 57 0 28.2195 29.8212
47 58 0 79.9611 89.467
47 59 0 56.6181 65.6606
47 60 0 72.7994 106.048
48 1 0 87.71 115.507
48 2 0 56.5844 76.4055
48 3 0 29.5896 41.6444
48 4 0 38.2679 39.2902
48 5 0 99.1787 110.58
48 6 0 94.0463 104.49
48 7 0 66.4677 90.0383
48 8 0 11.332 14.5993
48 9 0 84.9575 88.5163
48 10 0 7.2009 10.4255
48 11 0 95.5291 118.114
48 12 0 32.3104 32.3923
48 13 0 80.1447 104.246
48 14 0 68.5268 85.5051
48 15 0 40.9755 54.9948
48 16 1 18.4107 19.6407
48 17 0 53.8365 60.3066
48 18 0 45.1897 47.5937
48 19 0 3.16238 3.46505
48 20 0 82.7334 113.488
48 21 0 29.371 33.2624
48 22 0 18.7743 28.0726
48 23 0 98.3604 106.518
48 24 0 70.7344 88.5645
48 25 0 99.1144 141.403
48 26 0 93.6728 130.751
48 27 0 22.9861 32.9817
48 28 0 43.0956 44.309
48 29 0 84.8012 116.87
48 30 0 6.8969 7.84919
48 31 0 16.2792 20.456
48 32 0 54.42 67.3718
48 33 0 36.5489 52.6708
48 34 0 75.7529 99.1537
48 35 0 26.6708 32.8889
48 36 0 79.2856 108.897
48 37 0 55.0119 81.8919
48 38 0 44.2791 52.1955
48 39 0 77.6709 101.179
48 40 0 7.50364 7.86072
48 41 0 18.0806 20.4082
48 42 0 81.076 118.527
48 43 0 4.95077 5.40211
48 44 0 15.2585 20.3795
48 45 0 59.2728 68.2366
48 46 0 57.9532 79.7245
48 47 0 39.3403 45.2997
48 49 1 70.2448 80.0373
48 50 0 58.0666 86.6673
48 51 0 92.3883 136.245
48 52 0 17.419 20.9637
48 53 0 72.4605 75.1756
48 54 0 13.2085 13.8988
48 55 0 52.5995 71.3318
48 56 0 91.5844 101.08
48 57 0 58.3796 66.8793
48 58 0 38.3506 48.0797
48 59 0 4.08213 6.07591
48 60 0 52.1183 57.188
49 1 0 7.29951 10.8766
49 2 0 90.2703 132.368
49 3 0 94.4819 120.703
49 4 0 4.27189 4.45956
49 5 0 95.9077 110.192
49 6 0 45.1374 57.2443
49 7 0 39.1261 45.1749
49 8 0 72.4577 79.191
49 9 0 64.3952 91.3761
49 10 0 5.74715 7.84651
49 11 0 23.6348 29.6228
49 12 0 61.3009 63.263
49 13 0 44.9452 58.7871
49 14 0 40.5755 56.5222
49 15 0 52.8752 64.1306
49 16 0 20.1248 23.1035
49 17 0 80.9064 90.5949
49 18 0 43.366 49.0493
49 19 0 84.1989 96.9843
49 20 0 49.7322 67.0757
49 21 0 19.441 24.1529
49 22 0 14.8763 19.6838
49 23 0 90.9447 109.831
49 24 0 82.9416 113.069
49 25 0 37.6048 50.3314
49 26 0 50.6688 73.0288
49 27 0 89.7076 129.694
49 28 0 30.8053 42.9612
49 29 0 48.3597 58.2617
49 30 0 24.0869 28.3492
49 31 0 0.182393 0.241314
49 32 0 50.0432 52.2248
49 33 0 68.6379 80.2422
49 34 0 85.4694 125.329
49 35 0 31.5177 42.539
49 36 0 97.659 144.219
49 37 0 25.3952 34.7167
49 38 0 13.6196 14.3829
49 39 0 56.3735 63.8541
49 40 0 99.6711 135.934
49 41 0 40.0591 52.2705
49 42 0 8.22685 12.2315
49 43 0 37.4862 51.9957
49 44 0 98.1798 131.773
49 45 0 82.4876 115.37
49 46 0 9.46083 9.77
49 47 0 75.9033 103.711
49 48 0 92.7703 130.873
49 50 1 8.33214 10.896
49 51 0 33.7791 47.2437
49 52 0 55.8303 82.1283
49 53 0 7.5944 11.1184
49 54 0 70.2866 101.31
49 55 0 21.9593 25.0213
49 56 0 4.24002 5.44374
49 57 1 75.4567 85.4149
49 58 0 18.2726 20.7107
49 59 0 86.0811 117.129
49 60 0 46.4364 68.4451
50 1 0 96.9329 138.85
50 2 0 37.031 42.7724
50 3 0 25.1524 31.7731
50 4 0 72.4847 72.714
50 5 0 74.1279 96.7131
50 6 0 93.0525 117.397
50 7 0 6.83774 10.0111
50 8 0 93.151 137.25
50 9 0 26.7581 39.4952
50 10 0 96.3344 121.659
50 11 0 30.2339 41.6658
50 12 0 50.5367 68.6514
50 13 0 69.6429 87.8791
50 14 0 89.4721 131.986
50 15 0 96.9567 125.579
50 16 0 94.1927 99.7571
50 17 0 93.5796 125.636
50 18 0 99.0308 139.504
50 19 0 4.68874 5.72978
50 20 0 39.3191 51.157
50 21 0 69.0566 76.8012
50 22 0 4.09844 5.11918
50 23 0 95.5907 139.945
50 24 0 3.62364 5.3869
50 25 0 9.0595 12.5709
50 26 0 22.6512 25.0146
50 27 0 58.2459 86.3201
50 28 0 37.2751 46.9056
50 29 0 96.9177 111.191
50 30 0 50.8416 55.5741
50 31 0 60.6595 68.3273
50 32 0 65.4785 97.445
50 33 0 67.8334 93.3931
50 34 0 87.9364 122.891
50 35 0 82.4421 122.564
50 36 0 80.7696 85.1846
50 37 0 25.9602 29.0589
50 38 0 10.4893 13.0317
50 39 0 95.4375 115.005
50 40 0 62.9758 78.3344
50 41 0 64.2857 73.0236
50 42 0 58.845 70.8929
50 43 0 80.9472 116.92
50 44 0 59.2241 73.7637
50 45 0 45.8346 48.4729
50 46 0 48.771 65.8093
50 47 0 70.9945 82.001
50 48 0 72.8987 76.5489
50 49 0 33.1604 48.3504
50 51 1 34.3195 34.3668
50 52 0 52.1734 59.3291
50 53 0 99.1468 140.712
50 54 0 90.2362 129.433
50 55 0 54.8542 71.157
50 56 0 48.2414 60.4582
50 57 0 55.575 60.8394
50 58 0 47.2094 61.3182
50 59 0 47.5712 48.6594
50 60 0 9.34667 10.7407
51 1 0 7.19847 10.1292
51 2 0 67.0336 72.1477
51 3 0 49.9705 60.5391
51 4 0 89.5322 95.1036
51 5 0 36.2199 42.7828
51 6 0 80.097 111.868
51 7 0 42.1029 63.0708
51 8 0 12.8421 14.962
51 9 0 51.0048 69.5317
51 10 0 91.2439 105.345
51 11 0 2.43653 3.05006
51 12 0 61.9605 90.5802
51 13 0 61.0796 82.4556
51 14 0 31.9037 45.0479
51 15 0 13.8568 14.787
51 16 0 85.8612 107.468
51 17 0 7.89247 8.19025
51 18 0 34.0596 39.8321
51 19 0 1.39999 2.02418
51 20 0 19.4521 26.558
51 21 0 28.1702 40.4583
51 22 0 93.1434 113.89
51 23 0 16.9405 19.9898
51 24 0 13.0308 17.4436
51 25 0 29.6998 33.4885
51 26 0 59.1561 61.6607
51 27 0 23.3398 27.7674
51 28 0 84.6719 126.188
51 29 0 64.1534 94.3557
51 30 0 7.21996 9.87309
51 31 0 26.0694 34.6264
51 32 0 80.2262 100.604
51 33 0 57.0443 70.2615
51 34 0 79.4578 81.2489
51 35 0 22.0186 29.1674
51 36 0 47.624 51.8131
51 37 0 80.4352 85.3656
51 38 0 0.831675 1.03109
51 39 0 79.4893 92.9021
51 40 0 50.2829 67.1363
51 41 0 68.5677 95.2145
51 42 0 39.0897 47.2346
51 43 0 93.2333 138.672
51 44 0 35.7942 42.3617
51 45 0 12.0519 16.2438
51 46 0 61.4893 64.4986
51 47 0 5.78934 7.14684
51 48 0 78.1647 114.347
51 49 0 48.156 54.4783
51 50 0 41.926 42.3826
51 52 1 82.8981 99.443
51 53 0 34.2571 37.5381
51 54 0 47.8181 56.8941
51 55 0 7.8826 10.3449
51 56 0 20.9653 31.424
51 57 0 76.8525 94.2508
51 58 0 35.48 45.9534
51 59 0 89.6935 117.357
51 60 0 73.726 103.862
52 1 0 27.4857 28.2845
52 2 0 63.1952 81.1626
52 3 0 97.181 125.879
52 4 0 35.6064 45.7046
52 5 0 23.0758 24.4871
52 6 0 77.9581 89.1335
52 7 0 95.9554 128.812
52 8 0 51.4821 72.7377
52 9 0 58.4555 72.4561
52 10 0 66.0559 89.5557
52 11 0 60.916 61.7957
52 12 0 95.8443 142.382
52 13 0 46.3082 49.3061
52 14 0 72.009 102.807
52 15 0 12.1991 15.1837
52 16 0 78.4135 102.122
52 17 0 65.9789 82.0359
52 18 0 53.7421 57.6371
52 19 0 29.0718 40.23
52 20 0 4.9491 5.80041
52 21 0 55.8795 76.1823
52 22 0 48.128 62.54
52 23 0 70.9461 78.5469
52 24 0 48.7551 52.104
52 25 0 9.29269 10.3756
52 26 0 90.2694 96.8522
52 27 0 35.7834 49.8605
52 28 0 11.2028 12.8685
52 29 0 25.9934 26.3768
52 30 0 30.6121 44.67
52 31 0 86.6584 102.959
52 32 0 16.0765 23.4245
52 33 0 93.2661 109.965
52 34 0 15.1954 18.7433
52 35 0 23.1097 24.2472
52 36 0 85.8212 114.909
52 37 0 38.1989 54.2197
52 38 0 15.2446 22.0123
52 39 0 73.5146 91.5349
52 40 0 88.6253 99.0456
52 41 0 54.1525 72.5196
52 42 0 59.6067 65.1864
52 43 0 43.3557 58.1595
52 44 0 69.157 77.6422
52 45 0 82.3206 95.8886
52 46 0 22.1586 30.5607
52 47 0 60.1372 62.6195
52 48 0 76.119 80.2952
52 49 0 96.4626 144.181
52 50 0 79.1931 98.1227
52 51 0 71.5807 75.8212
52 53 1 77.4014 93.9915
52 54 0 61.9196 63.0883
52 55 0 11.9689 17.1403
52 56 0 16.0366 20.3285
52 57 0 9.03452 11.9965
52 58 0 5.24509 7.81313
52 59 0 68.4334 86.7207
52 60 0 57.0684 63.2957
53 1 0 34.5245 44.103
53 2 0 40.7459 51.2824
53 3 0 32.5423 34.2003
53 4 0 19.5734 24.9128
53 5 0 58.4575 70.1604
53 6 0 80.7028 94.6972
53 7 0 58.9293 61.5692
53 8 0 18.4412 26.7874
53 9 0 63.7438 80.8168
53 10 0 98.0175 131.262
53 11 0 79.3307 106.069
53 12 0 40.914 57.4412
53 13 0 32.5202 40.5402
53 14 0 67.5422 87.0078
53 15 0 23.2927 33.2841
53 16 0 49.5039 63.9221
53 17 0 61.7841 65.4574
53 18 0 82.1396 90.474
53 19 0 76.953 87.6153
53 20 0 64.3769 89.7051
53 21 0 87.3049 109.285
53 22 0 26.1961 30.9844
53 23 0 27.1608 36.3016
53 24 0 69.7502 83.5647
53 25 0 25.3761 34.5369
53 26 0 91.8832 106.963
53 27 0 43.2007 53.8415
53 28 0 34.1467 43.9823
53 29 0 2.7671 4.13706
53 30 0 4.81634 5.50933
53 31 0 75.5711 104.562
53 32 0 8.8276 10.9842
53 33 0 41.4158 61.391
53 34 0 89.6393 113.001
53 35 0 11.1929 11.382
53 36 0 20.7927 22.0543
53 37 0 82.1633 119.832
53 38 0 5.84333 8.4827
53 39 0 84.2669 106.435
53 40 0 11.3038 15.3657
53 41 0 69.1872 83.3151
53 42 0 80.4522 115.662
53 43 0 52.8491 72.712
53 44 0 1.19798 1.63805
53 45 0 33.1341 47.7671
53 46 0 67.6167 93.2669
53 47 0 6.57457 7.76396
53 48 0 7.52187 11.0474
53 49 0 19.0747 21.6582
53 50 0 28.6257 37.7966
53 51 0 91.9997 135.096
53 52 0 60.8669 67.4978
53 54 1 81.9494 104.17
53 55 0 70.3916 93.6987
53 56 0 79.8844 84.3917
53 57 0 16.6205 18.1539
53 58 0 38.394 43.3873
53 59 0 95.5831 139.835
53 60 0 83.1177 89.814
54 1 0 92.4078 119.657
54 2 0 6.47899 7.5581
54 3 0 88.5493 130.98
54 4 0 33.1272 42.0173
54 5 0 18.5179 20.1018
54 6 0 52.7206 65.7727
54 7 0 40.3197 55.8034
54 8 0 75.2169 100.367
54 9 0 73.4163 77.195
54 10 0 5.20088 5.46106
54 11 0 82.6007 99.3931
54 12 0 84.9495 108.111
54 13 0 47.6748 49.9805
54 14 1 63.4791 82.8371
54 15 0 65.3923 86.9694
54 16 0 95.226 121.171
54 17 0 69.8331 86.7603
54 18 0 98.388 128.478
54 19 0 34.2091 35.6802
54 20 0 93.2133 120.294
54 21 0 46.3594 66.4968
54 22 0 98.8629 123.021
54 23 0 23.764 25.5846
54 24 0 98.7959 99.1118
54 25 0 99.5281 147.034
54 26 0 64.0011 88.8142
54 27 0 63.0637 73.0194
54 28 0 76.0303 79.0222
54 29 0 56.1178 57.9217
54 30 0 19.0561 27.033
54 31 0 47.3525 56.4474
54 32 0 43.2972 55.8403
54 33 0 20.0055 25.136
54 34 0 28.1832 35.7023
54 35 0 53.905 62.3549
54 36 0 95.8189 125.396
54 37 0 11.7345 13.1155
54 38 0 71.4155 95.3669
54 39 0 21.6174 26.9149
54 40 0 24.6238 29.6719
54 41 0 69.1417 90.1933
54 42 0 32.3536 39.9091
54 43 0 0.950947 1.35456
54 44 1 52.5804 63.8623
54 45 0 10.1641 13.1667
54 46 0 4.01216 4.74024
54 47 0 47.5415 59.2483
54 48 0 75.7787 98.8829
54 49 0 11.4712 16.5625
54 50 0 88.8821 123.282
54 51 0 79.0738 117.245
54 52 0 7.30962 8.93119
54 53 0 62.9071 93.1585
54 55 1 27.8429 37.4369
54 56 0 60.175 60.9296
54 57 0 24.1748 25.1568
54 58 0 36.0746 50.0035
54 59 0 72.3527 101.888
54 60 0 71.5742 100.648
55 1 0 5.23344 7.84954
55 2 0 40.6747 52.1436
55 3 0 12.6748 13.0538
55 4 0 85.1791 126.913
55 5 0 92.4165 128.356
55 6 0 82.5722 100.973
55 7 0 29.398 40.4817
55 8 0 51.8902 66.3835
55 9 0 53.8341 58.298
55 10 0 18.6482 24.9352
55 11 0 36.4259 49.531
55 12 0 51.5403 52.7099
55 13 0 95.0967 140.288
55 14 0 20.6821 23.2433
55 15 0 67.6109 97.4915
55 16 0 29.6078 40.4646
55 17 0 65.9068 67.5832
55 18 0 63.6346 95.1921
55 19 0 67.1346 99.9581
55 20 0 9.88151 14.0864
55 21 0 95.1824 125.911
55 22 0 26.9939 28.8362
55 23 0 22.6627 24.2505
55 24 0 59.7817 77.4595
55 25 0 92.3163 100.421
55 26 0 32.4797 35.4314
55 27 0 58.4526 80.8904
55 28 0 41.1102 58.3292
55 29 0 29.2154 40.0157
55 30 0 5.96239 7.08144
55 31 0 73.4354 79.385
55 32 0 37.8564 41.1845
55 33 0 30.5065 35.1922
55 34 0 24.0756 24.1678
55 35 0 74.6933 100.645
55 36 0 44.3154 53.4934
55 37 0 91.6761 94.6436
55 38 0 73.98 102.37
55 39 0 8.30444 8.70348
55 40 0 80.048 114.524
55 41 0 77.3356 105.345
55 42 0 48.9972 60.6538
55 43 0 19.9529 28.1512
55 44 0 85.9739 94.6533
55 45 0 83.1697 86.8474
55 46 0 86.5988 118.565
55 47 0 83.8074 113.523
55 48 0 50.6337 69.7106
55 49 0 9.3132 13.794
55 50 0 16.9066 23.4182
55 51 0 35.0217 43.2709
55 52 0 9.74054 13.1106
55 53 0 94.1305 107.559
55 54 0 51.912 76.575
55 56 1 47.579 56.4321
55 57 0 29.3624 31.3355
55 58 0 14.8574 21.374
55 59 0 22.9418 22.9462
55 60 0 8.5743 11.8862
56 1 0 25.8225 26.3295
56 2 0 84.1718 118.42
56 3 0 87.613 89.3919
56 4 0 31.0274 46.4315
56 5 0 19.1423 27.3363
56 6 1 93.7516 112.276
56 7 0 60.0641 87.1341
56 8 0 70.5405 101.759
56 9 0 53.2917 73.9024
56 10 0 89.9408 120.634
56 11 0 32.7848 44.877
56 12 0 81.9437 92.5488
56 13 0 92.4515 95.9638
56 14 0 1.82693 2.33795
56 15 0 12.0458 13.1518
56 16 0 82.4913 122.063
56 17 0 22.7354 23.2503
56 18 0 80.2901 92.8011
56 19 0 50.029 68.4964
56 20 0 96.7682 141.861
56 21 0 60.7261 61.605
56 22 0 22.8764 27.6408
56 23 0 8.25256 10.2838
56 24 0 36.1516 52.9411
56 25 0 58.8117 77.9576
56 26 0 27.8088 31.2364
56 27 0 99.7854 125.374
56 28 0 66.7089 95.7493
56 29 0 72.0589 78.0922
56 30 0 5.28452 7.29735
56 31 0 39.3136 46.9211
56 32 0 8.25935 9.96306
56 33 1 60.4601 78.0458
56 34 0 10.9845 13.9036
56 35 0 58.2538 82.3944
56 36 0 51.6718 58.725
56 37 1 37.2322 47.41
56 38 0 53.3261 60.7782
56 39 0 34.3755 48.1361
56 40 0 22.7572 27.2369
56 41 0 16.7942 17.0751
56 42 0 98.5041 140.594
56 43 0 86.5221 91.3499
56 44 0 0.927448 1.15887
56 45 1 68.7367 72.4108
56 46 0 76.7316 89.7509
56 47 0 37.0518 41.953
56 48 0 74.9627 106.647
56 49 0 27.5582 30.6665
56 50 0 48.7705 60.9661
56 51 0 31.8867 41.1007
56 52 0 72.4712 89.2561
56 53 0 3.12411 4.11326
56 54 0 5.84934 6.05529
56 55 0 70.0582 94.8827
56 57 1 71.5957 103.87
56 58 0 69.2665 79.3603
56 59 0 55.6336 82.0561
56 60 0 80.6732 93.3256
57 1 0 0.823302 1.14487
57 2 0 46.1578 63.6205
57 3 0 72.7317 93.8443
57 4 0 41.777 50.6514
57 5 0 81.6936 90.3273
57 6 0 62.2452 77.5603
57 7 0 14.2229 16.9799
57 8 0 24.679 36.7936
57 9 0 98.3166 138.215
57 10 0 44.4641 52.8413
57 11 0 56.8591 83.6319
57 12 0 32.0819 46.935
57 13 0 79.0291 106.918
57 14 0 34.8843 50.0458
57 15 0 94.8952 112.549
57 16 0 60.9574 64.7139
57 17 0 90.4138 127.204
57 18 0 48.2521 57.7575
57 19 0 13.511 19.3044
57 20 0 84.4082 103.586
57 21 0 8.9252 10.7449
57 22 0 24.8595 29.5212
57 23 0 48.2991 59.8411
57 24 0 66.341 93.8866
57 25 0 9.91142 13.7757
57 26 0 43.7218 54.8189
57 27 0 3.57207 4.84987
57 28 0 74.122 96.2379
57 29 0 31.1658 36.3781
57 30 0 13.5054 16.5242
57 31 0 92.8839 113.939
57 32 0 14.0697 14.3754
57 33 0 89.5403 120.779
57 34 0 72.325 96.1072
57 35 0 56.2006 73.3813
57 36 0 19.7914 20.6806
57 37 0 84.8552 89.9163
57 38 0 0.02568 0.0361989
57 39 0 0.402026 0.600671
57 40 0 34.1844 43.711
57 41 0 16.1411 22.2774
57 42 0 6.94023 7.02354
57 43 0 31.6031 37.2253
57 44 0 68.9251 75.0577
57 45 0 33.987 44.218
57 46 0 71.6166 99.4674
57 47 0 60.5057 83.419
57 48 0 51.346 70.156
57 49 0 1.07234 1.36879
57 50 0 37.9169 43.8962
57 51 0 67.991 78.4302
57 52 0 16.4202 20.4024
57 53 0 24.2792 31.3382
57 54 0 53.8641 70.5989
57 55 0 64.8263 79.1009
57 56 0 78.6025 96.1838
57 58 1 35.7405 36.8814
57 59 0 26.029 36.7427
57 60 0 6.96814 7.66724
58 1 0 60.8004 73.0654
58 2 0 15.4201 16.0213
58 3 0 10.4953 14.2314
58 4 0 74.6717 94.5355
58 5 0 58.5509 70.6814
58 6 0 18.6539 25.6507
58 7 0 63.9539 65.9608
58 8 0 28.5138 31.6384
58 9 0 62.6816 71.1787
58 10 0 49.2895 51.013
58 11 0 93.3847 95.662
58 12 0 4.11796 5.2397
58 13 0 83.5638 111.915
58 14 0 8.89486 12.4992
58 15 0 41.2761 54.5475
58 16 0 7.93619 9.55679
58 17 0 69.9943 84.3107
58 18 0 99.3762 135.043
58 19 0 62.6441 77.5153
58 20 0 18.3501 26.1609
58 21 0 30.1927 40.8594
58 22 0 9.43169 9.75967
58 23 0 69.9197 85.694
58 24 0 20.0762 21.5232
58 25 0 35.4719 43.3768
58 26 0 95.9919 128.469
58 27 0 69.135 76.9657
58 28 0 7.80659 10.6604
58 29 0 22.5335 31.7794
58 30 0 73.9775 108.225
58 31 0 40.2386 56.0048
58 32 0 68.069 80.1316
58 33 0 35.9353 36.4778
58 34 0 48.5441 61.351
58 35 0 10.7109 13.2835
58 36 0 75.4333 109.309
58 37 0 81.1564 119.961
58 38 0 31.3387 36.2024
58 39 0 19.3609 22.1111
58 40 0 5.31615 7.20676
58 41 0 16.9642 21.6207
58 42 0 59.1406 82.2472
58 43 0 90.2975 100.339
58 44 0 95.2317 102.939
58 45 0 80.4398 97.4482
58 46 0 3.80773 4.13171
58 47 0 1.20123 1.43019
58 48 0 41.3321 44.1002
58 49 0 93.5933 119.756
58 50 0 17.464 19.8074
58 51 0 89.0023 93.5709
58 52 0 60.8824 90.8802
58 53 0 27.5359 33.1901
58 54 0 36.0113 36.3069
58 55 0 13.165 16.9679
58 56 0 95.3989 140.671
58 57 0 51.0314 57.1112
58 59 1 71.9438 92.7742
58 60 0 62.3755 83.934
59 1 0 21.9161 23.2652
59 2 0 39.4218 58.3746
59 3 0 44.3686 62.8732
59 4 0 59.2859 71.1891
59 5 0 61.9778 71.6226
59 6 0 91.4835 106.768
59 7 0 3.49012 3.67092
59 8 0 19.7295 25.5156
59 9 0 55.471 83.0424
59 10 0 39.7768 43.0109
59 11 0 79.4959 117.317
59 12 0 85.0491 86.5037
59 13 0 76.4285 96.996
59 14 0 33.2423 36.4031
59 15 0 96.475 118.236
59 16 0 98.8899 112.893
59 17 0 20.5314 29.6469
59 18 0 25.3088 32.1523
59 19 0 43.1879 45.9823
59 20 0 13.1019 19.207
59 21 0 18.0698 26.1754
59 22 0 58.438 84.2406
59 23 0 91.387 116.71
59 24 0 19.3496 27.6376
59 25 0 47.4964 60.0389
59 26 0 64.6182 94.2924
59 27 0 39.6871 42.0892
59 28 0 32.6689 34.4074
59 29 0 67.106 68.2546
59 30 0 2.2796 2.92719
59 31 0 94.158 133.459
59 32 0 51.3245 74.291
59 33 0 41.8778 50.7873
59 34 0 25.0022 31.3011
59 35 0 71.6145 93.9649
59 36 0 50.9832 68.8048
59 37 0 75.9727 96.3267
59 38 0 1.85441 2.19068
59 39 0 48.0835 69.155
59 40 0 54.872 68.1541
59 41 0 65.7246 76.1101
59 42 0 20.9525 30.2563
59 43 0 54.8792 69.6563
59 44 0 14.5652 16.9421
59 45 0 11.3388 16.143
59 46 0 38.4443 45.6537
59 47 0 3.73851 4.66662
59 48 0 9.3488 9.89861
59 49 0 74.1738 86.2525
59 50 0 20.4077 22.5167
59 51 0 17.1749 25.2392
59 52 0 71.3926 95.723
59 53 0 39.2102 54.1904
59 54 0 79.4834 91.7605
59 55 0 66.4378 70.9795
59 56 0 96.5501 136.579
59 57 0 40.1426 43.2888
59 58 0 58.6702 72.516
59 60 1 94.9505 117.097
60 1 1 38.1155 40.1896
60 2 0 33.4376 35.4565
60 3 0 33.1244 44.6445
60 4 0 27.5734 33.6201
60 5 0 4.05422 5.74382
60 6 0 77.4818 81.2533
60 7 0 68.6409 79.9318
60 8 0 57.5412 74.7477
60 9 0 85.4607 105.567
60 10 0 19.3075 27.8974
60 11 0 58.4061 64.1773
60 12 0 76.4644 97.2132
60 13 0 58.9505 71.8164
60 14 0 93.3014 115.347
60 15 0 19.8938 28.2914
60 16 0 56.0655 78.4477
60 17 0 57.9496 73.7791
60 18 0 26.8229 28.582
60 19 0 7.1824 10.2857
60 20 0 37.0138 42.2741
60 21 0 58.8397 64.428
60 22 0 30.3455 44.148
60 23 0 75.479 102.735
60 24 0 16.4174 19.2059
60 25 0 30.773 45.8011
60 26 0 33.1237 39.5057
60 27 0 25.3113 28.0697
60 28 0 16.8669 24.2058
60 29 0 27.6564 36.4424
60 30 0 84.1725 116.535
60 31 0 18.0264 21.4324
60 32 0 87.8831 126.228
60 33 0 67.9194 92.9206
60 34 0 80.7864 112.296
60 35 0 70.2004 90.1947
60 36 0 2.05621 2.44943
60 37 0 46.7934 67.3333
60 38 0 86.8145 92.7286
60 39 0 37.7079 41.1862
60 40 0 3.79768 4.19581
60 41 0 14.6403 18.6467
60 42 0 58.6435 59.0346
60 43 0 12.8657 16.1591
60 44 0 37.1096 46.9964
60 45 0 67.3894 99.3183
60 46 0 93.6103 104.147
60 47 0 12.207 13.8271
60 48 0 21.1804 22.3467
60 49 0 63.7449 82.2611
60 50 0 34.0337 46.1471
60 51 0 67.2151 75.5704
60 52 0 23.7822 30.55
60 53 0 63.5318 77.625
60 54 0 1.85952 2.26374
60 55 0 62.5481 76.9658
60 56 0 43.9587 50.2833
60 57 0 46.1969 60.5228
60 58 0 42.5278 52.4922
60 59 0 72.6307 85.1371
27.7855 29.7761 12.3207 22.0336 14.8936 27.7546 36.4594 24.1051 34.6673 2.74598 14.1094 22.4885 19.6836 29.4676 12.4624 15.954 25.8793 34.5877 12.2187 30.9301 38.6965 13.9222 27.0689 37.2561 11.2328 9.5598 34.5157 7.71214 8.38399 21.0737 22.351 27.4352 32.3047 27.2447 13.6748 1.91043 36.9701 24.2989 30.0216 10.2313 31.6985 32.1781 4.83576 34.9063 17.9676 36.6686 11.5139 17.955 0.650415 7.09285 30.4856 23.9222 33.8897 30.6539 35.8164 38.8983 17.7257 12.2509 33.8009 21.9186 