60
100
4
50
1 2 1 36.1247 50.4198
1 3 0 77.1732 99.4329
1 4 0 88.8539 124.608
1 5 0 4.1303 4.67825
1 6 0 29.4821 39.3532
1 7 0 66.3235 75.1276
1 8 0 89.275 108.783
1 9 0 49.6712 62.0668
1 10 0 32.8858 46.3021
1 11 0 6.32754 7.56985
1 12 0 68.6316 83.88
1 13 0 49.37 59.6754
1 14 0 87.7246 117.658
1 15 0 61.3071 63.9546
1 16 0 68.9204 75.0291
1 17 0 50.032 71.3625
1 18 0 32.8139 35.4149
1 19 0 87.0717 126.016
1 20 0 60.485 74.3299
1 21 0 4.278 5.68673
1 22 0 24.4358 26.7307
1 23 0 89.92 131.236
1 24 0 46.5047 62.035
1 25 0 46.9493 64.7433
1 26 0 82.7421 106.873
1 27 0 57.8651 69.3291
1 28 1 90.4584 108.843
1 29 0 23.182 34.1924
1 30 0 85.4241 110.349
1 31 0 27.9067 38.4985
1 32 0 3.039 3.72075
1 33 0 64.6327 85.9291
1 34 0 87.5687 130.263
1 35 0 45.9942 67.8806
1 36 0 20.3357 23.0513
1 37 0 78.9778 102.663
1 38 0 3.32104 4.1871
1 39 0 33.6756 43.8671
1 40 0 38.2833 52.5838
1 41 0 2.06967 2.45431
1 42 0 86.2446 97.9055
1 43 0 0.416707 0.542941
1 44 0 95.8344 121.644
1 45 0 20.7676 21.088
1 46 0 16.549 22.6013
1 47 0 90.1428 119.417
1 48 0 72.8794 75.3609
1 49 0 17.974 26.2172
1 50 0 76.8599 113.067
1 51 0 60.7396 84.7807
1 52 0 28.6567 34.9819
1 53 0 92.0836 97.6928
1 54 0 79.9549 110.573
1 55 0 39.2342 45.7345
1 56 0 99.137 142.492
1 57 0 46.4972 57.9118
1 58 0 84.1266 114.194
1 59 0 69.4079 79.7079
1 60 1 0.321411 0.369838
2 1 0 74.7582 80.8387
2 3 1 71.2553 98.9505
2 4 0 52.4649 64.2596
2 5 0 1.9479 2.77213
2 6 0 77.8459 110.965
2 7 0 46.5094 65.1708
2 8 0 67.7747 90.4553
2 9 0 13.2911 16.9829
2 10 0 20.4981 29.4059
2 11 0 40.0831 44.8304
2 12 0 88.3929 113.632
2 13 0 84.9039 115.897
2 14 0 88.5806 108.461
2 15 0 65.8996 68.0381
2 16 0 29.7686 37.5599
2 17 0 40.4964 46.9894
2 18 0 11.0767 15.5302
2 19 0 16.7874 18.0538
2 20 0 55.0989 80.1515
2 21 0 17.9896 18.7379
2 22 0 4.31325 6.21593
2 23 0 8.61631 9.51107
2 24 0 14.1616 20.2329
2 25 0 20.7115 29.7591
2 26 0 98.9416 107.429
2 27 0 18.6629 23.008
2 28 0 65.1254 81.3416
2 29 0 12.4753 12.5155
2 30 0 10.5018 13.4203
2 31 0 8.52205 11.4368
2 32 0 26.3534 35.4021
2 33 0 3.58697 3.99443
2 34 0 63.4156 94.5142
2 35 0 29.9761 41.3888
2 36 0 52.4172 60.4232
2 37 0 93.1138 94.6608
2 38 0 22.8816 26.6505
2 39 1 25.0551 28.3548
2 40 0 55.0811 78.4839
2 41 0 92.7807 108.716
2 42 0 68.2508 79.0088
2 43 0 52.749 58.8645
2 44 0 63.079 81.5271
2 45 0 67.5742 71.1362
2 46 0 76.0712 88.0665
2 47 0 26.0541 27.1237
2 48 0 68.2437 80.7984
2 49 0 15.0692 17.0645
2 50 0 21.6357 25.8736
2 51 0 31.6643 46.5937
2 52 0 14.3392 21.0667
2 53 0 48.5588 57.7316
2 54 0 82.4222 121.251
2 55 0 88.7519 120.949
2 56 0 12.73 18.3321
2 57 0 76.3454 111.768
2 58 0 67.5969 85.4913
2 59 0 79.5471 118.06
2 60 0 40.8724 56.9254
3 1 0 11.8901 17.2175
3 2 0 30.0747 42.2851
3 4 1 27.8563 31.5132
3 5 0 1.77185 2.3434
3 6 0 64.0998 66.0669
3 7 0 71.2153 101.156
3 8 0 41.6668 59.1006
3 9 0 61.1184 80.7088
3 10 0 82.706 90.526
3 11 0 39.6052 42.2011
3 12 0 76.0047 107.727
3 13 0 99.2323 117.838
3 14 0 81.6894 90.7047
3 15 0 87.3373 88.1501
3 16 0 74.1722 107.804
3 17 0 56.7407 68.3952
3 18 0 37.9334 50.1723
3 19 0 77.2684 96.6653
3 20 0 49.5079 57.3144
3 21 0 37.7723 39.6255
3 22 0 29.7077 30.8187
3 23 0 70.1547 77.414
3 24 0 25.1828 28.0631
3 25 0 94.5622 126.298
3 26 0 61.8338 72.7469
3 27 0 82.0722 92.0039
3 28 0 1.58105 1.81267
3 29 0 7.15426 7.35599
3 30 0 65.0655 73.5914
3 31 0 41.6865 55.3396
3 32 0 46.6819 48.3041
3 33 0 91.5648 123.807
3 34 0 8.26894 9.79367
3 35 0 66.1575 81.201
3 36 0 97.7552 137.464
3 37 0 78.4852 92.6532
3 38 0 71.9023 74.6116
3 39 0 26.4006 38.6433
3 40 0 95.3173 138.096
3 41 0 97.7693 139.852
3 42 0 13.9778 14.8624
3 43 0 33.1409 43.2481
3 44 0 81.3873 116.442
3 45 0 42.789 53.2037
3 46 0 68.0569 79.9273
3 47 0 99.7926 131.632
3 48 0 77.3298 94.7584
3 49 0 96.5701 124.333
3 50 0 63.8351 89.8562
3 51 0 9.0479 11.0643
3 52 0 19.6763 22.3539
3 53 0 90.5155 127.028
3 54 0 44.9178 61.4511
3 55 0 33.0906 36.1264
3 56 0 9.92604 14.5305
3 57 0 17.4612 20.9252
3 58 0 53.7948 65.3859
3 59 0 71.8099 107.42
3 60 0 25.5724 35.0955
4 1 0 12.3736 16.4099
4 2 0 55.5084 63.3181
4 3 0 64.841 83.2299
4 5 1 82.3413 100.899
4 6 0 26.9826 28.2835
4 7 0 59.013 59.2477
4 8 0 14.1268 14.4151
4 9 0 24.8715 36.2113
4 10 0 91.0078 112.722
4 11 0 54.4071 78.2269
4 12 0 89.1623 108.288
4 13 0 73.128 105.608
4 14 0 1.82736 1.96847
4 15 0 54.4634 69.9914
4 16 0 78.1737 89.9165
4 17 0 25.2515 36.191
4 18 0 4.65121 6.03463
4 19 0 47.6508 63.1799
4 20 0 53.3683 70.1356
4 21 0 12.7515 18.048
4 22 0 61.3168 75.6821
4 23 0 9.0702 11.1899
4 24 0 86.9146 129.212
4 25 0 72.751 93.2109
4 26 0 65.7065 87.34
4 27 0 66.2943 81.6135
4 28 0 19.3889 22.3127
4 29 0 74.2294 103.985
4 30 0 88.0538 90.9396
4 31 0 65.8277 85.1181
4 32 0 69.4584 99.9119
4 33 0 83.4747 107.294
4 34 0 15.3034 20.1324
4 35 0 46.7484 68.1169
4 36 0 62.4992 87.4511
4 37 0 0.699846 0.728287
4 38 0 28.6317 29.4576
4 39 0 18.6664 21.4967
4 40 0 29.7831 41.5594
4 41 0 81.9251 81.9398
4 42 0 47.0778 52.9647
4 43 0 68.6459 88.1775
4 44 0 46.1402 64.0114
4 45 0 31.1673 44.1363
4 46 0 71.8008 101.526
4 47 0 78.607 105.718
4 48 0 14.872 20.2839
4 49 0 36.445 42.706
4 50 0 80.3332 83.4424
4 51 0 66.014 66.5234
4 52 0 44.8892 61.9272
4 53 0 53.0065 76.5652
4 54 0 29.1647 41.9578
4 55 0 79.544 111.332
4 56 0 62.9258 79.8072
4 57 0 50.4209 52.0533
4 58 0 86.9662 108.901
4 59 0 99.3329 103.961
4 60 0 7.61185 8.80049
5 1 0 62.3192 79.8402
5 2 0 29.1463 39.0418
5 3 0 41.186 47.3549
5 4 0 96.8207 131.901
5 6 1 6.91205 9.24305
5 7 0 75.7487 85.3941
5 8 0 32.4381 39.5609
5 9 0 23.8803 33.3672
5 10 0 51.5579 64.1056
5 11 0 41.8639 60.568
5 12 0 15.1111 21.9912
5 13 0 96.8075 98.57
5 14 0 71.5937 85.5861
5 15 0 95.7676 101.71
5 16 0 46.8242 57.3988
5 17 0 14.868 20.7965
5 18 0 41.9734 47.3861
5 19 0 8.8976 11.584
5 20 0 13.9287 17.0779
5 21 0 98.9312 114.812
5 22 0 70.8976 74.6424
5 23 0 73.6651 82.3551
5 24 0 67.7014 78.4434
5 25 0 94.2057 110.374
5 26 0 88.7909 116.796
5 27 0 56.9909 71.0412
5 28 0 72.9435 100.2
5 29 0 93.4193 107.784
5 30 0 33.3598 37.1403
5 31 0 53.1193 63.539
5 32 0 28.9587 35.0403
5 33 0 3.21385 4.41936
5 34 0 32.0205 38.3493
5 35 0 66.1648 66.6614
5 36 0 98.3123 108.182
5 37 0 56.9918 67.5263
5 38 0 12.6023 15.5181
5 39 0 32.4363 41.8701
5 40 0 14.7127 14.7827
5 41 0 17.4423 20.4791
5 42 0 15.4443 17.8996
5 43 0 59.8611 86.2079
5 44 0 7.84811 10.3336
5 45 0 56.2821 73.3612
5 46 0 19.7607 27.006
5 47 1 87.9733 127.105
5 48 0 14.7625 19.1606
5 49 0 91.1171 92.3894
5 50 0 21.9769 24.4816
5 51 0 76.22 92.2808
5 52 0 99.3606 112.567
5 53 0 75.1484 111.146
5 54 0 41.566 48.1831
5 55 0 36.7678 53.5674
5 56 0 43.6106 53.1347
5 57 0 75.5879 101.062
5 58 0 34.9126 48.9472
5 59 0 5.20402 7.29838
5 60 0 98.9834 109.214
6 1 0 99.3357 119.618
6 2 0 45.3263 60.8933
6 3 0 9.47218 11.7595
6 4 0 31.1947 36.1503
6 5 0 34.1286 35.8488
6 7 1 31.2814 31.5741
6 8 0 0.587584 0.622722
6 9 0 61.7708 71.6489
6 10 0 5.34457 7.05894
6 11 0 16.3709 18.8353
6 12 0 85.9637 87.9084
6 13 0 75.7371 112.178
6 14 0 4.98193 6.33525
6 15 0 78.3286 85.3735
6 16 0 13.7642 16.3636
6 17 0 42.7323 53.3313
6 18 0 63.9082 72.2216
6 19 0 35.339 38.3421
6 20 0 31.3272 34.7409
6 21 0 6.29177 7.2906
6 22 0 26.2038 28.5727
6 23 0 53.2595 68.9196
6 24 0 75.5225 101.293
6 25 0 93.3189 139.79
6 26 0 1.33136 1.93656
6 27 0 45.7683 51.2278
6 28 0 23.2209 24.822
6 29 0 76.0898 102.024
6 30 0 43.662 54.1236
6 31 0 98.6341 135.423
6 32 0 98.4485 115.699
6 33 0 53.2495 79.3513
6 34 0 77.6726 78.7154
6 35 0 4.74562 5.09847
6 36 0 10.0283 14.8555
6 37 0 73.1559 102.899
6 38 0 6.85559 7.6832
6 39 0 99.9155 139.336
6 40 0 63.817 66.6806
6 41 0 43.5959 63.7905
6 42 0 59.7164 68.7568
6 43 0 28.2845 33.9666
6 44 0 30.7908 44.1982
6 45 0 22.9745 27.2773
6 46 0 12.5308 18.2236
6 47 0 99.2324 119.712
6 48 0 95.4453 109.58
6 49 0 35.5277 38.1406
6 50 0 15.5961 22.9496
6 51 0 86.4927 122.308
6 52 0 57.5352 62.5306
6 53 0 7.87949 8.57214
6 54 0 21.1457 31.286
6 55 0 30.5679 33.5438
6 56 0 32.8688 43.3021
6 57 0 23.871 33.5812
6 58 0 25.798 31.2831
6 59 0 79.6322 110.682
6 60 0 45.8677 59.9095
7 1 0 13.9652 20.1136
7 2 0 98.3218 146.54
7 3 0 83.4927 86.6352
7 4 0 55.5773 65.5645
7 5 0 71.6569 92.6299
7 6 0 60.8374 87.2481
7 8 1 72.5507 81.1244
7 9 0 13.3826 16.5332
7 10 0 47.8772 62.8697
7 11 0 86.9783 119.734
7 12 0 95.0863 96.9757
7 13 0 60.9974 83.3498
7 14 0 16.6127 16.9339
7 15 0 69.415 76.2036
7 16 0 91.6235 96.0958
7 17 0 26.6729 31.0595
7 18 0 52.7708 75.6022
7 19 0 31.5901 41.956
7 20 0 52.7842 59.2815
7 21 0 41.3958 47.548
7 22 0 43.2082 53.5497
7 23 0 89.0715 118.637
7 24 0 54.8904 59.0976
7 25 0 49.4313 53.8918
7 26 0 58.9528 72.3563
7 27 0 15.1107 21.5075
7 28 0 15.2412 20.763
7 29 0 90.7236 107.014
7 30 0 31.1571 36.4517
7 31 0 7.47622 10.8468
7 32 0 64.9875 68.691
7 33 0 48.9643 67.0428
7 34 0 38.5765 40.1231
7 35 0 60.946 90.464
7 36 0 98.4013 122.471
7 37 0 9.80165 10.6335
7 38 0 20.5101 28.3197
7 39 0 44.6902 62.8144
7 40 0 79.1901 100.029
7 41 0 18.5982 19.1675
7 42 0 30.6812 42.7932
7 43 0 99.8725 135.227
7 44 0 47.2301 68.8445
7 45 0 0.680501 0.810042
7 46 0 91.195 99.4563
7 47 0 49.646 52.1877
7 48 0 51.8212 67.2712
7 49 0 58.594 85.5571
7 50 0 54.9646 64.8349
7 51 0 4.60752 6.14157
7 52 0 83.9781 109.303
7 53 0 59.5615 67.0412
7 54 0 32.9236 40.1095
7 55 0 38.6005 52.7574
7 56 0 37.1829 49.6999
7 57 0 82.5191 109.466
7 58 0 50.807 65.5603
7 59 0 67.643 72.0212
7 60 0 75.9728 111.206
8 1 0 37.2573 41.5731
8 2 0 10.5861 12.9309
8 3 0 95.9033 101.301
8 4 0 71.8866 86.6092
8 5 0 36.3489 53.1588
8 6 0 49.7318 69.445
8 7 0 75.7582 86.2048
8 9 1 21.1616 23.1397
8 10 0 47.1776 55.1824
8 11 0 45.3313 58.7325
8 12 0 13.2243 18.2132
8 13 0 90.7211 130.883
8 14 0 56.118 62.7919
8 15 0 86.777 96.8028
8 16 0 19.6866 28.9138
8 17 0 42.692 52.4015
8 18 0 24.0027 31.3978
8 19 0 44.2942 57.0465
8 20 0 85.4434 114.102
8 21 0 97.2683 120.769
8 22 0 77.3459 79.4273
8 23 1 83.8208 97.4866
8 24 0 76.8753 80.5017
8 25 0 27.8513 32.5369
8 26 0 57.3833 70.983
8 27 0 76.0033 85.249
8 28 0 17.7205 26.5616
8 29 0 4.85274 6.25313
8 30 0 60.6623 89.4788
8 31 0 13.1155 14.0348
8 32 0 48.0147 69.3749
8 33 0 24.0248 29.4452
8 34 0 7.14658 8.08654
8 35 0 56.46 77.7246
8 36 0 59.0505 75.8965
8 37 0 50.53 67.0068
8 38 0 62.5647 72.2186
8 39 0 22.9726 28.4463
8 40 0 94.583 136.914
8 41 0 63.1696 91.6033
8 42 0 48.6933 73.0276
8 43 0 88.3795 94.8912
8 44 0 12.8997 19.3069
8 45 0 68.9646 96.459
8 46 0 59.5782 84.794
8 47 0 24.0774 35.4944
8 48 0 87.6477 123.029
8 49 0 24.6727 27.3809
8 50 0 17.484 25.7377
8 51 0 2.4104 2.83969
8 52 0 58.5087 80.4188
8 53 0 57.0778 60.417
8 54 0 65.9097 80.9351
8 55 0 25.7501 28.9986
8 56 0 28.5392 35.8454
8 57 0 60.0451 65.8244
8 58 0 72.7862 100.091
8 59 0 91.4806 110.025
8 60 0 83.0788 94.8343
9 1 0 97.4604 141.534
9 2 0 21.4213 26.7966
9 3 0 88.8454 111.957
9 4 0 52.9612 75.1691
9 5 0 5.9647 8.8542
9 6 0 11.5859 12.1226
9 7 0 41.7245 53.1296
9 8 0 25.1269 29.3243
9 10 1 32.9816 36.6197
9 11 0 32.8121 47.0274
9 12 0 56.4634 75.4033
9 13 0 44.4881 60.6788
9 14 0 12.6039 12.8752
9 15 0 73.6496 76.9876
9 16 0 56.5229 79.6328
9 17 0 62.4855 75.582
9 18 0 50.0718 53.6565
9 19 0 56.8414 58.2789
9 20 0 35.9899 43.4978
9 21 0 14.4848 18.347
9 22 0 77.9861 93.3809
9 23 0 62.1707 69.9507
9 24 0 82.8887 105.226
9 25 0 10.9762 15.2497
9 26 0 33.0443 33.832
9 27 0 79.7741 116.132
9 28 0 60.2787 79.3146
9 29 0 49.0137 67.6952
9 30 0 97.919 145.894
9 31 0 77.65 106.938
9 32 0 45.5494 51.1508
9 33 0 93.9298 113.283
9 34 0 94.4122 134.528
9 35 0 48.593 65.3903
9 36 0 2.54546 2.76085
9 37 0 85.867 109.652
9 38 0 27.1885 35.6207
9 39 0 59.6434 62.4663
9 40 0 47.1293 60.6641
9 41 0 36.0274 52.6068
9 42 0 25.4836 32.4598
9 43 0 73.4028 105.844
9 44 0 12.009 15.2179
9 45 0 64.6267 93.2921
9 46 0 85.9998 113.174
9 47 0 16.1524 23.5805
9 48 1 64.3235 93.7237
9 49 0 6.82509 7.66166
9 50 0 56.7472 73.9608
9 51 0 89.8034 102.544
9 52 0 21.8633 26.5187
9 53 0 63.2785 77.0599
9 54 0 43.0759 51.5801
9 55 0 75.2044 93.7242
9 56 0 38.7638 40.1211
9 57 0 73.476 83.1356
9 58 0 96.5727 133.579
9 59 0 2.42375 3.52578
9 60 0 12.1507 12.988
10 1 0 97.6859 135.607
10 2 0 81.5695 85.9591
10 3 0 72.5153 106.241
10 4 0 22.4401 32.7921
10 5 0 19.4243 22.4395
10 6 0 38.2911 42.3583
10 7 0 57.4595 62.6219
10 8 0 3.91397 5.51976
10 9 0 33.3333 35.2884
10 11 1 68.5278 73.8241
10 12 0 11.768 15.982
10 13 0 64.4801 92.5438
10 14 0 58.1501 81.5836
10 15 0 99.6211 129.957
10 16 0 17.0007 23.3476
10 17 0 77.8094 101.778
10 18 0 15.2054 21.0916
10 19 0 3.07286 4.34748
10 20 0 80.1074 119.684
10 21 0 26.6847 35.4607
10 22 0 67.8822 83.2839
10 23 0 89.1278 108.154
10 24 0 82.1347 88.7246
10 25 0 31.2913 37.4045
10 26 0 83.7167 123.553
10 27 0 41.4066 55.3612
10 28 0 27.9119 28.9585
10 29 0 79.8009 116.993
10 30 0 34.6629 48.9871
10 31 0 77.2159 82.9689
10 32 0 45.6833 47.3364
10 33 0 3.43003 3.61811
10 34 0 31.6168 41.9464
10 35 0 20.4454 23.7191
10 36 0 96.4908 123.387
10 37 0 51.5309 56.3069
10 38 0 9.67988 13.1449
10 39 0 70.3962 82.3936
10 40 0 28.5579 34.1921
10 41 0 4.8581 6.36995
10 42 0 74.7835 100.531
10 43 0 13.2278 14.363
10 44 0 99.7788 149.265
10 45 0 9.53416 11.4553
10 46 0 2.50351 3.3103
10 47 0 83.0091 122.756
10 48 0 25.9477 35.9393
10 49 0 13.9529 14.9039
10 50 0 20.207 28.336
10 51 0 82.0662 121.573
10 52 0 18.2519 20.2944
10 53 0 40.5513 47.7169
10 54 0 21.4791 25.8307
10 55 0 89.2755 125.416
10 56 0 50.2315 69.6932
10 57 0 53.1804 71.5597
10 58 0 5.75934 8.21614
10 59 0 21.7477 29.4591
10 60 0 60.9859 66.9543
11 1 0 80.3106 94.4604
11 2 0 6.38421 6.64253
11 3 0 76.0578 91.1816
11 4 0 15.5298 16.4253
11 5 0 80.4301 80.4994
11 6 0 67.337 69.9954
11 7 0 13.1404 17.1636
11 8 0 70.0452 91.0164
11 9 0 76.4246 86.7531
11 10 0 75.7107 112.537
11 12 1 86.689 118.935
11 13 0 9.36383 11.5112
11 14 0 32.5862 39.3005
11 15 0 83.9964 85.7524
11 16 0 53.549 58.8229
11 17 0 29.7248 32.6881
11 18 0 68.205 73.4839
11 19 0 39.4236 40.8378
11 20 0 79.2147 88.1657
11 21 0 49.5531 62.1589
11 22 0 80.7091 86.1965
11 23 0 83.9103 106.768
11 24 0 72.2065 99.6228
11 25 0 13.8169 18.2818
11 26 0 91.8777 126.433
11 27 0 79.8424 114.817
11 28 0 42.8979 52.5272
11 29 0 3.17213 3.91084
11 30 0 84.0365 114.904
11 31 0 84.4477 93.6915
11 32 0 26.9931 27.487
11 33 0 58.9564 84.001
11 34 0 95.907 127.023
11 35 0 87.3358 98.8335
11 36 0 69.5501 89.5629
11 37 0 89.2147 97.8668
11 38 0 89.4676 117.637
11 39 0 36.8861 42.3726
11 40 0 99.4059 142.893
11 41 0 19.8821 27.2255
11 42 0 2.09569 2.25848
11 43 0 55.5732 59.7286
11 44 0 73.8115 77.4291
11 45 0 13.2407 19.8389
11 46 0 36.739 42.1184
11 47 0 22.3008 29.6841
11 48 0 19.9141 25.6874
11 49 0 25.6592 31.5734
11 50 0 28.7898 37.9971
11 51 0 50.6325 67.1937
11 52 0 82.0093 86.9677
11 53 0 16.5984 18.7496
11 54 0 97.8151 135.221
11 55 0 9.04538 10.2118
11 56 0 72.6276 75.0042
11 57 0 74.3166 98.066
11 58 0 21.4369 25.0892
11 59 0 87.9967 115.14
11 60 0 45.2622 63.5017
12 1 0 8.7746 9.98991
12 2 0 79.1052 94.693
12 3 0 13.5673 17.7306
12 4 0 39.8374 43.8355
12 5 0 68.9465 93.4465
12 6 0 28.4725 39.8645
12 7 0 52.01 65.9913
12 8 0 31.5254 38.427
12 9 0 52.2444 55.5272
12 10 1 28.3804 34.9544
12 11 0 24.2416 28.4684
12 13 1 83.9843 121.492
12 14 0 48.0289 62.6298
12 15 0 80.0109 114.151
12 16 0 20.4147 29.2998
12 17 0 29.0539 41.8152
12 18 0 99.2057 102.299
12 19 0 39.4883 56.9931
12 20 0 8.8763 11.7366
12 21 0 40.1452 57.7263
12 22 0 4.72923 6.28976
12 23 0 28.269 35.3524
12 24 0 80.0297 119.733
12 25 0 38.9101 49.7541
12 26 0 94.4188 134.905
12 27 0 54.7981 60.8554
12 28 0 13.6951 13.9151
12 29 0 9.96066 13.7449
12 30 0 58.0922 85.5335
12 31 0 69.7421 83.0405
12 32 0 33.7219 36.1796
12 33 0 89.6466 131.072
12 34 0 9.46681 10.3718
12 35 0 16.9429 24.1313
12 36 0 21.3565 30.8977
12 37 0 61.378 70.2117
12 38 0 22.2328 33.1941
12 39 0 50.1597 57.0863
12 40 0 90.1588 94.6304
12 41 0 66.8797 97.2517
12 42 0 80.9585 98.5291
12 43 0 74.0668 105.219
12 44 0 90.0535 105.291
12 45 0 61.8593 86.8029
12 46 0 58.8394 77.3711
12 47 0 59.7736 84.2444
12 48 0 94.8539 99.3917
12 49 0 53.6383 60.6784
12 50 0 98.5011 99.0645
12 51 0 58.7913 62.8806
12 52 0 9.25074 11.3647
12 53 0 84.1789 117.682
12 54 0 63.8184 94.5401
12 55 0 48.9317 67.297
12 56 0 95.3614 127.345
12 57 0 54.6137 77.1592
12 58 0 92.173 99.8729
12 59 0 71.9887 105.51
12 60 1 38.6232 55.1657
13 1 0 41.1765 50.2727
13 2 0 26.3359 33.6043
13 3 0 59.9543 83.5727
13 4 0 77.1318 80.4841
13 5 0 40.7023 54.6454
13 6 0 59.545 71.055
13 7 0 26.8681 28.9898
13 8 0 73.0188 97.0738
13 9 0 92.398 117.991
13 10 0 76.8425 104.878
13 11 0 72.2829 101.191
13 12 0 32.4929 43.779
13 14 1 90.8626 131.63
13 15 0 7.72973 9.89224
13 16 0 73.7199 89.5708
13 17 0 21.2332 21.5876
13 18 0 99.9321 143.711
13 19 0 50.9356 63.1556
13 20 0 14.6523 16.6195
13 21 0 8.09287 9.71169
13 22 0 36.1265 45.063
13 23 0 46.3777 64.1478
13 24 0 8.71899 9.2542
13 25 0 72.0708 73.2788
13 26 0 78.0231 104.448
13 27 0 13.4956 17.709
13 28 0 11.7077 12.6282
13 29 0 46.5069 47.3144
13 30 0 31.2441 40.6325
13 31 0 97.5173 126.227
13 32 0 37.5322 50.9244
13 33 0 33.8347 39.8466
13 34 0 65.9582 81.2638
13 35 0 68.9431 93.8189
13 36 0 14.5882 18.2956
13 37 0 26.3863 31.9567
13 38 0 92.8026 97.4289
13 39 0 13.9666 14.9491
13 40 0 33.5696 48.3846
13 41 0 46.3382 58.1919
13 42 0 81.1576 108.726
13 43 0 26.7293 33.9047
13 44 0 4.00238 4.77991
13 45 0 96.1622 121.313
13 46 0 53.4001 76.9637
13 47 0 95.3101 138.921
13 48 0 79.0426 105.586
13 49 0 7.75565 10.4687
13 50 0 18.9946 20.1555
13 51 0 34.2023 38.0277
13 52 0 2.55903 3.03232
13 53 0 53.4309 64.5156
13 54 0 69.468 85.489
13 55 0 39.4617 49.9136
13 56 0 35.0596 49.2508
13 57 0 93.213 123.914
13 58 0 68.0742 72.809
13 59 0 6.15455 8.01423
13 60 0 63.8174 72.8113
14 1 0 29.778 30.4589
14 2 0 16.0874 22.4475
14 3 0 41.8814 45.9639
14 4 0 58.5774 68.4625
14 5 0 75.0326 78.5527
14 6 0 83.8654 125.079
14 7 0 9.65251 12.541
14 8 0 74.6642 90.4675
14 9 0 41.5591 46.2915
14 10 0 24.4359 33.9993
14 11 0 14.5722 20.2185
14 12 0 23.6689 25.5068
14 13 0 15.4582 23.096
14 15 1 35.2376 43.8354
14 16 0 6.09911 7.49028
14 17 0 86.1147 113.942
14 18 0 60.2079 75.9954
14 19 0 9.78121 9.9125
14 20 0 24.7341 34.8391
14 21 0 82.5148 105.527
14 22 0 52.0988 70.9384
14 23 0 3.76103 3.86225
14 24 0 35.7213 43.5435
14 25 0 29.3292 39.2491
14 26 0 46.1928 59.8882
14 27 0 9.6393 11.0083
14 28 0 50.2761 67.6731
14 29 0 83.5284 124.058
14 30 0 36.2577 38.4924
14 31 0 41.9902 56.2451
14 32 0 71.9888 100.597
14 33 0 5.70429 8.03864
14 34 0 61.6673 78.7324
14 35 0 8.8743 12.9896
14 36 0 85.8245 98.5936
14 37 0 68.5136 74.2164
14 38 0 12.1934 12.4599
14 39 1 34.1984 41.2634
14 40 0 91.4496 103.396
14 41 0 7.7951 9.92407
14 42 0 54.0215 76.111
14 43 0 95.2264 103.277
14 44 0 48.7207 57.8161
14 45 0 78.9881 97.0755
14 46 0 48.6396 55.1103
14 47 0 77.5285 101.15
14 48 0 46.5016 50.5539
14 49 0 63.3863 87.1249
14 50 0 39.0698 57.7997
14 51 0 33.8851 49.7844
14 52 0 29.0845 41.4364
14 53 0 28.9976 41.4113
14 54 0 84.9116 102.732
14 55 0 40.0742 53.71
14 56 0 12.9752 13.1766
14 57 0 26.4703 33.8407
14 58 0 49.2452 59.5299
14 59 0 55.4387 76.7133
14 60 0 18.1101 24.7492
15 1 0 63.1002 87.1337
15 2 0 90.0644 105.783
15 3 0 39.2928 52.3444
15 4 0 94.6312 111.986
15 5 0 76.1455 111.302
15 6 0 57.6497 82.3982
15 7 0 94.1302 122.015
15 8 0 92.8378 105.051
15 9 0 23.5661 32.2842
15 10 0 90.9881 119.325
15 11 0 5.85387 6.4134
15 12 0 45.4671 53.5619
15 13 0 18.6167 20.4655
15 14 0 65.168 86.5412
15 16 1 21.8037 31.8357
15 17 0 52.9298 55.5546
15 18 0 73.0586 79.4497
15 19 0 56.7112 82.4075
15 20 0 40.1171 40.8562
15 21 0 1.6715 1.84274
15 22 0 93.5976 101.188
15 23 0 62.6882 82.8061
15 24 0 87.3225 129.987
15 25 0 57.0473 60.5025
15 26 0 17.7087 19.9296
15 27 0 38.1322 48.2263
15 28 0 29.6735 31.8615
15 29 0 9.97543 13.5767
15 30 0 84.5498 86.4561
15 31 0 55.9134 81.3042
15 32 0 98.3736 122.987
15 33 0 81.1468 85.721
15 34 0 29.1764 32.9346
15 35 0 76.6996 105.745
15 36 0 24.3018 33.0634
15 37 0 85.9798 108.246
15 38 0 77.7916 92.5493
15 39 0 71.4096 81.0773
15 40 0 69.36 95.6864
15 41 0 32.4469 41.5846
15 42 0 73.7957 102.429
15 43 0 21.7241 24.9199
15 44 0 67.3926 74.1839
15 45 0 26.3095 32.0111
15 46 0 40.6037 43.1577
15 47 0 39.5833 55.7616
15 48 0 85.5823 92.6036
15 49 0 89.3168 116.588
15 50 0 51.0324 73.0441
15 51 0 67.5743 99.5135
15 52 0 72.5866 90.9814
15 53 1 97.682 110.169
15 54 0 25.8096 35.2717
15 55 0 62.1637 74.895
15 56 0 65.4462 79.7539
15 57 0 40.1533 41.7054
15 58 0 81.2534 102.558
15 59 0 95.4623 141.928
15 60 0 47.8257 57.2407
16 1 0 25.638 27.2914
16 2 0 59.9796 78.7654
16 3 0 77.7605 96.6683
16 4 0 48.0117 64.8126
16 5 0 49.3619 72.0341
16 6 0 35.6595 38.2113
16 7 0 35.0635 49.2442
16 8 0 31.0775 42.1971
16 9 0 43.5397 50.2683
16 10 0 12.284 12.7119
16 11 0 90.6692 133.43
16 12 0 57.6153 70.9692
16 13 0 36.8406 42.557
16 14 0 19.7605 21.3734
16 15 0 40.7611 52.8464
16 17 1 10.8199 15.8721
16 18 0 9.65164 12.8523
16 19 0 68.605 90.7703
16 20 0 81.3291 101.22
16 21 0 59.2081 59.2421
16 22 0 5.86121 7.9329
16 23 0 0.824245 1.12853
16 24 0 23.3151 33.7686
16 25 0 81.4952 97.1011
16 26 0 0.946359 1.19841
16 27 0 15.8043 16.8825
16 28 0 79.38 113.117
16 29 0 81.7364 89.0591
16 30 0 82.1971 99.5631
16 31 0 60.5473 70.2722
16 32 0 91.2188 126.162
16 33 0 15.1607 21.4286
16 34 0 66.7663 67.9414
16 35 0 51.1216 51.6572
16 36 0 5.44305 7.69226
16 37 0 44.6193 62.7611
16 38 0 53.0813 61.0916
16 39 0 51.6308 64.2389
16 40 0 47.6249 63.8104
16 41 0 29.9834 38.7336
16 42 0 15.4873 21.0912
16 43 0 46.3472 68.7154
16 44 0 48.8813 68.6756
16 45 0 17.5708 20.6437
16 46 0 7.791 9.32958
16 47 0 76.1003 86.5271
16 48 0 13.8832 16.6347
16 49 0 84.2804 115.165
16 50 0 18.9609 24.6389
16 51 0 74.4587 84.1303
16 52 0 98.2387 145.18
16 53 0 97.4689 145.829
16 54 0 30.2922 41.5693
16 55 0 12.7795 14.7096
16 56 0 33.2822 49.5268
16 57 0 84.1969 99.5467
16 58 0 74.5346 88.7052
16 59 0 11.6279 16.8622
16 60 0 43.9133 63.2667
17 1 0 0.40917 0.52532
17 2 0 86.6786 101.221
17 3 0 25.6303 26.8252
17 4 0 25.0367 32.9273
17 5 0 78.1582 108.733
17 6 0 43.3308 62.6532
17 7 0 27.4732 40.249
17 8 0 5.21506 7.01111
17 9 0 58.8831 64.5377
17 10 0 5.45276 7.6937
17 11 0 38.8032 50.325
17 12 0 99.7536 140.008
17 13 0 20.7391 29.0814
17 14 0 3.30289 4.78547
17 15 0 79.2318 88.7176
17 16 0 49.4378 55.0323
17 18 1 37.0342 45.0405
17 19 1 9.33983 9.91474
17 20 0 38.0935 54.1765
17 21 0 48.7795 66.3708
17 22 0 34.9831 37.0658
17 23 0 84.3651 100.365
17 24 1 98.396 102.832
17 25 0 36.4745 40.4642
17 26 0 84.2117 93.9044
17 27 0 46.4204 51.0184
17 28 0 63.6629 75.9374
17 29 0 21.4315 29.9406
17 30 0 27.5986 32.9925
17 31 0 84.4136 113.748
17 32 0 19.4251 25.8277
17 33 0 2.32733 2.89427
17 34 0 81.5208 104.937
17 35 0 26.5215 39.0416
17 36 0 15.4383 16.374
17 37 0 26.8322 30.5942
17 38 0 83.7063 104.754
17 39 0 40.5476 57.2097
17 40 0 83.2881 122.334
17 41 0 84.2682 114.094
17 42 0 75.3438 91.36
17 43 0 60.9737 68.1159
17 44 0 75.4121 94.5277
17 45 0 11.7137 16.3451
17 46 0 67.3507 73.71
17 47 0 57.9611 73.2311
17 48 0 65.6262 88.4986
17 49 0 55.7025 80.8373
17 50 0 42.8884 54.2869
17 51 0 0.326317 0.419591
17 52 1 99.6157 109.904
17 53 0 87.8977 96.3855
17 54 0 69.1203 70.0871
17 55 0 35.1927 40.1891
17 56 0 96.4971 106.699
17 57 0 42.3257 46.0728
17 58 0 12.9436 14.2078
17 59 0 52.0345 59.5245
17 60 0 31.2142 33.6966
18 1 0 61.3094 76.0466
18 2 0 72.2076 85.6103
18 3 0 42.1353 46.5189
18 4 0 70.3898 102.921
18 5 0 63.6569 74.1553
18 6 0 64.0092 91.6173
18 7 0 87.5952 122.828
18 8 0 13.5279 15.6183
18 9 0 41.6033 61.8908
18 10 0 59.1853 82.9432
18 11 0 91.8083 132.293
18 12 0 50.7316 62.3874
18 13 0 26.1418 37.45
18 14 0 44.4627 56.9453
18 15 0 47.1984 70.0037
18 16 0 23.4893 26.5388
18 17 0 22.4717 29.6542
18 19 1 22.8627 28.3204
18 20 0 54.3819 73.6302
18 21 0 52.8418 57.0823
18 22 0 46.3476 59.2281
18 23 0 65.0758 77.9548
18 24 0 12.6801 18.1938
18 25 0 17.7915 25.1647
18 26 0 94.5284 98.8928
18 27 0 49.3943 72.6708
18 28 0 28.7897 35.31
18 29 0 64.8272 69.0447
18 30 0 59.3263 64.4265
18 31 0 10.9784 15.206
18 32 0 50.2205 53.3652
18 33 0 60.3781 85.3962
18 34 0 50.2371 61.773
18 35 0 12.1112 15.9628
18 36 0 41.4715 43.8429
18 37 0 21.105 26.3989
18 38 0 84.4172 122.457
18 39 0 71.743 93.953
18 40 0 27.2558 34.9563
18 41 0 64.4116 84.6315
18 42 0 64.6252 85.0331
18 43 0 86.095 107.987
18 44 0 62.0492 73.4239
18 45 0 53.2495 68.3603
18 46 0 33.0791 48.9155
18 47 0 68.2453 97.8438
18 48 0 97.3756 113.964
18 49 0 24.7524 36.3315
18 50 0 91.7435 124.806
18 51 0 14.3956 16.5773
18 52 0 97.5022 131.672
18 53 0 96.2754 100.127
18 54 0 31.3677 43.0136
18 55 0 4.66576 6.39328
18 56 0 49.9709 74.5427
18 57 0 96.3618 102.277
18 58 0 59.4204 87.2327
18 59 0 53.0621 69.6856
18 60 0 64.9017 73.9634
19 1 0 99.4462 146.829
19 2 0 39.731 57.8455
19 3 0 96.0478 132.005
19 4 0 65.9744 89.7116
19 5 0 17.4925 25.6776
19 6 0 19.7317 23.6899
19 7 0 52.8864 54.1204
19 8 0 76.6228 83.0288
19 9 0 92.9048 101.608
19 10 0 82.302 99.485
19 11 0 3.91573 5.33787
19 12 0 51.6854 69.217
19 13 0 70.2051 87.3635
19 14 0 61.1258 90.8542
19 15 0 31.5152 33.4169
19 16 0 78.6667 92.3522
19 17 0 60.7208 82.7301
19 18 0 11.4762 15.5774
19 20 1 42.811 58.5816
19 21 0 64.155 95.4167
19 22 0 99.1046 145.4
19 23 0 51.7663 73.409
19 24 0 16.7344 19.2683
19 25 0 0.209759 0.286747
19 26 0 31.6467 41.9159
19 27 0 79.871 114.847
19 28 0 91.4128 93.6497
19 29 0 3.06539 3.541
19 30 0 26.5223 30.5957
19 31 0 41.5295 56.6594
19 32 0 85.9677 111.933
19 33 0 91.6435 116.2
19 34 0 49.0908 55.6526
19 35 0 76.8529 98.8461
19 36 0 37.5619 55.7561
19 37 0 36.701 46.4499
19 38 0 81.7486 107.138
19 39 0 20.0544 23.3176
19 40 0 25.4162 31.6758
19 41 0 22.0304 31.8527
19 42 0 99.9394 113.355
19 43 0 56.1954 81.8459
19 44 0 14.0837 20.132
19 45 0 49.4877 63.5236
19 46 0 7.89121 8.53691
19 47 0 23.8105 34.9883
19 48 0 88.8035 106.632
19 49 0 15.1733 19.1498
19 50 0 58.0484 65.0177
19 51 0 56.473 59.8175
19 52 0 87.4646 97.4346
19 53 0 16.1153 22.3316
19 54 0 60.1789 85.9604
19 55 0 74.6969 75.5891
19 56 0 35.6196 51.1227
19 57 0 50.8893 54.3291
19 58 0 75.6923 103.392
19 59 0 27.5537 40.6209
19 60 0 34.8063 37.4133
20 1 0 32.0755 38.425
20 2 0 60.144 81.4321
20 3 0 86.2848 110.331
20 4 0 32.6537 38.2296
20 5 0 67.8531 97.9378
20 6 0 43.0178 56.019
20 7 0 64.8073 92.2635
20 8 0 59.0085 72.9301
20 9 0 17.6434 24.5045
20 10 0 11.0125 14.579
20 11 0 31.6316 41.2548
20 12 0 62.5346 93.6608
20 13 0 54.2199 66.681
20 14 0 26.4746 36.6376
20 15 0 75.8793 104.877
20 16 0 49.6386 51.577
20 17 0 19.4476 28.546
20 18 0 61.0719 74.3568
20 19 0 6.64044 6.82845
20 21 1 59.1372 82.5794
20 22 0 73.6739 86.0105
20 23 0 88.7566 92.9708
20 24 0 79.1068 91.4171
20 25 0 40.6645 43.0101
20 26 0 42.194 43.7131
20 27 0 10.8219 11.7626
20 28 0 91.2701 114.546
20 29 0 50.6758 69.977
20 30 0 93.3807 123.862
20 31 0 63.1623 82.8927
20 32 0 51.3988 56.722
20 33 0 68.861 85.5595
20 34 0 55.6263 66.5695
20 35 0 20.5803 30.5608
20 36 0 13.4881 15.5817
20 37 0 47.9495 52.0425
20 38 0 13.394 17.1388
20 39 0 72.4919 92.4255
20 40 0 7.72956 11.0018
20 41 0 56.4836 60.8885
20 42 0 93.8542 123.263
20 43 0 32.8936 36.8889
20 44 0 76.0666 109.535
20 45 0 36.4261 54.5145
20 46 1 3.28243 3.48044
20 47 0 53.7346 62.933
20 48 0 99.6402 120.366
20 49 0 20.4038 22.4466
20 50 0 52.5003 71.9371
20 51 0 82.8789 86.5535
20 52 0 95.8268 100.891
20 53 0 66.5852 77.202
20 54 0 19.3754 25.7904
20 55 0 56.2157 66.4321
20 56 0 63.1431 82.8539
20 57 0 98.9458 139.519
20 58 0 46.7041 59.5081
20 59 0 74.294 79.1418
20 60 0 86.9603 92.1014
21 1 0 5.84057 6.77381
21 2 0 10.0888 10.3991
21 3 0 84.7542 103.104
21 4 0 12.7432 14.3026
21 5 0 82.1317 119.99
21 6 0 67.4986 94.3426
21 7 0 82.6534 94.0735
21 8 0 29.6498 31.3085
21 9 0 53.434 80.0166
21 10 0 64.1515 70.2802
21 11 0 93.6228 115.298
21 12 0 46.189 58.3774
21 13 0 90.9446 91.96
21 14 0 90.957 93.9591
21 15 0 85.6913 126.274
21 16 0 85.7665 100.804
21 17 0 27.3777 34.5967
21 18 0 18.3457 26.9124
21 19 0 36.8651 37.4905
21 20 0 0.00655018 0.00882304
21 22 1 24.7111 30.173
21 23 0 13.6062 13.9349
21 24 0 77.9098 109.976
21 25 0 34.8248 50.1255
21 26 1 54.8356 56.415
21 27 0 91.9094 108.089
21 28 0 13.3532 14.034
21 29 0 72.4596 86.4762
21 30 0 5.13552 5.63558
21 31 0 74.7995 88.4404
21 32 0 4.51722 5.90975
21 33 0 20.8799 24.8988
21 34 0 54.9631 76.199
21 35 0 47.7804 54.9988
21 36 0 71.5763 98.3908
21 37 0 46.1831 50.0383
21 38 0 14.9394 20.6584
21 39 0 30.2615 33.1708
21 40 0 81.0491 94.6913
21 41 0 40.8527 40.9603
21 42 0 83.0419 95.1984
21 43 0 19.6811 25.621
21 44 0 44.3534 55.4529
21 45 0 66.0993 88.017
21 46 0 73.9184 105.251
21 47 0 28.7039 34.0385
21 48 0 49.5784 72.1781
21 49 0 37.3965 55.7096
21 50 0 99.8779 115.728
21 51 0 18.4561 25.6683
21 52 0 68.7901 78.3018
21 53 0 22.1435 31.7083
21 54 0 47.1513 60.5129
21 55 0 69.2774 85.7951
21 56 0 95.0964 128.084
21 57 0 48.3895 65.11
21 58 0 31.0456 45.1871
21 59 0 20.8466 24.9324
21 60 0 92.3892 134.775
22 1 0 45.346 59.7024
22 2 0 84.841 95.7822
22 3 0 36.93 41.8453
22 4 0 44.9636 57.9532
22 5 0 80.7521 105.759
22 6 0 64.9049 80.5524
22 7 0 21.9486 26.0863
22 8 0 85.1925 89.3128
22 9 0 0.422523 0.466138
22 10 0 22.2213 24.4642
22 11 0 39.5193 46.8515
22 12 0 95.2491 116.196
22 13 0 46.2782 58.7108
22 14 0 64.2176 87.4732
22 15 0 9.2723 13.7119
22 16 0 41.259 59.3724
22 17 0 56.8839 63.1286
22 18 0 39.2852 53.6885
22 19 0 9.53344 12.8506
22 20 0 55.6962 66.1624
22 21 0 47.4765 69.6447
22 23 1 2.60449 2.85711
22 24 0 87.6487 113.357
22 25 0 10.7658 15.1362
22 26 0 13.2052 16.6852
22 27 0 30.2939 41.9094
22 28 0 43.4356 56.3991
22 29 0 12.438 17.2529
22 30 0 6.82053 8.86129
22 31 0 12.1861 15.6686
22 32 0 28.8146 35.3047
22 33 0 12.8723 16.5745
22 34 0 32.6419 40.7928
22 35 0 96.9795 112.348
22 36 1 92.9509 101.328
22 37 0 38.7387 50.5509
22 38 0 20.8849 21.9359
22 39 0 21.6659 25.8989
22 40 0 98.243 113.402
22 41 0 20.7465 29.3135
22 42 0 69.7079 88.109
22 43 0 83.9916 98.3057
22 44 0 48.1164 56.5742
22 45 0 15.0171 17.8779
22 46 0 47.3306 62.2822
22 47 0 96.2898 119.99
22 48 0 28.5081 39.7457
22 49 0 59.9183 62.3806
22 50 0 94.4343 130.265
22 51 0 66.7218 73.5045
22 52 0 22.057 28.7917
22 53 0 11.4541 12.0492
22 54 0 25.2311 30.9693
22 55 0 82.5054 109.108
22 56 0 47.9084 60.2014
22 57 0 6.47151 7.51417
22 58 0 86.6856 119.464
22 59 0 1.43319 1.54251
22 60 0 25.2588 36.743
23 1 0 54.2118 68.3928
23 2 0 40.0973 46.2131
23 3 0 83.7448 106.364
23 4 0 38.1368 54.1234
23 5 0 57.2594 58.5256
23 6 0 45.4049 48.3963
23 7 0 35.3349 50.1285
23 8 0 1.3485 1.8947
23 9 0 88.3813 107.693
23 10 0 24.4783 33.9777
23 11 0 38.5721 46.7547
23 12 0 1.91619 2.78775
23 13 0 74.0441 77.075
23 14 0 12.258 17.0761
23 15 0 81.3443 83.2244
23 16 0 58.2378 64.3911
23 17 0 5.45628 7.86864
23 18 0 26.5987 35.8818
23 19 0 23.9483 34.6747
23 20 1 62.8176 92.5344
23 21 0 74.309 79.4415
23 22 0 90.8021 118.1
23 24 1 73.082 93.6383
23 25 0 51.662 62.5277
23 26 0 17.0683 21.8165
23 27 0 73.6416 95.8581
23 28 0 52.8617 75.8038
23 29 0 45.9892 66.771
23 30 0 3.75217 4.02833
23 31 0 48.688 56.2729
23 32 0 65.45 93.2227
23 33 0 93.6129 109.42
23 34 0 83.9112 125.079
23 35 0 41.0566 44.3314
23 36 0 44.1024 56.736
23 37 0 0.507922 0.649819
23 38 0 93.6331 101.738
23 39 0 24.6462 26.8682
23 40 0 64.6691 93.141
23 41 0 83.2108 116.579
23 42 0 28.0435 37.9822
23 43 0 99.7302 130.37
23 44 0 80.0718 108.891
23 45 0 5.23647 7.3838
23 46 0 36.6514 40.9333
23 47 0 62.7164 78.6331
23 48 0 8.53245 12.4961
23 49 0 18.3003 18.9495
23 50 0 41.309 52.407
23 51 0 27.2833 39.9939
23 52 0 6.09879 6.86739
23 53 0 34.3813 47.7883
23 54 0 46.4292 67.505
23 55 0 50.359 54.0235
23 56 0 48.8368 61.5257
23 57 0 0.106099 0.121806
23 58 0 84.2477 111.931
23 59 0 4.91498 6.29112
23 60 0 18.0793 19.2546
24 1 0 4.78456 5.91229
24 2 0 46.8434 50.537
24 3 0 66.6567 75.9467
24 4 0 6.32109 9.43506
24 5 0 38.1392 39.577
24 6 0 75.8192 84.1967
24 7 0 28.2799 38.4895
24 8 0 93.5869 113.095
24 9 0 51.1483 68.3111
24 10 0 98.796 123.445
24 11 0 2.41838 3.20778
24 12 0 77.7223 108.496
24 13 0 81.1162 87.3068
24 14 0 45.733 60.5936
24 15 0 15.1042 19.5182
24 16 0 42.0364 53.1
24 17 0 14.0697 20.4899
24 18 0 90.2557 115.765
24 19 0 59.1339 62.0756
24 20 0 39.0283 43.3557
24 21 0 23.3225 31.0079
24 22 0 49.7119 51.0003
24 23 0 64.4183 93.0456
24 25 1 58.8068 83.6173
24 26 0 22.771 25.9674
24 27 0 11.3377 15.7066
24 28 0 10.8848 12.7845
24 29 0 82.8395 99.4648
24 30 0 78.482 82.0017
24 31 0 43.7879 48.8679
24 32 0 43.0053 60.2893
24 33 0 26.9426 31.2431
24 34 0 69.8708 84.8308
24 35 0 53.8792 65.8961
24 36 0 99.6821 101.541
24 37 0 99.6631 131.862
24 38 0 51.9759 72.6093
24 39 0 81.7873 85.9905
24 40 0 43.0942 54.6194
24 41 0 40.803 47.752
24 42 0 67.1785 83.1424
24 43 0 55.6492 60.3734
24 44 0 39.0285 43.4891
24 45 0 11.4423 13.2621
24 46 0 82.9085 112.176
24 47 0 72.5333 85.6525
24 48 0 80.3147 98.8019
24 49 0 83.7312 101.727
24 50 0 89.5374 127.187
24 51 0 59.7979 64.2624
24 52 0 14.7589 17.3954
24 53 0 24.0293 33.7266
24 54 0 68.1075 101.947
24 55 0 59.0732 85.7703
24 56 0 61.3892 63.0459
24 57 0 10.2621 11.9228
24 58 0 5.79458 8.34429
24 59 0 22.7771 22.9574
24 60 0 62.0515 80.0091
25 1 0 70.1056 96.7191
25 2 0 16.8941 20.7638
25 3 0 97.4607 114.38
25 4 0 58.755 62.8978
25 5 0 30.783 35.3281
25 6 0 19.6039 24.7259
25 7 0 66.0055 71.0747
25 8 0 0.198178 0.289875
25 9 0 37.4395 47.6094
25 10 0 72.5032 78.4212
25 11 0 55.6547 78.9024
25 12 0 43.9292 45.3959
25 13 0 70.0566 89.5712
25 14 0 68.8783 101.181
25 15 0 34.7018 35.0366
25 16 0 53.9119 67.4127
25 17 0 9.2777 10.5117
25 18 0 96.0209 118.246
25 19 0 52.657 59.1256
25 20 0 94.465 94.9902
25 21 0 36.4778 36.6953
25 22 0 43.1938 48.0105
25 23 0 68.6654 75.7011
25 24 0 37.5356 55.4502
25 26 1 36.869 44.1774
25 27 0 50.4436 61.3168
25 28 0 82.247 99.4286
25 29 0 60.395 78.6784
25 30 0 79.6257 112.762
25 31 0 89.0498 89.9666
25 32 0 59.339 71.6286
25 33 0 95.7111 142.616
25 34 0 25.7304 30.6355
25 35 0 75.7373 87.1734
25 36 0 45.448 48.6189
25 37 0 30.2692 43.5604
25 38 0 16.5979 21.8801
25 39 0 17.5477 22.9643
25 40 0 17.0249 17.1414
25 41 0 37.1809 41.5318
25 42 0 24.0601 32.6232
25 43 0 84.9039 115.294
25 44 0 95.63 134.6
25 45 0 48.4113 72.0182
25 46 0 52.4074 74.8044
25 47 0 78.5727 102.276
25 48 0 64.6573 78.5321
25 49 0 10.5951 13.412
25 50 0 64.3648 74.2359
25 51 0 45.1585 67.6429
25 52 0 68.7934 79.8241
25 53 0 33.6017 43.6766
25 54 0 85.2455 112.781
25 55 0 89.3923 105.443
25 56 0 95.1229 109.215
25 57 0 17.1506 23.6172
25 58 0 99.6889 122.864
25 59 0 57.0891 77.4784
25 60 0 29.7405 44.4607
26 1 0 9.86595 10.5772
26 2 0 78.4386 95.25
26 3 0 61.0249 79.4372
26 4 0 88.0267 109.71
26 5 0 14.906 16.2097
26 6 0 74.5024 81.6216
26 7 0 97.8705 118.192
26 8 0 38.5546 40.1821
26 9 0 88.7795 92.2059
26 10 0 78.0495 99.4938
26 11 0 70.0166 103.55
26 12 0 81.4159 104.848
26 13 0 70.8269 97.752
26 14 0 71.3558 92.9786
26 15 0 18.8178 28.0111
26 16 0 60.8816 72.3707
26 17 0 63.9899 76.5522
26 18 0 16.9367 21.075
26 19 0 60.4592 84.6234
26 20 0 85.7649 90.9045
26 21 0 51.17 57.7772
26 22 0 29.89 33.5631
26 23 0 19.2854 25.524
26 24 0 77.3836 83.1946
26 25 0 37.0781 43.5002
26 27 1 20.8232 23.7527
26 28 0 81.5933 113.519
26 29 0 77.1832 87.4667
26 30 0 38.9762 44.973
26 31 0 21.9007 32.3964
26 32 0 17.9026 26.4395
26 33 0 42.8212 59.103
26 34 0 5.39427 5.65553
26 35 0 78.7996 101.322
26 36 0 31.8477 47.0317
26 37 0 57.1757 84.1256
26 38 0 87.2505 130.211
26 39 0 46.6406 59.204
26 40 0 54.494 71.8356
26 41 0 58.7581 65.6106
26 42 0 90.9587 127.003
26 43 0 83.4582 92.2094
26 44 0 34.5866 48.0069
26 45 0 72.3796 74.4465
26 46 0 84.5909 87.2977
26 47 0 42.3794 53.9666
26 48 0 10.5131 10.9884
26 49 0 30.2631 38.4021
26 50 0 47.735 53.3085
26 51 0 50.094 62.2274
26 52 0 89.055 126.176
26 53 0 85.6213 102.597
26 54 0 3.34984 3.76928
26 55 0 92.8513 123.382
26 56 0 72.1411 94.3338
26 57 0 22.4194 22.5872
26 58 0 71.1104 79.0872
26 59 0 70.9691 89.8693
26 60 0 74.1737 107.495
27 1 0 14.493 16.827
27 2 0 78.7244 83.0583
27 3 0 51.2508 74.2231
27 4 0 13.1546 13.6944
27 5 0 40.7906 56.5271
27 6 0 0.680894 0.7788
27 7 0 61.2872 84.9892
27 8 0 95.0941 108.31
27 9 0 24.8028 33.5903
27 10 0 84.2729 118.929
27 11 0 75.3086 80.3483
27 12 0 96.6864 103.5
27 13 0 23.9802 30.2725
27 14 0 34.9361 41.7471
27 15 0 11.919 14.6506
27 16 0 43.7852 65.4431
27 17 0 70.3303 99.4238
27 18 0 38.1602 56.0409
27 19 0 8.46499 12.4942
27 20 0 47.8572 71.6119
27 21 0 75.8799 109.62
27 22 0 37.3885 43.6233
27 23 0 63.3603 73.1158
27 24 0 50.8861 66.9612
27 25 0 31.0864 42.6765
27 26 0 98.2017 131.437
27 28 1 58.484 66.0545
27 29 0 0.605232 0.796356
27 30 0 0.249969 0.371975
27 31 0 76.6898 105.512
27 32 0 24.8846 34.3254
27 33 0 42.8669 54.8484
27 34 0 54.8522 68.3524
27 35 0 41.1734 60.5391
27 36 0 30.4147 42.6214
27 37 0 93.3294 126.476
27 38 0 95.1279 136.398
27 39 0 88.9536 125.848
27 40 0 89.619 116.441
27 41 0 43.0562 63.0008
27 42 0 60.355 64.7214
27 43 0 1.22711 1.33869
27 44 0 25.1595 34.7336
27 45 0 48.5792 55.337
27 46 0 50.6768 53.651
27 47 0 17.9207 22.6375
27 48 0 53.0381 62.9888
27 49 0 96.3341 120.009
27 50 0 32.7151 47.1496
27 51 0 72.8977 77.0469
27 52 0 82.7814 96.2581
27 53 0 71.282 93.7416
27 54 0 87.5551 122.067
27 55 0 45.5628 62.8903
27 56 0 78.7819 117.313
27 57 0 67.8783 96.1765
27 58 0 61.4856 87.8679
27 59 0 78.3469 87.0917
27 60 0 31.8403 47.0306
28 1 0 0.978292 1.0156
28 2 0 77.0602 91.428
28 3 0 56.1093 78.6601
28 4 0 80.0298 112.863
28 5 0 90.874 99.3162
28 6 0 54.1223 61.8202
28 7 0 25.9222 28.0614
28 8 0 50.1417 56.2691
28 9 0 22.0959 31.4328
28 10 0 28.2162 38.7961
28 11 0 85.9793 105.607
28 12 0 27.1939 38.439
28 13 0 89.0438 119.164
28 14 0 13.9185 18.1452
28 15 0 68.3974 72.7152
28 16 0 39.3925 55.4304
28 17 0 38.1332 50.0433
28 18 0 5.94522 6.79054
28 19 0 47.117 64.0622
28 20 0 31.808 44.2812
28 21 0 18.9929 28.336
28 22 0 19.0298 27.5909
28 23 0 72.8996 94.3964
28 24 0 42.1539 60.8694
28 25 0 73.5811 92.5063
28 26 0 97.2326 112.853
28 27 0 87.1531 115.148
28 29 1 90.8509 107.104
28 30 0 36.7156 43.9377
28 31 0 35.5531 52.9024
28 32 0 28.3465 33.3139
28 33 0 47.6199 56.7092
28 34 0 46.43 68.4921
28 35 0 28.2699 28.6438
28 36 0 87.8525 120.25
28 37 0 62.6697 72.8781
28 38 0 41.0851 53.6816
28 39 0 87.8014 126.336
28 40 0 7.4354 8.43192
28 41 0 4.75104 5.47928
28 42 0 80.0408 98.7481
28 43 0 75.0126 107.157
28 44 0 47.8626 56.5665
28 45 0 37.8018 40.0813
28 46 0 21.3828 23.1949
28 47 0 23.0617 34.3486
28 48 0 42.8804 49.5217
28 49 0 14.8524 17.9275
28 50 0 89.9765 90.0395
28 51 0 24.307 28.0225
28 52 0 77.0311 100.584
28 53 0 47.1626 59.9101
28 54 0 61.4515 92.0765
28 55 0 70.1547 92.2267
28 56 0 6.37912 9.35003
28 57 0 27.7857 27.8368
28 58 0 9.80322 11.7153
28 59 0 95.7684 140.65
28 60 0 66.044 98.5333
29 1 0 35.2119 45.4826
29 2 0 20.1397 26.1894
29 3 0 32.7588 45.5168
29 4 0 49.5075 63.9057
29 5 0 84.1192 110.701
29 6 0 79.979 102.994
29 7 0 69.9915 81.9484
29 8 0 65.9708 93.5582
29 9 0 32.0201 46.1915
29 10 0 61.1522 75.6172
29 11 0 90.8708 91.8807
29 12 0 47.1011 67.6469
29 13 0 85.449 117.294
29 14 0 20.8275 21.8336
29 15 0 16.3599 18.4214
29 16 0 86.6497 89.476
29 17 0 15.6901 20.6147
29 18 0 65.5278 79.0821
29 19 0 66.8421 97.3647
29 20 0 43.5353 54.8653
29 21 0 61.8718 64.0155
29 22 0 22.3421 29.7371
29 23 0 13.9493 18.1748
29 24 0 78.5888 114.431
29 25 0 88.9264 119.987
29 26 0 42.614 50.0293
29 27 0 41.0671 46.25
29 28 0 80.8604 97.3617
29 30 1 3.63929 5.44374
29 31 0 94.6671 108.633
29 32 0 83.5326 93.5915
29 33 0 40.9763 50.5656
29 34 0 21.3111 28.477
29 35 0 27.4032 33.0078
29 36 0 72.9257 77.3977
29 37 0 78.1495 79.5593
29 38 0 75.2143 89.1355
29 39 0 46.2417 63.3018
29 40 0 34.9549 40.4019
29 41 0 61.4754 82.0742
29 42 0 14.7945 17.5208
29 43 0 35.1771 43.7196
29 44 0 83.6219 92.7235
29 45 0 37.0819 39.7751
29 46 0 6.38892 7.70511
29 47 0 71.6709 83.7927
29 48 0 85.7764 100.417
29 49 0 25.1279 37.0342
29 50 0 88.7436 132.369
29 51 0 86.7841 124.671
29 52 0 45.2575 61.5869
29 53 0 53.4113 76.5261
29 54 0 79.3413 80.8359
29 55 0 90.3083 119.014
29 56 0 12.9895 19.1075
29 57 0 63.1764 78.2738
29 58 0 76.0681 83.9443
29 59 0 12.0517 14.8252
29 60 0 63.0085 63.2791
30 1 0 41.5646 54.2869
30 2 0 34.7729 49.2306
30 3 0 93.7929 112.73
30 4 0 7.66568 10.1005
30 5 0 76.7878 91.7968
30 6 1 76.7824 108.06
30 7 0 31.9163 34.8558
30 8 0 98.0914 131.232
30 9 0 58.5364 62.0911
30 10 0 7.76323 8.43198
30 11 0 62.8567 85.946
30 12 0 47.7309 52.4019
30 13 0 67.7108 88.7604
30 14 0 76.3516 78.4849
30 15 0 16.8736 25.0476
30 16 0 24.1016 33.6293
30 17 0 50.6417 61.8481
30 18 0 58.4425 80.5592
30 19 0 70.9965 82.0372
30 20 0 72.0084 76.5373
30 21 0 12.9881 17.5948
30 22 0 19.768 25.5452
30 23 0 27.8806 41.389
30 24 0 42.489 44.8477
30 25 0 13.1189 13.2464
30 26 0 7.02089 9.60418
30 27 0 37.9529 48.7229
30 28 0 15.9417 22.0537
30 29 0 44.4213 55.0792
30 31 1 87.2201 89.4598
30 32 0 13.7045 13.8171
30 33 0 17.3225 22.5753
30 34 0 8.09494 10.0586
30 35 0 38.5244 40.1414
30 36 0 78.9795 95.3407
30 37 0 72.3263 87.7881
30 38 0 56.0366 71.0071
30 39 0 59.9615 61.4627
30 40 0 33.8706 34.8639
30 41 0 93.9302 110.519
30 42 0 30.2947 33.9441
30 43 0 32.8701 35.7587
30 44 0 46.7804 65.3186
30 45 0 51.5817 74.187
30 46 0 50.1391 73.8993
30 47 0 34.9129 39.0351
30 48 0 88.5601 132.745
30 49 0 88.2501 113.521
30 50 0 91.6727 102.507
30 51 0 3.09798 4.10276
30 52 0 13.878 18.4336
30 53 0 24.0282 29.8684
30 54 0 89.4479 95.3853
30 55 0 43.3473 50.9278
30 56 0 28.3702 39.8975
30 57 0 39.4332 44.3823
30 58 0 56.6483 65.5298
30 59 0 88.2026 97.0939
30 60 0 63.8547 88.6802
31 1 0 74.1367 95.4026
31 2 0 56.802 70.1465
31 3 0 76.2945 103.645
31 4 0 94.5882 111.063
31 5 0 38.4685 45.6754
31 6 0 66.8636 84.7493
31 7 0 69.2446 92.8261
31 8 0 20.3936 20.479
31 9 0 0.104003 0.144772
31 10 0 26.7563 31.7483
31 11 0 47.9757 62.4202
31 12 0 15.1288 18.9675
31 13 0 92.6019 127.648
31 14 0 38.2833 47.7593
31 15 0 53.615 75.1643
31 16 0 71.8603 105.559
31 17 0 25.1672 31.1963
31 18 0 82.8074 86.924
31 19 0 78.5978 107.383
31 20 0 87.2825 129.662
31 21 0 48.1837 51.9414
31 22 0 43.901 48.8683
31 23 0 39.3785 58.4323
31 24 0 14.4159 16.8052
31 25 0 43.5483 47.9497
31 26 0 6.39813 7.45709
31 27 0 37.9697 46.9425
31 28 0 2.11598 2.27571
31 29 0 77.1335 104.141
31 30 0 51.6811 61.0345
31 32 1 32.9984 35.3851
31 33 0 54.4737 67.1013
31 34 0 88.2253 95.6543
31 35 0 81.3617 81.6047
31 36 0 50.7725 54.325
31 37 0 83.9673 124.28
31 38 0 68.4363 89.8351
31 39 0 6.95098 9.03458
31 40 0 20.8241 25.2168
31 41 0 84.9156 92.506
31 42 0 4.72648 6.36607
31 43 0 65.9849 68.802
31 44 0 74.1062 83.4528
31 45 0 50.2497 62.8233
31 46 0 8.28903 11.0726
31 47 0 3.1997 3.82796
31 48 0 72.3721 81.8094
31 49 0 54.5941 65.1293
31 50 0 25.6618 36.8919
31 51 0 21.2442 26.2923
31 52 0 77.292 108.862
31 53 0 85.279 102.721
31 54 0 45.9792 46.0837
31 55 0 3.39752 4.2427
31 56 0 34.6937 50.7078
31 57 0 36.4605 52.893
31 58 0 7.06303 10.5042
31 59 0 36.1715 44.6712
31 60 0 8.42173 8.95932
32 1 0 43.9539 64.2399
32 2 0 65.5733 88.6317
32 3 0 46.1385 54.3867
32 4 0 4.57911 4.81144
32 5 0 89.9629 111.977
32 6 0 97.5646 116.237
32 7 0 85.2842 107.246
32 8 0 70.2068 91.3558
32 9 0 3.30346 3.32459
32 10 0 23.9171 35.7221
32 11 0 59.6932 79.8515
32 12 0 56.4971 80.5721
32 13 0 46.21 58.2649
32 14 0 34.0408 47.5807
32 15 0 42.9539 43.9843
32 16 0 18.8446 23.4623
32 17 0 20.3087 23.5097
32 18 0 28.3328 28.7103
32 19 0 33.3353 36.448
32 20 0 73.142 87.2864
32 21 0 96.9431 106.128
32 22 0 94.038 117.921
32 23 0 4.14432 4.55305
32 24 0 25.6542 35.1901
32 25 0 7.54568 8.71129
32 26 0 88.8621 129.136
32 27 0 74.784 106.219
32 28 0 59.4317 82.2212
32 29 0 79.1006 113.422
32 30 0 37.7487 43.4257
32 31 0 90.5234 131.776
32 33 1 9.59331 12.0602
32 34 0 82.4685 110.093
32 35 0 13.7963 15.5416
32 36 0 63.2129 68.0619
32 37 0 61.1789 67.3868
32 38 0 31.0769 44.5609
32 39 0 32.0332 33.4859
32 40 0 81.4636 89.5275
32 41 0 55.9823 76.8304
32 42 0 22.4137 31.3807
32 43 0 70.9394 76.2575
32 44 0 0.733364 0.763008
32 45 0 26.3215 37.1172
32 46 0 25.1112 36.5529
32 47 0 25.6394 28.6474
32 48 0 21.758 27.6374
32 49 0 90.0656 112.571
32 50 0 88.2178 123.547
32 51 0 51.7616 71.4905
32 52 0 62.2203 91.3852
32 53 0 53.5124 76.717
32 54 0 44.0405 44.8604
32 55 0 75.7169 111.766
32 56 0 27.9152 39.8121
32 57 0 86.9252 129.017
32 58 0 96.0493 114.646
32 59 0 98.5472 139.045
32 60 0 68.9117 90.3513
33 1 0 53.4427 56.7436
33 2 0 20.0046 27.3731
33 3 0 51.9279 54.8905
33 4 0 20.9906 21.3031
33 5 0 56.4211 77.3071
33 6 0 43.0996 54.0093
33 7 0 96.8363 98.4985
33 8 0 42.1819 59.2037
33 9 0 24.0518 26.1582
33 10 0 88.3176 100.616
33 11 0 56.9002 71.3091
33 12 0 39.6456 48.5044
33 13 0 34.7467 36.4044
33 14 0 32.4501 42.2621
33 15 0 61.0561 68.4725
33 16 0 88.9106 90.2604
33 17 0 2.20541 3.27849
33 18 0 11.0981 15.0651
33 19 0 97.2426 126.656
33 20 0 51.0904 56.4517
33 21 0 68.8032 92.1233
33 22 0 76.1515 113.073
33 23 0 74.7577 77.8612
33 24 0 69.0445 90.1942
33 25 0 74.5839 103.854
33 26 0 60.3861 89.1776
33 27 0 64.0768 89.2196
33 28 0 61.305 76.3919
33 29 0 59.9332 81.7911
33 30 0 21.2084 25.6852
33 31 0 75.1972 94.7806
33 32 0 32.1866 44.3434
33 34 1 82.1458 98.0544
33 35 0 70.1044 92.7506
33 36 0 9.92107 12.7152
33 37 0 26.1882 28.8027
33 38 0 51.8371 72.6666
33 39 0 20.7993 26.2714
33 40 0 13.1107 13.2863
33 41 0 93.6789 115.102
33 42 0 16.2679 23.6138
33 43 0 41.3957 43.9691
33 44 0 26.6263 35.3136
33 45 0 20.1837 29.5846
33 46 0 92.3868 98.2135
33 47 0 66.8438 99.6445
33 48 0 58.2349 66.2062
33 49 0 66.408 94.953
33 50 0 13.3191 17.5106
33 51 0 45.3006 54.5489
33 52 0 17.5567 19.2229
33 53 0 43.0492 56.3618
33 54 0 28.6501 33.1056
33 55 0 82.7846 100.865
33 56 0 11.3631 14.9645
33 57 0 78.8671 107.11
33 58 0 77.2653 95.4789
33 59 0 50.7362 64.926
33 60 0 27.5595 31.6275
34 1 0 22.6405 22.7231
34 2 0 8.81789 10.6801
34 3 0 44.0757 56.6172
34 4 0 88.5966 103.801
34 5 0 38.2787 51.0042
34 6 0 18.7377 27.9094
34 7 0 43.1565 54.4988
34 8 0 31.8941 35.3691
34 9 0 23.5379 29.3465
34 10 0 92.1391 116.128
34 11 0 23.7944 28.0184
34 12 0 80.2137 98.707
34 13 0 87.9757 130.777
34 14 0 97.069 101.875
34 15 0 45.0301 59.4905
34 16 0 88.2607 118.85
34 17 0 45.1888 66.2177
34 18 0 8.24796 9.93521
34 19 0 81.4773 88.1718
34 20 0 70.3491 98.5563
34 21 0 79.2693 113.648
34 22 0 47.4234 58.1043
34 23 0 37.9368 49.5052
34 24 0 38.0786 39.8186
34 25 0 8.52276 9.19094
34 26 0 73.8717 87.3569
34 27 0 43.4259 43.8853
34 28 0 80.1521 106.737
34 29 0 66.2645 91.417
34 30 0 29.7437 32.9749
34 31 0 44.563 49.9201
34 32 0 77.96 92.5702
34 33 0 7.87178 10.8223
34 35 1 2.01174 2.03418
34 36 0 49.3143 51.6406
34 37 0 7.76513 11.2638
34 38 0 99.4062 122.942
34 39 0 87.9876 125.75
34 40 0 23.5246 34.4014
34 41 0 35.25 41.4509
34 42 0 23.8474 31.3989
34 43 0 7.93666 11.7578
34 44 0 26.9145 30.6822
34 45 0 41.5774 49.8652
34 46 0 7.87616 8.90056
34 47 0 48.4965 70.7266
34 48 0 96.9493 125.694
34 49 0 52.7081 75.4506
34 50 0 0.996107 1.05163
34 51 0 42.0299 48.6908
34 52 0 45.751 63.2676
34 53 0 24.3234 31.3024
34 54 0 96.2128 110.509
34 55 0 37.8608 52.8993
34 56 0 41.959 45.9421
34 57 0 75.1766 100.475
34 58 0 2.60007 3.50388
34 59 0 81.8275 106.62
34 60 0 61.2265 91.3382
35 1 0 49.5813 55.1967
35 2 0 5.58958 7.12635
35 3 0 19.7145 25.1219
35 4 0 19.3624 25.043
35 5 0 48.8437 57.5715
35 6 0 34.5057 38.2532
35 7 0 91.4676 125.312
35 8 0 51.4092 54.6835
35 9 0 86.2665 98.5198
35 10 0 26.8663 32.466
35 11 0 80.3085 83.9958
35 12 0 74.6242 98.8178
35 13 0 41.7628 54.5759
35 14 0 5.02561 6.45449
35 15 0 36.9518 42.3211
35 16 0 9.32643 12.3682
35 17 0 37.3776 43.4023
35 18 0 96.6311 129.61
35 19 0 83.2995 108.73
35 20 0 30.8266 32.0931
35 21 0 0.328692 0.433393
35 22 0 34.904 39.917
35 23 0 71.6094 95.9492
35 24 0 34.6205 46.714
35 25 0 86.9657 129.226
35 26 0 46.2643 48.9606
35 27 0 92.7786 97.0697
35 28 0 49.3207 56.1982
35 29 0 79.878 110.181
35 30 0 41.9016 60.917
35 31 0 87.2896 94.0369
35 32 0 86.0726 104.38
35 33 0 3.15237 3.32077
35 34 0 75.6885 104.299
35 36 1 97.1929 99.3238
35 37 0 44.0285 57.0352
35 38 0 22.4374 33.489
35 39 0 29.8199 38.0522
35 40 0 85.7163 119.015
35 41 0 81.8409 86.1664
35 42 0 38.9532 55.3648
35 43 0 15.1844 19.0563
35 44 0 1.84974 2.2618
35 45 0 33.8601 45.3597
35 46 0 16.5574 23.3514
35 47 0 86.433 95.1855
35 48 0 44.3541 64.9787
35 49 0 41.7117 60.4429
35 50 0 54.412 58.9179
35 51 0 78.5302 111.884
35 52 0 3.38873 4.35584
35 53 0 0.344354 0.469299
35 54 0 53.7427 65.4228
35 55 0 12.4334 16.3275
35 56 0 57.8204 66.6035
35 57 0 53.7948 55.1276
35 58 0 65.4359 68.4683
35 59 0 97.1816 106.466
35 60 0 31.055 37.0382
36 1 0 57.8059 61.9276
36 2 0 5.81642 8.26775
36 3 0 41.6303 60.0705
36 4 0 85.5603 101.413
36 5 0 92.5029 108.252
36 6 0 5.92823 8.06304
36 7 0 19.5947 20.6467
36 8 0 15.885 23.7421
36 9 0 69.3338 86.0678
36 10 0 33.0889 43.3344
36 11 0 54.2375 79.4188
36 12 0 56.5378 62.6406
36 13 0 6.8495 9.2203
36 14 0 79.1439 113.551
36 15 0 67.9028 92.3865
36 16 0 9.62696 13.5516
36 17 0 80.8952 119.319
36 18 0 46.5954 69.2082
36 19 0 95.7688 143.123
36 20 0 39.1884 52.6905
36 21 0 91.8452 127.672
36 22 0 10.6978 12.9997
36 23 0 36.2734 48.8919
36 24 0 24.7686 36.5128
36 25 0 48.3999 59.9847
36 26 0 35.7234 51.6789
36 27 0 21.4985 24.1295
36 28 0 56.3249 57.4385
36 29 0 94.1043 135.207
36 30 0 25.2054 26.1061
36 31 0 63.72 88.6528
36 32 0 30.8466 33.4663
36 33 0 49.3013 71.3687
36 34 0 8.24261 9.90923
36 35 0 10.7066 14.7027
36 37 1 87.5586 90.1633
36 38 0 64.8128 87.1489
36 39 0 66.3279 99.1552
36 40 0 29.1388 35.5631
36 41 0 72.3627 93.421
36 42 0 39.7922 43.7071
36 43 0 26.3719 31.8267
36 44 0 26.1954 31.4237
36 45 0 50.2495 53.1256
36 46 0 32.5368 41.1864
36 47 0 67.9684 97.317
36 48 0 40.4684 45.1649
36 49 0 39.6948 52.0148
36 50 0 89.976 108.035
36 51 0 69.1148 78.5359
36 52 0 70.5818 88.052
36 53 0 40.5106 43.236
36 54 0 25.9885 26.0087
36 55 0 42.8502 45.3351
36 56 0 28.2816 41.9987
36 57 0 52.5254 75.6108
36 58 0 82.5086 122.374
36 59 0 60.1411 71.7513
36 60 0 3.35185 4.20529
37 1 0 97.8138 140.588
37 2 0 38.3025 57.4106
37 3 0 80.2407 100.098
37 4 0 47.1847 55.597
37 5 1 99.2305 134.006
37 6 0 28.1671 39.7844
37 7 0 80.9928 113.503
37 8 0 42.5642 49.266
37 9 0 30.8194 32.7685
37 10 0 15.5401 22.4179
37 11 0 42.6759 50.0242
37 12 0 61.378 67.0744
37 13 0 20.9512 26.6879
37 14 0 51.3981 63.0114
37 15 0 46.4183 61.1838
37 16 1 32.9818 39.4618
37 17 0 22.7795 29.4619
37 18 0 25.8171 31.9109
37 19 0 6.10643 6.66871
37 20 0 26.3419 35.8572
37 21 0 8.33598 12.2468
37 22 0 67.1212 100.076
37 23 0 55.1133 80.2141
37 24 0 45.3855 63.5205
37 25 0 14.0433 20.7378
37 26 0 45.7939 58.8348
37 27 0 18.5785 19.9265
37 28 0 52.4169 66.7454
37 29 0 42.2213 45.6536
37 30 0 57.8685 63.0279
37 31 0 48.0926 49.0196
37 32 0 76.6687 83.3284
37 33 0 70.7663 104.24
37 34 0 60.8604 89.5211
37 35 0 95.4434 99.4524
37 36 0 92.2191 94.936
37 38 1 26.4944 38.8398
37 39 0 82.369 123.049
37 40 0 52.2235 62.625
37 41 0 39.2474 41.5337
37 42 0 4.38761 6.49546
37 43 0 2.843 4.14953
37 44 0 80.3811 117.232
37 45 0 82.4574 85.5704
37 46 0 26.8806 35.675
37 47 0 74.6074 86.8595
37 48 0 94.8795 137.771
37 49 0 79.9601 102.876
37 50 0 93.6064 124.68
37 51 0 89.0089 90.412
37 52 0 88.6619 101.102
37 53 0 74.0225 101.636
37 54 0 13.9423 20.3483
37 55 0 49.3971 49.8997
37 56 0 17.6434 18.0328
37 57 0 46.5603 51.4196
37 58 0 16.484 18.1888
37 59 0 21.9251 26.2799
37 60 0 91.9205 131.682
38 1 0 44.8964 52.4547
38 2 0 95.0085 130.024
38 3 0 28.5793 32.2887
38 4 0 79.9992 86.8945
38 5 0 31.8584 32.3418
38 6 0 72.4564 77.7829
38 7 0 18.6226 23.1446
38 8 0 7.77673 11.3625
38 9 0 76.1781 109.191
38 10 0 33.157 34.2143
38 11 0 62.7901 93.5931
38 12 0 12.634 13.9859
38 13 0 89.5439 108.6
38 14 0 95.7469 110.588
38 15 0 41.359 46.3297
38 16 0 30.6441 33.2965
38 17 0 20.0998 23.5811
38 18 0 16.6265 22.002
38 19 0 90.2149 91.6688
38 20 0 24.1665 24.9605
38 21 0 3.47292 3.89385
38 22 0 65.824 90.6254
38 23 0 24.9424 28.1252
38 24 0 76.5098 101.116
38 25 0 6.05521 6.22316
38 26 0 0.538597 0.62854
38 27 0 4.3133 6.21704
38 28 0 76.5164 98.9215
38 29 0 23.7209 31.6046
38 30 0 15.132 20.2105
38 31 0 67.4793 93.246
38 32 0 52.1994 56.9986
38 33 0 82.0413 90.7733
38 34 0 42.3621 45.1469
38 35 0 93.2805 95.8048
38 36 0 69.339 90.2704
38 37 0 68.8922 82.9119
38 39 1 33.501 34.3797
38 40 0 69.8929 88.9389
38 41 0 81.1569 95.0228
38 42 0 16.5802 17.0952
38 43 0 96.244 123.456
38 44 0 66.7039 70.454
38 45 0 61.7848 68.4335
38 46 0 71.707 90.554
38 47 0 53.9845 74.7501
38 48 0 6.08785 7.56428
38 49 0 69.5561 91.5339
38 50 0 87.4685 116.804
38 51 0 29.4467 34.7313
38 52 0 65.1363 87.4615
38 53 0 90.2224 96.6591
38 54 0 73.6286 106.433
38 55 0 13.1071 19.5921
38 56 0 79.1493 85.2458
38 57 0 16.8651 24.7491
38 58 0 51.1624 53.7138
38 59 0 17.5834 23.7764
38 60 0 62.1472 82.3176
39 1 0 88.1114 111.889
39 2 0 46.6849 69.1043
39 3 0 80.4094 89.5595
39 4 0 65.2206 88.679
39 5 0 43.5918 46.6997
39 6 0 52.5363 70.3447
39 7 0 8.02635 11.4172
39 8 0 41.8222 47.97
39 9 0 3.37695 3.43017
39 10 0 86.0601 114.65
39 11 0 87.3157 96.3665
39 12 0 37.9805 41.5481
39 13 0 68.6063 92.0836
39 14 0 94.2695 94.3556
39 15 0 86.1066 128.502
39 16 0 38.5777 42.896
39 17 0 75.2443 107.661
39 18 0 29.7719 34.1929
39 19 0 15.1094 18.73
39 20 0 95.0536 136.092
39 21 0 15.232 16.6965
39 22 0 74.9349 106.402
39 23 0 33.6464 45.5068
39 24 0 39.2607 49.6911
39 25 0 6.33804 7.08649
39 26 0 41.9603 42.3825
39 27 0 27.055 39.0651
39 28 0 79.7771 104.626
39 29 0 68.9533 99.7027
39 30 0 12.3096 17.2691
39 31 0 6.6919 6.85951
39 32 0 96.4771 136.257
39 33 0 30.0297 40.2796
39 34 0 24.9821 30.8883
39 35 0 75.5149 89.7783
39 36 0 23.5036 27.6563
39 37 0 23.92 25.2791
39 38 0 74.4237 101.897
39 40 1 23.0484 31.5873
39 41 0 38.5108 47.2917
39 42 0 44.5824 57.6934
39 43 0 41.582 61.0911
39 44 0 90.0675 110.49
39 45 0 9.11177 13.2218
39 46 0 60.1146 68.2493
39 47 0 87.363 108.016
39 48 0 3.86781 4.37147
39 49 0 13.6513 17.4004
39 50 0 9.15558 13.4482
39 51 0 15.798 21.7609
39 52 0 98.8271 141.887
39 53 0 70.5906 73.9194
39 54 0 24.886 32.3165
39 55 0 70.3456 100.157
39 56 0 68.1225 98.2444
39 57 0 31.4402 31.8223
39 58 0 7.60663 10.9718
39 59 0 67.554 83.4585
39 60 0 38.9557 50.7468
40 1 0 98.5443 100.234
40 2 0 72.4917 104.419
40 3 0 50.2319 67.6977
40 4 0 56.3838 64.7975
40 5 0 36.1586 52.0503
40 6 0 4.03637 4.39576
40 7 0 34.7816 36.1056
40 8 0 51.2084 59.9204
40 9 0 23.6763 28.1671
40 10 0 34.5058 36.9604
40 11 0 74.879 87.6593
40 12 0 30.1139 41.1648
40 13 0 41.2104 55.5715
40 14 0 28.722 41.7439
40 15 0 96.1434 106.937
40 16 0 45.775 46.66
40 17 0 33.9221 36.4987
40 18 0 29.1033 31.5394
40 19 0 18.1466 22.2864
40 20 0 80.0483 98.4947
40 21 0 42.3291 46.9857
40 22 0 81.8955 101.412
40 23 0 23.4755 31.6325
40 24 0 4.43016 6.62199
40 25 0 60.396 80.7119
40 26 0 17.1577 20.4386
40 27 0 1.66023 1.89969
40 28 0 10.827 15.4501
40 29 0 58.4554 69.8833
40 30 0 28.2591 38.6714
40 31 0 22.0266 29.2969
40 32 0 95.0987 139.824
40 33 0 89.743 128.662
40 34 0 30.7619 37.9946
40 35 0 9.40576 12.2641
40 36 0 65.1754 89.9126
40 37 0 98.5603 124.412
40 38 0 26.5027 32.7581
40 39 0 63.9937 68.6616
40 41 1 36.1904 47.1885
40 42 0 57.7535 83.9631
40 43 0 2.29127 2.96326
40 44 0 58.0214 62.9853
40 45 0 59.4271 70.7157
40 46 0 71.4033 82.9332
40 47 0 38.3316 52.1032
40 48 0 51.8252 54.3597
40 49 0 91.6942 99.2286
40 50 0 77.9696 95.9437
40 51 0 47.9306 68.7621
40 52 0 63.4927 73.5889
40 53 0 32.0585 40.518
40 54 0 61.3507 68.2428
40 55 0 74.6596 84.6247
40 56 0 62.8248 70.1528
40 57 0 95.1058 116.146
40 58 0 12.9746 15.6162
40 59 0 74.0208 110.397
40 60 0 9.93489 14.2615
41 1 0 44.8008 58.4199
41 2 0 11.1181 11.6793
41 3 0 44.4145 58.6161
41 4 0 73.6935 83.6166
41 5 0 42.8181 49.3655
41 6 0 49.1337 59.2084
41 7 0 3.8612 3.8685
41 8 0 23.0542 33.0564
41 9 0 82.5795 86.2066
41 10 0 89.3018 109.779
41 11 0 64.2452 70.6422
41 12 0 75.668 80.174
41 13 0 11.7572 12.2982
41 14 0 66.7911 78.3671
41 15 0 7.02404 7.55179
41 16 0 39.8962 50.5988
41 17 0 85.0685 118.218
41 18 0 70.2585 92.1826
41 19 0 4.49129 5.46
41 20 0 96.1168 122.768
41 21 0 51.7199 75.7141
41 22 0 46.9712 66.9142
41 23 0 34.9673 51.5796
41 24 0 52.9696 53.1723
41 25 0 44.4745 57.3429
41 26 0 58.8057 83.0957
41 27 0 7.23357 8.36953
41 28 0 19.2493 23.3234
41 29 0 45.2785 55.6821
41 30 0 84.6197 121.078
41 31 0 23.2928 34.6456
41 32 0 35.1538 45.0493
41 33 0 30.6195 32.2
41 34 0 69.3488 82.3182
41 35 0 82.9122 99.3702
41 36 0 30.7389 44.8889
41 37 0 33.1605 43.4004
41 38 0 42.6896 60.9883
41 39 0 68.7651 73.435
41 40 0 28.9502 34.2813
41 42 1 84.0909 104.218
41 43 0 66.3857 72.9989
41 44 0 19.6953 26.7606
41 45 0 96.8456 96.8734
41 46 0 39.9027 58.7549
41 47 0 23.4142 26.3328
41 48 0 62.4739 62.6044
41 49 0 84.3404 97.7699
41 50 0 53.3654 71.5249
41 51 0 83.5477 122.453
41 52 0 41.9229 56.2766
41 53 0 21.6828 25.1831
41 54 0 22.5555 30.6052
41 55 0 79.2389 113.515
41 56 0 3.47172 4.55328
41 57 0 5.47033 7.75692
41 58 0 52.4547 52.8911
41 59 0 21.6091 22.4112
41 60 0 29.7092 35.1681
42 1 0 37.8565 49.9087
42 2 0 4.23509 6.00774
42 3 0 5.49833 6.93743
42 4 0 76.274 93.8561
42 5 0 55.0117 74.5689
42 6 0 98.002 108.058
42 7 0 58.7714 85.9101
42 8 0 3.76933 4.33971
42 9 0 37.7426 49.5374
42 10 0 12.6719 16.0221
42 11 0 56.2053 84.0049
42 12 0 71.8971 99.9828
42 13 0 47.3475 61.9654
42 14 0 82.3544 115.039
42 15 0 19.2378 28.3254
42 16 0 53.8302 63.05
42 17 0 12.68 14.3512
42 18 0 47.8975 61.354
42 19 0 3.37069 4.22684
42 20 0 35.3808 49.0312
42 21 0 98.7941 119.514
42 22 0 74.5729 88.8994
42 23 0 12.9115 14.3902
42 24 0 67.1428 76.0496
42 25 0 12.1689 16.6616
42 26 0 81.3363 115.294
42 27 0 51.1668 76.0439
42 28 0 10.4929 14.3796
42 29 0 41.7392 50.281
42 30 0 29.0432 40.9631
42 31 0 23.6516 23.7072
42 32 0 22.4934 32.6991
42 33 0 13.961 19.7834
42 34 0 86.0441 123.112
42 35 0 15.6639 23.3755
42 36 0 75.8588 79.127
42 37 0 40.0888 47.2938
42 38 0 45.6267 53.4052
42 39 0 54.1056 61.8378
42 40 0 44.664 61.0603
42 41 0 75.3961 82.4678
42 43 1 42.0731 53.0681
42 44 0 72.7264 87.6247
42 45 0 22.2816 31.03
42 46 0 42.9152 56.8098
42 47 0 86.8157 120.334
42 48 0 50.3755 74.3176
42 49 0 90.9381 99.8558
42 50 0 44.2323 58.2467
42 51 0 78.9802 111.596
42 52 0 45.984 47.8432
42 53 0 4.27928 6.06768
42 54 0 73.1726 94.5247
42 55 0 12.2106 17.6014
42 56 0 97.1543 101.309
42 57 0 70.1664 95.4648
42 58 0 23.6115 27.0159
42 59 0 24.285 31.684
42 60 0 16.9869 23.2849
43 1 0 60.326 88.1053
43 2 0 67.8373 77.476
43 3 0 42.7585 59.6234
43 4 0 58.4304 77.6624
43 5 0 46.2923 57.6364
43 6 0 23.2546 33.685
43 7 0 98.3066 144.556
43 8 0 60.6196 62.6791
43 9 0 53.9566 55.6836
43 10 0 82.3216 85.2736
43 11 0 9.96555 11.9052
43 12 0 62.4657 89.5194
43 13 0 29.3699 30.2771
43 14 0 12.6087 17.1864
43 15 0 76.1201 83.0783
43 16 0 20.0732 21.5538
43 17 0 61.0903 88.0618
43 18 0 25.4614 27.3476
43 19 0 70.8712 89.6921
43 20 0 33.5109 49.0858
43 21 0 78.3912 105.479
43 22 0 21.7899 32.0335
43 23 0 14.1642 15.3858
43 24 0 94.6879 130.577
43 25 0 90.9624 106.682
43 26 0 50.4316 50.6389
43 27 0 59.0974 85.1919
43 28 0 59.8114 81.193
43 29 0 57.4725 84.7644
43 30 0 31.352 35.2059
43 31 0 76.0027 80.1122
43 32 0 19.5344 19.7439
43 33 0 70.3466 104.84
43 34 0 89.6695 103.912
43 35 0 28.9836 31.6968
43 36 0 30.4453 44.7836
43 37 0 58.4483 80.6261
43 38 0 85.9076 110.163
43 39 0 39.7548 58.971
43 40 0 29.6945 30.3246
43 41 0 41.3862 55.3238
43 42 0 67.0352 68.2915
43 44 1 68.5175 101.892
43 45 0 57.5694 63.283
43 46 0 78.0676 116.476
43 47 0 71.03 76.8181
43 48 0 18.4972 18.9099
43 49 0 38.505 55.0863
43 50 0 63.8237 76.235
43 51 0 27.7477 39.3262
43 52 0 39.8637 49.7887
43 53 0 61.4736 65.212
43 54 1 32.4856 38.0038
43 55 0 48.9005 50.5808
43 56 0 68.8176 86.5222
43 57 0 31.7329 32.5583
43 58 0 43.5742 52.3613
43 59 1 97.8793 136.029
43 60 0 16.12 18.1874
44 1 0 35.1319 37.357
44 2 0 12.1284 15.0467
44 3 0 22.3255 32.3352
44 4 0 24.1873 35.2752
44 5 0 93.0625 109.948
44 6 0 92.727 124.989
44 7 0 80.1503 90.5077
44 8 0 77.93 115.172
44 9 0 56.9781 72.0566
44 10 0 98.7063 108.107
44 11 0 33.7498 36.3766
44 12 0 24.4134 36.0302
44 13 0 1.14715 1.2167
44 14 0 91.2005 135.766
44 15 0 86.4079 97.7862
44 16 0 81.7911 83.0372
44 17 0 39.0684 55.861
44 18 0 32.7572 41.7566
44 19 0 48.7153 52.026
44 20 0 50.7582 55.9154
44 21 0 62.0117 77.444
44 22 0 50.9873 71.4652
44 23 0 57.5084 76.658
44 24 0 77.3468 80.8486
44 25 0 33.0266 46.5414
44 26 0 6.81764 8.2106
44 27 0 51.1095 73.2016
44 28 0 73.1867 90.0879
44 29 0 51.0836 70.9993
44 30 0 55.1071 73.6438
44 31 0 20.351 22.3297
44 32 0 1.46478 1.76913
44 33 0 17.6992 19.6435
44 34 0 32.7525 42.3065
44 35 0 11.5246 17.1633
44 36 0 94.1211 101.784
44 37 0 55.0064 63.8797
44 38 0 13.8878 17.5776
44 39 0 14.5508 18.7981
44 40 0 60.2692 68.5338
44 41 0 44.468 61.038
44 42 0 51.0278 55.0563
44 43 0 3.81471 4.95019
44 45 1 13.5364 14.1313
44 46 0 43.9215 48.4262
44 47 0 91.7872 107.275
44 48 0 69.9804 86.4308
44 49 0 92.57 107.634
44 50 0 7.79896 10.1939
44 51 0 93.4048 98.5407
44 52 0 22.4935 25.6022
44 53 0 58.0126 81.5433
44 54 0 49.474 51.1566
44 55 0 84.1231 112.471
44 56 0 8.81856 11.9582
44 57 0 47.7731 71.0841
44 58 0 44.4206 54.1766
44 59 0 76.1295 112.145
44 60 0 9.65143 11.1592
45 1 0 30.3876 36.4062
45 2 0 84.2267 112.535
45 3 0 77.7216 78.8626
45 4 0 10.8848 13.4217
45 5 0 40.472 58.6029
45 6 0 64.0573 72.8229
45 7 0 86.7559 96.6501
45 8 0 60.517 79.3096
45 9 0 87.9688 126.2
45 10 0 82.8559 105.269
45 11 0 4.97046 6.72748
45 12 0 25.636 31.8816
45 13 0 6.31479 6.87702
45 14 0 67.0711 81.3878
45 15 0 17.6652 25.3467
45 16 0 50.0115 68.0958
45 17 0 66.7535 76.9121
45 18 0 6.92378 8.57752
45 19 0 66.3002 94.7377
45 20 0 8.15633 8.91755
45 21 0 83.4971 114.54
45 22 0 98.3841 105.883
45 23 0 68.1947 92.0314
45 24 0 34.9284 48.2298
45 25 0 71.3211 79.7948
45 26 0 77.1656 87.7146
45 27 0 38.5653 55.9185
45 28 0 37.3617 51.9066
45 29 0 41.0452 47.748
45 30 0 15.7573 21.9324
45 31 0 68.047 86.904
45 32 0 47.5422 69.521
45 33 0 64.7483 88.9519
45 34 0 37.4292 50.9279
45 35 0 27.2664 27.7802
45 36 0 7.20333 8.04651
45 37 0 41.081 46.2996
45 38 0 66.7956 69.5894
45 39 0 10.2356 10.2831
45 40 0 66.9565 92.7094
45 41 0 28.3141 41.3002
45 42 0 13.1555 15.0904
45 43 0 11.4283 16.6707
45 44 0 75.858 110.691
45 46 1 19.4678 23.6918
45 47 0 11.6763 13.4945
45 48 0 2.80112 2.96651
45 49 0 43.3659 54.2831
45 50 0 14.216 20.3507
45 51 0 94.9903 134.234
45 52 0 23.7728 30.2816
45 53 0 36.875 37.5226
45 54 0 67.8253 89.5145
45 55 0 44.9912 56.6554
45 56 0 24.901 26.3755
45 57 0 57.8537 68.9672
45 58 0 57.913 77.8114
45 59 0 90.5233 111.342
45 60 0 31.3023 41.8054
46 1 0 42.6269 52.8801
46 2 0 96.0889 120.046
46 3 0 94.5533 108.967
46 4 0 57.0196 60.876
46 5 0 25.9427 35.8882
46 6 0 94.973 112.329
46 7 0 28.0372 31.8865
46 8 0 11.384 12.7704
46 9 0 27.4817 29.1219
46 10 0 74.6601 77.8331
46 11 0 85.6074 113.621
46 12 1 72.7169 94.5513
46 13 0 58.5692 65.8572
46 14 0 20.6052 30.7073
46 15 0 39.6637 44.7174
46 16 0 58.3523 63.6764
46 17 0 20.7456 30.7646
46 18 0 70.9639 93.5963
46 19 0 46.9528 64.752
46 20 0 29.8621 43.3082
46 21 0 67.9119 99.813
46 22 0 44.6934 51.4011
46 23 0 61.5752 91.4058
46 24 0 52.1885 71.4711
46 25 0 65.2471 80.0432
46 26 0 92.54 104.394
46 27 0 21.993 29.4597
46 28 0 94.591 141.285
46 29 0 30.343 31.5137
46 30 0 1.07617 1.58918
46 31 0 84.2147 100.024
46 32 0 48.4374 61.7586
46 33 0 82.6145 93.8058
46 34 0 7.29665 7.80209
46 35 0 11.7698 15.0394
46 36 0 12.6057 13.2424
46 37 0 66.1626 96.87
46 38 0 87.1823 109.398
46 39 0 72.689 78.2078
46 40 0 84.829 88.6692
46 41 0 44.0513 60.105
46 42 0 73.4377 105.34
46 43 0 70.2204 87.3934
46 44 0 90.6219 99.7099
46 45 0 18.85 20.176
46 47 1 87.6925 98.8314
46 48 0 2.0216 2.73885
46 49 0 86.1372 104.606
46 50 0 94.176 109.101
46 51 0 84.4257 120.605
46 52 0 59.2462 81.3144
46 53 0 78.854 85.3065
46 54 0 57.1924 57.5264
46 55 0 10.1222 13.9792
46 56 0 64.5164 83.7788
46 57 0 40.2852 52.9758
46 58 0 89.6281 128.132
46 59 0 67.7535 95.007
46 60 0 13.6576 18.2046
47 1 0 27.8285 34.1787
47 2 0 63.4473 77.5889
47 3 0 74.6438 105.658
47 4 0 9.60063 12.5437
47 5 0 97.5114 137.162
47 6 0 29.1705 29.8434
47 7 0 42.065 52.256
47 8 0 39.0823 51.6219
47 9 0 37.7311 40.4196
47 10 0 48.5612 67.3205
47 11 0 34.8157 46.2005
47 12 0 47.9172 59.6636
47 13 0 59.3452 82.2003
47 14 0 77.6699 86.5384
47 15 0 78.4059 80.1757
47 16 0 23.1973 30.3529
47 17 0 70.797 85.6634
47 18 0 57.7201 62.5417
47 19 0 74.2648 92.8335
47 20 0 88.771 105.35
47 21 0 45.8672 56.3934
47 22 0 16.6781 21.7767
47 23 0 33.4153 34.1459
47 24 0 12.6697 14.1227
47 25 0 46.2157 65.3435
47 26 0 99.754 123.651
47 27 0 2.20679 3.25618
47 28 0 33.6859 33.8814
47 29 0 50.1032 65.8637
47 30 0 14.4726 15.4052
47 31 0 84.2902 90.2513
47 32 0 47.5043 52.6145
47 33 0 48.5437 50.8973
47 34 0 46.5237 67.8354
47 35 0 64.8169 95.8589
47 36 0 23.787 27.0766
47 37 0 64.4677 83.0452
47 38 0 10.5307 12.1478
47 39 0 74.5881 78.3849
47 40 0 84.0774 103.333
47 41 1 36.083 51.7713
47 42 0 15.2763 16.2577
47 43 0 87.0135 129.451
47 44 0 63.4206 75.6631
47 45 0 32.7614 33.7975
47 46 0 55.5498 70.3953
47 48 1 23.2957 28.4021
47 49 0 89.0958 128.665
47 50 0 88.9034 132.999
47 51 0 27.6658 30.8212
47 52 0 47.0235 67.0484
47 53 0 22.8766 28.876
47 54 0 86.7274 99.9592
47 55 0 55.7546 57.4846
47 56 0 70.9063 82.2104
47 57 0 9.02514 13.0936
47 58 0 4.21042 4.72317
47 59 0 40.906 45.3841
47 60 0 84.0572 119.255
48 1 0 1.12663 1.38265
48 2 0 19.9712 26.9358
48 3 0 77.0113 85.5677
48 4 0 67.6683 76.3741
48 5 0 90.6852 126.96
48 6 0 72.6942 93.4211
48 7 0 61.6173 85.5355
48 8 0 66.854 81.2233
48 9 0 17.1338 25.433
48 10 0 65.7494 65.8683
48 11 0 97.2114 128.203
48 12 0 78.0758 91.5109
48 13 0 46.7434 56.3898
48 14 0 30.4879 44.9866
48 15 0 89.5153 102.756
48 16 0 78.9411 104.937
48 17 0 1.57461 1.72998
48 18 0 98.9423 145.948
48 19 0 89.687 132.003
48 20 0 78.765 110.904
48 21 0 3.96189 5.08563
48 22 0 17.2761 21.6552
48 23 0 32.7464 36.1255
48 24 0 64.2751 95.7373
48 25 0 67.6245 87.6624
48 26 0 69.0837 78.6564
48 27 0 67.9708 93.9229
48 28 0 29.253 33.8323
48 29 0 35.1746 47.7677
48 30 0 35.3471 41.8861
48 31 0 83.9913 96.7948
48 32 0 67.93 90.0339
48 33 0 43.8715 59.0391
48 34 0 62.7438 63.6426
48 35 0 80.4861 84.0842
48 36 0 84.3766 108.776
48 37 0 77.173 77.561
48 38 0 69.6176 74.8567
48 39 0 54.9024 62.4781
48 40 0 46.2526 69.2946
48 41 0 31.6335 37.5633
48 42 0 47.5862 59.7418
48 43 0 89.4809 124.709
48 44 0 87.9565 99.5627
48 45 0 4.19144 5.2331
48 46 0 18.061 22.4595
48 47 0 51.1898 71.7473
48 49 1 62.8898 67.4072
48 50 0 64.2005 93.4654
48 51 0 95.8454 104.02
48 52 0 51.1491 70.7531
48 53 0 18.8091 26.0218
48 54 0 22.7255 25.8969
48 55 0 5.6689 8.02116
48 56 0 34.43 46.739
48 57 0 41.6864 54.2815
48 58 0 59.515 84.8449
48 59 0 51.2701 72.2046
48 60 0 68.2886 93.6906
49 1 0 29.793 30.7906
49 2 0 48.7942 64.4237
49 3 0 74.0646 103.944
49 4 0 23.5052 29.764
49 5 0 93.9826 97.4698
49 6 0 15.8546 18.1668
49 7 0 65.1644 81.5278
49 8 0 73.4168 105.73
49 9 0 81.3844 96.0731
49 10 0 23.8906 26.4556
49 11 0 27.4439 36.31
49 12 0 24.3468 25.8576
49 13 0 48.8797 48.913
49 14 0 62.931 81.9783
49 15 0 61.2985 83.0759
49 16 0 57.6556 79.4762
49 17 0 85.5705 125.648
49 18 0 99.3462 144.058
49 19 0 92.5381 118.728
49 20 0 67.5863 69.6022
49 21 0 47.4107 53.9251
49 22 0 75.8395 87.6839
49 23 0 11.4191 11.7876
49 24 0 21.1139 31.5095
49 25 0 26.1138 36.27
49 26 0 21.4918 21.8962
49 27 0 71.8936 91.7059
49 28 0 43.6114 53.9323
49 29 0 71.0036 86.7854
49 30 0 21.0163 22.8116
49 31 0 98.8235 122.55
49 32 0 97.3523 127.986
49 33 0 14.718 20.6618
49 34 0 78.6908 114.308
49 35 0 17.3975 25.2378
49 36 0 90.8705 90.972
49 37 0 99.4647 147.643
49 38 0 64.5869 76.8718
49 39 0 34.1239 48.6495
49 40 0 97.9338 146.058
49 41 0 25.2483 28.1602
49 42 0 16.5466 19.7707
49 43 0 83.561 114.06
49 44 0 76.5484 89.9531
49 45 0 91.3266 101.189
49 46 0 10.277 14.8419
49 47 1 26.9157 34.0602
49 48 0 86.5181 122.868
49 50 1 45.5128 56.3701
49 51 0 8.60344 10.127
49 52 0 84.5134 116.891
49 53 0 30.4672 40.1802
49 54 0 31.2824 40.2505
49 55 0 36.8739 43.9544
49 56 0 37.1495 43.4462
49 57 0 98.5388 140.084
49 58 0 38.8997 47.5964
49 59 0 68.5761 72.1799
49 60 0 3.98533 5.56931
50 1 0 65.9033 83.8858
50 2 0 20.6715 28.6382
50 3 0 5.48074 5.98055
50 4 0 25.8738 31.7371
50 5 0 6.52886 8.01039
50 6 0 96.8222 131.825
50 7 0 50.2107 50.4541
50 8 0 18.2988 22.3175
50 9 0 10.1519 10.2181
50 10 0 20.6941 24.0205
50 11 0 8.1908 10.8487
50 12 0 62.7248 74.1671
50 13 0 48.6307 71.2739
50 14 0 81.4953 103.829
50 15 0 22.4407 22.7074
50 16 0 13.3858 18.5831
50 17 0 11.7547 14.6619
50 18 0 15.2623 22.6296
50 19 0 34.6588 46.3252
50 20 0 40.9887 56.5042
50 21 0 21.8186 32.313
50 22 0 14.1166 20.8358
50 23 0 84.0112 115.975
50 24 0 21.0219 28.5671
50 25 0 11.8025 16.314
50 26 0 9.78069 9.83111
50 27 0 45.2301 65.7312
50 28 0 58.6182 68.2623
50 29 0 73.7901 81.5056
50 30 0 26.401 37.2119
50 31 0 30.3125 38.8492
50 32 0 47.9439 68.8629
50 33 0 24.848 34.6407
50 34 0 15.0375 21.1296
50 35 0 63.7954 95.3658
50 36 0 43.65 52.8498
50 37 0 36.2713 37.455
50 38 0 76.0955 103.749
50 39 0 60.0217 66.1809
50 40 0 21.1979 24.3044
50 41 0 14.9905 16.1512
50 42 0 29.1409 33.7737
50 43 0 76.856 114.644
50 44 0 64.3912 87.5868
50 45 0 71.622 71.9204
50 46 0 5.04584 6.40176
50 47 0 62.8268 72.5589
50 48 0 42.1764 43.4471
50 49 0 50.7586 54.6527
50 51 1 82.4738 90.3701
50 52 0 9.10424 9.39108
50 53 0 57.1276 74.7754
50 54 0 46.3186 66.1043
50 55 0 37.4931 55.586
50 56 0 99.98 103.377
50 57 0 96.4105 129.613
50 58 0 15.4228 17.5412
50 59 0 56.7729 64.7214
50 60 0 2.24944 2.70056
51 1 0 87.4572 110.365
51 2 0 90.1498 118.475
51 3 0 62.0491 82.5673
51 4 0 22.8764 29.5403
51 5 0 80.9858 98.5061
51 6 0 61.0212 84.3877
51 7 0 45.5453 67.2049
51 8 0 6.34188 7.50408
51 9 0 68.8583 80.7136
51 10 0 58.9842 80.4959
51 11 0 49.9031 65.4319
51 12 0 18.6161 20.4027
51 13 0 19.5999 29.0941
51 14 0 83.6947 110.773
51 15 0 85.6708 128.01
51 16 0 8.32038 10.6114
51 17 0 4.21111 4.71258
51 18 0 47.3842 61.2994
51 19 0 36.2161 51.5658
51 20 0 87.9185 128.426
51 21 0 40.6346 56.7354
51 22 0 40.6135 51.5452
51 23 0 70.9241 77.9342
51 24 0 76.1018 111.845
51 25 0 35.9637 39.7402
51 26 0 75.1366 98.1197
51 27 0 66.3453 72.9217
51 28 0 61.2964 68.8782
51 29 0 98.7794 118.908
51 30 0 46.7475 65.7887
51 31 0 85.1671 90.3901
51 32 1 56.8235 76.9178
51 33 0 43.2163 56.0413
51 34 0 45.7554 60.0817
51 35 1 4.28987 5.44796
51 36 0 20.1897 22.8431
51 37 0 25.5619 27.5718
51 38 0 80.3877 102.085
51 39 0 77.8425 101.546
51 40 0 5.74721 7.93571
51 41 0 82.6513 109.736
51 42 0 19.4596 28.9779
51 43 0 20.0269 24.4257
51 44 0 10.2809 11.207
51 45 0 10.2211 12.2827
51 46 0 44.4702 45.7677
51 47 0 58.8851 82.4439
51 48 0 71.0104 96.4711
51 49 0 98.5046 143.402
51 50 0 1.99942 2.77362
51 52 1 90.5899 93.8633
51 53 0 21.226 21.347
51 54 0 63.2164 73.6451
51 55 0 86.1748 88.876
51 56 0 99.8555 125.711
51 57 0 93.237 128.139
51 58 0 85.4537 126.755
51 59 0 8.62722 8.64268
51 60 0 33.041 43.4991
52 1 0 93.0207 106.391
52 2 0 42.667 61.2547
52 3 0 71.5332 99.1871
52 4 0 78.5026 86.4678
52 5 0 47.0251 47.3696
52 6 0 27.9155 36.4501
52 7 0 92.619 121.012
52 8 0 97.4654 103.349
52 9 0 97.7118 117.673
52 10 0 83.862 111.571
52 11 0 93.2237 106.824
52 12 0 24.0485 24.8055
52 13 0 79.9475 113.637
52 14 0 67.6223 87.8209
52 15 0 93.3852 95.3701
52 16 0 99.7552 132.324
52 17 0 68.5033 94.0042
52 18 0 34.8134 50.1796
52 19 0 65.8539 83.2345
52 20 0 31.1738 42.8219
52 21 0 81.8787 96.3174
52 22 0 34.3369 36.5188
52 23 0 64.4075 74.4509
52 24 0 85.8159 104.194
52 25 0 4.09395 4.78365
52 26 0 71.2735 88.9081
52 27 0 45.0626 64.6566
52 28 0 62.9861 68.1649
52 29 0 12.7327 15.7731
52 30 0 49.9405 68.3989
52 31 0 27.765 31.4063
52 32 0 47.1247 63.9191
52 33 0 46.3363 51.1084
52 34 0 75.2312 102.386
52 35 0 50.1322 50.8095
52 36 0 91.0163 95.3083
52 37 0 9.06114 11.1649
52 38 0 7.03662 8.07838
52 39 1 44.2417 45.508
52 40 0 25.7441 26.1766
52 41 0 73.4716 106.788
52 42 0 77.1215 110.938
52 43 0 81.0515 104.627
52 44 0 87.9357 90.2587
52 45 0 78.2131 97.611
52 46 1 58.1826 87.0316
52 47 0 6.90656 9.08128
52 48 0 70.5817 93.4951
52 49 0 28.802 36.7014
52 50 0 16.5281 21.793
52 51 0 83.8416 93.0692
52 53 1 98.0958 105.475
52 54 0 90.5951 99.4839
52 55 0 75.5871 84.976
52 56 0 96.2729 123.948
52 57 0 84.5392 85.756
52 58 0 71.0382 96.4341
52 59 0 43.824 59.9086
52 60 0 65.9649 76.0983
53 1 0 60.9875 83.9969
53 2 0 24.2341 33.9617
53 3 0 85.5767 111.581
53 4 0 93.686 120.119
53 5 1 50.1068 53.8514
53 6 0 32.0908 44.1733
53 7 0 10.6868 12.6084
53 8 0 10.1483 11.8122
53 9 0 16.7987 21.8396
53 10 0 62.0425 64.9095
53 11 0 94.3421 122.223
53 12 0 80.6624 94.1856
53 13 0 92.8517 115.44
53 14 0 12.9248 17.7686
53 15 0 64.2022 88.8299
53 16 0 10.9635 13.3469
53 17 0 35.6762 38.0468
53 18 0 38.3805 47.335
53 19 0 10.7811 13.0534
53 20 0 14.0289 14.5789
53 21 0 54.5468 58.9696
53 22 0 20.9144 23.6545
53 23 0 27.0236 38.3549
53 24 0 71.7117 73.5562
53 25 0 80.6063 114.087
53 26 0 99.334 129.964
53 27 0 39.6385 44.194
53 28 0 99.2888 146.003
53 29 0 61.3934 85.3079
53 30 0 72.1813 78.4904
53 31 0 59.1418 65.9085
53 32 0 57.8172 84.5622
53 33 0 34.1326 46.8229
53 34 0 65.8605 80.9398
53 35 0 52.5135 58.8363
53 36 0 27.7543 34.3152
53 37 0 17.3513 20.3243
53 38 0 10.3928 14.3844
53 39 0 46.7072 62.1149
53 40 0 49.786 71.0509
53 41 0 37.6585 38.0319
53 42 0 38.472 39.0173
53 43 0 24.7007 36.6601
53 44 0 7.48786 7.96182
53 45 0 33.1019 48.1503
53 46 0 4.83398 5.16093
53 47 0 95.5155 123.262
53 48 0 51.7284 64.2485
53 49 0 67.09 70.8645
53 50 0 44.7473 64.2421
53 51 0 54.6022 61.6309
53 52 0 59.7978 88.1572
53 54 1 64.2994 94.2465
53 55 0 67.3061 83.7936
53 56 0 1.35276 1.74323
53 57 0 33.6564 40.7049
53 58 0 93.5006 103.782
53 59 0 5.8877 6.5654
53 60 0 3.24575 4.41573
54 1 0 14.9297 18.8502
54 2 0 7.63728 9.36115
54 3 0 56.012 56.9855
54 4 0 92.0015 129.968
54 5 0 58.2802 73.4498
54 6 0 66.4131 68.807
54 7 0 25.6158 26.8337
54 8 0 82.448 109.411
54 9 0 47.9307 62.3432
54 10 0 0.00741957 0.00848413
54 11 0 25.0605 27.6135
54 12 0 13.3904 13.4716
54 13 0 71.0254 103.411
54 14 0 23.2333 29.1833
54 15 0 61.8407 80.6272
54 16 0 68.8227 72.8801
54 17 0 68.5292 71.5829
54 18 0 66.9848 85.1909
54 19 0 83.3576 106.365
54 20 0 52.3939 60.021
54 21 0 23.0797 31.0826
54 22 0 71.0827 86.955
54 23 0 87.2186 115.613
54 24 0 48.3973 69.5279
54 25 0 84.1524 109.346
54 26 0 95.0787 103.828
54 27 0 80.688 101.508
54 28 0 82.505 96.4224
54 29 1 6.05898 6.47779
54 30 0 24.1073 26.4047
54 31 0 69.3798 92.2445
54 32 0 66.7304 73.5163
54 33 0 90.8369 129.257
54 34 0 16.8451 16.9952
54 35 0 4.10398 5.67008
54 36 0 96.9844 119.882
54 37 0 99.6313 126.809
54 38 0 25.8271 29.0975
54 39 0 5.92052 7.27859
54 40 0 12.6213 17.5571
54 41 0 6.24552 6.43598
54 42 0 76.3667 80.5518
54 43 0 19.2587 21.91
54 44 1 21.147 26.2011
54 45 0 86.3735 121.829
54 46 0 37.2297 39.4488
54 47 0 84.4053 121.527
54 48 0 63.4276 77.9061
54 49 0 51.2659 70.6113
54 50 0 87.1761 127.882
54 51 1 86.8914 99.3027
54 52 0 73.515 91.1039
54 53 0 28.8353 38.3413
54 55 1 19.8611 25.3085
54 56 0 79.4647 95.2741
54 57 0 88.6174 115.818
54 58 0 4.99311 6.2825
54 59 0 99.5814 130.556
54 60 0 76.0705 82.1421
55 1 0 65.0911 73.2466
55 2 0 83.5073 98.8818
55 3 0 92.5624 131.874
55 4 0 55.1616 70.9699
55 5 0 0.441295 0.536725
55 6 0 50.2175 50.6922
55 7 0 6.90031 7.43875
55 8 0 24.3351 32.6171
55 9 0 17.4908 19.8921
55 10 0 0.64929 0.739001
55 11 0 28.8491 33.3343
55 12 0 55.1567 77.7542
55 13 0 33.696 40.1007
55 14 0 91.5963 92.8802
55 15 0 26.4315 33.3283
55 16 0 16.6762 24.2941
55 17 0 62.1691 88.3503
55 18 0 87.0999 106.322
55 19 0 66.4241 98.5257
55 20 0 91.3045 113.175
55 21 0 95.2073 121.178
55 22 0 33.2474 35.188
55 23 0 66.353 69.0022
55 24 0 39.8256 50.0045
55 25 1 44.1936 64.5325
55 26 0 35.7882 51.9943
55 27 0 28.1125 29.0993
55 28 0 49.1559 68.7413
55 29 0 18.8301 22.4885
55 30 0 77.1227 86.5062
55 31 0 77.1253 102.978
55 32 1 83.1288 98.4501
55 33 0 96.6756 114.77
55 34 0 79.1643 84.3174
55 35 0 1.10728 1.63026
55 36 0 76.509 80.8917
55 37 0 45.1327 65.2766
55 38 0 81.8828 120.437
55 39 0 46.124 60.8014
55 40 0 39.8438 46.0182
55 41 0 66.6378 92.5056
55 42 0 69.6 71.5419
55 43 0 67.8938 91.0365
55 44 0 85.43 85.5879
55 45 0 25.6226 36.0175
55 46 0 51.4106 57.9862
55 47 0 67.0946 99.0207
55 48 0 93.8419 95.0612
55 49 0 6.28765 7.54094
55 50 0 59.6763 71.0983
55 51 0 47.7495 62.022
55 52 0 58.69 69.9831
55 53 0 15.5332 18.376
55 54 0 95.6565 99.0216
55 56 1 61.7624 91.9441
55 57 0 84.4515 107.084
55 58 0 0.281472 0.419787
55 59 0 73.6987 108.269
55 60 0 90.5013 117.358
56 1 0 9.99632 11.5236
56 2 0 75.5313 103.772
56 3 0 53.962 63.0532
56 4 1 48.2636 62.7893
56 5 0 77.0162 109.684
56 6 1 10.9954 12.3075
56 7 0 36.5271 49.7203
56 8 0 4.76298 6.06237
56 9 0 8.14609 10.2348
56 10 0 86.8736 129.878
56 11 0 73.767 103.819
56 12 0 79.3417 100.089
56 13 0 76.5856 89.9065
56 14 0 93.4339 137.251
56 15 0 48.5678 51.2501
56 16 0 58.1004 73.807
56 17 0 11.867 12.9855
56 18 0 43.2362 59.7486
56 19 0 0.145479 0.212226
56 20 0 2.35493 3.32684
56 21 0 43.588 64.872
56 22 0 86.3654 114.379
56 23 0 97.7202 134.573
56 24 0 11.3451 11.6611
56 25 0 55.5118 68.5793
56 26 0 98.8849 125.243
56 27 0 98.3917 121.194
56 28 0 24.5287 36.3363
56 29 0 79.536 115.345
56 30 0 13.3158 13.6272
56 31 0 48.6382 54.0795
56 32 0 32.754 37.7096
56 33 0 14.5993 16.9245
56 34 0 81.7207 92.1035
56 35 0 54.9866 82.0834
56 36 0 13.115 19.2067
56 37 0 39.3154 46.2821
56 38 0 49.7344 54.9113
56 39 0 79.3473 81.0329
56 40 0 85.8619 88.8102
56 41 0 78.491 113.681
56 42 0 92.6991 100.319
56 43 0 11.3603 12.3508
56 44 0 68.8828 97.2005
56 45 0 22.7937 27.735
56 46 0 77.9131 103.409
56 47 0 99.245 109.929
56 48 0 53.881 55.6819
56 49 0 84.2085 117.453
56 50 0 74.4085 80.1395
56 51 0 84.0253 104.957
56 52 0 51.1408 63.1623
56 53 0 39.501 48.9601
56 54 0 64.1966 77.4563
56 55 0 44.1719 58.4
56 57 1 82.8865 116.202
56 58 0 11.1857 12.6436
56 59 0 37.6832 45.4103
56 60 0 13.5916 19.5255
57 1 0 92.8818 112.018
57 2 0 79.5167 105.515
57 3 0 8.00735 9.16376
57 4 0 30.8858 38.6225
57 5 0 87.276 119.267
57 6 0 93.0807 126.067
57 7 0 8.48096 9.88725
57 8 0 84.1063 118.634
57 9 0 18.134 23.07
57 10 0 62.5899 79.6781
57 11 0 34.132 50.4906
57 12 0 89.7566 125.111
57 13 0 95.2125 100.95
57 14 0 40.0002 55.686
57 15 0 25.7294 35.4889
57 16 0 30.6919 38.9088
57 17 0 74.4107 85.0976
57 18 0 24.1097 31.4031
57 19 0 37.2546 50.7476
57 20 0 71.1463 97.0322
57 21 0 40.8899 52.6652
57 22 0 61.8717 75.1839
57 23 0 34.1535 44.5143
57 24 0 56.9092 80.6582
57 25 0 97.1771 119.273
57 26 0 17.0296 19.0094
57 27 0 54.149 59.9512
57 28 0 15.9666 17.2202
57 29 0 26.9351 36.5801
57 30 0 26.8409 28.773
57 31 0 85.6069 87.2279
57 32 0 20.1339 25.4497
57 33 0 3.0989 3.82497
57 34 0 83.2726 114.007
57 35 0 93.3096 93.7699
57 36 0 90.7907 92.475
57 37 0 65.8421 68.434
57 38 0 92.8301 100.862
57 39 0 8.45227 11.923
57 40 0 19.307 21.7663
57 41 0 23.6298 30.4681
57 42 0 12.3256 17.3613
57 43 1 78.802 116.525
57 44 0 39.4172 52.2034
57 45 0 61.6902 64.7525
57 46 0 34.3254 38.6498
57 47 0 6.45327 6.50418
57 48 0 90.8238 112.873
57 49 0 69.6669 102.241
57 50 0 6.90713 8.48832
57 51 0 25.2955 31.7059
57 52 0 94.5115 106.224
57 53 0 11.9749 14.7509
57 54 0 23.2802 31.4085
57 55 0 57.7273 57.8987
57 56 0 60.0549 63.5757
57 58 1 27.0137 31.1105
57 59 0 81.0499 98.0617
57 60 0 70.8857 78.8092
58 1 0 21.7979 22.871
58 2 0 75.0019 87.2971
58 3 0 38.604 51.7221
58 4 0 75.7904 104.144
58 5 0 35.282 44.8991
58 6 0 56.0842 82.7854
58 7 0 97.6177 106.146
58 8 0 43.2038 49.7253
58 9 0 88.2034 102.529
58 10 0 72.2266 82.9852
58 11 0 97.2578 120.092
58 12 0 92.2846 123.108
58 13 0 41.6149 41.8792
58 14 0 26.5767 35.8109
58 15 0 66.3128 86.4621
58 16 0 57.2838 66.9656
58 17 0 84.1827 86.9697
58 18 0 49.5963 55.4278
58 19 0 51.609 61.3944
58 20 0 97.3412 99.762
58 21 0 40.8588 47.8617
58 22 0 93.1223 111.376
58 23 0 14.4876 14.8277
58 24 0 33.3438 34.5998
58 25 0 16.1555 16.8865
58 26 0 61.4438 89.2679
58 27 0 59.056 67.0214
58 28 0 43.8576 53.0301
58 29 0 57.3353 65.4909
58 30 0 91.1098 129.853
58 31 0 5.9681 6.96443
58 32 0 56.639 61.3106
58 33 0 34.4503 49.5473
58 34 0 94.9319 102.396
58 35 0 5.45767 6.10988
58 36 0 7.05028 10.557
58 37 0 56.9156 75.5485
58 38 0 93.9784 119.55
58 39 0 71.0614 96.2845
58 40 0 12.5136 13.6245
58 41 0 5.93141 6.04794
58 42 0 29.3823 36.3646
58 43 0 15.5767 23.3337
58 44 0 85.3344 105.62
58 45 0 54.919 67.4073
58 46 0 19.896 27.8822
58 47 0 15.6622 21.952
58 48 0 13.9361 17.7332
58 49 0 40.1971 45.4444
58 50 0 83.903 118.276
58 51 0 13.8834 16.2976
58 52 0 15.4782 23.1096
58 53 0 44.3406 58.4806
58 54 0 82.6819 106.668
58 55 0 69.6641 75.103
58 56 0 62.7884 88.6275
58 57 1 81.4337 119.793
58 59 1 11.4951 12.9248
58 60 0 53.6007 63.6713
59 1 0 91.6538 113.258
59 2 0 5.66473 6.57204
59 3 0 15.2199 16.7554
59 4 0 32.6168 39.2191
59 5 0 89.2613 115.215
59 6 0 74.1106 97.729
59 7 0 76.179 89.0439
59 8 0 58.0291 86.8178
59 9 0 57.5776 83.3831
59 10 0 37.2186 37.3471
59 11 0 95.405 128.573
59 12 0 6.85207 10.0027
59 13 0 28.9973 32.2104
59 14 0 0.775879 0.823234
59 15 0 45.954 55.9343
59 16 0 91.0372 129.623
59 17 0 87.909 89.4055
59 18 0 2.32468 3.40392
59 19 0 93.8088 137.542
59 20 0 45.1933 60.2076
59 21 0 44.8902 53.7573
59 22 0 45.2791 48.4484
59 23 0 5.60203 6.91441
59 24 0 87.257 125.61
59 25 0 92.0742 93.2913
59 26 0 69.9404 80.9772
59 27 0 6.43253 7.99276
59 28 0 63.3431 79.4851
59 29 0 34.9426 42.0801
59 30 0 70.2115 76.847
59 31 0 24.6311 27.0471
59 32 0 19.3303 21.0202
59 33 0 24.9542 34.781
59 34 0 83.2059 107.657
59 35 0 97.3484 134.954
59 36 0 2.58591 2.76554
59 37 0 99.0032 101.275
59 38 0 41.6604 62.1865
59 39 0 61.3319 66.4481
59 40 0 23.7396 24.1468
59 41 0 64.4136 72.8193
59 42 0 95.0583 99.5319
59 43 0 47.3044 57.2724
59 44 0 37.8188 49.9295
59 45 0 42.07 61.018
59 46 0 82.6908 93.2378
59 47 0 99.6574 106.553
59 48 0 45.8549 50.1578
59 49 0 53.3619 70.5735
59 50 0 20.098 29.0214
59 51 0 41.671 51.2389
59 52 0 12.9134 16.0091
59 53 0 28.5697 34.9748
59 54 0 6.68732 8.70016
59 55 0 74.9685 82.9426
59 56 0 70.972 103.622
59 57 0 81.8518 96.6752
59 58 0 34.846 48.0715
59 60 1 79.0146 103.84
60 1 1 19.6414 23.8683
60 2 0 97.1415 97.3088
60 3 0 56.6894 67.5185
60 4 0 33.0261 37.3345
60 5 0 71.3216 105.021
60 6 0 16.3491 18.1465
60 7 0 4.83224 6.7457
60 8 0 53.7936 69.9253
60 9 0 97.8995 116.903
60 10 0 34.2043 47.0097
60 11 1 96.6837 120.95
60 12 0 13.3928 19.7062
60 13 0 72.5056 84.9657
60 14 0 76.7012 80.4604
60 15 0 26.6459 37.131
60 16 0 6.17036 7.1182
60 17 0 44.1928 51.1109
60 18 0 48.6225 64.9088
60 19 0 93.3563 118
60 20 0 81.9852 103.713
60 21 0 79.582 117.665
60 22 0 97.5958 124.675
60 23 0 35.691 36.6191
60 24 0 35.0716 50.7556
60 25 0 60.3306 60.6099
60 26 0 84.8042 90.3211
60 27 0 8.50134 10.1063
60 28 0 68.4284 87.7641
60 29 0 5.21472 5.84405
60 30 0 24.0997 31.1626
60 31 0 4.4203 6.60119
60 32 0 31.7811 39.6532
60 33 0 59.0781 76.8977
60 34 0 72.4042 89.8893
60 35 0 44.8709 67.2141
60 36 0 44.0668 57.0034
60 37 0 64.7337 77.8341
60 38 0 92.016 116.899
60 39 0 46.4652 63.5481
60 40 0 79.0833 89.2599
60 41 0 18.6847 22.1379
60 42 0 79.4636 108.143
60 43 0 72.0873 102.224
60 44 0 11.63 15.7148
60 45 0 80.1523 96.3166
60 46 0 47.3102 53.0187
60 47 0 31.4896 38.7193
60 48 0 43.6524 63.6234
60 49 0 56.6771 78.5945
60 50 0 65.164 87.7883
60 51 0 53.6508 68.3072
60 52 0 47.6906 69.5309
60 53 0 73.7868 108.986
60 54 0 43.356 51.2571
60 55 0 90.9246 111.314
60 56 0 8.46772 9.98497
60 57 0 73.5697 75.3812
60 58 0 76.4861 82.9438
60 59 0 44.6866 46.1847
13.6941 15.3513 39.4904 32.8495 16.8205 3.94884 6.9619 31.1581 2.68674 22.0267 13.2444 21.741 36.2733 24.9486 13.2857 4.82613 22.4238 32.754 14.538 8.64859 14.3298 15.4777 1.7752 39.0149 35.755 35.5695 35.1295 21.9124 4.13299 29.5189 30.2504 11.9943 23.1246 22.6564 26.4673 12.4588 26.8095 14.0254 19.212 37.3583 15.9855 16.7747 19.4956 16.9425 33.9747 34.3277 14.8738 17.8317 1.53029 12.5024 17.8991 14.2424 28.2819 25.7901 11.7086 4.43837 20.5514 31.6563 4.5727 39.7699 