60
100
3
100
1 2 1 50.3151 74.1358
1 3 0 90.7547 133.144
1 4 0 8.52821 9.72491
1 5 0 55.0372 75.227
1 6 0 13.6303 13.8415
1 7 0 35.1287 50.6512
1 8 0 8.17816 8.90919
1 9 0 98.6849 107.545
1 10 0 97.7372 131.875
1 11 0 52.4462 72.8122
1 12 0 21.7264 31.2982
1 13 0 71.519 74.812
1 14 0 79.3392 117.321
1 15 0 9.65954 11.5107
1 16 0 50.7956 73.294
1 17 0 87.77 96.6774
1 18 0 29.8164 36.2271
1 19 0 62.0813 79.8426
1 20 0 15.4042 22.9908
1 21 0 18.031 19.6354
1 22 0 13.7934 18.367
1 23 0 85.7536 88.09
1 24 0 54.567 74.2953
1 25 0 96.8 121.776
1 26 0 84.7296 87.8693
1 27 0 91.1422 107.087
1 28 0 55.1258 63.0967
1 29 0 26.8533 34.3178
1 30 0 70.4694 104.434
1 31 0 75.7515 92.9263
1 32 0 92.0032 124.313
1 33 0 80.048 103.727
1 34 0 55.5248 69.9124
1 35 0 66.3793 93.0195
1 36 0 55.0806 73.8189
1 37 0 98.051 138.973
1 38 0 63.7049 83.0547
1 39 0 42.1956 58.3914
1 40 0 19.0288 21.4767
1 41 0 49.9658 51.8514
1 42 0 49.0391 59.1276
1 43 0 50.3901 67.3755
1 44 0 11.6128 17.4104
1 45 0 5.11166 5.27015
1 46 0 68.5208 99.2924
1 47 0 42.8465 53.8636
1 48 0 59.4898 62.5421
1 49 0 69.5 75.6241
1 50 0 6.74913 7.46087
1 51 0 77.8873 83.7952
1 52 0 32.5786 47.8921
1 53 0 45.2897 58.5224
1 54 0 90.4729 107.704
1 55 0 76.4674 81.9487
1 56 0 18.8406 25.5535
1 57 0 44.3238 57.1307
1 58 0 29.9755 36.9298
1 59 0 87.194 100.305
1 60 0 21.5196 22.5475
2 1 0 7.97402 11.9594
2 3 1 37.1099 42.0657
2 4 0 47.0386 68.3273
2 5 0 6.85899 6.89653
2 6 1 1.61813 1.68341
2 7 0 47.957 48.1694
2 8 0 74.4538 95.7889
2 9 0 80.9955 98.0332
2 10 0 21.9788 31.8349
2 11 0 80.6262 94.928
2 12 0 92.4717 100.155
2 13 0 47.7433 52.7572
2 14 0 53.0776 55.8231
2 15 0 79.028 92.5024
2 16 0 73.8936 89.7028
2 17 0 75.605 98.5023
2 18 0 90.9507 100.711
2 19 0 30.2845 41.7921
2 20 0 28.7332 30.8462
2 21 0 82.6921 86.8767
2 22 0 25.1014 34.7125
2 23 0 95.9069 115.351
2 24 0 22.6288 28.1041
2 25 0 71.5758 91.7954
2 26 0 12.4072 14.5523
2 27 0 24.0252 31.1015
2 28 0 76.895 99.7507
2 29 0 15.6617 18.465
2 30 0 61.2015 66.4847
2 31 0 39.5973 50.6467
2 32 0 57.7841 76.3852
2 33 0 84.6562 119.572
2 34 0 18.4297 23.3073
2 35 0 10.3088 15.4316
2 36 0 20.2299 22.6559
2 37 0 47.2661 69.4852
2 38 0 91.0968 118.963
2 39 0 27.0056 31.0935
2 40 0 18.5424 20.2587
2 41 0 97.3452 142.875
2 42 0 31.3509 42.7939
2 43 0 54.7766 69.2909
2 44 0 21.3323 27.1464
2 45 0 40.5352 58.8327
2 46 0 45.2078 48.9165
2 47 0 19.2794 27.6079
2 48 0 29.8099 37.6367
2 49 0 5.40087 7.25223
2 50 0 92.1467 124.761
2 51 0 14.5501 21.4124
2 52 0 14.065 18.6402
2 53 0 35.6591 41.2124
2 54 0 7.09076 8.12985
2 55 0 45.7017 67.8594
2 56 0 86.3449 108.339
2 57 0 55.9289 81.1956
2 58 0 63.9275 85.7087
2 59 0 14.9913 19.4393
2 60 0 22.4043 30.6966
3 1 0 3.12138 4.21078
3 2 0 9.20766 11.7379
3 4 1 27.0206 32.5426
3 5 0 43.7881 49.3992
3 6 0 58.6995 59.3445
3 7 0 8.17849 8.86056
3 8 0 44.0614 62.7257
3 9 0 64.2815 89.3904
3 10 0 57.1544 85.0035
3 11 0 78.8742 105.658
3 12 0 75.7911 81.3266
3 13 0 61.0407 62.1309
3 14 0 60.3168 67.1355
3 15 0 15.984 17.6857
3 16 0 46.4614 59.7035
3 17 0 64.3892 65.749
3 18 0 89.6957 111.88
3 19 0 97.447 106.766
3 20 0 77.3429 78.0002
3 21 0 88.7794 105.995
3 22 0 16.6119 22.916
3 23 0 8.62929 10.3799
3 24 0 39.2791 57.8618
3 25 0 15.1476 22.7187
3 26 0 93.2694 99.5308
3 27 0 39.511 47.2565
3 28 0 89.4022 117.726
3 29 0 24.9894 37.435
3 30 0 78.7004 79.7034
3 31 0 92.4489 131.157
3 32 0 9.5172 13.1933
3 33 0 80.4272 103.26
3 34 0 79.805 107.156
3 35 0 36.3963 46.9343
3 36 0 49.8835 59.6328
3 37 0 75.6658 78.2207
3 38 0 92.5701 103.961
3 39 0 82.9453 118.994
3 40 0 72.4174 101.035
3 41 0 20.54 27.6075
3 42 0 97.9967 135.094
3 43 1 95.6085 111.97
3 44 0 42.945 54.9675
3 45 0 59.0373 83.6196
3 46 0 16.0881 21.9345
3 47 0 96.9386 139.394
3 48 0 53.2893 64.7689
3 49 0 69.5756 83.9575
3 50 0 74.6725 95.8899
3 51 0 28.4072 40.5001
3 52 0 29.7002 42.8972
3 53 0 54.7203 68.394
3 54 0 38.0871 56.402
3 55 0 55.5462 70.7655
3 56 0 20.355 25.2725
3 57 0 40.5042 56.7464
3 58 0 7.27597 7.28829
3 59 0 46.3015 59.9378
3 60 0 32.5306 35.5835
4 1 0 2.25287 3.32675
4 2 0 17.8583 20.2399
4 3 0 55.1448 63.8731
4 5 1 63.2992 75.6123
4 6 0 41.1327 45.0536
4 7 0 37.6345 41.1255
4 8 0 12.2101 13.8217
4 9 0 62.0715 63.89
4 10 0 42.8101 49.8873
4 11 0 16.4345 23.0775
4 12 0 75.9702 84.7792
4 13 0 14.2938 15.0851
4 14 0 82.9898 97.265
4 15 0 79.9089 89.451
4 16 1 12.7021 15.2963
4 17 0 22.6918 23.3575
4 18 0 76.3658 96.3221
4 19 1 38.2235 45.9621
4 20 0 13.9512 15.1631
4 21 0 91.8049 117.758
4 22 1 36.5669 37.9617
4 23 0 83.4916 111.84
4 24 0 80.9165 104.281
4 25 0 63.8955 90.2027
4 26 0 43.5543 58.6159
4 27 0 96.0089 140.07
4 28 0 32.804 46.6752
4 29 0 12.699 16.6433
4 30 0 24.6057 29.2161
4 31 0 65.5924 73.325
4 32 0 30.015 40.6972
4 33 0 83.3831 105.696
4 34 0 9.9733 13.7157
4 35 0 78.502 95.3644
4 36 0 21.2965 21.585
4 37 0 1.4049 1.85207
4 38 0 31.3665 31.6236
4 39 0 44.8975 47.2111
4 40 0 70.7391 73.5827
4 41 0 29.0772 38.4948
4 42 0 25.0505 27.014
4 43 0 61.7638 89.0403
4 44 0 82.8819 104.518
4 45 0 24.5228 36.66
4 46 0 65.3611 81.8124
4 47 0 24.759 37.0404
4 48 0 51.4263 70.9119
4 49 0 64.1564 83.8562
4 50 0 22.088 29.6701
4 51 0 33.6664 49.8965
4 52 0 93.105 95.9304
4 53 0 47.2159 57.4347
4 54 0 43.9468 55.0846
4 55 0 15.4967 19.2918
4 56 0 92.8105 110.609
4 57 0 72.5532 98.4583
4 58 0 1.03259 1.07951
4 59 0 22.4248 29.3139
4 60 0 34.0526 44.1007
5 1 0 21.4954 30.2183
5 2 0 90.416 113.644
5 3 0 65.5903 94.5525
5 4 0 7.05266 7.14959
5 6 1 16.1953 21.7071
5 7 0 21.8146 26.0055
5 8 0 59.7886 62.6403
5 9 0 2.79118 2.94443
5 10 0 54.6508 59.1485
5 11 0 31.727 41.1062
5 12 0 84.8135 98.8761
5 13 0 34.9583 38.2338
5 14 0 57.786 59.7135
5 15 0 22.3511 28.2501
5 16 0 16.7243 17.5308
5 17 0 68.7844 82.0016
5 18 0 52.3017 78.3781
5 19 0 31.3683 45.3212
5 20 0 42.0336 43.0337
5 21 0 61.6545 79.6005
5 22 0 11.1622 12.5185
5 23 0 55.3478 76.3582
5 24 0 27.8004 38.684
5 25 0 10.3887 12.4789
5 26 0 35.6304 41.1511
5 27 0 13.4601 14.6549
5 28 0 81.7022 111.012
5 29 0 11.3912 13.0299
5 30 0 17.1774 21.3508
5 31 0 31.9692 42.3863
5 32 0 64.2288 79.0977
5 33 0 14.6885 20.6432
5 34 0 57.2784 74.5026
5 35 0 24.4412 31.5941
5 36 0 83.4612 102.662
5 37 0 78.0404 94.651
5 38 0 11.9233 12.959
5 39 0 25.3229 35.8327
5 40 0 4.65385 6.27988
5 41 0 70.978 103.193
5 42 0 6.80688 9.73382
5 43 0 69.9103 102.964
5 44 0 31.5231 45.7069
5 45 0 57.1729 58.9222
5 46 0 5.65054 7.05291
5 47 0 13.2226 13.5647
5 48 0 28.1077 39.9216
5 49 1 6.56353 9.33137
5 50 0 8.71155 10.11
5 51 0 96.7887 120.54
5 52 0 26.801 29.824
5 53 0 91.0155 98.1245
5 54 0 94.1049 113.254
5 55 0 23.4439 26.847
5 56 0 68.6512 87.6491
5 57 0 10.1302 12.1664
5 58 0 29.3929 30.3088
5 59 0 35.5096 43.5364
5 60 0 99.7416 111.46
6 1 0 18.09 24.4043
6 2 0 1.25288 1.28046
6 3 0 3.3336 4.71962
6 4 0 58.6663 60.5461
6 5 0 58.4375 72.9032
6 7 1 39.6207 46.4457
6 8 0 95.4379 127.813
6 9 0 88.267 120.148
6 10 0 67.0325 70.5353
6 11 0 49.0256 59.7352
6 12 0 1.51784 1.85218
6 13 0 9.43201 12.9974
6 14 0 73.5192 92.3629
6 15 0 21.6847 31.0358
6 16 0 59.8626 86.7643
6 17 1 87.4121 123.66
6 18 0 58.5538 73.3087
6 19 0 5.0915 5.63667
6 20 0 23.7433 24.3921
6 21 0 4.07265 4.77725
6 22 0 37.5847 54.9548
6 23 0 47.9297 49.0703
6 24 0 23.2295 30.1172
6 25 0 85.2599 99.5407
6 26 0 48.2193 50.5089
6 27 0 29.0068 39.1384
6 28 0 36.4858 38.7591
6 29 0 16.7807 18.013
6 30 0 54.8111 82.1032
6 31 0 72.7702 81.4558
6 32 0 88.9626 106.827
6 33 0 12.0383 12.877
6 34 0 43.2254 57.7003
6 35 0 94.0374 95.1066
6 36 0 54.7696 77.0079
6 37 0 48.7992 64.1749
6 38 0 66.0681 91.7972
6 39 0 28.2099 35.1111
6 40 0 6.76928 6.99411
6 41 0 27.365 32.1145
6 42 0 21.028 29.1805
6 43 0 93.699 94.3656
6 44 0 17.9323 18.8928
6 45 0 11.4505 14.9294
6 46 0 57.5553 61.542
6 47 0 21.7194 28.6351
6 48 0 67.9799 90.2705
6 49 0 37.2366 45.8502
6 50 0 71.2389 88.8112
6 51 0 14.9703 16.14
6 52 0 4.78914 5.62259
6 53 0 62.7081 80.1637
6 54 0 4.12495 5.3493
6 55 0 70.7867 81.5048
6 56 0 50.5722 59.8995
6 57 1 3.20487 3.283
6 58 0 96.4428 120.447
6 59 0 45.3603 61.7178
6 60 0 10.3597 11.4007
7 1 0 53.2016 55.2173
7 2 0 69.7742 82.7446
7 3 0 13.8941 15.8427
7 4 0 66.3159 89.435
7 5 0 46.6816 56.5704
7 6 0 0.820747 1.15805
7 8 1 33.8403 36.1136
7 9 0 5.03114 5.07476
7 10 0 56.3117 61.3826
7 11 0 59.4219 78.1109
7 12 0 99.0747 127.792
7 13 0 34.001 37.4298
7 14 0 66.4397 86.3126
7 15 0 99.3957 139.617
7 16 0 92.1022 114.553
7 17 0 37.9862 50.3488
7 18 0 35.1597 35.4577
7 19 0 77.554 116.299
7 20 0 1.68557 1.95908
7 21 0 64.9073 85.5071
7 22 0 11.9591 15.7379
7 23 0 94.2967 129.773
7 24 0 31.4988 45.7266
7 25 0 62.2612 66.4745
7 26 0 51.841 69.7819
7 27 0 17.7995 26.3521
7 28 0 96.9338 136.818
7 29 0 8.46115 11.7858
7 30 0 62.1954 84.8476
7 31 0 74.5755 100.898
7 32 0 68.9645 96.4487
7 33 0 60.187 86.2066
7 34 0 86.8921 95.4565
7 35 0 8.17315 8.79846
7 36 0 71.523 83.453
7 37 0 61.9058 90.9632
7 38 0 51.4548 53.4545
7 39 0 90.5207 107.003
7 40 0 86.9136 109.447
7 41 0 0.938963 1.25791
7 42 0 46.9068 47.1603
7 43 0 94.9091 105.668
7 44 0 69.8541 85.0207
7 45 0 14.0831 17.6631
7 46 0 62.1705 77.8672
7 47 0 94.3193 112.248
7 48 0 46.7484 51.4862
7 49 0 43.2299 44.7327
7 50 0 31.8704 44.9751
7 51 0 37.3639 44.401
7 52 0 4.49718 6.29665
7 53 1 51.5044 66.9276
7 54 0 24.5366 33.5717
7 55 0 17.4515 24.022
7 56 0 81.7292 95.3677
7 57 0 21.4138 31.9178
7 58 0 4.63775 5.78469
7 59 0 88.1107 112.461
7 60 0 86.0394 107.211
8 1 0 64.465 66.702
8 2 0 63.2166 70.4445
8 3 0 87.4251 128.737
8 4 1 66.0194 82.684
8 5 0 23.693 29.3965
8 6 0 55.8914 64.49
8 7 0 44.6516 61.9738
8 9 1 22.4235 25.3766
8 10 0 60.3264 80.9311
8 11 0 87.677 123.5
8 12 0 10.4401 11.7988
8 13 0 81.0775 110.64
8 14 0 30.3142 34.3336
8 15 0 36.2862 45.8618
8 16 0 22.8231 33.0509
8 17 0 68.7739 80.136
8 18 0 0.2647 0.271799
8 19 0 64.0141 68.3516
8 20 0 53.8906 67.5468
8 21 0 5.90512 8.3103
8 22 0 56.6794 73.6737
8 23 0 35.1611 44.631
8 24 0 8.75521 10.5856
8 25 0 81.1575 82.0276
8 26 0 8.00863 8.54492
8 27 0 67.8518 91.8925
8 28 0 74.7582 99.1237
8 29 0 95.0653 108.37
8 30 0 87.1064 104.631
8 31 0 39.1489 48.7615
8 32 0 68.8228 89.3677
8 33 0 74.7373 78.7778
8 34 0 89.4959 132.089
8 35 0 85.7163 90.6907
8 36 0 34.229 50.1789
8 37 0 72.2927 73.0228
8 38 0 44.4234 62.5032
8 39 0 47.2749 70.7676
8 40 0 85.4434 106.435
8 41 0 84.938 119.214
8 42 0 86.4013 112.019
8 43 0 46.5925 68.3421
8 44 0 34.3393 42.1292
8 45 0 53.4066 57.2098
8 46 0 32.2077 40.1804
8 47 0 62.1254 64.3286
8 48 0 83.5596 96.5973
8 49 0 34.7718 41.6767
8 50 0 95.018 130.485
8 51 0 58.0255 70.8193
8 52 0 74.07 92.7053
8 53 0 3.97063 5.63618
8 54 0 14.4746 15.801
8 55 0 48.8182 53.6022
8 56 0 41.1309 43.1477
8 57 0 95.3277 126.371
8 58 0 9.22099 13.1474
8 59 0 91.6754 131.025
8 60 0 6.56089 9.80947
9 1 0 21.1933 24.6251
9 2 0 8.95797 13.2274
9 3 0 98.9569 115.654
9 4 0 48.8885 70.6828
9 5 0 40.68 42.8922
9 6 0 8.96458 9.95971
9 7 0 19.6681 26.8845
9 8 0 68.5619 100.079
9 10 1 24.8637 33.3338
9 11 0 48.7996 52.6912
9 12 0 64.4752 79.6715
9 13 0 92.0409 108.349
9 14 0 96.5728 128.005
9 15 0 67.723 80.6918
9 16 0 56.0274 68.7499
9 17 0 41.9464 58.0528
9 18 0 35.0297 52.5374
9 19 0 47.4986 68.5898
9 20 0 68.4242 70.7238
9 21 0 3.41876 4.68916
9 22 0 31.1415 42.1601
9 23 0 1.02985 1.42688
9 24 0 9.18617 12.13
9 25 0 43.9596 45.763
9 26 0 89.6152 127.072
9 27 0 52.2764 73.3361
9 28 0 77.2152 79.8445
9 29 0 84.1582 85.3969
9 30 0 57.461 68.2222
9 31 0 77.228 115.822
9 32 0 28.6918 29.4399
9 33 0 71.2859 88.2404
9 34 0 66.2845 78.1437
9 35 0 19.6364 20.1821
9 36 0 29.7647 36.4819
9 37 0 62.9175 82.5947
9 38 0 6.23175 9.25493
9 39 0 28.3793 29.9298
9 40 0 75.1664 101.03
9 41 0 90.4958 123.434
9 42 0 61.7829 81.144
9 43 0 97.2962 139.872
9 44 0 62.5909 77.649
9 45 0 20.8638 30.6844
9 46 0 88.2475 131.973
9 47 0 86.6119 129.157
9 48 0 80.4659 95.555
9 49 0 85.3151 127.071
9 50 0 91.9674 109.13
9 51 0 36.9509 40.078
9 52 0 97.993 116.002
9 53 0 48.1597 52.2017
9 54 0 68.4072 73.9318
9 55 0 39.4769 53.6526
9 56 0 86.5036 99.7432
9 57 0 47.9958 49.0259
9 58 0 98.0512 130.584
9 59 0 1.90385 2.74348
9 60 0 2.50783 3.57039
10 1 0 55.8538 76.4827
10 2 0 59.1401 79.5563
10 3 0 32.0099 40.2143
10 4 0 92.4792 138.209
10 5 0 65.4409 75.4265
10 6 0 20.5694 26.1214
10 7 0 10.5716 11.8642
10 8 0 33.3616 48.7003
10 9 0 29.2015 35.3884
10 11 1 96.8732 135.788
10 12 0 33.7004 49.613
10 13 0 14.7293 17.5922
10 14 0 94.8141 99.297
10 15 0 74.1524 104.969
10 16 0 70.4725 97.3309
10 17 0 53.9204 75.8228
10 18 0 92.6103 97.3742
10 19 0 89.6354 108.352
10 20 0 76.8842 84.8727
10 21 0 60.5216 76.694
10 22 0 85.9968 128.014
10 23 0 78.628 92.8982
10 24 0 75.8181 101.411
10 25 0 7.57475 10.8775
10 26 0 49.1198 49.8466
10 27 0 1.12865 1.62085
10 28 0 35.5443 46.6676
10 29 0 65.7049 70.0694
10 30 0 47.1361 69.5716
10 31 0 3.56345 3.73874
10 32 0 57.6118 85.8245
10 33 0 1.38806 1.61798
10 34 0 90.9049 102.888
10 35 1 2.50235 2.60759
10 36 0 6.28178 8.18199
10 37 0 69.9532 99.1276
10 38 0 37.3773 51.8519
10 39 0 38.9526 43.1347
10 40 0 17.1939 25.6845
10 41 0 67.5275 85.6281
10 42 0 76.7551 81.921
10 43 0 92.5489 120.018
10 44 0 77.8043 102.071
10 45 0 15.2778 16.432
10 46 0 33.6773 46.0257
10 47 0 80.0936 93.8964
10 48 0 97.0187 134.493
10 49 0 69.2126 72.6574
10 50 0 41.3387 52.7618
10 51 0 67.1862 72.6643
10 52 0 26.5196 31.3704
10 53 0 18.0203 22.0581
10 54 0 71.4063 101.393
10 55 0 22.9134 27.4465
10 56 0 8.64928 10.651
10 57 0 5.82741 6.46964
10 58 0 18.8718 23.8553
10 59 0 11.1435 11.7761
10 60 0 88.5711 95.7362
11 1 0 56.9291 75.8327
11 2 0 78.6878 109.5
11 3 0 37.4798 55.0835
11 4 0 80.0229 114.717
11 5 0 33.5129 48.096
11 6 0 27.2885 31.3551
11 7 0 92.8894 120.62
11 8 0 73.9865 83.8229
11 9 0 28.0977 40.4859
11 10 0 66.5314 74.9652
11 12 1 65.0103 72.5386
11 13 0 2.24378 2.28816
11 14 0 56.3519 80.5813
11 15 0 32.9526 48.8955
11 16 0 34.6562 41.0044
11 17 0 51.678 69.7965
11 18 0 85.5672 120.249
11 19 0 16.3383 22.6062
11 20 0 92.6531 132.056
11 21 0 93.0401 129.611
11 22 0 42.5146 45.4594
11 23 0 5.38547 7.89378
11 24 0 76.5052 97.0738
11 25 0 90.4602 102.4
11 26 0 51.1473 74.2209
11 27 0 99.5049 144.906
11 28 0 23.444 30.9062
11 29 0 69.5338 72.6131
11 30 0 20.7871 23.7871
11 31 0 22.3297 28.6883
11 32 0 79.0503 86.0402
11 33 0 52.7063 72.0554
11 34 0 30.7366 44.5719
11 35 0 56.0645 82.9193
11 36 0 0.975933 1.30303
11 37 0 40.6786 42.168
11 38 0 42.3745 56.6013
11 39 0 58.0264 69.014
11 40 0 85.3618 121.919
11 41 0 79.5223 98.4001
11 42 0 28.7809 31.2514
11 43 0 4.9383 6.22858
11 44 0 88.1941 129.165
11 45 0 73.8699 74.7221
11 46 0 25.5245 28.2763
11 47 0 89.7773 90.4011
11 48 0 16.2223 17.1509
11 49 0 31.4478 41.4234
11 50 0 76.0616 106.124
11 51 0 78.3944 103.313
11 52 0 13.7013 17.3183
11 53 0 73.4358 105.891
11 54 0 48.7192 72.8738
11 55 0 23.0927 29.6921
11 56 0 20.7609 29.3876
11 57 0 53.9192 68.8128
11 58 0 98.0402 113.494
11 59 0 89.7054 97.5137
11 60 0 78.8038 89.1633
12 1 0 71.1768 86.4374
12 2 0 98.5812 143.775
12 3 0 10.8039 15.1976
12 4 0 95.0825 106.325
12 5 0 15.0133 21.4656
12 6 0 68.9296 100.497
12 7 0 48.4014 60.5321
12 8 0 55.2952 71.0089
12 9 0 10.7045 15.3674
12 10 0 81.0544 114.38
12 11 0 2.01395 2.57163
12 13 1 8.89013 9.73555
12 14 0 55.291 56.5981
12 15 0 94.1163 112.741
12 16 0 81.933 105.357
12 17 0 22.2843 31.6897
12 18 0 45.7106 52.7989
12 19 0 56.9502 73.6653
12 20 0 16.5719 23.7532
12 21 0 56.2624 65.0591
12 22 0 57.7237 73.3966
12 23 0 96.9371 109.178
12 24 0 81.8517 117.059
12 25 0 35.9086 44.6515
12 26 0 66.6627 69.1898
12 27 0 86.7718 130.102
12 28 0 23.5684 29.6073
12 29 0 16.3099 22.8743
12 30 1 62.7832 83.5895
12 31 0 35.8506 43.4599
12 32 0 92.6811 119.764
12 33 0 42.3777 60.3347
12 34 0 49.528 58.398
12 35 0 83.9468 85.1934
12 36 0 78.687 104.861
12 37 0 62.7802 80.8128
12 38 0 72.7489 75.7679
12 39 0 99.8843 117.111
12 40 0 89.7828 111.063
12 41 0 80.5261 117.937
12 42 0 48.6888 59.7172
12 43 0 5.96323 7.99965
12 44 0 6.35546 7.56818
12 45 0 67.2949 76.1995
12 46 0 91.436 125.197
12 47 0 40.3014 53.9118
12 48 0 44.5333 64.4428
12 49 0 20.2629 24.2954
12 50 0 58.3751 81.9243
12 51 0 22.2104 26.6768
12 52 0 63.6282 77.9636
12 53 0 13.4318 17.6282
12 54 0 48.5105 70.5445
12 55 0 27.4775 35.1546
12 56 0 22.9535 24.5451
12 57 0 78.4953 103.39
12 58 0 99.5137 131.5
12 59 0 31.8504 35.2209
12 60 0 1.71664 2.3453
13 1 0 46.2222 68.1463
13 2 0 42.7505 54.0255
13 3 0 45.2256 49.549
13 4 0 90.474 112.799
13 5 0 10.448 14.6449
13 6 0 13.2899 14.6549
13 7 0 9.27021 12.0135
13 8 0 34.4491 35.8055
13 9 0 90.3993 112.757
13 10 0 50.3086 59.0041
13 11 0 20.5989 24.9191
13 12 0 7.68284 7.95119
13 14 1 84.8926 114.379
13 15 0 65.423 71.4354
13 16 0 70.7746 91.6441
13 17 0 16.7361 23.2512
13 18 0 98.4336 114.154
13 19 0 82.6995 92.4081
13 20 0 24.0762 35.4896
13 21 0 4.95293 5.1494
13 22 0 13.8713 19.4829
13 23 0 9.47443 14.0461
13 24 0 36.5032 46.5532
13 25 0 26.9975 40.1752
13 26 0 96.1388 102.351
13 27 0 60.9827 70.9667
13 28 0 57.3432 72.2316
13 29 0 25.5 30.021
13 30 0 14.455 17.4511
13 31 0 6.82447 8.38001
13 32 0 98.4665 112.128
13 33 0 97.6295 111.17
13 34 0 47.9437 53.196
13 35 0 4.4979 5.47854
13 36 0 28.673 41.3561
13 37 0 78.2594 105.74
13 38 0 43.8438 45.9082
13 39 0 48.6672 72.4615
13 40 0 17.1165 20.553
13 41 0 69.459 86.4927
13 42 0 76.1331 82.4402
13 43 0 51.5244 69.9309
13 44 0 65.9949 67.2251
13 45 0 85.5267 127.23
13 46 0 46.6338 61.367
13 47 0 91.0028 95.6065
13 48 0 47.1676 60.6014
13 49 0 83.7831 93.1414
13 50 0 59.0244 79.2951
13 51 0 46.7883 64.6129
13 52 0 95.3454 123.263
13 53 0 45.0518 61.9984
13 54 0 69.5651 76.462
13 55 0 66.7529 83.539
13 56 0 7.46826 7.90801
13 57 0 10.6472 13.4785
13 58 0 98.9219 146.601
13 59 0 88.9878 96.4241
13 60 0 90.5257 101.741
14 1 0 46.7631 50.8849
14 2 0 90.4993 118.079
14 3 0 47.3612 63.5386
14 4 0 60.7527 85.5953
14 5 0 85.8658 105.643
14 6 0 18.9799 24.9918
14 7 0 76.6346 99.0672
14 8 0 15.5775 20.2448
14 9 0 16.8448 16.9081
14 10 0 42.3078 43.9772
14 11 0 96.6293 122.508
14 12 0 81.043 96.8164
14 13 0 35.9666 50.1747
14 15 1 21.9688 22.8091
14 16 0 22.8374 23.4634
14 17 0 63.8541 91.3742
14 18 0 73.5691 108.335
14 19 0 47.8748 54.7477
14 20 0 26.6665 34.8177
14 21 0 71.3641 91.3287
14 22 0 21.0588 24.6969
14 23 0 79.0292 89.6488
14 24 0 63.4595 77.973
14 25 0 36.8696 41.7369
14 26 0 30.0032 38.2272
14 27 0 53.9975 69.5172
14 28 0 25.8322 35.4657
14 29 0 67.1895 80.532
14 30 0 34.9947 47.6253
14 31 0 22.2185 26.5745
14 32 0 95.7183 102.414
14 33 0 37.0513 50.231
14 34 0 23.3863 30.8813
14 35 0 53.9236 67.0343
14 36 0 11.3697 15.6932
14 37 0 54.2125 65.6616
14 38 0 1.49859 1.5034
14 39 0 20.0863 27.6066
14 40 0 53.1664 66.5156
14 41 0 33.2602 40.6185
14 42 0 29.9411 40.8193
14 43 0 26.68 32.8486
14 44 0 89.8559 133.142
14 45 0 85.5909 97.4008
14 46 1 40.4462 54.1836
14 47 0 45.9239 51.481
14 48 0 99.3268 99.7973
14 49 0 49.6964 57.7369
14 50 0 2.32446 3.44279
14 51 0 3.71733 3.99396
14 52 0 77.5661 81.2728
14 53 0 43.3235 54.8657
14 54 0 98.5326 141.357
14 55 0 47.1682 57.9496
14 56 0 56.2461 76.2707
14 57 0 53.6596 62.3933
14 58 0 59.173 59.8253
14 59 0 90.2522 97.0452
14 60 0 29.3936 29.845
15 1 0 42.6468 44.5268
15 2 0 45.2047 50.2437
15 3 0 25.3791 30.8372
15 4 0 65.5816 83.2351
15 5 0 83.8057 121.868
15 6 0 70.839 95.3736
15 7 0 54.4329 64.0194
15 8 0 20.1685 21.6934
15 9 0 77.1318 107.095
15 10 0 39.159 55.5856
15 11 0 95.0393 119.211
15 12 0 93.4515 132.27
15 13 0 70.8193 92.9527
15 14 0 3.44639 3.53575
15 16 1 59.0688 75.4237
15 17 0 71.4134 101.373
15 18 0 86.1465 120.836
15 19 0 18.5277 24.7124
15 20 0 81.7337 92.6037
15 21 0 27.5899 33.3061
15 22 0 1.02447 1.41927
15 23 0 27.9393 40.8323
15 24 0 8.27773 12.1906
15 25 0 55.855 61.4579
15 26 0 23.405 34.0996
15 27 0 7.27087 7.87661
15 28 0 14.9453 16.5744
15 29 0 38.0247 46.5478
15 30 0 69.423 101.847
15 31 0 35.1209 43.1976
15 32 0 38.6034 42.5524
15 33 0 5.45204 7.18156
15 34 0 64.8313 86.8999
15 35 0 18.2143 22.4982
15 36 0 91.6023 116.643
15 37 0 18.6878 26.7678
15 38 0 52.0175 71.6226
15 39 0 11.692 16.0713
15 40 0 86.8646 117.468
15 41 0 76.4081 93.608
15 42 0 19.4919 23.4169
15 43 0 67.7015 98.0922
15 44 0 7.81361 7.82268
15 45 0 93.6628 135.837
15 46 0 57.3484 82.6926
15 47 0 0.353134 0.49065
15 48 0 23.7846 34.372
15 49 0 9.88241 14.0947
15 50 0 65.9292 74.0726
15 51 0 1.33408 1.54509
15 52 0 73.5452 109.76
15 53 0 67.8409 70.9179
15 54 0 75.9986 99.8882
15 55 0 84.4837 90.4728
15 56 0 71.4276 102.456
15 57 0 32.3608 45.2943
15 58 0 57.7166 86.4864
15 59 0 26.3446 36.8873
15 60 0 47.0706 65.1417
16 1 0 56.4145 79.0525
16 2 0 23.5103 32.6704
16 3 0 73.637 99.2419
16 4 0 62.7983 75.7034
16 5 0 13.3547 16.6061
16 6 0 90.2246 135.247
16 7 0 44.7338 65.4768
16 8 0 17.2429 22.6385
16 9 0 54.7413 65.0126
16 10 0 85.9291 95.1317
16 11 0 8.48984 11.4525
16 12 0 21.9242 24.653
16 13 0 81.1854 95.9007
16 14 0 67.4174 90.9613
16 15 0 51.8467 74.5469
16 17 1 88.1667 104.758
16 18 0 40.3464 44.381
16 19 0 17.8556 20.8069
16 20 0 1.80589 2.45557
16 21 0 8.3098 11.47
16 22 0 9.64492 11.2854
16 23 0 17.7828 24.5887
16 24 0 97.5948 100.015
16 25 0 56.0455 62.3283
16 26 0 51.5608 59.8864
16 27 0 36.5151 46.9955
16 28 0 9.34425 10.9
16 29 0 56.3351 66.6262
16 30 0 89.9495 122.836
16 31 0 48.8507 68.3829
16 32 0 94.7754 104.724
16 33 0 91.82 105.128
16 34 0 79.4685 83.3726
16 35 0 68.1934 75.8942
16 36 0 26.7827 32.3763
16 37 0 36.7998 50.2815
16 38 0 24.7689 36.0998
16 39 0 2.22932 3.07915
16 40 0 75.704 102.086
16 41 0 86.8929 113.34
16 42 0 82.4186 100.897
16 43 0 60.624 82.0792
16 44 0 84.5803 109.099
16 45 0 17.7692 22.2676
16 46 0 74.1369 92.1976
16 47 0 83.1643 107.668
16 48 0 47.3238 69.1677
16 49 0 12.2104 16.5042
16 50 0 23.8754 27.735
16 51 0 32.2936 41.4391
16 52 0 41.264 49.1045
16 53 0 90.1361 95.524
16 54 0 26.0732 30.1803
16 55 0 1.86752 2.63248
16 56 0 58.5665 77.1292
16 57 0 61.583 85.9462
16 58 0 71.4469 77.3255
16 59 0 88.6738 96.4655
16 60 0 22.6822 28.135
17 1 0 1.47631 1.77911
17 2 0 37.9529 55.8414
17 3 0 33.6109 40.0538
17 4 0 12.4198 16.0869
17 5 0 32.5342 45.603
17 6 0 41.1488 53.6823
17 7 0 39.3243 47.9031
17 8 0 68.4739 83.8949
17 9 0 31.5167 32.6909
17 10 0 9.47221 13.221
17 11 0 88.19 125.584
17 12 0 72.1528 79.6071
17 13 0 27.3665 37.6647
17 14 0 20.22 24.848
17 15 0 16.9394 17.3734
17 16 0 82.9671 87.9638
17 18 1 15.555 22.7529
17 19 0 85.1276 123.901
17 20 0 8.69179 11.3177
17 21 0 90.6385 122.801
17 22 0 95.2013 101.604
17 23 0 19.795 21.1796
17 24 0 41.08 59.4945
17 25 0 99.4924 132.932
17 26 0 18.246 26.4354
17 27 0 32.2431 38.6751
17 28 0 17.6508 26.4008
17 29 0 53.505 54.1827
17 30 0 60.7457 66.2625
17 31 0 40.0287 56.4376
17 32 0 68.0272 73.9611
17 33 0 33.1837 34.8695
17 34 0 59.0458 68.659
17 35 0 74.4059 78.8002
17 36 0 66.5183 87.7257
17 37 0 99.2272 104.971
17 38 0 67.7369 70.0577
17 39 0 24.8939 28.7478
17 40 0 71.6143 76.1146
17 41 0 62.0677 85.6517
17 42 0 56.1297 71.0368
17 43 0 72.1578 97.5172
17 44 0 5.93353 6.88689
17 45 0 98.4955 139.489
17 46 0 92.3317 121.583
17 47 0 13.6324 18.1164
17 48 0 2.19224 2.75708
17 49 0 21.6439 21.6799
17 50 0 66.6726 66.9188
17 51 0 19.211 25.6295
17 52 0 60.9396 61.6256
17 53 0 33.7297 43.1995
17 54 0 12.1934 14.3685
17 55 0 56.4027 68.1281
17 56 0 35.0334 47.856
17 57 0 87.3941 105.892
17 58 0 44.9851 49.9675
17 59 0 1.60658 1.60983
17 60 0 31.1216 34.6098
18 1 0 40.9526 50.8156
18 2 0 66.875 77.5157
18 3 0 12.3303 14.7653
18 4 0 53.8922 77.7381
18 5 0 95.0979 132.682
18 6 0 20.3943 29.1695
18 7 0 34.7987 41.3337
18 8 0 63.9673 93.1206
18 9 0 43.1895 50.5847
18 10 0 96.1014 99.2174
18 11 0 41.6947 54.3985
18 12 0 98.5329 129.427
18 13 0 58.6909 72.385
18 14 0 66.2203 76.2582
18 15 0 76.6152 104.214
18 16 0 26.8946 39.5059
18 17 0 72.9125 80.4914
18 19 1 71.9841 86.9806
18 20 0 55.5228 60.1568
18 21 0 36.0886 36.6529
18 22 0 17.8874 20.8857
18 23 0 82.8567 96.4282
18 24 0 9.70126 13.1818
18 25 0 71.5107 105.252
18 26 0 18.6371 19.9221
18 27 0 39.9196 56.5851
18 28 0 71.9105 77.6341
18 29 0 80.427 102.586
18 30 0 48.9815 63.2745
18 31 0 49.0095 58.8122
18 32 0 96.5275 115.65
18 33 0 42.1549 50.2937
18 34 0 97.7605 137.116
18 35 0 60.2338 76.1892
18 36 0 61.3652 72.9863
18 37 1 97.1205 101.405
18 38 0 86.9279 121.192
18 39 0 99.1359 144.102
18 40 0 24.2726 25.7531
18 41 0 79.2955 94.3615
18 42 0 11.2094 16.0299
18 43 0 84.5507 86.1741
18 44 0 50.3124 58.5277
18 45 0 52.1881 75.8084
18 46 0 17.5246 23.7633
18 47 0 67.883 91.0799
18 48 0 81.3696 94.3016
18 49 0 28.279 36.8821
18 50 0 28.714 34.7254
18 51 0 65.2865 77.683
18 52 0 33.7299 39.4736
18 53 0 64.2919 71.8752
18 54 0 60.2006 72.6186
18 55 0 3.56544 5.16387
18 56 0 62.5846 65.7641
18 57 0 19.3855 27.1355
18 58 0 62.2608 71.1578
18 59 0 11.6771 15.0032
18 60 0 11.1787 16.2677
19 1 0 24.8302 29.6973
19 2 0 77.9301 100.643
19 3 0 79.0037 108.588
19 4 0 71.9885 90.2183
19 5 0 33.1595 44.2207
19 6 0 92.0521 113.572
19 7 0 17.67 19.7793
19 8 0 68.9893 99.5164
19 9 0 44.1761 59.499
19 10 0 76.7114 103.014
19 11 0 53.7327 78.7544
19 12 0 36.1376 42.8965
19 13 0 64.5826 86.8182
19 14 0 9.16814 10.0252
19 15 0 64.7893 65.8451
19 16 0 6.21222 8.30568
19 17 0 57.6372 64.3088
19 18 0 49.2105 53.904
19 20 1 9.84311 10.775
19 21 0 21.3807 28.1777
19 22 0 88.9319 131.977
19 23 0 60.211 76.2706
19 24 0 78.9031 108.89
19 25 0 84.9649 89.0648
19 26 0 81.003 96.023
19 27 0 34.2045 50.0923
19 28 0 82.7918 118.569
19 29 0 11.7252 17.1792
19 30 0 19.3742 28.3047
19 31 0 22.8793 24.9339
19 32 0 46.1268 55.0566
19 33 0 63.421 90.6616
19 34 0 22.5494 26.2136
19 35 0 68.617 97.377
19 36 0 2.44611 3.15024
19 37 0 89.1491 128.859
19 38 0 32.1125 47.1248
19 39 0 49.9904 64.3558
19 40 0 28.6697 35.5688
19 41 0 69.5996 97.3203
19 42 0 53.6719 77.143
19 43 0 18.0675 19.9071
19 44 1 29.366 30.0029
19 45 0 50.8639 62.1934
19 46 0 36.5782 37.0703
19 47 0 60.136 77.6798
19 48 0 15.2992 18.2651
19 49 0 80.1827 89.7009
19 50 0 6.69066 8.6657
19 51 0 8.81315 10.7573
19 52 0 84.2323 103.209
19 53 0 88.9024 98.9809
19 54 0 78.1646 102.538
19 55 0 54.8274 77.258
19 56 0 98.3773 116.097
19 57 0 0.0462861 0.0564413
19 58 0 46.7471 62.6106
19 59 0 45.8235 51.8784
19 60 0 51.5412 71.7972
20 1 0 90.9199 92.5056
20 2 0 81.3905 114.503
20 3 0 43.0341 47.1149
20 4 0 44.9091 47.5234
20 5 0 53.661 54.7313
20 6 0 64.776 74.113
20 7 0 55.0566 73.3844
20 8 0 34.3777 49.3323
20 9 0 91.4156 102.433
20 10 0 42.8231 60.789
20 11 0 93.1011 103.202
20 12 0 34.0361 50.1264
20 13 0 12.4121 16.5515
20 14 0 82.7458 88.8596
20 15 0 27.2918 35.4439
20 16 0 14.6639 17.1951
20 17 0 39.5761 50.4979
20 18 0 52.396 54.6244
20 19 0 80.7011 95.1403
20 21 1 9.36817 9.6635
20 22 0 91.7143 114.018
20 23 0 61.1605 70.8239
20 24 0 22.725 27.7957
20 25 0 35.9721 44.4155
20 26 0 13.9307 20.0945
20 27 0 51.6796 73.4962
20 28 0 59.8169 78.1052
20 29 0 24.112 35.3328
20 30 0 50.5139 55.4706
20 31 0 96.91 97.8134
20 32 0 90.0385 94.0763
20 33 0 74.3886 104.22
20 34 0 4.28291 6.01425
20 35 0 87.954 126.345
20 36 0 58.0983 77.3409
20 37 0 43.3289 45.1904
20 38 0 44.4435 44.8823
20 39 0 49.3505 54.2923
20 40 0 62.9459 84.4008
20 41 0 86.008 113.178
20 42 0 75.0049 94.5489
20 43 1 16.1015 19.0536
20 44 0 27.7054 31.991
20 45 0 82.7008 96.3288
20 46 0 62.5443 91.3262
20 47 0 12.077 15.6076
20 48 0 87.4197 116.423
20 49 0 77.4651 93.3733
20 50 0 56.1356 80.6224
20 51 0 37.0687 44.7866
20 52 0 87.8804 126.648
20 53 0 58.6284 85.617
20 54 0 68.067 92.3176
20 55 0 82.6112 105.07
20 56 0 73.7835 107.474
20 57 0 58.6151 79.7735
20 58 0 59.7633 79.8368
20 59 1 65.98 72.2472
20 60 0 41.4087 53.6973
21 1 0 2.72328 3.83743
21 2 0 77.8635 109.957
21 3 0 85.3769 106.875
21 4 0 0.0824286 0.101095
21 5 0 99.7767 132.102
21 6 0 41.8908 61.7625
21 7 0 69.6852 81.4813
21 8 0 69.4055 90.6288
21 9 0 38.0027 42.5584
21 10 0 79.4466 81.4362
21 11 0 43.2357 59.8711
21 12 0 86.734 113.174
21 13 0 57.8658 70.6193
21 14 0 73.9828 75.7628
21 15 0 58.9917 87.0575
21 16 0 85.9565 91.1311
21 17 0 85.6778 119.424
21 18 0 11.1924 11.2335
21 19 0 98.1198 111.721
21 20 0 37.073 44.0067
21 22 1 7.8282 8.03959
21 23 0 31.3445 35.9256
21 24 0 24.2332 27.7727
21 25 0 25.9607 37.8397
21 26 0 65.6794 67.4417
21 27 0 36.7448 44.6612
21 28 0 23.7969 23.9067
21 29 0 53.3042 71.6608
21 30 0 30.0304 40.4983
21 31 0 44.6356 53.4236
21 32 0 70.1962 75.1656
21 33 0 11.8321 12.6413
21 34 0 51.885 69.1493
21 35 0 22.035 30.8372
21 36 0 59.4598 89.0087
21 37 0 28.2821 32.558
21 38 0 56.3639 84.4783
21 39 0 73.1726 106.511
21 40 0 70.6356 95.3486
21 41 0 29.7738 44.5796
21 42 0 82.0568 85.0628
21 43 0 55.6946 70.7578
21 44 0 41.2957 42.9874
21 45 0 11.4587 15.9484
21 46 0 8.99143 10.9556
21 47 0 83.4294 116.954
21 48 0 59.4295 71.1409
21 49 0 47.6576 59.2632
21 50 0 87.2322 87.4863
21 51 0 10.1536 10.5914
21 52 0 88.0365 120.357
21 53 0 94.4523 137.337
21 54 0 10.2722 12.208
21 55 0 5.65223 8.11308
21 56 0 44.7705 54.552
21 57 0 8.18289 8.50878
21 58 0 29.9079 42.3462
21 59 0 3.60323 3.99183
21 60 0 3.80155 4.98668
22 1 0 65.6773 79.2914
22 2 0 45.7602 67.9455
22 3 0 92.6543 100.744
22 4 0 7.62921 9.32265
22 5 0 40.9424 57.1131
22 6 0 5.57435 7.51359
22 7 0 38.1899 47.7825
22 8 0 62.2827 67.078
22 9 0 33.8765 46.9613
22 10 0 98.718 106.834
22 11 0 31.4883 33.5025
22 12 0 51.5872 53.4549
22 13 0 18.8843 24.898
22 14 0 54.2205 74.1239
22 15 0 31.0469 41.3679
22 16 0 18.7996 22.6891
22 17 0 97.7806 129.601
22 18 0 26.5964 32.9411
22 19 0 83.456 114.914
22 20 0 62.9044 93.2134
22 21 0 78.5029 109.156
22 23 1 15.6902 22.9869
22 24 0 70.3615 85.2698
22 25 0 10.6505 11.5376
22 26 1 88.9156 92.9939
22 27 0 97.0469 134.69
22 28 1 36.9918 45.2276
22 29 0 91.7629 98.1956
22 30 0 5.14745 7.12285
22 31 0 66.2929 79.7391
22 32 0 57.7962 63.0083
22 33 0 28.5599 30.9047
22 34 0 46.176 63.2501
22 35 0 80.675 113.097
22 36 0 13.1154 15.71
22 37 0 5.89617 8.70265
22 38 0 25.0676 33.0698
22 39 0 21.8277 30.265
22 40 0 79.4929 91.9675
22 41 0 47.3599 60.8032
22 42 0 62.4868 66.6722
22 43 0 87.6392 117.396
22 44 0 64.332 90.2496
22 45 0 52.6098 64.7559
22 46 0 26.6852 38.8177
22 47 0 59.7923 62.3832
22 48 0 4.52624 6.31355
22 49 0 4.18039 4.42877
22 50 0 51.3336 54.5085
22 51 0 88.2368 93.6272
22 52 0 72.4579 90.0308
22 53 0 6.61097 7.04588
22 54 0 13.2579 19.1792
22 55 0 77.2776 83.072
22 56 0 47.5729 60.4155
22 57 0 5.31353 6.57145
22 58 0 63.4525 65.8093
22 59 0 99.9696 127.806
22 60 0 27.6291 29.5546
23 1 0 96.6484 108.48
23 2 0 66.8167 82.8221
23 3 0 10.7277 14.1627
23 4 0 65.5182 73.4696
23 5 0 43.5215 51.6333
23 6 0 25.5469 35.3473
23 7 0 16.2379 19.9229
23 8 0 79.6977 86.4928
23 9 0 75.3082 82.1624
23 10 0 52.5538 63.1287
23 11 0 46.3897 58.5945
23 12 0 4.68539 6.69287
23 13 0 8.40385 9.74765
23 14 0 79.7409 94.2816
23 15 0 29.7843 35.7372
23 16 0 88.0231 126.936
23 17 0 71.3636 82.7903
23 18 0 79.8813 86.8367
23 19 0 27.5055 38.4809
23 20 0 7.04783 10.3489
23 21 0 68.4553 100.937
23 22 0 18.6829 24.5246
23 24 1 38.0052 44.5792
23 25 0 85.6065 120.379
23 26 0 31.1287 45.4172
23 27 0 85.0226 98.5224
23 28 0 26.0861 29.6379
23 29 0 99.9997 138.498
23 30 0 65.0691 77.1006
23 31 0 12.8256 18.0419
23 32 0 5.41159 6.2553
23 33 0 0.622863 0.921844
23 34 0 50.023 55.388
23 35 0 61.7749 83.5282
23 36 0 70.2238 94.4176
23 37 0 3.7255 4.08379
23 38 0 54.7453 79.032
23 39 0 98.5748 142.476
23 40 0 61.0043 82.6882
23 41 0 13.0726 18.1236
23 42 0 58.4372 61.4725
23 43 0 0.183734 0.207807
23 44 0 4.35728 5.66303
23 45 0 24.8915 34.8111
23 46 0 87.99 92.2311
23 47 0 75.0642 87.7797
23 48 0 85.4964 93.0114
23 49 0 25.4574 34.6523
23 50 0 63.2927 76.0542
23 51 1 99.1883 125.288
23 52 0 6.70915 9.41555
23 53 0 95.247 136.447
23 54 0 10.2349 12.9674
23 55 0 3.9634 5.88026
23 56 0 22.8474 33.8483
23 57 0 96.1534 136.874
23 58 0 74.8008 84.5152
23 59 0 7.70987 7.8317
23 60 0 12.2969 14.6842
24 1 0 77.4715 97.8418
24 2 0 75.0142 91.6537
24 3 0 97.2112 144.177
24 4 0 17.1305 21.5787
24 5 0 20.8878 30.9916
24 6 0 29.5636 33.4359
24 7 0 29.8046 39.5153
24 8 0 8.2357 8.70464
24 9 0 29.8253 30.0911
24 10 0 17.3608 20.2607
24 11 0 32.7696 42.2973
24 12 0 5.2732 6.61949
24 13 0 63.3545 90.0846
24 14 0 62.1596 76.2278
24 15 0 60.7677 81.0482
24 16 0 18.3781 27.0188
24 17 0 7.7214 8.37332
24 18 0 83.2372 91.4806
24 19 0 58.211 79.4608
24 20 0 14.4848 21.3413
24 21 0 22.9318 23.4141
24 22 0 98.5977 142.422
24 23 0 87.0014 89.04
24 25 1 49.0759 52.8754
24 26 0 71.197 73.8454
24 27 0 10.979 12.7244
24 28 0 73.2848 108.586
24 29 0 42.9958 49.3651
24 30 0 59.1246 87.8689
24 31 0 19.2839 26.8004
24 32 0 57.8633 86.7835
24 33 0 20.5813 20.6044
24 34 0 10.4735 15.0668
24 35 0 97.9129 111.402
24 36 0 55.8905 57.3292
24 37 0 51.6753 74.1591
24 38 0 32.749 48.3976
24 39 0 73.4991 93.0569
24 40 0 22.771 27.9031
24 41 0 3.24602 4.80122
24 42 0 99.5864 118.453
24 43 0 42.0505 57.5601
24 44 0 12.1866 17.5582
24 45 0 84.4078 104.366
24 46 0 51.2948 61.2729
24 47 0 83.9967 85.737
24 48 0 37.9199 56.003
24 49 0 50.4567 56.6952
24 50 0 90.8525 109.649
24 51 0 25.9312 32.8303
24 52 0 66.952 73.338
24 53 0 17.1013 18.2261
24 54 0 37.9933 52.5885
24 55 0 29.2301 40.612
24 56 0 67.3533 68.3573
24 57 0 28.4399 28.8557
24 58 0 35.3985 40.3417
24 59 0 62.4815 68.4314
24 60 0 80.1772 87.1788
25 1 0 14.4345 21.4534
25 2 0 4.17702 6.05391
25 3 0 65.6074 82.6239
25 4 0 12.2454 12.8177
25 5 0 13.5169 19.6305
25 6 0 33.7821 47.7702
25 7 0 32.3886 32.4136
25 8 0 99.002 99.5804
25 9 0 63.545 79.0497
25 10 0 1.5854 1.90802
25 11 0 45.9168 48.2245
25 12 0 52.5793 65.049
25 13 0 70.0946 85.4535
25 14 0 70.4408 76.2063
25 15 0 55.1276 80.9028
25 16 0 42.874 46.5782
25 17 0 1.09559 1.36841
25 18 0 9.41048 10.5505
25 19 0 45.8579 47.1322
25 20 0 61.8731 80.0629
25 21 0 30.85 44.0614
25 22 0 50.5887 68.9411
25 23 0 1.22896 1.509
25 24 0 96.005 102.621
25 26 1 26.455 29.3525
25 27 0 70.752 76.6331
25 28 0 29.0254 29.6521
25 29 0 42.6179 44.717
25 30 0 73.1836 104.771
25 31 0 54.7788 73.2177
25 32 0 29.3433 41.2748
25 33 0 41.9146 42.5063
25 34 0 58.2395 77.0649
25 35 0 28.2227 32.0484
25 36 0 1.51832 1.80511
25 37 0 99.7012 100.265
25 38 0 28.6115 30.9832
25 39 0 34.4028 49.3815
25 40 0 43.6206 63.5422
25 41 0 18.4444 22.4418
25 42 0 88.8806 107.199
25 43 0 49.7218 55.3693
25 44 0 7.95921 8.90726
25 45 0 53.3372 64.9998
25 46 0 4.76001 6.99889
25 47 0 75.9268 76.7785
25 48 0 28.3386 40.7628
25 49 0 1.56375 1.69685
25 50 0 7.27097 7.36962
25 51 0 38.8145 48.6897
25 52 0 16.7213 21.0693
25 53 0 80.2197 99.4524
25 54 0 95.2956 132.968
25 55 0 78.0286 84.9653
25 56 0 37.0312 39.9232
25 57 0 81.902 108.828
25 58 0 57.2933 74.6864
25 59 0 94.7304 103.055
25 60 0 19.673 28.3799
26 1 0 38.6675 40.5807
26 2 0 26.921 29.0257
26 3 0 14.9701 15.869
26 4 0 34.0334 38.4988
26 5 0 26.5613 39.2033
26 6 0 69.5047 102.306
26 7 0 2.16826 2.87274
26 8 0 25.1142 29.845
26 9 0 13.6841 18.9645
26 10 0 66.0717 67.5091
26 11 0 43.348 48.2899
26 12 0 27.0411 40.1241
26 13 0 91.2784 111.02
26 14 0 80.7503 83.1957
26 15 0 87.4528 94.64
26 16 0 78.2823 93.915
26 17 0 43.0969 60.0954
26 18 0 45.7442 50.8391
26 19 0 91.5239 116.36
26 20 0 96.8194 115.801
26 21 0 93.7696 137.867
26 22 0 33.9869 42.1493
26 23 0 67.7523 74.628
26 24 0 29.2048 33.8695
26 25 0 83.6333 96.2018
26 27 1 91.8864 135.977
26 28 1 83.5552 96.0657
26 29 0 79.6563 110.011
26 30 0 18.2631 19.8638
26 31 0 61.4915 87.7315
26 32 0 41.5685 43.2246
26 33 0 48.0806 62.9524
26 34 0 27.5563 33.2531
26 35 0 22.9545 32.8182
26 36 0 66.5536 90.7767
26 37 0 94.1367 126.666
26 38 0 18.1072 23.8619
26 39 0 2.38787 3.41066
26 40 0 50.6272 73.9062
26 41 0 78.3423 85.9198
26 42 0 99.8216 122.683
26 43 0 3.20709 3.68439
26 44 0 72.8528 102.57
26 45 0 30.5709 38.6499
26 46 0 55.3507 60.9445
26 47 0 55.987 57.1939
26 48 0 21.3473 23.0149
26 49 0 85.7002 121.956
26 50 0 29.6078 32.1838
26 51 0 98.2698 111.132
26 52 0 6.53798 8.74103
26 53 0 94.2599 125.374
26 54 0 37.7875 43.869
26 55 0 62.966 74.5083
26 56 0 73.0237 107.315
26 57 0 23.9304 24.4671
26 58 0 78.6241 115.353
26 59 0 49.9022 63.4356
26 60 0 94.9114 109.646
27 1 0 24.2337 29.9377
27 2 0 21.0065 30.7882
27 3 0 84.5755 98.537
27 4 0 60.5022 75.0163
27 5 0 32.997 37.3082
27 6 0 27.9523 35.4017
27 7 0 76.2229 110.78
27 8 0 44.8413 62.9865
27 9 0 91.0806 132.909
27 10 0 11.7391 11.9501
27 11 0 56.6366 62.4198
27 12 0 81.6561 98.1091
27 13 0 98.7267 116.564
27 14 0 61.6389 86.307
27 15 0 38.6247 39.6546
27 16 0 96.132 139.46
27 17 0 13.3025 15.7803
27 18 0 16.8935 24.3183
27 19 0 94.6963 131.172
27 20 0 7.42726 9.25088
27 21 0 64.5222 89.4807
27 22 0 90.4101 122.099
27 23 0 52.45 57.2868
27 24 0 81.8915 86.144
27 25 0 60.1932 78.7928
27 26 0 4.00191 4.83384
27 28 1 39.51 50.1007
27 29 0 60.1539 88.8709
27 30 0 44.5372 54.1024
27 31 0 10.4021 11.1342
27 32 0 49.4551 64.9281
27 33 0 5.18316 7.26808
27 34 0 36.456 49.9893
27 35 0 47.7059 49.9528
27 36 0 43.3206 62.8402
27 37 0 80.8827 109.694
27 38 0 55.9353 74.1527
27 39 0 83.8272 103.912
27 40 0 15.9996 22.3858
27 41 0 55.7058 76.354
27 42 0 44.4602 56.4909
27 43 0 38.6307 44.8753
27 44 0 4.47376 4.62652
27 45 0 89.4605 102.537
27 46 0 67.9492 82.2273
27 47 0 34.5474 37.4055
27 48 0 63.4507 83.1064
27 49 0 54.6658 80.088
27 50 0 25.6608 29.6281
27 51 0 18.5037 26.7923
27 52 0 72.513 90.2278
27 53 0 22.5454 31.0786
27 54 0 75.1487 112.606
27 55 1 91.5696 111.044
27 56 0 28.2352 31.2156
27 57 0 59.9846 72.6201
27 58 0 90.423 123.605
27 59 0 61.0238 91.0413
27 60 0 58.6625 74.4612
28 1 0 91.6559 123.201
28 2 0 5.52207 7.81878
28 3 0 19.8525 28.263
28 4 0 24.1035 33.3753
28 5 0 5.88718 8.42471
28 6 0 5.38352 7.46448
28 7 0 80.3434 90.1578
28 8 0 94.7072 106.096
28 9 0 47.3114 54.4182
28 10 0 16.3873 18.8607
28 11 0 55.884 61.2975
28 12 0 67.6476 77.608
28 13 0 27.5726 30.465
28 14 0 53.4334 59.056
28 15 0 9.85458 13.0909
28 16 0 66.1833 93.0443
28 17 0 25.8596 33.178
28 18 0 21.4753 27.9821
28 19 0 80.9 114.754
28 20 0 7.33662 9.73548
28 21 0 62.5486 79.9763
28 22 0 71.7777 96.4516
28 23 0 88.1211 130.692
28 24 0 40.1527 52.7014
28 25 0 60.7497 70.1699
28 26 0 46.7307 48.0037
28 27 0 80.5117 89.9841
28 29 1 13.0286 16.7441
28 30 0 29.973 44.4083
28 31 0 9.38649 11.6758
28 32 0 75.6204 96.2293
28 33 0 45.7789 53.8844
28 34 0 38.2106 50.3132
28 35 0 23.5856 25.0973
28 36 0 85.8559 124.159
28 37 0 7.76097 9.35744
28 38 1 71.7403 83.2178
28 39 0 0.11412 0.115273
28 40 0 61.277 65.8881
28 41 0 3.03672 3.92487
28 42 0 84.9351 99.772
28 43 0 28.6135 31.581
28 44 0 90.8006 102.456
28 45 0 27.6555 40.4782
28 46 0 36.0989 45.8623
28 47 0 90.5444 109.546
28 48 0 18.0177 26.9217
28 49 0 40.1803 47.4548
28 50 0 93.6023 95.1432
28 51 0 12.7454 16.3985
28 52 0 80.5492 94.1579
28 53 0 6.19329 7.22706
28 54 0 30.9161 42.616
28 55 0 88.7435 94.6501
28 56 0 35.2572 43.6979
28 57 0 88.2867 126.831
28 58 0 70.1009 75.6652
28 59 0 62.0209 66.3289
28 60 0 3.73259 4.71077
29 1 0 18.3131 23.4198
29 2 0 67.8376 101.671
29 3 0 51.915 59.1808
29 4 0 21.5053 31.3236
29 5 0 14.7639 19.2237
29 6 0 61.5827 87.8901
29 7 0 92.9985 132.049
29 8 0 4.79334 6.02359
29 9 0 25.4847 26.6987
29 10 0 12.6369 17.6646
29 11 0 51.6105 61.1498
29 12 0 16.1408 20.1388
29 13 0 21.3177 21.5827
29 14 0 77.7028 106.994
29 15 0 9.63969 13.3014
29 16 0 85.3341 97.4959
29 17 0 7.35936 8.8857
29 18 0 7.05432 8.68942
29 19 0 99.5966 130.066
29 20 0 66.8771 85.948
29 21 0 86.4411 112.629
29 22 0 49.2414 56.753
29 23 0 80.5522 92.7367
29 24 0 20.4093 24.3453
29 25 0 95.0078 124.775
29 26 0 6.56158 6.91697
29 27 0 19.4145 26.2135
29 28 0 31.2424 41.0625
29 30 1 70.7536 79.6037
29 31 0 55.6788 75.2067
29 32 0 35.2101 38.6997
29 33 0 85.3318 100.007
29 34 0 20.5196 21.584
29 35 0 66.3628 73.3264
29 36 0 3.33317 3.68077
29 37 0 16.5573 20.8017
29 38 0 66.8766 90.0662
29 39 0 69.2948 84.0184
29 40 0 19.4277 24.6906
29 41 0 77.1862 87.4161
29 42 0 96.9278 120.669
29 43 0 98.8757 134.314
29 44 0 52.5185 56.9551
29 45 0 58.8069 80.7413
29 46 0 3.55374 4.938
29 47 0 37.0875 49.5401
29 48 0 74.3612 106.78
29 49 0 41.9174 52.4658
29 50 0 21.2527 22.8606
29 51 0 41.9893 56.9032
29 52 0 25.1912 27.8625
29 53 0 78.3267 113.594
29 54 0 18.9225 20.0619
29 55 0 88.9535 105.423
29 56 0 53.7585 66.2367
29 57 0 22.0548 32.9007
29 58 0 74.5302 75.7756
29 59 0 60.8749 64.2807
29 60 0 18.5065 22.6341
30 1 0 29.4696 40.4284
30 2 0 58.9608 65.9964
30 3 0 16.5923 20.3116
30 4 0 22.2233 26.7722
30 5 0 15.0066 19.6895
30 6 0 37.6485 49.9244
30 7 0 46.1358 56.2562
30 8 0 14.3329 19.9029
30 9 0 80.5369 81.8206
30 10 0 48.6915 49.8482
30 11 0 72.4293 102.177
30 12 0 16.1141 23.2367
30 13 0 30.0572 43.2406
30 14 0 7.08972 9.6071
30 15 0 85.7301 98.9408
30 16 0 88.5689 111.889
30 17 0 28.0539 41.3727
30 18 0 58.6868 84.306
30 19 0 56.9126 57.0192
30 20 0 58.2863 73.7678
30 21 0 18.4726 23.8184
30 22 0 20.9501 28.3193
30 23 0 58.7332 77.3128
30 24 0 69.0444 86.4963
30 25 0 86.4605 96.9431
30 26 0 29.1904 35.5999
30 27 0 7.87636 9.38734
30 28 0 77.9098 94.2361
30 29 0 14.0508 20.0037
30 31 1 47.189 58.3788
30 32 0 23.2501 23.6528
30 33 0 70.999 99.3861
30 34 0 46.8802 61.5313
30 35 0 77.4496 86.8569
30 36 0 39.4072 56.252
30 37 0 84.3957 115.62
30 38 0 15.8057 19.7477
30 39 0 29.4381 40.8083
30 40 0 28.82 34.9947
30 41 0 34.5207 44.0374
30 42 0 66.4759 80.8528
30 43 0 95.6558 110.887
30 44 0 91.0802 129.892
30 45 0 38.9371 50.1175
30 46 0 34.2222 41.1242
30 47 0 64.8193 76.8282
30 48 0 39.2872 39.9309
30 49 0 1.5637 1.64184
30 50 0 33.6293 42.6468
30 51 0 81.1186 95.4627
30 52 0 34.4037 38.6426
30 53 0 30.3648 39.9461
30 54 0 90.1607 107.39
30 55 0 3.44295 3.45281
30 56 0 66.8095 73.9155
30 57 0 41.5556 58.2079
30 58 0 41.754 55.1164
30 59 0 0.681103 0.6972
30 60 0 41.5718 53.4743
31 1 1 47.2899 54.8461
31 2 0 4.64053 5.286
31 3 0 20.8744 29.3052
31 4 0 65.5805 76.5117
31 5 0 60.1085 80.6627
31 6 0 28.9357 40.1918
31 7 0 18.4946 18.6851
31 8 0 13.6392 15.0237
31 9 0 16.6376 18.0796
31 10 0 39.7517 49.9956
31 11 0 44.1269 63.839
31 12 0 39.2474 48.2269
31 13 0 64.766 79.3002
31 14 0 13.6961 15.7328
31 15 0 6.40405 7.79779
31 16 0 4.83961 7.05962
31 17 0 62.788 81.7669
31 18 0 30.8329 35.8251
31 19 0 3.42356 3.52892
31 20 0 93.7784 133.472
31 21 0 25.1911 31.9714
31 22 0 65.6487 75.9508
31 23 0 36.5562 44.8658
31 24 0 46.8209 59.8539
31 25 0 22.1817 28.3137
31 26 0 95.2678 133.241
31 27 0 15.0227 18.7187
31 28 0 9.09157 13.4837
31 29 0 2.09995 2.69947
31 30 0 0.823225 1.14813
31 32 1 32.8116 40.0785
31 33 0 97.5558 128.905
31 34 0 79.1541 115.286
31 35 0 21 27.1447
31 36 0 77.1175 78.5527
31 37 0 93.4512 131.052
31 38 0 87.5886 113.228
31 39 0 39.461 41.1455
31 40 0 7.9985 9.91851
31 41 0 79.8011 102.698
31 42 0 13.4714 18.2121
31 43 0 80.7033 95.9183
31 44 0 8.85216 10.6991
31 45 0 32.487 39.8086
31 46 0 53.021 77.1349
31 47 0 43.0366 58.1457
31 48 0 35.9432 40.6809
31 49 0 1.57347 1.8603
31 50 0 77.1274 115.043
31 51 0 73.6944 107.959
31 52 0 63.9091 81.0535
31 53 0 33.1811 39.2608
31 54 0 32.2071 45.8018
31 55 0 38.9845 55.063
31 56 0 62.7079 84.1367
31 57 0 57.2047 71.0038
31 58 0 10.9923 14.2849
31 59 0 65.791 84.8809
31 60 0 2.48715 3.14458
32 1 0 71.3406 77.9603
32 2 0 65.9609 97.313
32 3 0 91.3962 113.344
32 4 0 81.4382 107.77
32 5 0 42.207 54.6399
32 6 0 79.1497 103.932
32 7 0 79.1531 91.3168
32 8 0 40.6714 56.1642
32 9 0 58.4602 71.6943
32 10 0 7.35561 9.42866
32 11 0 26.0565 33.3161
32 12 0 86.8509 87.6621
32 13 0 72.4171 90.2293
32 14 0 76.8642 99.4618
32 15 0 20.9542 27.6807
32 16 0 13.945 15.0374
32 17 0 78.234 110.346
32 18 0 64.2284 92.9505
32 19 0 39.722 40.3392
32 20 0 2.29308 2.73524
32 21 0 96.5196 129.638
32 22 0 63.2939 86.7041
32 23 0 55.0295 79.6433
32 24 0 2.13691 2.18553
32 25 0 96.4075 140.147
32 26 0 21.2477 27.2755
32 27 0 64.3235 76.7832
32 28 0 10.8688 11.634
32 29 0 25.7507 32.1668
32 30 0 21.3285 27.427
32 31 0 63.1834 79.545
32 33 1 20.6797 29.084
32 34 0 34.1356 51.0064
32 35 0 12.6258 16.3558
32 36 0 85.4279 101.997
32 37 0 68.7454 85.0168
32 38 0 98.3167 120.588
32 39 0 24.3716 29.1073
32 40 0 23.7239 34.9306
32 41 0 80.4987 83.1535
32 42 0 86.6398 87.9739
32 43 0 58.8109 80.1562
32 44 0 9.72786 14.0645
32 45 0 4.7074 4.90457
32 46 0 71.7567 85.342
32 47 0 5.10492 5.96362
32 48 0 88.6913 103.105
32 49 0 31.7762 44.0573
32 50 1 17.5705 17.8619
32 51 0 79.4938 111.526
32 52 0 75.2855 93.9125
32 53 0 45.8359 58.9305
32 54 0 45.2383 48.7656
32 55 0 12.5011 13.1372
32 56 0 6.61384 7.03319
32 57 0 96.2231 120.425
32 58 0 74.7048 100.827
32 59 0 4.76265 5.66792
32 60 0 86.2394 113.95
33 1 0 23.6583 25.4688
33 2 0 42.0465 44.8621
33 3 0 86.7918 101.547
33 4 0 85.8353 103.463
33 5 0 41.3329 55.6281
33 6 0 81.4447 106.815
33 7 0 93.4288 127.771
33 8 0 9.13866 12.1533
33 9 0 79.8823 96.4578
33 10 0 66.9113 69.9266
33 11 0 34.5363 50.3708
33 12 0 69.0767 93.6699
33 13 0 34.0743 47.8344
33 14 0 9.75608 13.8059
33 15 0 52.2395 76.6101
33 16 0 5.50242 8.04856
33 17 0 39.1614 47.5977
33 18 0 81.4956 119.399
33 19 0 76.8589 86.7889
33 20 0 77.5042 87.1117
33 21 0 30.1639 38.8405
33 22 0 74.1995 111.212
33 23 0 7.34451 9.12834
33 24 0 57.427 71.9384
33 25 0 24.8261 36.442
33 26 0 34.4726 40.0488
33 27 0 68.3099 78.3044
33 28 0 52.0598 54.4418
33 29 0 6.2552 9.21828
33 30 0 61.4155 68.5382
33 31 0 90.7481 95.6559
33 32 0 67.1302 81.4576
33 34 1 75.4122 106.659
33 35 0 64.5829 69.5734
33 36 0 16.8634 23.2344
33 37 0 70.433 78.2746
33 38 0 84.1842 112.531
33 39 0 94.1709 126.147
33 40 0 82.359 116.545
33 41 0 58.7537 72.4688
33 42 0 10.5329 10.6173
33 43 0 69.4833 102.947
33 44 0 37.3986 51.5726
33 45 0 27.3327 37.1786
33 46 0 17.346 22.1568
33 47 1 48.5772 59.1346
33 48 0 96.6837 106.603
33 49 0 73.5646 97.5659
33 50 0 91.7333 98.4503
33 51 0 66.0683 87.5546
33 52 0 10.6457 15.6359
33 53 0 43.4881 45.0197
33 54 0 98.0292 105.328
33 55 0 52.3401 67.7665
33 56 0 68.9388 100.208
33 57 0 4.16573 6.1995
33 58 0 31.0962 40.3901
33 59 0 45.3675 50.883
33 60 0 5.34813 6.7261
34 1 0 58.6102 77.654
34 2 0 23.1656 25.5806
34 3 0 27.157 31.4259
34 4 0 85.7617 120.588
34 5 0 81.2815 98.4116
34 6 0 0.870064 1.11789
34 7 0 71.314 72.0154
34 8 0 72.7767 88.3545
34 9 0 46.7519 67.2353
34 10 0 82.5048 100.309
34 11 0 3.47034 4.73071
34 12 0 58.3755 74.5731
34 13 0 17.5009 25.7346
34 14 0 97.5682 107.628
34 15 0 97.6852 132.102
34 16 0 85.2009 96.1011
34 17 0 93.7885 108.035
34 18 0 58.2761 60.3013
34 19 0 55.2938 78.9233
34 20 0 72.2123 90.3147
34 21 0 8.05316 8.15056
34 22 0 54.7556 67.4854
34 23 0 19.1338 20.2383
34 24 0 27.7752 38.2165
34 25 0 48.1879 68.1798
34 26 0 28.4856 39.2388
34 27 0 62.1695 73.5829
34 28 0 77.662 115.247
34 29 0 62.7666 91.4355
34 30 0 18.2096 23.7891
34 31 0 23.5964 30.9757
34 32 0 38.2191 48.9941
34 33 0 34.5567 39.7632
34 35 1 86.0701 105.452
34 36 0 48.9911 70.9541
34 37 0 8.26484 8.61268
34 38 0 61.1301 61.368
34 39 0 52.0939 61.5179
34 40 0 95.768 130.76
34 41 0 93.4201 117.398
34 42 0 58.9734 69.1813
34 43 0 10.9371 13.8569
34 44 0 85.4409 118.088
34 45 0 3.90783 5.5598
34 46 0 17.1509 24.1953
34 47 0 5.34825 5.38068
34 48 0 78.2441 102.363
34 49 0 21.9053 25.6627
34 50 0 88.0322 88.3989
34 51 0 25.4007 25.6224
34 52 0 53.8352 74.1046
34 53 0 13.6863 18.8506
34 54 0 90.9326 127.185
34 55 0 42 42.797
34 56 0 5.20603 6.26552
34 57 0 25.4605 34.2835
34 58 0 69.989 85.7762
34 59 0 34.5992 41.6663
34 60 0 12.6133 12.9591
35 1 0 91.001 131.964
35 2 0 54.6001 77.0888
35 3 0 5.01523 6.91724
35 4 0 65.6275 94.0959
35 5 0 66.3822 87.9035
35 6 0 68.2924 95.8442
35 7 0 90.4841 106.072
35 8 0 26.8323 28.2522
35 9 0 0.965622 1.14535
35 10 0 26.0091 27.1311
35 11 0 42.7545 63.2333
35 12 0 64.2033 91.9838
35 13 0 46.5226 67.7813
35 14 0 49.5094 64.9
35 15 0 78.9033 96.6286
35 16 0 14.1195 18.9651
35 17 0 99.015 127.272
35 18 0 72.3061 78.8164
35 19 0 81.7077 97.95
35 20 0 4.04695 6.00049
35 21 0 77.8823 82.7986
35 22 0 41.9139 57.7909
35 23 0 50.8582 54.5528
35 24 0 40.9418 48.6877
35 25 0 64.9217 75.9361
35 26 0 73.934 83.6706
35 27 0 39.5652 43.8732
35 28 0 56.4058 65.9446
35 29 0 94.5434 109.887
35 30 0 8.7905 11.7594
35 31 0 28.5579 34.5717
35 32 1 7.16083 10.1047
35 33 0 81.1622 85.994
35 34 0 9.27133 9.5868
35 36 1 27.8719 32.7705
35 37 0 53.1713 73.4889
35 38 0 10.3813 13.0498
35 39 0 90.1425 97.8634
35 40 0 68.5573 81.6478
35 41 0 65.9825 97.0095
35 42 0 82.6817 116.787
35 43 0 72.5544 100.792
35 44 0 2.32857 2.43181
35 45 0 74.9779 99.2308
35 46 0 99.0065 102.783
35 47 0 73.9894 74.1413
35 48 0 57.181 83.7519
35 49 0 33.6823 34.717
35 50 0 84.5582 117.551
35 51 0 24.6551 30.6733
35 52 0 6.86183 8.17578
35 53 0 43.7278 55.7741
35 54 0 77.421 108.846
35 55 0 46.0026 48.7768
35 56 0 8.3611 9.43183
35 57 0 78.0908 88.031
35 58 0 6.68107 7.92701
35 59 0 8.24255 10.2104
35 60 0 74.4743 108.029
36 1 0 20.8253 25.1708
36 2 0 25.0404 25.1875
36 3 0 98.3305 107.717
36 4 0 40.6153 55.4514
36 5 0 36.2901 49.5468
36 6 0 52.4543 67.0328
36 7 0 38.5362 41.0159
36 8 0 19.631 25.3642
36 9 0 70.2209 86.8776
36 10 0 29.2171 30.6253
36 11 0 92.2982 138.168
36 12 0 44.5892 50.827
36 13 0 88.6897 114.97
36 14 0 52.6854 78.2616
36 15 0 92.9254 108.797
36 16 0 6.01451 8.79286
36 17 0 21.7615 30.9653
36 18 0 23.1231 33.1424
36 19 0 6.1033 6.61612
36 20 0 22.6516 30.9346
36 21 0 81.1196 91.859
36 22 0 93.0055 107.879
36 23 0 78.5401 106.401
36 24 0 87.1866 115.953
36 25 0 75.4808 102.028
36 26 0 32.6158 47.5102
36 27 0 35.222 38.7806
36 28 0 38.6977 41.1447
36 29 0 96.6813 139.681
36 30 0 43.6771 46.7211
36 31 0 71.4528 91.0845
36 32 0 30.4534 32.5678
36 33 0 30.3627 35.8236
36 34 0 4.87612 6.04882
36 35 0 76.7177 114.631
36 37 1 11.3486 14.9857
36 38 0 84.9558 127.046
36 39 0 22.0061 30.0991
36 40 0 93.6209 129.674
36 41 1 44.8658 51.5287
36 42 0 85.7876 107.969
36 43 0 56.02 64.584
36 44 0 39.9289 55.1804
36 45 0 41.82 51.0723
36 46 0 52.7147 57.453
36 47 0 79.5846 100.102
36 48 0 59.6312 72.6626
36 49 0 72.8292 106.82
36 50 0 18.8892 24.364
36 51 0 5.11579 6.28865
36 52 0 92.5382 118.47
36 53 0 75.4542 99.1927
36 54 0 90.3404 96.9172
36 55 0 32.6994 36.62
36 56 0 26.1631 27.2201
36 57 0 2.04389 2.73258
36 58 0 2.08587 2.33557
36 59 0 0.219255 0.292703
36 60 0 85.0209 117.988
37 1 0 37.0951 48.7913
37 2 0 23.7069 27.3134
37 3 0 28.4867 39.8967
37 4 0 52.9656 77.5024
37 5 0 55.9134 77.5224
37 6 0 57.5567 84.6236
37 7 0 50.7869 54.1441
37 8 0 7.00182 9.08163
37 9 0 89.1307 116.443
37 10 0 81.1618 100.126
37 11 0 35.9351 45.5588
37 12 0 46.9357 48.6368
37 13 0 25.0615 29.232
37 14 0 99.5716 142.227
37 15 0 51.6166 61.2777
37 16 0 59.0365 66.7983
37 17 0 38.9397 53.5185
37 18 0 56.2503 71.3838
37 19 0 32.2279 45.4852
37 20 0 87.1422 130.66
37 21 0 48.0185 50.5449
37 22 0 39.7835 51.7661
37 23 0 53.6405 63.1792
37 24 0 79.5704 100.579
37 25 0 74.1279 79.3517
37 26 0 16.0475 21.588
37 27 0 47.8982 71.4805
37 28 0 46.1458 52.3062
37 29 0 59.0431 88.5061
37 30 0 35.1183 45.9099
37 31 0 67.6111 77.1854
37 32 0 30.739 38.144
37 33 0 32.2132 38.7219
37 34 0 33.9423 46.0162
37 35 0 35.0238 39.0901
37 36 0 52.2172 77.7949
37 38 1 14.3928 19.0504
37 39 0 23.2209 28.937
37 40 0 48.8804 70.7222
37 41 0 47.5843 58.6322
37 42 0 37.1919 45.2842
37 43 0 56.7967 78.3616
37 44 0 7.95218 11.8977
37 45 0 25.9795 34.4921
37 46 0 40.9912 59.5025
37 47 0 98.7241 112.425
37 48 0 39.8147 46.6653
37 49 0 72.6619 74.1114
37 50 0 50.8577 68.5102
37 51 0 81.6591 100.899
37 52 0 30.4456 43.3943
37 53 0 99.895 133.463
37 54 0 13.8343 15.3505
37 55 0 68.7605 100.736
37 56 0 75.4807 76.5024
37 57 0 99.8263 145.757
37 58 0 82.4926 82.7445
37 59 0 6.05497 8.00329
37 60 0 49.4999 61.1036
38 1 0 84.1635 98.0213
38 2 0 13.6366 14.3464
38 3 0 52.9357 63.6071
38 4 0 31.2195 33.6236
38 5 0 65.8584 94.5482
38 6 0 44.0274 58.2878
38 7 0 50.0094 55.4439
38 8 0 41.3988 55.468
38 9 0 15.179 19.2788
38 10 0 81.1889 106.128
38 11 0 74.5255 103.231
38 12 0 72.8108 78.5362
38 13 0 18.3415 24.2553
38 14 0 65.9753 87.2513
38 15 0 93.209 112.442
38 16 1 44.2137 56.0822
38 17 0 64.248 76.3147
38 18 0 14.4822 18.3809
38 19 0 1.14113 1.45279
38 20 0 46.6263 52.8729
38 21 0 53.5043 54.343
38 22 0 28.7544 34.8191
38 23 1 89.5635 90.8039
38 24 0 36.6558 46.9317
38 25 0 36.0633 41.4381
38 26 0 56.6441 65.8144
38 27 0 15.3916 20.4245
38 28 0 26.8094 28.8265
38 29 0 20.4269 22.2502
38 30 0 10.8794 12.2217
38 31 0 75.4421 80.1328
38 32 0 25.1931 30.5178
38 33 0 62.2868 90.6613
38 34 0 60.4579 62.3151
38 35 0 10.4369 14.9694
38 36 0 6.28787 7.50557
38 37 0 85.7869 112.335
38 39 1 0.123964 0.185113
38 40 0 85.9318 93.7352
38 41 0 25.4809 30.7879
38 42 0 38.7702 46.2907
38 43 0 13.3797 16.4917
38 44 0 83.3678 122.915
38 45 0 39.4408 53.7928
38 46 0 59.305 62.6005
38 47 0 44.058 60.4698
38 48 0 56.3679 64.7823
38 49 0 97.4635 119.611
38 50 0 19.8199 24.7711
38 51 0 53.9422 75.532
38 52 0 75.5092 97.3416
38 53 0 80.2248 115.358
38 54 0 79.0039 109.509
38 55 0 57.0254 63.8202
38 56 0 56.6728 82.1696
38 57 0 69.959 100.911
38 58 0 90.0235 118.355
38 59 0 3.77561 5.00362
38 60 0 90.517 94.3975
39 1 0 8.84457 11.1295
39 2 0 75.8211 96.805
39 3 0 89.3114 108.113
39 4 0 52.5113 77.9606
39 5 0 16.0667 18.7273
39 6 0 30.4516 38.5375
39 7 0 83.5963 90.9289
39 8 0 68.8615 82.4989
39 9 0 58.8867 82.6374
39 10 0 1.22323 1.27559
39 11 0 95.6224 99.6169
39 12 0 68.79 78.2595
39 13 0 14.9013 20.6398
39 14 0 38.3869 57.4075
39 15 0 54.4772 64.9578
39 16 0 92.7405 93.9101
39 17 0 83.4625 112.556
39 18 0 74.6543 97.3529
39 19 0 65.1294 78.669
39 20 0 46.1847 50.1807
39 21 0 68.9151 76.7797
39 22 0 18.6371 24.8539
39 23 0 34.7153 37.0084
39 24 0 18.1498 26.273
39 25 0 58.3858 78.1246
39 26 0 45.7001 57.1617
39 27 0 29.6953 31.366
39 28 0 59.801 82.6112
39 29 0 12.1552 12.1797
39 30 0 91.752 102.038
39 31 0 42.5236 47.0759
39 32 0 33.3195 48.6176
39 33 0 45.2464 53.314
39 34 0 11.7101 17.165
39 35 0 71.5239 100.316
39 36 0 88.9545 129.384
39 37 0 83.8783 106.247
39 38 0 93.4165 113.565
39 40 1 81.7269 103.558
39 41 0 50.2766 72.1055
39 42 0 42.1452 61.3715
39 43 0 38.0965 39.3324
39 44 0 65.975 74.5123
39 45 0 57.5234 78.3362
39 46 0 36.1285 46.4545
39 47 0 89.6404 123.313
39 48 0 91.8576 134.128
39 49 0 98.8035 105.155
39 50 0 0.144599 0.171502
39 51 0 89.893 117.485
39 52 0 79.7882 93.598
39 53 0 26.7371 30.9784
39 54 0 28.7475 40.7147
39 55 0 12.3038 14.7878
39 56 0 14.5142 19.7342
39 57 0 34.2635 36.3697
39 58 0 87.3546 117.497
39 59 0 26.0385 30.0645
39 60 0 12.6346 14.752
40 1 0 63.4187 78.5617
40 2 0 88.6256 128.362
40 3 0 69.1767 70.3404
40 4 0 40.1911 50.1521
40 5 0 81.6411 104.257
40 6 0 31.0031 38.567
40 7 0 49.8491 57.4686
40 8 0 18.9468 26.9885
40 9 0 30.2786 43.3697
40 10 0 35.5744 53.1262
40 11 0 18.4494 26.2568
40 12 0 85.5617 111.059
40 13 0 25.0602 26.8611
40 14 0 87.3309 92.798
40 15 0 8.41729 11.6323
40 16 0 57.2866 63.3395
40 17 0 48.5047 52.0253
40 18 0 98.992 148.334
40 19 0 1.47312 2.17164
40 20 0 58.7058 59.6075
40 21 0 75.5712 87.391
40 22 0 15.5223 23.2809
40 23 0 70.1856 77.8051
40 24 0 12.881 13.6569
40 25 0 99.2865 126.369
40 26 0 58.1992 84.9082
40 27 0 99.7086 131.46
40 28 0 16.3643 16.8171
40 29 0 8.03882 8.18573
40 30 0 92.1149 114.687
40 31 0 0.238084 0.267868
40 32 0 53.5015 61.5681
40 33 0 42.5027 42.5836
40 34 0 63.3535 89.6142
40 35 0 10.0291 11.3584
40 36 0 13.7183 15.4338
40 37 0 90.5466 109.589
40 38 0 59.7854 71.3979
40 39 0 89.5205 107.799
40 41 1 86.4095 96.2214
40 42 0 19.6402 23.8255
40 43 0 59.3565 78.2104
40 44 0 34.0267 37.9528
40 45 0 77.7429 116.282
40 46 0 2.80831 3.10052
40 47 0 60.1029 78.226
40 48 0 16.2516 17.2064
40 49 0 84.3734 116.652
40 50 0 61.1255 83.169
40 51 0 36.4957 46.447
40 52 0 70.4711 97.5757
40 53 0 8.4245 11.6664
40 54 0 63.7648 74.9658
40 55 0 3.65128 4.74137
40 56 0 50.6963 75.5732
40 57 0 69.689 97.5562
40 58 1 49.287 53.8259
40 59 0 25.5702 27.4044
40 60 0 69.3294 93.6325
41 1 0 58.7073 59.8667
41 2 0 21.9582 31.2634
41 3 0 58.103 60.4091
41 4 0 32.2249 48.282
41 5 0 51.2849 76.0194
41 6 0 96.1539 106.703
41 7 0 84.4421 98.8913
41 8 0 26.4483 31.5353
41 9 0 74.061 102.328
41 10 0 50.6865 67.4213
41 11 0 77.675 94.8466
41 12 0 45.4521 47.406
41 13 0 68.6449 76.7827
41 14 0 42.1401 48.9616
41 15 0 3.26671 3.82964
41 16 0 3.18297 3.30261
41 17 0 32.2782 43.3545
41 18 0 79.3823 107.405
41 19 0 52.2349 60.4012
41 20 0 22.0654 23.5327
41 21 0 4.17232 5.304
41 22 0 99.4362 129.705
41 23 0 26.7702 32.9829
41 24 0 73.8487 109.595
41 25 0 74.3096 77.518
41 26 0 13.4365 15.9404
41 27 0 56.9344 64.7941
41 28 0 24.2208 26.8094
41 29 0 1.49295 1.88735
41 30 0 14.0796 14.4414
41 31 0 17.0987 18.3443
41 32 0 83.8964 90.8657
41 33 0 47.2374 67.8566
41 34 0 93.5488 128.335
41 35 0 94.6308 100.468
41 36 0 84.2683 107.214
41 37 0 48.961 57.0792
41 38 0 88.2303 101.494
41 39 0 39.8778 49.7293
41 40 0 91.5786 115.611
41 42 1 97.3329 127.957
41 43 0 40.4287 55.794
41 44 0 9.17713 10.309
41 45 0 67.0104 67.9687
41 46 0 74.9465 78.1077
41 47 0 27.2397 30.4181
41 48 0 84.4775 112.66
41 49 0 29.057 30.4972
41 50 0 4.75816 6.21796
41 51 0 91.9284 115.066
41 52 0 40.0208 53.1627
41 53 0 8.04254 10.2342
41 54 0 70.9218 96.8578
41 55 0 43.1685 53.8375
41 56 0 25.289 32.5736
41 57 0 55.5285 63.9885
41 58 0 49.3308 69.5943
41 59 0 95.7853 134.968
41 60 0 22.2677 31.825
42 1 0 32.9065 33.559
42 2 0 23.883 24.1831
42 3 0 51.8144 76.5285
42 4 0 87.3208 103.853
42 5 0 67.8361 85.3072
42 6 0 82.7207 91.6207
42 7 0 53.2871 54.9092
42 8 0 23.0678 27.3842
42 9 0 5.384 5.95648
42 10 0 75.3221 76.6894
42 11 0 52.588 56.906
42 12 0 88.9486 131.37
42 13 0 63.8965 87.1444
42 14 0 44.0771 51.2086
42 15 0 46.0032 59.7078
42 16 0 3.0071 3.92301
42 17 0 60.2019 85.4391
42 18 0 19.6954 20.3746
42 19 0 16.7265 25.0887
42 20 0 99.7887 146.085
42 21 0 61.1357 79.7857
42 22 0 16.0444 18.6449
42 23 0 46.3193 51.8117
42 24 0 40.3823 60.0659
42 25 0 32.5242 35.5858
42 26 0 44.5591 57.5224
42 27 0 60.5938 82.8812
42 28 1 43.9424 51.6059
42 29 0 99.1018 102.397
42 30 0 88.555 95.6238
42 31 0 64.0337 81.5708
42 32 0 15.0118 21.2357
42 33 0 13.2921 14.6382
42 34 0 14.047 15.0878
42 35 0 88.275 103.451
42 36 0 81.0614 91.3173
42 37 0 1.11188 1.20734
42 38 0 5.87351 6.31652
42 39 0 61.2355 90.4088
42 40 0 4.22348 6.25787
42 41 0 18.099 26.8145
42 43 1 75.3384 101.674
42 44 0 84.6551 87.1919
42 45 0 59.3172 62.6834
42 46 0 77.3388 80.3565
42 47 0 43.5335 61.8179
42 48 0 21.6483 31.8912
42 49 0 58.4427 67.5739
42 50 0 96.5931 133.754
42 51 0 84.0335 95.4325
42 52 0 6.7118 6.90475
42 53 1 34.1525 38.5002
42 54 0 6.61624 8.13923
42 55 0 25.8988 31.8564
42 56 0 12.1868 13.0252
42 57 0 67.1421 69.9604
42 58 0 44.8567 55.9752
42 59 0 84.0993 110.196
42 60 0 16.5125 24.1389
43 1 0 16.4766 17.9378
43 2 0 75.2098 88.1559
43 3 0 39.4274 41.683
43 4 0 0.642983 0.684788
43 5 0 93.6644 132.853
43 6 0 38.6763 53.6659
43 7 0 61.3809 82.0727
43 8 0 90.4383 115.71
43 9 0 81.1889 95.6663
43 10 0 41.1194 60.1829
43 11 0 56.9595 69.1018
43 12 0 19.2799 22.9753
43 13 0 17.9996 18.2942
43 14 0 50.9294 65.723
43 15 0 98.2783 132.491
43 16 0 57.2429 78.2799
43 17 0 39.5615 53.6462
43 18 0 11.9832 13.6498
43 19 0 99.5263 148.274
43 20 0 16.7144 22.8609
43 21 0 22.1841 31.4031
43 22 0 84.1888 88.0844
43 23 0 27.4752 27.9363
43 24 0 97.3285 98.1619
43 25 0 2.66018 3.77396
43 26 0 29.0478 38.2213
43 27 0 21.2159 31.0795
43 28 0 10.4255 13.9867
43 29 0 55.5008 73.5669
43 30 0 5.16357 5.9899
43 31 0 96.2763 133.252
43 32 0 37.6044 45.3489
43 33 0 91.8162 96.8055
43 34 0 6.26596 9.11418
43 35 0 87.5705 100.614
43 36 0 22.1801 25.7741
43 37 0 61.7868 70.4365
43 38 0 1.68514 2.33866
43 39 0 9.42424 12.846
43 40 0 81.4117 94.5742
43 41 0 50.7852 57.9296
43 42 0 48.7128 68.88
43 44 1 3.09218 3.69509
43 45 0 42.5626 55.4223
43 46 0 47.3576 67.8995
43 47 0 44.3412 48.5497
43 48 0 91.6837 112.937
43 49 0 6.18186 7.47451
43 50 0 33.1269 45.4577
43 51 0 81.5427 122.012
43 52 0 51.5309 77.2049
43 53 0 79.9336 101.705
43 54 0 81.338 110.056
43 55 0 69.9706 103.544
43 56 0 0.278178 0.370645
43 57 0 49.2584 64.961
43 58 0 59.0202 73.81
43 59 0 19.0987 20.3692
43 60 0 71.7131 84.9278
44 1 0 62.0835 65.3539
44 2 0 30.6779 32.1948
44 3 0 93.1619 109.88
44 4 0 50.6824 56.1667
44 5 0 95.6412 120.626
44 6 0 64.5375 83.8515
44 7 0 99.0727 102.945
44 8 0 56.9947 71.3422
44 9 0 69.6516 96.2502
44 10 0 15.8812 18.1858
44 11 0 9.70202 10.9006
44 12 0 70.325 95.2711
44 13 0 67.9864 73.4245
44 14 0 38.8583 50.9802
44 15 0 82.0257 103.906
44 16 0 2.89535 3.7214
44 17 0 36.5627 51.9575
44 18 0 19.834 24.9308
44 19 0 33.8559 39.3217
44 20 0 81.4345 103.861
44 21 0 33.7657 38.4135
44 22 0 52.1504 71.9799
44 23 0 57.4502 78.634
44 24 0 8.94675 10.3056
44 25 0 98.5573 128.03
44 26 0 78.8248 116.155
44 27 0 41.6971 57.0505
44 28 0 85.7951 95.0267
44 29 0 67.4598 89.5573
44 30 0 89.0733 92.2018
44 31 0 53.3758 71.4244
44 32 0 87.049 91.6018
44 33 0 15.0749 22.3652
44 34 0 38.0664 46.3978
44 35 0 55.0624 58.3678
44 36 0 64.2461 88.9407
44 37 0 43.5877 56.0455
44 38 0 35.8015 52.8474
44 39 0 37.49 44.658
44 40 0 54.0397 76.8315
44 41 0 3.53213 4.21819
44 42 0 19.2409 22.472
44 43 0 95.023 119.762
44 45 1 64.526 77.3919
44 46 0 50.0549 68.4254
44 47 0 55.5887 82.3353
44 48 0 39.5085 46.8191
44 49 0 94.8833 95.3537
44 50 0 5.65538 8.13074
44 51 0 18.797 22.8395
44 52 0 21.8246 30.8737
44 53 0 16.4046 23.1886
44 54 0 47.5217 65.547
44 55 0 10.0178 11.1175
44 56 0 97.2618 142.96
44 57 0 56.4947 79.9785
44 58 0 78.6868 80.1878
44 59 0 6.25548 8.7701
44 60 0 89.3173 128.574
45 1 0 70.6232 98.7144
45 2 0 78.6095 91.0705
45 3 0 61.9471 80.6421
45 4 0 14.8205 16.471
45 5 0 74.9566 75.0138
45 6 0 85.9853 90.9959
45 7 0 83.6303 92.6522
45 8 0 91.985 113.119
45 9 0 4.51939 6.60231
45 10 0 51.9853 53.977
45 11 0 3.76279 4.42108
45 12 0 25.6024 34.7272
45 13 0 46.2341 54.2763
45 14 0 52.1004 56.3506
45 15 0 0.0328043 0.0491996
45 16 0 99.8892 124.951
45 17 0 41.5471 49.4975
45 18 0 88.7817 126.619
45 19 0 82.4175 119.611
45 20 0 92.5548 112.26
45 21 0 67.8423 80.3955
45 22 0 64.0906 89.4071
45 23 0 72.2558 88.127
45 24 0 9.36142 11.2898
45 25 0 45.0159 66.3923
45 26 0 77.0116 101.292
45 27 0 70.7956 100.674
45 28 0 91.4024 119.175
45 29 0 23.5018 24.2218
45 30 0 87.7629 125.925
45 31 0 46.9363 55.3887
45 32 0 40.2459 41.3268
45 33 0 25.1533 31.8936
45 34 0 16.2538 18.0954
45 35 0 32.7804 45.8839
45 36 0 92.1613 129.982
45 37 0 12.5844 13.2287
45 38 0 59.1902 87.4112
45 39 0 82.4515 85.6567
45 40 0 58.0427 72.8032
45 41 0 98.3533 138.568
45 42 0 74.0074 97.9285
45 43 0 49.5445 66.5821
45 44 0 50.9454 53.949
45 46 1 49.7023 54.791
45 47 0 73.5541 98.4479
45 48 0 12.8621 17.3305
45 49 0 32.2662 38.3221
45 50 0 13.307 19.6658
45 51 0 98.2217 125.061
45 52 0 89.4813 120.82
45 53 0 21.738 27.0948
45 54 0 12.7466 13.6775
45 55 0 40.2689 52.3628
45 56 0 39.9131 46.0787
45 57 0 98.7319 142.389
45 58 0 98.9661 122.549
45 59 0 44.6591 57.4502
45 60 0 1.11165 1.62188
46 1 0 47.0205 63.7684
46 2 0 50.8813 70.6646
46 3 0 23.1043 25.3086
46 4 0 5.6656 7.78472
46 5 0 51.3427 66.6884
46 6 0 74.1029 78.4115
46 7 0 62.6643 89.9282
46 8 0 21.2798 27.2789
46 9 0 12.7214 18.9486
46 10 0 7.83595 10.3578
46 11 0 94.5559 120.006
46 12 0 51.5114 62.6029
46 13 0 68.1442 78.1529
46 14 0 94.1525 113.552
46 15 0 15.4652 17.4045
46 16 0 1.29488 1.67874
46 17 0 87.0116 95.1804
46 18 0 37.3768 40.3192
46 19 0 45.3049 66.0241
46 20 0 44.4866 50.1063
46 21 0 58.5641 84.0443
46 22 0 33.5687 35.5922
46 23 0 12.4912 16.6428
46 24 0 12.2355 16.8679
46 25 0 26.1685 34.6301
46 26 0 19.764 27.0728
46 27 0 12.8876 13.8039
46 28 0 79.5369 103.878
46 29 0 0.798938 1.13705
46 30 0 76.7317 105.094
46 31 0 83.5798 121.499
46 32 0 23.4922 26.6152
46 33 0 47.9745 60.7306
46 34 0 4.31809 5.68289
46 35 0 7.19749 7.71029
46 36 0 63.0699 74.5694
46 37 0 92.7776 105.171
46 38 0 46.2089 53.4978
46 39 0 86.3517 104.211
46 40 0 28.8714 29.6976
46 41 0 88.3087 90.3387
46 42 0 23.5029 30.0008
46 43 0 89.5418 98.1889
46 44 0 32.962 34.0918
46 45 0 85.0733 86.0937
46 47 1 32.0414 41.7805
46 48 0 89.8471 127.394
46 49 0 0.97518 1.46183
46 50 0 42.9253 58.8237
46 51 0 42.6695 61.2611
46 52 0 21.4045 21.9126
46 53 0 22.1412 25.9053
46 54 0 92.7709 129.666
46 55 0 61.1147 79.839
46 56 0 27.7479 36.1065
46 57 0 8.69412 9.73705
46 58 0 93.7688 109.423
46 59 0 49.7995 73.1047
46 60 0 28.7781 28.9393
47 1 0 69.0208 87.7204
47 2 0 26.4302 33.2408
47 3 0 52.128 56.8315
47 4 0 23.4615 25.044
47 5 0 92.4922 130.717
47 6 0 16.0933 21.2804
47 7 0 73.6568 78.624
47 8 0 99.4462 100.033
47 9 0 86.1453 93.2421
47 10 0 60.3257 87.3084
47 11 0 80.4815 81.6081
47 12 0 56.3838 64.4633
47 13 0 12.5653 12.8057
47 14 0 26.6113 35.3877
47 15 0 22.7201 31.2823
47 16 0 5.20218 7.68048
47 17 0 72.912 105.02
47 18 0 10.7076 13.7764
47 19 0 14.5718 20.9586
47 20 0 12.2886 14.5358
47 21 0 48.4821 67.6225
47 22 0 81.0692 108.359
47 23 0 78.0482 96.4765
47 24 0 45.6643 58.2616
47 25 0 53.9721 58.9558
47 26 0 41.1451 55.8637
47 27 0 45.706 51.3198
47 28 0 60.4517 82.3696
47 29 0 83.2319 122.527
47 30 0 79.7876 107.195
47 31 0 47.8386 61.4608
47 32 0 53.7781 80.3801
47 33 0 11.2697 12.2711
47 34 0 44.2229 50.803
47 35 0 56.5674 82.2289
47 36 0 56.3285 56.5533
47 37 0 97.5133 131.962
47 38 0 63.4158 81.7525
47 39 0 19.2516 24.6459
47 40 0 81.2752 112.515
47 41 0 18.6053 25.37
47 42 0 96.1749 109.962
47 43 0 31.224 35.4605
47 44 0 29.2502 37.8805
47 45 0 66.9873 99.6231
47 46 0 16.7043 22.1249
47 48 1 17.927 22.7836
47 49 0 98.4094 124.049
47 50 0 49.0751 70.3188
47 51 0 63.2293 79.8909
47 52 0 4.37904 4.46216
47 53 0 18.8947 26.76
47 54 0 98.5355 109.779
47 55 0 27.8945 34.5402
47 56 0 34.6611 46.6088
47 57 0 42.099 52.8736
47 58 0 9.27926 12.9236
47 59 0 15.7691 16.1236
47 60 0 42.0794 53.8601
48 1 1 77.9572 94.3563
48 2 0 23.8746 28.6209
48 3 0 48.6832 58.6951
48 4 0 22.7262 33.3308
48 5 0 93.6715 128.995
48 6 0 33.0574 47.6276
48 7 0 71.6268 91.3562
48 8 0 8.38476 11.1765
48 9 0 27.2453 37.5582
48 10 0 40.7278 58.58
48 11 0 40.353 60.5246
48 12 0 87.8589 94.8934
48 13 0 31.7154 45.641
48 14 0 65.4954 97.7016
48 15 0 58.7788 61.2116
48 16 0 5.51253 7.67555
48 17 0 95.9444 126.076
48 18 0 77.1623 89.5739
48 19 0 12.2386 14.6445
48 20 0 15.7972 16.1493
48 21 0 11.6999 14.5873
48 22 1 47.7016 67.3726
48 23 1 37.2743 49.7663
48 24 0 12.6482 15.5189
48 25 0 37.9095 41.883
48 26 0 57.5177 78.8054
48 27 0 79.3158 113.05
48 28 0 99.3671 102.816
48 29 0 35.678 44.1019
48 30 0 17.6111 23.1901
48 31 0 20.6892 26.4199
48 32 0 37.4508 54.2203
48 33 0 15.2253 22.5983
48 34 1 90.2754 128.741
48 35 0 99.5631 103.199
48 36 0 16.6487 21.6891
48 37 0 91.8725 103.518
48 38 0 0.759534 1.01705
48 39 0 40.0144 41.7783
48 40 0 58.1412 78.877
48 41 0 79.6092 104.348
48 42 0 92.5041 106.65
48 43 0 23.7149 28.1968
48 44 0 68.9535 81.5323
48 45 0 81.4793 116.615
48 46 0 86.7535 103.815
48 47 0 30.1531 40.1352
48 49 1 94.5151 139.529
48 50 0 7.6003 7.694
48 51 0 22.6474 33.6797
48 52 0 15.4274 22.1133
48 53 0 41.5943 48.7603
48 54 0 41.1827 58.5033
48 55 0 3.99237 5.11085
48 56 0 59.8684 62.3263
48 57 0 27.9775 33.7752
48 58 0 34.6487 39.5349
48 59 0 11.343 12.311
48 60 0 23.0066 26.0352
49 1 0 56.9098 64.1367
49 2 0 81.7482 87.1263
49 3 0 48.6888 72.8062
49 4 0 72.3459 81.3955
49 5 0 63.4705 77.2283
49 6 0 80.1439 89.969
49 7 0 41.7832 48.3089
49 8 0 99.7275 141.159
49 9 0 24.0733 25.0145
49 10 0 24.7137 35.079
49 11 0 38.1277 47.9952
49 12 0 89.2415 126.021
49 13 0 75.7675 101.656
49 14 0 38.2667 41.5935
49 15 0 44.36 62.4095
49 16 0 3.46864 4.09526
49 17 0 19.5383 20.7113
49 18 0 0.589715 0.784885
49 19 0 76.0391 92.7972
49 20 0 17.8976 24.7964
49 21 0 0.69755 0.732579
49 22 0 44.0519 58.8515
49 23 0 16.8402 24.2165
49 24 0 10.937 16.399
49 25 0 93.3554 107.833
49 26 0 49.8908 65.7787
49 27 0 17.5904 24.7597
49 28 0 74.8095 92.1846
49 29 0 42.2524 52.7677
49 30 0 38.4377 51.4757
49 31 0 5.38566 6.72133
49 32 0 33.6866 39.7268
49 33 0 57.5344 60.6627
49 34 0 63.2098 88.7023
49 35 0 35.7781 46.3746
49 36 0 77.9255 95.6975
49 37 0 81.0443 101.621
49 38 0 22.1419 26.5417
49 39 0 11.8786 12.7865
49 40 0 22.5763 24.0474
49 41 0 88.6817 129.224
49 42 0 58.7682 67.8208
49 43 0 60.6386 67.3651
49 44 0 80.9576 109.48
49 45 0 1.57605 2.17329
49 46 0 18.8387 23.497
49 47 0 71.1039 83.2793
49 48 0 88.8885 124.322
49 50 1 89.6507 98.1809
49 51 0 95.1533 136.999
49 52 0 11.5011 13.8818
49 53 0 73.7879 103.76
49 54 0 13.961 20.126
49 55 0 82.7515 93.0515
49 56 0 67.9192 94.1623
49 57 0 66.1119 83.27
49 58 0 80.1698 100.659
49 59 0 17.0875 21.8584
49 60 0 34.6828 39.1524
50 1 0 97.1096 98.7962
50 2 0 23.1355 23.5627
50 3 0 52.8769 70.3923
50 4 0 57.4407 75.5663
50 5 0 17.4592 23.5499
50 6 0 38.8562 38.8903
50 7 0 3.9917 5.62681
50 8 0 88.4943 102.78
50 9 0 79.2341 112.527
50 10 0 48.9522 51.8608
50 11 0 99.0739 106.601
50 12 0 39.0883 44.0304
50 13 0 28.0346 35.4079
50 14 0 53.5716 57.6015
50 15 0 63.2481 64.0363
50 16 0 53.0373 75.7693
50 17 0 0.292073 0.39258
50 18 0 42.2847 46.9201
50 19 0 42.6194 56.6787
50 20 0 81.5789 109.326
50 21 0 40.714 49.502
50 22 0 96.844 141.521
50 23 0 87.7665 130.943
50 24 0 12.5238 12.5593
50 25 0 15.6031 16.621
50 26 0 37.3798 45.182
50 27 0 55.9493 76.1637
50 28 0 9.9461 11.5564
50 29 0 91.9662 104.215
50 30 0 39.7155 58.035
50 31 0 42.6838 57.8776
50 32 0 67.1328 84.0548
50 33 0 13.7293 14.2662
50 34 0 42.1285 49.688
50 35 0 67.0196 96.4903
50 36 0 99.0032 114.948
50 37 0 78.1248 91.8148
50 38 0 21.2353 22.3055
50 39 0 59.4402 72.9714
50 40 0 37.5806 39.0245
50 41 0 47.5318 51.8306
50 42 0 90.0445 95.9578
50 43 0 81.7955 99.5668
50 44 0 56.2901 60.4197
50 45 0 8.86628 12.0265
50 46 0 98.7539 121.378
50 47 0 34.1202 43.1639
50 48 0 23.351 32.7377
50 49 0 56.8692 60.9335
50 51 1 58.738 72.4284
50 52 0 41.2633 45.4126
50 53 0 5.74889 8.61551
50 54 0 77.8552 90.0264
50 55 0 12.1761 17.7665
50 56 0 81.6984 103.875
50 57 0 32.5267 42.3044
50 58 0 1.51678 1.75222
50 59 0 67.566 76.9103
50 60 0 21.5288 24.4913
51 1 0 10.1643 12.9782
51 2 0 86.4707 122.873
51 3 0 12.4284 17.9732
51 4 0 32.7708 34.0732
51 5 0 53.2447 67.4643
51 6 0 80.8343 100.84
51 7 0 87.3916 125.11
51 8 0 78.4044 113.02
51 9 0 68.2447 97.2252
51 10 0 79.3547 115.345
51 11 0 46.7988 69.7427
51 12 0 22.7331 24.1335
51 13 0 92.5829 103.02
51 14 0 5.57789 8.3523
51 15 0 72.8284 87.1938
51 16 0 75.5111 108.933
51 17 0 27.6722 29.7689
51 18 0 86.7621 112.692
51 19 0 88.0018 115.183
51 20 0 56.407 56.5985
51 21 0 43.775 64.3334
51 22 0 13.3528 18.0402
51 23 0 46.3144 66.533
51 24 0 46.382 67.4792
51 25 0 74.1016 96.672
51 26 0 75.8812 79.9872
51 27 0 34.6912 40.8084
51 28 0 54.5 62.5001
51 29 0 56.3734 69.1671
51 30 0 64.0118 94.3614
51 31 0 64.0714 69.6404
51 32 0 70.5795 71.2949
51 33 0 11.1677 16.0449
51 34 0 42.3145 59.3606
51 35 0 27.1478 35.0428
51 36 0 55.3045 63.8601
51 37 0 81.5258 99.7606
51 38 0 13.1763 15.8197
51 39 0 41.6478 49.6351
51 40 0 18.1239 24.9286
51 41 0 15.6321 20.2033
51 42 0 77.8177 86.1526
51 43 0 61.8075 69.5911
51 44 0 30.8412 42.4619
51 45 0 84.7304 121.006
51 46 0 1.91947 2.86158
51 47 0 83.2914 121.415
51 48 0 50.1035 53.8344
51 49 0 47.7401 63.3912
51 50 0 43.9731 61.745
51 52 1 7.75125 9.94303
51 53 0 66.0896 72.5193
51 54 0 47.9223 53.903
51 55 0 30.7695 34.744
51 56 0 51.7812 52.6211
51 57 0 59.2331 76.6373
51 58 0 3.93113 4.20328
51 59 0 4.98458 5.30881
51 60 0 47.3056 58.9825
52 1 0 13.3673 14.0572
52 2 0 88.7927 112.196
52 3 0 60.55 64.0654
52 4 0 92.3337 103.452
52 5 0 98.2034 139.533
52 6 0 68.299 101.255
52 7 0 98.1385 127.72
52 8 0 62.4688 63.9063
52 9 0 69.7915 85.0216
52 10 0 70.1022 77.187
52 11 0 38.7849 39.9235
52 12 0 48.2444 66.7133
52 13 0 9.16898 10.2803
52 14 0 77.5926 113.29
52 15 0 56.5415 77.0917
52 16 0 10.0938 10.2486
52 17 0 7.849 9.02539
52 18 0 92.6653 107.321
52 19 0 86.3427 113.624
52 20 0 86.9546 108.197
52 21 0 28.766 39.0346
52 22 0 64.1136 86.7229
52 23 0 29.242 41.3023
52 24 0 56.882 74.2094
52 25 0 61.8948 88.5533
52 26 0 84.7468 95.6085
52 27 0 70.0337 94.8258
52 28 0 57.178 68.3884
52 29 0 48.537 60.9523
52 30 0 85.1843 115.852
52 31 0 59.6615 70.4686
52 32 0 61.6981 78.3229
52 33 0 41.3624 60.7062
52 34 0 38.5064 54.3005
52 35 0 90.8482 109.35
52 36 0 38.6047 40.5368
52 37 0 77.8271 102.064
52 38 0 24.8981 34.2819
52 39 0 19.7298 21.7966
52 40 0 14.0973 16.3817
52 41 0 2.992 3.01915
52 42 0 45.7459 64.7442
52 43 0 43.4594 59.3214
52 44 0 79.5489 103.801
52 45 0 30.4226 35.5293
52 46 0 48.9349 56.0284
52 47 0 17.8494 26.2075
52 48 0 81.3921 104.91
52 49 0 52.1187 61.4721
52 50 0 57.7146 59.4075
52 51 0 99.6203 143.056
52 53 1 83.5226 103.276
52 54 0 20.9921 22.7256
52 55 0 81.2743 121.358
52 56 0 16.5975 18.2475
52 57 0 59.4765 76.5871
52 58 0 77.6807 90.4721
52 59 0 90.2438 117.122
52 60 0 86.5395 108.911
53 1 0 95.5936 139.573
53 2 0 1.2484 1.8055
53 3 0 84.6919 107.072
53 4 0 93.853 127.982
53 5 0 87.1439 98.7051
53 6 0 72.1737 100.849
53 7 0 46.3951 64.7322
53 8 0 64.0012 86.8552
53 9 0 15.8475 18.888
53 10 0 73.2197 81.6537
53 11 0 56.4064 63.7694
53 12 0 4.5059 5.91431
53 13 0 64.6165 65.974
53 14 0 50.9962 71.4308
53 15 0 14.3752 15.2086
53 16 0 77.669 113.782
53 17 0 88.8057 109.799
53 18 0 57.1306 77.3762
53 19 0 57.3645 76.9478
53 20 0 38.4211 51.2385
53 21 0 18.6107 21.288
53 22 0 92.8528 113.725
53 23 0 39.7227 45.7232
53 24 0 24.1479 25.2218
53 25 0 27.4101 32.5905
53 26 0 22.0966 25.0137
53 27 0 72.8945 84.3877
53 28 0 76.2217 99.7687
53 29 0 1.15773 1.33565
53 30 0 26.9217 33.4745
53 31 0 37.3167 40.5477
53 32 0 97.851 142.91
53 33 0 30.5935 38.106
53 34 0 22.5251 27.3409
53 35 0 82.3795 105.299
53 36 0 11.2497 16.7382
53 37 0 66.5334 95.1468
53 38 0 13.9109 16.9355
53 39 0 52.3533 62.7133
53 40 0 17.478 22.2867
53 41 0 53.2266 73.4975
53 42 0 75.293 90.929
53 43 0 53.1692 77.1522
53 44 0 69.3154 83.0108
53 45 0 30.2255 33.8664
53 46 0 24.8538 32.971
53 47 0 18.2411 26.1343
53 48 0 24.4939 33.8392
53 49 0 34.0032 41.83
53 50 0 79.0894 116.096
53 51 0 54.6214 73.054
53 52 0 64.2576 86.1785
53 54 1 63.9711 91.8388
53 55 0 7.82979 8.57866
53 56 0 26.0807 26.5551
53 57 0 25.878 29.7269
53 58 0 18.6162 21.9427
53 59 0 92.2501 96.7943
53 60 0 78.7142 99.4161
54 1 0 98.0368 122.572
54 2 0 73.1496 106.775
54 3 0 51.452 60.6716
54 4 0 87.108 103.862
54 5 0 45.3773 61.7426
54 6 0 21.7083 26.2746
54 7 0 54.3709 59.359
54 8 0 3.7251 4.67158
54 9 0 25.2997 31.9491
54 10 0 82.1175 96.0221
54 11 0 77.4418 106.205
54 12 0 83.7487 86.2931
54 13 0 46.5114 54.9475
54 14 0 83.0332 94.0322
54 15 0 35.2615 36.9617
54 16 0 31.5091 33.919
54 17 0 12.9231 14.8218
54 18 0 18.6343 26.3368
54 19 0 49.5051 73.0018
54 20 0 78.566 98.5496
54 21 0 71.5677 97.4018
54 22 0 77.7971 103.753
54 23 0 16.7273 23.2026
54 24 0 13.6761 20.4131
54 25 0 70.7213 92.4585
54 26 0 40.2715 52.334
54 27 0 49.5611 65.7162
54 28 0 53.9411 60.7551
54 29 0 90.3641 122.655
54 30 0 57.9067 70.4984
54 31 0 43.0728 48.3622
54 32 0 68.7782 80.768
54 33 0 61.8274 79.65
54 34 0 2.86719 3.55602
54 35 0 13.96 16.891
54 36 0 78.0783 116.147
54 37 0 43.8417 60.6807
54 38 0 39.2172 44.7587
54 39 0 32.7945 47.9245
54 40 0 34.2459 44.1611
54 41 0 53.5175 60.6812
54 42 0 93.7841 127.597
54 43 0 23.3799 23.4007
54 44 0 46.7491 60.6024
54 45 0 47.3848 51.4204
54 46 0 77.9374 112.295
54 47 0 11.8134 16.7339
54 48 0 95.2603 99.4466
54 49 0 38.2941 50.9231
54 50 0 96.2309 138.315
54 51 0 46.3585 64.7498
54 52 0 49.8768 61.0299
54 53 0 79.6166 108.393
54 55 1 28.5454 30.5589
54 56 0 35.4039 42.5122
54 57 1 27.5739 36.7188
54 58 0 16.5732 22.6273
54 59 0 48.0263 56.4532
54 60 0 1.17525 1.22029
55 1 0 20.1726 24.7088
55 2 0 38.4715 49.1937
55 3 0 48.037 49.7654
55 4 0 38.4692 40.321
55 5 0 76.0537 95.6733
55 6 0 15.8704 19.4124
55 7 0 12.8957 13.552
55 8 0 40.222 42.3532
55 9 0 91.2501 92.4358
55 10 0 32.1516 38.1864
55 11 0 68.2947 78.9528
55 12 0 61.7194 72.0501
55 13 0 55.6387 77.7834
55 14 0 29.7756 29.9559
55 15 0 71.347 88.1973
55 16 0 66.8802 82.5605
55 17 0 8.37969 10.968
55 18 0 62.2549 90.5976
55 19 0 37.3689 43.9971
55 20 0 28.6121 31.7931
55 21 0 75.8005 79.3569
55 22 0 39.9342 55.5406
55 23 0 91.4248 121.641
55 24 0 76.1767 106.459
55 25 0 91.2022 127.061
55 26 0 65.1014 92.4923
55 27 0 39.9156 49.182
55 28 0 36.0722 36.4628
55 29 0 3.09683 3.98713
55 30 0 52.1902 59.3038
55 31 0 25.5279 35.5523
55 32 0 84.3704 119.946
55 33 0 23.3788 29.8139
55 34 0 9.51686 12.5922
55 35 0 33.6495 40.5125
55 36 0 0.988182 1.44981
55 37 0 84.5699 124.215
55 38 0 47.5328 52.1589
55 39 0 34.6279 40.6516
55 40 0 61.7591 84.1854
55 41 0 13.6493 18.1258
55 42 0 92.8358 131.332
55 43 0 19.0747 24.8676
55 44 0 61.0684 85.153
55 45 0 76.781 92.9499
55 46 0 58.9825 81.0823
55 47 0 62.1481 69.9108
55 48 0 96.1009 99.5713
55 49 0 57.2763 66.4113
55 50 0 90.912 125.9
55 51 0 99.6661 122.305
55 52 0 38.1226 46.2886
55 53 0 65.0421 68.8844
55 54 0 87.6876 126.238
55 56 1 49.7838 68.0655
55 57 0 95.6649 130.016
55 58 0 1.21309 1.247
55 59 0 51.6381 73.8449
55 60 0 66.502 66.8008
56 1 0 49.7905 55.3655
56 2 0 97.4405 141.989
56 3 0 28.4387 37.3473
56 4 0 48.3484 63.3745
56 5 0 30.5534 31.7613
56 6 0 85.9144 118.36
56 7 0 82.0905 107.829
56 8 0 12.7956 15.0526
56 9 0 59.0825 74.7649
56 10 0 88.3399 91.5567
56 11 0 10.2053 14.1168
56 12 0 16.7753 22.3816
56 13 0 74.3971 81.7935
56 14 0 25.8895 37.788
56 15 0 99.0726 121.471
56 16 0 10.4948 11.5125
56 17 0 21.9081 32.7845
56 18 0 55.3827 72.8448
56 19 0 58.9383 80.7211
56 20 0 31.3013 36.8392
56 21 0 43.0328 49.2854
56 22 0 22.6077 27.7285
56 23 0 69.3436 83.5028
56 24 0 78.1787 101.353
56 25 0 52.413 70.7823
56 26 0 65.8331 67.3354
56 27 0 56.9126 58.7238
56 28 0 37.9903 51.4801
56 29 0 69.8915 88.9199
56 30 0 56.9249 66.6147
56 31 0 47.2117 57.7592
56 32 0 62.8141 75.4485
56 33 0 66.586 91.8295
56 34 0 46.6917 66.3566
56 35 0 43.1012 60.6513
56 36 0 79.603 112.732
56 37 0 36.8627 45.3209
56 38 0 39.9701 44.9775
56 39 0 87.2822 121.841
56 40 0 12.4899 17.8361
56 41 0 41.2786 56.5763
56 42 0 40.0085 52.3047
56 43 0 46.5855 47.3543
56 44 0 43.4724 56.7938
56 45 0 87.4565 95.9371
56 46 0 62.1351 80.5607
56 47 0 57.8986 58.2974
56 48 0 50.7515 56.7389
56 49 0 51.8205 67.4518
56 50 0 87.9878 103.879
56 51 0 80.4797 115.884
56 52 0 23.6892 24.0857
56 53 0 88.2702 110.723
56 54 0 15.304 16.0469
56 55 0 63.2731 71.5272
56 57 1 95.3148 139.448
56 58 0 82.9468 116.925
56 59 0 17.0324 23.7169
56 60 0 8.90774 12.8362
57 1 0 29.4052 36.446
57 2 0 16.6902 21.676
57 3 0 40.4773 48.1896
57 4 0 81.2767 86.5085
57 5 0 47.3517 60.2543
57 6 0 80.3015 99.8097
57 7 0 14.2636 16.9405
57 8 0 65.6499 81.1959
57 9 0 32.971 35.386
57 10 0 3.37833 4.85301
57 11 0 20.533 25.1227
57 12 0 88.8556 89.5058
57 13 0 95.7735 126.364
57 14 0 46.0253 51.3634
57 15 0 18.2331 22.366
57 16 0 0.44765 0.51541
57 17 0 86.4976 95.3661
57 18 0 66.3862 67.4439
57 19 1 17.2315 22.3092
57 20 0 19.1658 24.6011
57 21 0 75.6627 100.004
57 22 0 68.5126 80.9707
57 23 0 90.3473 118.552
57 24 0 63.7038 75.015
57 25 0 78.0808 86.8722
57 26 0 85.1903 95.6089
57 27 0 29.8858 44.1669
57 28 0 32.1235 45.7702
57 29 0 10.4352 13.7732
57 30 0 4.02734 4.83981
57 31 0 83.6899 89.7648
57 32 0 30.112 40.6716
57 33 0 93.6674 134.665
57 34 0 29.4418 34.5835
57 35 0 34.2755 39.2423
57 36 0 68.2481 80.1388
57 37 0 93.4031 110.682
57 38 0 68.3117 70.3009
57 39 0 67.0071 75.5163
57 40 0 84.2615 125.824
57 41 0 8.92689 9.60065
57 42 0 2.56632 2.67875
57 43 0 20.0648 24.5159
57 44 0 33.4554 48.6199
57 45 0 58.0393 58.3086
57 46 0 87.2129 91.8944
57 47 0 92.8538 99.6409
57 48 0 88.6288 112.845
57 49 0 26.6919 38.8278
57 50 0 3.84638 3.98433
57 51 0 88.4994 109.426
57 52 0 16.5622 24.5835
57 53 0 66.8551 87.3045
57 54 0 83.5672 113.14
57 55 0 14.2526 18.9846
57 56 0 6.37337 6.47007
57 58 1 29.8042 32.6106
57 59 0 15.2471 18.8202
57 60 0 22.8007 28.196
58 1 0 27.6549 39.1505
58 2 0 60.9842 91.2261
58 3 0 52.4119 64.8242
58 4 0 10.8119 12.6965
58 5 0 45.1234 63.8027
58 6 0 20.6572 21.9271
58 7 0 41.4715 56.0159
58 8 0 43.8785 51.1109
58 9 0 68.1852 70.3785
58 10 0 62.9091 88.6384
58 11 0 11.36 15.2376
58 12 0 6.86429 8.65159
58 13 0 11.0621 15.9945
58 14 0 39.9706 42.7999
58 15 0 23.6586 32.3518
58 16 0 67.4051 89.3191
58 17 0 90.1292 114.151
58 18 0 8.85669 9.98102
58 19 0 86.3566 124.267
58 20 0 11.9917 15.6698
58 21 0 95.5663 107.73
58 22 0 69.0861 74.4735
58 23 0 51.8088 53.2179
58 24 0 48.6349 69.3755
58 25 0 92.8616 126.017
58 26 0 43.8637 56.1463
58 27 0 6.5681 9.05457
58 28 0 49.9999 68.071
58 29 0 55.9925 62.3453
58 30 0 57.1094 75.2997
58 31 0 24.9963 34.7034
58 32 0 47.292 64.3693
58 33 0 48.7119 51.3998
58 34 0 51.0024 68.8664
58 35 0 34.37 36.5046
58 36 0 11.4788 13.2013
58 37 0 20.3656 25.6997
58 38 0 89.354 95.6424
58 39 0 65.0771 65.4317
58 40 0 0.752066 0.859479
58 41 0 92.0177 137.414
58 42 0 65.5632 77.8256
58 43 0 86.8828 122.125
58 44 0 48.8797 51.4671
58 45 0 96.9669 138.175
58 46 0 55.1164 68.8342
58 47 0 1.67761 2.43186
58 48 0 38.4862 43.4485
58 49 0 82.7778 94.1082
58 50 0 12.4783 12.7338
58 51 0 48.0046 52.411
58 52 0 20.1455 26.6778
58 53 0 14.0496 18.1464
58 54 0 17.7169 25.0655
58 55 0 54.3799 59.5417
58 56 0 91.5005 128.879
58 57 0 37.9936 55.4779
58 59 1 12.3934 17.7207
58 60 1 91.3506 95.3218
59 1 0 69.8389 89.9761
59 2 0 44.2336 46.6982
59 3 0 20.5158 27.7636
59 4 0 55.4549 57.5498
59 5 0 87.789 120.465
59 6 0 31.5337 37.5829
59 7 0 74.9657 81.1547
59 8 0 51.7693 75.0264
59 9 0 23.4173 28.0118
59 10 0 47.3107 64.9523
59 11 0 29.854 30.4444
59 12 0 84.9657 109.345
59 13 0 71.2096 89.7536
59 14 0 1.16363 1.27789
59 15 0 49.6921 72.0631
59 16 0 62.6978 91.6624
59 17 0 58.0158 74.7901
59 18 0 95.5463 106.575
59 19 0 85.0981 118.871
59 20 0 47.0858 61.0091
59 21 0 55.0366 56.8142
59 22 0 45.0159 65.8124
59 23 0 57.1122 83.7859
59 24 0 46.8602 57.1851
59 25 0 30.4345 36.1425
59 26 0 62.5898 85.599
59 27 0 0.50258 0.543278
59 28 0 64.4943 71.9175
59 29 0 11.5861 15.6878
59 30 0 86.3835 89.1176
59 31 0 98.9098 130.514
59 32 0 85.2259 123.171
59 33 0 60.0515 83.8512
59 34 0 2.31741 2.41169
59 35 0 27.5476 32.0753
59 36 0 77.926 97.6604
59 37 0 27.5714 29.5944
59 38 0 48.7196 64.5801
59 39 0 77.5476 108.685
59 40 0 30.4777 41.4984
59 41 0 51.4138 54.2954
59 42 0 77.7073 99.6229
59 43 0 47.9535 59.1574
59 44 0 95.2191 101.631
59 45 0 80.2165 97.0701
59 46 0 24.5259 25.8911
59 47 0 26.2725 32.3211
59 48 0 39.2334 56.0143
59 49 0 82.9983 115.788
59 50 0 37.5731 54.9949
59 51 0 0.887615 1.03523
59 52 0 14.5802 21.3761
59 53 0 29.8782 41.662
59 54 0 53.9465 79.8955
59 55 0 42.8054 56.6429
59 56 0 72.4166 85.5666
59 57 0 61.5683 88.3111
59 58 0 16.6606 23.9361
59 60 1 92.8199 138.388
60 1 1 47.9265 57.5247
60 2 0 60.4231 70.6208
60 3 0 47.2325 50.643
60 4 0 35.549 41.5375
60 5 0 43.8059 51.6087
60 6 0 37.2375 38.5626
60 7 0 67.6138 93.2077
60 8 0 36.8159 49.1916
60 9 0 18.3551 24.3831
60 10 0 36.2608 39.9727
60 11 0 42.571 50.4874
60 12 0 10.6377 13.5361
60 13 0 23.7794 31.8566
60 14 0 57.2724 83.5819
60 15 0 12.1817 13.025
60 16 0 40.9295 48.6044
60 17 0 61.3221 85.8614
60 18 0 72.3892 107.327
60 19 0 87.752 111.603
60 20 0 81.4901 91.5492
60 21 0 18.1532 19.133
60 22 0 90.1072 103.243
60 23 0 74.7333 87.3802
60 24 0 29.3375 31.2075
60 25 0 82.0907 88.6217
60 26 0 42.7066 57.1248
60 27 0 94.6207 109.453
60 28 0 30.8597 46.247
60 29 0 89.3253 108.394
60 30 0 93.9194 120.922
60 31 0 4.75065 6.65208
60 32 0 60.8442 72.8967
60 33 0 89.2681 101.754
60 34 0 27.2867 32.1837
60 35 0 77.6046 103.059
60 36 0 97.6236 111.86
60 37 0 85.7403 110.554
60 38 0 37.0332 47.7982
60 39 0 31.907 39.995
60 40 0 4.17454 5.4576
60 41 0 79.5362 84.9128
60 42 0 59.4608 78.2972
60 43 0 65.2895 79.5411
60 44 0 34.9359 43.3363
60 45 0 5.84435 6.66976
60 46 0 83.2265 98.539
60 47 0 90.0016 92.0109
60 48 0 20.6252 20.9186
60 49 0 85.116 123.963
60 50 0 94.2349 100.252
60 51 0 7.7991 11.6249
60 52 0 8.7195 12.0773
60 53 0 8.69011 11.4554
60 54 0 54.7569 56.6707
60 55 0 97.7397 136.193
60 56 0 80.6506 82.8425
60 57 0 87.6803 130.959
60 58 0 58.1049 67.0688
60 59 0 62.0295 63.4091
15.8496 11.2625 24.4835 7.71412 16.6038 28.5136 28.6015 7.1002 0.394215 24.4477 4.17615 17.5041 10.5865 10.1453 30.9888 33.8345 32.2268 2.31531 9.65959 12.717 0.931814 9.17866 11.6324 30.8041 31.8404 0.732279 33.7011 8.75005 14.1456 24.9675 25.6628 14.1571 23.2669 25.5657 39.203 31.0251 39.8408 33.2264 5.09715 36.264 4.01009 34.2046 21.0841 9.80564 27.7303 13.0386 26.1887 6.67063 20.1184 25.8459 29.1042 21.0035 7.32652 33.6912 27.8416 33.8715 14.5241 4.89759 13.4476 37.5718 