60
500
5
100
1 2 1 63.2184 93.7052
1 3 1 89.3064 98.806
1 4 0 50.9459 72.8045
1 5 1 40.5502 51.5873
1 6 0 6.65421 9.64619
1 7 0 99.0522 143.965
1 8 0 65.9725 93.6103
1 9 0 16.8841 18.0927
1 10 0 70.9357 99.5218
1 11 0 29.318 31.021
1 12 0 40.2036 59.9017
1 13 0 86.3755 122.654
1 14 0 5.05449 5.37412
1 15 0 12.0846 16.0928
1 16 0 99.0085 101.573
1 17 0 71.2776 99.0748
1 18 0 40.7397 51.9166
1 19 0 67.1131 93.9653
1 20 0 62.617 64.7409
1 21 0 86.7509 108.788
1 22 0 86.5076 90.934
1 23 0 22.8912 24.42
1 24 0 15.8957 20.7579
1 25 0 3.23322 4.55085
1 26 0 32.7007 33.7091
1 27 0 71.4769 79.6022
1 28 0 81.6876 88.2924
1 29 0 9.29469 10.5409
1 30 0 12.499 18.4463
1 31 0 0.401187 0.577737
1 32 0 47.3727 49.9544
1 33 0 27.8157 28.5188
1 34 0 41.5581 51.7621
1 35 1 22.7367 33.4847
1 36 1 37.4461 46.7077
1 37 0 93.258 109.953
1 38 0 91.8261 110.091
1 39 0 10.8616 16.2195
1 40 0 65.3642 95.0304
1 41 0 64.3615 92.6039
1 42 0 53.6493 74.1124
1 43 1 46.8333 50.0008
1 44 0 68.4769 93.2436
1 45 0 35.4176 51.9389
1 46 1 68.4007 78.2434
1 47 0 84.2999 94.9934
1 48 0 78.6065 111.101
1 49 0 95.2641 127.565
1 50 0 34.962 49.0733
1 51 1 27.5952 30.2505
1 52 1 13.824 17.2042
1 53 0 98.7127 141.163
1 54 1 42.749 48.5518
1 55 0 39.9489 46.4725
1 56 0 44.1356 65.1441
1 57 0 12.1845 15.7756
1 58 0 90.7154 122.463
1 59 0 50.4308 74.8736
1 60 0 67.9292 87.324
2 1 0 93.0701 93.8422
2 3 1 63.1908 75.8335
2 4 1 83.6707 117.848
2 5 0 28.3859 29.7066
2 6 0 11.7299 14.1507
2 7 1 31.7056 35.4738
2 8 0 0.245599 0.30137
2 9 0 75.8464 109.526
2 10 0 90.9563 135.877
2 11 0 70.0417 75.8673
2 12 0 27.7907 28.6008
2 13 1 2.94223 3.67471
2 14 0 56.2503 62.9072
2 15 0 58.8952 69.6224
2 16 0 29.9897 36.092
2 17 0 29.812 40.2324
2 18 0 96.3388 137.346
2 19 0 91.0545 91.8974
2 20 0 12.5075 15.0243
2 21 0 50.1104 71.2425
2 22 0 94.1261 111.167
2 23 0 17.4574 19.1692
2 24 0 55.7958 58.8122
2 25 0 52.699 56.7932
2 26 0 58.7242 85.9133
2 27 0 36.1097 42.715
2 28 0 53.4422 75.9839
2 29 0 86.5446 129.541
2 30 0 31.5605 33.435
2 31 0 71.3784 72.5072
2 32 0 13.0632 19.118
2 33 0 13.129 15.4711
2 34 0 27.7727 33.9261
2 35 0 53.8021 66.9803
2 36 0 19.2165 28.665
2 37 0 72.1979 88.5127
2 38 0 36.4117 38.9081
2 39 0 48.1477 61.813
2 40 0 51.1164 71.3969
2 41 0 55.2563 79.3257
2 42 0 73.7016 78.1753
2 43 0 86.5709 125.097
2 44 0 72.1271 84.459
2 45 0 34.997 35.178
2 46 0 97.4375 116.181
2 47 0 5.45175 5.73687
2 48 0 60.8318 74.1756
2 49 1 63.9519 78.2487
2 50 0 2.84996 2.87519
2 51 1 51.4922 67.4297
2 52 0 17.6859 21.9081
2 53 0 36.014 45.9229
2 54 0 37.5246 54.3331
2 55 0 55.1898 67.3138
2 56 0 47.1551 61.0429
2 57 1 32.4816 42.812
2 58 0 40.9574 53.9728
2 59 0 27.6227 39.3736
2 60 0 25.0773 27.5948
3 1 0 78.0317 86.7928
3 2 0 98.9714 129.623
3 4 1 57.6995 64.5254
3 5 0 92.143 110.907
3 6 0 5.80789 6.18473
3 7 0 45.5357 58.7852
3 8 0 74.3935 87.6235
3 9 0 39.7654 51.4311
3 10 0 49.0911 65.7533
3 11 0 56.6402 83.7351
3 12 0 98.8194 141.941
3 13 0 55.8167 82.6018
3 14 0 74.0499 105.428
3 15 0 99.6197 135.424
3 16 0 94.8207 102.568
3 17 0 77.4996 97.4242
3 18 0 10.8764 12.7366
3 19 0 50.5189 56.9177
3 20 0 83.653 91.4425
3 21 0 99.2699 131.688
3 22 0 16.2214 21.5997
3 23 0 56.0538 59.7005
3 24 1 50.7015 50.9243
3 25 0 12.3677 17.2023
3 26 0 83.4065 107.041
3 27 0 64.0849 64.7829
3 28 0 57.2865 59.9591
3 29 0 28.6604 39.3121
3 30 0 65.5928 71.0344
3 31 0 5.24948 7.10205
3 32 0 2.00193 2.00837
3 33 0 14.5644 18.2532
3 34 0 75.5295 76.7746
3 35 0 31.8429 34.883
3 36 1 52.6588 67.2442
3 37 0 95.4349 115.918
3 38 0 33.0179 39.0795
3 39 0 83.0361 86.6601
3 40 0 63.8428 80.5834
3 41 0 25.7939 33.196
3 42 0 77.9828 92.8734
3 43 0 72.5759 106.646
3 44 1 40.8827 47.1141
3 45 0 35.8469 50.5149
3 46 0 95.9391 123.26
3 47 1 13.3206 17.4789
3 48 0 37.7505 42.1197
3 49 0 7.46463 9.23172
3 50 0 39.0769 49.6412
3 51 0 83.114 91.1465
3 52 0 52.4206 76.9579
3 53 1 88.1486 109.769
3 54 0 22.0663 26.3153
3 55 0 21.7331 24.783
3 56 0 3.62269 5.16996
3 57 0 17.4861 21.4865
3 58 0 90.2678 110.721
3 59 0 11.4935 13.9629
3 60 0 74.4073 96.5909
4 1 0 65.121 83.7338
4 2 0 33.2741 43.1013
4 3 0 79.0059 107.701
4 5 1 59.2787 83.5448
4 6 0 28.0271 40.8396
4 7 0 38.2666 46.2686
4 8 0 30.2469 45.3199
4 9 0 52.2357 67.4624
4 10 0 97.4422 128.403
4 11 0 75.6048 96.3438
4 12 0 46.2584 59.3449
4 13 0 46.3676 56.7637
4 14 0 48.3399 71.1739
4 15 0 58.1025 61.9311
4 16 1 77.4012 91.0331
4 17 0 63.7025 82.573
4 18 0 50.3305 68.1425
4 19 0 29.7718 41.0021
4 20 1 90.3629 95.7016
4 21 0 64.1269 92.3081
4 22 0 73.3362 97.9884
4 23 0 21.8689 28.3259
4 24 0 36.2458 44.3791
4 25 0 97.2616 98.9848
4 26 0 74.449 83.2284
4 27 0 39.3849 49.4337
4 28 1 23.2219 29.2043
4 29 1 70.5799 75.6222
4 30 0 70.6984 76.2156
4 31 0 82.1474 118.106
4 32 0 34.4902 38.5014
4 33 0 4.63195 5.81979
4 34 0 83.2688 100.564
4 35 0 48.8723 68.9907
4 36 0 60.5778 62.9856
4 37 0 19.2275 23.2559
4 38 0 42.4409 50.084
4 39 0 89.3852 98.7626
4 40 0 6.27771 7.47771
4 41 0 96.9554 126.734
4 42 1 49.1032 72.0139
4 43 0 65.9469 67.1904
4 44 0 76.5378 81.3889
4 45 0 70.4929 104.071
4 46 0 50.7199 64.9414
4 47 1 60.9864 84.63
4 48 0 69.4354 73.1051
4 49 0 93.0587 117.682
4 50 0 58.1128 86.0219
4 51 0 30.2951 33.0573
4 52 0 98.8639 145.83
4 53 0 75.9899 89.286
4 54 0 14.6006 19.7774
4 55 0 14.2014 19.7026
4 56 0 94.6103 110.606
4 57 0 75.3326 80.4465
4 58 0 68.1796 72.5429
4 59 0 76.9152 103.109
4 60 0 9.22713 10.767
5 1 0 13.13 18.1879
5 2 0 15.4147 19.7069
5 3 0 62.9633 89.2814
5 4 0 9.47459 11.8725
5 6 1 40.86 41.1028
5 7 0 3.0348 4.03682
5 8 0 88.507 89.8096
5 9 0 5.86738 6.25407
5 10 0 18.1412 21.4134
5 11 0 99.0518 109.248
5 12 1 12.2311 14.146
5 13 0 75.7164 102.405
5 14 0 85.7487 96.4005
5 15 0 94.1298 119.226
5 16 0 75.2192 95.0791
5 17 0 93.4885 127.713
5 18 0 67.9281 75.226
5 19 0 80.4061 91.13
5 20 0 66.3017 75.0927
5 21 0 53.0199 57.537
5 22 0 38.004 47.6149
5 23 1 38.9756 58.2785
5 24 0 60.0031 68.2205
5 25 0 33.2756 46.5059
5 26 0 4.8278 5.34203
5 27 1 93.4677 137.983
5 28 0 16.6034 22.5338
5 29 0 11.1348 15.5769
5 30 0 41.1491 52.8724
5 31 0 32.8095 42.8643
5 32 0 73.2406 106.391
5 33 0 77.5652 96.2574
5 34 0 74.1665 77.7511
5 35 0 18.8674 21.2242
5 36 0 1.45791 1.47278
5 37 0 29.2812 35.1208
5 38 0 14.6315 19.6859
5 39 1 24.2777 32.3687
5 40 0 62.3361 72.6384
5 41 0 77.127 82.7985
5 42 0 4.87968 6.45649
5 43 0 54.3283 71.3793
5 44 0 30.5346 36.4313
5 45 0 37.8416 55.7255
5 46 0 71.9865 96.6523
5 47 0 12.8631 17.258
5 48 0 2.94022 3.18114
5 49 0 64.5527 93.0773
5 50 0 35.5016 52.872
5 51 0 96.4906 117.741
5 52 0 44.2955 51.4182
5 53 1 49.4354 71.671
5 54 0 63.014 84.4209
5 55 0 14.9476 17.1254
5 56 0 46.6469 69.3249
5 57 0 44.4998 49.8275
5 58 1 2.08301 3.12281
5 59 0 93.8665 117.828
5 60 0 27.4079 32.5402
6 1 1 82.2528 122.893
6 2 0 98.7544 113.028
6 3 0 42.4371 52.376
6 4 0 25.3045 30.6258
6 5 0 81.5247 104.904
6 7 1 60.5548 87.0086
6 8 0 75.0479 108.313
6 9 0 30.7918 40.4057
6 10 0 14.0064 16.3348
6 11 0 58.7614 79.5726
6 12 1 66.9551 99.1054
6 13 0 51.6243 54.5902
6 14 0 50.185 66.4017
6 15 0 86.2321 103.325
6 16 0 11.0668 11.8445
6 17 0 32.9223 36.9158
6 18 0 92.7898 131.119
6 19 0 95.7192 121.898
6 20 0 29.0344 40.8618
6 21 0 0.982294 1.34722
6 22 0 69.2824 86.7544
6 23 0 62.6684 73.8099
6 24 0 45.2346 46.5834
6 25 0 9.19672 11.9336
6 26 0 78.3461 98.6831
6 27 0 5.60788 7.61226
6 28 0 18.2259 26.0566
6 29 0 52.016 54.6176
6 30 0 3.69441 5.14269
6 31 0 10.4962 13.1132
6 32 0 3.18858 4.56087
6 33 0 71.4396 90.0219
6 34 0 77.3344 87.9288
6 35 1 14.5238 15.0495
6 36 0 9.40742 11.3818
6 37 0 85.0751 112.022
6 38 0 91.9202 108.024
6 39 0 20.7486 24.4568
6 40 0 90.6922 98.1711
6 41 0 12.1033 14.8469
6 42 0 94.082 121.908
6 43 0 21.9863 23.4957
6 44 0 16.3607 22.0956
6 45 0 10.2505 15.017
6 46 0 43.2563 58.0173
6 47 0 70.8568 89.5364
6 48 0 16.863 25.1612
6 49 0 77.0001 87.2885
6 50 1 16.5354 19.6268
6 51 0 29.5625 43.729
6 52 0 23.9303 25.5797
6 53 0 59.8606 81.7715
6 54 0 99.1024 143.647
6 55 0 14.8135 16.2596
6 56 0 10.3168 13.3297
6 57 0 40.8884 56.1479
6 58 0 10.5691 10.6314
6 59 0 30.3017 38.3156
6 60 0 38.972 48.2346
7 1 0 5.57064 5.76584
7 2 0 56.7571 66.241
7 3 0 10.5 12.9983
7 4 0 75.5934 113.38
7 5 0 56.6118 60.7941
7 6 0 90.4261 96.7264
7 8 1 98.2768 100.833
7 9 0 16.6366 21.3216
7 10 0 74.6914 85.7383
7 11 0 25.8075 30.294
7 12 0 90.6252 124.351
7 13 0 41.8601 52.498
7 14 0 80.1497 113.479
7 15 0 9.93101 10.4545
7 16 0 90.9116 108.935
7 17 0 84.2211 121.45
7 18 1 37.2589 41.0373
7 19 1 23.6287 32.4635
7 20 1 3.15775 3.35069
7 21 0 14.5945 16.8864
7 22 0 11.7648 16.6849
7 23 0 12.1203 12.9573
7 24 0 80.4785 82.58
7 25 0 78.9678 79.5374
7 26 1 66.2798 77.9781
7 27 1 74.0338 95.5478
7 28 0 78.9024 96.8769
7 29 0 64.7894 71.9552
7 30 0 60.0728 78.4602
7 31 0 72.3161 73.6118
7 32 0 25.2242 35.9797
7 33 0 12.3808 17.6334
7 34 0 1.49142 2.06616
7 35 0 96.631 107.226
7 36 0 8.29772 10.0951
7 37 0 99.0427 136.09
7 38 0 85.6479 100.475
7 39 0 36.4677 47.2157
7 40 1 11.2853 16.3895
7 41 0 37.7335 39.4288
7 42 0 37.5923 43.4646
7 43 0 35.4007 44.1456
7 44 0 19.8135 24.3616
7 45 0 20.5237 22.5688
7 46 1 44.0215 48.3018
7 47 0 43.2379 62.7859
7 48 0 4.74082 5.92409
7 49 0 37.6823 51.2656
7 50 0 79.4065 80.5055
7 51 0 42.4492 61.1148
7 52 0 44.4413 50.6741
7 53 0 13.7886 15.8178
7 54 1 26.6663 32.7159
7 55 0 70.0207 97.4234
7 56 0 34.2077 50.1087
7 57 0 90.4397 91.6183
7 58 0 18.2068 24.5593
7 59 0 83.9935 118.671
7 60 0 48.9208 62.2334
8 1 0 7.91011 11.0917
8 2 1 48.598 56.3358
8 3 1 39.9531 40.5136
8 4 0 34.9954 50.2708
8 5 0 84.64 108.627
8 6 0 17.7973 18.9634
8 7 0 87.7862 96.8585
8 9 1 56.3137 69.7516
8 10 0 62.4334 72.4059
8 11 0 2.72252 3.43822
8 12 1 86.7804 121.442
8 13 0 91.586 125.67
8 14 0 5.90521 6.44712
8 15 0 24.5871 25.1
8 16 0 72.5732 75.0966
8 17 0 57.4564 80.4558
8 18 1 0.536197 0.593267
8 19 0 21.987 27.9876
8 20 0 41.4935 45.1804
8 21 0 44.6128 62.1139
8 22 0 8.12361 11.6964
8 23 0 91.5842 103.136
8 24 0 77.1965 115.507
8 25 0 51.7619 74.5225
8 26 0 79.5663 110.771
8 27 1 68.1885 78.8076
8 28 0 14.7156 19.9858
8 29 0 33.506 41.2147
8 30 0 23.2016 27.5255
8 31 0 28.4763 31.4474
8 32 0 1.87337 2.19953
8 33 0 57.1922 66.8677
8 34 0 78.3101 86.6364
8 35 0 68.5706 90.0725
8 36 0 65.8882 77.4181
8 37 0 3.39952 4.1784
8 38 1 41.5923 56.186
8 39 1 1.2768 1.698
8 40 0 44.2429 61.2378
8 41 0 59.2604 67.3171
8 42 0 90.5921 94.5748
8 43 0 61.5748 79.0153
8 44 0 11.8654 15.8221
8 45 0 5.02382 5.59588
8 46 0 75.5455 111.939
8 47 0 14.8282 18.0154
8 48 0 83.0867 87.0317
8 49 0 22.9809 23.4677
8 50 1 95.4444 113.951
8 51 0 17.6265 23.4283
8 52 0 86.2832 93.0441
8 53 0 36.1324 41.5041
8 54 0 48.7232 61.7768
8 55 1 88.1835 102.17
8 56 0 55.8983 69.041
8 57 0 22.2356 27.1917
8 58 0 99.7383 122.614
8 59 0 86.4531 117.648
8 60 0 95.9189 128.865
9 1 0 1.98119 2.51503
9 2 0 59.2619 72.8254
9 3 0 82.8676 87.775
9 4 0 77.0929 98.4082
9 5 0 41.9029 54.7007
9 6 0 93.0302 139.407
9 7 0 7.14076 9.86395
9 8 0 89.5286 118.231
9 10 1 90.2569 120.396
9 11 0 35.1571 52.433
9 12 0 8.74578 11.7382
9 13 0 13.4965 17.864
9 14 0 61.7467 66.1681
9 15 0 81.9357 87.9358
9 16 0 43.9756 60.0114
9 17 0 14.1597 18.4711
9 18 0 28.3115 35.761
9 19 0 34.2562 51.1736
9 20 0 38.7098 50.3978
9 21 0 63.9227 83.3493
9 22 0 44.0532 65.9805
9 23 0 39.9967 46.6684
9 24 0 1.69133 2.02241
9 25 0 93.0161 131.531
9 26 0 8.99705 11.4044
9 27 0 82.3186 94.3711
9 28 0 5.74998 8.44701
9 29 0 74.2394 76.6898
9 30 0 80.6377 92.5676
9 31 1 81.7816 101.137
9 32 0 35.1122 50.9163
9 33 0 98.4163 146.895
9 34 0 99.8958 137.338
9 35 0 92.5578 95.9133
9 36 0 70.5073 93.2525
9 37 0 57.1085 64.7346
9 38 1 20.9106 25.0482
9 39 0 69.6028 71.9103
9 40 0 28.1246 33.2653
9 41 0 35.2506 50.8052
9 42 0 54.9767 81.0556
9 43 0 34.3718 45.1971
9 44 0 86.8806 92.3785
9 45 0 48.7575 59.5001
9 46 0 84.8371 95.5544
9 47 0 75.9968 81.0352
9 48 0 98.3407 138.748
9 49 1 18.7395 22.1315
9 50 0 97.7983 138.792
9 51 0 98.331 144
9 52 0 80.3454 80.8208
9 53 0 94.6835 132.785
9 54 0 67.7571 96.8413
9 55 1 35.7991 38.9671
9 56 0 7.93374 9.36822
9 57 1 15.9419 21.0076
9 58 0 48.8118 59.6967
9 59 0 78.5352 108.781
9 60 0 50.5814 56.3028
10 1 0 18.2405 26.2744
10 2 0 58.6016 85.6284
10 3 0 90.7456 91.773
10 4 0 55.3001 70.9239
10 5 1 42.3235 42.5717
10 6 0 11.9955 12.3939
10 7 1 93.6202 101.349
10 8 0 85.0591 114.441
10 9 0 40.4371 55.1366
10 11 1 72.3921 92.3081
10 12 0 61.5028 74.2693
10 13 0 31.279 39.0523
10 14 0 30.9797 35.7343
10 15 1 60.6168 81.1121
10 16 0 64.3107 77.3727
10 17 0 26.2364 33.127
10 18 0 79.3662 101.202
10 19 0 95.6833 135.971
10 20 0 21.5535 24.1215
10 21 0 61.4288 63.5205
10 22 0 31.7676 41.7118
10 23 0 69.6416 71.4268
10 24 0 34.2881 49.2205
10 25 0 2.58577 3.44408
10 26 0 68.2555 95.0098
10 27 1 49.1221 70.757
10 28 1 17.0522 21.8447
10 29 0 80.8898 83.0686
10 30 0 44.2501 47.8861
10 31 0 55.154 60.3996
10 32 0 87.8102 99.0439
10 33 0 57.6366 68.092
10 34 0 14.8263 16.9369
10 35 0 23.8389 23.8685
10 36 0 86.9935 112.389
10 37 0 74.1821 89.4991
10 38 0 77.6203 87.1848
10 39 0 26.9589 40.091
10 40 0 97.9678 109.078
10 41 1 64.726 87.2927
10 42 0 17.6532 26.1584
10 43 0 82.0429 106.691
10 44 0 45.7223 50.714
10 45 0 75.6944 87.0001
10 46 1 53.1085 74.7793
10 47 0 48.9309 59.2676
10 48 0 5.97263 8.84642
10 49 0 30.444 36.0532
10 50 0 66.2064 71.6717
10 51 0 5.48616 7.90581
10 52 0 91.2987 112.503
10 53 0 65.4533 86.6988
10 54 0 42.7722 52.0613
10 55 0 26.0037 34.1549
10 56 0 95.2798 133.077
10 57 0 10.8239 15.8467
10 58 0 44.1224 47.8845
10 59 0 90.5486 130.307
10 60 0 52.4936 57.0349
11 1 0 32.4235 42.2584
11 2 1 31.6343 35.4037
11 3 1 3.89086 5.17874
11 4 0 19.8654 25.6854
11 5 0 17.8982 19.4242
11 6 0 71.9784 81.4018
11 7 0 82.3915 106.793
11 8 0 41.2323 50.5519
11 9 0 0.632568 0.943127
11 10 0 77.474 96.3865
11 12 1 61.7959 90.9102
11 13 0 14.6012 19.9007
11 14 0 43.343 43.9021
11 15 1 81.7322 85.4917
11 16 0 5.82982 8.59617
11 17 0 12.7917 16.1535
11 18 0 7.43028 8.61798
11 19 0 13.5395 19.8944
11 20 1 64.263 84.6181
11 21 0 97.8402 134.728
11 22 1 67.3733 92.9426
11 23 0 89.5056 95.1822
11 24 0 38.4876 51.0721
11 25 1 79.1969 111.756
11 26 0 94.2509 139.564
11 27 0 38.086 38.3271
11 28 0 28.8542 41.6903
11 29 0 56.7019 57.2303
11 30 0 60.7689 87.5029
11 31 0 44.7854 62.3642
11 32 0 61.1137 70.2474
11 33 0 21.3316 30.3049
11 34 0 90.225 116.618
11 35 0 81.5273 84.6829
11 36 0 47.0369 59.7632
11 37 0 41.5357 60.2271
11 38 0 80.6597 100.345
11 39 0 52.6658 73.6679
11 40 0 56.4672 79.7078
11 41 0 93.6527 110.717
11 42 0 77.8424 88.8536
11 43 1 74.7222 101.916
11 44 0 26.4834 28.2048
11 45 0 31.5724 35.9592
11 46 0 93.676 110.305
11 47 0 60.6199 83.7778
11 48 0 69.5078 99.3367
11 49 0 58.9535 60.6417
11 50 0 62.1682 79.5475
11 51 0 52.61 54.3654
11 52 0 82.0469 101.178
11 53 0 59.2545 60.9661
11 54 0 18.0595 25.2744
11 55 0 12.0739 17.8668
11 56 0 11.1478 15.8153
11 57 0 28.8264 37.1695
11 58 0 5.11654 6.7485
11 59 0 49.6201 62.1227
11 60 0 90.5368 96.2885
12 1 0 0.872211 1.25101
12 2 0 72.855 73.9794
12 3 0 18.3385 26.394
12 4 0 81.3012 103.525
12 5 0 60.0457 61.0629
12 6 0 26.3082 27.5883
12 7 0 14.8552 17.8114
12 8 0 35.2235 48.5445
12 9 0 94.6459 128.918
12 10 1 54.3905 73.1019
12 11 0 96.2725 111.697
12 13 1 18.2158 21.7052
12 14 0 5.74369 6.91005
12 15 1 22.553 27.7533
12 16 0 65.0363 66.3954
12 17 0 1.25775 1.27941
12 18 0 3.10342 4.03558
12 19 0 56.6804 78.0071
12 20 0 88.7536 130.686
12 21 0 99.9883 123.192
12 22 0 38.9623 44.9173
12 23 0 41.4473 45.1756
12 24 0 51.4274 68.7912
12 25 0 62.6501 70.2348
12 26 1 49.5661 66.7511
12 27 0 48.2359 60.2935
12 28 0 73.1206 83.6686
12 29 0 59.1721 85.1656
12 30 0 90.7167 118.841
12 31 0 70.9699 93.3878
12 32 0 16.6013 24.0196
12 33 0 90.726 108.408
12 34 0 76.9059 107.835
12 35 0 39.2585 51.1356
12 36 0 3.42516 3.43789
12 37 1 31.3861 40.778
12 38 1 71.1619 84.8435
12 39 0 57.5145 65.7189
12 40 0 46.5804 65.5906
12 41 0 19.9839 25.9532
12 42 0 18.3198 20.7617
12 43 0 45.4978 55.5309
12 44 1 73.188 107.626
12 45 1 41.3546 49.6318
12 46 0 66.7213 82.9404
12 47 0 39.7799 57.4519
12 48 0 78.3394 81.5819
12 49 0 40.9105 49.6495
12 50 1 30.5445 39.2949
12 51 0 37.2834 49.4408
12 52 0 53.5666 77.8561
12 53 1 2.65463 3.67123
12 54 0 28.2615 41.5737
12 55 0 18.2155 20.0955
12 56 0 1.6444 1.91194
12 57 1 47.0201 60.0404
12 58 0 38.0818 39.1808
12 59 0 70.5985 87.2088
12 60 0 49.3534 52.5831
13 1 0 47.0264 47.1432
13 2 0 16.5911 22.025
13 3 0 75.7241 89.4819
13 4 0 83.0177 104.412
13 5 0 34.1161 42.8649
13 6 0 15.6452 21.318
13 7 0 62.5617 70.7425
13 8 0 48.7519 71.2922
13 9 0 47.0377 49.6088
13 10 0 32.7573 48.1579
13 11 1 59.0816 86.1497
13 12 0 82.351 102.805
13 14 1 47.7287 48.4721
13 15 0 52.2231 77.3969
13 16 0 85.622 106.376
13 17 0 64.597 95.2113
13 18 0 9.87284 14.4237
13 19 1 84.5503 110.229
13 20 1 25.4913 36.9333
13 21 0 2.89444 3.92396
13 22 0 95.2012 123.789
13 23 0 16.3843 21.4581
13 24 0 85.1615 87.6653
13 25 1 48.0405 60.1618
13 26 0 89.4129 94.8416
13 27 1 76.3043 111.509
13 28 0 75.1495 101.849
13 29 0 90.0466 101.965
13 30 0 83.7383 115.191
13 31 0 13.4259 16.0229
13 32 0 46.8408 53.3151
13 33 0 37.3712 39.0716
13 34 0 48.3602 51.2542
13 35 0 51.8346 55.0827
13 36 0 62.0947 89.6802
13 37 1 88.5645 110.481
13 38 0 38.7345 47.4053
13 39 0 73.3773 86.2789
13 40 0 98.5679 143.08
13 41 0 46.106 66.95
13 42 1 24.7411 33.7638
13 43 1 6.83939 9.788
13 44 0 68.4022 84.0154
13 45 0 61.2882 68.2852
13 46 0 11.3126 12.3049
13 47 0 82.1294 90.2616
13 48 0 11.3917 12.4433
13 49 1 51.1035 71.2975
13 50 0 5.37938 8.02688
13 51 1 50.5156 65.6978
13 52 0 57.4515 65.4985
13 53 0 60.8385 84.1052
13 54 0 97.4446 120.15
13 55 0 60.7219 60.8997
13 56 0 24.0874 24.4972
13 57 0 88.0516 95.5195
13 58 0 30.7664 43.2111
13 59 0 66.221 82.2596
13 60 0 13.7917 17.4672
14 1 0 59.9289 77.1076
14 2 0 79.0434 92.2197
14 3 0 49.5886 64.6788
14 4 0 8.87162 10.3351
14 5 0 82.4367 104.593
14 6 0 96.4795 120.517
14 7 0 45.3441 65.4039
14 8 0 52.8523 67.5288
14 9 0 38.4648 46.3049
14 10 0 91.1816 116.198
14 11 0 81.3401 105.193
14 12 0 43.5882 59.4518
14 13 0 35.3851 40.0338
14 15 1 83.2244 96.416
14 16 0 0.222667 0.273444
14 17 0 89.5785 125.622
14 18 0 52.6909 63.6713
14 19 0 99.9823 103.301
14 20 0 37.3701 40.1813
14 21 0 55.5378 68.3291
14 22 0 76.4828 87.7866
14 23 0 12.4019 13.2313
14 24 0 30.342 39.1627
14 25 0 76.1144 98.445
14 26 0 29.2033 38.3654
14 27 1 88.1842 105.895
14 28 0 65.1306 74.4365
14 29 0 32.2236 46.5159
14 30 0 13.3909 17.8481
14 31 0 97.903 115.175
14 32 0 0.215565 0.273825
14 33 0 67.1961 94.0925
14 34 1 55.1614 82.7185
14 35 0 88.5779 99.4224
14 36 0 84.008 102.354
14 37 0 35.1025 46.0438
14 38 1 23.0016 25.9204
14 39 0 23.8195 28.092
14 40 1 93.245 136.81
14 41 0 8.58572 10.2792
14 42 0 68.6526 87.8158
14 43 0 4.37844 6.38555
14 44 0 87.3171 100.449
14 45 0 72.6871 100.899
14 46 0 89.1331 112.732
14 47 0 84.7792 122.685
14 48 0 7.75477 10.4395
14 49 1 72.2604 73.0431
14 50 0 34.3493 39.3779
14 51 0 78.6519 100.429
14 52 0 83.9195 124.256
14 53 0 83.6356 107.078
14 54 0 69.7142 80.1318
14 55 1 51.658 59.0336
14 56 0 49.9494 68.5783
14 57 0 35.7392 49.2128
14 58 0 62.8365 88.9702
14 59 1 22.5013 22.6284
14 60 0 69.0135 73.223
15 1 1 92.6088 123.34
15 2 0 9.26235 10.9402
15 3 0 20.6719 23.7716
15 4 0 71.0122 90.1814
15 5 0 33.8155 46.9948
15 6 0 3.62027 5.34986
15 7 0 95.187 98.1626
15 8 0 87.7007 101.635
15 9 0 7.94523 8.9404
15 10 1 87.112 96.984
15 11 0 35.4329 50.5863
15 12 0 57.5418 85.883
15 13 1 78.6591 98.1141
15 14 0 45.8065 54.0055
15 16 1 2.16191 3.11004
15 17 0 72.3392 88.38
15 18 0 32.8377 48.1633
15 19 0 23.3807 32.9277
15 20 1 54.2651 58.4514
15 21 0 88.4027 89.1749
15 22 0 52.3184 56.6213
15 23 0 75.7223 92.9879
15 24 0 12.037 16.0172
15 25 1 19.8303 27.4224
15 26 0 91.1848 121.444
15 27 0 36.6149 39.8769
15 28 0 35.2122 47.634
15 29 0 89.4568 120.858
15 30 0 49.2899 64.2188
15 31 0 64.1791 79.7747
15 32 1 5.00115 6.07823
15 33 0 59.6268 75.6492
15 34 0 56.0114 77.373
15 35 0 80.6717 107.391
15 36 0 34.2897 37.7162
15 37 1 96.5124 133.8
15 38 0 47.2572 60.9314
15 39 0 30.0176 42.8152
15 40 0 6.64509 7.48981
15 41 1 15.2914 15.4667
15 42 0 2.11659 2.15246
15 43 0 94.5857 138.765
15 44 0 97.9419 99.1808
15 45 0 73.557 91.0912
15 46 0 2.54635 3.33449
15 47 0 14.3559 21.3355
15 48 0 40.5494 60.6738
15 49 1 2.63632 3.57879
15 50 0 19.103 19.1212
15 51 0 72.5563 74.7171
15 52 0 49.9149 69.196
15 53 0 9.885 12.8943
15 54 0 34.4364 49.0112
15 55 0 1.22561 1.65465
15 56 0 81.7179 108.03
15 57 0 86.6004 124.002
15 58 0 12.8336 14.6877
15 59 0 63.3093 64.2826
15 60 0 5.10335 5.85661
16 1 0 71.9857 77.3343
16 2 0 37.2238 38.319
16 3 0 18.2968 22.3133
16 4 1 98.7846 148.098
16 5 0 46.0255 65.219
16 6 0 6.45641 7.07337
16 7 0 71.3953 77.9512
16 8 0 42.2695 42.3759
16 9 0 42.3726 53.5912
16 10 0 3.14233 3.23885
16 11 0 45.8994 65.5604
16 12 0 17.0039 24.9778
16 13 0 88.6905 123.728
16 14 0 98.8951 142.328
16 15 0 20.7186 28.2159
16 17 1 98.5779 102.085
16 18 0 33.5871 37.793
16 19 0 64.9814 94.4012
16 20 0 72.3892 103.093
16 21 0 31.2275 34.9326
16 22 0 37.2744 45.5293
16 23 0 40.3218 51.481
16 24 0 40.0418 51.3353
16 25 0 31.7509 34.1224
16 26 0 53.5551 75.4029
16 27 0 34.8828 36.5985
16 28 0 82.4735 106.807
16 29 0 19.297 21.6645
16 30 0 98.32 101.341
16 31 0 41.8548 62.2147
16 32 0 13.0598 18.3608
16 33 1 98.0289 124.692
16 34 0 46.0982 56.4238
16 35 1 29.8617 40.7908
16 36 0 4.37808 4.74708
16 37 0 95.8666 116.848
16 38 1 80.3205 88.7172
16 39 0 75.9564 77.3448
16 40 0 94.8018 131.016
16 41 0 31.9713 45.7212
16 42 0 89.4966 129.682
16 43 0 32.6432 43.6585
16 44 0 46.9212 58.1011
16 45 1 21.0564 21.6514
16 46 0 64.3509 81.51
16 47 1 1.0927 1.57381
16 48 0 14.1619 18.541
16 49 0 66.5809 79.9991
16 50 0 81.0552 94.5587
16 51 0 40.8469 45.958
16 52 0 71.849 99.0092
16 53 0 23.306 24.8374
16 54 0 83.8627 85.8216
16 55 0 68.2611 74.8481
16 56 1 27.6091 40.5763
16 57 0 16.9923 18.8488
16 58 0 86.0316 115.96
16 59 0 24.8407 27.8019
16 60 0 82.1458 84.4913
17 1 0 25.2388 34.4934
17 2 0 96.6826 144.407
17 3 0 94.0172 116.551
17 4 0 49.7967 71.7058
17 5 0 55.4744 73.2591
17 6 0 68.786 102.606
17 7 0 83.2083 97.8711
17 8 1 1.57397 1.83042
17 9 0 53.0232 62.0634
17 10 0 14.9101 21.4934
17 11 1 61.2142 82.9329
17 12 0 63.4042 73.5899
17 13 0 48.9649 64.9492
17 14 0 7.06611 7.68496
17 15 0 84.9184 104.81
17 16 0 15.1829 15.3364
17 18 1 94.0988 101.851
17 19 0 32.7368 41.5969
17 20 0 76.7154 101.961
17 21 0 13.6606 14.1112
17 22 0 22.0773 25.3164
17 23 1 78.628 104.978
17 24 0 25.9992 29.7113
17 25 0 53.7127 54.7139
17 26 0 60.1658 68.6648
17 27 0 69.5209 76.4153
17 28 0 6.04016 6.26843
17 29 0 18.1372 21.481
17 30 0 45.0417 56.773
17 31 0 68.599 87.6823
17 32 0 88.1416 108.661
17 33 0 5.23453 6.59925
17 34 0 40.3166 54.9151
17 35 1 37.0435 42.8582
17 36 0 85.5339 91.4941
17 37 0 20.0346 21.7319
17 38 0 58.8534 69.7411
17 39 0 11.4973 16.5844
17 40 0 53.0401 55.9927
17 41 0 95.1693 111.16
17 42 0 44.4482 62.4229
17 43 0 88.1602 115.009
17 44 0 10.3304 12.6059
17 45 0 93.5978 93.7298
17 46 0 54.0304 73.0064
17 47 0 98.5857 107.502
17 48 0 24.5058 27.6756
17 49 0 69.7001 70.098
17 50 0 0.53789 0.756326
17 51 1 54.2093 66.1095
17 52 0 14.0019 17.3034
17 53 0 79.8697 94.8217
17 54 0 49.4113 73.0439
17 55 0 42.9712 53.3772
17 56 0 69.1904 80.3662
17 57 0 59.0975 68.4515
17 58 1 46.3791 62.3874
17 59 0 63.9101 81.9029
17 60 0 37.9927 55.8136
18 1 0 1.93105 2.70247
18 2 0 51.0327 55.7507
18 3 0 97.8513 119.769
18 4 0 30.2958 40.1012
18 5 0 43.602 50.0923
18 6 0 67.1491 68.5112
18 7 1 8.02108 9.97613
18 8 0 16.1195 17.6769
18 9 0 1.30827 1.85035
18 10 0 29.6824 38.008
18 11 0 72.8887 91.9034
18 12 0 65.0208 77.9099
18 13 0 1.40128 1.46199
18 14 0 62.8538 63.5417
18 15 0 55.7317 83.19
18 16 0 6.38141 9.24265
18 17 1 15.408 15.4667
18 19 1 72.0952 73.7992
18 20 0 83.2127 120.873
18 21 0 17.0378 24.9028
18 22 0 62.442 73.8758
18 23 0 29.8209 35.6564
18 24 0 83.2738 105.281
18 25 0 2.30932 2.82042
18 26 0 82.9842 95.7705
18 27 0 45.6395 52.0249
18 28 0 3.47483 3.91272
18 29 0 23.8235 27.1304
18 30 0 82.2074 120.832
18 31 0 79.369 103.974
18 32 0 47.5847 57.4917
18 33 0 55.7665 60.6151
18 34 0 62.818 76.487
18 35 0 16.0625 18.6756
18 36 1 12.8122 14.7613
18 37 0 35.1405 47.8833
18 38 0 55.2153 64.0178
18 39 0 59.1929 61.1656
18 40 0 97.4298 121.935
18 41 1 4.12167 5.47758
18 42 0 43.0232 55.0048
18 43 0 40.7863 58.6768
18 44 0 58.9558 83.4762
18 45 0 98.1871 129.439
18 46 0 30.6226 34.9028
18 47 0 15.6212 18.1632
18 48 0 67.9947 96.1564
18 49 0 95.3005 110.16
18 50 0 87.1342 96.5249
18 51 0 3.41629 3.69046
18 52 0 74.0262 92.8502
18 53 0 91.3014 93.5137
18 54 1 51.1045 59.4418
18 55 0 6.22308 6.5256
18 56 0 34.1142 34.283
18 57 0 40.7007 58.6626
18 58 0 70.4147 76.1614
18 59 1 75.4922 87.7875
18 60 0 55.9279 61.889
19 1 0 22.193 26.6874
19 2 1 90.4955 104.47
19 3 0 37.3534 52.9757
19 4 0 86.8937 89.4189
19 5 0 38.8311 43.8611
19 6 0 51.2661 71.09
19 7 0 25.1015 36.4949
19 8 0 55.7862 68.8369
19 9 1 88.0547 88.9027
19 10 0 51.2034 65.2894
19 11 1 47.4108 49.8878
19 12 1 71.3488 97.5852
19 13 0 12.7078 17.0527
19 14 0 96.981 121.551
19 15 0 5.41817 7.1908
19 16 0 80.9836 92.0872
19 17 0 8.7625 12.8722
19 18 0 82.438 118.741
19 20 1 60.368 73.0628
19 21 1 34.32 45.1733
19 22 0 90.6563 134.757
19 23 0 34.4871 43.0478
19 24 0 75.3006 111.02
19 25 0 79.6863 102.251
19 26 0 2.55968 2.57321
19 27 0 63.395 79.1845
19 28 1 55.1238 81.0561
19 29 0 41.4878 47.7264
19 30 0 60.8564 84.3347
19 31 0 93.4898 116.287
19 32 0 2.43902 3.42558
19 33 0 59.3277 72.4122
19 34 1 49.1637 72.3714
19 35 0 96.2556 121.534
19 36 1 86.4722 117.255
19 37 0 77.6623 99.7707
19 38 0 46.9971 60.3125
19 39 0 55.7057 75.4707
19 40 0 38.6736 45.352
19 41 0 70.5865 96.2439
19 42 0 67.3548 71.7445
19 43 0 58.9151 69.6473
19 44 0 38.9335 55.9493
19 45 0 15.6278 21.3215
19 46 0 65.1317 94.4485
19 47 0 21.4219 24.0761
19 48 0 17.5609 26.179
19 49 0 32.6996 42.624
19 50 0 83.0251 109.042
19 51 1 71.9015 75.5028
19 52 0 57.5376 66.8427
19 53 0 75.392 102.298
19 54 0 62.3011 71.4438
19 55 0 68.76 85.1764
19 56 1 56.8444 76.899
19 57 0 52.3624 62.3617
19 58 0 53.7155 78.3532
19 59 0 43.5423 54.2393
19 60 1 87.9139 122.676
20 1 0 84.7357 126.096
20 2 0 55.1474 57.6488
20 3 0 57.5541 59.602
20 4 0 8.2342 8.87919
20 5 0 20.46 29.3919
20 6 0 15.4458 21.5777
20 7 0 31.3797 33.7439
20 8 0 93.9793 101.645
20 9 0 45.7164 53.2157
20 10 0 54.3371 76.382
20 11 0 58.8881 82.4524
20 12 0 32.3597 33.2292
20 13 0 67.9639 94.6002
20 14 0 83.8267 91.1282
20 15 0 10.5513 13.1589
20 16 0 97.9265 145.352
20 17 0 99.0789 134.973
20 18 0 59.8054 75.3376
20 19 0 22.0122 28.301
20 21 1 92.6071 124.731
20 22 0 49.9417 56.6286
20 23 0 95.0523 136.006
20 24 0 68.6495 70.6158
20 25 0 85.2433 121.504
20 26 0 18.5791 20.6396
20 27 0 97.5245 112.272
20 28 0 49.4658 50.241
20 29 0 27.6033 41.3082
20 30 0 32.8578 41.2273
20 31 0 52.9294 55.6592
20 32 0 92.221 131.009
20 33 0 53.1878 59.8632
20 34 0 51.6436 54.2788
20 35 0 23.3777 28.7239
20 36 0 1.41444 1.49564
20 37 0 69.5864 70.1354
20 38 0 58.5654 76.8435
20 39 0 73.7819 103.384
20 40 0 36.1428 48.7371
20 41 0 72.473 77.9194
20 42 0 40.3553 55.4504
20 43 0 14.0616 20.9866
20 44 0 17.473 20.8059
20 45 0 78.4466 107.265
20 46 0 81.0352 110.325
20 47 0 36.4433 37.8691
20 48 0 51.1372 51.7873
20 49 1 71.7539 104.159
20 50 0 18.985 27.9569
20 51 0 44.2624 48.9962
20 52 0 92.3991 99.8345
20 53 1 9.56384 10.0117
20 54 1 0.205855 0.247785
20 55 0 49.9744 60.0768
20 56 0 99.8455 137.593
20 57 0 51.425 59.7271
20 58 0 73.645 85.6907
20 59 0 62.7862 84.9666
20 60 0 81.5741 93.8697
21 1 0 84.1316 112.153
21 2 0 11.7969 16.084
21 3 0 10.4477 10.8152
21 4 1 49.3215 65.4465
21 5 0 75.7693 86.2978
21 6 0 54.5976 77.0448
21 7 0 39.4878 41.292
21 8 0 46.8467 62.3993
21 9 0 2.81558 3.45534
21 10 0 94.3343 102.982
21 11 0 29.0454 30.1494
21 12 0 63.2413 85.9914
21 13 0 39.9781 56.7282
21 14 0 24.6751 25.0852
21 15 0 67.9925 91.6938
21 16 0 65.9171 70.526
21 17 1 90.4483 117.46
21 18 0 31.7676 37.381
21 19 0 1.04262 1.51284
21 20 1 49.365 61.0667
21 22 1 21.0196 27.6115
21 23 0 39.5432 49.1877
21 24 0 83.8935 114.963
21 25 0 70.0809 88.3442
21 26 0 51.8141 72.3854
21 27 0 99.7918 132.707
21 28 0 54.269 57.4368
21 29 0 76.4042 93.2741
21 30 0 21.3234 22.3606
21 31 0 82.1514 96.1402
21 32 0 26.309 36.4221
21 33 1 3.27251 4.63565
21 34 0 18.9149 27.4442
21 35 0 89.2548 122.647
21 36 0 87.4364 112.079
21 37 1 68.9164 90.5357
21 38 0 75.8039 83.5728
21 39 1 50.7223 67.5594
21 40 1 35.6063 40.4677
21 41 0 16.0632 18.9615
21 42 0 60.4829 85.1963
21 43 0 71.4644 86.3918
21 44 0 9.2009 12.2187
21 45 1 69.1345 95.1416
21 46 0 99.7765 130.541
21 47 0 34.6186 47.0842
21 48 0 70.0094 90.9424
21 49 0 85.0616 118.675
21 50 1 42.2687 49.8114
21 51 1 11.9374 14.563
21 52 0 45.7415 64.5314
21 53 0 15.2287 17.8847
21 54 0 51.8391 68.7309
21 55 1 41.5345 46.106
21 56 0 58.7625 81.7432
21 57 0 81.2007 95.0345
21 58 1 2.63081 2.93085
21 59 0 88.0094 95.7008
21 60 0 55.0451 55.2097
22 1 0 34.5779 47.4718
22 2 0 83.7696 92.0213
22 3 0 5.1699 7.65095
22 4 0 41.7051 42.4566
22 5 0 22.3258 30.6979
22 6 0 98.2561 140.766
22 7 0 29.8675 31.8727
22 8 0 88.0398 124.738
22 9 0 81.5753 99.7944
22 10 0 40.4583 42.9912
22 11 0 18.0595 23.206
22 12 0 47.6106 63.6041
22 13 0 74.4524 91.5917
22 14 0 0.168976 0.195059
22 15 0 59.2302 67.5356
22 16 0 29.6705 31.3603
22 17 0 56.6757 59.1681
22 18 1 18.7854 23.5712
22 19 1 38.3385 53.1205
22 20 0 13.6791 18.5778
22 21 0 60.8358 79.8496
22 23 1 21.4976 22.616
22 24 0 34.4944 35.5078
22 25 0 13.7229 19.2436
22 26 0 9.93993 13.1053
22 27 1 22.0723 30.9926
22 28 0 55.7695 70.3736
22 29 0 36.3845 53.5555
22 30 0 8.6808 9.29959
22 31 0 44.4032 56.2008
22 32 0 69.8614 72.1836
22 33 0 16.0028 20.3432
22 34 1 4.11594 5.04847
22 35 0 83.1143 93.0765
22 36 1 85.608 107.959
22 37 1 59.5323 76.0261
22 38 0 60.3642 81.0144
22 39 0 66.5312 96.9333
22 40 0 63.925 78.6767
22 41 1 85.4634 90.9815
22 42 1 90.2699 102.697
22 43 0 48.1695 57.616
22 44 0 76.6244 84.2149
22 45 0 39.4622 58.671
22 46 0 47.1952 65.5217
22 47 0 29.2435 37.4166
22 48 0 25.4218 30.8501
22 49 0 90.4826 116.491
22 50 0 8.90874 13.212
22 51 0 21.8157 32.6251
22 52 0 41.4416 59.9772
22 53 0 1.60979 1.8099
22 54 1 49.8375 58.0558
22 55 0 15.0126 17.538
22 56 0 98.181 111.51
22 57 0 17.7638 23.1828
22 58 0 59.0329 63.5487
22 59 0 64.8619 83.37
22 60 0 79.2595 100.003
23 1 0 71.4678 106.516
23 2 0 68.1537 79.1234
23 3 0 5.52622 6.93008
23 4 0 66.6618 68.3418
23 5 0 39.3336 47.0678
23 6 0 73.3751 82.2408
23 7 0 25.9921 37.7396
23 8 0 76.2376 90.4012
23 9 0 96.1726 114.644
23 10 0 77.1814 78.576
23 11 0 24.2436 34.4917
23 12 0 78.9234 94.7381
23 13 0 24.9464 32.2244
23 14 0 34.0718 39.6751
23 15 1 43.2551 54.1965
23 16 0 82.0751 110.982
23 17 0 85.4519 111.023
23 18 0 14.8812 17.5344
23 19 0 20.2107 23.3358
23 20 0 4.7648 4.82255
23 21 0 80.274 102.918
23 22 0 44.6266 47.6457
23 24 1 64.8852 79.7811
23 25 0 36.4327 46.7809
23 26 0 25.1218 32.9015
23 27 0 41.1212 41.8531
23 28 0 27.6815 37.0441
23 29 0 78.9591 100.952
23 30 0 17.7546 20.6782
23 31 0 50.112 52.3789
23 32 0 67.3364 94.5035
23 33 0 65.1221 90.4753
23 34 0 96.4161 120.867
23 35 0 62.5449 81.7645
23 36 0 86.9154 114.032
23 37 1 71.5105 73.1158
23 38 0 74.1976 82.7462
23 39 0 53.4623 63.1
23 40 0 70.4942 81.6852
23 41 0 3.87382 5.34706
23 42 0 67.0802 76.9197
23 43 0 94.204 105.384
23 44 0 86.6021 91.5776
23 45 0 98.953 141.189
23 46 0 80.4457 85.2425
23 47 0 50.0254 71.3419
23 48 0 76.682 91.9043
23 49 0 91.5532 106.234
23 50 0 40.5094 40.8853
23 51 0 6.72062 7.03944
23 52 0 99.1137 138.757
23 53 0 95.7636 115.921
23 54 0 87.1939 90.0849
23 55 0 67.5966 88.4049
23 56 0 58.701 75.1829
23 57 1 31.7984 35.5055
23 58 0 56.258 71.5649
23 59 1 41.8064 58.0443
23 60 0 65.5168 96.3699
24 1 0 21.2173 22.4793
24 2 0 81.6485 120.581
24 3 0 43.5099 50.7769
24 4 0 74.964 84.2095
24 5 0 7.23403 10.5155
24 6 0 21.6205 30.8559
24 7 1 49.1334 67.8783
24 8 0 40.3118 43.8272
24 9 0 81.3781 119.275
24 10 0 84.6647 91.0151
24 11 0 69.4047 87.0975
24 12 1 37.6748 48.6913
24 13 0 91.2403 112.558
24 14 0 75.9791 85.1933
24 15 0 22.1501 32.4305
24 16 0 38.9812 56.8638
24 17 0 87.9937 102.565
24 18 0 25.049 30.9196
24 19 1 40.0577 42.932
24 20 0 90.2726 107.049
24 21 0 11.4068 12.5803
24 22 1 28.112 41.827
24 23 0 14.8611 15.834
24 25 1 22.3812 24.0994
24 26 0 60.8253 77.6755
24 27 0 90.3377 123.91
24 28 1 33.251 45.8123
24 29 0 39.806 58.653
24 30 1 70.8832 83.4438
24 31 0 77.0386 99.1499
24 32 0 38.5727 52.8365
24 33 0 97.2471 115.346
24 34 0 75.1621 83.2392
24 35 0 48.434 66.6783
24 36 0 24.7035 26.3736
24 37 0 91.0365 95.3269
24 38 0 10.0448 11.1512
24 39 0 48.9438 72.2426
24 40 0 87.2105 108.802
24 41 1 26.2853 39.168
24 42 0 98.9872 141.067
24 43 0 40.3511 45.4048
24 44 1 30.0137 32.6516
24 45 0 17.2057 19.3887
24 46 0 77.0141 87.7806
24 47 0 80.9417 81.446
24 48 0 97.9872 132.467
24 49 0 96.2514 112.413
24 50 0 49.067 64.1117
24 51 0 69.6052 104.3
24 52 0 32.1383 37.1159
24 53 0 57.7734 70.9931
24 54 0 20.1092 26.1191
24 55 0 11.2706 15.0392
24 56 0 17.8538 24.9271
24 57 0 5.43287 6.29224
24 58 0 0.705581 0.733366
24 59 0 36.8977 39.9098
24 60 0 65.9237 72.6859
25 1 0 84.6874 86.1578
25 2 0 54.7635 56.6584
25 3 0 82.3608 92.8939
25 4 0 74.9465 91.1642
25 5 0 26.9008 27.9685
25 6 0 10.5311 14.1721
25 7 0 36.9464 42.5873
25 8 0 44.1206 60.7759
25 9 0 1.81296 2.3699
25 10 0 21.3628 22.4051
25 11 0 38.3434 40.0511
25 12 0 97.7611 142.895
25 13 0 91.5834 134.607
25 14 0 72.9409 107.445
25 15 0 18.6207 23.2762
25 16 0 58.914 84.4393
25 17 0 25.2656 26.7886
25 18 0 57.6021 83.8586
25 19 0 68.7508 81.1443
25 20 0 53.9898 56.942
25 21 1 75.3972 101.794
25 22 0 10.2118 14.0567
25 23 0 18.318 19.9247
25 24 1 29.5513 42.4768
25 26 1 48.8511 54.6587
25 27 1 48.3283 49.4209
25 28 0 67.8095 98.5485
25 29 0 34.1025 38.2054
25 30 0 6.85579 8.242
25 31 0 21.2002 21.9994
25 32 0 65.3458 69.4639
25 33 0 19.3163 21.1822
25 34 0 40.2012 49.709
25 35 0 66.1468 88.3997
25 36 0 54.8126 56.982
25 37 1 40.6561 45.3775
25 38 0 58.9592 67.0669
25 39 0 91.0602 119.116
25 40 0 28.9378 32.5681
25 41 1 20.9425 28.1683
25 42 1 34.0243 47.3869
25 43 0 35.3138 42.5249
25 44 0 69.9236 92.246
25 45 0 81.1964 95.4573
25 46 0 29.7312 32.1947
25 47 1 53.1678 63.7723
25 48 0 17.657 21.1298
25 49 0 33.1838 35.9353
25 50 0 23.6685 26.4978
25 51 0 47.1514 58.492
25 52 0 74.7638 101.399
25 53 0 57.9836 68.633
25 54 0 52.6363 72.1933
25 55 0 70.353 95.3286
25 56 0 66.7587 91.3722
25 57 0 31.3154 32.4875
25 58 0 61.2772 90.1247
25 59 0 50.6087 51.3527
25 60 0 60.2368 82.5712
26 1 1 6.26036 8.69821
26 2 0 19.2087 23.8805
26 3 0 91.3622 125.747
26 4 0 58.7763 64.2617
26 5 0 39.975 48.2074
26 6 0 45.9589 57.1263
26 7 0 6.22508 6.40136
26 8 0 67.7766 87.383
26 9 0 21.4588 24.2286
26 10 1 10.5071 12.2255
26 11 0 71.615 106.733
26 12 0 99.1326 135.843
26 13 0 29.8405 44.5079
26 14 0 95.4865 124.754
26 15 1 41.7652 58.6126
26 16 0 61.424 81.4634
26 17 0 46.4725 64.7617
26 18 0 85.7632 115.541
26 19 0 60.1104 64.3267
26 20 0 4.02823 5.18951
26 21 0 22.8294 33.5664
26 22 1 86.3666 107.816
26 23 0 78.8344 114.109
26 24 0 12.7325 16.7239
26 25 0 78.3685 89.9452
26 27 1 63.9204 82.469
26 28 0 61.0778 74.6974
26 29 0 69.0171 74.1339
26 30 0 71.7856 100.927
26 31 0 47.9633 60.0682
26 32 0 63.2095 68.7837
26 33 0 45.4888 65.7201
26 34 0 2.43225 2.60928
26 35 0 24.8507 34.0599
26 36 0 16.495 16.6453
26 37 1 9.98758 11.1238
26 38 0 31.7827 37.9321
26 39 0 58.6724 63.2183
26 40 0 65.4949 96.9177
26 41 0 85.1663 106.057
26 42 0 30.815 32.2177
26 43 0 31.3487 41.1518
26 44 0 40.0328 45.6926
26 45 0 72.9806 80.9862
26 46 0 61.6612 62.4679
26 47 0 30.8828 43.9594
26 48 0 2.74179 3.32138
26 49 0 77.831 114.748
26 50 0 7.91168 9.11004
26 51 0 50.1604 53.1138
26 52 0 17.9001 20.2495
26 53 0 5.18781 5.52453
26 54 0 70.906 71.6217
26 55 0 19.3834 23.2594
26 56 0 25.5746 35.4829
26 57 1 94.24 136.409
26 58 0 76.8527 108.795
26 59 0 72.8895 74.6227
26 60 1 25.2045 33.5327
27 1 1 9.00185 9.9469
27 2 0 53.1512 64.9214
27 3 0 40.8169 50.3645
27 4 0 62.6944 64.5072
27 5 0 20.3447 27.7929
27 6 0 16.8923 18.1827
27 7 0 96.2565 132.145
27 8 1 94.0979 123.924
27 9 1 96.6844 103.188
27 10 0 74.0078 92.2337
27 11 0 37.3688 44.9643
27 12 0 96.7018 144.648
27 13 0 49.6906 56.7241
27 14 0 76.9194 99.4415
27 15 0 3.37582 3.8993
27 16 0 83.7854 107.098
27 17 0 0.804345 0.871642
27 18 0 29.6527 44.3307
27 19 0 74.5719 92.6071
27 20 0 49.486 55.286
27 21 0 39.6412 43.2244
27 22 0 91.1659 102.396
27 23 0 92.5665 99.7854
27 24 0 36.3784 45.5918
27 25 0 11.5772 16.532
27 26 0 91.5357 120.355
27 28 1 7.87646 10.5609
27 29 0 8.36421 8.49718
27 30 0 10.3801 12.6926
27 31 0 11.8826 17.467
27 32 0 2.15353 2.31899
27 33 0 97.9173 121.694
27 34 0 0.9479 1.25247
27 35 0 28.1481 30.8166
27 36 0 96.5768 114.522
27 37 0 78.5351 89.7803
27 38 1 44.4845 57.9049
27 39 0 90.3717 131.105
27 40 0 79.7678 108.087
27 41 0 6.33004 7.6774
27 42 0 58.9339 81.2432
27 43 0 30.4647 38.8433
27 44 0 75.2576 109.255
27 45 0 49.5659 59.723
27 46 0 81.0118 90.0814
27 47 0 66.0831 80.3705
27 48 0 93.0044 132.027
27 49 0 79.6996 105.892
27 50 0 83.6829 98.6166
27 51 0 4.09341 5.46742
27 52 0 53.2697 65.7397
27 53 0 77.2908 105.6
27 54 0 82.4271 86.5823
27 55 0 32.0071 35.6069
27 56 0 81.1918 108.181
27 57 0 63.2434 65.8511
27 58 0 55.3386 64.4428
27 59 0 22.5312 30.8519
27 60 0 6.32505 8.43824
28 1 0 59.0719 61.2292
28 2 0 20.6841 26.5172
28 3 0 75.6448 109.868
28 4 0 81.6315 108.124
28 5 0 80.6085 81.0826
28 6 0 77.9625 102.188
28 7 0 12.0781 13.2759
28 8 0 94.4385 127.348
28 9 0 53.8053 58.8014
28 10 1 4.11824 4.95532
28 11 0 43.1322 59.87
28 12 0 26.7005 29.5385
28 13 0 57.7502 77.3204
28 14 0 8.73933 12.1379
28 15 0 86.054 119.209
28 16 0 33.2066 42.114
28 17 0 87.4801 123.956
28 18 0 84.406 91.3828
28 19 0 48.0028 67.4582
28 20 0 52.7806 70.6602
28 21 1 11.852 12.3158
28 22 0 30.1249 42.1701
28 23 0 38.0248 50.4603
28 24 0 64.6776 66.3407
28 25 0 16.2554 21.1226
28 26 0 61.7241 75.5175
28 27 0 11.8923 11.8996
28 29 1 95.6235 131.67
28 30 0 8.98989 11.9858
28 31 0 31.5574 31.6571
28 32 0 11.0518 12.2684
28 33 1 86.486 108.742
28 34 1 82.4365 88.7369
28 35 0 97.0709 138.731
28 36 0 85.7988 87.1598
28 37 1 37.4639 53.0736
28 38 0 33.9566 37.6459
28 39 1 44.2246 60.1758
28 40 0 88.9636 104.591
28 41 0 11.4813 13.7889
28 42 0 82.2715 85.09
28 43 1 56.1711 60.5959
28 44 0 93.1606 98.7469
28 45 0 33.1804 39.5507
28 46 0 31.9016 42.4505
28 47 0 70.1514 99.0584
28 48 0 81.8122 121.265
28 49 0 79.2428 104.946
28 50 0 71.4486 91.894
28 51 1 85.0064 98.6928
28 52 0 56.9509 68.2437
28 53 0 29.204 36.1138
28 54 0 31.2915 34.3756
28 55 0 35.288 50.4585
28 56 0 73.9889 81.9592
28 57 0 66.1439 90.8116
28 58 0 58.3705 83.4869
28 59 0 7.03341 10.4993
28 60 0 19.2506 24.1246
29 1 0 81.9963 99.1207
29 2 0 2.63766 3.54208
29 3 0 20.6685 23.3043
29 4 0 56.753 72.7263
29 5 0 82.6896 104.414
29 6 0 47.3234 50.8454
29 7 0 10.9461 11.3861
29 8 0 35.7934 38.1721
29 9 0 95.6184 122.741
29 10 0 96.0147 112.065
29 11 0 90.9015 92.372
29 12 0 11.3328 16.8667
29 13 0 14.9953 17.444
29 14 0 69.7505 98.9631
29 15 0 99.8952 134.22
29 16 0 67.987 87.7553
29 17 0 88.0099 107.471
29 18 0 33.03 36.8919
29 19 1 54.2509 63.4881
29 20 0 33.7009 48.3106
29 21 0 73.9975 106.658
29 22 0 57.7252 58.0086
29 23 0 50.0648 54.0763
29 24 0 70.3048 99.6817
29 25 1 26.9954 27.3175
29 26 0 90.8032 133.175
29 27 0 28.8515 40.8553
29 28 0 10.5762 11.9022
29 30 1 64.8454 96.7623
29 31 0 43.8913 60.2508
29 32 0 70.7522 104.067
29 33 0 22.9151 23.3923
29 34 0 15.2428 15.8957
29 35 0 64.4985 85.0384
29 36 0 1.63725 1.68004
29 37 0 63.8264 75.575
29 38 0 93.5043 133.624
29 39 0 55.3259 76.0008
29 40 0 75.8904 79.4782
29 41 0 37.2541 49.0269
29 42 0 25.1913 27.7904
29 43 0 33.4774 38.0198
29 44 0 89.8247 125.269
29 45 1 92.9895 133.469
29 46 0 44.8116 55.1699
29 47 1 17.2365 22.6115
29 48 1 81.8946 107.537
29 49 1 39.7331 40.7848
29 50 1 16.1744 17.08
29 51 0 8.61245 11.6689
29 52 0 35.5091 53.0553
29 53 0 90.1306 126.12
29 54 0 13.3046 19.375
29 55 0 81.7632 91.4563
29 56 0 49.4328 51.1444
29 57 0 94.045 111.507
29 58 0 81.5094 82.2428
29 59 0 48.1035 59.1344
29 60 1 76.0214 78.341
30 1 0 40.5301 53.1759
30 2 1 16.7986 22.0683
30 3 0 34.2158 46.7448
30 4 0 57.6613 84.8344
30 5 0 35.0555 37.369
30 6 0 76.2282 98.2128
30 7 1 37.8011 56.4381
30 8 1 23.6122 31.4122
30 9 0 88.8488 92.2294
30 10 0 67.6138 89.1065
30 11 0 84.4346 102.471
30 12 0 39.2876 52.8345
30 13 0 46.0234 54.902
30 14 0 75.4096 104.04
30 15 0 86.7583 124.423
30 16 0 51.8906 71.7229
30 17 0 77.6 108.665
30 18 0 71.6713 72.0884
30 19 0 93.5199 125.478
30 20 0 10.9285 16.2125
30 21 0 71.4366 82.5918
30 22 0 56.968 85.1727
30 23 0 45.2059 51.7149
30 24 0 14.6827 20.2001
30 25 1 84.9675 115.537
30 26 0 79.9241 92.2009
30 27 1 31.1656 44.3382
30 28 0 62.6329 79.0685
30 29 0 0.526258 0.783744
30 31 1 24.9097 35.6793
30 32 0 16.0329 21.0677
30 33 0 49.5037 54.5529
30 34 0 70.7109 96.7344
30 35 0 28.448 32.9978
30 36 0 47.3039 68.179
30 37 1 15.8027 18.5256
30 38 0 87.3574 87.8244
30 39 0 13.3341 18.9608
30 40 0 91.3139 119.737
30 41 0 61.9391 72.244
30 42 0 3.25379 4.58988
30 43 0 49.5879 69.2788
30 44 1 88.2275 106.574
30 45 0 65.7105 82.4379
30 46 0 96.7485 134.884
30 47 0 91.15 93.5486
30 48 0 30.3546 34.75
30 49 0 40.06 40.1025
30 50 1 25.7937 30.2396
30 51 0 25.6237 30.0102
30 52 0 44.1269 64.7745
30 53 0 67.8224 89.4832
30 54 0 30.1977 31.6096
30 55 1 8.75302 11.4138
30 56 0 65.4416 97
30 57 0 36.7233 47.6819
30 58 0 75.2952 76.5069
30 59 0 45.8117 59.0143
30 60 0 10.1371 10.2207
31 1 0 9.66433 10.9257
31 2 0 58.893 76.0325
31 3 0 26.2788 31.3715
31 4 0 40.1803 40.4179
31 5 1 12.0869 13.1771
31 6 0 14.1538 18.3713
31 7 0 57.228 74.9643
31 8 0 83.7122 120.718
31 9 1 57.3196 80.7381
31 10 0 60.3876 75.0957
31 11 0 70.1824 104.467
31 12 0 95.4567 127.162
31 13 0 32.7014 40.3379
31 14 0 8.64195 11.4161
31 15 0 92.4798 124.471
31 16 0 12.8702 18.4695
31 17 0 33.0017 47.106
31 18 0 2.13461 2.14108
31 19 1 8.49203 8.57398
31 20 0 76.3897 79.8711
31 21 0 34.4096 48.7113
31 22 0 56.3417 61.1041
31 23 1 68.449 82.1573
31 24 0 74.3737 107.06
31 25 0 84.1872 104.958
31 26 0 34.6861 39.9091
31 27 0 16.713 19.1047
31 28 0 39.2656 50.9263
31 29 1 15.8667 20.5419
31 30 0 37.5423 55.374
31 32 1 63.2966 90.1464
31 33 0 8.51766 12.1048
31 34 0 68.4954 87.6038
31 35 0 22.7086 32.2822
31 36 0 57.4693 66.1378
31 37 0 96.2113 111.546
31 38 0 56.5777 84.791
31 39 0 89.9214 113.437
31 40 0 85.49 124.007
31 41 0 37.3807 50.274
31 42 0 85.1929 98.3467
31 43 0 37.8283 50.1713
31 44 0 22.5854 23.8105
31 45 0 84.369 123.314
31 46 0 26.2144 28.0952
31 47 0 51.0452 76.2884
31 48 1 84.0986 90.0637
31 49 0 1.83977 2.63109
31 50 0 26.9869 27.0249
31 51 1 21.0763 30.8998
31 52 0 30.3475 45.383
31 53 0 98.8274 146.962
31 54 0 11.5419 16.1396
31 55 0 71.6388 92.6389
31 56 1 3.80535 3.93665
31 57 1 55.398 59.7795
31 58 0 47.8991 57.3238
31 59 0 73.409 108.2
31 60 0 93.5193 128.727
32 1 0 82.3598 100.999
32 2 0 2.21467 2.26291
32 3 0 21.9492 30.2684
32 4 0 99.7978 100.17
32 5 0 80.1531 118.313
32 6 0 5.65522 6.28797
32 7 0 83.5712 103.176
32 8 0 65.6748 70.0485
32 9 0 6.35357 6.52193
32 10 0 90.4746 104.765
32 11 1 93.6061 136.416
32 12 0 13.1651 13.8257
32 13 0 21.1549 29.8273
32 14 0 24.0208 32.1006
32 15 1 39.9608 53.3838
32 16 0 32.5579 47.8047
32 17 0 50.7424 75.8312
32 18 0 29.4164 32.6336
32 19 0 16.7835 22.4634
32 20 0 74.2561 87.4864
32 21 0 94.872 111.916
32 22 0 9.29213 9.96019
32 23 1 66.9926 97.6683
32 24 0 35.7391 36.2881
32 25 0 79.9364 91.8903
32 26 0 20.0521 23.7957
32 27 0 0.051252 0.068613
32 28 0 96.0457 124.774
32 29 0 19.4462 25.4645
32 30 0 55.7926 66.1417
32 31 0 81.7997 95.2356
32 33 1 63.6049 74.4551
32 34 0 79.6865 87.9501
32 35 0 72.2173 76.466
32 36 0 66.89 97.3891
32 37 0 10.7366 12.2965
32 38 1 33.1477 38.6684
32 39 0 13.0162 14.6756
32 40 1 6.2593 9.15115
32 41 0 32.386 38.9862
32 42 0 81.8534 103.547
32 43 0 84.6991 95.2979
32 44 0 91.7792 128.263
32 45 0 23.8119 27.3199
32 46 0 61.3929 75.5499
32 47 1 21.8542 24.836
32 48 0 39.409 41.3716
32 49 0 30.4226 34.2966
32 50 0 7.17457 8.34596
32 51 0 22.575 25.6985
32 52 0 26.6221 34.9846
32 53 0 0.739217 0.906875
32 54 1 6.74377 8.532
32 55 0 35.4335 51.9002
32 56 0 50.8046 55.4373
32 57 0 38.4275 45.6719
32 58 0 6.85493 10.0593
32 59 0 16.162 20.7012
32 60 0 83.0289 94.0174
33 1 0 95.6132 125.564
33 2 0 42.5917 57.6492
33 3 1 24.0847 28.3933
33 4 1 31.6742 37.462
33 5 0 17.3556 17.5972
33 6 0 19.0664 27.1557
33 7 0 82.0258 110.537
33 8 0 48.8149 55.4908
33 9 0 7.41327 9.99393
33 10 0 23.7412 29.8515
33 11 0 4.89904 7.13571
33 12 0 14.9612 15.1127
33 13 0 9.35459 13.0607
33 14 0 65.3486 96.9216
33 15 0 50.5038 68.4734
33 16 0 99.4245 138.594
33 17 0 21.5755 26.3046
33 18 0 43.7166 56.0392
33 19 1 49.801 52.2192
33 20 0 45.4909 49.0104
33 21 0 21.7801 25.5747
33 22 0 90.6998 132.428
33 23 0 50.5341 66.2492
33 24 0 52.9119 55.9127
33 25 1 37.0902 54.4735
33 26 0 33.8966 42.6128
33 27 0 38.0879 48.2026
33 28 0 27.9303 40.5346
33 29 0 48.6603 55.4559
33 30 0 6.4816 7.32883
33 31 0 85.5264 108.321
33 32 0 70.2773 80.7721
33 34 1 80.3704 114.656
33 35 0 17.0582 19.0188
33 36 0 43.4785 44.8357
33 37 0 92.1108 126.693
33 38 0 81.8669 98.7554
33 39 0 44.0736 47.0236
33 40 0 36.284 37.9219
33 41 0 98.8235 107.418
33 42 0 90.7652 121.083
33 43 0 86.9696 96.5125
33 44 0 88.491 99.2525
33 45 0 44.4234 56.8194
33 46 0 74.2491 79.1068
33 47 0 96.3633 116.566
33 48 0 32.2217 48.1719
33 49 0 26.4769 37.4754
33 50 0 34.4175 45.0026
33 51 0 5.09599 6.53997
33 52 0 54.1013 79.4313
33 53 1 47.5448 47.5843
33 54 0 54.387 62.1686
33 55 1 40.0033 47.4367
33 56 0 97.7351 116.214
33 57 1 48.2437 67.925
33 58 0 36.0346 41.9827
33 59 0 4.641 6.58535
33 60 0 1.35896 1.98863
34 1 0 33.5822 34.3311
34 2 0 75.1225 106.661
34 3 0 2.51185 3.00083
34 4 1 1.29066 1.29338
34 5 0 67.4942 86.9511
34 6 0 77.3451 93.742
34 7 0 99.4209 134.246
34 8 1 26.5225 33.7351
34 9 1 83.8522 117.876
34 10 0 97.2377 103.795
34 11 0 50.3377 54.394
34 12 0 74.9032 77.5202
34 13 0 56.1428 64.9667
34 14 0 33.7325 48.7115
34 15 0 92.0628 118.921
34 16 0 32.5897 43.9667
34 17 1 60.3241 69.8345
34 18 0 37.5964 39.2014
34 19 0 42.5374 60.2692
34 20 0 45.2185 62.3327
34 21 0 69.0639 76.3454
34 22 0 68.0875 80.1969
34 23 0 59.2079 68.2351
34 24 1 72.7669 75.4973
34 25 0 51.7048 75.8872
34 26 0 48.703 64.8422
34 27 0 64.245 78.4372
34 28 0 42.8365 61.3351
34 29 0 2.86765 3.13649
34 30 0 75.7874 97.179
34 31 0 6.63119 6.86529
34 32 0 82.5602 119.942
34 33 0 21.6682 21.9725
34 35 1 25.0682 28.3172
34 36 0 64.9352 87.3147
34 37 0 40.1907 53.2345
34 38 0 82.5075 102.432
34 39 0 62.5876 70.7558
34 40 0 56.8389 58.4147
34 41 0 22.2565 22.3292
34 42 0 14.0747 19.2497
34 43 0 46.009 60.7146
34 44 0 96.6728 136.204
34 45 0 92.1625 106.781
34 46 0 67.8494 79.1508
34 47 0 28.3229 38.373
34 48 0 10.8071 15.8483
34 49 0 38.8756 54.8038
34 50 0 90.57 96.2086
34 51 0 4.58553 6.25569
34 52 0 86.2796 122.924
34 53 0 34.6942 36.016
34 54 1 66.4655 89.3744
34 55 1 16.0027 19.0941
34 56 0 76.7981 82.623
34 57 0 47.2845 64.2992
34 58 0 12.6281 18.5278
34 59 0 63.4693 79.2365
34 60 0 47.7239 59.183
35 1 0 21.2623 25.2669
35 2 0 9.25001 13.3153
35 3 0 10.19 14.5965
35 4 0 44.933 48.6617
35 5 0 27.9911 36.4411
35 6 0 66.1246 82.8444
35 7 0 82.66 91.2743
35 8 0 10.5699 11.2987
35 9 0 42.6007 62.0735
35 10 0 85.1535 121.781
35 11 0 43.6272 44.6907
35 12 0 72.995 85.7146
35 13 0 64.5487 90.3966
35 14 0 0.151254 0.205416
35 15 0 75.0073 83.6806
35 16 1 46.5295 63.0763
35 17 1 90.22 112.989
35 18 0 7.66796 7.8945
35 19 0 42.7288 55.2971
35 20 0 28.8933 35.8924
35 21 1 56.6576 83.9157
35 22 0 95.3226 131.77
35 23 0 45.6725 63.6148
35 24 0 87.189 94.9925
35 25 0 27.2999 32.765
35 26 0 28.1072 38.8742
35 27 1 70.8917 101.087
35 28 1 78.9152 85.0253
35 29 0 72.7362 108.102
35 30 1 8.89749 10.4508
35 31 0 54.6 62.6017
35 32 0 2.68105 3.21392
35 33 0 40.987 41.2572
35 34 0 61.3796 71.3914
35 36 1 65.8979 81.9469
35 37 1 97.0157 118.543
35 38 0 76.8578 77.4456
35 39 0 68.2982 86.1027
35 40 0 96.4284 118.725
35 41 0 48.2495 56.0441
35 42 0 42.1221 57.5458
35 43 0 86.02 128.152
35 44 0 98.5405 123.852
35 45 0 71.9943 77.7039
35 46 0 22.9345 29.2123
35 47 0 87.0032 105.079
35 48 0 75.5403 95.9688
35 49 0 8.38224 8.53426
35 50 0 60.5555 67.4165
35 51 0 37.3416 43.3807
35 52 1 42.8383 55.614
35 53 1 38.0779 39.0805
35 54 0 88.2375 117.051
35 55 0 86.3542 100.109
35 56 1 45.9682 50.5324
35 57 1 30.035 31.0313
35 58 0 6.79351 8.17271
35 59 0 70.7266 91.0952
35 60 0 87.7391 101.804
36 1 0 54.2534 56.8095
36 2 0 56.2604 82.6364
36 3 0 78.5654 115.588
36 4 0 31.0956 45.6374
36 5 1 26.7168 34.3765
36 6 0 75.9914 112.758
36 7 1 87.8545 111.436
36 8 0 94.1872 98.9469
36 9 0 35.6263 38.0841
36 10 0 43.25 46.955
36 11 1 2.67539 3.54485
36 12 0 69.137 88.506
36 13 0 2.05237 2.78243
36 14 0 31.8097 36.115
36 15 0 44.78 47.3889
36 16 1 43.7631 45.9343
36 17 1 70.6315 78.1794
36 18 0 24.9606 33.8554
36 19 1 30.9601 32.5028
36 20 0 57.6151 60.2081
36 21 0 74.1706 91.7364
36 22 0 65.07 75.9595
36 23 0 40.081 46.0705
36 24 0 65.3332 78.1662
36 25 0 67.3891 93.5917
36 26 0 80.3317 103.076
36 27 1 84.7836 94.9053
36 28 0 36.303 42.9376
36 29 0 5.86512 6.7397
36 30 0 75.4295 99.9319
36 31 0 28.1136 35.9183
36 32 0 36.9327 50.3022
36 33 0 10.9647 14.9643
36 34 0 62.0618 72.9135
36 35 0 1.27585 1.67381
36 37 1 97.5938 135.737
36 38 0 5.85857 6.66475
36 39 0 83.5779 124.256
36 40 0 43.0096 50.9305
36 41 0 74.9945 85.0359
36 42 0 54.4754 69.6031
36 43 0 4.0563 4.27669
36 44 0 89.7841 132.576
36 45 1 5.25048 7.72088
36 46 0 13.1525 16.9677
36 47 0 54.751 68.7456
36 48 0 86.4469 111.281
36 49 0 98.2752 116.626
36 50 1 78.3536 111.621
36 51 0 65.6154 69.3968
36 52 0 92.1012 126.53
36 53 1 18.3683 22.8455
36 54 0 0.160435 0.238636
36 55 0 0.447164 0.57322
36 56 0 22.5678 24.3907
36 57 0 55.0717 58.9244
36 58 0 55.2285 74.1925
36 59 0 83.2938 99.7648
36 60 0 2.05812 2.17229
37 1 0 96.7387 123.279
37 2 0 44.8507 52.2823
37 3 0 3.70257 4.82529
37 4 0 57.3818 79.3391
37 5 0 76.3821 100.012
37 6 0 94.4384 135.036
37 7 0 49.2185 71.8372
37 8 0 71.2166 84.9545
37 9 1 29.1697 43.3244
37 10 1 89.854 109.324
37 11 0 54.3558 71.6747
37 12 0 18.1609 20.0898
37 13 0 95.0094 133.083
37 14 0 11.3005 16.2399
37 15 0 15.4863 18.3289
37 16 0 16.2168 17.0461
37 17 0 82.3746 96.3666
37 18 0 31.066 38.9613
37 19 0 4.5619 6.24912
37 20 0 66.3189 72.2268
37 21 0 45.2827 45.5297
37 22 0 15.3844 17.336
37 23 1 5.37773 7.7326
37 24 0 57.8288 73.4138
37 25 0 22.3985 29.3488
37 26 0 87.8374 96.6184
37 27 0 71.9249 74.3688
37 28 0 80.0492 107.276
37 29 0 5.24647 7.73391
37 30 0 49.6606 61.4359
37 31 0 28.0541 34.2664
37 32 0 25.5678 35.9235
37 33 0 18.147 19.5756
37 34 1 83.4672 115.991
37 35 0 32.47 33.0382
37 36 0 99.6829 131.911
37 38 1 46.6557 55.5992
37 39 0 17.9632 20.5262
37 40 0 34.7107 47.0095
37 41 0 17.7901 19.9351
37 42 0 55.1568 73.3257
37 43 0 42.0826 49.9093
37 44 1 90.8241 105.864
37 45 0 52.6682 74.1708
37 46 0 69.9478 86.1372
37 47 0 4.62335 6.85136
37 48 0 53.3395 71.2465
37 49 0 82.0347 84.9858
37 50 1 82.8263 111.674
37 51 0 28.643 32.923
37 52 0 23.0058 25.9024
37 53 0 53.5901 58.7234
37 54 0 18.4761 25.1416
37 55 0 96.1136 131.286
37 56 0 70.4232 98.3478
37 57 0 57.2179 77.1514
37 58 0 45.1094 58.0894
37 59 0 56.1168 70.7111
37 60 0 22.6698 27.3858
38 1 1 77.6119 109.849
38 2 0 51.0568 63.3818
38 3 0 77.5723 108.064
38 4 0 79.475 109.083
38 5 0 38.737 54.8162
38 6 0 8.65664 9.28694
38 7 0 29.5354 34.6764
38 8 0 75.6695 84.1275
38 9 0 20.3376 28.0325
38 10 0 84.0576 105.849
38 11 0 2.84856 4.07314
38 12 0 26.2003 28.6254
38 13 0 96.2655 135.197
38 14 0 96.6459 128.178
38 15 0 33.0765 40.4239
38 16 0 61.0466 71.5545
38 17 0 58.3091 75.4857
38 18 0 49.4673 55.0078
38 19 0 76.1658 112.786
38 20 0 44.8437 65.7623
38 21 0 96.5095 98.8158
38 22 0 16.8979 17.6652
38 23 0 11.9056 16.4436
38 24 0 2.98717 3.43521
38 25 1 57.5886 64.831
38 26 0 20.8293 24.5309
38 27 0 87.6048 113.049
38 28 0 89.062 128.532
38 29 0 96.0844 135.902
38 30 1 52.6129 68.3612
38 31 1 36.0398 51.6985
38 32 0 20.7233 29.3173
38 33 0 42.1727 42.9369
38 34 0 57.4632 68.2799
38 35 0 42.5146 43.8151
38 36 0 92.7947 104.92
38 37 1 84.5408 116.111
38 39 1 92.1421 122.262
38 40 0 73.0065 74.2478
38 41 0 64.9693 95.072
38 42 0 77.4054 91.9506
38 43 0 81.7121 95.8743
38 44 0 73.2467 90.8505
38 45 0 97.3454 120.405
38 46 0 9.87589 11.5808
38 47 0 76.6203 103.313
38 48 0 73.9125 101.97
38 49 0 71.0818 83.3866
38 50 0 27.545 31.579
38 51 0 49.3068 70.278
38 52 0 78.0676 107.562
38 53 1 84.8144 94.6693
38 54 0 20.072 20.2584
38 55 0 57.1365 62.996
38 56 0 1.01535 1.33154
38 57 0 57.3298 61.2709
38 58 1 80.3309 98.2558
38 59 0 13.3935 16.985
38 60 0 8.01152 10.2793
39 1 0 94.8749 125.918
39 2 0 61.7609 89.4865
39 3 0 18.3983 24.1223
39 4 0 65.513 87.8385
39 5 0 84.0884 92.6883
39 6 0 47.8355 64.2645
39 7 0 17.4195 21.4794
39 8 1 92.8491 119.534
39 9 0 99.149 112.278
39 10 0 72.3018 94.4493
39 11 0 75.1674 106.502
39 12 0 69.3237 85.7962
39 13 0 38.7862 56.8111
39 14 0 3.89688 4.76435
39 15 0 61.5469 77.5295
39 16 0 35.574 48.2492
39 17 0 94.0059 132.46
39 18 0 58.6384 84.3016
39 19 0 99.341 100.201
39 20 0 44.0102 56.5187
39 21 0 35.292 51.6404
39 22 0 64.0591 85.6975
39 23 1 15.3466 19.2901
39 24 0 11.7249 17.5443
39 25 0 75.5688 78.0391
39 26 1 12.366 14.8033
39 27 0 36.4715 48.7893
39 28 0 73.42 90.9432
39 29 0 78.7239 87.7281
39 30 0 23.6159 25.0039
39 31 0 85.0645 91.8664
39 32 0 23.5856 33.8713
39 33 1 42.6578 47.5139
39 34 1 64.9654 66.2103
39 35 0 69.5545 102.541
39 36 0 35.1172 38.235
39 37 0 3.71053 5.29141
39 38 0 68.2887 77.8128
39 40 1 62.1613 62.5999
39 41 0 28.8013 35.4386
39 42 0 63.9463 76.4182
39 43 0 67.0102 73.0461
39 44 0 85.6824 119.329
39 45 0 49.2469 51.4607
39 46 0 75.9826 104.997
39 47 0 75.9978 98.1594
39 48 0 10.7005 12.5739
39 49 0 95.0261 129.708
39 50 0 40.771 54.0993
39 51 0 86.4263 90.1134
39 52 0 80.1768 93.0107
39 53 0 20.024 22.4732
39 54 0 2.53349 2.62299
39 55 1 20.7711 21.5947
39 56 0 36.9561 41.6348
39 57 1 71.8734 73.0938
39 58 0 40.5231 50.9912
39 59 0 14.7896 19.7654
39 60 0 1.66814 2.28366
40 1 0 21.8864 32.3457
40 2 0 92.4369 106.161
40 3 0 47.3519 50.7739
40 4 0 31.0889 46.2926
40 5 1 80.2082 80.6306
40 6 0 56.8416 76.6392
40 7 0 37.6048 46.1141
40 8 0 12.6707 16.1638
40 9 0 56.7269 72.741
40 10 0 13.1098 19.1548
40 11 0 23.7031 35.4781
40 12 0 40.2361 53.2584
40 13 0 37.1942 51.59
40 14 0 68.7895 88.9039
40 15 1 45.1427 60.9054
40 16 0 48.2402 58.1582
40 17 0 35.1207 43.2099
40 18 0 18.8843 27.4223
40 19 0 44.908 64.4515
40 20 0 5.8158 7.80585
40 21 0 75.7771 90.221
40 22 0 42.9046 62.4723
40 23 0 37.4518 40.2835
40 24 0 93.1991 125.216
40 25 0 47.3276 53.1845
40 26 0 46.1827 58.132
40 27 0 9.31175 13.727
40 28 0 60.3652 67.4743
40 29 0 44.6945 58.8289
40 30 0 44.7262 60.9496
40 31 0 25.609 27.6266
40 32 0 79.1466 100
40 33 1 36.7474 41.6789
40 34 0 23.5398 29.9083
40 35 0 32.1184 41.9875
40 36 0 2.9582 4.42365
40 37 1 8.96295 11.2413
40 38 0 12.615 14.0204
40 39 0 9.03981 12.1034
40 41 1 59.757 60.9239
40 42 0 20.3323 20.3522
40 43 0 96.9007 143.921
40 44 0 23.2729 25.4928
40 45 0 31.8913 35.239
40 46 0 97.3089 143.42
40 47 0 25.6381 38.4142
40 48 1 47.7785 50.1237
40 49 0 5.64317 5.97186
40 50 0 2.51768 3.52075
40 51 1 71.4919 92.9674
40 52 0 87.9399 124.229
40 53 0 91.3347 104.765
40 54 0 33.6232 44.6049
40 55 0 88.2255 128.432
40 56 0 55.1413 63.4177
40 57 1 35.4903 44.2672
40 58 0 61.1252 91.4096
40 59 0 95.5937 104.062
40 60 1 96.9202 115.256
41 1 0 5.90729 8.3705
41 2 0 25.8973 33.5149
41 3 0 83.8663 91.1908
41 4 1 30.1408 37.4399
41 5 0 73.8286 89.6556
41 6 0 62.9333 87.0268
41 7 0 69.2209 92.4315
41 8 0 85.6581 96.7074
41 9 0 53.1301 76.4851
41 10 0 11.9653 16.7288
41 11 0 98.1375 108.141
41 12 0 70.6532 80.275
41 13 0 3.07768 3.54878
41 14 0 56.3864 61.698
41 15 1 78.1227 82.0676
41 16 0 14.6953 16.257
41 17 0 50.2092 71.759
41 18 0 15.3682 23.0236
41 19 0 99.9118 100.142
41 20 0 55.1835 61.1036
41 21 0 59.4215 67.4146
41 22 0 88.4921 105.303
41 23 0 91.1711 101.061
41 24 0 60.4073 78.8356
41 25 0 23.8357 27.7801
41 26 0 99.4936 140.948
41 27 0 13.8574 15.8554
41 28 0 15.0541 19.4752
41 29 0 2.90195 3.59907
41 30 0 17.0737 22.9517
41 31 0 39.0342 52.2826
41 32 0 13.787 14.0833
41 33 1 73.0692 73.6761
41 34 0 6.84869 7.10125
41 35 1 65.8457 84.7107
41 36 0 35.6744 47.8726
41 37 0 0.35036 0.456358
41 38 0 73.9364 99.1214
41 39 0 76.1025 104.523
41 40 0 48.331 66.3345
41 42 1 83.5499 110.548
41 43 0 86.8483 125.167
41 44 0 26.6353 30.0249
41 45 0 34.354 43.724
41 46 0 65.1271 67.2754
41 47 0 5.87274 6.95576
41 48 0 69.0031 93.3863
41 49 1 69.0913 102.043
41 50 1 2.36947 3.18562
41 51 0 37.4075 51.8529
41 52 0 6.85056 7.3346
41 53 0 54.523 61.5286
41 54 0 1.98869 2.68133
41 55 0 15.2624 20.1705
41 56 0 6.04963 7.32742
41 57 0 44.8327 54.0731
41 58 0 10.2962 12.1231
41 59 0 97.0164 142.441
41 60 0 96.9003 100.533
42 1 1 36.6563 41.5166
42 2 0 14.9548 21.1398
42 3 0 80.393 109.286
42 4 0 12.9566 16.3389
42 5 0 41.2959 47.2552
42 6 1 76.0461 111.657
42 7 1 87.16 116.087
42 8 0 25.9634 37.8687
42 9 0 66.6774 89.2276
42 10 0 68.8586 75.3252
42 11 0 23.7232 32.7376
42 12 0 38.1387 48.0721
42 13 0 87.1724 94.0399
42 14 0 62.5729 90.1004
42 15 1 6.41666 9.22826
42 16 0 44.8247 50.8719
42 17 0 73.1372 101.163
42 18 0 8.28745 12.1002
42 19 0 53.6149 73.5989
42 20 0 68.98 79.7416
42 21 0 35.9251 38.369
42 22 1 9.3438 13.5717
42 23 1 34.7009 48.8154
42 24 0 79.0556 110.374
42 25 0 60.184 81.8181
42 26 0 83.7114 89.0676
42 27 0 7.43297 10.745
42 28 0 88.1829 129.83
42 29 0 6.7667 8.33078
42 30 1 2.97482 4.27035
42 31 1 46.2772 60.013
42 32 0 5.69407 8.2497
42 33 1 65.5663 90.969
42 34 0 30.7344 34.8852
42 35 0 59.9516 72.6597
42 36 0 76.5463 82.841
42 37 0 76.1208 82.2765
42 38 0 72.5766 106.09
42 39 0 0.198411 0.270689
42 40 0 18.7879 20.3824
42 41 0 42.7516 60.6893
42 43 1 12.9871 13.9657
42 44 0 11.7773 16.0892
42 45 0 16.1919 20.1467
42 46 0 49.0919 67.8054
42 47 0 98.3981 105.464
42 48 0 81.7046 89.1307
42 49 0 12.8698 12.9053
42 50 0 6.27644 6.51402
42 51 1 80.7175 82.8589
42 52 0 19.4131 24.9782
42 53 1 89.5646 90.9494
42 54 0 97.7379 137.799
42 55 0 4.79111 6.75493
42 56 0 16.8064 25.0288
42 57 0 57.2268 61.7572
42 58 1 57.5801 58.7806
42 59 0 37.1177 45.8083
42 60 0 90.5944 90.8275
43 1 0 78.7109 110.044
43 2 1 31.5625 41.281
43 3 1 46.5881 55.0078
43 4 0 68.0857 75.547
43 5 0 10.1348 13.793
43 6 0 88.0679 94.7014
43 7 0 73.6626 86.9888
43 8 0 36.6726 46.577
43 9 0 33.4666 39.56
43 10 0 87.3794 100.168
43 11 0 98.0146 134.6
43 12 1 93.9899 105.405
43 13 1 87.4202 104.195
43 14 0 90.9064 135.825
43 15 1 27.9755 29.9314
43 16 0 61.9688 77.1491
43 17 0 83.9812 121.997
43 18 0 24.1554 32.7774
43 19 0 93.1356 95.4933
43 20 0 5.09598 6.47594
43 21 0 88.8298 109.298
43 22 0 8.00171 9.83341
43 23 0 62.5413 87.4777
43 24 0 65.7873 75.8625
43 25 0 68.3526 75.3133
43 26 0 62.2034 69.0761
43 27 0 6.75133 6.75238
43 28 0 0.291784 0.396151
43 29 0 57.1779 66.4663
43 30 0 37.6827 55.6157
43 31 0 30.2135 33.6417
43 32 0 86.6594 114.018
43 33 1 70.4412 103.64
43 34 0 20.3891 26.4285
43 35 0 70.6181 80.664
43 36 0 38.6581 49.0985
43 37 0 82.0003 110.625
43 38 0 69.6724 94.961
43 39 0 49.2255 51.1981
43 40 0 10.7637 14.9542
43 41 0 2.29119 2.31166
43 42 0 32.696 33.7686
43 44 1 35.3652 51.4805
43 45 0 57.3798 78.7406
43 46 0 22.3825 24.0254
43 47 1 84.244 110.069
43 48 0 96.0756 139.096
43 49 1 26.4872 34.4413
43 50 0 48.153 51.0395
43 51 0 43.6719 46.1603
43 52 0 73.3924 108.653
43 53 0 84.7003 107.45
43 54 0 77.1666 112.53
43 55 0 94.8258 115.741
43 56 0 9.73578 12.3684
43 57 0 94.2574 97.5732
43 58 0 13.2642 16.4168
43 59 0 80.3988 102.472
43 60 0 46.9559 55.3395
44 1 1 37.263 41.07
44 2 0 43.0469 46.4862
44 3 0 79.4019 85.1102
44 4 1 12.3323 16.8013
44 5 0 30.7395 32.1466
44 6 0 78.9122 99.1083
44 7 1 11.5717 14.8415
44 8 0 84.9122 98.1779
44 9 0 6.83398 8.42281
44 10 0 96.8366 141.88
44 11 0 39.3958 48.5034
44 12 1 32.8575 41.2612
44 13 0 39.6083 49.5571
44 14 0 46.9684 52.5864
44 15 1 69.4718 96.8004
44 16 0 82.7241 101.998
44 17 0 58.2263 74.9737
44 18 1 88.9814 97.1719
44 19 0 46.445 68.1504
44 20 0 86.2419 93.1219
44 21 0 76.0159 101.789
44 22 0 58.7442 59.7634
44 23 1 39.0043 48.6547
44 24 0 0.909905 1.31322
44 25 0 83.5449 124.195
44 26 0 11.0037 12.6237
44 27 0 51.0666 53.0044
44 28 0 17.9815 19.6738
44 29 0 61.7265 72.8215
44 30 0 14.7734 16.1721
44 31 0 25.621 31.5307
44 32 0 29.2995 32.9205
44 33 0 18.8505 28.0488
44 34 0 25.9207 26.1881
44 35 1 5.89479 7.08193
44 36 0 16.2162 18.0254
44 37 1 82.3776 115.32
44 38 0 67.2272 80.0615
44 39 1 52.7349 72.2171
44 40 0 28.6894 31.4455
44 41 0 73.7768 106.932
44 42 0 8.14582 10.7293
44 43 0 98.6509 146.593
44 45 1 4.01393 4.48264
44 46 0 43.975 47.156
44 47 1 73.3198 109.444
44 48 0 2.80522 4.0653
44 49 1 52.1787 57.4203
44 50 0 56.4404 64.4348
44 51 0 92.4314 126.769
44 52 0 88.9639 102.65
44 53 0 44.8904 63.8796
44 54 0 55.5642 68.8081
44 55 0 17.9223 21.496
44 56 0 88.4904 123.78
44 57 0 93.0765 100.804
44 58 0 6.21724 6.36392
44 59 0 23.8327 29.035
44 60 0 10.2075 11.6891
45 1 0 87.5783 123.151
45 2 0 20.4081 28.6537
45 3 0 66.5858 84.2854
45 4 0 4.13854 5.13854
45 5 1 29.9392 34.275
45 6 0 94.3121 109.187
45 7 0 25.3553 33.7542
45 8 0 7.74939 7.98902
45 9 0 47.2826 53.7294
45 10 0 92.7764 101.353
45 11 0 98.3715 107.084
45 12 0 79.2836 97.8249
45 13 0 20.8991 21.9833
45 14 0 47.672 60.9545
45 15 0 51.9087 72.6177
45 16 0 11.3806 12.3275
45 17 0 44.7956 67.0617
45 18 0 37.2992 48.6637
45 19 0 13.228 16.0689
45 20 0 58.9579 62.6979
45 21 0 73.803 76.1492
45 22 0 68.3041 76.0348
45 23 0 23.3164 29.1827
45 24 0 87.7399 116.993
45 25 0 79.8327 81.6493
45 26 0 40.4647 58.0766
45 27 0 94.1722 109.019
45 28 0 88.9423 120.432
45 29 0 17.8172 20.6759
45 30 0 45.8393 65.5392
45 31 0 40.7449 56.882
45 32 0 22.5508 32.3005
45 33 0 72.334 77.1496
45 34 0 66.3595 97.9851
45 35 0 4.88917 6.41961
45 36 0 78.1861 103.918
45 37 0 54.1583 80.416
45 38 0 88.216 115.489
45 39 0 50.6373 57.4842
45 40 0 15.7287 17.0648
45 41 0 60.8524 85.0468
45 42 0 20.8282 29.6491
45 43 1 89.6961 123.192
45 44 0 39.057 42.0487
45 46 1 8.22568 11.1984
45 47 0 4.78681 5.50991
45 48 0 58.7964 73.6393
45 49 0 97.0528 105.163
45 50 0 18.691 22.3061
45 51 0 86.42 126.642
45 52 0 85.8731 88.5028
45 53 0 59.3087 64.0846
45 54 0 82.4994 114.692
45 55 0 58.5354 72.4464
45 56 0 78.8993 90.9112
45 57 0 91.4282 132.096
45 58 0 28.7689 37.9123
45 59 0 74.0756 79.3181
45 60 1 90.6875 126.589
46 1 0 92.6123 109.505
46 2 0 6.20283 7.37717
46 3 0 50.4601 69.8435
46 4 0 30.5936 40.1914
46 5 0 34.3973 37.0585
46 6 0 0.0567207 0.0727167
46 7 0 87.012 98.01
46 8 0 0.528286 0.595275
46 9 0 44.269 48.4502
46 10 0 46.1492 51.4196
46 11 0 76.1098 98.3064
46 12 0 69.3814 89.6075
46 13 0 93.0274 112.205
46 14 0 50.9052 53.0934
46 15 0 92.7313 128.384
46 16 0 17.4814 19.3044
46 17 0 4.18036 5.56849
46 18 0 63.5207 93.5372
46 19 0 19.8622 28.5655
46 20 0 92.026 135.436
46 21 1 25.5691 36.0635
46 22 0 52.8473 63.8355
46 23 0 9.25957 10.9963
46 24 0 76.2569 94.6626
46 25 0 42.8882 49.8069
46 26 0 29.7208 39.6927
46 27 0 34.8072 45.0636
46 28 0 3.78082 4.93274
46 29 1 29.3953 36.5926
46 30 0 83.5801 96.7061
46 31 0 60.7354 90.2516
46 32 1 60.1411 66.3289
46 33 0 47.4313 49.0026
46 34 0 22.6701 30.9453
46 35 0 18.1526 21.424
46 36 0 39.7649 57.3577
46 37 0 49.0555 56.7939
46 38 0 34.8343 39.2821
46 39 1 30.442 43.6087
46 40 0 28.9538 34.3737
46 41 0 76.3286 84.0458
46 42 0 19.2724 19.9272
46 43 0 98.2876 99.0173
46 44 0 67.3353 99.9347
46 45 0 85.5095 109.496
46 47 1 55.2326 57.1272
46 48 0 33.4884 34.9454
46 49 0 97.7569 128.335
46 50 0 4.72834 5.56285
46 51 0 38.8546 55.6435
46 52 0 69.7873 89.9899
46 53 1 22.5155 29.1459
46 54 0 59.7107 84.5261
46 55 0 78.392 110.442
46 56 0 40.7802 51.3761
46 57 0 10.7624 14.8619
46 58 0 52.8554 53.1637
46 59 0 81.6575 98.8441
46 60 0 25.7956 26.5013
47 1 0 71.957 88.0312
47 2 0 16.1306 17.3787
47 3 0 57.0399 73.0292
47 4 0 79.511 106.559
47 5 0 40.0023 54.5989
47 6 0 44.1142 56.6122
47 7 0 77.5536 108.146
47 8 0 93.9155 120.698
47 9 1 21.4465 27.2458
47 10 0 37.1812 40.4907
47 11 0 51.1856 73.941
47 12 1 88.8605 113.498
47 13 0 81.1988 84.7565
47 14 0 43.2126 48.2781
47 15 0 18.1576 26.1914
47 16 0 26.9672 34.388
47 17 1 17.3213 24.9846
47 18 0 70.6659 104.503
47 19 0 27.1943 38.0697
47 20 0 81.2182 102.376
47 21 0 92.6608 133.957
47 22 0 19.3355 20.2132
47 23 0 37.0163 47.646
47 24 0 33.2709 46.1957
47 25 0 37.9141 50.1999
47 26 1 73.908 86.0901
47 27 1 19.8921 27.8237
47 28 0 36.6642 45.3761
47 29 0 14.9791 20.6333
47 30 0 53.305 69.9453
47 31 0 65.9748 87.996
47 32 0 69.1945 103.665
47 33 1 27.4018 40.4359
47 34 0 41.7388 60.2545
47 35 0 50.6736 60.0489
47 36 0 83.8866 105.915
47 37 0 77.8912 81.6599
47 38 0 24.9103 35.5956
47 39 0 53.9244 57.447
47 40 0 81.9499 97.4924
47 41 0 23.0275 30.3852
47 42 0 65.2372 76.6036
47 43 0 46.9327 63.2822
47 44 0 15.4311 22.933
47 45 0 94.1859 112.559
47 46 0 68.1643 75.7467
47 48 1 53.1843 68.8537
47 49 0 41.4406 43.8787
47 50 0 82.5939 93.6234
47 51 0 91.8416 136.83
47 52 1 71.7937 99.8186
47 53 0 1.99051 2.93925
47 54 0 76.8059 88.7324
47 55 0 23.5714 30.6265
47 56 0 81.476 98.3851
47 57 0 23.5919 31.2771
47 58 0 2.59024 2.73509
47 59 0 81.1782 96.6623
47 60 0 3.59801 4.16732
48 1 0 82.0161 108.411
48 2 0 34.2447 37.5163
48 3 0 10.7749 13.0624
48 4 0 75.1168 111.062
48 5 0 62.2837 75.6787
48 6 0 6.69602 9.66259
48 7 1 18.4101 24.1804
48 8 0 34.0946 39.595
48 9 0 72.8679 107.185
48 10 0 67.4155 72.8595
48 11 0 0.619431 0.859905
48 12 0 51.7946 60.817
48 13 0 55.9959 75.2039
48 14 0 94.0069 96.7235
48 15 0 12.5365 18.1488
48 16 0 62.8972 76.9248
48 17 1 67.7008 76.1103
48 18 0 94.0129 128.181
48 19 0 78.0156 103.64
48 20 0 63.556 77.51
48 21 0 39.8037 50.7655
48 22 0 68.767 89.4583
48 23 0 85.2312 120.055
48 24 0 52.1696 76.5951
48 25 0 86.5845 97.4635
48 26 0 20.7067 26.9943
48 27 0 51.7864 70.1585
48 28 0 16.8782 20.7851
48 29 0 32.7255 33.1416
48 30 0 17.8589 21.599
48 31 0 81.8621 99.5293
48 32 1 13.2072 17.5535
48 33 0 7.67179 10.4806
48 34 0 27.4548 27.7862
48 35 0 54.4525 57.627
48 36 0 25.4643 29.808
48 37 0 81.7472 100.073
48 38 0 40.0159 59.318
48 39 0 51.5248 67.4538
48 40 0 98.214 111.817
48 41 0 21.9184 29.5047
48 42 1 51.4638 71.1558
48 43 0 60.2871 68.3348
48 44 0 85.0912 92.5489
48 45 0 71.5991 100.979
48 46 0 77.344 83.5579
48 47 0 17.5901 21.9988
48 49 1 81.396 113.191
48 50 0 20.4885 29.7799
48 51 0 66.2937 85.3209
48 52 0 84.6438 103.724
48 53 0 80.8895 105.483
48 54 0 11.4853 17.0678
48 55 1 90.0436 133.523
48 56 0 82.2451 121.616
48 57 0 8.40514 9.72601
48 58 0 81.9529 83.1539
48 59 0 25.2062 30.1721
48 60 0 76.279 110.116
49 1 0 40.4924 54.209
49 2 0 49.6615 70.6197
49 3 0 47.2995 65.3531
49 4 0 57.0411 78.623
49 5 0 38.5044 55.6529
49 6 0 59.6214 66.8542
49 7 0 34.2405 37.6662
49 8 0 56.2008 81.2029
49 9 0 24.7561 25.237
49 10 1 34.4633 36.4274
49 11 1 74.8197 87.536
49 12 0 55.2147 79.1086
49 13 0 41.5896 45.2716
49 14 1 73.798 75.7216
49 15 0 2.63565 2.97861
49 16 0 74.9085 101.239
49 17 0 80.125 82.9328
49 18 0 34.2656 35.2586
49 19 0 25.1646 33.5413
49 20 1 15.0911 21.1898
49 21 0 48.0384 63.2968
49 22 0 89.9269 122.69
49 23 0 80.7238 114.29
49 24 0 54.8415 79.7759
49 25 0 97.3987 100.572
49 26 0 44.8227 44.9607
49 27 0 72.0488 83.0291
49 28 1 86.3304 94.5099
49 29 0 29.7515 32.6249
49 30 0 14.2123 15.189
49 31 0 63.6669 64.4515
49 32 0 36.2558 39.0398
49 33 0 27.3043 33.5642
49 34 0 95.9043 138.602
49 35 0 23.2949 28.2182
49 36 0 97.0921 138.827
49 37 0 2.45553 3.49094
49 38 1 61.0392 74.2246
49 39 0 20.7131 28.05
49 40 0 65.2169 75.6512
49 41 1 34.3576 49.9448
49 42 0 21.6217 23.07
49 43 0 51.0718 51.7545
49 44 0 25.1701 30.9299
49 45 1 0.641942 0.751299
49 46 0 92.7845 124.83
49 47 0 9.18577 12.9672
49 48 0 40.0062 57.6063
49 50 1 86.3825 97.9938
49 51 0 65.7155 98.4584
49 52 0 0.971604 1.44178
49 53 0 49.4111 60.8721
49 54 0 50.1901 62.4658
49 55 0 22.2843 24.5171
49 56 0 38.4529 57.5483
49 57 0 14.3763 19.9825
49 58 0 68.1701 83.4169
49 59 0 17.7418 23.4806
49 60 1 55.7854 56.5218
50 1 0 47.3376 67.6301
50 2 0 88.4274 117.525
50 3 0 45.1321 58.6346
50 4 0 70.1231 80.3534
50 5 0 9.79 10.4072
50 6 0 2.74176 3.33669
50 7 0 86.2372 128.091
50 8 0 31.833 43.7902
50 9 0 87.1778 93.9452
50 10 0 17.9884 24.8959
50 11 1 57.1722 79.8548
50 12 1 1.62137 2.05457
50 13 1 8.90807 10.7307
50 14 1 56.3464 75.6776
50 15 0 44.6416 58.3822
50 16 0 66.83 77.556
50 17 0 5.51301 6.77708
50 18 0 33.35 39.6981
50 19 0 31.6795 44.4697
50 20 0 67.6271 76.6659
50 21 0 0.221489 0.248721
50 22 1 91.0317 91.4249
50 23 1 52.3089 77.7015
50 24 0 98.9373 108.429
50 25 1 77.4494 78.7783
50 26 0 35.8934 44.098
50 27 0 47.6647 68.4958
50 28 0 47.8019 58.5679
50 29 0 93.6941 94.0891
50 30 0 69.9504 84.3207
50 31 0 12.3365 12.3837
50 32 0 39.3472 44.4979
50 33 0 11.958 13.644
50 34 0 68.516 100.044
50 35 0 62.2935 79.2882
50 36 0 29.0207 39.5363
50 37 0 80.2206 110.292
50 38 0 34.8157 36.6877
50 39 0 13.5119 19.8011
50 40 1 78.5212 80.8237
50 41 0 6.59483 8.8175
50 42 0 70.1865 91.6603
50 43 0 92.7392 108.262
50 44 0 99.4105 117.107
50 45 0 54.1848 56.7131
50 46 0 93.3747 123.045
50 47 0 84.1241 99.3076
50 48 0 84.6145 112.786
50 49 0 37.3612 38.2807
50 51 1 47.9686 52.0056
50 52 0 17.2844 24.5494
50 53 0 30.2579 38.2383
50 54 0 62.4327 68.4907
50 55 0 85.3967 108.804
50 56 0 90.8495 121.961
50 57 0 8.27059 11.4041
50 58 0 12.1522 12.927
50 59 0 7.83547 8.18096
50 60 0 90.7753 112.473
51 1 0 90.9616 130.113
51 2 0 55.426 75.1767
51 3 0 6.89048 7.91778
51 4 0 77.8042 100.458
51 5 0 84.1503 97.2705
51 6 0 3.87284 4.89369
51 7 0 22.5601 28.6758
51 8 0 39.7699 44.1138
51 9 1 77.9328 90.0102
51 10 0 18.1691 20.2751
51 11 0 10.4894 12.5918
51 12 1 60.5508 74.485
51 13 0 79.6925 84.5296
51 14 0 84.7928 96.7879
51 15 0 92.4788 137.193
51 16 0 44.9071 50.2157
51 17 0 8.60357 11.2671
51 18 0 21.7123 24.3941
51 19 0 96.6672 135.268
51 20 0 89.1259 105.693
51 21 0 6.17997 7.78954
51 22 0 61.1415 66.4175
51 23 1 34.2794 46.8535
51 24 1 8.94641 10.7973
51 25 0 82.194 89.2667
51 26 0 68.5346 69.6309
51 27 0 90.6935 117.963
51 28 0 41.8526 52.234
51 29 1 80.1083 108.122
51 30 0 33.5633 34.6212
51 31 0 51.6924 54.0202
51 32 0 56.5035 75.4103
51 33 0 23.7644 29.5589
51 34 0 5.58179 8.12831
51 35 0 10.0792 10.6563
51 36 0 80.3317 110.047
51 37 0 1.85897 2.49946
51 38 0 66.9346 79.4093
51 39 0 53.506 76.9153
51 40 0 53.2291 68.5134
51 41 0 65.7971 79.7971
51 42 0 0.955899 1.09712
51 43 0 52.4901 75.2965
51 44 0 98.5033 139.611
51 45 0 73.1604 73.2748
51 46 0 58.5807 71.9498
51 47 0 44.851 45.4057
51 48 0 16.617 24.1363
51 49 0 96.7145 99.0008
51 50 0 13.3504 13.7742
51 52 1 50.9251 72.8011
51 53 0 57.527 67.9214
51 54 0 19.9906 22.2041
51 55 1 34.5816 48.5828
51 56 0 8.0013 9.82081
51 57 0 93.5393 120.396
51 58 0 74.8997 97.877
51 59 0 43.7746 44.005
51 60 1 81.5212 91.8448
52 1 0 15.4729 17.6748
52 2 0 97.5376 109.418
52 3 0 56.8004 67.1212
52 4 0 57.5711 70.304
52 5 0 7.93103 9.00106
52 6 0 65.7545 81.3751
52 7 0 30.9638 40.527
52 8 0 96.1373 124.743
52 9 0 15.0688 19.0818
52 10 0 77.175 101.008
52 11 0 16.2906 22.4557
52 12 0 26.605 29.1727
52 13 0 30.7461 40.7993
52 14 0 44.558 59.6027
52 15 0 40.1784 48.3391
52 16 0 13.2217 15.225
52 17 0 91.7067 107.151
52 18 0 36.0422 52.5908
52 19 0 56.1174 75.632
52 20 0 51.3614 75.0194
52 21 1 60.9899 65.4163
52 22 1 0.568316 0.601912
52 23 0 8.77953 9.42658
52 24 0 86.1265 106.859
52 25 0 98.402 104.326
52 26 1 80.6871 112.354
52 27 0 32.2932 44.7596
52 28 0 43.7019 60.503
52 29 0 38.9541 43.1229
52 30 0 7.58334 10.6946
52 31 0 66.5417 88.1586
52 32 0 28.8061 41.6091
52 33 0 51.659 71.2854
52 34 0 14.924 17.0445
52 35 0 53.2483 77.0888
52 36 1 40.0973 48.9944
52 37 0 63.8402 83.8828
52 38 0 63.7643 67.6179
52 39 0 6.63456 9.44552
52 40 0 61.5564 73.9201
52 41 0 27.6512 34.4969
52 42 1 0.0268733 0.033412
52 43 0 33.5555 38.9165
52 44 0 65.6123 90.3514
52 45 0 7.06162 8.80547
52 46 0 84.6491 97.7525
52 47 0 66.8904 96.8263
52 48 1 78.8635 99.0439
52 49 0 53.0413 62.6479
52 50 0 73.8374 76.3012
52 51 0 61.2804 77.4171
52 53 1 27.0276 28.9122
52 54 0 81.2839 87.4804
52 55 0 77.5794 108.818
52 56 1 15.0698 20.6044
52 57 0 84.5531 98.5487
52 58 0 72.3396 85.1718
52 59 1 73.5032 75.9764
52 60 0 95.0364 96.9309
53 1 0 85.8447 116.77
53 2 0 71.7972 91.0856
53 3 0 42.6361 44.7769
53 4 0 45.1874 63.5799
53 5 0 32.6 46.4183
53 6 0 24.0955 33.7352
53 7 0 10.4725 14.4574
53 8 0 56.6628 77.799
53 9 0 96.81 100.002
53 10 1 59.9194 82.7335
53 11 0 68.4154 78.5784
53 12 1 11.9512 13.543
53 13 0 46.0293 48.8969
53 14 0 52.3852 54.2319
53 15 0 8.48893 10.3004
53 16 0 36.0191 52.3659
53 17 0 12.7471 18.7594
53 18 0 89.9013 130.909
53 19 0 80.9431 103.181
53 20 0 64.3665 74.9157
53 21 0 72.6504 88.6628
53 22 0 76.4182 94.5213
53 23 0 59.4627 76.5144
53 24 0 54.5314 56.8814
53 25 0 83.1616 85.1655
53 26 0 78.7624 94.1078
53 27 1 72.8974 99.102
53 28 0 80.0888 91.9528
53 29 0 13.195 17.4895
53 30 1 17.6203 26.3577
53 31 0 78.9373 98.5778
53 32 0 22.1133 29.3732
53 33 0 46.2632 68.0481
53 34 0 39.4934 41.5307
53 35 0 97.0671 114.116
53 36 0 58.1537 76.772
53 37 0 13.8853 17.6633
53 38 1 59.0374 64.9176
53 39 0 86.5863 87.0831
53 40 0 64.911 91.7306
53 41 0 86.2902 127.152
53 42 0 43.0983 57.9141
53 43 0 36.9818 47.1948
53 44 0 59.1312 65.4201
53 45 0 87.6922 87.7779
53 46 0 45.0927 64.314
53 47 0 53.616 64.7609
53 48 1 4.94812 7.36927
53 49 0 11.2903 16.759
53 50 0 61.2863 78.0917
53 51 0 56.3697 72.7799
53 52 0 2.24043 2.99493
53 54 1 23.2893 30.277
53 55 0 27.3727 38.6362
53 56 0 89.3841 105.415
53 57 0 54.8625 79.3332
53 58 0 5.73637 6.36866
53 59 0 11.2358 16.5248
53 60 0 40.0604 51.0594
54 1 0 58.6996 59.931
54 2 0 72.8495 83.6228
54 3 0 69.1154 100.09
54 4 0 58.579 80.784
54 5 0 46.8875 67.2146
54 6 1 16.6544 22.7742
54 7 0 41.6917 47.9601
54 8 0 13.5927 15.5722
54 9 0 55.1489 67.1789
54 10 0 64.5054 91.0553
54 11 0 53.8891 62.1398
54 12 0 67.7497 82.1049
54 13 0 8.62505 10.1381
54 14 0 57.5926 70.6376
54 15 0 94.0548 121.693
54 16 0 69.5219 74.2279
54 17 0 73.9212 75.3369
54 18 0 37.822 41.1011
54 19 0 28.8598 42.1917
54 20 0 58.843 59.4998
54 21 1 54.5491 76.9467
54 22 0 40.7654 53.1468
54 23 1 90.1185 96.4384
54 24 0 73.9611 87.3101
54 25 0 28.0548 36.1984
54 26 0 97.2377 124.946
54 27 1 23.4537 32.1171
54 28 0 64.5444 85.9858
54 29 0 68.6464 80.5143
54 30 0 44.2401 53.5961
54 31 1 74.029 89.3056
54 32 0 41.5613 57.6817
54 33 0 74.8999 99.1951
54 34 0 81.3046 83.6199
54 35 0 62.9864 91.1152
54 36 0 90.4329 100.265
54 37 0 42.4134 55.7022
54 38 0 86.7501 94.7723
54 39 0 14.2508 18.1219
54 40 1 21.8342 31.6407
54 41 0 97.5341 141.896
54 42 0 21.8616 32.4203
54 43 0 46.3729 64.1775
54 44 0 14.8677 18.3709
54 45 0 4.82813 5.68522
54 46 0 41.9679 60.869
54 47 0 38.8222 41.2312
54 48 0 17.7223 21.1007
54 49 0 70.9758 105.143
54 50 0 22.7957 26.5018
54 51 0 27.9699 41.8829
54 52 0 21.2544 24.0514
54 53 0 25.7902 29.3789
54 55 1 53.1149 59.4275
54 56 0 65.8034 89.5587
54 57 0 5.0107 6.81179
54 58 0 25.2138 26.2979
54 59 0 23.0875 23.1523
54 60 0 88.2988 125.494
55 1 0 11.8367 15.4302
55 2 0 54.2648 79.8016
55 3 0 84.8084 112.426
55 4 0 85.0125 105.468
55 5 1 77.0321 100.343
55 6 0 51.7556 61.8343
55 7 0 81.8026 96.2938
55 8 1 47.8335 49.7415
55 9 0 78.4239 89.7945
55 10 0 11.9193 13.8286
55 11 0 67.3305 79.2692
55 12 0 56.4901 66.4992
55 13 0 28.5527 36.0796
55 14 0 59.3579 61.5543
55 15 1 37.8356 53.2093
55 16 1 66.7555 86.8342
55 17 0 91.0536 104.402
55 18 0 43.9943 52.3213
55 19 1 55.4058 80.5857
55 20 0 24.2504 33.9908
55 21 0 23.057 25.1226
55 22 0 91.1063 96.6356
55 23 0 28.6763 35.9442
55 24 0 3.4389 4.02882
55 25 0 28.8801 32.7365
55 26 0 1.85417 2.10619
55 27 0 81.7254 91.9606
55 28 0 71.2369 99.24
55 29 0 46.0158 49.8845
55 30 0 62.7243 64.0623
55 31 0 38.0444 46.5373
55 32 0 11.2237 12.8637
55 33 0 48.1342 55.4386
55 34 0 78.8193 114.057
55 35 0 15.1454 21.5185
55 36 0 4.46393 5.58035
55 37 0 62.9596 90.974
55 38 0 87.1011 98.5245
55 39 0 78.9332 102.579
55 40 0 75.4786 105.95
55 41 0 30.967 39.3248
55 42 0 62.6044 64.1933
55 43 0 87.4344 103.183
55 44 0 9.1501 9.76757
55 45 0 43.2293 56.7861
55 46 0 67.9994 95.3965
55 47 0 36.4746 49.3291
55 48 0 31.7119 37.3871
55 49 0 38.7902 54.8204
55 50 0 8.86558 11.0649
55 51 0 19.9849 21.469
55 52 0 62.2849 66.0284
55 53 0 94.8517 96.3357
55 54 0 6.6712 9.39589
55 56 1 35.045 48.5455
55 57 0 23.3859 34.8566
55 58 0 23.0223 28.0824
55 59 0 30.7825 39.0453
55 60 0 61.6435 72.0595
56 1 1 20.7156 29.2241
56 2 0 50.2839 60.4314
56 3 0 62.2164 91.1892
56 4 0 86.4928 100.177
56 5 0 59.6133 87.1526
56 6 0 2.24246 2.56782
56 7 0 91.4235 125.691
56 8 0 8.659 10.107
56 9 0 70.6675 74.0454
56 10 0 11.5321 12.9302
56 11 0 3.7258 4.21717
56 12 0 88.5933 121.142
56 13 0 19.5613 26.4569
56 14 0 84.4976 106.064
56 15 1 88.9988 127.449
56 16 0 45.833 53.9672
56 17 0 20.4252 25.5713
56 18 1 14.5486 21.0165
56 19 0 68.0781 78.4551
56 20 0 65.6586 92.2465
56 21 0 22.1931 29.1596
56 22 0 60.8313 69.7923
56 23 0 2.39956 2.59323
56 24 0 29.4702 31.7781
56 25 0 92.0858 123.211
56 26 0 5.51621 6.89959
56 27 0 85.961 91.2501
56 28 0 18.2491 22.7499
56 29 0 60.0908 85.2203
56 30 1 17.9651 22.6162
56 31 0 93.876 120.532
56 32 0 67.1726 82.5254
56 33 1 99.156 120.179
56 34 0 89.7082 127.601
56 35 0 12.3512 18.2461
56 36 0 67.3521 96.0646
56 37 0 7.62406 7.8011
56 38 0 10.9198 11.9744
56 39 0 1.98544 2.74192
56 40 0 39.8421 40.0321
56 41 0 89.9977 120.353
56 42 0 53.0375 74.8441
56 43 0 50.4494 57.8673
56 44 0 50.1779 51.0731
56 45 1 39.2414 46.0114
56 46 0 64.45 94.8863
56 47 1 42.3609 54.1448
56 48 0 87.0272 121.803
56 49 0 6.69328 9.91682
56 50 0 43.6918 44.5444
56 51 0 2.57831 3.73846
56 52 0 87.7768 97.6819
56 53 0 10.5165 11.5714
56 54 0 27.7139 30.2445
56 55 0 87.459 117.989
56 57 1 47.5748 66.1214
56 58 0 19.5975 23.1844
56 59 0 35.1424 38.1858
56 60 0 31.8874 37.3815
57 1 1 39.5696 45.5958
57 2 0 11.445 15.7245
57 3 0 43.4616 43.5225
57 4 1 82.4546 94.9777
57 5 0 54.6565 55.674
57 6 0 7.5737 8.72649
57 7 0 48.8833 54.6428
57 8 0 46.1778 49.1238
57 9 0 86.0555 91.2122
57 10 0 34.4761 49.8425
57 11 0 0.828975 0.988267
57 12 0 13.8328 17.402
57 13 0 37.8784 47.0393
57 14 0 33.2152 35.3785
57 15 0 32.5777 38.3924
57 16 1 15.938 19.8066
57 17 1 64.0294 69.9136
57 18 0 55.84 61.3826
57 19 0 45.5095 56.3289
57 20 0 82.9158 102.433
57 21 0 50.6066 53.7929
57 22 0 30.7617 31.9152
57 23 0 26.9987 30.5276
57 24 0 58.317 83.3829
57 25 0 97.5374 130.563
57 26 1 37.5649 41.953
57 27 0 3.05325 3.96942
57 28 0 11.9525 14.9254
57 29 0 48.3827 58.23
57 30 0 86.0703 106.145
57 31 0 66.4057 71.6517
57 32 0 69.2773 80.1523
57 33 1 29.1347 34.3321
57 34 0 73.7895 92.0766
57 35 0 8.87415 11.1859
57 36 0 77.4133 103.546
57 37 0 73.1399 74.9455
57 38 0 37.3249 45.7056
57 39 0 79.9674 103.993
57 40 0 85.79 93.2821
57 41 0 81.5177 82.8874
57 42 0 39.5951 55.2818
57 43 1 81.3896 96.378
57 44 0 52.0011 61.7105
57 45 0 75.5622 90.6751
57 46 1 51.8837 65.3535
57 47 1 21.3546 25.1013
57 48 0 10.8884 16.2963
57 49 0 48.6599 54.9779
57 50 0 27.66 30.2344
57 51 1 80.1048 89.8125
57 52 0 8.877 12.4736
57 53 0 20.4053 30.2458
57 54 0 23.4784 25.9428
57 55 0 15.0008 19.725
57 56 0 86.4166 120.987
57 58 1 42.578 43.7621
57 59 0 67.8914 88.2705
57 60 0 67.3493 76.6465
58 1 0 97.3178 135.883
58 2 0 68.3752 78.7388
58 3 0 19.6466 24.3567
58 4 0 96.2138 109.364
58 5 0 38.8226 45.3732
58 6 1 83.0005 116.635
58 7 1 89.6544 124.164
58 8 0 87.9362 94.3542
58 9 0 70.5014 84.7792
58 10 0 38.8697 38.953
58 11 0 36.7827 36.7841
58 12 0 67.6866 82.1407
58 13 0 10.0794 12.9483
58 14 0 0.849282 1.09277
58 15 0 14.3065 18.9668
58 16 0 16.6488 18.701
58 17 0 76.5684 89.2356
58 18 0 6.60968 6.88619
58 19 1 29.4696 35.8022
58 20 0 82.9617 120.93
58 21 0 6.74543 9.24739
58 22 0 0.0790204 0.10901
58 23 0 95.8301 122.606
58 24 0 59.5786 87.9577
58 25 0 73.8956 92.5744
58 26 0 8.63138 8.93087
58 27 1 45.1499 58.1985
58 28 0 92.916 122.535
58 29 0 67.5153 71.9245
58 30 0 80.8581 82.0681
58 31 0 74.2863 77.663
58 32 0 36.1485 40.2046
58 33 0 39.6728 44.2112
58 34 0 76.9346 92.662
58 35 1 88.6119 116.779
58 36 0 16.3153 21.1581
58 37 0 47.2118 63.7327
58 38 0 73.8896 94.4621
58 39 1 64.4085 78.3932
58 40 0 84.9957 96.6315
58 41 0 15.8052 19.2786
58 42 0 43.7091 45.4597
58 43 0 90.9441 113.55
58 44 0 10.9767 11.0709
58 45 0 82.864 107.672
58 46 1 4.95895 6.17344
58 47 0 29.5417 34.4559
58 48 1 28.0957 32.6665
58 49 0 61.925 84.6686
58 50 0 79.1239 93.3471
58 51 0 61.2581 71.2413
58 52 0 93.3299 122.142
58 53 0 90.4849 123.511
58 54 0 94.731 94.9605
58 55 0 36.3527 47.736
58 56 1 14.296 19.3235
58 57 0 16.2579 21.7747
58 59 1 90.6536 91.0987
58 60 0 45.7288 51.8451
59 1 0 3.58844 3.83284
59 2 1 78.3073 100.778
59 3 0 96.3444 144.005
59 4 0 7.00314 9.95062
59 5 0 48.129 62.8477
59 6 0 18.8549 23.1521
59 7 0 4.57307 5.44831
59 8 0 56.7096 57.4746
59 9 0 21.6855 31.4234
59 10 0 76.1836 95.157
59 11 0 74.308 98.9647
59 12 1 93.4957 112.898
59 13 0 63.692 71.9934
59 14 0 82.4356 99.582
59 15 0 82.1371 90.6743
59 16 0 39.3745 53.7171
59 17 0 72.1589 73.5355
59 18 0 32.5231 40.2223
59 19 0 69.2971 72.8112
59 20 0 11.6842 15.857
59 21 0 78.9125 110.759
59 22 0 18.4176 20.3312
59 23 0 89.1382 103.822
59 24 0 15.4047 19.971
59 25 0 77.4135 109.893
59 26 0 91.8625 125.683
59 27 0 16.2653 17.8908
59 28 0 94.9505 104.371
59 29 0 44.5428 54.8976
59 30 0 70.8191 91.4628
59 31 0 6.50399 8.21964
59 32 0 30.907 45.375
59 33 0 10.8608 15.1892
59 34 0 12.6236 17.7086
59 35 0 73.5582 97.6146
59 36 0 68.8084 101.159
59 37 0 1.80854 2.21636
59 38 0 34.1367 49.5515
59 39 0 63.5632 86.985
59 40 0 70.6634 87.0805
59 41 0 1.61616 1.66961
59 42 0 62.7215 73.6845
59 43 0 56.7667 68.7158
59 44 0 33.482 47.8746
59 45 0 60.5615 76.3262
59 46 0 60.7598 70.8917
59 47 0 18.9557 20.6263
59 48 0 31.3317 43.1212
59 49 0 70.2992 84.1742
59 50 0 77.4124 94.7913
59 51 0 92.1532 118.374
59 52 0 18.5967 25.9345
59 53 0 54.3969 56.2444
59 54 0 22.2641 24.9717
59 55 0 65.1048 83.2767
59 56 1 22.3358 24.5095
59 57 0 40.8429 44.4236
59 58 0 20.9728 26.9431
59 60 1 17.81 23.6676
60 1 1 80.902 105.079
60 2 0 64.7703 81.8032
60 3 0 46.3585 46.496
60 4 0 90.4505 103.229
60 5 0 33.1989 43.0507
60 6 0 61.796 75.9024
60 7 1 89.0763 100.86
60 8 0 63.1249 87.6523
60 9 0 19.7187 28.8917
60 10 0 89.2901 99.1708
60 11 0 65.7931 75.9162
60 12 0 85.0396 109.319
60 13 0 95.424 98.0635
60 14 0 49.3182 56.788
60 15 0 53.4882 64.3219
60 16 0 19.3872 19.5362
60 17 0 44.1614 62.3698
60 18 0 11.5109 16.4395
60 19 0 83.973 115.567
60 20 0 67.3103 73.4515
60 21 0 6.12821 6.83843
60 22 0 98.134 117.868
60 23 0 0.643189 0.747862
60 24 0 69.5676 93.9073
60 25 0 4.89577 5.17407
60 26 0 17.2842 24.6445
60 27 1 37.8475 39.5231
60 28 0 83.5467 85.3295
60 29 0 5.17854 5.88441
60 30 1 82.2196 107.612
60 31 0 71.6535 83.7374
60 32 1 35.8114 51.4401
60 33 0 1.77768 2.22725
60 34 0 72.1685 100.624
60 35 0 93.2648 98.2925
60 36 0 32.5151 45.3605
60 37 0 39.8439 43.3607
60 38 0 31.2472 43.6805
60 39 1 50.8172 55.4826
60 40 0 88.8572 89.891
60 41 1 21.3962 25.2925
60 42 0 68.3113 96.4308
60 43 0 35.7361 40.061
60 44 1 45.7444 46.9207
60 45 0 7.97014 8.59891
60 46 0 96.0999 98.1707
60 47 0 0.494559 0.584779
60 48 0 26.1469 29.2028
60 49 0 37.9243 44.5023
60 50 0 34.0192 49.992
60 51 0 12.9966 19.4671
60 52 0 34.2651 36.2689
60 53 0 39.9118 58.8468
60 54 0 60.5605 75.8876
60 55 0 56.8493 75.1826
60 56 0 97.0233 127.247
60 57 0 95.3158 135.868
60 58 0 81.6202 96.1252
60 59 1 98.7153 114.701
30.6904 3.04117 22.4333 19.5324 39.0215 11.8276 33.9298 24.5107 11.5492 4.58115 25.6979 20.2256 28.7602 16.994 15.4437 18.7312 36.3352 27.9681 34.0827 35.313 29.897 2.06341 19.6373 10.9575 2.81013 19.4454 16.3799 39.8077 2.65631 16.1192 7.86978 26.4195 13.2456 1.458 15.0828 28.4125 8.67032 9.51548 32.9136 8.82171 23.0168 28.5847 14.9003 19.5791 35.9832 20.3306 29.0237 16.9772 10.2259 16.4869 7.91198 28.7418 20.8309 19.4258 4.87775 0.642335 29.1671 8.65401 27.9003 0.588815 