60
100
5
50
1 2 1 13.9728 18.3977
1 3 0 24.3132 28.3878
1 4 0 95.0973 108.816
1 5 0 84.3628 85.0273
1 6 0 44.3175 50.0007
1 7 0 99.6009 128.332
1 8 0 4.59111 5.88884
1 9 0 88.8377 126.815
1 10 0 24.6154 26.3913
1 11 0 21.171 27.0738
1 12 0 71.1682 84.7344
1 13 0 60.9636 70.4793
1 14 0 94.0093 133.725
1 15 0 21.595 29.016
1 16 0 9.75858 14.1128
1 17 0 97.0756 105.05
1 18 0 28.6824 41.4643
1 19 0 68.9587 74.4213
1 20 0 12.4387 17.2313
1 21 0 73.6648 88.5672
1 22 0 98.5437 104.991
1 23 0 83.8149 93.3365
1 24 0 47.2976 59.0993
1 25 0 32.0855 46.6535
1 26 0 50.4013 50.4525
1 27 0 36.2046 50.5608
1 28 0 62.2817 86.8591
1 29 0 56.5278 59.7838
1 30 0 10.2947 10.9499
1 31 0 27.0139 32.976
1 32 0 94.8544 140.041
1 33 0 62.3895 73.975
1 34 0 69.8331 95.3433
1 35 0 85.0674 124.961
1 36 0 77.5629 85.2201
1 37 0 77.1491 91.443
1 38 0 16.4181 20.2497
1 39 0 50.232 53.9055
1 40 0 20.5691 22.4943
1 41 0 79.4891 83.1061
1 42 1 64.0196 77.0271
1 43 0 64.6779 68.8904
1 44 0 38.5443 45.8157
1 45 0 80.3412 102.735
1 46 0 60.3224 80.2136
1 47 0 14.8117 17.4221
1 48 0 53.3897 54.1464
1 49 0 92.1136 109.86
1 50 0 81.9802 85.6414
1 51 0 46.0248 49.8458
1 52 0 30.8043 35.2601
1 53 0 77.7465 88.3059
1 54 0 38.3903 57.0942
1 55 0 29.4409 31.7403
1 56 0 84.7688 100.2
1 57 0 23.3127 23.6841
1 58 0 28.6732 38.907
1 59 0 33.3428 47.934
1 60 0 96.7645 118.513
2 1 0 82.7819 99.3643
2 3 1 14.6861 15.0492
2 4 0 25.8955 31.2248
2 5 0 31.0694 41.1945
2 6 0 58.4362 61.2552
2 7 0 84.8352 86.2238
2 8 0 93.261 116.153
2 9 0 87.277 89.7615
2 10 0 63.2078 80.0839
2 11 0 31.6419 34.3789
2 12 0 37.4991 46.4358
2 13 0 4.90687 6.67991
2 14 0 65.4352 91.5557
2 15 0 59.9993 64.1065
2 16 0 9.22389 13.7024
2 17 0 65.3556 80.6727
2 18 0 27.6682 36.3041
2 19 0 26.4285 29.9977
2 20 0 23.5759 34.6937
2 21 0 37.8806 39.6251
2 22 0 73.5487 100.528
2 23 0 22.8725 24.4029
2 24 0 2.45187 3.17252
2 25 0 98.5326 138.424
2 26 0 18.1856 19.8322
2 27 0 25.0579 34.5945
2 28 0 40.2036 51.148
2 29 0 8.54129 10.2157
2 30 0 3.22886 4.36822
2 31 0 41.6629 57.5607
2 32 0 15.681 22.0402
2 33 0 53.9999 67.2209
2 34 0 25.0543 35.8583
2 35 0 77.102 92.753
2 36 0 9.96451 12.0228
2 37 0 25.9077 37.743
2 38 0 20.4201 29.2988
2 39 0 45.919 61.5803
2 40 0 0.469136 0.611354
2 41 0 91.6576 131.064
2 42 0 33.6663 43.732
2 43 0 7.6107 10.1623
2 44 1 45.3565 47.8955
2 45 0 24.6981 31.351
2 46 0 85.2378 115.922
2 47 0 29.3068 32.1623
2 48 0 84.159 94.9536
2 49 0 80.861 107.873
2 50 0 12.9535 16.0527
2 51 0 5.09469 5.33684
2 52 0 7.40116 8.58041
2 53 0 51.662 65.6554
2 54 0 48.4111 68.3569
2 55 0 38.6504 39.5252
2 56 0 53.6173 54.4984
2 57 0 78.1948 81.7485
2 58 0 7.99795 9.04919
2 59 0 23.2459 31.6278
2 60 0 67.6551 76.8532
3 1 0 62.7079 73.6177
3 2 0 67.4316 89.7418
3 4 1 53.4947 68.5408
3 5 0 36.7936 48.2348
3 6 0 13.0506 13.6289
3 7 0 21.5775 30.9645
3 8 0 13.2043 17.8962
3 9 0 15.7716 18.8257
3 10 0 65.0609 81.5817
3 11 0 83.4367 107.429
3 12 0 27.0725 39.3563
3 13 0 57.7386 68.8583
3 14 0 60.4191 89.3861
3 15 1 18.8078 26.2893
3 16 0 73.2523 105.304
3 17 0 78.316 97.5248
3 18 0 89.6086 119.59
3 19 0 70.044 85.2777
3 20 0 39.6218 52.1221
3 21 0 33.0658 44.7782
3 22 0 85.2592 97.264
3 23 0 78.6554 111.747
3 24 0 7.92218 11.4994
3 25 0 50.9213 60.8502
3 26 0 94.1324 139.76
3 27 0 47.6873 65.3553
3 28 0 82.6461 87.0995
3 29 0 36.0618 49.0999
3 30 0 56.3525 84.3864
3 31 0 39.4957 55.1041
3 32 0 33.739 43.5809
3 33 0 50.6548 61.3643
3 34 0 99.2808 106.425
3 35 0 89.1625 99.2597
3 36 0 48.0127 65.8272
3 37 0 89.9135 93.5709
3 38 0 67.4255 82.0542
3 39 0 21.0614 29.6752
3 40 0 85.8038 112.024
3 41 0 55.2968 80.1033
3 42 0 56.9737 83.5491
3 43 0 90.7984 124.615
3 44 0 63.9189 71.944
3 45 0 5.45821 6.28614
3 46 0 52.5033 58.6958
3 47 0 21.1115 29.9767
3 48 0 98.1884 98.3472
3 49 0 21.4891 27.5312
3 50 0 27.8986 28.7326
3 51 0 90.1672 120.084
3 52 0 41.8694 50.8516
3 53 0 91.3527 119.598
3 54 0 35.8421 42.3598
3 55 0 7.69268 10.4701
3 56 0 88.713 96.6093
3 57 0 97.0606 137.713
3 58 0 91.8275 108.011
3 59 0 97.0717 113.188
3 60 0 95.686 99.8251
4 1 0 12.9702 14.8557
4 2 0 52.1453 75.5641
4 3 0 54.2707 69.0946
4 5 1 62.0157 91.0836
4 6 0 4.47348 5.71877
4 7 0 75.3766 94.931
4 8 0 0.888987 1.19319
4 9 0 1.26518 1.84172
4 10 0 50.097 68.6422
4 11 0 97.7678 127.423
4 12 0 95.2125 119.975
4 13 0 36.002 47.3106
4 14 0 83.6781 120.393
4 15 0 76.0521 111.231
4 16 0 4.81645 6.82041
4 17 0 14.4526 16.6402
4 18 0 84.8098 86.3714
4 19 0 52.4143 57.2418
4 20 0 51.0359 75.1711
4 21 0 98.1584 118.663
4 22 0 60.4773 67.2615
4 23 0 51.0748 58.7638
4 24 0 48.5629 58.3273
4 25 0 20.1786 23.0893
4 26 0 45.3717 48.1266
4 27 0 82.7255 86.373
4 28 0 45.4783 64.647
4 29 0 83.0368 95.7277
4 30 0 99.9508 110.273
4 31 0 96.042 97.7012
4 32 0 41.4703 55.9679
4 33 0 97.4473 123.829
4 34 0 96.8196 118.867
4 35 0 46.2681 66.3848
4 36 0 72.3051 105.785
4 37 0 5.02814 6.22097
4 38 0 21.3881 23.5346
4 39 0 67.6077 71.7478
4 40 0 98.2982 115.166
4 41 0 89.5397 132.247
4 42 0 39.0013 52.5537
4 43 0 48.6574 67.2563
4 44 0 35.3167 38.9508
4 45 0 91.5717 110.298
4 46 0 95.2457 115.802
4 47 0 93.1141 103.484
4 48 0 61.3812 87.5215
4 49 0 78.0589 109.758
4 50 0 54.2941 65.3946
4 51 0 82.6765 106.037
4 52 0 31.8318 38.684
4 53 0 84.1031 89.8509
4 54 0 41.5398 55.965
4 55 0 28.7196 29.8682
4 56 0 60.4943 67.6133
4 57 0 52.3021 71.6488
4 58 0 36.594 48.8436
4 59 0 20.3583 25.1277
4 60 0 94.0905 138.493
5 1 0 34.34 43.3792
5 2 0 58.9271 73.5441
5 3 0 66.4149 97.9101
5 4 0 78.8559 114.94
5 6 1 14.1487 21.0294
5 7 0 69.8171 81.1938
5 8 0 50.237 57.966
5 9 0 46.0652 47.6907
5 10 0 68.3652 80.0775
5 11 0 67.3003 69.227
5 12 0 59.4631 71.904
5 13 0 72.8176 88.1049
5 14 0 44.9551 55.9064
5 15 0 32.8708 42.0714
5 16 0 85.9309 114.596
5 17 0 16.3978 19.3477
5 18 0 5.39094 7.66862
5 19 0 96.4654 141.617
5 20 0 6.25846 7.69725
5 21 0 78.2019 117.184
5 22 0 16.4482 17.9451
5 23 0 51.6903 55.4819
5 24 0 59.1678 85.9608
5 25 0 40.9155 50.0075
5 26 0 50.6552 54.6689
5 27 0 64.7042 84.3204
5 28 0 97.4639 98.8977
5 29 0 31.6981 46.9044
5 30 0 51.2618 68.4525
5 31 0 96.9528 101.902
5 32 0 21.9832 24.224
5 33 0 34.6684 37.4069
5 34 1 17.8657 22.4343
5 35 0 41.7305 54.3469
5 36 0 84.5717 113.444
5 37 0 57.5029 85.4899
5 38 0 83.8213 102.737
5 39 0 87.8831 116.523
5 40 0 50.3925 50.4396
5 41 0 7.54266 10.2203
5 42 0 41.6625 51.4694
5 43 0 43.0896 55.593
5 44 0 98.9356 111.578
5 45 0 69.4349 94.0765
5 46 0 5.13234 7.59177
5 47 1 58.4772 60.5526
5 48 0 4.30295 6.39095
5 49 0 83.8712 85.5564
5 50 0 19.6348 20.9692
5 51 0 69.4774 91.7772
5 52 0 58.1177 75.129
5 53 0 23.708 30.4138
5 54 0 92.8309 118.259
5 55 0 52.1183 75.0099
5 56 0 4.63057 6.79055
5 57 0 60.2135 84.359
5 58 0 19.7861 23.4957
5 59 0 76.3429 109.761
5 60 0 40.9043 58.8809
6 1 0 10.0015 12.0161
6 2 0 41.2065 41.3269
6 3 0 10.2107 15.251
6 4 0 10.4172 15.4209
6 5 0 58.9511 85.9757
6 7 1 61.0106 83.5144
6 8 0 90.6862 109.704
6 9 0 56.7953 72.961
6 10 0 91.0013 108.214
6 11 0 35.9951 51.3627
6 12 0 8.93093 10.2354
6 13 0 26.0248 30.0283
6 14 0 44.7523 63.3602
6 15 0 80.7908 108.989
6 16 0 22.3087 30.8103
6 17 0 50.8453 58.8685
6 18 0 58.198 62.9023
6 19 0 69.2761 83.0808
6 20 0 95.0208 123.66
6 21 0 26.182 29.3144
6 22 0 87.8394 119.28
6 23 0 2.02324 2.65961
6 24 0 79.8269 98.771
6 25 0 27.4874 39.7351
6 26 0 98.0358 138.196
6 27 0 94.827 132.239
6 28 0 65.0442 92.5508
6 29 0 86.2987 97.076
6 30 0 6.66415 8.64854
6 31 0 5.63978 7.4056
6 32 0 33.1999 45.5353
6 33 0 71.316 74.1223
6 34 0 64.4592 79.6161
6 35 0 16.7684 19.1227
6 36 0 2.12073 2.81591
6 37 0 48.2914 55.8775
6 38 0 90.7134 109.573
6 39 0 23.7854 32.5823
6 40 0 81.2601 97.6745
6 41 0 8.89965 11.1625
6 42 0 70.6018 80.1107
6 43 0 67.3533 88.7078
6 44 0 96.2884 114.245
6 45 0 77.9804 80.0391
6 46 0 60.8443 85.0925
6 47 0 28.5617 35.3555
6 48 0 61.5204 68.5459
6 49 0 86.8558 87.9037
6 50 0 26.3385 39.3373
6 51 0 95.4944 118.996
6 52 0 87.6791 100.251
6 53 0 88.5255 117.434
6 54 0 6.18665 7.06705
6 55 0 4.49448 5.82939
6 56 0 38.0673 48.1977
6 57 0 47.1703 51.8178
6 58 0 7.72602 11.4845
6 59 0 32.2019 36.7594
6 60 0 38.7379 42.9175
7 1 0 17.1993 24.4678
7 2 0 5.0369 6.47017
7 3 0 97.2462 98.2836
7 4 0 75.0032 100.142
7 5 0 22.6624 28.5576
7 6 0 99.1364 145.431
7 8 1 79.3861 110.153
7 9 0 34.1641 45.4167
7 10 0 68.9793 77.5002
7 11 0 17.2163 22.8485
7 12 0 37.9157 51.9727
7 13 0 34.8389 35.1591
7 14 0 61.3498 87.1119
7 15 0 65.707 75.1337
7 16 0 53.9768 62.2686
7 17 0 48.5601 68.329
7 18 0 69.104 70.1582
7 19 0 23.491 31.2664
7 20 0 27.8054 32.5934
7 21 0 41.5901 52.2504
7 22 0 82.6298 94.434
7 23 0 85.0379 99.935
7 24 0 37.6594 55.608
7 25 0 20.2675 25.4841
7 26 0 62.6025 79.5114
7 27 0 7.72922 9.9035
7 28 0 30.5747 42.8148
7 29 0 85.8669 123.696
7 30 0 67.2614 80.5046
7 31 0 53.3023 78.7276
7 32 0 51.1003 53.7975
7 33 0 38.3543 40.7687
7 34 0 61.7904 66.8634
7 35 0 27.7892 32.3035
7 36 0 74.9828 94.9074
7 37 0 44.5398 52.2024
7 38 0 17.0481 17.4676
7 39 0 13.7038 19.5018
7 40 0 59.3758 76.294
7 41 0 14.0636 20.5207
7 42 0 23.32 34.6351
7 43 0 8.08443 10.0995
7 44 0 76.4922 88.9252
7 45 0 76.8744 98.854
7 46 0 42.2756 51.195
7 47 0 35.2958 52.7148
7 48 0 35.4333 36.8169
7 49 0 13.5186 20.1976
7 50 0 86.7379 115.437
7 51 0 0.540579 0.555824
7 52 0 55.1917 58.3694
7 53 0 24.1113 25.9521
7 54 0 4.40086 4.8956
7 55 0 48.3879 54.0656
7 56 0 42.2365 43.6177
7 57 0 55.4241 79.2529
7 58 0 3.42884 3.99859
7 59 0 58.3882 75.5125
7 60 0 21.0367 25.4927
8 1 0 11.5139 11.9961
8 2 0 91.5328 126.712
8 3 0 51.1453 74.7496
8 4 0 37.8196 55.5504
8 5 0 33.588 41.0234
8 6 0 6.51654 7.77619
8 7 0 65.2729 77.651
8 9 1 91.0071 118.053
8 10 0 1.02163 1.42135
8 11 0 52.2522 62.0417
8 12 0 70.4742 80.798
8 13 0 68.2399 71.8617
8 14 0 85.5194 86.1518
8 15 0 55.95 71.1835
8 16 0 6.89968 9.59175
8 17 0 3.46527 4.99559
8 18 0 62.9776 82.3321
8 19 0 40.83 43.6984
8 20 0 17.386 22.444
8 21 0 15.6675 18.2857
8 22 0 50.1117 59.6951
8 23 0 78.5419 88.9028
8 24 0 49.5988 71.3811
8 25 0 30.1254 44.1541
8 26 0 5.1229 6.4047
8 27 0 65.7805 73.7146
8 28 0 40.5088 45.5327
8 29 0 60.236 62.2108
8 30 0 39.3281 50.7108
8 31 0 92.6016 135.811
8 32 0 1.96852 2.56452
8 33 0 84.9336 95.8595
8 34 0 31.5639 33.8821
8 35 1 86.5415 92.4731
8 36 1 47.3208 61.9964
8 37 0 41.0609 56.2548
8 38 0 16.4961 22.8997
8 39 0 26.6565 35.7841
8 40 0 66.396 76.2421
8 41 0 56.8092 61.4637
8 42 0 63.9462 90.1505
8 43 0 73.393 93.523
8 44 0 17.5209 18.7326
8 45 0 69.9732 94.0744
8 46 0 52.9506 59.8671
8 47 0 16.1059 18.6663
8 48 0 20.9776 21.106
8 49 0 43.4955 58.7089
8 50 0 11.1126 16.4589
8 51 0 28.6191 36.5909
8 52 0 11.2586 11.9309
8 53 0 83.2962 87.2306
8 54 0 16.3305 21.4122
8 55 0 75.4829 106.913
8 56 0 26.76 31.3536
8 57 0 39.4274 51.3852
8 58 0 47.8886 62.0139
8 59 0 25.9541 38.0452
8 60 0 37.0288 48.7428
9 1 0 7.77599 8.57288
9 2 0 48.7039 65.4397
9 3 0 59.528 82.2516
9 4 0 55.7237 71.2133
9 5 0 94.8384 121.068
9 6 0 5.61113 6.95291
9 7 0 24.0886 26.6628
9 8 0 28.444 34.2182
9 10 1 87.9914 123.557
9 11 0 79.0289 98.1253
9 12 0 92.2497 130.801
9 13 0 63.3787 89.2211
9 14 0 71.9765 76.7421
9 15 0 9.42589 10.9149
9 16 0 85.9133 128.447
9 17 0 20.3324 29.0047
9 18 0 41.1654 60.59
9 19 0 67.3816 93.0733
9 20 0 56.1604 83.726
9 21 0 45.922 51.3737
9 22 0 74.1605 75.3257
9 23 0 7.82639 10.6746
9 24 0 2.68619 3.50278
9 25 0 5.98842 7.66429
9 26 0 32.5688 33.8408
9 27 0 20.1952 21.5151
9 28 0 27.4841 32.1932
9 29 0 87.3908 102.944
9 30 0 53.8363 64.7835
9 31 0 49.0428 54.8052
9 32 0 46.8227 49.2515
9 33 0 63.0275 92.5736
9 34 0 63.5752 85.7629
9 35 0 83.5425 121.379
9 36 0 45.3973 62.0652
9 37 0 93.5553 127.064
9 38 0 6.20953 7.98187
9 39 0 60.7971 88.9561
9 40 0 49.7915 69.4945
9 41 0 26.679 39.9951
9 42 0 9.68823 10.5685
9 43 0 38.0707 47.7456
9 44 0 43.063 46.426
9 45 0 24.5072 34.4142
9 46 0 83.5868 97.0197
9 47 0 43.956 53.8584
9 48 0 69.1378 72.9439
9 49 0 70.1659 75.9694
9 50 0 95.3535 114.627
9 51 0 10.9974 11.5045
9 52 0 5.83139 7.36285
9 53 0 55.648 67.8996
9 54 0 71.5611 86.8785
9 55 0 6.78216 9.04142
9 56 1 15.4962 21.4182
9 57 0 29.9281 34.1734
9 58 0 43.1801 52.7111
9 59 0 33.8109 38.2392
9 60 0 16.2771 22.8151
10 1 0 92.4965 97.1471
10 2 0 98.5515 145.671
10 3 0 25.998 28.9792
10 4 0 38.8949 47.4438
10 5 0 8.17123 11.4086
10 6 0 68.39 87.9954
10 7 0 92.0836 117.44
10 8 0 9.1419 13.2531
10 9 0 2.22649 2.44081
10 11 1 39.0668 53.9529
10 12 0 49.2296 71.7606
10 13 0 87.0196 126.945
10 14 0 30.1584 33.1396
10 15 0 43.8755 58.1468
10 16 0 28.2929 33.5715
10 17 0 39.4646 49.7548
10 18 0 19.5641 23.7717
10 19 0 69.9595 86.1363
10 20 0 27.6116 36.8475
10 21 0 56.2355 72.9802
10 22 0 15.1203 19.4165
10 23 0 30.4661 42.084
10 24 0 5.24014 6.21481
10 25 0 43.8041 49.2956
10 26 0 80.8714 98.4165
10 27 0 35.081 44.0609
10 28 0 76.3671 114.209
10 29 0 88.4058 130.616
10 30 0 48.0594 56.1864
10 31 0 13.4936 13.8274
10 32 0 39.7075 52.048
10 33 0 71.081 92.9591
10 34 0 94.4652 130.915
10 35 0 87.8235 106.001
10 36 0 69.7059 74.7344
10 37 0 95.2116 120.183
10 38 0 21.6844 31.1684
10 39 0 59.2012 75.2171
10 40 0 27.539 32.258
10 41 0 77.0656 113.732
10 42 0 36.2034 54.1855
10 43 0 20.095 25.9309
10 44 0 0.368129 0.383225
10 45 0 76.6662 88.8648
10 46 0 89.7034 125.763
10 47 0 49.5801 66.7412
10 48 0 46.4481 63.7933
10 49 0 17.6741 22.8152
10 50 0 58.6785 86.3581
10 51 0 87.1393 103.833
10 52 0 86.74 109.687
10 53 0 86.7553 89.5681
10 54 0 95.8063 108.849
10 55 0 28.1252 39.4368
10 56 0 63.3646 63.5764
10 57 0 98.9792 132.892
10 58 0 47.8941 65.5443
10 59 0 45.3527 47.9348
10 60 0 42.7632 45.6833
11 1 0 14.7204 17.8341
11 2 0 53.36 71.9463
11 3 0 40.7116 47.8599
11 4 0 42.4657 50.0985
11 5 0 73.7583 91.9358
11 6 0 3.42212 4.33208
11 7 0 69.4364 77.0006
11 8 0 93.3913 99.5779
11 9 0 90.4974 123.197
11 10 0 73.4661 93.6564
11 12 1 49.3318 59.9336
11 13 0 57.6072 75.7743
11 14 0 20.7049 28.0301
11 15 0 52.6431 68.0653
11 16 0 78.2873 107.903
11 17 0 19.1224 26.8471
11 18 0 98.7608 137.209
11 19 0 96.0705 97.842
11 20 0 99.7212 143.455
11 21 0 32.2776 33.1328
11 22 0 5.7035 7.88421
11 23 0 97.2129 110.909
11 24 0 21.7867 23.6111
11 25 0 1.54889 1.88217
11 26 0 72.3353 94.9087
11 27 0 65.1526 72.7424
11 28 0 4.1885 4.69162
11 29 0 56.6889 58.8396
11 30 0 28.2917 33.1226
11 31 0 14.042 14.9552
11 32 0 20.6011 27.1445
11 33 0 53.8394 74.581
11 34 0 43.0817 63.4381
11 35 0 55.8923 81.493
11 36 0 73.0966 101.664
11 37 0 74.3781 104.905
11 38 0 36.3972 47.2115
11 39 0 45.2521 56.5821
11 40 0 4.10201 6.02126
11 41 0 11.302 13.4665
11 42 0 48.7383 53.1456
11 43 0 90.2974 101.887
11 44 0 96.6719 129.673
11 45 0 89.827 119.058
11 46 0 16.3126 21.6033
11 47 0 20.7604 21.5998
11 48 0 12.5646 13.1314
11 49 0 73.6546 103.27
11 50 0 28.4378 37.8141
11 51 0 37.9172 45.5698
11 52 0 22.294 31.6146
11 53 0 60.6217 89.6136
11 54 0 75.4023 83.6783
11 55 0 40.1662 45.0763
11 56 0 28.0505 40.6283
11 57 0 51.0317 55.2488
11 58 0 72.8989 83.3895
11 59 0 94.0697 132.589
11 60 0 65.9039 66.3022
12 1 0 20.5504 22.1269
12 2 0 6.91146 7.24571
12 3 0 89.1162 131.105
12 4 0 46.6428 50.3364
12 5 0 64.0076 69.5929
12 6 0 73.3094 105.391
12 7 0 12.5185 14.1959
12 8 0 60.9088 68.9403
12 9 0 13.9842 15.9434
12 10 0 26.02 29.4238
12 11 0 13.3578 14.8957
12 13 1 76.2491 97.6206
12 14 0 32.6935 41.4355
12 15 0 68.8973 77.4168
12 16 0 57.9583 66.9786
12 17 0 53.2479 57.533
12 18 0 11.7473 13.7314
12 19 0 18.3744 21.3295
12 20 0 26.3406 30.6216
12 21 0 46.1025 48.5831
12 22 0 0.832051 1.15842
12 23 0 79.0489 87.5013
12 24 0 12.2331 14.0333
12 25 0 79.501 91.946
12 26 0 89.3699 119.218
12 27 0 17.3083 19.2183
12 28 0 72.8067 94.6793
12 29 0 45.5361 59.9235
12 30 0 55.1697 57.4967
12 31 0 77.2999 106.566
12 32 0 79.1135 82.6138
12 33 1 68.4452 72.2891
12 34 0 47.8264 56.0768
12 35 0 19.2489 19.66
12 36 0 17.5887 24.02
12 37 1 35.6969 46.0909
12 38 0 53.3685 58.9001
12 39 0 54.4941 56.6414
12 40 0 24.0464 31.6095
12 41 0 44.286 47.5311
12 42 0 30.9308 33.5448
12 43 0 28.7754 41.9478
12 44 0 5.01948 6.33518
12 45 0 30.617 38.2947
12 46 0 62.448 91.331
12 47 0 18.9329 19.6724
12 48 0 78.8597 79.7693
12 49 1 72.1876 83.1877
12 50 0 57.5017 72.7909
12 51 0 72.6232 92.7496
12 52 0 22.7557 27.7738
12 53 0 70.0563 82.1208
12 54 0 17.9909 18.1177
12 55 0 95.1598 121.079
12 56 0 97.843 129.74
12 57 0 69.8789 95.6612
12 58 0 68.3477 99.1767
12 59 0 57.2114 69.0477
12 60 0 55.0153 68.8166
13 1 0 47.0381 68.8303
13 2 0 52.4888 78.5467
13 3 0 4.57622 5.86532
13 4 0 63.0681 93.0879
13 5 0 84.2771 117.688
13 6 0 68.3429 91.4703
13 7 0 75.8195 108.615
13 8 0 83.0649 117.343
13 9 0 77.044 80.3635
13 10 0 31.5328 40.8851
13 11 0 60.7377 88.0978
13 12 0 82.6818 109.32
13 14 1 41.4781 57.574
13 15 0 33.8913 46.614
13 16 0 47.9684 53.7062
13 17 0 52.334 63.2097
13 18 0 76.7203 103.033
13 19 0 20.0421 27.9015
13 20 0 33.076 33.3641
13 21 0 47.8614 51.717
13 22 0 5.87421 6.42068
13 23 0 37.8219 47.653
13 24 0 78.8905 107.47
13 25 0 7.62913 9.17694
13 26 0 13.7394 15.8456
13 27 0 44.7391 59.6492
13 28 0 35.7354 47.4369
13 29 0 50.8552 75.355
13 30 0 27.8145 39.8492
13 31 0 62.8342 78.4651
13 32 0 73.1527 108.078
13 33 0 57.3977 84.2969
13 34 0 97.7051 120.943
13 35 0 74.7795 109.298
13 36 0 30.1678 40.5085
13 37 0 85.1897 114.446
13 38 0 16.9691 20.5404
13 39 0 20.353 20.486
13 40 1 1.16335 1.44484
13 41 0 37.6741 55.6788
13 42 0 10.9922 12.9493
13 43 0 39.3686 56.1977
13 44 0 66.8632 69.067
13 45 0 77.9813 94.6558
13 46 0 78.1223 85.7043
13 47 0 18.0258 26.6773
13 48 0 55.5812 70.0852
13 49 1 29.9133 44.2927
13 50 0 65.1604 85.5577
13 51 0 0.0255946 0.0265395
13 52 0 79.7208 111.925
13 53 0 45.2907 63.9754
13 54 0 52.9978 78.6696
13 55 0 46.0269 57.6875
13 56 0 6.68491 7.51773
13 57 0 0.480975 0.604789
13 58 0 10.0587 11.1226
13 59 0 69.8369 97.1214
13 60 0 19.8236 26.2161
14 1 0 52.4115 58.8341
14 2 0 53.3003 59.8156
14 3 0 87.6315 103.903
14 4 0 58.7455 77.5836
14 5 0 29.8337 33.6149
14 6 0 22.3371 33.2859
14 7 0 21.8283 25.2292
14 8 0 47.05 53.75
14 9 0 72.5908 86.5219
14 10 0 99.986 125.05
14 11 0 15.3686 22.0022
14 12 0 83.748 89.007
14 13 0 33.8584 36.0957
14 15 1 69.714 78.8291
14 16 0 36.4519 37.1811
14 17 0 34.3813 51.3796
14 18 0 1.7909 2.21411
14 19 0 60.6384 79.9327
14 20 0 4.13125 5.87599
14 21 0 33.3915 48.9147
14 22 0 95.6764 110.487
14 23 0 73.1287 108.555
14 24 0 70.3088 89.2247
14 25 0 74.7785 107.969
14 26 0 0.958541 1.39253
14 27 0 7.48225 9.76123
14 28 0 32.3532 38.9272
14 29 0 72.8591 105.781
14 30 0 52.0798 60.8006
14 31 0 34.0022 45.4882
14 32 0 92.7881 110.041
14 33 0 4.91442 5.24911
14 34 0 3.34223 4.04389
14 35 0 45.9344 53.3714
14 36 0 18.4526 21.7837
14 37 0 88.4565 106.631
14 38 0 76.8335 87.0558
14 39 0 59.9624 63.9714
14 40 0 54.1443 66.3801
14 41 0 83.095 96.4609
14 42 0 20.6043 22.5314
14 43 0 33.1816 39.0007
14 44 0 51.6429 72.4426
14 45 0 23.1779 26.6312
14 46 0 31.0962 38.702
14 47 0 34.785 43.4606
14 48 0 99.6018 140.971
14 49 0 79.7548 97.5814
14 50 0 57.3515 84.1826
14 51 0 40.0985 43.4011
14 52 0 49.5327 67.7694
14 53 0 82.9815 95.1285
14 54 0 36.7951 47.819
14 55 0 53.878 72.5308
14 56 0 19.4584 26.9041
14 57 0 14.6874 20.5955
14 58 0 38.1639 51.3506
14 59 0 45.6874 52.3095
14 60 0 94.6747 102.155
15 1 0 42.3217 58.2701
15 2 0 83.3253 87.5521
15 3 0 69.9679 81.5057
15 4 0 10.1953 14.5801
15 5 0 49.0591 56.0298
15 6 0 67.3095 94.2381
15 7 0 96.1872 101.551
15 8 0 2.91511 3.18361
15 9 0 4.39609 6.57827
15 10 0 19.8605 26.1035
15 11 0 48.5251 62.4259
15 12 0 24.4427 31.3499
15 13 0 70.4994 103.403
15 14 0 42.4922 56.3732
15 16 1 45.8717 61.2865
15 17 0 72.5414 78.1382
15 18 0 90.3685 130.235
15 19 0 85.1157 97.6558
15 20 0 50.8214 69.5363
15 21 0 96.3629 144.037
15 22 0 86.0861 87.6801
15 23 0 63.2503 75.8735
15 24 0 19.4865 23.7841
15 25 0 27.6199 29.3353
15 26 0 74.0584 74.726
15 27 0 77.8573 90.2621
15 28 0 40.0805 41.368
15 29 0 70.5821 75.4046
15 30 0 63.4505 88.5973
15 31 0 82.4354 95.2321
15 32 0 99.9787 125.2
15 33 0 28.0842 38.3515
15 34 0 5.85196 8.21154
15 35 0 6.63578 6.90983
15 36 0 85.1129 114.807
15 37 0 53.2744 65.3382
15 38 0 88.3292 109.546
15 39 0 48.1385 60.7881
15 40 0 8.11102 9.10905
15 41 0 73.4947 96.3541
15 42 0 53.9645 73.6731
15 43 0 53.1203 55.4352
15 44 0 47.6237 61.1
15 45 1 33.4828 41.193
15 46 0 50.6096 54.3969
15 47 0 88.4097 105.406
15 48 0 93.3738 98.6502
15 49 0 62.1019 66.037
15 50 0 33.7609 37.6421
15 51 0 45.1586 59.5738
15 52 0 49.4483 64.467
15 53 0 1.18077 1.20419
15 54 0 66.2645 67.3095
15 55 0 7.83875 9.41814
15 56 0 44.6428 51.7505
15 57 0 35.9892 40.8058
15 58 0 50.746 50.8621
15 59 0 80.7935 118.715
15 60 0 11.0724 14.9821
16 1 0 66.9914 98.4885
16 2 0 60.7478 89.2318
16 3 0 89.2406 102.626
16 4 0 96.6571 106.233
16 5 0 11.4151 16.3084
16 6 0 50.5959 69.2886
16 7 0 67.7357 95.5539
16 8 0 64.8377 94.809
16 9 0 47.1941 57.7867
16 10 0 70.631 88.3638
16 11 0 52.9867 53.8862
16 12 0 7.15101 9.66682
16 13 0 87.647 99.2927
16 14 0 37.2074 42.947
16 15 0 11.6718 12.9896
16 17 1 25.0926 32.2618
16 18 0 35.4953 53.0481
16 19 0 10.632 13.5897
16 20 0 31.071 35.2968
16 21 0 82.7723 120.579
16 22 0 90.979 117.66
16 23 0 16.1355 17.3184
16 24 0 98.3807 105.407
16 25 0 83.7648 108.056
16 26 0 4.65481 5.78654
16 27 0 69.767 84.7462
16 28 0 30.4352 35.7555
16 29 0 68.6324 96.9656
16 30 0 86.9872 107.709
16 31 0 25.7603 31.2205
16 32 0 92.0308 132.372
16 33 0 33.3247 49.4958
16 34 0 66.8374 78.351
16 35 0 37.8088 46.4198
16 36 0 46.1327 68.1729
16 37 0 83.0256 120.281
16 38 0 64.9926 67.7624
16 39 0 94.4277 134.127
16 40 0 44.6204 58.0963
16 41 0 8.60895 12.8533
16 42 0 49.6192 62.3742
16 43 0 45.5245 51.9547
16 44 0 78.1409 96.5749
16 45 0 34.5957 49.5245
16 46 0 61.1608 73.4118
16 47 0 27.5741 38.7762
16 48 0 64.0334 70.698
16 49 0 46.9323 52.7399
16 50 0 15.5 21.7091
16 51 0 61.4667 86.5836
16 52 0 8.31718 9.30156
16 53 0 13.9356 15.4799
16 54 0 7.80536 10.949
16 55 0 78.0101 112.856
16 56 0 81.0583 101.685
16 57 0 81.3987 90.1433
16 58 0 90.6614 107.301
16 59 0 10.1375 14.017
16 60 0 29.8071 40.168
17 1 0 19.625 21.2036
17 2 0 91.1766 136.754
17 3 0 14.7043 18.8803
17 4 0 16.0211 19.6226
17 5 0 88.5061 115.886
17 6 0 49.9807 64.2573
17 7 0 86.631 116.431
17 8 0 52.4522 73.0395
17 9 0 23.8383 27.3941
17 10 0 21.9827 23.4691
17 11 0 45.1537 62.0329
17 12 0 8.12646 11.6415
17 13 0 66.5357 78.8097
17 14 0 49.3877 52.0655
17 15 0 25.1618 34.539
17 16 0 86.8189 91.9872
17 18 1 95.7203 138.076
17 19 0 91.6093 93.1515
17 20 0 22.9158 27.1176
17 21 0 98.4288 142.452
17 22 0 22.1792 26.2018
17 23 0 7.16212 10.427
17 24 0 25.7247 33.2173
17 25 0 9.51229 13.9364
17 26 0 35.5466 44.0922
17 27 0 67.5914 99.0633
17 28 0 55.2522 72.6856
17 29 0 66.0551 97.656
17 30 0 21.4957 28.5361
17 31 0 20.1461 24.8149
17 32 0 84.7558 126.276
17 33 0 73.09 83.2568
17 34 0 11.3325 13.5865
17 35 0 0.00306158 0.00433381
17 36 0 95.1961 135.957
17 37 0 45.3727 46.4821
17 38 0 92.9747 117.21
17 39 0 79.6101 114.156
17 40 0 0.925023 1.08188
17 41 0 25.3829 35.7095
17 42 0 20.3487 30.5099
17 43 0 90.9624 128.568
17 44 0 47.8611 69.758
17 45 0 24.4309 31.6906
17 46 0 88.4333 130.771
17 47 0 78.5283 79.0825
17 48 0 1.25508 1.43344
17 49 0 94.2119 96.197
17 50 0 11.1089 11.2237
17 51 0 70.0795 97.1659
17 52 0 57.8461 74.3388
17 53 0 93.7553 94.2507
17 54 0 40.8219 51.3492
17 55 0 12.0656 13.7807
17 56 0 93.455 100.685
17 57 0 13.2649 15.0617
17 58 0 70.5207 93.3601
17 59 0 98.634 110.038
17 60 0 73.7721 81.1008
18 1 0 31.854 38.9254
18 2 0 81.2726 92.8584
18 3 0 46.8564 54.9024
18 4 0 6.82144 9.90278
18 5 0 97.7045 106.933
18 6 0 64.9383 71.5992
18 7 0 65.4065 85.6933
18 8 0 6.56116 9.52856
18 9 0 73.4987 94.2264
18 10 0 17.5666 25.9746
18 11 0 40.8686 51.1712
18 12 0 70.9715 96.0025
18 13 0 49.6974 68.2356
18 14 0 42.879 51.1457
18 15 0 87.8746 109.327
18 16 0 45.0363 45.9575
18 17 0 72.022 93.6079
18 19 1 74.0687 92.1308
18 20 0 43.0354 63.0288
18 21 0 86.2185 113.838
18 22 0 4.23823 5.25753
18 23 0 30.6871 32.7747
18 24 0 32.0771 33.491
18 25 0 41.5665 55.8097
18 26 0 59.4594 70.8489
18 27 0 84.7015 110.661
18 28 0 34.8906 37.5781
18 29 0 51.456 59.5143
18 30 0 11.9798 13.0706
18 31 0 17.8013 21.0769
18 32 0 39.1734 55.8192
18 33 0 58.5713 59.6689
18 34 1 41.5673 49.99
18 35 0 92.2843 129.159
18 36 0 86.3642 117.509
18 37 0 86.6761 123.595
18 38 0 98.9361 124.435
18 39 0 92.1584 92.6174
18 40 0 78.0448 113.742
18 41 0 65.2705 87.3678
18 42 0 73.3668 96.3472
18 43 0 30.0029 30.3963
18 44 0 20.7872 22.7156
18 45 0 5.85549 8.60503
18 46 0 5.83809 8.27257
18 47 0 63.8335 77.1069
18 48 0 91.9653 101.848
18 49 0 75.5358 108.966
18 50 0 30.1893 32.428
18 51 0 87.1677 104.884
18 52 0 19.3806 29.0354
18 53 0 27.8196 38.1793
18 54 0 19.8611 23.3171
18 55 0 55.3142 55.8005
18 56 0 78.3118 107.461
18 57 0 24.552 33.8854
18 58 0 67.659 72.8222
18 59 0 87.0224 124.112
18 60 0 59.1096 61.8513
19 1 0 41.564 45.0975
19 2 0 65.6142 86.3394
19 3 0 39.735 44.4004
19 4 0 20.2916 22.7674
19 5 0 35.717 46.8212
19 6 0 64.7734 73.1797
19 7 0 7.44214 9.84798
19 8 0 75.337 78.3932
19 9 0 87.0687 98.012
19 10 0 20.6101 21.9666
19 11 0 80.2698 94.0766
19 12 0 86.3672 97.288
19 13 0 51.155 68.877
19 14 0 45.8783 55.4894
19 15 0 73.2161 89.2132
19 16 0 60.9024 62.4013
19 17 0 22.6862 25.4024
19 18 0 74.1429 89.5388
19 20 1 94.4711 140.715
19 21 0 21.0014 24.8374
19 22 0 62.7333 67.1134
19 23 0 12.4482 13.2222
19 24 0 75.8939 95.8154
19 25 0 35.1789 37.3465
19 26 0 94.979 138.541
19 27 0 96.6358 111.42
19 28 0 34.1664 46.0169
19 29 0 70.5059 77.5369
19 30 0 8.7811 10.3235
19 31 0 16.3227 22.0337
19 32 0 48.5108 62.8996
19 33 0 83.9582 109.337
19 34 0 8.79229 8.83627
19 35 1 3.54917 4.18954
19 36 0 50.404 65.8461
19 37 0 18.5189 25.3561
19 38 0 50.8772 74.4257
19 39 0 97.5064 143.984
19 40 0 29.7124 36.4647
19 41 0 64.4172 92.3925
19 42 0 23.5305 32.7759
19 43 0 99.6919 127.815
19 44 0 46.9516 53.1083
19 45 0 93.3743 137.32
19 46 0 25.3756 31.4429
19 47 0 66.2662 91.1142
19 48 0 19.9512 29.6627
19 49 0 57.8404 84.1205
19 50 0 31.7187 32.9308
19 51 0 21.4764 27.0859
19 52 0 94.0175 94.0861
19 53 0 34.6952 41.2077
19 54 0 20.1187 25.7326
19 55 0 18.3806 22.5601
19 56 0 90.2426 96.3324
19 57 0 95.5691 139.871
19 58 0 22.4513 27.3511
19 59 0 47.3663 52.3993
19 60 0 75.8914 85.3978
20 1 0 3.62469 4.95615
20 2 0 27.1909 38.397
20 3 0 87.0784 130.213
20 4 0 76.9333 87.0757
20 5 0 70.831 73.7394
20 6 0 53.9182 78.2914
20 7 0 95.7331 114.757
20 8 0 12.222 14.9569
20 9 0 77.3846 98.3217
20 10 0 57.23 76.5601
20 11 0 52.0757 67.2926
20 12 0 7.91616 10.3839
20 13 0 36.3317 40.4919
20 14 0 39.356 45.8344
20 15 0 80.0012 117.436
20 16 0 58.8848 85.9968
20 17 0 58.305 62.4754
20 18 0 25.2378 32.3374
20 19 0 94.4308 134.951
20 21 1 6.81987 8.85752
20 22 0 92.5415 129.514
20 23 0 6.28828 6.77254
20 24 0 94.5128 100.798
20 25 0 21.6216 30.2477
20 26 0 55.485 65.0799
20 27 0 85.2083 114.669
20 28 0 97.9745 106.469
20 29 0 85.2369 118.963
20 30 0 37.9228 46.6263
20 31 0 41.3331 52.9652
20 32 0 74.9633 94.305
20 33 0 22.4271 32.4055
20 34 0 14.7405 20.9504
20 35 0 23.4515 33.0929
20 36 0 88.719 122.898
20 37 0 61.5168 69.4747
20 38 0 10.3885 14.5215
20 39 0 23.8716 35.3345
20 40 0 95.1632 116.368
20 41 0 97.1386 100.846
20 42 0 67.9764 68.1864
20 43 0 26.4113 36.1593
20 44 0 13.9648 15.5879
20 45 0 0.74345 0.984936
20 46 0 44.7338 54.1233
20 47 0 47.3706 63.4692
20 48 0 43.6586 51.0708
20 49 0 93.5513 113.468
20 50 0 76.2482 97.7341
20 51 0 9.9755 14.6544
20 52 0 8.71193 9.24528
20 53 0 3.56382 4.52257
20 54 0 55.9228 78.1101
20 55 0 16.3942 20.338
20 56 0 36.6075 40.8568
20 57 0 45.6799 54.7304
20 58 1 42.8094 43.7767
20 59 0 85.5174 114.684
20 60 0 79.6797 82.3599
21 1 0 85.1148 94.1862
21 2 0 72.074 89.2661
21 3 0 15.9391 22.5947
21 4 0 13.0683 19.3223
21 5 0 65.0585 86.6778
21 6 0 77.774 108.096
21 7 0 42.6886 51.5094
21 8 0 22.1736 29.9918
21 9 0 21.4818 24.2613
21 10 0 8.80088 11.779
21 11 0 13.0216 14.9997
21 12 0 59.5125 71.0906
21 13 0 8.09238 10.1609
21 14 0 37.7316 41.6604
21 15 0 77.3186 96.1932
21 16 0 88.7865 118.704
21 17 0 8.43149 11.0243
21 18 0 68.3473 99.002
21 19 0 55.5761 56.7976
21 20 0 47.0467 49.2046
21 22 1 22.0655 29.2366
21 23 0 7.98061 11.543
21 24 0 5.81287 8.10393
21 25 0 53.5995 54.0218
21 26 0 65.3596 82.1724
21 27 0 26.8274 36.5488
21 28 0 67.1307 91.0388
21 29 0 96.9337 124.242
21 30 0 61.6266 92.3256
21 31 0 89.5501 110.998
21 32 0 18.7842 22.6551
21 33 0 30.1563 31.6218
21 34 0 15.9325 17.0508
21 35 0 58.7826 75.783
21 36 0 72.3457 84.7194
21 37 0 95.9338 127.575
21 38 0 44.4709 65.4071
21 39 0 56.6325 67.9531
21 40 0 18.7489 24.0766
21 41 0 71.2274 84.4397
21 42 1 64.026 88.1166
21 43 0 25.1302 27.6071
21 44 0 63.6569 86.2919
21 45 0 94.829 110.267
21 46 0 79.1609 87.3283
21 47 0 48.2974 62.023
21 48 0 99.2897 139.025
21 49 0 81.2105 85.9153
21 50 0 40.3407 53.7844
21 51 0 12.5955 13.311
21 52 0 54.5897 65.6198
21 53 0 31.536 37.588
21 54 0 36.0218 37.6999
21 55 0 38.8919 42.1058
21 56 0 2.70994 3.05757
21 57 0 37.9094 54.1919
21 58 0 96.1423 140.689
21 59 0 9.78404 11.3189
21 60 0 67.2406 97.0104
22 1 0 81.2031 82.0392
22 2 0 0.261957 0.309957
22 3 0 64.1711 66.0359
22 4 0 35.2835 43.7965
22 5 0 50.4252 54.317
22 6 0 32.7538 48.7881
22 7 0 6.1433 6.78463
22 8 0 45.8935 48.537
22 9 0 57.5004 60.2803
22 10 0 9.35901 12.1076
22 11 0 70.2235 77.7008
22 12 0 8.11536 9.22535
22 13 0 83.4565 101.784
22 14 0 41.5682 59.2919
22 15 0 34.6944 50.1389
22 16 0 46.5634 48.967
22 17 0 84.184 118.686
22 18 0 75.3234 94.9428
22 19 0 92.8731 107.643
22 20 0 91.6608 127.388
22 21 0 6.76174 9.51853
22 23 1 90.3003 111.108
22 24 0 73.6891 77.0631
22 25 0 12.2258 16.0192
22 26 0 6.1643 9.11621
22 27 0 0.796346 0.999173
22 28 0 59.7179 82.6764
22 29 0 4.69886 6.85661
22 30 0 87.6157 111.543
22 31 0 76.7501 87.719
22 32 0 89.3977 128.978
22 33 0 80.4245 117.72
22 34 0 45.1574 56.0674
22 35 0 83.7589 124.645
22 36 0 35.1871 44.6504
22 37 0 35.3593 37.4775
22 38 0 73.7254 106.187
22 39 0 39.2261 47.5136
22 40 0 24.5178 28.2674
22 41 1 58.1228 77.5485
22 42 0 80.4 114.554
22 43 0 68.9297 72.432
22 44 0 53.1475 76.788
22 45 0 13.9112 19.3899
22 46 0 45.9519 50.2122
22 47 0 1.49418 2.0714
22 48 0 57.3331 70.921
22 49 0 44.4862 50.87
22 50 0 78.0822 98.8773
22 51 0 94.9192 117.662
22 52 0 70.3699 100.703
22 53 0 48.1804 52.4433
22 54 0 6.17183 7.1428
22 55 0 11.6071 16.7141
22 56 0 73.0879 73.6654
22 57 0 0.925252 0.989317
22 58 0 28.2193 31.8338
22 59 0 3.37188 3.55747
22 60 0 44.1599 46.6179
23 1 0 53.4461 55.434
23 2 0 67.4318 92.689
23 3 0 3.38818 4.50776
23 4 0 9.5124 10.3337
23 5 0 94.9791 133.365
23 6 0 46.2971 60.4825
23 7 0 74.9018 91.7177
23 8 0 13.4781 15.2479
23 9 0 25.8808 36.5076
23 10 0 90.8749 125.598
23 11 0 44.6145 49.8358
23 12 0 79.2619 81.7319
23 13 0 79.6721 105.481
23 14 0 46.7895 62.5925
23 15 0 66.3858 93.6331
23 16 0 68.0048 97.098
23 17 0 16.5571 17.1077
23 18 0 96.8887 128.089
23 19 0 30.0173 41.9745
23 20 0 72.8393 105.835
23 21 0 54.8865 81.9934
23 22 0 73.9137 98.4434
23 24 1 81.0051 112.421
23 25 0 90.4659 110.516
23 26 0 7.66757 10.0516
23 27 0 35.2686 37.246
23 28 0 2.70726 3.07916
23 29 0 26.6956 34.8454
23 30 0 81.4085 94.2523
23 31 0 12.6182 13.6239
23 32 0 77.4666 96.4493
23 33 0 68.7182 71.3473
23 34 0 75.3206 86.7162
23 35 0 2.60182 2.85719
23 36 0 46.7301 47.784
23 37 0 61.1243 71.3071
23 38 0 97.3649 108.715
23 39 0 30.8026 43.7997
23 40 0 99.3609 105.634
23 41 0 96.1262 142.69
23 42 0 62.8238 71.7968
23 43 0 78.5474 108.66
23 44 0 81.8471 116.882
23 45 0 84.3085 116.716
23 46 0 44.1166 52.8058
23 47 0 97.3957 142.728
23 48 0 75.8662 79.5199
23 49 0 96.4113 109.154
23 50 0 83.8428 113.688
23 51 0 68.3484 93.8909
23 52 0 28.8568 36.0507
23 53 0 93.7036 128.338
23 54 0 32.187 41.641
23 55 0 77.9438 98.5232
23 56 0 5.85598 6.4402
23 57 0 57.1157 75.3663
23 58 0 97.3036 128.295
23 59 0 81.7223 102.424
23 60 0 50.1022 50.5193
24 1 0 59.1704 59.3164
24 2 0 91.3886 99.9541
24 3 0 29.5418 36.0688
24 4 0 20.1184 24.04
24 5 0 92.2653 108.719
24 6 0 17.1587 25.2481
24 7 0 13.9841 17.6888
24 8 0 73.3981 79.6173
24 9 0 95.9539 129.783
24 10 1 21.3988 22.4317
24 11 0 67.1084 75.6441
24 12 0 68.2704 84.4171
24 13 0 15.5833 16.6348
24 14 0 25.4524 36.1114
24 15 0 93.2816 111.742
24 16 0 90.4931 112.049
24 17 0 3.87313 4.85327
24 18 0 37.5553 38.3967
24 19 0 50.7085 74.3395
24 20 0 0.406978 0.456077
24 21 0 84.8573 97.7391
24 22 0 33.6584 45.6086
24 23 0 9.01614 10.1713
24 25 1 65.1952 69.3428
24 26 0 45.5802 54.5768
24 27 0 32.2295 46.0577
24 28 0 3.0852 4.003
24 29 0 38.6411 48.823
24 30 0 56.1659 79.4649
24 31 0 94.7043 129.135
24 32 0 29.4003 32.9663
24 33 0 86.1288 89.4677
24 34 0 41.465 49.6383
24 35 0 61.1552 63.8619
24 36 0 30.0289 40.8361
24 37 0 85.4055 94.7036
24 38 0 9.93082 14.0145
24 39 0 42.7776 43.054
24 40 0 7.21151 9.08008
24 41 0 52.938 69.753
24 42 0 80.3974 82.7083
24 43 0 66.8141 97.3956
24 44 0 9.21013 11.4405
24 45 0 72.2376 79.4107
24 46 0 77.9297 95.7811
24 47 0 34.2915 50.6869
24 48 0 20.0454 28.1753
24 49 0 36.3786 38.5347
24 50 0 95.5047 119.387
24 51 0 53.2389 66.9476
24 52 0 35.0183 43.7482
24 53 0 93.1266 96.1194
24 54 0 67.7192 68.8946
24 55 0 3.47359 3.68336
24 56 0 36.0062 47.4746
24 57 0 21.3397 25.3558
24 58 0 5.40805 6.74068
24 59 0 91.0551 101.786
24 60 0 56.882 72.9017
25 1 0 40.0855 41.1504
25 2 0 68.301 95.831
25 3 0 15.3443 15.8915
25 4 0 94.6161 120.298
25 5 0 78.4641 88.2285
25 6 0 9.61525 11.2193
25 7 0 82.6655 110.34
25 8 0 94.7106 96.3113
25 9 0 18.4971 24.1534
25 10 0 18.2915 21.2178
25 11 0 30.5214 35.4707
25 12 0 52.0126 59.9493
25 13 0 97.0137 100.613
25 14 0 67.894 88.1094
25 15 0 16.8347 18.7665
25 16 0 72.5047 92.0023
25 17 0 13.052 16.6066
25 18 0 40.6092 51.4559
25 19 0 66.8481 77.3894
25 20 0 19.6531 21.6896
25 21 0 70.4946 79.0437
25 22 0 14.8216 20.6267
25 23 0 95.4584 140.804
25 24 0 81.0276 82.0064
25 26 1 51.0625 76.4279
25 27 0 24.0427 34.8193
25 28 0 57.6036 63.4409
25 29 0 74.6514 95.661
25 30 0 83.4233 115.599
25 31 0 16.7359 21.9838
25 32 0 9.29276 13.5835
25 33 0 80.6457 119.527
25 34 0 7.26356 7.47859
25 35 0 70.1491 95.2967
25 36 0 67.386 100.169
25 37 0 77.9561 100.491
25 38 0 64.3679 73.0149
25 39 0 31.2665 38.8706
25 40 0 31.9453 41.1631
25 41 0 48.006 49.7828
25 42 0 6.79147 8.95355
25 43 0 42.3213 59.5017
25 44 0 59.5866 76.4874
25 45 0 3.84078 3.85833
25 46 0 2.7281 2.88494
25 47 0 2.31858 3.1685
25 48 0 28.5819 34.497
25 49 0 86.281 97.0553
25 50 0 75.9792 83.408
25 51 0 4.59712 5.22489
25 52 0 93.3378 98.635
25 53 0 51.1498 67.2298
25 54 0 78.6434 89.5489
25 55 0 95.8673 106.117
25 56 0 44.0383 51.594
25 57 0 96.8775 134.216
25 58 0 85.5667 112.297
25 59 0 51.4937 54.1788
25 60 0 58.9403 80.4019
26 1 0 43.1545 49.3154
26 2 0 96.1111 105.3
26 3 0 8.73894 12.9982
26 4 0 40.9708 57.5035
26 5 0 79.8349 90.1014
26 6 0 9.52036 13.3952
26 7 0 46.7553 69.9443
26 8 0 75.3212 92.3461
26 9 0 55.3534 67.9806
26 10 0 46.0714 54.1852
26 11 0 18.9803 23.1122
26 12 0 7.64963 11.0318
26 13 0 89.4435 128.442
26 14 0 57.1509 78.4942
26 15 0 40.0773 49.5456
26 16 0 70.035 94.6933
26 17 0 94.1903 102.459
26 18 0 84.6367 90.1339
26 19 0 41.2916 59.321
26 20 0 77.6834 85.3998
26 21 0 1.21365 1.56988
26 22 0 75.8434 100.926
26 23 0 7.51288 10.3815
26 24 0 59.1269 64.1121
26 25 1 55.0963 60.2835
26 27 1 23.4986 34.8044
26 28 0 59.2814 71.666
26 29 0 13.3991 15.965
26 30 0 55.7473 74.2848
26 31 0 98.7666 121.516
26 32 0 69.6352 100.794
26 33 0 57.5039 84.1811
26 34 0 10.0128 13.1665
26 35 0 1.8813 2.52649
26 36 0 68.9316 81.0641
26 37 0 54.4671 81.2119
26 38 0 52.7115 67.0025
26 39 0 88.7511 114.757
26 40 0 45.163 63.0708
26 41 0 13.6233 18.9566
26 42 0 85.5032 107.023
26 43 0 5.71266 8.024
26 44 0 23.7736 25.4925
26 45 0 58.7559 79.2682
26 46 0 28.2488 28.8305
26 47 0 0.419557 0.492926
26 48 0 38.4411 41.5614
26 49 0 3.26397 4.25873
26 50 0 64.4556 68.5373
26 51 0 63.762 93.8303
26 52 0 40.6244 51.2198
26 53 0 56.4365 66.4117
26 54 0 23.9997 35.5257
26 55 0 5.56459 7.89592
26 56 0 27.5743 38.4309
26 57 0 12.4155 14.2408
26 58 0 77.2439 90.3666
26 59 0 32.8951 34.8143
26 60 0 36.8838 48.849
27 1 0 63.1148 75.4634
27 2 0 74.0187 94.5599
27 3 0 97.4064 106.289
27 4 0 23.0175 27.0009
27 5 0 93.1631 96.071
27 6 0 62.0669 69.9494
27 7 0 39.6854 48.5459
27 8 0 32.0137 36.9232
27 9 0 36.5376 52.7372
27 10 0 86.9877 127.505
27 11 0 81.3866 110.754
27 12 0 10.1458 14.7784
27 13 0 22.7706 33.7959
27 14 1 33.3806 36.6981
27 15 0 3.92793 4.94267
27 16 0 92.0084 131.534
27 17 0 28.2652 28.6409
27 18 0 63.6374 79.015
27 19 0 2.28063 2.64803
27 20 0 53.1538 62.6753
27 21 0 16.5618 24.5583
27 22 0 19.9363 26.5686
27 23 0 66.7079 89.187
27 24 0 56.3161 67.4609
27 25 0 53.7986 60.433
27 26 0 27.3472 40.7437
27 28 1 62.8826 67.8259
27 29 0 89.3526 110.95
27 30 0 32.9598 46.0771
27 31 0 94.3105 125.723
27 32 0 67.7281 72.388
27 33 0 31.6156 37.1891
27 34 0 65.3039 90.3229
27 35 0 0.858116 0.995398
27 36 0 49.9511 65.918
27 37 0 6.18439 7.48998
27 38 0 76.7293 114.369
27 39 0 4.64905 5.21606
27 40 0 70.9377 97.6638
27 41 0 79.7773 94.9048
27 42 0 24.5137 33.943
27 43 0 59.2607 75.2967
27 44 0 64.0123 71.4611
27 45 0 39.8286 51.0513
27 46 0 29.6605 35.7415
27 47 0 53.4711 70.7313
27 48 0 53.9955 69.8543
27 49 0 48.8118 52.2723
27 50 0 58.349 82.4229
27 51 0 25.2515 33.6379
27 52 0 1.60808 1.99184
27 53 0 0.0629707 0.0678322
27 54 0 91.5996 131.686
27 55 0 89.6801 94.7518
27 56 0 22.3636 25.8361
27 57 0 77.5882 94.7985
27 58 0 49.873 66.0725
27 59 0 38.1057 39.7675
27 60 0 11.748 15.4626
28 1 0 12.1949 17.5033
28 2 0 63.9698 76.5466
28 3 0 1.94632 2.87336
28 4 0 14.9439 15.5736
28 5 0 91.2168 100.138
28 6 0 61.6697 78.1976
28 7 0 53.6282 65.7408
28 8 0 80.4033 118.318
28 9 0 44.2243 56.0484
28 10 0 55.0956 55.8866
28 11 0 73.8294 98.6943
28 12 0 30.5411 45.2319
28 13 0 49.036 67.8506
28 14 0 86.8462 105.372
28 15 0 26.9591 27.5094
28 16 0 15.5644 20.8551
28 17 0 10.6279 12.5433
28 18 0 40.8927 53.7033
28 19 0 12.6083 15.9178
28 20 0 22.6453 31.4864
28 21 0 43.8456 59.0949
28 22 0 59.7384 71.3848
28 23 0 11.458 11.6129
28 24 0 99.6343 100.24
28 25 0 4.81546 5.14357
28 26 0 15.2298 19.0465
28 27 0 54.8667 81.8417
28 29 1 44.7379 57.8539
28 30 1 10.1909 14.7224
28 31 0 6.40727 9.3035
28 32 0 68.5318 98.2621
28 33 0 81.1224 84.1754
28 34 0 50.899 56.9929
28 35 0 54.277 57.4372
28 36 0 97.7571 111.752
28 37 0 87.0116 95.7841
28 38 0 98.1934 121.256
28 39 0 71.1623 105.004
28 40 0 67.6411 98.6619
28 41 0 64.5804 85.4079
28 42 0 83.4263 117.443
28 43 0 67.1454 76.1622
28 44 0 31.5092 33.0823
28 45 0 23.4747 29.7473
28 46 0 3.78218 4.37256
28 47 0 3.41023 4.84752
28 48 0 19.4386 22.2659
28 49 0 45.5484 50.7731
28 50 0 67.1447 100.205
28 51 0 82.3486 112.624
28 52 0 49.1094 64.2636
28 53 0 31.0405 35.1427
28 54 1 27.8414 29.1409
28 55 0 36.9681 39.0456
28 56 0 16.6456 24.8619
28 57 0 25.0518 29.5714
28 58 0 7.55534 10.2595
28 59 0 35.6021 40.2386
28 60 0 82.5712 87.6255
29 1 0 58.684 68.7013
29 2 0 42.0608 62.0346
29 3 0 54.2723 57.0465
29 4 0 29.2242 29.9587
29 5 0 86.9999 105.587
29 6 0 24.7242 34.6189
29 7 0 84.1923 88.0833
29 8 0 44.0813 56.8246
29 9 0 53.3348 66.7881
29 10 0 48.973 59.8456
29 11 0 1.7842 2.09861
29 12 0 45.7851 55.6531
29 13 0 0.570249 0.701582
29 14 0 1.99951 2.45673
29 15 0 5.65822 7.60096
29 16 0 4.87796 5.6617
29 17 0 32.3118 44.8738
29 18 0 32.6521 35.9347
29 19 0 10.6579 11.1223
29 20 0 0.180615 0.212937
29 21 0 97.6815 118.588
29 22 0 39.4346 46.0802
29 23 0 24.571 24.7845
29 24 1 16.9377 20.1457
29 25 0 74.5692 95.2716
29 26 0 54.8717 81.4395
29 27 0 84.171 93.6211
29 28 0 72.3687 78.6603
29 30 1 98.403 129.991
29 31 0 79.7527 86.3516
29 32 0 2.9118 2.93265
29 33 0 37.2928 42.6668
29 34 0 46.5428 68.7732
29 35 0 5.68844 7.58692
29 36 0 64.3905 88.6782
29 37 0 75.5429 78.8274
29 38 0 12.4107 15.728
29 39 0 5.74387 8.41326
29 40 0 96.0252 107.615
29 41 0 62.8536 77.9303
29 42 0 95.8393 131.074
29 43 0 43.179 49.2086
29 44 0 10.3557 15.1642
29 45 0 31.8378 35.8964
29 46 0 26.8998 30.7238
29 47 0 84.2308 123.846
29 48 0 67.5729 69.364
29 49 0 82.5724 91.2179
29 50 0 83.2213 103.22
29 51 0 94.6024 122.793
29 52 0 38.7399 56.0781
29 53 0 3.09472 3.61404
29 54 1 38.4 50.7371
29 55 0 80.1857 98.2296
29 56 0 37.9448 43.4736
29 57 0 24.9903 27.8346
29 58 0 12.9294 13.2243
29 59 0 15.7195 19.858
29 60 0 3.78822 5.36705
30 1 0 97.9856 134.085
30 2 0 94.8794 121.879
30 3 0 54.5237 64.5493
30 4 0 98.0644 132.431
30 5 0 47.7057 66.5614
30 6 0 62.2063 79.3806
30 7 1 78.6402 88.0058
30 8 0 12.6234 16.5156
30 9 0 63.7192 87.3098
30 10 0 9.79584 14.4002
30 11 0 0.495447 0.702277
30 12 0 81.4913 110.067
30 13 0 82.2428 83.9649
30 14 0 7.84386 9.39523
30 15 0 67.0284 97.8285
30 16 0 99.6367 124.845
30 17 0 0.97808 1.07953
30 18 0 87.0475 114.571
30 19 0 76.4513 112.815
30 20 0 70.7998 74.2872
30 21 0 77.9872 114.626
30 22 0 58.21 68.5394
30 23 0 75.0408 112.244
30 24 0 44.9246 64.1826
30 25 0 28.3391 37.7184
30 26 0 89.735 132.731
30 27 0 82.2005 119.972
30 28 0 31.7129 44.7095
30 29 0 26.9712 37.0022
30 31 1 71.6516 89.7861
30 32 0 36.0531 49.7249
30 33 0 89.5001 127.895
30 34 0 41.4464 43.9112
30 35 0 2.25504 3.19881
30 36 0 5.72441 7.07735
30 37 0 26.4226 29.4676
30 38 0 83.1098 106.371
30 39 0 89.3206 131.984
30 40 0 50.7233 53.0342
30 41 0 38.694 44.1978
30 42 0 61.1827 68.1623
30 43 0 98.7476 138.911
30 44 0 93.9969 110.505
30 45 0 89.1449 116.206
30 46 0 24.8101 36.7562
30 47 0 98.0284 123.105
30 48 0 34.0533 47.5282
30 49 0 10.9349 15.6018
30 50 0 86.4513 94.0284
30 51 0 10.1302 10.3949
30 52 0 94.75 138.489
30 53 0 33.9127 40.6445
30 54 0 4.69416 6.94988
30 55 0 60.7556 72.9923
30 56 0 24.4383 28.5891
30 57 0 44.922 57.1621
30 58 0 10.7906 14.2298
30 59 0 41.4106 49.5665
30 60 0 6.59645 8.31845
31 1 0 99.0324 106.056
31 2 0 4.65905 5.68137
31 3 0 24.1847 28.7421
31 4 0 24.3067 27.9795
31 5 0 79.6945 101.276
31 6 0 50.3522 51.5222
31 7 0 83.7293 113.682
31 8 0 43.9832 56.7342
31 9 0 22.0208 31.0986
31 10 0 25.2807 35.4777
31 11 0 18.6675 19.3625
31 12 0 28.3377 41.4768
31 13 0 57.3595 83.2618
31 14 0 48.0696 68.5558
31 15 0 38.585 49.1182
31 16 0 37.6405 42.3377
31 17 0 39.0401 55.3544
31 18 0 47.5404 48.3014
31 19 0 2.44178 3.31017
31 20 0 66.6009 81.8438
31 21 0 36.9307 42.6555
31 22 0 92.994 96.179
31 23 0 22.4199 32.7434
31 24 0 57.1677 84.7718
31 25 0 3.0346 3.38005
31 26 0 76.1648 101.583
31 27 0 5.34365 5.4772
31 28 0 30.6051 33.8808
31 29 0 88.8084 127.977
31 30 0 70.4079 102.019
31 32 1 62.6728 67.2396
31 33 0 86.4096 95.1969
31 34 0 5.7231 6.76392
31 35 0 80.0183 89.7369
31 36 0 92.1392 128.165
31 37 0 5.23875 5.47594
31 38 0 52.1377 52.339
31 39 0 83.8017 93.5494
31 40 0 54.9837 59.1701
31 41 0 57.732 64.3377
31 42 0 9.06875 9.41707
31 43 0 5.4754 6.19152
31 44 0 72.224 87.1424
31 45 0 97.381 97.5914
31 46 0 25.1045 29.3877
31 47 0 18.3026 26.8953
31 48 0 11.0305 13.2156
31 49 0 3.93236 5.18915
31 50 0 18.7271 19.5513
31 51 0 65.9315 68.7581
31 52 0 1.63021 2.17428
31 53 0 18.4091 24.5613
31 54 0 38.3943 41.4243
31 55 0 11.8513 13.0094
31 56 0 10.4476 10.999
31 57 0 89.3641 121.371
31 58 0 44.8357 61.32
31 59 0 11.8497 14.8738
31 60 0 41.7276 44.3521
32 1 0 91.1112 94.7693
32 2 0 67.8867 84.6032
32 3 0 93.2968 111.212
32 4 0 18.0181 23.1769
32 5 0 44.2837 49.5165
32 6 0 2.30633 2.99644
32 7 0 39.5397 50.7902
32 8 0 76.6877 89.3031
32 9 0 1.09954 1.60511
32 10 0 18.9202 26.594
32 11 0 83.9384 98.0179
32 12 0 38.9905 39.744
32 13 0 92.1434 115.875
32 14 0 34.7437 49.559
32 15 0 98.9174 143.641
32 16 0 97.0528 124.077
32 17 0 45.3769 47.2097
32 18 0 22.111 29.0302
32 19 0 47.5879 49.6006
32 20 0 84.6954 95.8663
32 21 0 23.5588 24.7892
32 22 0 68.9832 93.065
32 23 0 53.3293 67.4418
32 24 0 13.269 16.4956
32 25 0 69.4583 98.9101
32 26 0 10.2347 15.2553
32 27 0 62.516 67.2718
32 28 0 88.1968 111.923
32 29 0 16.1541 21.7467
32 30 0 38.158 43.0035
32 31 0 77.4555 107.138
32 33 1 13.8963 18.0132
32 34 0 55.4522 80.8358
32 35 0 94.4042 123.377
32 36 0 88.4018 129.113
32 37 0 37.4759 48.0032
32 38 0 49.7022 61.5847
32 39 0 0.411383 0.611632
32 40 0 32.6615 35.761
32 41 0 68.5622 82.1826
32 42 0 30.5667 31.5836
32 43 0 68.0219 89.2391
32 44 1 98.235 118.671
32 45 0 49.7993 65.1053
32 46 0 39.0873 47.9148
32 47 0 91.8356 115.128
32 48 0 93.9341 116.522
32 49 0 9.09982 10.3023
32 50 0 46.3627 63.2073
32 51 0 77.5075 86.9933
32 52 0 80.3233 105.686
32 53 0 77.9299 98.6344
32 54 0 73.9817 82.2886
32 55 0 46.0402 50.0052
32 56 0 24.167 25.7677
32 57 0 12.0194 17.5912
32 58 0 48.7039 70.9234
32 59 0 32.3419 39.7571
32 60 0 91.789 123.037
33 1 0 14.1343 19.562
33 2 0 50.7523 69.5071
33 3 0 68.2536 91.7957
33 4 0 86.4659 97.8117
33 5 0 14.1198 15.8196
33 6 0 42.3027 59.7416
33 7 0 6.72446 6.96476
33 8 0 17.5655 18.8058
33 9 0 57.2971 64.0514
33 10 0 12.4797 18.5346
33 11 0 23.2984 32.5184
33 12 1 83.776 85.7362
33 13 0 60.3961 77.152
33 14 0 73.0484 74.2802
33 15 0 44.0362 47.7638
33 16 0 16.4981 16.8673
33 17 0 20.3282 20.335
33 18 0 42.0337 49.4827
33 19 0 43.7247 63.891
33 20 0 96.1081 137.381
33 21 0 55.8171 63.6701
33 22 0 93.4021 126.866
33 23 1 86.0559 111.907
33 24 0 18.1617 25.448
33 25 0 30.3309 42.8942
33 26 0 36.3888 53.7385
33 27 0 77.9282 109.888
33 28 0 2.52538 3.20256
33 29 0 39.4712 46.9429
33 30 0 71.126 97.286
33 31 0 84.6105 85.493
33 32 0 42.5073 61.9162
33 34 1 40.7198 57.7399
33 35 0 68.5647 85.9354
33 36 0 25.5024 28.0838
33 37 0 66.7618 74.6462
33 38 0 55.149 63.8154
33 39 0 1.60981 2.01394
33 40 0 1.22028 1.3283
33 41 0 34.5801 38.415
33 42 0 37.3165 41.3183
33 43 0 62.0543 81.2835
33 44 0 24.0908 33.1854
33 45 0 72.744 107.828
33 46 0 94.0533 120.765
33 47 0 23.2404 30.7521
33 48 0 77.8311 101.716
33 49 0 77.92 101.211
33 50 0 69.1586 95.2887
33 51 0 75.1148 98.6968
33 52 0 47.858 69.698
33 53 0 76.8388 77.0619
33 54 0 52.1425 57.0599
33 55 0 81.8008 99.5719
33 56 0 7.9148 9.43984
33 57 0 80.9615 109.221
33 58 0 10.2697 14.2747
33 59 0 80.0722 80.231
33 60 0 17.807 17.8075
34 1 0 20.799 27.5672
34 2 0 72.1364 95.486
34 3 0 7.55927 8.62655
34 4 0 23.8542 32.0569
34 5 0 50.495 50.5543
34 6 0 92.2356 105.602
34 7 0 56.0685 79.1209
34 8 0 98.2706 118.32
34 9 0 31.584 39.0208
34 10 0 29.9272 37.4595
34 11 0 68.6046 74.2686
34 12 0 44.4873 48.7825
34 13 0 54.6279 55.347
34 14 0 75.7145 102.396
34 15 0 6.23504 7.20751
34 16 0 92.434 106.419
34 17 0 13.0586 15.1035
34 18 0 43.7463 59.4027
34 19 0 7.73815 11.0587
34 20 0 48.4336 61.378
34 21 0 59.7076 61.1352
34 22 0 62.8296 87.9564
34 23 0 66.6054 91.0955
34 24 0 11.2275 16.6937
34 25 0 81.6745 93.7549
34 26 0 3.48211 4.579
34 27 0 33.2397 48.0774
34 28 0 77.8875 89.5766
34 29 0 33.0953 39.1241
34 30 0 61.4625 67.5598
34 31 0 78.6794 117.161
34 32 0 3.78931 5.19656
34 33 0 52.2735 53.0833
34 35 1 29.7991 34.1833
34 36 0 54.4185 69.9305
34 37 0 56.0352 79.8001
34 38 0 17.999 25.7305
34 39 0 86.8717 122.669
34 40 0 55.1061 73.9209
34 41 0 8.91076 10.9048
34 42 0 29.8038 34.4449
34 43 0 84.1029 113.408
34 44 0 11.302 15.7523
34 45 0 63.4742 92.2807
34 46 0 64.4687 77.1442
34 47 0 39.0502 54.9658
34 48 0 9.25657 12.9992
34 49 0 18.2298 25.7558
34 50 0 63.1889 77.6692
34 51 0 17.0658 24.2225
34 52 0 4.94236 5.57187
34 53 0 54.6926 71.7053
34 54 0 60.339 70.289
34 55 0 43.5755 57.7508
34 56 0 59.1616 67.9835
34 57 0 55.797 66.0333
34 58 0 0.446996 0.592652
34 59 0 87.9194 115.124
34 60 0 67.1273 74.653
35 1 0 26.2369 31.4684
35 2 0 89.4297 90.5882
35 3 0 4.4074 5.32692
35 4 0 29.2616 40.9433
35 5 0 88.5445 129.788
35 6 0 20.7754 24.0004
35 7 0 52.1099 77.6239
35 8 0 17.74 21.3048
35 9 0 30.0606 36.6685
35 10 0 41.8655 50.8678
35 11 0 14.2895 15.9505
35 12 0 85.5215 102.294
35 13 0 15.0211 18.656
35 14 0 11.3452 16.668
35 15 0 71.6629 106.462
35 16 0 50.2084 57.1846
35 17 0 18.5919 26.2408
35 18 0 73.5192 108.531
35 19 0 10.2605 12.7092
35 20 0 24.909 28.8153
35 21 0 22.833 28.4564
35 22 0 60.8799 74.1271
35 23 0 12.6563 14.4801
35 24 0 26.5856 35.5721
35 25 0 35.6709 47.8352
35 26 0 46.1452 57.1456
35 27 0 0.311168 0.366127
35 28 0 42.191 42.6721
35 29 0 65.051 96.29
35 30 0 66.2063 76.9356
35 31 0 75.1137 85.4093
35 32 0 0.791969 1.12568
35 33 0 41.3937 61.3213
35 34 0 4.71545 5.85623
35 36 1 52.2527 71.1177
35 37 0 44.2069 59.008
35 38 0 1.62084 1.72292
35 39 0 43.8686 60.9693
35 40 0 44.3588 55.3867
35 41 0 34.748 42.2439
35 42 0 17.2429 25.0701
35 43 0 85.2295 95.8348
35 44 0 79.4685 113.774
35 45 0 73.4726 80.5016
35 46 0 42.2865 49.1343
35 47 0 98.9144 100.695
35 48 0 33.211 49.3343
35 49 0 10.6232 10.8317
35 50 0 11.7725 15.5461
35 51 0 9.14331 10.4537
35 52 0 0.458437 0.617602
35 53 0 39.0513 52.3776
35 54 0 25.5727 30.1772
35 55 0 39.2882 42.6963
35 56 0 60.9857 76.7519
35 57 0 97.031 122.103
35 58 0 47.026 55.4594
35 59 0 12.0235 13.2245
35 60 0 71.5798 102.122
36 1 0 46.281 49.6127
36 2 0 8.89746 10.573
36 3 0 42.1975 56.878
36 4 0 59.5018 86.9034
36 5 0 64.9428 69.7751
36 6 0 52.5864 57.4035
36 7 0 9.00484 12.0032
36 8 0 72.988 103.637
36 9 0 17.1631 21.1032
36 10 0 33.1854 33.7188
36 11 0 65.9493 84.0414
36 12 0 20.2685 30.4015
36 13 0 48.0823 68.7942
36 14 0 50.9356 51.9072
36 15 0 25.6972 32.6326
36 16 0 87.3177 88.8656
36 17 0 47.2258 48.9447
36 18 0 90.6818 103.375
36 19 0 60.3549 65.8087
36 20 0 1.53244 1.9069
36 21 0 13.1767 13.7026
36 22 0 0.537829 0.578544
36 23 0 17.2554 17.4271
36 24 0 32.0592 45.8747
36 25 0 19.2606 21.7188
36 26 0 48.3483 64.7992
36 27 0 90.0534 121.502
36 28 0 34.2683 37.3902
36 29 0 71.6068 87.2852
36 30 0 44.1809 47.2191
36 31 0 48.4484 50.8847
36 32 0 17.73 23.2173
36 33 0 96.1844 126.027
36 34 0 48.697 54.0842
36 35 0 42.8293 46.8418
36 37 1 74.1444 91.5449
36 38 0 46.191 65.1147
36 39 0 83.7355 108.136
36 40 0 67.9164 85.472
36 41 0 12.3013 13.3818
36 42 0 22.074 31.3159
36 43 0 9.22217 9.38891
36 44 0 92.256 107.763
36 45 0 26.9017 33.1174
36 46 0 17.3475 21.6174
36 47 0 31.7723 41.9258
36 48 0 26.5753 32.3369
36 49 0 13.4619 17.2998
36 50 0 11.3589 15.6619
36 51 0 24.3827 25.5644
36 52 0 0.267276 0.329004
36 53 0 9.42442 10.6988
36 54 0 85.2003 90.8863
36 55 0 58.7487 77.9118
36 56 0 62.8996 70.1807
36 57 0 55.7462 62.0081
36 58 0 54.1704 69.509
36 59 0 90.705 111.759
36 60 0 83.7219 98.6701
37 1 0 42.2333 52.2879
37 2 0 21.9089 25.9983
37 3 0 61.847 83.6266
37 4 0 36.5751 46.8134
37 5 0 39.5629 48.4106
37 6 0 48.5789 49.2433
37 7 0 29.2808 34.1481
37 8 0 37.8155 50.4922
37 9 0 0.393527 0.452913
37 10 0 61.891 80.316
37 11 0 50.0053 64.5934
37 12 0 88.8093 129.161
37 13 0 87.834 100.766
37 14 0 75.8505 91.7735
37 15 0 52.3915 54.035
37 16 0 75.6516 80.126
37 17 0 37.4977 53.1948
37 18 0 39.7454 51.15
37 19 0 68.5498 84.1414
37 20 0 15.6021 19.7803
37 21 0 12.482 18.2735
37 22 0 2.46748 3.0353
37 23 0 15.9376 16.4072
37 24 0 53.8151 59.7494
37 25 0 78.8786 117.759
37 26 0 24.5503 35.5022
37 27 0 59.1212 69.5837
37 28 0 28.9977 39.4373
37 29 0 63.9953 69.3952
37 30 0 64.6511 71.507
37 31 0 68.639 89.6408
37 32 0 48.602 60.1047
37 33 0 14.0099 16.0362
37 34 0 53.5447 62.68
37 35 0 82.5434 105.663
37 36 0 30.2491 36.2905
37 38 1 97.2421 123.875
37 39 0 92.8453 105.536
37 40 0 13.3236 17.5293
37 41 0 37.606 43.008
37 42 0 27.9519 38.0224
37 43 0 69.8645 92.179
37 44 0 50.6565 61.5369
37 45 0 23.5093 33.971
37 46 0 74.6125 87.6574
37 47 0 98.4144 143.762
37 48 0 87.7746 106.155
37 49 0 20.1724 22.7501
37 50 0 96.1872 122.114
37 51 0 96.2652 99.291
37 52 0 86.8942 98.7682
37 53 0 70.9008 71.9685
37 54 0 6.80414 9.64036
37 55 0 92.1035 97.0354
37 56 0 28.2827 32.5167
37 57 0 61.601 88.5641
37 58 0 62.9664 74.9171
37 59 0 16.0006 22.028
37 60 0 83.2797 90.92
38 1 0 63.031 68.9828
38 2 0 9.48095 9.77258
38 3 0 25.4862 31.2613
38 4 0 25.2518 25.4415
38 5 0 44.1722 63.9899
38 6 0 50.1483 66.4512
38 7 0 57.2531 74.9776
38 8 0 11.8069 17.3708
38 9 0 34.762 45.255
38 10 0 40.12 50.7235
38 11 0 46.8629 60.7168
38 12 0 89.2602 131.681
38 13 0 46.0726 68.9102
38 14 0 38.6422 42.4811
38 15 0 42.3716 47.2579
38 16 0 96.0885 138.848
38 17 0 30.8787 35.0383
38 18 0 71.3197 78.5015
38 19 0 1.40917 1.91799
38 20 0 46.438 46.6903
38 21 0 34.3329 34.8837
38 22 0 71.0876 83.1809
38 23 0 89.8509 110.634
38 24 0 60.0425 70.1866
38 25 0 70.4831 72.9429
38 26 0 72.1202 78.3985
38 27 0 32.9487 35.5955
38 28 0 15.5454 17.3305
38 29 0 48.0899 54.695
38 30 0 85.425 120.659
38 31 0 78.8244 110.576
38 32 0 7.03127 7.82682
38 33 0 83.9426 124.379
38 34 0 19.1569 23.2486
38 35 0 42.6541 47.1703
38 36 0 27.2185 31.3621
38 37 0 2.24247 3.0444
38 39 1 53.2595 76.0778
38 40 0 44.4793 57.1878
38 41 0 14.1795 18.0205
38 42 0 83.2722 92.3297
38 43 0 2.00258 2.97987
38 44 0 35.2073 45.6601
38 45 0 5.34553 5.43892
38 46 0 54.2061 78.2373
38 47 0 12.8489 18.2867
38 48 0 94.5781 114.474
38 49 0 60.858 70.3667
38 50 0 72.3729 79.7032
38 51 0 5.72389 7.61992
38 52 0 81.8605 84.0411
38 53 0 74.6267 89.3174
38 54 0 76.5918 104.645
38 55 0 21.1721 22.8859
38 56 0 57.3307 57.7212
38 57 0 66.688 97.7979
38 58 0 21.4366 28.0238
38 59 0 59.2426 87.4582
38 60 0 90.717 94.1804
39 1 0 24.0359 26.641
39 2 0 29.0065 41.3895
39 3 0 40.2981 46.8672
39 4 0 33.2913 39.324
39 5 0 1.36153 1.87151
39 6 0 50.8265 55.7473
39 7 0 95.7617 123.288
39 8 0 64.6632 74.0785
39 9 0 69.5207 84.1488
39 10 0 71.0303 88.6947
39 11 0 36.7624 44.0721
39 12 0 41.553 56.6977
39 13 0 57.7533 64.3411
39 14 0 10.3387 10.9234
39 15 0 24.4306 27.9866
39 16 0 82.2583 101.226
39 17 0 63.0509 66.6117
39 18 0 41.7705 46.4861
39 19 0 42.4312 51.279
39 20 0 6.49823 9.49555
39 21 0 83.4713 87.5474
39 22 0 99.6449 112.315
39 23 0 69.0276 86.3756
39 24 0 65.2269 73.2543
39 25 0 31.1005 32.0454
39 26 0 14.9352 17.2495
39 27 0 92.6974 128.572
39 28 0 62.1695 92.0579
39 29 0 94.2986 110.096
39 30 0 21.5649 25.0948
39 31 0 28.0663 28.3825
39 32 0 59.4 86.9743
39 33 0 8.71352 10.2935
39 34 0 5.40658 6.04661
39 35 0 79.0541 113.154
39 36 0 35.6568 39.0262
39 37 0 69.1939 78.6096
39 38 0 8.36586 12.2449
39 40 1 54.4102 72.9409
39 41 0 28.6245 42.0906
39 42 0 70.7833 92.1274
39 43 0 75.7929 93.194
39 44 0 19.6025 27.427
39 45 0 10.8803 14.8574
39 46 0 66.2724 69.1734
39 47 0 81.2357 85.7684
39 48 0 26.0339 28.3418
39 49 0 71.4164 83.8048
39 50 0 58.4565 76.1753
39 51 0 41.7425 50.6239
39 52 0 15.8271 17.6805
39 53 0 46.3925 63.9821
39 54 0 50.7999 67.5412
39 55 0 96.5741 119.116
39 56 0 48.1141 71.1161
39 57 0 55.8501 60.6277
39 58 0 64.6611 64.6865
39 59 0 4.93668 5.43614
39 60 0 61.2736 63.5422
40 1 0 96.11 103.881
40 2 0 74.1542 86.0993
40 3 0 96.4491 127.915
40 4 0 55.8819 57.6516
40 5 0 38.9058 55.8508
40 6 0 15.9333 16.3393
40 7 0 78.2817 92.495
40 8 0 81.7504 90.0672
40 9 0 68.3256 95.5304
40 10 0 35.0498 50.5687
40 11 0 51.5545 53.989
40 12 0 45.4498 63.0353
40 13 0 80.0943 97.5192
40 14 0 6.93211 7.63643
40 15 0 51.973 55.3503
40 16 0 2.70439 3.14915
40 17 0 66.0199 93.8966
40 18 0 13.9834 20.2568
40 19 0 55.5787 61.6261
40 20 0 60.8436 81.144
40 21 0 21.4408 30.8355
40 22 0 63.8346 92.2783
40 23 0 89.4544 92.1608
40 24 0 24.0479 26.6613
40 25 0 39.5549 56.3016
40 26 0 98.6558 113.404
40 27 0 48.3672 51.9827
40 28 1 9.62331 10.9561
40 29 0 67.3074 84.6385
40 30 0 68.4028 71.3756
40 31 0 53.3669 58.209
40 32 0 86.2901 97.3436
40 33 0 73.3168 82.0822
40 34 0 6.54378 7.35001
40 35 0 88.6846 122.386
40 36 0 46.17 68.2853
40 37 0 52.6937 53.7931
40 38 0 21.3182 23.5279
40 39 0 96.3094 107.046
40 41 1 7.89635 9.46749
40 42 0 88.5448 99.2187
40 43 0 72.9277 81.9897
40 44 0 35.3179 40.7927
40 45 0 19.6586 25.1032
40 46 0 90.7453 107.496
40 47 0 11.3708 17.0004
40 48 0 51.8506 66.392
40 49 0 53.138 70.7929
40 50 0 98.0384 119.639
40 51 0 46.8033 60.2064
40 52 1 95.3087 100.176
40 53 0 56.4348 69.312
40 54 0 67.1602 95.5372
40 55 0 37.8472 42.8301
40 56 0 88.7515 97.984
40 57 0 43.2846 52.4932
40 58 0 62.2763 62.4776
40 59 0 78.122 106.066
40 60 0 78.1974 101.376
41 1 0 22.7815 32.3608
41 2 0 78.5797 112.104
41 3 0 66.0155 94.8122
41 4 0 19.8601 27.8208
41 5 0 56.8272 65.2298
41 6 0 36.7121 51.5062
41 7 0 13.1229 18.7955
41 8 0 45.5754 64.0513
41 9 0 41.358 44.1422
41 10 0 56.0128 73.6632
41 11 0 85.6553 124.047
41 12 0 32.0245 47.4024
41 13 0 90.7399 103.287
41 14 0 94.9593 134.119
41 15 0 4.26231 5.48579
41 16 0 60.9104 79.996
41 17 0 6.56984 8.31591
41 18 0 27.6101 41.2526
41 19 0 79.6237 104.254
41 20 0 69.3625 93.4295
41 21 0 35.0965 42.1783
41 22 0 60.3139 63.9497
41 23 0 66.2365 73.0044
41 24 0 75.7334 107.525
41 25 0 19.2519 24.966
41 26 0 51.8061 73.3222
41 27 0 99.422 116.572
41 28 0 9.22481 9.87319
41 29 0 36.6975 43.0934
41 30 0 88.2964 107.493
41 31 0 82.4333 112.527
41 32 0 0.0254424 0.0276784
41 33 0 95.0181 119.08
41 34 0 23.3819 31.623
41 35 0 22.935 33.701
41 36 0 12.5243 17.7057
41 37 0 94.9328 127.342
41 38 0 5.51035 5.77147
41 39 0 79.5363 114.775
41 40 0 8.73716 11.3127
41 42 1 90.5141 117.145
41 43 0 53.6117 63.4877
41 44 0 20.6277 22.0167
41 45 0 85.5207 88.5486
41 46 0 90.2475 111.808
41 47 0 67.8524 85.7072
41 48 0 68.5832 73.1651
41 49 0 64.0556 66.8181
41 50 0 72.7522 96.0021
41 51 0 83.5493 108.053
41 52 0 51.8283 71.9687
41 53 0 45.8553 62.3526
41 54 0 35.735 41.8835
41 55 0 81.7251 96.9305
41 56 0 83.6088 101.765
41 57 0 61.324 77.5322
41 58 0 98.2429 134.412
41 59 0 89.2564 116.905
41 60 0 53.5351 58.5263
42 1 0 95.6467 123.126
42 2 0 98.9074 122.338
42 3 0 43.6265 48.6515
42 4 0 98.4602 129.183
42 5 0 0.563169 0.762976
42 6 0 78.2177 104.693
42 7 0 93.9703 97.2618
42 8 0 36.6157 39.4802
42 9 0 34.9593 51.6367
42 10 0 7.90028 10.9788
42 11 0 59.2207 60.2736
42 12 0 5.01341 5.20572
42 13 0 36.294 47.2809
42 14 1 80.0803 105.797
42 15 0 26.6777 35.4828
42 16 0 75.362 90.6492
42 17 0 78.0916 114.138
42 18 0 79.0979 92.1343
42 19 0 86.5968 100.947
42 20 0 63.7385 95.0318
42 21 0 90.1015 129.047
42 22 0 30.8944 44.4031
42 23 0 59.2169 63.5192
42 24 0 91.8925 100.242
42 25 0 70.4601 90.5667
42 26 0 45.4863 59.4032
42 27 0 46.0305 66.3007
42 28 0 61.0651 73.7279
42 29 0 15.8353 18.0783
42 30 0 8.02683 9.19122
42 31 0 8.89462 9.74185
42 32 0 8.11218 10.4578
42 33 0 41.378 54.2232
42 34 0 65.1812 96.9051
42 35 0 57.1507 74.1853
42 36 0 51.0626 59.2678
42 37 0 12.9557 14.5061
42 38 0 70.5598 81.4997
42 39 0 13.7598 19.2426
42 40 0 34.1064 47.9263
42 41 0 21.4713 26.6333
42 43 1 55.2083 58.703
42 44 0 42.8415 60.9012
42 45 0 53.175 61.2382
42 46 0 89.4974 98.2823
42 47 0 31.0435 32.2961
42 48 0 48.0544 70.7548
42 49 0 23.41 25.0539
42 50 0 96.6009 131.207
42 51 0 72.4108 94.4641
42 52 0 35.5973 36.2056
42 53 0 0.0886236 0.123497
42 54 0 5.36245 5.89567
42 55 0 36.5178 38.7946
42 56 0 95.6311 114.105
42 57 0 39.412 54.2775
42 58 0 88.7001 111.108
42 59 0 84.0774 95.0949
42 60 0 72.9824 89.5998
43 1 0 97.5067 141.627
43 2 0 1.13675 1.17184
43 3 0 71.6833 84.7789
43 4 0 25.7916 34.832
43 5 0 31.92 40.6698
43 6 0 67.3498 81.3348
43 7 0 82.2509 102.593
43 8 0 74.2489 90.221
43 9 0 1.8637 2.04172
43 10 0 67.5916 86.8967
43 11 0 26.7163 30.375
43 12 0 71.7165 94.6698
43 13 0 12.1897 14.8819
43 14 0 81.4006 95.777
43 15 0 21.0344 21.8241
43 16 0 48.1228 66.6548
43 17 0 30.6318 32.6746
43 18 0 88.5364 104.42
43 19 0 75.4551 98.5122
43 20 0 98.2686 105.964
43 21 0 23.1372 33.5616
43 22 0 27.8598 36.9977
43 23 0 82.3973 111.532
43 24 0 54.0773 79.2265
43 25 0 42.5884 55.4077
43 26 0 82.4563 91.9601
43 27 0 97.2219 127.597
43 28 0 79.5832 96.5704
43 29 0 0.958811 1.39114
43 30 0 55.6862 77.4098
43 31 0 8.86164 11.0287
43 32 0 40.397 56.1103
43 33 0 0.766077 0.948905
43 34 0 29.9527 32.2804
43 35 0 84.8941 89.345
43 36 0 14.7354 19.3338
43 37 0 79.9766 82.5148
43 38 0 17.3338 22.1829
43 39 0 89.4156 112.029
43 40 0 15.8018 21.5326
43 41 0 84.0672 115.911
43 42 0 25.1313 28.3749
43 44 1 2.51289 3.57236
43 45 0 99.8369 109.427
43 46 0 81.8062 104.732
43 47 0 85.647 98.36
43 48 0 7.114 7.7263
43 49 0 60.9126 70.6469
43 50 0 61.2834 74.7722
43 51 0 37.0967 49.0186
43 52 1 96.5483 101.105
43 53 0 88.0169 101.188
43 54 0 17.9966 18.4558
43 55 0 69.613 79.4357
43 56 0 51.3154 65.1813
43 57 0 86.2966 102.519
43 58 0 56.1466 77.4152
43 59 0 14.3548 17.5653
43 60 0 65.0515 83.6164
44 1 0 12.8431 13.0008
44 2 0 34.6566 39.9173
44 3 0 6.97101 9.5924
44 4 0 55.9372 63.4321
44 5 0 7.62389 10.6117
44 6 0 67.3864 95.2049
44 7 0 18.283 18.4266
44 8 0 88.4988 121.484
44 9 0 72.725 77.2131
44 10 0 25.7069 37.7394
44 11 0 69.5773 93.415
44 12 0 98.6509 143.221
44 13 0 50.6781 73.7443
44 14 0 25.1597 36.7541
44 15 0 15.6378 20.5168
44 16 0 83.9721 95.9522
44 17 0 47.4895 65.7162
44 18 0 41.8269 46.6554
44 19 0 37.6227 55.7816
44 20 0 58.6184 79.0868
44 21 0 53.2161 67.0444
44 22 0 62.4803 77.8171
44 23 0 84.9412 102.466
44 24 0 58.5237 82.5413
44 25 0 53.5771 64.6735
44 26 0 70.7556 105.58
44 27 0 24.7224 29.3552
44 28 0 54.9326 64.23
44 29 0 26.6756 35.2412
44 30 0 96.9864 98.1634
44 31 0 8.84371 12.6008
44 32 0 5.9974 6.54744
44 33 0 81.216 110.588
44 34 0 20.4786 23.7744
44 35 0 76.3576 107.071
44 36 0 80.4355 88.9648
44 37 0 58.042 58.4743
44 38 0 4.15462 4.21509
44 39 0 39.6001 49.5241
44 40 0 5.67344 5.96247
44 41 0 26.5665 37.2961
44 42 0 92.6708 100.398
44 43 0 8.59248 12.7577
44 45 1 49.7722 70.8988
44 46 0 36.577 40.4747
44 47 0 34.8883 50.855
44 48 0 82.4262 104.55
44 49 0 21.8086 24.9018
44 50 0 11.0774 16.1437
44 51 0 57.753 70.0936
44 52 0 42.4601 57.483
44 53 0 49.3607 72.7813
44 54 0 77.4548 78.0837
44 55 0 77.9138 87.1379
44 56 0 74.5843 106.458
44 57 0 29.8694 37.4851
44 58 0 58.5058 87.6773
44 59 0 11.3956 13.0196
44 60 0 96.5616 132.273
45 1 0 61.7465 76.3502
45 2 0 89.3682 109.981
45 3 0 18.2977 26.219
45 4 0 12.19 17.7011
45 5 0 13.8726 16.3181
45 6 0 19.0477 22.9808
45 7 0 50.6454 53.9259
45 8 0 36.2347 37.4671
45 9 0 36.5385 48.1665
45 10 0 77.8442 102.408
45 11 0 37.8005 39.834
45 12 0 3.40336 3.79298
45 13 0 0.251603 0.27045
45 14 0 87.3773 102.76
45 15 0 10.5613 12.4789
45 16 0 5.95047 8.41051
45 17 0 14.2958 14.4747
45 18 0 9.57811 13.3049
45 19 0 5.73872 7.2805
45 20 0 50.7167 66.3837
45 21 0 62.8058 66.0138
45 22 0 73.5955 91.6339
45 23 0 12.4416 16.0623
45 24 0 21.4601 31.2885
45 25 0 79.3754 94.0895
45 26 0 97.8308 131.728
45 27 0 17.8151 20.4031
45 28 0 72.4226 78.7176
45 29 0 85.8153 91.1236
45 30 0 12.7807 18.8858
45 31 0 95.5864 103.397
45 32 0 56.6173 65.9869
45 33 0 33.1656 34.5994
45 34 1 38.9199 56.4244
45 35 0 43.0127 55.5789
45 36 0 26.0077 29.2359
45 37 0 28.6922 41.0845
45 38 0 5.61868 6.60431
45 39 0 79.305 81.6003
45 40 0 16.2882 23.1742
45 41 0 2.09536 2.75375
45 42 0 69.3469 78.0168
45 43 0 36.2913 43.1376
45 44 0 26.898 35.0355
45 46 1 80.637 85.8518
45 47 0 20.7067 21.5253
45 48 0 52.61 69.1867
45 49 0 79.3312 111.107
45 50 0 22.1838 23.6133
45 51 0 47.8542 49.4979
45 52 0 11.4401 14.8643
45 53 0 98.1884 140.441
45 54 0 56.548 80.1992
45 55 0 74.2377 103.067
45 56 0 16.6448 19.4487
45 57 0 17.736 17.8361
45 58 0 2.79516 3.35066
45 59 0 88.1407 103.338
45 60 0 99.2427 99.7933
46 1 0 9.59178 13.9382
46 2 0 50.0809 56.8346
46 3 0 98.9245 141.301
46 4 0 37.3523 41.2005
46 5 0 66.2684 80.2429
46 6 0 98.3212 102.637
46 7 0 31.6252 35.665
46 8 0 12.6941 14.4986
46 9 0 30.3861 43.8203
46 10 0 61.3744 70.7465
46 11 0 66.3116 91.5327
46 12 0 59.7992 81.8245
46 13 0 73.9048 101.538
46 14 0 15.4283 18.4559
46 15 0 23.2811 32.6166
46 16 0 13.5749 15.8257
46 17 0 59.189 81.4917
46 18 0 9.05667 9.08534
46 19 0 80.6933 91.8704
46 20 0 24.2943 35.9881
46 21 0 89.5623 126.366
46 22 0 60.1498 62.4505
46 23 0 90.0543 110.75
46 24 0 37.8726 39.9224
46 25 0 49.5676 68.9305
46 26 0 52.7905 56.3362
46 27 0 92.3325 108.128
46 28 0 29.5401 39.8851
46 29 0 84.7548 121.509
46 30 0 49.3562 56.5087
46 31 0 63.4649 89.4256
46 32 0 20.211 25.2717
46 33 0 43.5889 65.2211
46 34 0 82.4699 118.104
46 35 0 3.31116 4.86123
46 36 0 20.219 30.1741
46 37 0 46.4083 69.3669
46 38 0 21.9469 31.4363
46 39 0 77.0832 82.7716
46 40 0 74.1324 110.211
46 41 0 42.1169 43.7209
46 42 0 84.6312 116.034
46 43 0 10.7984 12.0964
46 44 0 80.0793 90.1556
46 45 0 31.0452 44.7699
46 47 1 55.7223 78.8871
46 48 0 85.9578 97.2001
46 49 0 37.6081 38.1446
46 50 0 48.0254 56.6319
46 51 0 87.9527 128.913
46 52 0 92.9641 118.264
46 53 0 66.5369 80.3531
46 54 0 17.629 23.3851
46 55 0 78.1845 87.1774
46 56 0 1.69097 2.2472
46 57 0 47.5254 58.554
46 58 0 66.6235 88.6685
46 59 0 47.1761 61.6029
46 60 0 76.3824 110.243
47 1 0 72.666 90.4033
47 2 0 97.3165 133.396
47 3 0 44.569 47.5266
47 4 0 33.3191 45.433
47 5 0 70.4899 104.304
47 6 0 54.1276 62.476
47 7 0 78.6828 112.051
47 8 0 54.3342 59.6954
47 9 0 22.0398 24.3305
47 10 0 94.34 113.961
47 11 0 99.5165 138.998
47 12 0 91.409 135.079
47 13 0 45.6148 66.1982
47 14 0 11.0474 13.1316
47 15 0 24.591 31.6888
47 16 0 75.942 113.295
47 17 0 59.5222 62.6461
47 18 0 24.293 30.4207
47 19 0 76.7512 89.7158
47 20 0 57.4271 85.7765
47 21 0 62.2107 77.605
47 22 0 77.368 100.532
47 23 0 94.0799 133.155
47 24 0 57.096 82.1651
47 25 0 0.85221 0.936157
47 26 0 95.1673 96.024
47 27 0 62.7048 64.4701
47 28 0 20.4407 25.4607
47 29 0 85.9721 108.522
47 30 0 22.6265 32.1757
47 31 0 23.353 23.7347
47 32 0 31.3037 37.2875
47 33 0 74.2619 79.1569
47 34 0 89.4563 126.126
47 35 0 40.4323 59.1696
47 36 0 83.5406 105.25
47 37 0 97.0634 137.502
47 38 0 12.6425 13.6886
47 39 0 73.0804 103.879
47 40 0 47.3881 48.9471
47 41 0 0.800828 0.8663
47 42 0 90.7285 130.588
47 43 0 83.2292 105.391
47 44 0 72.814 74.8476
47 45 0 51.3314 75.4481
47 46 0 54.4694 63.0888
47 48 1 73.1513 107.006
47 49 0 62.9259 71.5876
47 50 0 67.3331 96.0721
47 51 0 58.6304 67.8974
47 52 0 79.389 97.8167
47 53 0 22.8968 27.2409
47 54 0 21.4781 28.4031
47 55 0 66.7343 97.5043
47 56 0 4.87006 5.93948
47 57 0 45.0935 58.3099
47 58 0 33.3189 44.3566
47 59 0 82.6113 99.8046
47 60 0 0.23579 0.304426
48 1 0 79.0113 93.9822
48 2 0 39.1552 56.8313
48 3 0 96.4879 105.968
48 4 0 73.9256 89.8012
48 5 0 74.1602 79.4092
48 6 0 61.0882 86.395
48 7 0 23.0908 27.9896
48 8 0 82.1399 121.37
48 9 0 59.2163 76.2549
48 10 0 51.0287 55.8472
48 11 0 95.6379 113.36
48 12 0 41.2841 47.39
48 13 0 98.1648 104.692
48 14 0 84.5006 87.3579
48 15 0 3.6075 4.24093
48 16 0 56.4099 74.2337
48 17 0 37.3319 47.8029
48 18 0 24.535 30.9519
48 19 0 29.5498 43.4167
48 20 0 20.0653 21.6466
48 21 0 24.5486 26.9463
48 22 0 84.3184 122.942
48 23 0 43.5436 47.3536
48 24 0 3.93789 5.15229
48 25 0 45.7038 64.429
48 26 0 81.7694 107.363
48 27 0 29.9745 30.956
48 28 0 38.5126 55.5419
48 29 0 61.8874 79.6199
48 30 0 21.3798 21.4459
48 31 0 81.6258 107.496
48 32 0 40.831 57.5965
48 33 0 81.8185 106.714
48 34 0 8.91407 10.1813
48 35 0 74.7386 75.0556
48 36 0 8.83093 10.7544
48 37 0 23.1484 25.7248
48 38 0 85.4602 120.346
48 39 0 50.3151 56.0001
48 40 0 37.4385 47.4743
48 41 0 22.3171 29.6465
48 42 0 18.0659 18.9753
48 43 0 89.3351 131.111
48 44 0 51.1094 61.8743
48 45 0 53.3707 73.9234
48 46 0 86.2833 117.852
48 47 0 34.1556 36.584
48 49 1 84.1644 119.635
48 50 0 59.1553 76.324
48 51 0 43.0786 46.0665
48 52 0 18.8469 25.7002
48 53 0 76.665 113.067
48 54 0 87.384 95.7278
48 55 0 27.0254 29.2729
48 56 0 62.7402 92.1995
48 57 0 10.1687 10.1859
48 58 0 91.5617 118.825
48 59 0 42.2681 63.2725
48 60 0 9.42675 13.3562
49 1 0 79.1253 96.5962
49 2 0 19.6979 21.6835
49 3 0 35.447 51.7954
49 4 0 1.38559 1.6186
49 5 0 49.0641 53.7197
49 6 0 26.7257 32.1936
49 7 0 27.8468 38.4084
49 8 0 99.3989 146.271
49 9 0 58.6161 62.6712
49 10 0 61.6415 62.3354
49 11 0 3.872 4.68038
49 12 0 23.1415 28.0456
49 13 0 87.5715 92.6913
49 14 0 86.414 121.053
49 15 0 41.407 56.0404
49 16 0 44.3606 63.3366
49 17 0 39.7061 54.369
49 18 0 78.8305 94.2054
49 19 0 5.62332 5.85311
49 20 0 27.7202 30.0565
49 21 0 97.1082 144.914
49 22 0 97.3484 123.572
49 23 0 24.7462 28.9455
49 24 0 93.9916 132.5
49 25 0 28.5062 41.0451
49 26 0 45.8368 47.417
49 27 0 36.5272 49.8085
49 28 0 85.3945 115.483
49 29 0 32.5861 44.9739
49 30 0 16.3419 19.5097
49 31 0 13.8327 18.279
49 32 0 2.16287 2.82151
49 33 0 25.7607 35.5775
49 34 0 5.82048 5.9934
49 35 0 0.458489 0.558518
49 36 0 69.9827 77.8277
49 37 0 20.2429 28.8452
49 38 0 11.1373 14.4386
49 39 0 69.1084 102.838
49 40 0 37.2292 42.4055
49 41 0 31.5209 36.38
49 42 0 14.7339 21.2999
49 43 0 53.6306 53.8377
49 44 0 93.0819 132.216
49 45 0 59.3827 68.8994
49 46 0 5.67786 6.47367
49 47 0 70.8261 87.5199
49 48 0 73.2183 88.3478
49 50 1 74.4432 97.1447
49 51 0 60.3573 75.382
49 52 0 46.3179 46.5553
49 53 0 92.6954 123.743
49 54 0 66.5108 69.8543
49 55 0 88.7283 92.6192
49 56 0 16.388 23.173
49 57 0 33.3405 47.6631
49 58 0 20.9493 23.722
49 59 0 11.8188 16.4679
49 60 0 37.8279 38.5377
50 1 0 13.463 17.5024
50 2 0 94.5246 109.17
50 3 0 76.931 109.44
50 4 0 57.2286 76.3785
50 5 0 35.0929 50.2329
50 6 0 79.7418 103.769
50 7 0 72.7495 94.1934
50 8 0 49.7697 71.733
50 9 0 59.9809 72.0893
50 10 0 79.5 104.483
50 11 0 11.7019 12.9936
50 12 0 95.7143 122.157
50 13 0 34.8885 45.953
50 14 0 9.56219 14.0471
50 15 0 10.4015 14.901
50 16 0 56.7565 61.0949
50 17 0 99.2985 132.517
50 18 0 8.9778 10.3758
50 19 0 16.0301 17.5445
50 20 0 99.2902 140.119
50 21 0 76.5372 96.0316
50 22 0 70.3932 87.6851
50 23 0 13.9145 14.639
50 24 0 62.4106 92.714
50 25 0 4.41099 6.26001
50 26 0 64.7417 80.2739
50 27 0 21.234 21.9644
50 28 0 35.7884 39.789
50 29 0 77.7329 104.035
50 30 0 79.0486 98.5361
50 31 0 35.462 35.6099
50 32 0 31.9941 36.2961
50 33 0 70.8774 105.732
50 34 0 70.1558 103.916
50 35 0 3.30503 3.62242
50 36 0 11.5018 12.1726
50 37 0 6.6582 7.37642
50 38 0 60.175 74.7411
50 39 0 62.2307 66.6147
50 40 0 34.1562 38.9823
50 41 0 37.0264 50.0608
50 42 0 44.9299 47.4335
50 43 0 56.4481 75.3644
50 44 0 4.41343 5.9709
50 45 0 12.354 13.2499
50 46 0 33.697 36.8817
50 47 0 13.1603 15.7143
50 48 0 8.67271 10.4197
50 49 0 45.1201 57.4773
50 51 1 22.5495 33.6463
50 52 0 89.8064 101.303
50 53 0 67.1684 94.165
50 54 0 88.9253 101.153
50 55 0 95.2698 133.597
50 56 0 17.8543 26.3592
50 57 0 61.2668 66.506
50 58 0 63.1411 65.9499
50 59 0 9.99257 11.0936
50 60 0 23.5808 34.0809
51 1 0 86.5648 128.319
51 2 0 71.2272 91.4802
51 3 0 47.5643 64.8034
51 4 0 42.4171 60.6591
51 5 0 74.5782 76.782
51 6 0 73.1447 101.88
51 7 0 68.9505 93.3963
51 8 0 68.0574 95.2405
51 9 0 98.7338 122.966
51 10 0 11.2203 14.1788
51 11 0 33.8511 39.8492
51 12 0 21.738 24.9282
51 13 0 45.1736 63.9251
51 14 0 24.7041 34.2164
51 15 0 36.1626 45.3906
51 16 0 85.2557 127.398
51 17 0 84.0643 91.1863
51 18 0 60.7105 89.4881
51 19 0 35.2237 51.94
51 20 0 60.5664 71.1653
51 21 0 61.546 82.9564
51 22 0 21.5978 32.2244
51 23 0 48.6905 53.0977
51 24 0 40.1406 51.6074
51 25 0 70.3494 82.5024
51 26 0 30.7053 37.8201
51 27 0 79.877 106.538
51 28 0 53.4804 57.9508
51 29 0 25.8374 26.0187
51 30 0 99.7662 149.545
51 31 0 79.6176 116.98
51 32 0 82.6434 96.6561
51 33 0 24.5351 26.1393
51 34 0 0.194 0.284406
51 35 0 74.2272 80.8691
51 36 0 51.8314 51.8428
51 37 0 59.3618 70.3434
51 38 0 93.0331 132.605
51 39 0 1.04043 1.21903
51 40 0 38.4151 55.0638
51 41 0 17.9873 19.3283
51 42 0 31.6496 47.1816
51 43 0 74.0375 89.7743
51 44 0 42.5282 55.2674
51 45 0 43.6466 53.1471
51 46 0 47.0043 49.9825
51 47 0 45.5952 51.6111
51 48 0 41.0127 41.0941
51 49 0 1.1207 1.16476
51 50 0 42.1388 52.3072
51 52 1 61.0747 71.4754
51 53 0 93.9905 137.266
51 54 0 90.7379 91.6133
51 55 0 46.3344 57.1331
51 56 0 2.80411 3.98072
51 57 0 8.57457 10.8325
51 58 0 29.2274 34.9845
51 59 0 88.4195 132.509
51 60 0 19.1284 20.1522
52 1 0 98.4022 128.084
52 2 0 33.6759 46.9099
52 3 0 75.2483 109.6
52 4 0 25.5818 30.1945
52 5 0 6.81464 8.84037
52 6 0 45.2823 58.2386
52 7 0 86.5428 124.956
52 8 0 39.3779 45.4484
52 9 0 26.1236 32.6366
52 10 0 21.3014 31.2618
52 11 0 76.4843 104.847
52 12 0 90.1125 130.797
52 13 0 42.8319 43.3131
52 14 0 12.8273 19.1113
52 15 0 49.975 57.2689
52 16 0 35.6877 47.7648
52 17 0 3.80327 4.70244
52 18 0 8.00997 9.23976
52 19 0 12.2459 13.4875
52 20 0 33.7106 40.4184
52 21 0 2.48647 2.57015
52 22 0 24.1355 25.5212
52 23 0 6.16638 9.20455
52 24 0 92.2198 108.407
52 25 0 3.09315 4.49079
52 26 0 34.9732 41.901
52 27 0 46.2957 64.6425
52 28 0 16.0407 21.7794
52 29 0 59.8367 83.5851
52 30 0 66.1426 81.0119
52 31 0 63.6865 68.2109
52 32 0 5.23198 5.96937
52 33 0 12.6921 18.7041
52 34 0 80.1362 108.546
52 35 0 91.2336 120.424
52 36 0 16.0966 20.8504
52 37 0 34.5748 50.5014
52 38 0 74.2995 105.185
52 39 0 98.4558 146.987
52 40 0 71.6489 77.4012
52 41 0 12.6591 14.5802
52 42 0 65.1603 70.8053
52 43 0 87.4061 116.554
52 44 0 96.3608 106.083
52 45 0 59.1958 64.1651
52 46 0 67.2128 67.3972
52 47 0 22.0258 28.3263
52 48 0 94.4614 141.106
52 49 0 46.7897 55.258
52 50 0 52.3552 69.7905
52 51 0 71.3374 79.6812
52 53 1 38.8131 54.7764
52 54 0 35.9686 45.777
52 55 0 89.0438 102.491
52 56 0 88.7442 103.355
52 57 0 67.4428 99.5257
52 58 0 26.3867 27.0535
52 59 0 24.8972 27.3403
52 60 0 80.4275 104.377
53 1 0 49.8165 62.6462
53 2 0 48.2922 52.7919
53 3 0 76.9037 99.5818
53 4 0 17.8371 18.5596
53 5 0 32.6881 34.2102
53 6 1 59.2631 84.0764
53 7 0 94.5693 96.3076
53 8 0 45.5848 66.1472
53 9 0 43.8467 45.9263
53 10 0 25.2499 27.7462
53 11 0 21.8853 28.2921
53 12 0 25.4399 37.857
53 13 0 64.8843 84.6422
53 14 0 96.3673 110.156
53 15 0 85.3112 87.6234
53 16 0 45.3946 58.4262
53 17 0 75.3296 81.2232
53 18 0 98.2238 106.712
53 19 0 55.4774 68.4469
53 20 0 87.226 115.626
53 21 0 48.0255 57.8038
53 22 0 20.4676 27.12
53 23 0 47.636 58.6294
53 24 0 13.8 19.375
53 25 0 29.9575 30.8047
53 26 0 59.1446 60.3821
53 27 0 71.3444 106.981
53 28 0 64.8532 93.4059
53 29 0 92.3056 125.044
53 30 0 66.1292 80.1007
53 31 0 79.0041 94.8169
53 32 0 68.5415 77.2982
53 33 0 77.1024 97.6854
53 34 0 72.453 103.338
53 35 0 59.5499 78.7596
53 36 0 97.9545 142.358
53 37 0 17.8741 20.3162
53 38 0 47.987 61.9089
53 39 0 69.1716 79.2291
53 40 0 25.1396 36.5008
53 41 0 25.5782 33.98
53 42 0 77.6549 114.326
53 43 0 21.9211 27.3103
53 44 0 10.8958 13.241
53 45 0 31.5499 32.9556
53 46 0 16.7532 17.6292
53 47 0 55.6287 60.3249
53 48 0 9.45434 10.626
53 49 0 63.0871 75.9572
53 50 0 22.0196 32.0335
53 51 0 13.391 19.3233
53 52 0 67.1834 73.4924
53 54 1 31.104 37.5916
53 55 0 52.0295 67.8115
53 56 0 54.2613 57.0845
53 57 0 59.5958 86.7503
53 58 0 59.3409 61.4639
53 59 0 60.1312 79.1825
53 60 0 5.25444 7.07817
54 1 0 33.6982 44.2619
54 2 0 4.23239 5.32528
54 3 0 11.2646 14.0575
54 4 0 26.122 35.1458
54 5 0 46.2592 64.7587
54 6 0 64.5488 88.9673
54 7 0 32.4655 41.6828
54 8 0 24.0908 34.3721
54 9 0 48.1418 69.3951
54 10 0 51.9479 67.242
54 11 0 73.6678 98.7491
54 12 0 27.6587 35.5586
54 13 0 3.64934 4.80862
54 14 0 94.051 120.933
54 15 0 79.8089 87.707
54 16 0 60.7933 72.9553
54 17 0 66.6039 89.4232
54 18 0 9.89792 10.3559
54 19 1 15.1665 21.2362
54 20 0 19.9625 21.8862
54 21 0 36.12 37.3733
54 22 0 55.4392 67.9549
54 23 0 35.1285 43.1135
54 24 0 47.0746 53.3789
54 25 0 97.9504 113.901
54 26 0 41.8728 42.8899
54 27 0 23.9293 27.9465
54 28 0 9.12703 12.9126
54 29 0 87.883 115.546
54 30 0 11.851 15.0474
54 31 0 73.77 75.7493
54 32 0 62.0995 84.9433
54 33 0 85.1818 123.719
54 34 0 99.0607 116.983
54 35 0 65.3564 91.173
54 36 0 36.2779 45.9756
54 37 0 49.1172 53.7706
54 38 0 12.7367 16.2881
54 39 0 52.7967 77.1721
54 40 0 52.2795 56.4458
54 41 0 25.2194 25.3406
54 42 0 5.74837 7.00258
54 43 0 12.7797 14.5779
54 44 0 60.4168 77.8067
54 45 0 4.73487 5.23733
54 46 0 18.1239 18.308
54 47 0 33.7692 50.2881
54 48 0 23.2766 24.2701
54 49 0 76.5015 103.624
54 50 0 77.5697 100.224
54 51 0 86.6977 90.5055
54 52 0 78.8999 110.781
54 53 0 67.5484 77.608
54 55 1 62.3964 87.6094
54 56 0 7.0561 7.43176
54 57 0 60.33 82.7705
54 58 0 93.2424 124.526
54 59 0 82.5773 123.184
54 60 0 63.6822 84.4287
55 1 0 36.2556 42.4782
55 2 0 48.334 52.153
55 3 0 49.3878 51.1215
55 4 0 61.6994 64.2987
55 5 0 27.9353 32.9849
55 6 0 96.6334 125.871
55 7 0 88.0269 124.783
55 8 0 65.8786 97.186
55 9 0 11.1109 15.9552
55 10 0 21.3454 25.6174
55 11 0 53.54 63.1684
55 12 0 82.4924 120.544
55 13 0 41.9306 54.6855
55 14 0 44.4206 50.4429
55 15 0 34.5413 34.7836
55 16 0 11.6298 13.4171
55 17 0 51.4595 66.3877
55 18 0 41.7263 59.9281
55 19 0 96.0593 143.354
55 20 0 63.169 80.9327
55 21 0 27.5487 34.6605
55 22 0 89.8116 123.841
55 23 0 81.6108 89.0418
55 24 0 13.2621 19.2557
55 25 0 8.71703 11.4137
55 26 0 25.4315 32.1056
55 27 0 86.6786 88.8166
55 28 0 17.5101 22.7748
55 29 0 86.219 114.915
55 30 0 26.1581 29.3001
55 31 0 2.71471 3.53731
55 32 0 34.8113 36.9115
55 33 0 87.3173 106.416
55 34 0 0.606218 0.612332
55 35 0 1.34478 1.81269
55 36 0 11.7613 13.932
55 37 0 41.8678 62.7098
55 38 0 61.2815 75.1608
55 39 0 5.46735 7.20446
55 40 0 91.8002 116.687
55 41 0 8.46326 8.54938
55 42 0 2.37417 3.14864
55 43 0 71.5906 83.896
55 44 0 88.081 103.123
55 45 0 7.69004 10.3239
55 46 0 75.8286 112.574
55 47 0 28.4475 37.0858
55 48 0 69.7253 90.6648
55 49 0 73.9142 90.3285
55 50 0 52.4725 55.798
55 51 0 71.2894 86.6297
55 52 1 34.392 44.6804
55 53 0 1.70448 2.32439
55 54 0 51.4651 61.3822
55 56 1 42.5821 47.2351
55 57 0 51.1479 60.361
55 58 0 81.7071 97.4535
55 59 0 46.4933 60.7616
55 60 0 69.149 77.5986
56 1 0 22.8866 32.5669
56 2 0 97.3813 108.249
56 3 0 69.9611 100.275
56 4 0 65.0555 66.7974
56 5 0 26.2383 27.6614
56 6 0 88.7072 121.554
56 7 0 76.7359 93.5574
56 8 0 96.075 111.608
56 9 0 58.4474 87.4641
56 10 0 11.3623 13.4805
56 11 0 23.1244 33.5211
56 12 0 87.4575 122.625
56 13 0 47.1537 66.8188
56 14 0 81.8829 115.269
56 15 0 17.1207 23.2115
56 16 0 39.4717 42.7201
56 17 0 49.8099 57.9359
56 18 0 21.6253 27.3489
56 19 0 80.1395 98.6762
56 20 0 92.8846 135.534
56 21 0 48.4665 53.8612
56 22 0 36.2688 36.6815
56 23 0 55.2573 70.177
56 24 0 4.11217 5.63947
56 25 0 77.6075 103.646
56 26 0 98.8267 145.577
56 27 0 97.6119 100.954
56 28 0 44.0597 45.8947
56 29 0 47.5198 48.2498
56 30 0 45.2417 53.8385
56 31 1 66.3515 92.5087
56 32 0 32.1801 38.1134
56 33 0 81.9835 96.071
56 34 0 56.5203 67.9743
56 35 0 37.2489 40.9488
56 36 0 77.1735 86.63
56 37 0 99.9134 121.408
56 38 0 12.1179 14.414
56 39 0 42.7623 60.5015
56 40 1 86.0644 103.531
56 41 0 73.191 103.757
56 42 0 25.7548 37.8005
56 43 0 60.9415 73.1726
56 44 0 51.3706 62.9305
56 45 0 85.2036 122.205
56 46 0 26.6865 33.7532
56 47 0 12.9652 19.0825
56 48 0 13.2387 14.308
56 49 0 3.64231 4.98576
56 50 0 42.161 54.7566
56 51 0 46.8214 55.754
56 52 0 57.5475 73.4384
56 53 0 21.6926 25.1991
56 54 0 70.3462 85.7611
56 55 0 63.9045 95.5466
56 57 1 88.742 128.887
56 58 0 44.1899 44.4993
56 59 0 86.8128 121.749
56 60 0 31.8702 45.9695
57 1 0 85.3412 110.041
57 2 0 71.7685 75.7552
57 3 0 98.0451 119.862
57 4 0 20.3626 20.6962
57 5 0 90.0516 94.6365
57 6 0 22.4575 31.9888
57 7 0 5.27597 7.54969
57 8 0 5.84213 7.14446
57 9 0 72.0006 82.3391
57 10 0 20.0638 27.9828
57 11 0 16.0654 22.9722
57 12 0 36.9899 41.4646
57 13 0 87.0988 130.029
57 14 0 54.0896 74.3843
57 15 0 55.6638 59.0309
57 16 0 37.6119 49.5123
57 17 0 88.971 94.8274
57 18 0 10.551 13.216
57 19 0 33.5662 37.1515
57 20 0 13.4024 14.8792
57 21 0 16.2317 16.4276
57 22 0 37.9265 52.4306
57 23 0 99.8222 122.367
57 24 0 81.6574 94.3732
57 25 0 28.8345 34.6363
57 26 0 32.911 41.1343
57 27 0 53.0077 60.1018
57 28 0 48.1485 58.1849
57 29 0 70.0933 104.948
57 30 0 83.952 112.757
57 31 0 25.9304 27.9069
57 32 0 42.423 62.713
57 33 0 24.8719 29.9532
57 34 0 31.4079 34.9756
57 35 0 94.7674 136.162
57 36 0 79.5108 87.4846
57 37 0 8.13159 8.22445
57 38 0 0.672105 0.948714
57 39 0 9.78055 10.3356
57 40 0 98.3253 132.46
57 41 0 11.2469 15.9776
57 42 0 49.8863 65.6786
57 43 0 54.3744 64.926
57 44 0 42.5656 62.8373
57 45 0 10.7069 15.3012
57 46 0 96.7398 111.176
57 47 0 52.1633 77.4752
57 48 0 55.4385 64.0423
57 49 0 71.5015 98.3723
57 50 0 70.0523 71.3063
57 51 0 91.4737 119.687
57 52 0 67.7126 68.3058
57 53 0 0.671467 0.804259
57 54 0 44.9842 48.5809
57 55 0 43.3434 51.0282
57 56 0 25.6543 34.7421
57 58 1 79.9806 113.67
57 59 0 9.08537 12.2736
57 60 0 97.7893 131.595
58 1 0 39.3763 47.1546
58 2 0 22.5865 33.5612
58 3 0 50.4922 60.4447
58 4 0 66.6407 79.4972
58 5 0 19.1288 23.9536
58 6 0 34.3867 49.4318
58 7 0 30.2281 34.3239
58 8 0 12.0899 14.6515
58 9 0 71.1468 97.3676
58 10 0 99.2548 136.442
58 11 0 81.1308 83.569
58 12 0 98.3068 98.987
58 13 0 57.2915 78.7208
58 14 0 62.1759 68.4981
58 15 0 5.64932 5.67745
58 16 0 13.3777 15.2396
58 17 0 99.9732 100.138
58 18 0 82.3649 111.743
58 19 0 69.2371 70.8301
58 20 0 79.4048 117.253
58 21 0 98.3746 126.829
58 22 0 43.3219 55.6298
58 23 0 22.2368 25.8451
58 24 0 73.0464 94.5275
58 25 0 38.6824 46.7889
58 26 0 65.7746 80.1432
58 27 0 80.9126 118.925
58 28 0 23.8464 30.4449
58 29 0 14.4186 14.4347
58 30 0 42.2885 63.2164
58 31 0 31.8031 45.9113
58 32 0 21.8035 23.0703
58 33 0 98.125 101.255
58 34 0 86.6801 104.044
58 35 0 44.4004 53.0675
58 36 0 50.8254 61.4221
58 37 0 91.5917 131.267
58 38 0 75.0152 105.988
58 39 0 70.1744 104.617
58 40 0 17.268 18.254
58 41 0 48.856 58.5714
58 42 0 5.09142 5.67103
58 43 0 93.6064 106.008
58 44 0 57.4436 72.2924
58 45 0 6.76757 8.64864
58 46 0 41.8445 59.8311
58 47 0 0.933549 1.25841
58 48 0 33.3879 34.3409
58 49 0 90.1572 109.977
58 50 0 11.983 16.422
58 51 0 53.8097 62.7829
58 52 0 29.9453 34.9576
58 53 0 85.1463 97.9343
58 54 0 15.9926 20.9691
58 55 0 52.0864 67.0515
58 56 0 38.4219 44.5416
58 57 0 3.43063 4.19388
58 59 1 33.4455 39.3735
58 60 0 78.2204 90.3441
59 1 0 39.4112 48.7969
59 2 0 54.3509 68.6305
59 3 0 91.1081 126.058
59 4 0 20.641 28.5556
59 5 0 71.6052 93.5005
59 6 0 95.7192 102.842
59 7 0 64.8519 88.8677
59 8 0 43.5964 61.6273
59 9 0 36.2647 38.8817
59 10 0 87.6947 100.742
59 11 0 50.0776 57.5147
59 12 0 89.5374 96.8963
59 13 0 62.1699 89.0395
59 14 0 42.6069 56.9608
59 15 0 46.0772 63.5008
59 16 0 88.2631 106.73
59 17 0 43.6017 57.3003
59 18 0 39.5505 58.0081
59 19 0 95.902 120.637
59 20 0 72.9187 81.3738
59 21 0 33.2364 47.8786
59 22 0 48.227 58.2219
59 23 0 16.7624 24.7429
59 24 0 99.3806 143.917
59 25 0 68.996 98.797
59 26 0 50.2691 56.7437
59 27 0 88.8168 114.459
59 28 0 84.3723 85.1474
59 29 0 11.2523 15.7832
59 30 0 54.4589 68.5559
59 31 0 24.4185 35.4074
59 32 0 83.9342 101.349
59 33 0 57.5783 76.9067
59 34 0 13.7726 16.7275
59 35 0 82.7989 101.531
59 36 0 63.9002 73.2874
59 37 0 44.032 58.6671
59 38 0 24.9649 34.1967
59 39 0 21.5722 24.4733
59 40 0 60.0018 68.6281
59 41 0 13.1933 19.5769
59 42 0 10.7193 15.3807
59 43 0 18.1424 21.1899
59 44 0 90.7025 130.175
59 45 0 1.33635 1.87336
59 46 0 0.474696 0.642712
59 47 0 62.6532 72.3001
59 48 0 21.8943 27.4351
59 49 0 92.8039 114.425
59 50 0 36.5361 42.999
59 51 0 19.9121 28.0752
59 52 0 55.5752 71.6072
59 53 0 19.2016 25.0201
59 54 0 77.803 107.357
59 55 0 53.8345 74.2974
59 56 0 35.5963 49.9054
59 57 0 18.4672 23.5129
59 58 0 56.3715 69.3159
59 60 1 40.4051 57.4952
60 1 1 30.4032 44.2974
60 2 0 53.7361 56.4008
60 3 0 39.873 42.8678
60 4 0 79.9182 109.566
60 5 0 51.2403 69.4039
60 6 0 88.4069 98.6195
60 7 0 54.2844 56.8083
60 8 0 17.5007 21.2615
60 9 0 91.6442 99.7643
60 10 0 0.209345 0.253048
60 11 0 11.836 13.6715
60 12 0 18.0673 18.382
60 13 0 25.4226 33.5995
60 14 0 76.5484 93.3185
60 15 0 76.0243 102.013
60 16 0 10.4483 10.976
60 17 0 55.1732 71.8076
60 18 0 40.4727 51.2523
60 19 0 35.0698 46.5156
60 20 0 45.8197 66.5144
60 21 0 77.9492 84.5453
60 22 0 4.74567 6.36378
60 23 0 74.8543 110.751
60 24 0 37.8737 52.3699
60 25 0 42.0623 47.9095
60 26 0 44.9533 54.7527
60 27 0 21.3837 23.7405
60 28 0 67.6133 72.1789
60 29 0 58.5732 71.672
60 30 0 64.1974 93.013
60 31 0 26.9128 36.2499
60 32 0 34.0579 37.9731
60 33 0 43.9349 54.9601
60 34 0 0.619361 0.798367
60 35 0 74.3473 83.4898
60 36 0 17.3301 18.8562
60 37 0 96.7296 97.7891
60 38 0 87.1505 87.1737
60 39 0 41.9408 42.8731
60 40 0 49.6341 53.2974
60 41 0 13.351 14.9049
60 42 0 20.2724 25.3911
60 43 0 9.60409 10.3269
60 44 0 60.4888 66.0528
60 45 0 52.1283 60.7182
60 46 0 38.2069 50.3915
60 47 0 67.7009 75.8653
60 48 0 15.9538 23.5984
60 49 0 4.18751 6.02789
60 50 0 63.8137 70.0277
60 51 0 9.53217 11.6065
60 52 0 86.0958 119.676
60 53 0 47.1053 50.4668
60 54 0 61.3623 62.8947
60 55 0 11.9073 13.7186
60 56 0 88.3416 122.455
60 57 0 42.6573 49.3262
60 58 0 99.0695 125.762
60 59 0 37.701 45.6129
37.9625 31.4039 27.4775 16.0086 15.1274 11.3926 7.2134 27.0099 35.6882 36.4126 12.6551 26.8753 16.5305 36.5424 5.0167 12.4786 14.743 12.5559 35.6561 27.5745 8.60906 14.6693 35.227 4.88463 4.26325 17.1195 17.4256 16.0856 35.6408 27.3753 32.8326 26.5009 4.36114 6.60773 26.3091 17.6664 25.8459 28.044 16.0236 24.4594 7.99583 29.137 12.7165 19.3779 31.47 34.4616 16.6712 30.0366 9.40664 7.77258 5.83563 16.283 39.652 27.1057 19.6979 27.8875 16.5117 12.5925 9.65002 17.7324 