60
500
2
100
1 2 1 76.6173 107.717
1 3 0 90.4938 130.53
1 4 1 28.7045 38.0766
1 5 0 57.2592 81.107
1 6 0 9.06237 13.4044
1 7 0 54.3901 68.9371
1 8 0 27.1707 39.7988
1 9 0 15.1902 17.2941
1 10 0 80.5649 94.9764
1 11 0 69.3466 71.8012
1 12 0 63.6632 65.4274
1 13 1 86.3452 107.945
1 14 0 99.1958 137.595
1 15 0 23.8988 27.647
1 16 1 33.6663 38.9381
1 17 1 18.8596 27.0955
1 18 0 72.506 74.5055
1 19 0 96.3138 131.894
1 20 0 36.5899 52.5891
1 21 0 40.7808 41.6089
1 22 0 36.4795 46.3653
1 23 0 12.6516 17.0194
1 24 1 60.0662 89.3972
1 25 0 7.57228 10.0015
1 26 0 71.1392 84.0928
1 27 0 44.6926 49.7296
1 28 0 6.66505 9.6
1 29 0 49.6052 72.4058
1 30 0 34.2438 46.8951
1 31 0 80.471 90.303
1 32 0 31.9774 37.4163
1 33 0 54.6386 59.1282
1 34 0 35.7419 52.7846
1 35 0 7.62515 10.1304
1 36 0 33.065 34.382
1 37 0 59.7165 72.2673
1 38 0 96.1534 113.351
1 39 0 29.185 32.1608
1 40 1 64.8636 93.6232
1 41 1 49.1102 55.3604
1 42 0 23.9278 31.1966
1 43 0 33.8776 48.4402
1 44 0 92.6079 138.836
1 45 0 24.1219 36.1314
1 46 0 72.2984 107.708
1 47 0 11.1221 12.8976
1 48 0 67.3407 92.8129
1 49 1 57.4812 58.6729
1 50 0 61.9665 81.7514
1 51 0 61.6121 73.0188
1 52 1 22.2603 30.076
1 53 0 87.6947 119.445
1 54 0 63.9237 75.3755
1 55 0 4.6783 5.82056
1 56 0 55.0689 61.6321
1 57 0 55.955 80.5046
1 58 0 96.5864 131.726
1 59 0 14.7008 17.4523
1 60 0 55.8872 65.796
2 1 0 27.3703 38.4695
2 3 1 36.5569 41.5063
2 4 0 36.4303 40.7399
2 5 0 45.7883 55.7724
2 6 0 5.07128 6.3334
2 7 0 74.2129 102.964
2 8 0 84.4474 85.9008
2 9 0 94.3558 119.666
2 10 0 12.0626 14.4449
2 11 0 7.48521 7.72884
2 12 0 84.4168 123.721
2 13 0 87.1847 89.1594
2 14 0 56.5313 69.2563
2 15 0 99.8347 107.968
2 16 0 37.9267 52.8123
2 17 0 69.1889 102.909
2 18 0 15.1012 22.3393
2 19 0 80.7786 118.38
2 20 0 11.3322 14.272
2 21 0 27.4539 37.0188
2 22 0 29.5758 32.6513
2 23 0 76.7064 77.8673
2 24 0 95.3748 133.693
2 25 0 12.9546 15.1338
2 26 1 58.6668 73.3309
2 27 0 39.5206 39.7205
2 28 0 65.7934 94.2972
2 29 0 3.84958 4.013
2 30 0 57.9137 74.3132
2 31 0 39.9022 43.7733
2 32 0 36.4798 40.1674
2 33 0 64.413 79.1091
2 34 0 32.4373 32.7067
2 35 0 19.8764 26.1624
2 36 0 76.3736 103.637
2 37 1 66.3162 73.7425
2 38 0 16.5038 16.9957
2 39 0 19.4892 19.7495
2 40 0 82.8123 88.4119
2 41 0 78.5904 80.4681
2 42 1 13.5054 17.1394
2 43 0 11.5214 13.8932
2 44 0 84.6501 123.847
2 45 0 21.0293 27.8827
2 46 1 2.05947 3.00275
2 47 0 55.5589 56.2556
2 48 0 12.5561 17.1585
2 49 0 55.334 78.1791
2 50 0 92.1827 125.074
2 51 0 61.9139 90.4735
2 52 0 29.3096 34.1028
2 53 0 26.0169 38.216
2 54 0 14.436 17.726
2 55 1 15.0397 16.7883
2 56 0 89.6173 109.582
2 57 0 19.9877 28.7859
2 58 0 64.5242 80.8574
2 59 0 95.034 126.335
2 60 0 75.8738 78.7787
3 1 0 26.8707 29.0147
3 2 0 37.103 39.9644
3 4 1 61.1927 65.2674
3 5 0 31.4837 34.7649
3 6 1 36.5373 39.3582
3 7 0 65.2012 71.1468
3 8 0 43.7457 58.5118
3 9 0 35.2298 43.4233
3 10 0 30.1995 33.8975
3 11 1 46.4888 51.6492
3 12 0 89.5614 93.6122
3 13 0 31.8098 43.6821
3 14 0 9.14085 10.5346
3 15 0 16.8654 18.5539
3 16 0 14.9701 16.4528
3 17 0 98.5799 111.447
3 18 0 22.1019 22.624
3 19 0 5.68335 7.19718
3 20 0 79.7829 99.7716
3 21 0 55.3255 78.5171
3 22 0 72.5282 82.8978
3 23 0 55.131 82.5067
3 24 0 71.9139 89.8024
3 25 0 57.5587 67.7071
3 26 0 10.4994 11.4592
3 27 0 99.2954 141.062
3 28 0 38.2644 49.6788
3 29 0 62.8867 77.0847
3 30 1 62.4502 90.2942
3 31 0 37.1815 39.7387
3 32 0 40.1432 44.0971
3 33 1 52.1446 65.6603
3 34 0 76.2178 108.92
3 35 0 37.4926 49.2601
3 36 0 86.8217 110.146
3 37 0 57.9856 64.2024
3 38 0 17.0968 22.7944
3 39 0 72.3956 79.2959
3 40 0 12.6208 18.0805
3 41 0 53.6466 75.104
3 42 0 89.636 118.894
3 43 0 25.9434 36.3775
3 44 0 38.3389 51.0508
3 45 0 12.7818 14.1306
3 46 0 85.8585 89.969
3 47 1 77.9283 81.7119
3 48 0 13.5022 15.7934
3 49 0 95.5028 115.47
3 50 1 33.9762 44.371
3 51 0 31.4278 33.8097
3 52 0 55.1205 57.5092
3 53 0 23.3634 26.1639
3 54 0 9.91354 11.5375
3 55 0 45.6678 45.9663
3 56 1 45.673 49.7413
3 57 0 4.20823 4.72084
3 58 0 16.7867 17.7797
3 59 0 41.711 62.4685
3 60 0 1.15667 1.28626
4 1 1 58.5109 60.5611
4 2 0 41.6637 54.2767
4 3 0 77.1668 88.3647
4 5 1 13.2216 14.2844
4 6 0 9.43523 10.5894
4 7 0 50.741 51.5336
4 8 0 24.324 35.7907
4 9 0 86.4134 116.01
4 10 0 15.0357 20.2537
4 11 0 90.713 131.191
4 12 0 81.6762 109.466
4 13 1 13.5393 14.9612
4 14 0 98.0619 114.35
4 15 0 38.9393 47.6008
4 16 0 14.6067 18.9281
4 17 1 58.6699 59.5312
4 18 0 39.9411 54.5924
4 19 0 79.8383 90.0277
4 20 0 33.8295 44.5604
4 21 0 9.83994 11.2393
4 22 0 12.9052 15.9494
4 23 0 41.6268 44.4738
4 24 1 90.4559 127.637
4 25 0 67.83 87.5412
4 26 0 15.1017 22.131
4 27 0 70.7 85.2956
4 28 0 89.5495 121.41
4 29 0 14.1913 15.8933
4 30 0 44.5547 45.7168
4 31 0 27.763 35.7764
4 32 0 18.6717 20.9821
4 33 0 15.5041 20.6663
4 34 0 50.4584 70.9587
4 35 0 97.9456 107.303
4 36 0 64.9598 88.8586
4 37 0 93.8032 138.226
4 38 0 77.9589 92.6355
4 39 0 93.0037 132.549
4 40 0 26.0712 29.9389
4 41 0 38.5959 51.4717
4 42 0 44.5185 50.4855
4 43 0 54.4379 78.4531
4 44 0 79.829 96.4432
4 45 1 23.0443 27.0331
4 46 0 71.3917 105.495
4 47 0 31.3012 33.8913
4 48 1 6.35069 8.72744
4 49 0 7.04899 7.76915
4 50 0 7.45318 10.9133
4 51 0 65.537 77.9845
4 52 0 82.2639 100.313
4 53 0 78.798 107.39
4 54 0 76.8283 80.0695
4 55 0 23.5171 24.5282
4 56 1 52.6881 66.2252
4 57 1 63.5985 65.5904
4 58 1 52.5496 63.7002
4 59 1 69.1438 72.5496
4 60 0 28.6905 40.1397
5 1 0 87.1033 104.485
5 2 0 79.5977 109.617
5 3 0 62.8364 63.5382
5 4 0 99.1298 100.752
5 6 1 41.9968 43.3174
5 7 0 54.9482 57.5812
5 8 0 92.6029 136.306
5 9 0 51.2339 74.3388
5 10 0 74.071 76.4952
5 11 0 37.0611 52.7227
5 12 0 31.5451 34.0301
5 13 1 1.93416 2.87708
5 14 1 34.5924 34.8065
5 15 0 94.9025 109.698
5 16 0 10.0686 14.7394
5 17 0 35.9833 50.7943
5 18 0 58.5423 71.8515
5 19 0 21.3092 24.3165
5 20 0 26.5094 35.6918
5 21 1 87.6985 100.002
5 22 0 78.5536 99.3781
5 23 0 94.1267 122.65
5 24 0 19.601 22.1478
5 25 0 62.3362 73.3932
5 26 0 50.6091 68.7531
5 27 0 8.63812 9.50449
5 28 0 80.8444 84.5574
5 29 0 15.0006 19.8982
5 30 0 69.2606 96.3489
5 31 0 10.5189 15.0839
5 32 0 33.4289 47.3637
5 33 1 26.9287 39.1166
5 34 0 84.1595 93.8229
5 35 0 1.80061 2.17961
5 36 0 90.085 122.041
5 37 0 69.0852 92.1744
5 38 0 4.25151 5.22054
5 39 0 13.8687 18.5629
5 40 0 12.5783 14.2246
5 41 0 47.8077 69.5719
5 42 0 28.2128 32.5503
5 43 0 91.595 113.972
5 44 0 19.0342 26.9067
5 45 0 92.5979 137.327
5 46 0 27.4539 32.9548
5 47 0 51.5037 69.7969
5 48 1 61.1177 63.5237
5 49 0 93.1612 138.994
5 50 0 67.999 92.2689
5 51 0 13.4375 17.4552
5 52 0 3.5721 4.00598
5 53 0 9.43939 11.4062
5 54 0 55.0793 81.4835
5 55 0 0.965017 1.19859
5 56 0 0.520353 0.779038
5 57 0 64.736 91.6515
5 58 0 87.9431 116.865
5 59 1 45.5654 63.0403
5 60 0 79.9543 84.208
6 1 0 48.5638 71.153
6 2 0 36.2195 38.6771
6 3 0 39.6304 51.7942
6 4 0 48.7285 61.5571
6 5 1 24.8134 29.3859
6 7 1 39.4621 57.8191
6 8 0 28.9343 38.4647
6 9 0 40.5264 52.1059
6 10 0 32.3693 32.9754
6 11 0 17.1804 21.5115
6 12 0 81.2976 105.944
6 13 0 21.9016 31.2364
6 14 0 48.0953 64.8701
6 15 1 98.914 138.347
6 16 0 60.0604 89.7845
6 17 0 62.6618 72.7148
6 18 0 5.94544 7.77922
6 19 0 39.628 55.581
6 20 0 54.3923 79.0317
6 21 0 82.1541 93.2682
6 22 0 81.9919 99.379
6 23 0 38.1407 50.3984
6 24 0 23.1046 23.9246
6 25 0 38.5517 42.7239
6 26 0 42.2366 47.0478
6 27 0 93.6872 114.949
6 28 0 56.508 70.9902
6 29 0 68.2015 91.8202
6 30 0 29.2342 39.7654
6 31 0 30.3358 41.9349
6 32 0 48.1548 57.7172
6 33 0 39.0127 58.0276
6 34 0 14.2688 20.9286
6 35 1 37.5815 51.8375
6 36 0 60.6902 69.4795
6 37 0 56.8597 78.5673
6 38 0 8.03022 10.099
6 39 0 5.55415 6.55413
6 40 0 53.1221 64.8639
6 41 0 97.7844 100.994
6 42 0 86.1282 126.649
6 43 0 37.2163 54.2742
6 44 0 38.4262 43.1069
6 45 0 23.028 29.2553
6 46 0 70.5667 74.8385
6 47 1 17.2077 25.3076
6 48 0 76.4611 90.4043
6 49 0 91.1296 114.946
6 50 0 91.98 117.419
6 51 0 21.1985 30.3158
6 52 0 17.6872 25.9434
6 53 0 5.50781 7.5241
6 54 0 13.4555 18.7063
6 55 0 20.2905 26.5487
6 56 0 36.8675 48.8914
6 57 0 46.3577 61.9555
6 58 0 58.4225 86.5534
6 59 0 2.39971 2.65493
6 60 0 17.6775 19.6783
7 1 0 32.0329 37.3732
7 2 0 71.4153 102.739
7 3 0 42.084 51.1902
7 4 0 16.4451 19.7233
7 5 0 41.8344 42.5803
7 6 0 22.0865 23.7349
7 8 1 12.4794 17.5086
7 9 0 27.4042 38.2345
7 10 0 59.5881 63.8401
7 11 0 31.5168 35.9234
7 12 0 10.9629 13.3944
7 13 0 97.4939 143.09
7 14 0 55.0668 78.1083
7 15 0 19.2324 27.3668
7 16 0 92.4843 137.133
7 17 0 83.4377 98.5715
7 18 1 31.4537 31.8731
7 19 0 9.97085 11.7134
7 20 0 80.1384 112.04
7 21 0 7.16516 9.30079
7 22 0 31.9637 42.7669
7 23 0 62.4289 80.6378
7 24 0 45.2377 54.4176
7 25 0 63.4522 83.44
7 26 0 41.7596 61.6574
7 27 0 76.1463 91.0086
7 28 1 69.8174 75.5714
7 29 0 52.8007 78.277
7 30 1 46.7755 48.1095
7 31 0 26.7574 35.0131
7 32 0 79.9872 88.5179
7 33 0 73.1819 104.87
7 34 0 80.9303 98.3722
7 35 0 94.4001 101.397
7 36 1 15.4396 22.2832
7 37 0 46.1589 50.2581
7 38 1 65.8229 88.6004
7 39 0 63.8275 92.754
7 40 0 11.1527 12.5943
7 41 0 43.0995 53.6987
7 42 0 43.7125 61.0827
7 43 0 10.3007 12.5359
7 44 0 73.5354 78.1462
7 45 0 82.4093 108.94
7 46 0 8.34548 9.65663
7 47 0 68.0524 78.7402
7 48 0 99.8886 101.947
7 49 0 85.9409 86.114
7 50 0 6.99389 7.75257
7 51 0 73.628 89.7103
7 52 0 80.0566 80.6446
7 53 0 52.8209 61.6436
7 54 0 51.5182 70.667
7 55 0 48.002 49.3303
7 56 0 68.5227 69.0656
7 57 1 65.7525 70.3864
7 58 0 40.1294 57.553
7 59 0 34.2477 37.1454
7 60 0 56.2725 81.7672
8 1 0 40.5731 54.2704
8 2 0 23.9814 35.4842
8 3 0 90.4326 129.308
8 4 0 24.9931 32.3323
8 5 0 5.05384 5.41831
8 6 0 77.4824 93.2296
8 7 0 75.1499 86.7735
8 9 1 27.0645 39.484
8 10 0 86.1483 111.03
8 11 0 72.684 86.6816
8 12 0 35.153 46.2736
8 13 0 83.2251 112.696
8 14 0 10.5536 11.0395
8 15 0 92.9244 125.994
8 16 0 75.2727 109.293
8 17 0 19.5126 23.2098
8 18 1 31.6223 40.023
8 19 1 55.7151 71.3237
8 20 1 8.82559 9.89387
8 21 0 0.525683 0.586273
8 22 0 1.30883 1.81483
8 23 0 89.096 97.7174
8 24 0 39.8822 51.3309
8 25 0 69.519 94.2594
8 26 0 44.8058 48.0385
8 27 0 41.3042 50.1636
8 28 1 24.1443 35.5891
8 29 1 100 126.851
8 30 0 1.84879 2.53551
8 31 0 37.1097 38.7719
8 32 0 24.5066 26.29
8 33 0 93.7434 108.338
8 34 1 94.9441 125.346
8 35 0 61.1843 84.956
8 36 0 71.5551 102.741
8 37 0 27.1399 40.5979
8 38 0 2.76677 3.26773
8 39 1 81.3581 96.5009
8 40 0 81.7262 104.98
8 41 0 54.2852 70.9096
8 42 0 1.95197 2.63995
8 43 0 96.2667 143.957
8 44 1 12.0121 16.813
8 45 0 71.934 73.0147
8 46 0 37.8785 54.5656
8 47 0 75.9343 83.4104
8 48 0 25.8375 38.1472
8 49 0 90.9083 124.422
8 50 0 74.4637 81.3447
8 51 1 18.4464 25.5686
8 52 0 7.63825 10.0605
8 53 1 6.71084 9.45807
8 54 0 25.5236 26.4662
8 55 1 42.4368 46.7134
8 56 0 32.4147 35.5614
8 57 0 73.9038 108.378
8 58 0 96.829 124.834
8 59 0 88.1951 120.652
8 60 1 3.50901 4.64387
9 1 0 99.2244 133.565
9 2 0 44.8612 48.634
9 3 0 40.8242 44.4491
9 4 0 40.3675 53.3922
9 5 1 29.2666 37.9661
9 6 1 37.9942 47.2234
9 7 0 98.0751 98.1044
9 8 0 86.1273 101.864
9 10 1 39.7208 52.9756
9 11 0 1.78113 1.8463
9 12 0 23.7667 35.6486
9 13 0 96.6308 140.634
9 14 0 56.7321 65.2512
9 15 0 4.10957 4.47082
9 16 0 99.1364 130.353
9 17 0 35.4664 45.8543
9 18 0 86.2793 113.043
9 19 0 83.8355 98.4566
9 20 0 71.9882 107.515
9 21 1 36.5536 51.0571
9 22 0 41.1936 57.8386
9 23 0 97.4771 131.247
9 24 0 31.5131 44.2946
9 25 0 56.7821 62.2693
9 26 0 91.4666 132.493
9 27 0 34.5092 50.3514
9 28 0 48.8866 53.174
9 29 0 36.862 49.6136
9 30 0 27.5108 32.0482
9 31 0 51.6297 76.3956
9 32 0 70.0028 72.8822
9 33 0 66.1743 78.7615
9 34 0 55.5438 68.4693
9 35 0 5.51792 6.8596
9 36 0 79.9269 93.7099
9 37 1 17.1148 22.5206
9 38 0 4.99944 5.06212
9 39 0 90.3875 116.944
9 40 0 96.8406 117.854
9 41 0 76.5628 81.1449
9 42 0 84.3543 89.7578
9 43 0 2.03328 2.52023
9 44 0 25.0793 29.1513
9 45 0 12.2473 14.8031
9 46 1 94.9377 121.901
9 47 0 63.2274 68.6532
9 48 0 47.7719 69.5072
9 49 0 74.0797 82.5092
9 50 0 73.4187 89.7757
9 51 0 66.3503 85.4917
9 52 0 53.7242 77.2255
9 53 0 42.4936 54.7911
9 54 0 36.6772 45.1384
9 55 0 56.7092 83.6677
9 56 0 63.3055 84.3433
9 57 1 37.254 41.6022
9 58 0 0.620203 0.846574
9 59 0 10.6583 11.6234
9 60 0 53.176 58.6385
10 1 0 24.3729 31.8536
10 2 0 8.37012 11.5725
10 3 0 74.4423 99.6064
10 4 0 49.0082 71.9356
10 5 0 27.7245 41.3077
10 6 0 34.3936 37.9346
10 7 0 40.7406 47.8263
10 8 1 36.0207 49.1891
10 9 0 88.3146 115.46
10 11 1 51.3342 65.4003
10 12 0 40.1506 60.2154
10 13 0 46.9105 64.4001
10 14 0 74.6583 78.6268
10 15 0 72.2422 101.01
10 16 0 31.8319 32.5664
10 17 0 72.7294 95.0668
10 18 1 99.2254 137.284
10 19 0 33.9366 35.319
10 20 0 80.9842 107.081
10 21 1 43.5065 55.4327
10 22 0 2.73955 2.84844
10 23 1 27.9156 40.6004
10 24 0 82.8576 114.468
10 25 0 6.29563 8.27285
10 26 0 16.3249 17.4691
10 27 0 14.3889 18.5382
10 28 0 24.3078 30.4119
10 29 0 67.0385 75.38
10 30 0 81.5925 117.94
10 31 0 3.45215 3.56391
10 32 0 34.5761 48.5799
10 33 0 43.5376 44.2722
10 34 0 75.6637 80.3482
10 35 0 62.7956 76.1753
10 36 0 44.1983 49.3196
10 37 1 42.262 43.0259
10 38 0 14.2731 16.1903
10 39 0 85.9177 128.029
10 40 0 40.6915 42.0881
10 41 0 10.3471 11.8334
10 42 0 77.4352 114.698
10 43 0 88.2082 112.4
10 44 0 36.5596 37.7003
10 45 0 18.5407 26.9258
10 46 0 18.9853 24.4934
10 47 0 56.8783 74.1626
10 48 1 23.7487 24.9608
10 49 0 18.1802 18.6448
10 50 0 38.8818 56.8327
10 51 0 24.8392 27.1032
10 52 0 57.8918 58.4297
10 53 0 18.9658 22.9832
10 54 1 85.6083 126.721
10 55 0 62.3573 62.5962
10 56 0 87.2057 93.0335
10 57 0 37.9782 53.3514
10 58 0 44.1563 53.3731
10 59 0 55.4716 65.9246
10 60 0 53.8744 58.2091
11 1 0 57.6007 57.6232
11 2 0 25.7157 26.8373
11 3 0 9.80564 11.716
11 4 0 42.8251 54.9971
11 5 0 39.4266 52.9599
11 6 0 65.5933 73.6325
11 7 0 14.5746 14.6053
11 8 0 4.06154 4.57892
11 9 0 45.6606 67.9995
11 10 0 26.1235 29.3661
11 12 1 89.521 121.575
11 13 0 96.068 131.279
11 14 0 29.3888 39.0966
11 15 0 48.8785 60.1515
11 16 0 73.2154 75.1421
11 17 0 1.7956 2.63003
11 18 0 79.4794 107.605
11 19 0 76.4191 88.6779
11 20 0 60.7542 66.8781
11 21 0 99.2165 113.929
11 22 0 78.5902 102.616
11 23 0 79.657 83.1189
11 24 0 95.5948 141.375
11 25 0 12.5536 13.8324
11 26 0 33.5914 43.4121
11 27 0 65.7629 67.2526
11 28 0 54.4649 59.8515
11 29 0 94.9022 122.278
11 30 0 72.489 85.4246
11 31 0 59.7728 75.9209
11 32 0 91.5225 127.226
11 33 0 76.2913 104.893
11 34 0 95.906 105.737
11 35 0 39.1759 41.6693
11 36 0 62.1573 66.8611
11 37 1 41.109 46.7411
11 38 1 79.0481 88.7217
11 39 0 62.3652 91.1338
11 40 0 32.3373 39.8169
11 41 0 11.3211 13.9502
11 42 0 52.3964 65.5955
11 43 1 54.3776 78.7715
11 44 0 17.4831 25.2883
11 45 1 88.0195 111.304
11 46 0 25.8412 27.3284
11 47 0 68.8851 98.8539
11 48 1 11.671 14.6464
11 49 1 48.6156 52.0433
11 50 0 97.9032 108.395
11 51 0 19.4857 23.146
11 52 0 4.06009 5.43452
11 53 0 71.0669 98.95
11 54 0 84.717 116.926
11 55 1 32.2464 34.1498
11 56 0 79.8446 118.987
11 57 0 82.0049 104.537
11 58 0 91.2207 110.293
11 59 0 19.5246 28.65
11 60 0 33.0046 44.3742
12 1 0 91.0275 134.273
12 2 0 5.7756 8.60508
12 3 0 8.93224 12.2407
12 4 0 20.2367 21.5445
12 5 0 70.5691 72.2097
12 6 0 24.1246 28.6318
12 7 0 34.1064 43.9418
12 8 0 54.1763 64.2634
12 9 0 95.9545 118.218
12 10 0 69.7773 91.9579
12 11 0 42.9418 58.7161
12 13 1 40.7806 53.7109
12 14 0 87.5396 94.8617
12 15 0 94.3163 141.391
12 16 0 12.8362 13.4541
12 17 0 21.9915 26.7254
12 18 0 23.1967 32.6582
12 19 0 60.8152 74.0967
12 20 1 55.9636 57.8195
12 21 0 60.9932 67.6493
12 22 1 69.501 86.2648
12 23 0 38.4713 42.4555
12 24 0 47.381 66.3411
12 25 0 99.848 124.852
12 26 1 45.7329 66.9858
12 27 0 21.8759 27.3684
12 28 1 21.1025 26.2164
12 29 1 97.2478 101.534
12 30 0 45.9675 51.7368
12 31 0 75.042 85.8506
12 32 0 49.6977 56.4333
12 33 0 10.7899 11.4629
12 34 0 39.2872 52.8603
12 35 0 58.5477 78.2496
12 36 0 22.0153 28.5009
12 37 0 30.2136 30.3311
12 38 0 88.7903 100.144
12 39 0 19.6788 23.4494
12 40 0 99.8029 137.45
12 41 0 87.119 109.624
12 42 0 61.581 67.4154
12 43 0 64.8216 82.5859
12 44 1 77.0532 100.184
12 45 0 7.24921 10.0943
12 46 0 10.9179 15.6517
12 47 0 66.875 85.6577
12 48 0 73.881 95.9707
12 49 0 28.7643 32.1969
12 50 1 65.5097 83.127
12 51 0 34.2321 35.8223
12 52 0 67.6005 81.3867
12 53 0 90.2577 131.394
12 54 1 20.8191 29.6166
12 55 0 6.05415 8.22285
12 56 0 99.0784 119.378
12 57 0 52.1278 65.7503
12 58 0 82.3345 121.184
12 59 0 94.7228 116.596
12 60 0 41.0313 48.9402
13 1 0 18.6125 22.9286
13 2 0 7.94278 9.05045
13 3 0 77.8234 90.2849
13 4 0 38.3517 45.5289
13 5 0 67.6171 92.9376
13 6 0 43.9602 56.837
13 7 0 9.43103 13.9175
13 8 0 78.5619 104.374
13 9 0 99.1489 143.343
13 10 1 68.8401 74.7815
13 11 0 56.3074 57.7058
13 12 0 40.9769 52.2475
13 14 1 73.7481 104.853
13 15 0 61.3324 83.0433
13 16 1 18.9584 24.0738
13 17 0 71.1555 84.3778
13 18 0 16.7313 21.9446
13 19 0 56.405 70.8687
13 20 0 3.53478 3.99169
13 21 0 10.0475 13.8298
13 22 0 50.5044 70.1372
13 23 0 95.4432 116.066
13 24 0 50.32 72.5367
13 25 1 76.748 92.5316
13 26 0 25.6761 33.7316
13 27 0 46.407 52.7274
13 28 0 83.6051 110.127
13 29 0 14.5862 15.5781
13 30 0 12.8911 12.9197
13 31 0 88.5774 111.433
13 32 1 39.8983 57.0173
13 33 0 38.3116 52.0531
13 34 0 17.395 21.1597
13 35 0 30.2987 35.589
13 36 0 14.2241 15.951
13 37 1 20.8666 25.9461
13 38 0 61.1833 82.3345
13 39 0 29.2415 29.6107
13 40 0 48.6827 50.7814
13 41 1 37.5122 51.9646
13 42 0 57.9165 60.4366
13 43 0 30.0609 30.7041
13 44 0 38.6842 39.3774
13 45 0 22.0589 24.4347
13 46 0 98.2844 127.61
13 47 1 6.73033 9.66218
13 48 1 99.5017 121.493
13 49 0 84.9211 97.8681
13 50 0 12.5971 17.3263
13 51 0 10.5761 11.6551
13 52 0 24.2147 25.3513
13 53 0 26.1906 35.4317
13 54 0 17.574 23.525
13 55 0 2.9838 4.35501
13 56 0 0.980523 1.14419
13 57 0 50.899 65.9301
13 58 0 51.6336 73.3954
13 59 0 78.3591 116.106
13 60 0 27.0963 28.8882
14 1 0 33.3951 46.5867
14 2 0 77.3156 92.7348
14 3 0 5.36786 7.16763
14 4 0 33.7493 40.0082
14 5 0 93.2485 106.346
14 6 1 77.7961 109.701
14 7 0 27.6799 36.8172
14 8 1 95.9656 106.849
14 9 0 4.2751 4.73416
14 10 0 16.5223 19.4747
14 11 1 70.9735 76.0782
14 12 0 7.38563 7.43394
14 13 0 68.9055 90.0114
14 15 1 37.5853 55.4529
14 16 0 36.3019 39.4673
14 17 0 15.4661 22.4317
14 18 0 74.9952 110.637
14 19 0 61.9997 72.1135
14 20 0 15.5851 16.6981
14 21 0 25.258 32.8494
14 22 1 25.8155 30.2203
14 23 0 54.4136 74.3253
14 24 0 3.57975 5.08388
14 25 0 77.8629 96.9553
14 26 1 18.3986 22.5123
14 27 0 41.291 59.8813
14 28 0 9.11206 13.2609
14 29 0 64.4106 91.1321
14 30 0 65.1441 85.8396
14 31 0 36.1682 42.4689
14 32 0 35.0167 51.6756
14 33 0 77.0144 104.812
14 34 0 39.0765 45.9814
14 35 0 22.2547 28.0024
14 36 1 29.8348 31.0805
14 37 0 58.567 66.7407
14 38 1 44.1161 58.0961
14 39 0 65.436 96.769
14 40 1 78.4362 98.5448
14 41 0 62.041 84.6483
14 42 0 69.7829 90.3568
14 43 0 48.7453 62.2877
14 44 0 65.9262 92.2724
14 45 0 2.33734 3.33725
14 46 0 59.6703 60.24
14 47 0 75.1882 107.171
14 48 0 38.6674 41.8459
14 49 0 82.8527 95.9974
14 50 0 83.6728 122.082
14 51 0 18.6662 18.681
14 52 0 58.196 60.9019
14 53 0 50.2155 67.4276
14 54 0 81.1053 109.691
14 55 0 18.7883 19.0769
14 56 0 51.9555 76.9187
14 57 0 7.32803 8.81997
14 58 0 92.2018 110.564
14 59 0 22.4441 33.4433
14 60 0 5.492 7.70564
15 1 0 5.52978 6.71427
15 2 1 21.8718 22.9263
15 3 0 73.6606 95.8855
15 4 1 11.5053 12.6813
15 5 1 44.8938 48.5265
15 6 0 71.5385 88.3363
15 7 0 87.3492 119.891
15 8 0 71.909 105.078
15 9 0 75.0143 101.941
15 10 0 87.815 115.95
15 11 0 5.77839 7.51779
15 12 0 0.0843015 0.0874751
15 13 0 70.2492 92.2185
15 14 1 49.5921 72.2481
15 16 1 52.883 61.2554
15 17 0 13.6891 19.4865
15 18 0 41.2599 59.8725
15 19 0 0.38628 0.416331
15 20 0 82.1005 101.567
15 21 0 23.3677 25.3165
15 22 1 30.1019 44.2423
15 23 0 4.09652 4.77352
15 24 0 63.1095 85.2201
15 25 0 47.5884 66.6554
15 26 0 42.3988 56.1719
15 27 0 99.8958 142.188
15 28 1 94.9112 130.789
15 29 0 80.7924 82.5671
15 30 1 62.2582 69.7744
15 31 0 78.0382 90.0621
15 32 0 96.6014 142.445
15 33 0 55.9632 77.0053
15 34 0 82.0673 84.7137
15 35 0 35.7501 39.9669
15 36 0 80.2367 83.101
15 37 0 73.2587 78.5514
15 38 0 69.141 71.8118
15 39 0 62.3337 78.202
15 40 0 59.5669 77.6793
15 41 0 28.7347 35.2941
15 42 0 90.8719 122.094
15 43 1 10.2594 11.3816
15 44 0 65.1089 81.5876
15 45 1 75.5162 93.3978
15 46 0 40.4559 50.0644
15 47 0 6.4032 6.97726
15 48 1 72.8572 92.9447
15 49 0 11.3617 12.2525
15 50 1 73.6151 96.8541
15 51 0 22.8262 32.3796
15 52 1 51.3114 68.4721
15 53 0 80.5619 83.5081
15 54 1 20.0578 29.9736
15 55 0 16.8546 17.9646
15 56 1 41.1224 43.7893
15 57 0 69.1901 72.5035
15 58 0 55.7761 71.3389
15 59 0 84.3125 99.7828
15 60 0 40.161 45.2432
16 1 0 16.6991 22.5024
16 2 0 34.7412 45.3009
16 3 0 85.7036 106.746
16 4 0 95.2561 122.89
16 5 0 41.8685 58.9828
16 6 0 94.7937 107.643
16 7 0 31.93 39.4231
16 8 0 89.7556 122.435
16 9 0 4.12704 4.70844
16 10 0 84.7549 126.029
16 11 0 6.77289 6.79124
16 12 0 61.5055 80.5374
16 13 0 44.1275 45.0763
16 14 0 85.2829 124.877
16 15 0 48.7557 50.9202
16 17 1 48.8389 66.2431
16 18 0 54.4267 63.3176
16 19 0 60.951 86.7639
16 20 0 9.61254 11.6913
16 21 0 39.7288 48.1258
16 22 0 97.8892 102.386
16 23 0 78.1791 81.242
16 24 0 47.8094 60.6677
16 25 0 14.3659 16.0965
16 26 0 4.20062 4.76106
16 27 0 20.3575 27.754
16 28 0 32.3755 38.841
16 29 0 63.1426 83.0808
16 30 1 48.3148 49.3343
16 31 0 25.1677 28.6265
16 32 1 29.1297 32.8282
16 33 0 51.5935 60.4735
16 34 0 48.6076 58.4631
16 35 0 56.5811 78.1921
16 36 0 43.7501 45.6831
16 37 0 57.9093 70.939
16 38 0 17.9591 18.6419
16 39 0 23.6019 28.1006
16 40 0 75.2335 95.1863
16 41 1 26.9421 36.7872
16 42 0 59.271 83.4311
16 43 0 17.7161 19.9053
16 44 1 54.3774 73.3356
16 45 0 46.9212 51.0571
16 46 0 96.443 132.233
16 47 0 41.3913 60.8095
16 48 1 47.5362 58.0239
16 49 0 34.2089 36.0943
16 50 0 41.1725 55.2906
16 51 0 0.334575 0.377028
16 52 0 49.1649 60.636
16 53 0 23.1939 29.6739
16 54 0 20.1239 22.522
16 55 0 22.2015 31.5074
16 56 0 8.35018 10.6671
16 57 1 37.5802 56.052
16 58 0 50.3262 56.6558
16 59 0 79.0145 110.037
16 60 0 46.137 47.6548
17 1 0 38.5267 49.3807
17 2 0 83.2911 112.144
17 3 0 3.49247 4.28102
17 4 0 87.7445 110.661
17 5 0 37.0096 42.791
17 6 0 77.2242 109.404
17 7 0 21.6981 27.2848
17 8 0 41.5512 50.71
17 9 0 61.4415 91.3259
17 10 0 4.07544 5.85813
17 11 0 39.92 54.9718
17 12 0 29.7808 42.0606
17 13 0 68.0121 81.9391
17 14 0 11.6541 12.6715
17 15 0 95.969 122.389
17 16 0 49.7709 66.3837
17 18 1 35.7586 52.5074
17 19 0 95.2149 125.705
17 20 0 93.1547 128.53
17 21 0 31.6936 39.7224
17 22 0 19.4777 21.5648
17 23 0 99.8141 122.046
17 24 0 32.7689 46.5716
17 25 0 35.0867 40.9898
17 26 0 17.5573 25.4782
17 27 0 88.7237 112.712
17 28 1 44.1315 58.083
17 29 0 33.7139 47.904
17 30 1 72.3488 93.4658
17 31 0 21.5431 27.378
17 32 0 2.32595 3.11323
17 33 0 46.8311 54.4263
17 34 0 84.1434 91.4737
17 35 1 26.5865 36.7104
17 36 0 79.6253 81.5651
17 37 0 83.2411 115.935
17 38 0 13.0032 16.7772
17 39 0 93.9066 121.287
17 40 0 84.7871 102.99
17 41 0 80.797 95.3434
17 42 0 83.9633 117.066
17 43 0 71.0039 105.455
17 44 0 97.5344 128.973
17 45 0 92.3051 116.836
17 46 0 17.5126 23.542
17 47 0 21.5557 24.1458
17 48 0 19.9519 22.9912
17 49 0 63.5619 73.023
17 50 0 86.5506 104.949
17 51 0 37.5095 38.4396
17 52 0 87.5374 93.2587
17 53 0 87.1473 127.048
17 54 0 16.7211 21.486
17 55 0 29.3368 35.6495
17 56 0 41.5122 60.3102
17 57 0 75.4919 89.0785
17 58 0 76.1825 94.8629
17 59 0 16.4213 23.9648
17 60 0 45.2714 51.6386
18 1 1 19.9032 23.0094
18 2 0 85.6679 98.2544
18 3 1 38.5164 51.1182
18 4 1 30.7043 33.7701
18 5 0 77.061 100.004
18 6 0 92.8696 128.969
18 7 0 27.5914 30.4168
18 8 0 44.3437 64.728
18 9 0 17.0589 18.4831
18 10 0 59.6012 74.6765
18 11 0 92.4538 134.606
18 12 0 95.2345 126.868
18 13 0 72.353 103.932
18 14 0 56.1326 77.6403
18 15 0 78.8858 105.429
18 16 0 22.8822 29.2342
18 17 0 50.6763 57.7758
18 19 1 27.8147 38.3107
18 20 0 6.47253 6.67834
18 21 0 16.3077 16.6878
18 22 0 82.4202 99.5807
18 23 1 80.5562 111.11
18 24 0 60.6229 62.8902
18 25 0 37.0513 40.2389
18 26 0 66.2058 75.5442
18 27 0 96.2729 136.883
18 28 0 46.9107 53.7303
18 29 1 50.7017 54.6576
18 30 0 82.0764 110.03
18 31 0 48.5859 68.431
18 32 0 6.50885 8.67603
18 33 0 3.91005 5.38831
18 34 0 71.7491 90.1506
18 35 0 7.90028 9.01848
18 36 0 73.6093 77.2406
18 37 0 57.7488 63.9878
18 38 0 62.5209 73.7136
18 39 0 19.5702 20.9723
18 40 0 9.4873 10.5654
18 41 0 57.8445 85.0811
18 42 0 25.7158 30.1794
18 43 0 83.287 115.881
18 44 0 64.5957 75.8111
18 45 0 5.1143 6.23264
18 46 0 51.4987 62.4215
18 47 1 94.2205 118.064
18 48 0 48.147 53.6973
18 49 0 60.4792 68.1018
18 50 0 72.6993 86.1611
18 51 0 30.0485 44.5824
18 52 0 92.2596 119.148
18 53 0 21.2558 28.011
18 54 0 56.1182 64.4438
18 55 0 80.8271 118.758
18 56 0 82.8627 102.612
18 57 1 19.9259 22.0215
18 58 0 21.683 28.7572
18 59 0 29.4906 36.7223
18 60 1 33.9165 38.0001
19 1 0 97.5579 127.661
19 2 0 80.0278 118.567
19 3 0 5.83081 8.2701
19 4 0 37.9796 44.3842
19 5 0 13.4404 15.0852
19 6 1 62.389 69.599
19 7 0 44.4335 46.9728
19 8 0 83.8569 113.595
19 9 1 98.4845 105.692
19 10 0 89.5686 118.576
19 11 1 46.9827 61.6221
19 12 0 47.2508 61.5038
19 13 0 4.79111 6.63589
19 14 0 56.9634 83.1984
19 15 0 12.4192 16.9073
19 16 0 79.2534 108.618
19 17 0 79.6607 98.7919
19 18 0 33.8449 47.6634
19 20 1 25.8356 26.7441
19 21 0 29.3402 43.9264
19 22 0 97.0746 108.393
19 23 0 40.5649 60.4546
19 24 0 83.5767 104.854
19 25 0 82.5811 116.211
19 26 1 37.1601 53.5811
19 27 0 56.3251 59.3231
19 28 1 55.591 71.0464
19 29 0 25.698 29.941
19 30 1 89.737 121.268
19 31 0 74.4098 88.0423
19 32 0 93.1894 125.735
19 33 1 34.8737 46.3317
19 34 0 82.6481 101.037
19 35 1 49.8948 73.1079
19 36 0 24.1108 28.9966
19 37 0 89.6878 134.38
19 38 0 22.5325 24.0537
19 39 0 3.33593 3.92561
19 40 1 30.6334 32.3945
19 41 1 9.36822 10.395
19 42 0 1.06087 1.42281
19 43 0 30.786 36.8792
19 44 1 35.555 40.9605
19 45 0 67.8071 96.3869
19 46 0 55.682 75.0083
19 47 0 42.8011 53.0747
19 48 0 63.5757 89.347
19 49 0 94.5105 110.371
19 50 1 13.7947 18.8037
19 51 0 74.4068 100.447
19 52 1 3.69951 5.29619
19 53 0 20.8149 21.094
19 54 0 47.9144 64.3564
19 55 0 60.0347 66.2011
19 56 0 54.599 59.5005
19 57 0 4.62504 6.67217
19 58 0 24.5744 34.8491
19 59 0 80.8961 99.1428
19 60 1 30.6435 43.9307
20 1 0 44.4351 55.3935
20 2 0 45.9679 58.3297
20 3 0 47.8202 52.1546
20 4 0 62.836 91.123
20 5 0 56.1636 57.6409
20 6 0 63.5107 90.326
20 7 0 38.9431 43.0365
20 8 0 72.7933 102.485
20 9 0 14.4062 15.4825
20 10 0 65.8603 77.1412
20 11 0 75.8972 84.1923
20 12 0 6.73501 6.8477
20 13 0 72.886 74.8574
20 14 0 69.8978 88.9274
20 15 1 38.7339 40.401
20 16 0 46.9846 63.9109
20 17 0 20.6009 28.7767
20 18 0 21.8458 27.8868
20 19 0 91.1669 113.403
20 21 1 13.0097 13.8951
20 22 0 72.3406 78.7825
20 23 0 53.519 73.4039
20 24 0 16.5759 22.8992
20 25 0 16.1271 19.6887
20 26 0 90.1056 103.517
20 27 0 66.9472 74.4526
20 28 0 27.7214 35.7162
20 29 0 58.4115 71.9318
20 30 0 66.9508 95.9561
20 31 0 64.2305 70.7885
20 32 0 91.7979 129.763
20 33 0 96.0867 117.26
20 34 0 41.1951 47.0189
20 35 0 33.0788 44.8397
20 36 0 19.3009 21.2012
20 37 0 41.7205 48.2022
20 38 0 34.9094 43.9187
20 39 1 20.2342 23.0325
20 40 0 48.7483 53.3393
20 41 0 84.2858 97.2744
20 42 0 33.7395 50.1189
20 43 1 22.7732 27.8268
20 44 0 25.6028 33.3364
20 45 0 21.3264 30.2959
20 46 0 58.179 66.2231
20 47 0 33.3718 47.3033
20 48 0 15.6796 17.658
20 49 0 4.46855 4.93364
20 50 0 24.3485 31.1664
20 51 1 27.2854 37.5715
20 52 0 85.0862 102.306
20 53 0 53.062 69.9278
20 54 0 23.2411 32.6808
20 55 0 52.4699 75.375
20 56 0 53.6992 55.842
20 57 0 22.7221 28.4859
20 58 0 21.8474 26.8675
20 59 0 43.7213 62.2093
20 60 0 12.5124 12.8188
21 1 0 19.0261 22.444
21 2 0 34.0367 44.0732
21 3 0 72.0773 102.143
21 4 0 71.5906 91.6409
21 5 0 94.3988 95.2224
21 6 0 84.0682 114.643
21 7 0 74.1427 108.771
21 8 1 91.1723 102.481
21 9 0 57.4573 64.255
21 10 0 23.084 27.7432
21 11 0 8.15339 10.4814
21 12 0 53.2132 72.9179
21 13 1 97.5729 116.447
21 14 0 51.7209 71.0236
21 15 0 89.4269 116.744
21 16 0 2.99067 3.03642
21 17 1 95.4153 101.358
21 18 0 25.6016 36.3761
21 19 0 60.9401 65.5458
21 20 0 84.7839 125.036
21 22 1 17.1987 21.3416
21 23 0 3.3183 4.70556
21 24 0 70.6166 97.0644
21 25 0 33.1841 42.5659
21 26 0 58.5822 59.6987
21 27 0 11.149 16.5451
21 28 0 17.2567 19.8887
21 29 1 74.0924 87.0966
21 30 0 79.6578 86.3874
21 31 1 6.39486 7.91166
21 32 0 24.8687 37.0549
21 33 0 81.7174 110.729
21 34 1 85.6417 86.547
21 35 0 89.3014 113.713
21 36 0 44.7456 63.9981
21 37 0 13.7038 17.2041
21 38 0 42.1263 58.6906
21 39 0 55.5686 70.3874
21 40 0 68.3671 72.6231
21 41 0 80.2678 119.36
21 42 1 41.9785 44.6305
21 43 0 14.2974 16.5552
21 44 0 59.726 68.4895
21 45 0 78.3477 79.8086
21 46 0 56.212 64.0552
21 47 0 95.8063 108.174
21 48 0 91.3276 127.579
21 49 0 9.18731 13.7583
21 50 0 33.0661 47.8618
21 51 0 96.1593 108.194
21 52 0 85.4998 114.46
21 53 0 58.7359 63.5583
21 54 1 48.5282 65.5641
21 55 0 14.0938 18.2731
21 56 0 75.0627 79.7729
21 57 1 28.4833 41.1934
21 58 1 78.4107 82.8397
21 59 0 27.7435 30.2459
21 60 0 42.2014 53.0557
22 1 0 55.0827 75.5367
22 2 0 85.166 95.3085
22 3 0 37.9393 48.8556
22 4 0 60.9142 77.3136
22 5 0 78.6772 87.9628
22 6 0 54.4743 80.9646
22 7 0 94.7041 120.512
22 8 0 43.9304 51.112
22 9 1 35.6256 45.2159
22 10 1 96.2967 115.234
22 11 0 98.7663 146.776
22 12 0 46.2282 57.1552
22 13 1 65.7987 73.9616
22 14 0 15.7349 16.4012
22 15 0 29.6622 32.9094
22 16 0 51.1486 63.9727
22 17 0 56.7052 74.8152
22 18 0 45.1911 64.1615
22 19 0 90.2118 119.425
22 20 0 74.2271 102.6
22 21 0 33.1375 37.6226
22 23 1 12.2839 15.2427
22 24 0 13.2819 14.2814
22 25 0 71.1939 91.8665
22 26 0 87.8858 93.7171
22 27 0 98.6562 140.235
22 28 0 55.2086 77.5039
22 29 0 86.9637 107.592
22 30 0 91.2823 118.769
22 31 0 95.5579 111.715
22 32 0 48.2021 56.5958
22 33 0 27.0584 37.6307
22 34 0 49.2765 66.8163
22 35 1 49.6147 63.7395
22 36 0 50.8242 67.2106
22 37 0 86.1458 110.838
22 38 0 97.1702 114.171
22 39 1 57.9349 75.0258
22 40 0 51.9835 65.12
22 41 0 70.2784 80.0375
22 42 0 90.8047 130.178
22 43 0 40.0861 51.3959
22 44 0 82.3979 114.865
22 45 1 6.07834 6.60531
22 46 0 71.0054 84.9505
22 47 0 69.433 97.9613
22 48 0 26.8542 34.3229
22 49 0 73.5319 87.628
22 50 0 15.0643 18.5074
22 51 0 83.9585 92.6668
22 52 0 11.1152 12.4095
22 53 0 32.1821 46.9905
22 54 0 85.7112 97.9235
22 55 1 68.379 94.2984
22 56 0 89.2243 131.612
22 57 0 55.2126 58.7556
22 58 0 12.0127 15.7013
22 59 0 88.4772 105.047
22 60 0 11.8848 14.552
23 1 0 53.94 75.2685
23 2 0 47.8583 51.0794
23 3 0 2.72329 3.78225
23 4 0 39.8817 54.9476
23 5 0 1.86298 2.13728
23 6 0 3.22215 3.80753
23 7 0 12.3952 14.1813
23 8 0 32.3253 35.4004
23 9 0 36.5255 43.0981
23 10 0 78.9321 106.009
23 11 0 35.6094 40.0858
23 12 0 9.83605 13.6361
23 13 0 65.3621 70.9743
23 14 0 60.9007 72.3573
23 15 0 61.0303 90.4285
23 16 0 17.0849 18.974
23 17 0 93.1962 124.483
23 18 0 59.6479 79.1517
23 19 1 46.2097 48.524
23 20 1 87.0589 107.487
23 21 0 84.8561 117.081
23 22 0 24.3745 35.6627
23 24 1 90.7535 101.555
23 25 0 48.2663 49.4284
23 26 1 15.6544 20.1312
23 27 0 45.7933 65.005
23 28 0 64.4567 88.1684
23 29 0 15.4827 18.1542
23 30 1 55.7995 59.3995
23 31 0 90.6179 101.491
23 32 0 69.3599 102.094
23 33 0 39.2488 48.9507
23 34 0 54.7272 75.1183
23 35 0 2.05613 2.32433
23 36 1 0.503969 0.551555
23 37 0 17.9822 20.5822
23 38 0 7.65499 11.2402
23 39 0 42.012 46.4792
23 40 0 72.8809 108.037
23 41 0 83.5102 106.684
23 42 0 21.6153 27.7853
23 43 0 88.3961 93.6003
23 44 0 57.317 70.8845
23 45 1 93.2915 122.259
23 46 0 9.21486 13.3865
23 47 1 31.7162 39.7858
23 48 0 40.6622 57.5225
23 49 0 53.4491 79.6939
23 50 0 94.3427 102.839
23 51 0 27.6045 30.0928
23 52 0 55.1665 80.519
23 53 0 0.735372 0.739091
23 54 1 27.4174 37.9916
23 55 0 43.4979 53.0171
23 56 0 25.0491 31.603
23 57 1 88.5541 106.822
23 58 0 40.7319 45.7012
23 59 0 28.0901 36.4497
23 60 0 10.8813 15.5946
24 1 1 13.3406 16.6743
24 2 1 94.7047 122.064
24 3 0 59.3945 69.9306
24 4 0 11.7311 14.9204
24 5 0 97.2699 106.068
24 6 1 45.9328 64.0918
24 7 0 57.4792 81.987
24 8 0 81.4326 91.2037
24 9 0 17.8021 21.4398
24 10 0 4.10137 5.79631
24 11 1 70.2008 79.7851
24 12 0 27.3168 32.3983
24 13 0 86.5769 121.873
24 14 0 61.9198 74.0621
24 15 0 42.3729 42.4592
24 16 0 4.80077 5.98326
24 17 0 33.3778 39.2913
24 18 1 95.9794 96.9346
24 19 0 43.6153 49.5674
24 20 0 98.6353 127.618
24 21 0 15.6147 17.9902
24 22 0 15.3533 21.4966
24 23 0 82.0733 86.5048
24 25 1 60.6007 64.2558
24 26 0 7.32425 7.64652
24 27 1 91.301 127.439
24 28 0 37.2697 38.5438
24 29 0 32.4159 44.3951
24 30 0 71.3434 76.7352
24 31 1 80.587 100.283
24 32 0 14.5375 16.1144
24 33 1 5.14146 5.15947
24 34 1 63.5194 83.4841
24 35 0 52.9955 67.3085
24 36 1 50.1916 72.8014
24 37 0 73.6666 74.6425
24 38 0 19.1716 27.5591
24 39 0 0.091672 0.136284
24 40 0 29.6834 32.903
24 41 0 48.7646 53.7375
24 42 0 74.0827 104.837
24 43 0 12.7391 16.2316
24 44 0 82.2444 85.97
24 45 0 12.5826 14.5641
24 46 0 7.30029 8.29597
24 47 0 93.7694 102.396
24 48 0 68.3397 70.8447
24 49 1 75.8263 96.2771
24 50 0 56.4141 70.3969
24 51 1 67.9665 90.5665
24 52 1 24.9078 29.203
24 53 0 85.4687 89.5309
24 54 0 82.0377 94.8599
24 55 0 96.0555 138.232
24 56 1 10.0687 13.4604
24 57 0 76.0553 91.6915
24 58 0 25.4988 27.1187
24 59 0 25.4229 37.6493
24 60 0 55.7723 77.1796
25 1 0 69.2051 87.1808
25 2 0 61.1013 78.5785
25 3 0 61.6704 76.7469
25 4 0 1.93316 1.97453
25 5 0 55.3928 55.5495
25 6 0 43.3864 44.6753
25 7 0 85.5563 102.281
25 8 0 1.6503 2.05481
25 9 0 54.3751 59.5554
25 10 0 82.317 101.899
25 11 0 36.6566 44.1365
25 12 0 48.198 51.7876
25 13 0 25.5636 30.8414
25 14 0 65.8263 80.8637
25 15 0 50.8569 53.0137
25 16 0 15.1909 15.5248
25 17 0 4.38893 5.96422
25 18 0 81.2508 89.0108
25 19 0 52.7444 53.7049
25 20 0 35.992 39.1365
25 21 0 75.7814 98.1705
25 22 1 96.8618 145.126
25 23 0 86.9483 114.157
25 24 0 76.9954 77.7973
25 26 1 86.7273 129.362
25 27 0 17.307 25.4954
25 28 0 94.6471 136.628
25 29 0 28.6796 40.7874
25 30 0 33.7443 43.0489
25 31 0 63.4712 87.248
25 32 0 81.7322 105.201
25 33 0 83.0458 85.6422
25 34 0 89.8514 95.8208
25 35 0 82.0137 114.553
25 36 1 31.721 34.9802
25 37 0 0.91274 1.17804
25 38 0 61.3286 63.6749
25 39 0 90.5607 90.8428
25 40 1 34.0873 46.5921
25 41 1 21.6788 27.994
25 42 0 6.80403 8.95299
25 43 0 64.7355 86.8957
25 44 0 40.4171 40.867
25 45 0 13.381 16.6164
25 46 0 16.7729 17.8345
25 47 1 60.3122 81.5499
25 48 0 54.6859 74.9106
25 49 1 50.0299 61.4953
25 50 0 51.2298 51.3976
25 51 0 1.52607 1.73665
25 52 0 55.8609 62.7701
25 53 0 66.2939 75.9126
25 54 1 2.22145 2.88147
25 55 0 28.3731 39.403
25 56 0 61.522 78.773
25 57 0 79.4887 114.973
25 58 0 29.4391 38.8334
25 59 0 91.2344 120.4
25 60 1 83.004 120.237
26 1 0 5.618 8.28342
26 2 0 2.53365 3.74422
26 3 0 11.5661 12.5817
26 4 1 39.6619 46.8595
26 5 0 76.0406 102.266
26 6 0 78.4158 92.1629
26 7 0 2.99508 3.96402
26 8 0 75.7398 87.9875
26 9 0 64.6599 75.4741
26 10 0 39.8332 43.9027
26 11 0 94.2919 116.188
26 12 0 67.0115 81.0174
26 13 1 7.11082 9.49872
26 14 1 58.5673 80.9866
26 15 0 58.7643 77.0159
26 16 1 26.0102 29.5639
26 17 0 23.1869 27.5451
26 18 0 52.6924 75.5185
26 19 0 48.654 61.2639
26 20 0 57.9832 72.6782
26 21 0 53.8074 65.9951
26 22 0 66.8297 75.6245
26 23 0 25.9415 29.7346
26 24 0 41.2466 58.9044
26 25 0 2.1049 2.992
26 27 1 96.0137 135.45
26 28 0 63.3204 71.4343
26 29 0 35.8498 47.6051
26 30 0 18.8272 18.9483
26 31 0 6.02479 7.72436
26 32 0 24.8215 28.9646
26 33 0 31.6516 33.704
26 34 0 56.7684 74.6959
26 35 0 46.8248 49.1076
26 36 0 36.1854 41.5165
26 37 0 72.021 78.0458
26 38 1 47.8912 65.6771
26 39 0 87.7817 126.009
26 40 0 5.51299 8.00449
26 41 1 26.9737 35.5336
26 42 0 69.475 83.6217
26 43 0 14.539 18.9257
26 44 0 14.0425 19.9146
26 45 0 91.1293 104.698
26 46 0 18.5677 26.2263
26 47 0 11.845 13.5827
26 48 0 59.4273 71.0864
26 49 0 77.2954 113.468
26 50 0 28.1273 41.2341
26 51 0 38.3125 51.7659
26 52 0 26.8557 32.8061
26 53 1 22.0446 26.7335
26 54 0 47.4936 59.4345
26 55 0 75.6373 104.17
26 56 0 7.76937 10.8457
26 57 1 98.7997 122.868
26 58 0 45.1884 54.1129
26 59 0 87.921 126.741
26 60 0 35.4315 41.5383
27 1 0 88.1818 124.256
27 2 0 92.027 127.529
27 3 0 28.9722 36.4194
27 4 0 79.8045 112.949
27 5 0 38.7619 43.6643
27 6 0 74.9796 105.077
27 7 1 71.8972 85.3915
27 8 0 26.288 27.4216
27 9 0 82.9108 105.511
27 10 0 66.6701 72.4675
27 11 0 22.8756 30.9379
27 12 0 81.2994 94.1969
27 13 0 88.6279 93.9895
27 14 0 12.0897 15.55
27 15 0 79.3241 94.2269
27 16 0 50.1404 58.4564
27 17 0 69.0657 98.3638
27 18 1 4.24175 4.69242
27 19 0 97.7046 129.626
27 20 0 32.2835 40.4706
27 21 0 25.2965 26.059
27 22 0 2.87313 3.47191
27 23 0 22.5688 29.9858
27 24 0 37.4955 38.3531
27 25 0 97.9778 106.909
27 26 0 66.5937 77.2596
27 28 1 10.3442 12.7951
27 29 0 9.01164 13.3336
27 30 1 87.287 118.523
27 31 0 40.7723 55.6806
27 32 0 65.7656 95.3013
27 33 0 39.6391 49.8306
27 34 0 9.09896 12.5844
27 35 0 5.0309 5.76293
27 36 1 55.7188 75.1292
27 37 0 85.198 86.257
27 38 0 54.3098 73.9782
27 39 0 12.1133 16.9733
27 40 0 3.90938 5.15885
27 41 0 48.2901 69.1277
27 42 0 98.5978 121.405
27 43 0 59.4121 77.1658
27 44 1 0.946497 1.0691
27 45 0 10.8054 13.2557
27 46 0 31.2337 45.6336
27 47 1 76.2748 95.7016
27 48 0 32.9974 40.0611
27 49 0 40.9119 42.5999
27 50 0 85.6369 128.324
27 51 0 87.7763 118.172
27 52 0 59.9279 85.2902
27 53 0 3.1547 3.96087
27 54 1 45.077 62.645
27 55 1 88.0581 117.335
27 56 0 68.8417 100.929
27 57 0 14.4168 20.2505
27 58 0 10.9793 15.8766
27 59 0 70.119 79.1794
27 60 0 20.9461 25.549
28 1 0 56.8708 75.7535
28 2 0 58.0644 77.421
28 3 0 15.8286 21.2522
28 4 0 35.478 47.1235
28 5 0 25.5762 33.3019
28 6 1 6.82518 8.01268
28 7 0 15.3477 18.1188
28 8 0 40.5453 58.901
28 9 0 98.9359 148.122
28 10 1 22.3956 32.8131
28 11 0 7.07001 9.61523
28 12 0 9.1274 12.0233
28 13 0 69.0472 87.712
28 14 0 81.043 116.175
28 15 0 58.6418 75.7511
28 16 0 30.5104 43.023
28 17 0 90.6259 99.4918
28 18 0 91.3058 117.455
28 19 0 92.374 131.726
28 20 0 30.3188 44.5698
28 21 0 44.8142 56.9557
28 22 1 43.6203 60.0372
28 23 0 0.804605 0.835954
28 24 0 21.1144 28.6263
28 25 0 90.493 126.41
28 26 1 25.9726 27.5094
28 27 0 74.529 83.7721
28 29 1 19.8649 29.0253
28 30 0 59.9361 69.2969
28 31 0 21.6483 29.2599
28 32 0 92.2139 138.018
28 33 0 68.495 80.0045
28 34 0 98.5422 137.095
28 35 0 37.8366 51.8384
28 36 0 55.8897 78.2322
28 37 0 57.0079 59.0029
28 38 0 14.2646 20.4217
28 39 0 4.2694 4.7613
28 40 0 42.5622 48.8862
28 41 0 92.6728 109.696
28 42 0 12.2561 16.6509
28 43 0 45.1646 56.3979
28 44 0 14.0413 18.4999
28 45 0 61.0937 77.7016
28 46 0 39.1607 48.2844
28 47 0 27.2685 39.8284
28 48 0 28.7525 40.7776
28 49 0 96.0144 131.611
28 50 0 57.3828 66.6442
28 51 0 18.2579 24.5869
28 52 0 88.9348 133.283
28 53 0 46.2979 56.4168
28 54 0 84.1799 105.356
28 55 0 86.1165 93.6385
28 56 0 22.9886 30.5688
28 57 0 21.6334 29.2531
28 58 0 74.0473 83.6707
28 59 0 44.0544 50.4461
28 60 0 75.1138 80.088
29 1 0 49.4086 61.6827
29 2 0 8.83099 12.9135
29 3 0 75.6739 92.9035
29 4 0 21.4823 27.7981
29 5 1 9.81425 11.7022
29 6 0 23.3703 27.8474
29 7 0 67.0322 81.5039
29 8 0 88.7084 106.31
29 9 0 28.3082 28.3088
29 10 0 39.5486 48.3349
29 11 0 71.824 92.9798
29 12 0 51.3715 51.6488
29 13 0 93.2951 132.16
29 14 0 21.2306 24.7486
29 15 0 30.8548 39.2081
29 16 0 58.2436 74.2723
29 17 0 52.3857 75.4251
29 18 0 5.92446 6.63833
29 19 0 1.18052 1.71544
29 20 0 51.3691 61.2224
29 21 0 29.3558 38.8137
29 22 0 96.1448 124.022
29 23 1 93.5177 124.199
29 24 0 72.3924 91.6744
29 25 0 48.1758 61.4421
29 26 0 52.4272 62.1307
29 27 0 23.8927 23.9545
29 28 0 31.8182 35.9071
29 30 1 76.232 88.6415
29 31 0 3.94662 4.47683
29 32 0 82.6086 119.392
29 33 0 37.9672 51.6018
29 34 0 0.458791 0.587757
29 35 0 2.52418 3.09626
29 36 0 20.7719 29.276
29 37 0 99.6071 135.46
29 38 0 22.5042 32.8575
29 39 0 80.2944 118.26
29 40 0 0.55419 0.791988
29 41 0 13.4394 15.5816
29 42 0 12.0453 18.0191
29 43 0 12.9268 16.5703
29 44 0 39.0208 43.5148
29 45 0 99.2634 129.413
29 46 0 59.1523 71.7432
29 47 0 6.28484 8.54151
29 48 0 43.381 54.5396
29 49 0 40.9723 57.4238
29 50 0 56.9238 63.1441
29 51 0 24.0046 27.142
29 52 0 72.7129 93.8556
29 53 0 40.5232 53.6874
29 54 0 31.7653 36.9301
29 55 1 8.71143 10.4605
29 56 0 44.9846 51.0062
29 57 1 90.7075 92.5843
29 58 0 49.5889 64.8188
29 59 0 72.7734 94.9119
29 60 0 35.8014 48.534
30 1 0 27.9987 39.1151
30 2 0 45.8939 65.9278
30 3 0 89.9688 101.163
30 4 0 31.9247 43.3118
30 5 0 73.6657 106.884
30 6 0 58.4565 85.6614
30 7 0 37.0455 51.2659
30 8 0 79.0544 94.9195
30 9 0 85.5399 99.2746
30 10 0 13.9625 20.6415
30 11 0 14.6862 15.8743
30 12 0 73.5718 107.362
30 13 0 55.6546 62.9333
30 14 1 1.70276 1.90518
30 15 0 68.6523 98.2425
30 16 0 68.3663 80.9353
30 17 0 91.6256 105.829
30 18 0 5.79738 7.08777
30 19 0 69.8879 79.2873
30 20 0 10.9006 15.7388
30 21 0 22.2476 23.549
30 22 0 23.29 25.9688
30 23 0 62.4556 77.1005
30 24 1 45.5686 49.3372
30 25 1 6.09016 7.02474
30 26 0 39.8956 57.4817
30 27 0 13.7546 14.173
30 28 0 21.5425 21.8422
30 29 0 75.7874 101.481
30 31 1 90.823 124.689
30 32 0 64.3922 71.4355
30 33 0 32.0386 41.9707
30 34 0 19.7629 26.744
30 35 0 54.634 58.6098
30 36 0 95.2694 135.796
30 37 0 6.79774 10.0336
30 38 1 0.00535306 0.00756017
30 39 0 92.9548 132.301
30 40 0 49.3699 64.4075
30 41 0 36.5418 45.476
30 42 0 2.84674 3.47103
30 43 0 14.9032 15.7618
30 44 0 23.785 30.4609
30 45 0 91.5982 105.161
30 46 0 77.3366 78.3292
30 47 1 33.0638 37.6288
30 48 0 92.3823 114.177
30 49 0 10.9548 13.1463
30 50 0 96.1065 96.6724
30 51 0 60.2133 83.6705
30 52 0 2.91244 3.14317
30 53 0 20.0654 26.147
30 54 0 69.3691 102.957
30 55 0 25.7688 32.155
30 56 0 67.2224 72.664
30 57 0 51.768 75.1188
30 58 0 2.62273 3.18504
30 59 1 9.22816 10.5271
30 60 0 5.0702 5.10637
31 1 0 6.5975 9.87467
31 2 0 75.0784 79.4375
31 3 0 17.3686 23.5114
31 4 0 47.2082 55.5677
31 5 0 96.9279 100.206
31 6 0 79.6766 85.205
31 7 0 45.2328 51.024
31 8 0 62.2066 91.3874
31 9 0 0.173096 0.255005
31 10 0 85.8972 114.212
31 11 1 27.1538 40.575
31 12 0 23.2838 34.0092
31 13 0 64.6939 74.8075
31 14 0 59.921 87.4247
31 15 0 21.5434 28.2887
31 16 1 97.6077 123.887
31 17 0 89.869 104.844
31 18 0 57.2392 73.8499
31 19 0 86.482 108.589
31 20 0 64.139 91.3712
31 21 0 45.4432 55.8299
31 22 0 44.4768 57.286
31 23 0 79.3147 103.145
31 24 0 28.4789 30.5393
31 25 0 64.539 88.5699
31 26 0 21.7278 28.4668
31 27 0 63.3877 70.92
31 28 0 70.7393 93.5506
31 29 0 92.6533 122.617
31 30 0 59.7798 71.8283
31 32 1 53.2416 76.1311
31 33 0 87.2232 129.347
31 34 0 6.76038 7.56278
31 35 0 58.3799 63.8045
31 36 0 8.74676 11.103
31 37 0 63.6348 88.8594
31 38 0 65.6224 79.9271
31 39 0 90.9013 128.946
31 40 0 89.1715 110.509
31 41 0 50.2117 51.4299
31 42 0 93.3888 98.4831
31 43 0 83.9533 120.505
31 44 0 5.11687 6.68845
31 45 0 43.0629 50.1976
31 46 0 18.1554 22.596
31 47 0 29.0664 33.733
31 48 0 67.9937 98.4191
31 49 0 30.0883 45.0213
31 50 1 72.9978 77.1839
31 51 0 64.8596 80.4018
31 52 0 78.5377 93.144
31 53 0 46.1693 61.2551
31 54 1 42.5267 60.7576
31 55 0 28.0565 40.0404
31 56 0 83.4253 107.029
31 57 0 72.7388 105.525
31 58 0 17.5136 21.2736
31 59 0 45.1522 48.9433
31 60 0 6.31403 8.255
32 1 0 31.5815 43.2795
32 2 0 13.2778 13.7436
32 3 1 39.2673 46.2808
32 4 0 84.139 115.982
32 5 0 88.514 90.1806
32 6 0 3.36854 4.56703
32 7 0 21.5939 31.833
32 8 0 15.0445 15.7861
32 9 0 92.1948 131.111
32 10 0 35.2753 43.9525
32 11 0 67.836 89.8791
32 12 0 74.0859 94.4457
32 13 0 55.5115 58.7872
32 14 0 15.7059 16.954
32 15 0 82.2127 109.669
32 16 0 7.00943 9.53722
32 17 0 59.0886 78.3104
32 18 0 10.3428 14.163
32 19 0 19.0734 26.4817
32 20 0 5.83041 6.89568
32 21 0 89.8558 91.5435
32 22 0 7.49627 9.62693
32 23 0 52.5375 65.7642
32 24 0 15.0435 18.3861
32 25 0 91.7108 118.563
32 26 0 83.5349 111.72
32 27 0 99.5509 100.759
32 28 1 56.5568 64.7523
32 29 0 97.7053 122.364
32 30 0 65.3002 84.0581
32 31 0 50.5696 52.3788
32 33 1 18.7118 27.4001
32 34 0 62.5453 85.5502
32 35 0 66.5512 83.1621
32 36 0 35.3854 45.6405
32 37 0 71.508 78.7533
32 38 0 30.8853 37.4439
32 39 1 61.7908 71.7774
32 40 0 5.29932 6.52892
32 41 0 82.074 116.448
32 42 1 9.34523 10.9092
32 43 0 3.36463 3.47786
32 44 0 89.7351 125.729
32 45 0 18.4032 23.1259
32 46 0 52.5112 65.5542
32 47 0 26.5147 38.3186
32 48 0 39.6316 51.467
32 49 0 18.6474 18.7848
32 50 0 94.5315 118.667
32 51 0 66.4961 78.7094
32 52 0 5.93144 8.32344
32 53 0 16.9768 19.3709
32 54 0 69.6744 72.3804
32 55 0 69.4354 86.6471
32 56 0 15.5668 22.4223
32 57 0 44.3189 54.1412
32 58 0 49.6376 54.2949
32 59 0 32.2932 38.1938
32 60 0 2.11175 2.32852
33 1 0 79.786 93.1104
33 2 0 23.5322 34.2317
33 3 0 29.1572 30.778
33 4 1 99.9693 101.792
33 5 0 28.861 38.8299
33 6 0 2.42421 2.52818
33 7 0 62.3912 76.8387
33 8 0 84.5475 112.53
33 9 0 69.7069 90.0203
33 10 0 30.4153 36.887
33 11 0 0.329816 0.481076
33 12 1 43.224 63.1988
33 13 0 19.9048 21.6295
33 14 0 91.0979 130.013
33 15 1 67.8532 72.5153
33 16 0 91.3397 106.562
33 17 0 65.6328 97.7949
33 18 1 91.2804 122.753
33 19 0 48.9848 72.858
33 20 0 3.39479 4.41307
33 21 0 46.2286 64.5893
33 22 0 61.8256 75.6255
33 23 1 66.3584 68.1812
33 24 0 86.7513 96.1893
33 25 0 86.2593 97.245
33 26 0 35.0631 36.6639
33 27 0 89.7168 95.2125
33 28 0 29.0292 40.4031
33 29 0 74.9083 78.5463
33 30 1 23.0131 24.5943
33 31 0 22.0207 25.7935
33 32 0 8.22503 8.54107
33 34 1 39.6627 39.7918
33 35 0 91.1804 117.05
33 36 0 29.8073 41.45
33 37 0 8.41241 8.73278
33 38 0 60.5908 68.242
33 39 0 31.3521 37.9298
33 40 0 56.2362 72.6319
33 41 0 80.3928 119.651
33 42 0 9.32481 10.4172
33 43 0 45.2176 67.2192
33 44 1 63.3445 64.6495
33 45 0 56.1079 64.6858
33 46 0 17.6293 25.5243
33 47 1 63.2543 78.8461
33 48 0 1.55034 2.12744
33 49 0 83.3843 104.068
33 50 1 77.8749 80.4983
33 51 0 90.7972 102.912
33 52 0 78.6374 111.656
33 53 1 94.9825 137.822
33 54 0 18.3192 18.8664
33 55 1 40.8103 59.2414
33 56 0 49.1979 69.6693
33 57 0 71.9555 87.3142
33 58 0 87.4343 95.5358
33 59 0 5.83113 8.58908
33 60 0 55.5997 73.2935
34 1 0 56.6098 59.1217
34 2 0 99.734 137.151
34 3 0 43.7794 57.8471
34 4 0 63.8604 72.8496
34 5 0 98.7334 102.088
34 6 0 45.4082 58.9116
34 7 0 75.6554 106.069
34 8 0 13.9891 18.0757
34 9 0 89.7579 116.968
34 10 1 48.8789 60.817
34 11 0 18.7487 22.2329
34 12 1 33.5229 43.7264
34 13 0 42.6856 61.362
34 14 0 19.2609 23.9361
34 15 0 10.9993 12.4368
34 16 0 33.551 49.1451
34 17 0 80.6966 103.15
34 18 0 69.4536 95.8888
34 19 0 59.7831 61.0542
34 20 0 72.8234 104.457
34 21 0 9.17822 11.1967
34 22 0 71.4621 89.0678
34 23 0 95.2236 115.256
34 24 0 6.90388 7.49808
34 25 0 6.00102 6.29383
34 26 0 24.7879 32.337
34 27 0 38.0235 41.1057
34 28 0 69.2734 74.1503
34 29 0 59.0914 61.4427
34 30 0 37.3264 41.7732
34 31 0 3.8049 4.73124
34 32 0 56.4138 81.8692
34 33 0 84.9883 117.901
34 35 1 38.7399 50.8895
34 36 0 99.0124 132.776
34 37 0 17.2631 20.1821
34 38 1 84.7493 108.366
34 39 0 0.822817 1.21954
34 40 1 12.1574 12.9069
34 41 0 48.3708 59.6765
34 42 0 37.8821 47.8918
34 43 0 51.1973 52.7177
34 44 0 90.8823 127.111
34 45 0 15.5512 22.1444
34 46 0 45.4366 61.0375
34 47 0 40.3704 55.1402
34 48 0 31.3858 36.9464
34 49 1 67.775 97.6746
34 50 0 35.1482 44.497
34 51 0 97.7184 108.595
34 52 0 72.4809 79.7773
34 53 0 94.1933 124.717
34 54 0 48.5894 56.2126
34 55 0 43.2815 62.6229
34 56 0 68.3411 94.777
34 57 1 8.00041 11.108
34 58 0 42.5035 53.5299
34 59 0 55.8594 73.0911
34 60 0 10.9976 14.2385
35 1 0 49.9996 57.6599
35 2 0 21.5717 25.9165
35 3 0 8.46959 8.85513
35 4 0 1.81124 2.58178
35 5 0 85.4376 119.063
35 6 0 30.1056 34.2522
35 7 0 59.3113 71.4276
35 8 0 29.0802 37.0334
35 9 0 7.99088 10.5729
35 10 0 43.0009 57.3279
35 11 1 41.492 49.8049
35 12 0 12.9342 18.3827
35 13 0 45.965 50.3055
35 14 0 34.4865 45.3418
35 15 0 62.8835 92.3338
35 16 0 40.9542 56.8916
35 17 0 85.0831 94.4451
35 18 0 8.03284 8.8909
35 19 0 85.3521 123.979
35 20 1 61.4214 83.2489
35 21 0 22.8651 30.3566
35 22 0 46.6829 51.6558
35 23 0 97.2276 138.797
35 24 0 82.6416 83.1192
35 25 1 30.03 39.5555
35 26 0 43.2668 64.8697
35 27 0 77.3286 102.618
35 28 1 4.63173 6.47709
35 29 0 53.1706 59.5955
35 30 0 56.8346 63.1867
35 31 0 2.73953 3.34018
35 32 0 16.7911 19.1896
35 33 1 86.8168 109.046
35 34 0 93.9564 124.852
35 36 1 12.6288 12.857
35 37 0 91.0928 108.015
35 38 1 71.7943 77.0864
35 39 0 0.879692 0.940273
35 40 0 52.5579 73.1916
35 41 1 0.611162 0.65017
35 42 0 90.3051 115.013
35 43 0 52.1115 73.8496
35 44 1 58.553 84.0528
35 45 0 88.9785 121.265
35 46 0 92.321 118.641
35 47 0 49.1526 56.2293
35 48 0 59.1652 68.972
35 49 0 26.1717 32.5521
35 50 0 59.4152 83.5806
35 51 0 25.0181 25.0288
35 52 0 91.7796 95.0309
35 53 0 95.7148 138.262
35 54 0 6.22294 8.04005
35 55 0 73.1655 100.683
35 56 0 57.0154 71.0381
35 57 0 10.3464 12.4957
35 58 0 19.2812 22.0315
35 59 1 89.9651 109.381
35 60 0 67.0789 90.8884
36 1 0 28.869 34.01
36 2 0 53.8795 74.9107
36 3 0 92.129 106.583
36 4 0 83.173 105.864
36 5 1 81.6835 103.865
36 6 0 45.5467 54.9817
36 7 0 29.7068 33.4798
36 8 0 10.2386 14.2837
36 9 0 65.7586 95.3766
36 10 1 67.9068 78.2172
36 11 1 65.3838 72.9431
36 12 0 10.5062 15.433
36 13 0 70.0699 87.9126
36 14 0 6.96081 9.12481
36 15 0 9.41834 11.2254
36 16 1 88.0241 105.726
36 17 0 28.0816 32.2449
36 18 0 67.9945 71.5142
36 19 0 5.18319 6.54418
36 20 0 83.4169 104.332
36 21 0 3.24974 4.57553
36 22 0 4.58764 6.35499
36 23 0 1.40217 1.59236
36 24 0 0.552884 0.606198
36 25 0 92.5397 107.05
36 26 0 28.3718 32.8329
36 27 0 38.0657 43.2052
36 28 0 14.5492 18.3493
36 29 0 61.8938 74.56
36 30 0 40.1064 43.21
36 31 0 24.8037 36.0142
36 32 1 79.4687 89.8499
36 33 0 95.1327 117.897
36 34 0 89.1285 110.584
36 35 1 67.1297 72.7351
36 37 1 80.0933 83.6177
36 38 0 78.1738 107.529
36 39 0 47.5703 49.5014
36 40 0 78.2478 86.5822
36 41 0 13.4621 17.5016
36 42 0 75.0046 75.2039
36 43 0 73.1762 90.8329
36 44 0 88.3499 124.157
36 45 1 96.4091 114.175
36 46 0 67.4955 88.682
36 47 0 48.1258 70.491
36 48 0 57.2282 78.4015
36 49 1 96.4816 143.508
36 50 0 78.0482 94.232
36 51 0 29.8045 32.2471
36 52 0 62.9276 72.533
36 53 0 13.8566 15.8592
36 54 0 89.3455 132.461
36 55 0 49.9481 57.0828
36 56 0 12.0633 13.6719
36 57 0 58.5451 87.4522
36 58 1 48.5696 66.6004
36 59 0 47.3676 66.6601
36 60 0 50.2933 73.1913
37 1 0 39.1638 52.0753
37 2 0 79.7418 80.2803
37 3 0 34.717 43.9209
37 4 0 4.08821 4.85457
37 5 1 66.335 88.5346
37 6 0 55.3705 55.6885
37 7 0 51.0946 52.1216
37 8 0 65.5751 69.1818
37 9 0 90.221 133.146
37 10 1 98.3428 111.424
37 11 0 82.179 82.9214
37 12 1 4.49226 5.93302
37 13 0 69.2915 76.6087
37 14 0 20.9603 28.7858
37 15 0 5.40418 6.26091
37 16 0 47.8764 58.9111
37 17 0 79.6433 119.126
37 18 0 79.2929 105.145
37 19 0 73.9472 75.2424
37 20 0 24.9926 33.9671
37 21 0 20.5556 22.8908
37 22 0 68.4322 102.325
37 23 0 81.7394 118.574
37 24 1 52.9927 65.0845
37 25 1 54.8172 64.8937
37 26 0 94.2319 130.919
37 27 0 9.90707 11.6084
37 28 0 7.18435 8.91928
37 29 0 80.1903 98.0673
37 30 0 31.2256 42.9305
37 31 1 62.8661 86.3609
37 32 0 12.7276 13.1381
37 33 0 44.8681 56.6341
37 34 0 18.4529 24.3124
37 35 0 41.1663 58.2451
37 36 0 52.8038 74.7397
37 38 1 90.2426 122.636
37 39 0 12.0863 13.8308
37 40 0 73.2958 85.2429
37 41 0 8.27048 12.1562
37 42 1 82.045 93.3313
37 43 0 43.251 44.0744
37 44 0 95.4825 120.253
37 45 0 58.3848 73.4405
37 46 0 47.3107 59.0805
37 47 0 53.8927 79.5986
37 48 1 41.3255 43.4887
37 49 1 61.5193 70.775
37 50 0 1.53387 1.86438
37 51 0 14.5826 19.8443
37 52 0 15.1558 15.4453
37 53 1 44.8541 57.4687
37 54 1 23.5474 24.8708
37 55 1 1.98669 2.43091
37 56 0 94.8739 109.489
37 57 1 54.1111 55.5035
37 58 0 3.93205 4.1315
37 59 0 40.1174 50.7472
37 60 0 21.2637 25.211
38 1 0 62.9063 70.415
38 2 0 81.2052 109.438
38 3 0 29.9736 41.3869
38 4 0 66.7746 76.1945
38 5 0 7.11866 8.29841
38 6 1 0.997972 1.44984
38 7 0 96.1198 135.289
38 8 0 85.7975 94.4035
38 9 0 82.5374 114.237
38 10 0 72.9197 102.746
38 11 0 91.462 127.075
38 12 0 89.0857 103.989
38 13 0 65.3628 88.4868
38 14 1 44.3351 52.9423
38 15 0 41.9953 53.9606
38 16 0 86.0076 115.638
38 17 0 33.5608 43.6935
38 18 0 28.5838 38.9041
38 19 0 84.9457 108.546
38 20 0 6.83772 6.8781
38 21 0 27.5532 39.9306
38 22 1 49.2625 71.6966
38 23 0 70.0246 71.6349
38 24 0 58.8546 79.684
38 25 0 44.444 47.0005
38 26 0 48.1038 58.3311
38 27 0 24.5618 36.3565
38 28 0 14.345 16.6723
38 29 0 62.179 85.3765
38 30 0 29.6838 36.0953
38 31 0 24.6221 28.7737
38 32 0 30.9065 34.2107
38 33 0 65.6324 83.694
38 34 0 82.5268 98.5512
38 35 0 57.1445 79.9849
38 36 0 34.3198 45.0318
38 37 0 21.6353 27.5204
38 39 1 6.88633 7.04781
38 40 0 60.1259 86.2797
38 41 0 92.2274 112.336
38 42 0 67.6005 80.8249
38 43 0 47.5759 65.5646
38 44 0 16.7449 19.6106
38 45 0 60.653 83.6594
38 46 0 40.5886 48.878
38 47 1 61.1894 88.8605
38 48 0 80.0632 115.248
38 49 0 40.7024 52.1337
38 50 1 80.5442 82.2161
38 51 0 38.2345 41.731
38 52 0 21.551 28.3976
38 53 0 26.57 36.2752
38 54 0 36.5874 48.28
38 55 0 76.3473 82.5914
38 56 0 8.18486 10.6079
38 57 0 9.51036 11.1896
38 58 0 52.1623 60.6007
38 59 0 74.7107 110.756
38 60 0 27.2486 37.86
39 1 1 15.9618 21.2195
39 2 0 31.3786 42.3711
39 3 1 31.7622 40.2196
39 4 0 45.6586 61.2965
39 5 0 12.6088 13.2841
39 6 0 44.9332 55.5126
39 7 0 32.349 46.7434
39 8 0 84.5798 106.478
39 9 0 23.9876 32.0089
39 10 0 83.0228 92.6298
39 11 0 8.05315 11.3589
39 12 0 55.076 69.5296
39 13 0 98.6122 130.988
39 14 0 34.6851 50.084
39 15 0 69.2778 82.2139
39 16 0 10.5988 13.2105
39 17 0 62.8263 73.3329
39 18 0 98.8129 105.754
39 19 0 30.1894 41.7549
39 20 1 63.4645 70.4353
39 21 0 99.5354 117.043
39 22 0 90.9168 103.845
39 23 0 72.7892 77.0025
39 24 1 42.939 57.0293
39 25 0 7.3448 10.7469
39 26 0 68.5328 70.9098
39 27 0 67.5907 73.6362
39 28 0 56.135 80.3256
39 29 0 29.9417 43.9469
39 30 0 39.3695 45.644
39 31 0 89.1858 100.148
39 32 0 62.1586 70.6544
39 33 0 8.30834 10.6067
39 34 0 91.6318 135.952
39 35 0 85.5851 97.5091
39 36 0 80.7499 85.2823
39 37 0 44.0286 60.3355
39 38 0 94.0572 99.8638
39 40 1 26.814 37.3893
39 41 0 75.3541 98.6305
39 42 1 51.9995 55.4245
39 43 1 21.565 26.6713
39 44 0 45.4225 60.954
39 45 0 96.9314 126.449
39 46 0 88.6229 130.432
39 47 0 48.8931 72.1205
39 48 0 97.3423 97.6888
39 49 0 48.5132 70.3176
39 50 0 25.2213 26.0319
39 51 0 29.8542 33.4786
39 52 0 62.873 70.6486
39 53 0 83.2801 121.338
39 54 0 64.6914 70.9348
39 55 1 99.4731 107.447
39 56 0 95.1286 134.929
39 57 0 62.5293 73.4083
39 58 0 40.9173 48.2162
39 59 0 91.2293 133.979
39 60 0 83.5674 89.2545
40 1 0 44.8052 60.3952
40 2 0 32.0967 35.7576
40 3 0 18.5982 19.4736
40 4 0 77.1015 106.435
40 5 0 60.3581 70.7229
40 6 0 45.6688 47.4571
40 7 0 2.04881 2.6955
40 8 0 86.5054 93.3402
40 9 0 16.7727 19.7273
40 10 1 58.361 71.9815
40 11 0 49.2433 64.8222
40 12 0 27.1248 33.2811
40 13 0 86.2629 100.2
40 14 0 79.1397 103.798
40 15 0 99.3929 112.752
40 16 0 97.8889 138.774
40 17 0 66.8868 76.0678
40 18 0 60.2584 80.2453
40 19 0 24.0595 28.5153
40 20 0 63.3584 85.3443
40 21 0 52.7964 57.0924
40 22 0 38.3025 39.0759
40 23 0 7.04759 9.39048
40 24 1 55.4819 76.3822
40 25 1 63.5487 90.2878
40 26 0 70.4175 81.4259
40 27 0 7.53972 10.5289
40 28 0 61.3212 85.646
40 29 0 14.9488 20.3678
40 30 0 90.0336 91.0133
40 31 0 60.9285 72.4686
40 32 0 16.9695 24.7093
40 33 0 1.14468 1.68182
40 34 0 96.2206 127.566
40 35 0 18.7394 19.1219
40 36 0 59.3739 85.4105
40 37 0 38.7128 50.3398
40 38 0 84.4149 105.471
40 39 0 64.0381 95.5854
40 41 1 14.37 20.5802
40 42 0 6.74066 8.20398
40 43 0 45.7185 51.8098
40 44 0 67.7394 98.1767
40 45 0 40.8827 46.8294
40 46 0 49.1862 52.2689
40 47 0 46.4348 52.8475
40 48 0 54.6549 62.8515
40 49 0 26.1502 28.964
40 50 0 29.2535 37.7495
40 51 0 21.1638 26.1059
40 52 0 50.0049 51.1426
40 53 0 6.89501 9.60352
40 54 0 65.6842 75.8165
40 55 0 84.7753 92.096
40 56 0 99.8167 114.215
40 57 0 66.2903 90.3056
40 58 0 92.2476 101.847
40 59 0 72.603 98.4101
40 60 0 28.8268 38.0006
41 1 1 39.3446 40.6565
41 2 0 4.02807 4.50901
41 3 0 75.463 81.4607
41 4 0 73.5006 91.1788
41 5 0 20.5923 25.9743
41 6 0 65.3841 72.723
41 7 0 18.9056 25.2388
41 8 0 51.4487 61.2584
41 9 0 10.041 13.8545
41 10 1 20.1225 21.6348
41 11 0 73.9957 108.922
41 12 0 46.5253 52.7788
41 13 0 75.7946 78.3272
41 14 0 3.14432 4.3551
41 15 0 44.2318 54.8297
41 16 0 13.2862 18.3649
41 17 0 90.0319 105.234
41 18 1 90.2842 95.9158
41 19 1 12.8181 16.6508
41 20 0 12.1981 14.5574
41 21 0 3.06783 4.5338
41 22 0 96.5424 116.891
41 23 0 88.5962 119.862
41 24 0 33.7023 42.0562
41 25 0 34.3225 50.0292
41 26 1 34.3777 41.0144
41 27 0 92.6047 127.699
41 28 0 67.723 83.869
41 29 0 66.512 69.2612
41 30 0 34.1296 48.6046
41 31 0 86.2162 128.267
41 32 0 5.09721 6.14809
41 33 0 55.976 74.5108
41 34 0 79.0945 111.03
41 35 0 87.9316 103.734
41 36 0 85.6687 109.446
41 37 0 75.62 102.805
41 38 0 0.378174 0.424723
41 39 0 86.2302 98.438
41 40 1 95.9221 131.491
41 42 1 76.939 99.6205
41 43 0 63.4951 72.2866
41 44 0 98.2194 144.179
41 45 0 68.8146 82.691
41 46 0 60.2028 66.9437
41 47 1 6.60197 8.61568
41 48 0 59.3617 88.2068
41 49 1 94.3657 111.443
41 50 0 21.3697 31.9539
41 51 0 61.099 88.5233
41 52 0 65.0641 68.6048
41 53 0 49.3703 63.4952
41 54 0 23.6256 25.495
41 55 0 44.9735 54.5301
41 56 0 89.4278 93.528
41 57 0 52.8349 59.7502
41 58 0 45.3503 63.1559
41 59 1 82.6011 93.2856
41 60 0 39.2516 45.3846
42 1 0 68.4682 97.4118
42 2 1 16.052 23.496
42 3 0 36.782 48.2453
42 4 0 35.9739 46.0519
42 5 0 27.2739 36.4222
42 6 0 41.9313 45.5018
42 7 0 19.0351 26.655
42 8 0 58.1962 61.6326
42 9 0 75.5715 100.115
42 10 0 28.8838 43.1854
42 11 0 94.4707 116.596
42 12 0 30.0743 32.915
42 13 0 53.9475 67.4167
42 14 0 31.8287 40.0479
42 15 0 85.4748 127.697
42 16 0 85.0254 85.4075
42 17 0 47.7528 51.3512
42 18 0 10.3534 14.9564
42 19 0 24.2629 31.7139
42 20 0 10.2982 14.615
42 21 0 49.2667 55.5634
42 22 0 53.082 76.3452
42 23 0 51.4458 65.6537
42 24 0 35.523 41.2608
42 25 0 91.7921 137.66
42 26 0 13.0323 13.3411
42 27 0 35.0702 35.3867
42 28 0 48.0842 59.8607
42 29 0 88.9353 132.145
42 30 0 77.1911 82.0538
42 31 0 60.4245 75.9514
42 32 0 4.36442 5.77085
42 33 0 45.2211 57.4405
42 34 0 49.7883 72.7598
42 35 0 48.5589 53.6971
42 36 1 34.898 49.8418
42 37 0 45.1983 66.8699
42 38 0 81.1647 112.607
42 39 0 45.5318 62.1122
42 40 0 22.2609 29.4277
42 41 0 26.1337 29.8038
42 43 1 30.0011 30.7678
42 44 0 92.9729 118.434
42 45 0 50.5062 66.5156
42 46 0 34.9585 52.1912
42 47 0 28.3348 38.1241
42 48 0 9.58356 11.0827
42 49 0 28.8683 42.1706
42 50 0 81.5407 118.086
42 51 1 91.8551 135.782
42 52 0 70.897 101.146
42 53 0 11.0231 15.0337
42 54 0 54.2067 70.4519
42 55 1 95.4938 106.318
42 56 0 95.9358 113.632
42 57 0 50.6414 67.5381
42 58 0 65.7004 79.3278
42 59 0 84.3215 124.939
42 60 0 54.0378 73.2766
43 1 0 24.0109 31.2446
43 2 0 8.47941 10.4546
43 3 0 32.7587 33.583
43 4 0 64.238 88.5458
43 5 0 52.8595 53.4902
43 6 0 65.5655 73.7097
43 7 0 37.5333 39.6834
43 8 0 8.49553 11.5685
43 9 0 15.2299 15.9242
43 10 0 58.3117 79.4432
43 11 0 24.6421 24.7771
43 12 0 20.778 25.0275
43 13 0 22.8491 33.6348
43 14 0 41.0392 44.6021
43 15 0 33.9574 36.4915
43 16 1 69.4138 74.5806
43 17 0 4.95058 5.86862
43 18 0 99.4515 126.884
43 19 0 65.8839 86.0017
43 20 0 59.6915 72.0947
43 21 0 65.1216 70.9226
43 22 0 9.50638 13.648
43 23 1 4.46385 5.35759
43 24 0 70.73 104.4
43 25 0 45.5269 52.6875
43 26 0 15.0776 20.9303
43 27 0 4.64162 5.16654
43 28 0 24.543 34.0265
43 29 0 5.28133 6.75313
43 30 0 67.4286 71.2172
43 31 0 59.1811 76.3066
43 32 0 11.6702 11.7562
43 33 1 64.3377 84.1213
43 34 0 30.4911 40.767
43 35 0 51.7376 54.8928
43 36 0 22.1937 29.0623
43 37 0 71.788 88.8339
43 38 1 94.912 112.559
43 39 0 30.2175 39.725
43 40 0 92.7276 98.8084
43 41 0 13.3459 16.2953
43 42 0 89.6512 115.586
43 44 1 15.2809 16.1212
43 45 0 24.2401 24.9567
43 46 0 81.7529 87.1333
43 47 0 34.2718 47.6026
43 48 0 5.25052 7.48381
43 49 0 41.5057 46.0353
43 50 0 63.3727 77.6534
43 51 0 10.4059 15.0659
43 52 0 79.408 108.814
43 53 0 39.0323 46.1105
43 54 0 73.7256 89.162
43 55 0 90.5107 106.472
43 56 0 4.07563 4.44418
43 57 1 66.7627 85.3238
43 58 0 86.4744 111.173
43 59 0 81.6477 88.6605
43 60 0 41.5039 45.1428
44 1 0 80.9832 105.303
44 2 0 14.328 19.0103
44 3 0 57.8307 85.8063
44 4 0 74.7533 82.3623
44 5 0 41.8469 53.6082
44 6 0 43.8731 47.4224
44 7 1 86.6359 109.398
44 8 0 43.1051 43.9031
44 9 0 89.2392 131.723
44 10 0 20.4896 26.0389
44 11 0 46.0466 49.9826
44 12 0 43.3098 48.6501
44 13 0 69.9114 88.9374
44 14 0 20.7403 25.9323
44 15 0 55.8787 77.7726
44 16 1 6.71273 8.38417
44 17 0 6.00373 8.73651
44 18 0 69.3111 101.766
44 19 0 8.55994 11.8204
44 20 0 66.6505 87.7814
44 21 0 12.2118 12.8648
44 22 1 72.5897 84.5403
44 23 0 49.9785 63.0501
44 24 0 30.952 33.1216
44 25 0 99.0455 125.829
44 26 0 59.2943 84.0608
44 27 1 35.4346 39.0079
44 28 0 26.4819 37.5029
44 29 1 13.4962 16.2583
44 30 0 95.8074 124.863
44 31 1 82.0203 109.776
44 32 0 67.3495 85.7528
44 33 0 28.2531 40.1551
44 34 0 70.2984 83.3838
44 35 0 79.5506 82.4761
44 36 0 75.0697 79.5281
44 37 0 51.2385 65.3482
44 38 0 73.4445 86.9824
44 39 0 97.8726 130.595
44 40 0 4.39008 6.15287
44 41 0 95.34 105.991
44 42 0 78.1863 93.9516
44 43 0 10.6421 12.4683
44 45 1 84.9079 112.683
44 46 0 7.09049 10.2629
44 47 0 6.52872 9.48581
44 48 0 4.1543 4.89859
44 49 0 12.8177 17.331
44 50 1 71.7902 80.6458
44 51 0 83.8942 94.9912
44 52 1 77.7798 115.732
44 53 0 62.1518 72.0413
44 54 0 56.0499 59.306
44 55 0 60.812 71.6432
44 56 0 84.0915 117.144
44 57 1 50.27 56.4558
44 58 0 63.0366 81.0195
44 59 1 83.9217 99.7044
44 60 0 41.5396 46.7893
45 1 0 57.5004 66.0946
45 2 0 84.0988 98.4221
45 3 0 83.1831 89.9484
45 4 0 39.7604 55.3603
45 5 1 11.2478 16.4777
45 6 0 36.6432 45.369
45 7 0 47.7104 52.482
45 8 0 44.6998 53.207
45 9 0 52.5411 64.519
45 10 0 56.7036 69.0718
45 11 0 13.6455 20.0155
45 12 0 42.9615 54.2874
45 13 0 59.0179 75.5341
45 14 1 23.0185 34.2358
45 15 0 61.221 63.6855
45 16 0 51.6417 61.5914
45 17 0 39.1934 58.6517
45 18 0 4.01131 5.40675
45 19 0 48.4407 71.9831
45 20 0 87.9753 102.988
45 21 0 1.16951 1.22443
45 22 0 62.8539 89.2959
45 23 0 17.9975 18.2249
45 24 0 90.8804 99.4901
45 25 1 26.6094 32.1175
45 26 0 68.0354 70.8742
45 27 0 45.7774 57.4149
45 28 0 1.10901 1.23558
45 29 0 61.4893 74.2418
45 30 0 31.0767 38.3275
45 31 0 80.8463 94.6472
45 32 0 92.6243 135.565
45 33 0 47.8049 61.1367
45 34 1 52.5266 61.2191
45 35 0 6.40876 9.4549
45 36 0 21.363 24.6726
45 37 0 66.8805 71.5644
45 38 0 14.0608 20.2939
45 39 0 72.5601 85.1574
45 40 0 47.1352 49.0169
45 41 0 89.366 127.023
45 42 0 14.2537 21.0713
45 43 0 66.3946 98.8186
45 44 0 9.0835 12.437
45 46 1 26.2302 37.9336
45 47 0 56.2453 60.1948
45 48 0 27.729 27.8265
45 49 0 41.5445 54.4611
45 50 0 17.3074 22.3758
45 51 1 31.2517 36.5897
45 52 0 55.9687 68.9077
45 53 1 37.7692 41.304
45 54 0 12.0207 15.369
45 55 0 18.1496 25.817
45 56 0 57.0844 84.8226
45 57 0 85.6278 117.269
45 58 0 56.6969 80.9547
45 59 1 88.6953 110.476
45 60 0 10.2371 13.5739
46 1 0 84.7486 120.846
46 2 1 2.49395 2.61484
46 3 0 24.2411 27.8397
46 4 0 45.8161 57.4466
46 5 0 19.5826 20.4373
46 6 0 76.7186 108.798
46 7 0 88.3194 105.149
46 8 0 78.2484 91.6879
46 9 0 76.0894 82.2621
46 10 0 58.305 78.8583
46 11 0 15.8909 16.5469
46 12 0 70.3212 75.0143
46 13 0 54.2482 71.5958
46 14 0 19.0124 21.5008
46 15 0 50.3872 51.1984
46 16 0 75.0969 87.0746
46 17 0 72.5933 107.923
46 18 0 94.3009 117.694
46 19 0 27.262 31.8778
46 20 0 86.407 118.347
46 21 0 28.1759 34.8432
46 22 0 99.9034 147.41
46 23 0 0.685001 0.781348
46 24 0 51.91 69.8445
46 25 1 77.5835 103.031
46 26 0 46.238 47.8361
46 27 0 83.6289 95.4666
46 28 0 52.4903 61.4451
46 29 0 74.9104 92.3028
46 30 0 22.7448 32.9478
46 31 0 50.948 55.0458
46 32 1 22.2592 23.1529
46 33 1 74.4356 92.6976
46 34 0 10.7321 13.0203
46 35 0 20.9394 29.594
46 36 0 40.4163 47.278
46 37 0 40.625 42.821
46 38 0 43.1104 60.9998
46 39 0 90.6784 110.099
46 40 0 34.955 43.6354
46 41 0 39.6792 56.1174
46 42 0 90.8842 111.654
46 43 0 10.6945 10.8496
46 44 0 53.1658 56.4376
46 45 1 3.5902 4.13731
46 47 1 16.6906 20.9101
46 48 0 58.1412 69.6455
46 49 0 75.4661 106.976
46 50 0 19.0608 19.3916
46 51 0 57.5648 84.2318
46 52 0 64.0347 64.5411
46 53 0 51.2246 76.521
46 54 0 39.6344 44.8837
46 55 0 83.3463 116.348
46 56 0 37.8605 39.5123
46 57 0 94.954 133.496
46 58 0 71.5362 94.7531
46 59 0 79.5028 102.706
46 60 0 24.1669 33.9714
47 1 1 34.6192 47.2494
47 2 0 42.1362 50.2107
47 3 0 32.029 43.5871
47 4 0 14.0001 16.2159
47 5 0 54.2436 57.8604
47 6 1 8.56476 8.8662
47 7 0 56.728 66.293
47 8 0 67.1722 70.2441
47 9 0 72.2114 93.4012
47 10 0 44.6215 59.3402
47 11 0 54.67 75.8999
47 12 0 42.3112 51.2091
47 13 0 9.35765 13.5744
47 14 0 24.9333 29.9228
47 15 0 96.5301 96.619
47 16 1 55.832 61.4949
47 17 0 16.0407 23.7721
47 18 0 99.2244 141.703
47 19 0 85.0693 87.4164
47 20 0 37.3364 39.1269
47 21 0 81.6451 110.639
47 22 0 92.4883 115.644
47 23 1 0.594257 0.718358
47 24 0 59.6522 81.917
47 25 0 20.9258 30.8845
47 26 0 64.1439 85.3868
47 27 0 62.413 82.6904
47 28 0 20.3692 25.4495
47 29 0 45.8707 47.9614
47 30 0 57.3461 63.0418
47 31 0 54.3408 58.7698
47 32 1 85.659 115.117
47 33 0 26.6712 32.4479
47 34 0 9.03417 9.59488
47 35 0 73.1714 105.056
47 36 0 66.684 71.7288
47 37 0 6.09667 6.82789
47 38 0 47.838 51.8938
47 39 1 14.6969 20.8142
47 40 0 10.3196 10.8443
47 41 0 87.6783 96.0747
47 42 0 31.7442 46.1118
47 43 0 73.9519 82.6257
47 44 0 79.2926 108.395
47 45 0 85.8807 97.7899
47 46 0 1.1249 1.62968
47 48 1 30.4078 39.254
47 49 1 12.25 15.7149
47 50 0 22.9759 33.6531
47 51 0 92.3903 136.101
47 52 0 11.6188 13.396
47 53 0 55.7474 61.2851
47 54 0 14.8689 18.9855
47 55 0 9.90795 11.9749
47 56 0 20.7006 29.3322
47 57 0 20.1319 29.8688
47 58 0 99.4528 118.168
47 59 0 3.78572 5.34949
47 60 0 25.976 33.7169
48 1 0 6.19857 8.03483
48 2 0 37.231 54.5644
48 3 0 63.4435 78.7927
48 4 0 48.3123 65.8452
48 5 0 79.3128 106.278
48 6 0 75.1448 93.3355
48 7 1 33.7391 33.7518
48 8 0 8.71945 12.6058
48 9 0 79.3526 116.772
48 10 0 82.8142 86.6268
48 11 1 94.1222 129.963
48 12 0 3.77138 5.46485
48 13 0 84.7418 102.856
48 14 0 58.3338 85.9208
48 15 0 60.4935 67.2916
48 16 0 85.2573 89.614
48 17 1 46.4355 58.2848
48 18 0 56.4384 68.1833
48 19 1 40.9039 59.8477
48 20 1 95.7918 118.245
48 21 0 68.3178 101.967
48 22 0 71.0731 85.252
48 23 0 68.5361 85.9368
48 24 0 2.99108 4.21713
48 25 1 16.8045 19.3086
48 26 0 70.4114 92.5063
48 27 0 71.0472 75.5381
48 28 0 1.16445 1.26979
48 29 0 65.6075 76.3696
48 30 0 90.7859 123.966
48 31 1 66.2653 89.2556
48 32 0 90.7399 103.262
48 33 0 89.9427 103.535
48 34 0 56.1319 77.4491
48 35 0 14.179 17.5901
48 36 0 6.43554 8.65487
48 37 0 28.4101 28.6072
48 38 0 52.5707 54.6123
48 39 0 75.7538 92.8262
48 40 0 58.3397 67.1842
48 41 0 43.5999 58.214
48 42 0 83.5274 89.2501
48 43 0 17.3242 19.9868
48 44 0 64.5327 81.7475
48 45 0 26.0778 37.0212
48 46 0 41.4283 49.0188
48 47 0 42.6728 49.6231
48 49 1 47.7524 66.2606
48 50 0 39.2386 57.8213
48 51 0 51.226 66.4032
48 52 1 98.3989 108.321
48 53 0 29.9659 44.634
48 54 0 84.548 126.008
48 55 0 82.0142 91.9567
48 56 0 2.36106 2.54012
48 57 1 59.929 65.7726
48 58 0 71.1895 94.6135
48 59 0 70.9085 103.199
48 60 0 19.365 27.8099
49 1 0 3.61932 5.40423
49 2 0 17.0314 17.0913
49 3 0 82.3508 102.874
49 4 0 83.7178 124.074
49 5 0 10.4866 12.3291
49 6 0 62.1348 73.4779
49 7 1 50.5932 72.2181
49 8 0 34.5807 35.1196
49 9 0 54.8337 59.4936
49 10 0 28.9954 32.3887
49 11 0 8.52931 9.8235
49 12 0 39.2268 52.425
49 13 1 24.8667 31.357
49 14 0 46.1514 68.4203
49 15 0 13.4732 15.0043
49 16 0 26.402 38.1477
49 17 0 62.6568 83.1421
49 18 0 69.2725 89.9906
49 19 0 66.7174 98.6177
49 20 0 66.2607 94.8824
49 21 0 46.5114 61.6398
49 22 0 79.8794 89.2338
49 23 0 88.3749 121.395
49 24 0 7.95674 9.35309
49 25 0 54.216 69.2589
49 26 0 36.6142 50.455
49 27 0 0.0676274 0.101293
49 28 0 44.5202 63.2654
49 29 0 0.0574835 0.0760542
49 30 0 94.8604 100.38
49 31 1 45.5645 51.7509
49 32 0 17.9441 19.4232
49 33 0 50.5272 64.5861
49 34 0 77.7712 111.468
49 35 0 90.2064 96.7171
49 36 0 69.1036 82.5585
49 37 0 27.646 33.3653
49 38 0 8.19313 10.067
49 39 1 23.4378 30.0503
49 40 0 46.5687 49.1464
49 41 0 71.0701 89.4165
49 42 0 66.1919 80.3421
49 43 0 16.4158 17.4177
49 44 0 75.6055 93.0259
49 45 0 34.0543 43.961
49 46 0 15.3941 20.3175
49 47 0 33.1593 39.6607
49 48 0 40.048 59.4586
49 50 1 68.6025 69.1645
49 51 0 14.3683 16.767
49 52 0 87.1821 107.072
49 53 0 52.1261 71.2961
49 54 0 2.10829 2.13164
49 55 0 87.0873 101.894
49 56 0 63.8877 68.3684
49 57 0 1.86396 1.88082
49 58 0 83.5576 122.006
49 59 0 48.3581 56.9568
49 60 0 85.2636 99.6024
50 1 0 52.1482 59.5958
50 2 0 60.7892 64.7422
50 3 0 97.5473 127.673
50 4 1 97.5967 118.494
50 5 0 21.8267 31.8442
50 6 0 19.1644 26.9251
50 7 0 35.714 48.8228
50 8 0 98.3456 140.011
50 9 0 40.9077 53.8905
50 10 1 74.7102 99.342
50 11 0 55.119 78.6011
50 12 0 19.6703 26.3322
50 13 0 45.3086 51.4247
50 14 0 6.66587 7.61887
50 15 0 60.9091 84.252
50 16 0 90.5291 109.887
50 17 0 50.7269 68.092
50 18 0 95.6739 141.05
50 19 0 76.8889 89.669
50 20 0 62.7798 63.2818
50 21 1 54.6345 81.1063
50 22 1 62.3295 70.8122
50 23 0 47.4106 57.8604
50 24 0 16.7972 21.0506
50 25 0 88.8001 92.5089
50 26 0 29.444 32.0898
50 27 0 75.1267 101.922
50 28 0 90.5279 112.419
50 29 0 89.5185 115.671
50 30 0 82.0797 121.512
50 31 0 4.74902 6.00493
50 32 0 95.6239 123.295
50 33 1 89.6942 100.167
50 34 0 13.1352 19.1733
50 35 0 2.81215 4.14964
50 36 0 41.2212 59.2855
50 37 0 83.0163 103.812
50 38 0 63.0599 83.1245
50 39 1 3.18661 3.77743
50 40 0 47.2147 48.278
50 41 0 78.2894 116.134
50 42 1 66.1254 90.275
50 43 0 99.0065 147.861
50 44 0 84.6125 100.872
50 45 0 10.9535 13.5794
50 46 0 54.6497 79.3119
50 47 0 57.3577 61.7598
50 48 1 98.7531 111.374
50 49 0 16.2543 18.6698
50 51 1 95.8101 117.41
50 52 1 37.2457 42.7201
50 53 0 1.55201 1.94901
50 54 0 2.74374 3.83084
50 55 0 67.8076 73.4619
50 56 0 23.8482 30.4751
50 57 0 1.82702 1.86271
50 58 0 42.192 47.7929
50 59 1 14.0399 19.5502
50 60 0 35.1284 46.7972
51 1 0 18.4487 21.3567
51 2 0 11.6069 14.264
51 3 0 77.9263 89.9577
51 4 0 2.48004 3.48834
51 5 0 9.08964 12.0918
51 6 0 41.188 48.4811
51 7 0 69.5125 88.8733
51 8 0 33.3263 48.54
51 9 0 70.2562 96.5176
51 10 0 70.9582 101.068
51 11 0 17.4039 20.5463
51 12 1 46.7802 69.3661
51 13 1 49.9578 54.7298
51 14 0 51.944 74.0396
51 15 0 64.7046 86.8816
51 16 0 76.3023 108.041
51 17 0 12.7627 15.9038
51 18 0 96.7361 137.646
51 19 0 8.05726 9.17979
51 20 0 45.5791 61.4563
51 21 0 13.4772 17.8466
51 22 1 95.7628 104.265
51 23 0 85.8446 117.941
51 24 0 86.7969 109.958
51 25 1 6.44288 6.8085
51 26 0 89.4747 103.433
51 27 0 89.0483 97.3202
51 28 0 41.031 52.139
51 29 0 47.1988 54.8509
51 30 0 11.4623 11.569
51 31 0 35.5336 52.7807
51 32 0 43.7405 57.0549
51 33 0 38.3332 56.2017
51 34 0 96.7431 120.897
51 35 0 93.0092 94.7063
51 36 0 42.8219 64.1267
51 37 0 73.5895 78.5031
51 38 0 54.5762 66.6198
51 39 0 80.3549 115.881
51 40 0 23.2536 28.4367
51 41 0 57.0839 82.4425
51 42 0 24.2674 30.2998
51 43 0 93.9789 123.741
51 44 1 96.3953 141.776
51 45 0 47.0402 51.8812
51 46 0 65.3048 74.4656
51 47 0 99.3133 133.937
51 48 0 61.5465 62.1543
51 49 0 10.5181 11.7385
51 50 0 77.3747 89.4105
51 52 1 2.72496 3.07066
51 53 0 2.47787 3.40568
51 54 0 2.20703 2.24041
51 55 1 93.542 129.645
51 56 1 15.2233 21.0158
51 57 0 80.2995 85.0042
51 58 0 96.8402 128.19
51 59 0 4.46569 6.01814
51 60 0 12.361 14.956
52 1 0 61.1483 65.6076
52 2 0 27.5041 34.2863
52 3 0 87.3962 96.121
52 4 0 85.44 86.3951
52 5 0 76.2866 76.4571
52 6 0 19.0415 19.3036
52 7 0 71.2054 92.5551
52 8 0 7.19512 8.70023
52 9 0 90.4588 113.617
52 10 0 8.65939 9.97673
52 11 0 30.5035 31.2307
52 12 0 36.8538 41.4437
52 13 0 36.3345 45.236
52 14 0 55.1481 66.1202
52 15 0 81.7812 121.272
52 16 0 68.4165 86.8284
52 17 0 20.8459 27.3432
52 18 0 71.4283 76.9059
52 19 0 94.9146 111.27
52 20 1 69.7777 102.739
52 21 0 40.939 54.928
52 22 0 57.5186 59.251
52 23 0 29.6901 43.68
52 24 0 51.6425 60.1666
52 25 0 47.6884 70.1937
52 26 0 54.7748 59.8985
52 27 0 64.5317 90.2945
52 28 0 99.379 118.515
52 29 0 63.618 67.4991
52 30 0 15.2563 20.2773
52 31 0 44.069 51.6245
52 32 0 0.49267 0.561116
52 33 0 60.2492 73.1227
52 34 0 65.6691 89.7683
52 35 1 34.6903 40.7142
52 36 0 74.6097 110.737
52 37 0 15.4687 22.5704
52 38 1 28.9496 36.6203
52 39 0 49.1631 64.7648
52 40 0 53.1792 69.67
52 41 0 82.1096 92.7458
52 42 0 84.0325 108.727
52 43 0 86.4509 103.722
52 44 0 48.7486 61.0329
52 45 0 65.5434 71.1127
52 46 0 71.2339 81.8114
52 47 0 64.6018 73.2463
52 48 1 52.2222 72.0392
52 49 0 83.6528 101.6
52 50 0 79.9208 87.3079
52 51 1 68.0889 75.5196
52 53 1 56.3593 83.0758
52 54 0 73.0915 85.7024
52 55 0 29.2429 34.2498
52 56 0 59.7766 79.7731
52 57 0 72.413 107.643
52 58 0 28.2995 34.2858
52 59 0 29.4267 42.6802
52 60 0 40.6914 55.6262
53 1 1 62.157 66.2621
53 2 0 75.1946 84.93
53 3 1 17.2411 21.5813
53 4 0 28.4473 31.5051
53 5 0 0.966551 1.1509
53 6 0 31.0211 36.4902
53 7 0 28.5923 42.7916
53 8 1 47.0304 61.5008
53 9 1 77.5065 85.145
53 10 0 22.6642 30.3012
53 11 1 98.3547 126.034
53 12 0 11.8564 15.6017
53 13 0 50.1616 55.6729
53 14 0 66.8969 96.4428
53 15 0 4.70208 5.93747
53 16 0 52.9988 62.553
53 17 0 66.9033 99.3857
53 18 0 44.3573 45.1534
53 19 0 27.9329 28.5388
53 20 0 1.06957 1.30628
53 21 1 51.1244 69.6747
53 22 0 94.2438 116.08
53 23 0 62.46 79.4239
53 24 0 59.8812 60.5497
53 25 0 78.1111 100.078
53 26 0 85.3761 117.147
53 27 0 29.534 36.022
53 28 0 39.4107 46.2012
53 29 0 19.2834 27.579
53 30 0 39.8787 46.7949
53 31 0 55.4465 68.2871
53 32 0 87.4866 101.048
53 33 0 0.23422 0.277696
53 34 0 56.1067 61.0069
53 35 1 9.24942 11.3273
53 36 0 10.82 14.8911
53 37 0 99.4923 142.123
53 38 0 79.574 100.286
53 39 1 90.9029 106.136
53 40 0 7.4995 8.2274
53 41 0 95.1119 109.131
53 42 0 87.8014 107.866
53 43 0 72.1075 74.4633
53 44 0 96.4503 138.944
53 45 0 68.4259 83.1911
53 46 0 54.8357 66.021
53 47 1 62.2952 73.498
53 48 0 14.0012 16.8456
53 49 0 85.2478 124.962
53 50 0 54.9597 72.0035
53 51 0 2.73293 3.08199
53 52 0 8.05987 10.8637
53 54 1 94.7294 98.1547
53 55 1 67.5725 74.239
53 56 1 91.0456 91.4196
53 57 0 6.03512 7.7363
53 58 0 12.7265 18.8202
53 59 0 60.663 90.7292
53 60 1 32.3711 41.4692
54 1 0 5.39876 5.71029
54 2 0 76.7313 95.3377
54 3 0 18.3614 19.0896
54 4 0 17.7622 23.4673
54 5 0 30.4858 40.8763
54 6 0 36.5416 44.7643
54 7 0 95.5036 124.746
54 8 0 36.9005 46.4822
54 9 0 52.0917 56.4994
54 10 0 85.2792 123.847
54 11 0 63.3214 71.0267
54 12 0 9.76182 11.8503
54 13 0 45.4491 61.7343
54 14 0 23.9791 30.3264
54 15 0 15.7958 21.3705
54 16 0 74.43 101.29
54 17 0 70.2605 94.2192
54 18 0 99.0843 143.457
54 19 0 62.345 70.9703
54 20 0 61.5464 70.4935
54 21 0 30.8593 31.9634
54 22 0 44.7404 60.3328
54 23 0 9.70335 13.7533
54 24 0 65.2234 78.8972
54 25 0 79.4113 113.735
54 26 0 32.2548 46.0132
54 27 0 9.94854 12.201
54 28 0 53.984 58.9929
54 29 0 42.0388 44.0076
54 30 0 44.8182 55.878
54 31 0 24.2967 28.0363
54 32 1 84.2422 100.027
54 33 0 35.919 46.5531
54 34 0 66.1812 67.8354
54 35 0 86.9061 97.3655
54 36 0 32.6459 39.8307
54 37 0 11.9529 15.7491
54 38 0 92.8569 128.614
54 39 0 30.4324 33.2651
54 40 0 80.0574 104.442
54 41 1 91.4805 132.114
54 42 0 7.83739 10.8449
54 43 0 55.0369 71.0628
54 44 0 45.4991 57.2163
54 45 0 92.4907 108.978
54 46 0 74.969 88.5058
54 47 0 29.0246 33.0515
54 48 0 23.0688 34.4834
54 49 0 90.7281 116.319
54 50 1 94.2567 104.43
54 51 0 5.65039 7.37826
54 52 0 5.06904 5.51588
54 53 0 62.6179 89.4154
54 55 1 4.59555 6.75855
54 56 0 18.3225 19.8747
54 57 0 59.0069 68.2313
54 58 0 67.5212 73.9773
54 59 0 30.6915 36.6003
54 60 0 88.0781 117.475
55 1 0 33.9246 40.5823
55 2 0 34.3463 47.5901
55 3 0 10.6401 11.6265
55 4 0 57.6491 84.5267
55 5 0 86.0119 107.702
55 6 0 32.6075 34.2821
55 7 0 27.423 37.8935
55 8 1 17.3057 25.0748
55 9 0 61.7413 65.1525
55 10 0 52.1259 58.6809
55 11 0 8.08786 11.3768
55 12 0 18.7911 20.3397
55 13 0 89.6211 109.653
55 14 1 65.158 77.8175
55 15 0 45.5952 53.8096
55 16 0 62.4974 82.5028
55 17 0 42.3486 59.8877
55 18 1 3.55759 4.86348
55 19 0 21.5899 29.1454
55 20 0 52.0356 54.6545
55 21 0 53.1654 79.4267
55 22 1 37.4881 41.5033
55 23 0 35.2788 46.3427
55 24 0 89.2766 103.847
55 25 0 63.1536 88.0562
55 26 0 22.8139 26.636
55 27 0 28.2267 39.8043
55 28 0 93.9231 94.9152
55 29 0 76.5968 78.8483
55 30 1 95.2895 118.709
55 31 0 54.7541 60.0289
55 32 0 45.8969 53.8896
55 33 0 32.6783 36.6781
55 34 0 11.4784 13.0999
55 35 0 99.1268 110.632
55 36 1 25.1818 31.6957
55 37 0 17.7686 26.4654
55 38 0 36.8443 50.9986
55 39 0 71.4698 74.526
55 40 0 15.9532 20.7396
55 41 0 66.0051 80.9606
55 42 0 2.42125 3.44226
55 43 0 45.7223 56.0301
55 44 0 82.026 121.431
55 45 0 66.5101 91.7832
55 46 0 77.2592 84.391
55 47 0 52.487 71.7162
55 48 0 57.6216 59.3362
55 49 0 24.0785 31.1275
55 50 0 78.0579 88.0303
55 51 0 65.7301 92.7361
55 52 0 11.3444 12.3024
55 53 0 92.1949 123.827
55 54 0 6.20436 7.38664
55 56 1 19.8878 21.0575
55 57 0 24.16 28.3257
55 58 0 31.8394 35.3502
55 59 0 10.394 11.5477
55 60 0 70.1334 92.5447
56 1 1 89.7374 121.321
56 2 0 93.0424 103.564
56 3 1 32.6485 40.0948
56 4 0 62.7197 77.7764
56 5 0 64.2814 80.4592
56 6 0 72.4351 82.3075
56 7 0 71.8265 96.8706
56 8 0 55.0667 73.8121
56 9 0 55.0058 56.858
56 10 0 64.6073 93.5741
56 11 0 17.5278 21.1268
56 12 0 16.5215 17.3794
56 13 0 73.5827 86.8819
56 14 0 88.989 103.964
56 15 0 5.67437 7.68311
56 16 0 23.9691 32.5581
56 17 0 17.0383 22.7198
56 18 0 3.88204 4.15572
56 19 0 69.5934 81.2345
56 20 1 38.0951 48.571
56 21 0 61.4154 63.2439
56 22 0 23.5889 23.9683
56 23 0 55.9996 74.068
56 24 0 54.0636 67.3675
56 25 0 6.17627 6.65569
56 26 0 14.5652 16.8054
56 27 0 23.6724 25.1902
56 28 0 32.2072 38.8085
56 29 0 39.1904 45.8858
56 30 0 41.3616 41.8406
56 31 0 58.6321 59.9849
56 32 1 35.3265 46.6423
56 33 0 46.9263 53.7723
56 34 0 75.4379 98.1185
56 35 0 24.5983 35.4909
56 36 0 92.2133 116.045
56 37 0 69.0866 75.786
56 38 0 97.9557 130.746
56 39 1 20.1602 26.5352
56 40 0 97.4842 139.392
56 41 1 12.2916 17.132
56 42 0 29.3601 32.8903
56 43 0 49.3126 65.3592
56 44 1 59.2509 85.875
56 45 0 0.0463706 0.047431
56 46 0 96.0578 99.9953
56 47 0 48.4652 66.0042
56 48 0 86.2138 90.1894
56 49 0 86.5896 110.548
56 50 0 89.8963 103.454
56 51 0 63.6264 77.3627
56 52 1 47.6452 55.3931
56 53 0 51.1924 55.7109
56 54 0 25.1523 25.2586
56 55 0 33.2639 48.6174
56 57 1 13.5769 17.6926
56 58 0 61.1169 88.7027
56 59 0 64.6654 87.3763
56 60 0 63.3805 87.9314
57 1 0 81.0495 90.0545
57 2 0 17.7649 19.7002
57 3 0 84.787 106.779
57 4 0 86.9225 117.006
57 5 0 33.2315 36.9234
57 6 0 52.2323 53.0719
57 7 1 64.0514 78.176
57 8 0 99.1551 108.769
57 9 0 71.9525 84.3334
57 10 0 45.4015 52.5595
57 11 0 43.3807 56.3201
57 12 0 89.2366 104.451
57 13 0 7.1853 8.10333
57 14 0 50.4404 74.8028
57 15 0 81.2834 100.15
57 16 0 99.1498 145.778
57 17 0 75.118 105.811
57 18 0 29.1052 34.0978
57 19 1 68.1902 73.7641
57 20 1 24.2738 27.5515
57 21 0 71.867 94.2195
57 22 0 99.5664 133.684
57 23 0 49.9777 71.4233
57 24 0 36.8337 41.5708
57 25 0 79.3514 84.6492
57 26 0 99.6329 105.678
57 27 0 3.27987 4.42474
57 28 0 26.6949 26.7888
57 29 0 11.891 17.0751
57 30 0 5.51637 7.02041
57 31 0 20.3188 27.5401
57 32 0 84.2787 94.389
57 33 0 24.7189 28.2554
57 34 1 13.0324 16.2107
57 35 0 73.0578 105.371
57 36 0 7.47314 10.8607
57 37 0 54.0113 71.8179
57 38 0 4.55326 6.39339
57 39 0 24.6033 25.0602
57 40 0 90.7632 98.2398
57 41 0 68.055 74.6028
57 42 0 12.805 13.2571
57 43 1 56.9979 70.4576
57 44 0 95.3589 138.288
57 45 0 20.3101 24.5371
57 46 0 7.85005 10.1982
57 47 0 18.8432 20.7776
57 48 0 23.6361 31.0123
57 49 0 99.8187 129.916
57 50 0 78.4923 104.081
57 51 0 78.1388 116.171
57 52 1 42.5313 44.0208
57 53 0 97.8986 98.903
57 54 0 73.1149 89.2673
57 55 0 64.0875 89.1219
57 56 0 29.8849 43.7807
57 58 1 92.5462 137.027
57 59 0 53.5639 68.7514
57 60 1 97.0859 130.098
58 1 0 9.17528 12.5856
58 2 0 51.4136 72.3398
58 3 0 67.2413 97.2728
58 4 1 47.6595 66.1256
58 5 0 24.7055 28.9963
58 6 0 71.9982 101.12
58 7 0 8.86634 13.0397
58 8 1 98.7501 129.78
58 9 0 15.4816 19.6174
58 10 0 12.6407 15.9528
58 11 0 97.7788 144.905
58 12 1 85.5476 123.986
58 13 1 21.5997 30.8939
58 14 0 8.1378 11.8769
58 15 0 12.9521 13.2556
58 16 0 67.8336 91.8072
58 17 0 89.205 111.779
58 18 0 81.6359 95.9879
58 19 0 35.8655 42.746
58 20 0 25.6606 37.0514
58 21 0 98.3038 116.636
58 22 0 78.8979 98.052
58 23 0 22.8067 32.8678
58 24 1 97.924 146.245
58 25 1 49.9504 66.0411
58 26 1 68.6022 84.757
58 27 0 66.0618 68.1302
58 28 1 17.4019 18.9361
58 29 0 30.3643 42.5968
58 30 0 23.0297 29.9843
58 31 0 31.8362 34.6619
58 32 0 25.7679 29.4898
58 33 0 22.0712 33.1021
58 34 0 61.5263 80.8367
58 35 0 82.2146 122.232
58 36 0 22.7762 28.4044
58 37 0 42.6727 55.1952
58 38 0 12.3228 13.8503
58 39 0 59.4624 63.7079
58 40 0 0.863094 1.0501
58 41 1 97.6807 101.295
58 42 0 70.5252 77.0194
58 43 0 35.057 41.7747
58 44 1 99.4718 124.841
58 45 0 50.5568 63.8984
58 46 1 92.6334 95.5935
58 47 0 84.3798 96.5955
58 48 0 37.3478 41.7371
58 49 0 34.3604 43.2009
58 50 0 72.823 77.8994
58 51 0 8.77093 10.999
58 52 0 65.3959 72.6227
58 53 0 16.5837 19.5691
58 54 1 81.8491 86.8117
58 55 0 6.01811 8.98567
58 56 0 23.2582 30.0925
58 57 0 46.4138 58.0325
58 59 1 50.7795 68.3772
58 60 0 92.2357 123.414
59 1 0 5.35888 7.21348
59 2 0 62.1895 65.1517
59 3 0 65.922 76.8253
59 4 1 73.0221 101.911
59 5 0 61.3728 66.2425
59 6 0 52.8498 60.6451
59 7 0 23.6031 34.2744
59 8 0 18.2287 22.3141
59 9 1 2.01962 2.5454
59 10 0 41.2045 53.4157
59 11 0 77.0215 104.975
59 12 0 74.7612 111.797
59 13 0 72.8721 97.5423
59 14 0 31.8602 33.2209
59 15 1 65.9762 72.0606
59 16 0 46.3362 53.1748
59 17 0 69.1046 102.788
59 18 0 7.53462 10.2535
59 19 0 93.2845 117.258
59 20 0 97.9875 134.714
59 21 0 95.2991 142.893
59 22 0 61.089 69.3871
59 23 0 61.8639 88.9354
59 24 0 80.2012 94.3939
59 25 0 15.549 18.1678
59 26 0 8.42304 12.3667
59 27 0 97.6904 117.434
59 28 0 23.0591 23.551
59 29 0 48.4514 57.7956
59 30 0 16.5418 22.5708
59 31 0 22.1204 25.0136
59 32 0 2.87487 3.69098
59 33 0 77.8331 109.494
59 34 0 69.5443 72.8625
59 35 0 27.3635 38.0527
59 36 0 35.9221 52.0582
59 37 0 11.9632 13.4548
59 38 0 0.652462 0.870273
59 39 0 84.2352 112.97
59 40 0 43.7117 51.6001
59 41 0 40.6241 44.161
59 42 0 7.74613 7.88009
59 43 0 24.0277 28.104
59 44 0 90.4138 115.72
59 45 0 0.394049 0.516087
59 46 0 43.8819 47.428
59 47 0 6.23713 8.08588
59 48 0 76.5248 109.268
59 49 0 41.314 53.341
59 50 0 56.6844 72.3182
59 51 0 51.9284 68.2798
59 52 0 46.3764 52.8658
59 53 0 50.101 73.9634
59 54 1 30.7227 38.7497
59 55 0 38.3984 44.9249
59 56 0 94.633 105.62
59 57 0 54.1429 74.8864
59 58 0 71.8876 101.752
59 60 1 62.8076 83.6696
60 1 1 33.4088 35.498
60 2 0 82.8827 108.649
60 3 0 23.1187 29.2155
60 4 0 87.2392 91.8266
60 5 0 66.6158 91.6979
60 6 0 8.97877 10.5386
60 7 0 96.9291 98.3899
60 8 0 33.5576 42.4861
60 9 0 39.1598 47.3945
60 10 1 26.8938 38.6368
60 11 0 23.118 33.4313
60 12 0 89.6078 131.409
60 13 0 28.5498 30.6075
60 14 0 46.2978 48.9854
60 15 0 57.1237 84.3758
60 16 0 1.18586 1.7548
60 17 0 35.982 40.0276
60 18 0 44.498 65.0424
60 19 0 70.5372 72.1193
60 20 0 63.7665 81.0659
60 21 0 71.2405 103.052
60 22 0 87.7492 119.652
60 23 0 55.8607 56.1481
60 24 0 65.3694 86.7746
60 25 0 1.62353 2.00407
60 26 0 37.3748 44.0878
60 27 0 57.5959 58.6474
60 28 0 18.9051 20.7683
60 29 0 5.13866 5.52904
60 30 0 47.4898 70.1258
60 31 1 17.9181 21.288
60 32 0 49.1754 65.398
60 33 0 96.7985 105.853
60 34 0 3.82968 4.98443
60 35 1 2.03468 2.335
60 36 0 65.8349 75.9631
60 37 0 19.9594 20.6337
60 38 0 17.8855 21.9964
60 39 0 91.7211 112.423
60 40 1 82.7824 117.66
60 41 0 58.3382 62.8665
60 42 0 15.5898 17.5961
60 43 0 64.2485 88.8266
60 44 0 81.1963 92.1871
60 45 1 68.505 79.4042
60 46 0 12.6733 16.2912
60 47 0 54.4494 72.8126
60 48 0 38.1199 39.7407
60 49 0 43.834 45.7951
60 50 0 14.8502 21.0183
60 51 0 68.0616 86.4688
60 52 0 63.7751 91.1103
60 53 0 30.99 45.7426
60 54 0 50.8283 70.7542
60 55 0 78.5236 89.6687
60 56 0 48.436 62.494
60 57 0 56.4562 57.1042
60 58 0 92.6789 111.307
60 59 0 64.7973 80.4233
10.5477 3.87909 35.9356 35.1515 11.9757 18.346 5.89804 31.2278 3.48829 9.68563 24.0837 36.2225 34.9269 0.544786 13.9528 14.2889 32.1139 33.948 12.5482 22.6444 4.38048 0.533824 17.1186 23.6483 29.4648 12.2683 16.702 36.2304 28.3366 30.3283 21.5542 26.6029 25.0181 11.3573 24.6483 12.099 1.41102 35.2029 31.7288 29.4283 4.53053 14.8613 18.6249 30.8581 35.2217 16.9063 24.5274 34.982 1.10713 14.5199 6.98782 36.9854 17.817 4.3075 18.1048 6.5134 0.8288 33.2752 32.0843 24.3445 