60
100
4
50
1 2 1 61.9863 92.6359
1 3 0 54.0282 67.3366
1 4 0 84.5288 107.52
1 5 0 65.5563 81.3039
1 6 0 19.78 25.7161
1 7 0 16.1736 20.4623
1 8 0 90.1764 117.324
1 9 0 58.3785 71.7484
1 10 0 65.3118 89.3119
1 11 0 38.5691 39.2399
1 12 0 70.4871 92.626
1 13 0 29.4141 35.4323
1 14 0 97.6357 102.849
1 15 0 30.9797 36.237
1 16 0 46.294 62.2223
1 17 0 41.3855 53.6765
1 18 0 86.1258 108.022
1 19 0 22.4989 26.0962
1 20 0 96.8744 130.943
1 21 0 42.545 48.4755
1 22 0 83.2403 106.167
1 23 0 67.9687 95.3082
1 24 0 67.1679 70.795
1 25 0 72.1776 98.2553
1 26 0 77.0405 77.9577
1 27 0 80.2713 106.49
1 28 0 5.48302 5.53876
1 29 0 75.0545 90.8143
1 30 0 97.1739 131.173
1 31 0 63.5785 72.1728
1 32 0 88.93 126.13
1 33 0 95.6885 107.619
1 34 0 48.2146 49.7515
1 35 0 79.388 91.0447
1 36 0 1.9301 2.40201
1 37 0 12.7794 17.6337
1 38 0 13.1951 14.4948
1 39 0 83.6079 103.763
1 40 0 81.6845 89.2814
1 41 0 47.8129 54.7642
1 42 0 57.3717 73.6001
1 43 0 36.972 41.1235
1 44 0 49.8763 67.183
1 45 0 64.9553 73.785
1 46 1 77.5343 89.8195
1 47 0 42.8706 59.3029
1 48 0 42.7787 47.2623
1 49 0 29.9696 30.646
1 50 0 63.1236 69.5592
1 51 0 5.63877 5.6582
1 52 0 39.2065 43.5785
1 53 0 45.7772 47.5723
1 54 0 18.3128 25.8945
1 55 0 40.8994 42.9565
1 56 0 99.5884 147.862
1 57 0 26.8744 40.1306
1 58 0 28.3051 41.8455
1 59 0 81.9091 118.487
1 60 0 90.6804 132.655
2 1 0 98.0118 138.705
2 3 1 70.8711 102.914
2 4 0 77.9881 104.909
2 5 0 7.35885 7.89071
2 6 0 81.0774 120.999
2 7 0 46.1318 47.6277
2 8 1 18.4516 23.6886
2 9 0 15.4984 18.7909
2 10 0 97.605 116.041
2 11 0 73.7792 98.3657
2 12 0 78.4195 98.3171
2 13 0 16.0121 17.7145
2 14 0 44.7775 49.2836
2 15 0 15.8116 18.1089
2 16 0 23.3358 33.6044
2 17 0 91.4231 136.758
2 18 0 67.8095 72.6259
2 19 0 88.1525 89.9545
2 20 0 18.2137 25.7932
2 21 0 65.8885 82.7402
2 22 0 98.3268 106.91
2 23 0 33.2907 35.4397
2 24 0 56.9147 76.9758
2 25 0 3.32298 4.19362
2 26 0 95.6249 96.5382
2 27 0 16.8357 22.8516
2 28 0 86.733 96.7574
2 29 0 19.9912 22.832
2 30 0 31.3346 33.0604
2 31 0 68.0156 83.5737
2 32 0 21.0813 22.7194
2 33 0 66.4135 93.0118
2 34 0 40.3119 54.6898
2 35 0 67.0267 100.324
2 36 0 1.31347 1.84492
2 37 0 36.5552 54.7989
2 38 0 49.2872 68.7472
2 39 0 70.3163 96.9435
2 40 0 80.1643 90.0209
2 41 0 10.0567 12.9938
2 42 0 70.4523 83.1539
2 43 0 0.477549 0.635994
2 44 0 18.6414 21.1604
2 45 0 70.7918 86.7397
2 46 0 88.1784 104.838
2 47 0 79.0437 92.0976
2 48 0 26.1585 32.9119
2 49 0 87.5278 88.6432
2 50 0 57.0638 66.9354
2 51 0 37.4555 40.4979
2 52 0 6.63468 6.79629
2 53 0 18.0827 19.4753
2 54 0 59.6187 81.1878
2 55 0 51.5819 73.999
2 56 0 29.7136 33.316
2 57 0 79.5275 94.5131
2 58 0 71.7011 94.5132
2 59 0 10.7489 11.7902
2 60 0 45.3375 64.7397
3 1 0 3.9963 4.73997
3 2 0 15.4146 15.4849
3 4 1 21.0221 23.81
3 5 0 21.747 27.4557
3 6 0 85.0394 113.668
3 7 0 97.2313 115.904
3 8 0 13.9804 16.9343
3 9 0 61.9027 66.0303
3 10 0 87.6255 123.181
3 11 0 55.7805 66.8747
3 12 0 37.2537 47.5175
3 13 0 77.3892 112.924
3 14 0 98.4343 113.988
3 15 1 9.39273 11.6471
3 16 0 66.1053 87.5356
3 17 0 64.8193 75.8517
3 18 0 45.7069 45.867
3 19 0 31.168 45.2908
3 20 0 84.2092 99.077
3 21 0 19.2103 20.4721
3 22 0 57.3418 75.1358
3 23 0 3.4734 4.4311
3 24 0 40.1298 41.7171
3 25 0 75.4367 96.2727
3 26 0 73.5742 93.0246
3 27 0 16.8626 17.617
3 28 0 56.9934 67.0491
3 29 0 58.6884 62.5404
3 30 0 24.9828 27.8912
3 31 0 87.3842 98.452
3 32 0 42.8994 43.678
3 33 0 80.8578 114.806
3 34 0 3.19929 4.21417
3 35 0 76.7326 104.866
3 36 0 86.3628 102.933
3 37 0 58.1822 60.2975
3 38 0 85.0911 89.902
3 39 0 52.8106 72.1906
3 40 0 20.9606 29.1387
3 41 0 35.1555 43.3858
3 42 0 14.9505 20.8564
3 43 0 63.6329 92.3676
3 44 0 5.91364 6.99316
3 45 0 87.9185 109.121
3 46 0 27.5541 37.993
3 47 0 80.6959 92.5169
3 48 0 79.6506 89.3249
3 49 0 97.0007 134.66
3 50 0 62.1105 71.7242
3 51 0 77.5824 113.163
3 52 0 46.2755 59.1804
3 53 0 90.6007 123.262
3 54 0 73.6041 100.488
3 55 0 99.6946 101.59
3 56 0 19.4797 19.7401
3 57 0 5.08144 5.11626
3 58 0 15.8609 22.2664
3 59 0 66.7415 84.5769
3 60 0 75.457 82.4182
4 1 0 13.5337 14.2206
4 2 0 10.0029 11.852
4 3 0 90.9844 114.25
4 5 1 97.3625 144.303
4 6 0 58.6367 58.9502
4 7 0 86.9396 92.229
4 8 0 93.3001 124.467
4 9 0 81.5841 117.506
4 10 0 20.1604 27.4484
4 11 0 7.79512 8.21556
4 12 0 80.1783 100.908
4 13 0 91.4036 98.4954
4 14 0 39.8892 49.1202
4 15 0 45.4743 46.3084
4 16 0 61.3613 61.6202
4 17 0 95.2944 119.713
4 18 0 74.021 86.7141
4 19 0 26.2366 32.3918
4 20 0 64.3599 82.1804
4 21 0 18.3742 24.2847
4 22 0 69.816 93.809
4 23 0 70.4627 102.826
4 24 0 42.75 61.3044
4 25 0 68.0895 98.7092
4 26 0 84.061 112.495
4 27 0 18.5522 19.3677
4 28 0 22.7074 28.8043
4 29 0 26.6174 27.2275
4 30 0 84.7034 93.4656
4 31 0 98.3186 107.429
4 32 0 13.4011 18.6507
4 33 0 65.2982 67.4538
4 34 0 10.2649 15.2158
4 35 0 67.1911 74.3802
4 36 0 43.351 56.4607
4 37 0 94.5406 104.836
4 38 0 70.6029 97.0573
4 39 0 0.0591742 0.0629297
4 40 0 14.8962 15.8612
4 41 0 98.3495 103.875
4 42 0 41.2149 48.1613
4 43 0 19.9364 23.5926
4 44 0 7.33164 10.0847
4 45 0 22.9047 28.1498
4 46 0 16.3545 20.6678
4 47 0 40.7043 58.3141
4 48 0 73.8691 105.878
4 49 0 22.7753 33.6062
4 50 0 54.4868 65.8396
4 51 0 2.58315 2.58927
4 52 0 69.8882 77.51
4 53 0 69.3503 96.9856
4 54 0 67.8715 81.1756
4 55 0 47.1304 49.3142
4 56 0 9.05578 9.0796
4 57 0 80.6958 104.74
4 58 0 59.9809 87.4746
4 59 0 44.8367 56.9441
4 60 0 23.5821 29.8533
5 1 0 90.569 92.7501
5 2 0 99.4958 147.555
5 3 0 51.6317 65.0292
5 4 0 95.5319 119.854
5 6 1 15.5034 18.8426
5 7 0 10.6712 11.7295
5 8 0 56.5983 70.6523
5 9 0 32.8434 41.7768
5 10 0 11.6821 14.5379
5 11 0 44.7441 46.9235
5 12 0 61.226 76.6562
5 13 0 47.1328 69.5953
5 14 0 73.2119 105.358
5 15 0 65.3115 86.2985
5 16 0 60.5674 74.0562
5 17 0 82.6525 93.79
5 18 0 99.6811 109.595
5 19 0 70.3892 73.6017
5 20 0 67.1508 79.7411
5 21 0 65.727 68.955
5 22 0 88.3567 91.9074
5 23 0 16.3486 16.8592
5 24 0 60.277 67.2111
5 25 0 28.8244 30.6401
5 26 0 26.7103 31.9194
5 27 0 69.9782 91.6528
5 28 0 2.39712 2.78654
5 29 0 44.4855 53.7588
5 30 0 89.188 89.4589
5 31 0 65.0412 78.1704
5 32 0 50.677 58.4105
5 33 0 30.7857 41.8465
5 34 0 49.5633 69.8991
5 35 0 41.22 47.8268
5 36 0 75.8294 94.8807
5 37 0 71.9501 100.694
5 38 0 83.7955 114.818
5 39 0 51.6757 72.0086
5 40 0 10.7222 14.6983
5 41 0 60.7836 65.2155
5 42 0 34.5005 41.8332
5 43 0 3.84423 4.09629
5 44 0 12.6239 14.4014
5 45 0 4.0248 4.30527
5 46 0 4.90154 5.50789
5 47 0 80.3235 87.9616
5 48 0 81.5581 96.6572
5 49 0 67.9022 94.8815
5 50 0 11.2075 16.2488
5 51 0 92.2206 112.955
5 52 0 99.3308 138.225
5 53 0 12.8043 15.2825
5 54 0 80.1202 80.2635
5 55 0 70.4721 72.1221
5 56 0 2.41794 3.13181
5 57 0 38.3699 38.8028
5 58 0 52.7294 56.4491
5 59 0 31.8732 46.8946
5 60 0 2.18723 2.97394
6 1 0 73.253 76.298
6 2 0 99.7303 146.811
6 3 0 9.6476 13.4211
6 4 0 71.8906 103.88
6 5 0 69.4148 96.372
6 7 1 7.98206 11.0512
6 8 0 71.6417 97.4794
6 9 0 80.3525 97.4642
6 10 0 79.0939 114.561
6 11 0 78.0799 114.987
6 12 0 36.0207 45.1161
6 13 0 81.7757 120.218
6 14 0 25.2161 33.8263
6 15 0 11.0551 13.2563
6 16 0 20.011 25.0415
6 17 0 17.438 23.6342
6 18 0 48.2617 58.1209
6 19 0 54.4948 80.198
6 20 0 93.672 137.896
6 21 0 64.9497 89.2404
6 22 0 37.0566 37.3917
6 23 0 34.2334 35.2411
6 24 0 14.3399 16.1461
6 25 0 47.1934 66.5632
6 26 0 98.6071 143.256
6 27 0 53.9609 67.339
6 28 0 88.984 114.379
6 29 0 72.9421 106.777
6 30 0 25.0777 33.5223
6 31 0 41.7884 54.4569
6 32 0 93.9451 124.404
6 33 0 14.611 19.1962
6 34 0 51.6245 64.0873
6 35 0 13.168 15.1196
6 36 0 27.1298 30.5301
6 37 0 62.058 87.7415
6 38 0 52.2807 67.7674
6 39 0 70.5866 102.404
6 40 0 58.3196 65.1854
6 41 0 13.798 19.2419
6 42 0 48.7546 64.6524
6 43 0 53.631 75.5861
6 44 0 65.0099 86.2939
6 45 0 26.3996 32.4237
6 46 0 17.8961 26.7355
6 47 0 99.8869 143.202
6 48 0 76.0912 86.5234
6 49 0 25.6699 30.0836
6 50 0 49.8664 68.6867
6 51 0 92.4516 128.691
6 52 0 53.7887 67.135
6 53 0 34.2718 45.8289
6 54 1 22.5591 23.419
6 55 0 25.5975 30.2492
6 56 0 72.8525 81.8672
6 57 0 50.6552 54.556
6 58 0 34.9634 42.4741
6 59 0 97.9724 109.61
6 60 0 48.6515 69.8962
7 1 0 32.5483 43.6017
7 2 0 79.4644 94.1038
7 3 0 89.2025 127.047
7 4 0 20.7801 23.22
7 5 0 75.2663 91.3595
7 6 0 85.195 125.254
7 8 1 57.8474 69.4305
7 9 0 91.5479 128.727
7 10 0 38.7883 43.3995
7 11 0 63.6766 84.9099
7 12 0 5.68512 8.03596
7 13 0 97.6599 113.556
7 14 0 55.6151 67.473
7 15 0 14.3856 19.8249
7 16 0 44.9154 53.235
7 17 0 83.6302 109.492
7 18 0 60.2155 68.7845
7 19 0 78.9216 90.3026
7 20 0 16.8193 20.8781
7 21 0 4.25112 4.34248
7 22 0 51.0725 63.1559
7 23 0 65.9632 79.1698
7 24 0 7.5547 8.43445
7 25 0 99.9737 112.208
7 26 0 75.1807 78.8469
7 27 0 57.234 76.9322
7 28 0 93.1993 126.582
7 29 0 0.887408 0.934618
7 30 0 11.1661 14.9338
7 31 0 37.59 46.5029
7 32 0 14.661 16.4274
7 33 0 98.1507 106.632
7 34 0 15.3876 16.5784
7 35 0 59.9441 68.1169
7 36 0 45.1762 51.4838
7 37 0 19.3299 23.8267
7 38 0 40.1414 43.3536
7 39 0 93.9228 126.605
7 40 0 56.1508 63.9347
7 41 0 61.3493 84.0506
7 42 0 46.4089 61.503
7 43 0 94.5449 114.192
7 44 0 58.0942 79.3163
7 45 0 83.4244 111.439
7 46 0 78.3153 113.731
7 47 0 76.2906 96.4837
7 48 0 18.765 25.6056
7 49 0 15.9797 18.8887
7 50 0 16.3089 22.3469
7 51 0 30.1005 30.7379
7 52 0 84.4351 123.858
7 53 0 31.7045 41.8788
7 54 0 59.9582 86.1024
7 55 0 49.9413 64.9704
7 56 0 23.6128 32.5162
7 57 0 58.2313 69.4669
7 58 0 62.9221 90.9709
7 59 0 7.86881 10.1297
7 60 0 90.4037 94.477
8 1 0 82.7953 105.911
8 2 0 31.2136 35.4448
8 3 0 93.8614 139.889
8 4 0 15.2533 21.8361
8 5 0 43.1574 44.1498
8 6 0 9.46368 13.208
8 7 0 7.86541 9.33096
8 9 1 6.6726 9.02685
8 10 0 50.5188 53.7079
8 11 0 58.8116 74.328
8 12 0 24.3298 27.4936
8 13 0 76.66 94.3012
8 14 0 46.4095 53.2749
8 15 0 64.0814 83.0908
8 16 0 11.0477 12.7733
8 17 0 14.4434 15.6297
8 18 0 35.8416 45.7367
8 19 0 43.86 55.3273
8 20 0 59.6988 86.8258
8 21 0 13.0371 15.651
8 22 0 88.0092 97.2338
8 23 0 15.9826 17.311
8 24 0 98.536 132.902
8 25 0 80.1656 108.152
8 26 0 69.45 84.1354
8 27 0 29.8502 30.6053
8 28 0 92.728 133.149
8 29 0 13.4419 17.9298
8 30 0 94.5609 104.636
8 31 0 78.6717 104.284
8 32 0 89.7115 116.328
8 33 0 85.7773 120.746
8 34 0 28.4654 30.379
8 35 0 22.2157 32.6395
8 36 0 39.2159 55.0717
8 37 0 70.3551 81.5271
8 38 0 81.6399 110.507
8 39 0 19.3129 26.9311
8 40 0 3.86923 4.47564
8 41 0 4.04348 4.45383
8 42 0 64.0639 64.4819
8 43 0 57.7234 76.1708
8 44 0 1.11496 1.29446
8 45 0 17.5646 22.7447
8 46 0 59.372 81.154
8 47 0 58.0837 66.0821
8 48 0 45.9128 49.2064
8 49 0 33.2633 39.5476
8 50 0 17.9159 23.3549
8 51 0 60.2217 88.4533
8 52 0 55.9466 71.7105
8 53 0 89.5787 103.552
8 54 0 75.1766 94.423
8 55 0 2.25856 3.084
8 56 0 11.9867 14.133
8 57 0 57.4753 80.2734
8 58 0 55.7848 76.2267
8 59 0 49.4762 51.6159
8 60 0 14.677 16.3561
9 1 0 98.4202 135.964
9 2 0 64.8057 66.763
9 3 0 76.5787 93.2183
9 4 0 61.1446 76.5834
9 5 0 87.6866 108.519
9 6 0 46.2522 67.1778
9 7 0 75.1543 82.8238
9 8 0 28.4425 34.55
9 10 1 90.4112 116.102
9 11 0 16.3104 22.464
9 12 0 93.7638 133.253
9 13 0 48.2823 49.633
9 14 0 22.74 32.409
9 15 0 99.445 143.547
9 16 0 40.9374 54.7741
9 17 0 89.535 95.7013
9 18 0 93.1248 133.147
9 19 0 79.6036 104.582
9 20 0 81.4051 86.4505
9 21 0 83.5183 115.458
9 22 0 39.4121 55.3996
9 23 0 71.4601 106.809
9 24 0 30.2602 35.6838
9 25 0 39.8456 53.455
9 26 0 45.847 54.317
9 27 0 29.2366 36.4348
9 28 0 73.074 97.4038
9 29 0 40.2967 59.0866
9 30 0 54.7413 55.3058
9 31 0 88.3455 90.2224
9 32 0 61.2458 66.4725
9 33 0 32.9932 40.2874
9 34 0 18.837 21.7405
9 35 0 91.8405 134.358
9 36 0 57.6147 66.9293
9 37 0 24.8699 29.3952
9 38 0 72.695 104.303
9 39 0 31.0667 33.2039
9 40 0 85.4424 87.4559
9 41 0 92.5219 100.612
9 42 0 31.0595 33.9648
9 43 0 1.30673 1.468
9 44 0 57.2546 79.668
9 45 0 16.6147 23.8731
9 46 0 48.3858 53.0975
9 47 0 78.9655 94.6593
9 48 0 30.7812 37.75
9 49 0 87.8798 100.588
9 50 0 90.4077 125.646
9 51 0 88.2744 103.59
9 52 0 27.8271 35.4691
9 53 0 41.6696 51.6337
9 54 0 87.1102 101.973
9 55 0 62.2635 88.3024
9 56 0 81.3928 103.329
9 57 0 99.4672 116.411
9 58 0 84.2974 114.875
9 59 0 47.8049 67.0879
9 60 0 37.4857 37.778
10 1 0 70.6809 83.8927
10 2 0 50.8165 75.4089
10 3 0 17.82 17.9153
10 4 0 41.1637 45.6479
10 5 0 41.6968 58.0495
10 6 0 74.1425 107.149
10 7 0 54.1025 71.09
10 8 0 42.4341 52.6496
10 9 0 12.517 18.695
10 11 1 98.7223 144.58
10 12 0 57.7675 77.4172
10 13 0 28.4192 34.4713
10 14 0 22.5018 28.5222
10 15 0 43.9551 56.4125
10 16 0 37.2931 52.5379
10 17 0 31.6918 47.163
10 18 0 69.0089 83.5684
10 19 0 44.1535 46.9649
10 20 0 46.5555 52.0203
10 21 0 93.7262 112.921
10 22 0 62.6339 86.4974
10 23 0 34.8086 50.2316
10 24 0 57.5432 71.5369
10 25 0 41.3845 57.8002
10 26 0 3.20294 3.81491
10 27 0 22.4297 30.7598
10 28 0 51.5408 63.7673
10 29 0 87.4651 110.378
10 30 0 90.6701 99.1066
10 31 0 22.5706 27.3584
10 32 0 27.7227 38.458
10 33 0 82.6764 109.994
10 34 0 98.1606 121.079
10 35 0 92.5889 130.306
10 36 0 47.7388 51.4436
10 37 0 84.8177 125.192
10 38 0 49.6012 59.9878
10 39 0 42.0003 54.7171
10 40 0 52.4999 56.9746
10 41 0 36.2141 53.21
10 42 0 3.86186 4.01803
10 43 0 66.3193 93.9325
10 44 0 46.3135 65.3399
10 45 0 56.3053 68.4251
10 46 0 6.25052 7.1279
10 47 0 45.3393 66.7759
10 48 0 55.0393 73.2838
10 49 0 44.9755 49.8193
10 50 0 60.8178 65.1807
10 51 0 26.1348 29.0987
10 52 0 62.4964 83.3603
10 53 0 40.9166 43.0058
10 54 0 89.1921 97.5884
10 55 0 90.3006 107.012
10 56 0 79.217 108.811
10 57 0 22.0993 30.2331
10 58 0 46.175 58.6598
10 59 0 69.8721 82.0293
10 60 0 18.837 27.8389
11 1 0 32.0302 45.3659
11 2 0 28.751 35.3004
11 3 0 48.7923 53.138
11 4 0 64.3356 77.3939
11 5 0 44.7316 54.8396
11 6 0 84.373 126.557
11 7 0 76.3773 99.6303
11 8 0 78.9516 92.7821
11 9 0 54.6721 76.0242
11 10 0 65.0663 85.3373
11 12 1 97.3609 127.323
11 13 0 73.7495 103.086
11 14 0 72.8652 104.601
11 15 0 3.94728 4.09686
11 16 0 12.8703 15.5487
11 17 0 31.8433 35.5348
11 18 0 12.6229 16.2177
11 19 0 13.3491 17.0286
11 20 0 97.5656 144.975
11 21 0 76.8492 107.978
11 22 0 45.0947 54.0735
11 23 0 84.7681 88.3526
11 24 0 99.4505 145.731
11 25 0 68.5907 92.2884
11 26 0 11.0939 12.8232
11 27 0 78.3141 79.6792
11 28 0 6.53199 8.82389
11 29 0 22.4347 26.9337
11 30 0 74.0872 74.6946
11 31 0 41.9291 60.1421
11 32 0 39.881 56.7058
11 33 0 37.9986 56.7225
11 34 0 39.9436 47.9556
11 35 0 31.355 34.4502
11 36 0 58.3029 66.023
11 37 0 45.6787 64.0008
11 38 0 10.3387 12.154
11 39 0 22.2496 23.1769
11 40 0 28.2977 36.5744
11 41 0 52.9009 67.8401
11 42 0 51.8768 60.766
11 43 0 65.2195 86.2566
11 44 0 69.5214 85.6076
11 45 0 56.6475 67.4647
11 46 0 4.57238 6.58476
11 47 0 2.20226 2.29827
11 48 0 96.402 100.338
11 49 0 20.044 24.0478
11 50 0 74.1663 93.6257
11 51 0 0.271165 0.336233
11 52 0 21.4392 30.4721
11 53 0 36.9698 50.7001
11 54 0 92.9561 118.204
11 55 0 7.71952 9.90957
11 56 0 30.8222 43.7844
11 57 0 90.8351 97.4729
11 58 0 91.7884 125.907
11 59 0 43.4911 51.1087
11 60 0 57.4725 73.2282
12 1 0 23.6655 30.4775
12 2 0 17.1471 22.3619
12 3 1 26.2673 31.9752
12 4 0 86.0726 113.696
12 5 0 62.8402 79.0212
12 6 0 83.9546 91.5478
12 7 0 46.5626 46.7525
12 8 0 47.9345 52.6318
12 9 0 4.74101 4.90614
12 10 0 46.7735 57.1892
12 11 0 98.9764 119.745
12 13 1 83.0886 120.015
12 14 0 40.7925 50.209
12 15 0 68.6797 79.9946
12 16 0 70.3113 79.6247
12 17 0 24.747 34.3329
12 18 0 83.877 125.343
12 19 0 55.7627 59.4105
12 20 0 35.554 53.1516
12 21 0 68.9053 79.7978
12 22 0 39.6105 42.5093
12 23 0 83.177 111.019
12 24 0 43.8213 60.5635
12 25 0 1.15136 1.48701
12 26 0 59.8584 64.29
12 27 0 22.9868 25.3727
12 28 0 34.4585 48.9437
12 29 0 68.0495 94.6304
12 30 0 55.5506 64.4549
12 31 0 4.16303 5.2788
12 32 0 66.1451 70.1518
12 33 0 16.6111 19.9854
12 34 0 20.4043 27.6065
12 35 0 40.1481 55.9883
12 36 0 51.2733 66.8267
12 37 0 44.2068 57.9597
12 38 0 93.4939 108.006
12 39 0 55.7071 79.4547
12 40 0 82.7412 99.9007
12 41 0 50.2108 74.8106
12 42 0 36.9363 51.8338
12 43 0 32.4577 40.3547
12 44 0 56.1614 61.5866
12 45 0 37.0001 40.1959
12 46 0 92.8198 122.352
12 47 0 24.3254 28.084
12 48 0 16.0726 23.3929
12 49 0 30.2567 39.4455
12 50 0 88.4717 114.331
12 51 0 0.627993 0.650083
12 52 0 52.7651 59.1089
12 53 0 7.3477 10.1161
12 54 0 88.3316 111.787
12 55 0 91.2183 127.85
12 56 0 46.7893 61.4103
12 57 0 88.0362 102.114
12 58 0 49.8194 70.0467
12 59 0 96.4875 98.1436
12 60 0 28.5796 34.6356
13 1 0 41.2442 51.8677
13 2 0 3.88859 4.12979
13 3 0 31.2926 36.8438
13 4 0 22.0646 23.8908
13 5 0 87.3589 99.98
13 6 0 63.7764 92.909
13 7 0 90.4528 118.229
13 8 0 46.9789 69.2528
13 9 0 73.5474 105.303
13 10 0 52.2258 67.6812
13 11 0 4.00563 4.13512
13 12 0 55.7534 73.5159
13 14 1 98.604 133.295
13 15 0 50.8678 64.2975
13 16 0 14.1073 14.7498
13 17 0 85.4923 123.134
13 18 0 57.3848 82.8972
13 19 0 0.171588 0.198766
13 20 0 5.39085 5.99586
13 21 0 1.77339 1.87628
13 22 0 74.51 105.159
13 23 0 61.1301 71.3115
13 24 0 22.5154 26.109
13 25 0 28.1286 41.4298
13 26 0 70.5998 100.717
13 27 0 8.58876 10.0375
13 28 0 22.6483 23.5997
13 29 0 55.1393 63.7682
13 30 0 5.40154 7.45883
13 31 0 88.8176 96.6127
13 32 0 86.925 94.2895
13 33 0 69.4444 96.124
13 34 0 80.6661 113.953
13 35 0 48.8922 57.4752
13 36 0 47.6445 66.3782
13 37 0 74.2287 91.9644
13 38 0 96.8682 141.906
13 39 0 10.6307 11.6962
13 40 0 34.8615 41.2058
13 41 0 32.6142 48.7569
13 42 0 46.9761 50.5644
13 43 0 61.8306 73.3071
13 44 0 63.8874 94.6198
13 45 0 66.2335 67.681
13 46 0 34.2792 42.885
13 47 0 97.2556 140.416
13 48 0 70.0382 76.3522
13 49 0 35.7275 36.8467
13 50 0 80.2759 103.883
13 51 0 71.6769 102.634
13 52 0 16.8263 21.911
13 53 0 40.6224 59.731
13 54 0 83.6419 97.0733
13 55 0 60.6002 61.7681
13 56 0 17.7942 25.1428
13 57 0 47.422 58.1326
13 58 1 74.5712 85.0648
13 59 0 87.702 125.307
13 60 0 38.5144 39.5326
14 1 0 21.028 28.8473
14 2 0 23.6865 28.1394
14 3 0 36.5525 42.0452
14 4 0 99.8097 110.766
14 5 0 47.3384 70.8882
14 6 0 72.2214 97.4363
14 7 0 24.9676 36.8356
14 8 0 17.3261 20.3254
14 9 0 24.7023 34.1649
14 10 0 66.4626 97.9351
14 11 0 59.967 67.2766
14 12 0 79.0578 100.69
14 13 0 1.07331 1.45087
14 15 1 51.4949 68.0644
14 16 0 32.0981 46.494
14 17 0 65.1721 97.2657
14 18 0 66.8329 90.4244
14 19 0 35.258 43.2588
14 20 0 99.2593 101.41
14 21 0 51.6768 63.4241
14 22 0 12.2358 13.7753
14 23 0 94.043 94.1258
14 24 0 7.59767 10.859
14 25 0 55.1042 76.7948
14 26 0 38.1124 48.9814
14 27 0 11.353 14.3762
14 28 0 50.7287 60.1676
14 29 0 59.8531 70.5377
14 30 0 81.8679 109.223
14 31 0 17.6819 25.5125
14 32 0 37.1574 48.5964
14 33 0 59.9985 78.5588
14 34 0 67.7436 93.3608
14 35 0 70.8788 91.4218
14 36 0 39.0877 39.9665
14 37 0 9.67735 11.5732
14 38 0 47.2037 57.8853
14 39 0 32.0768 35.752
14 40 0 46.4464 54.1875
14 41 0 22.8742 33.125
14 42 0 4.36338 5.923
14 43 0 55.2888 61.6892
14 44 0 27.1143 39.4817
14 45 0 35.8936 37.5184
14 46 0 55.7682 71.2814
14 47 0 2.81491 3.86158
14 48 0 78.4544 86.9185
14 49 0 53.9286 71.2234
14 50 0 44.4197 55.5499
14 51 0 23.9752 34.5463
14 52 0 51.5673 67.1038
14 53 0 52.149 55.3696
14 54 0 71.6566 80.6874
14 55 0 90.2612 102.693
14 56 0 29.7918 30.4281
14 57 0 26.4283 31.0099
14 58 0 10.1533 12.6834
14 59 0 62.3875 67.6773
14 60 0 96.0762 96.8352
15 1 1 97.0607 133.939
15 2 0 94.7081 139.688
15 3 0 84.1965 101.901
15 4 0 67.0163 93.4131
15 5 0 52.311 53.9762
15 6 0 32.7282 43.3087
15 7 0 11.2884 13.3451
15 8 0 83.7642 84.5619
15 9 0 0.216549 0.217102
15 10 0 62.4031 93.3242
15 11 0 24.2449 26.5885
15 12 0 25.571 35.0895
15 13 0 8.74539 9.95174
15 14 0 98.7402 142.537
15 16 1 14.0312 16.7707
15 17 0 72.9142 85.2089
15 18 0 14.2004 14.5754
15 19 0 0.69471 0.930421
15 20 0 4.17327 4.54954
15 21 0 91.3014 110.309
15 22 0 12.001 12.6101
15 23 0 22.7492 32.1158
15 24 0 32.4736 39.2168
15 25 0 76.6123 113.258
15 26 0 4.47494 6.02389
15 27 0 24.9737 29.9756
15 28 0 46.7667 49.3243
15 29 0 8.99777 12.022
15 30 0 45.5567 64.3135
15 31 0 66.0945 91.9393
15 32 0 39.5435 42.306
15 33 0 20.2274 27.875
15 34 0 10.3301 15.0593
15 35 0 80.5645 113.641
15 36 1 8.15841 8.16061
15 37 0 51.0136 75.1766
15 38 0 6.84695 9.36527
15 39 0 90.3616 103.998
15 40 0 51.7102 63.4902
15 41 0 7.59655 11.1338
15 42 1 75.28 100.377
15 43 0 35.0653 40.3198
15 44 0 46.4238 46.8312
15 45 0 84.9383 91.1613
15 46 0 11.5985 11.8434
15 47 0 57.7276 70.8823
15 48 0 83.6742 124.633
15 49 0 45.0172 57.4127
15 50 0 75.2041 109.621
15 51 0 61.6192 69.1628
15 52 0 40.1459 46.6825
15 53 0 76.9126 88.6448
15 54 0 82.767 95.5213
15 55 0 91.9291 127.705
15 56 0 33.7229 48.107
15 57 0 7.61796 10.0907
15 58 0 6.74491 8.26031
15 59 0 77.3873 106.843
15 60 0 14.4384 19.896
16 1 0 84.9146 121.831
16 2 0 54.8999 75.7364
16 3 0 18.4512 24.2095
16 4 0 43.6637 45.1872
16 5 0 71.2355 79.4209
16 6 0 63.0601 75.295
16 7 0 25.1069 36.4165
16 8 0 83.3846 108.544
16 9 0 65.5244 80.3394
16 10 0 49.6045 59.3632
16 11 0 46.3147 64.7133
16 12 0 52.2629 54.4599
16 13 0 9.05615 9.54756
16 14 0 48.9167 66.8109
16 15 0 77.0609 113.886
16 17 1 55.4477 79.5958
16 18 0 98.756 113.484
16 19 0 72.1076 92.6535
16 20 0 75.9912 93.4943
16 21 0 27.9474 29.1272
16 22 0 2.82628 2.96725
16 23 0 59.1078 78.3131
16 24 0 84.0776 115.214
16 25 0 1.20436 1.55183
16 26 0 46.4296 63.4027
16 27 0 62.5035 82.6436
16 28 0 41.6777 42.1559
16 29 0 12.0788 17.4132
16 30 0 2.13507 2.3682
16 31 0 12.8073 16.5924
16 32 0 97.7265 108.513
16 33 0 8.97416 13.3693
16 34 0 74.9405 85.8981
16 35 0 28.652 35.0821
16 36 0 92.5512 99.7216
16 37 0 69.0707 102.682
16 38 0 8.8802 11.5376
16 39 0 67.9487 81.7917
16 40 0 58.5516 58.9187
16 41 0 41.6045 53.0345
16 42 0 73.1631 107.156
16 43 0 13.4872 19.2323
16 44 0 94.1093 96.4119
16 45 0 16.1956 20.6016
16 46 0 92.6254 103.075
16 47 0 26.8846 29.9555
16 48 0 55.4499 75.7852
16 49 0 7.9496 8.24385
16 50 0 95.9648 108.209
16 51 0 91.5822 118.584
16 52 0 92.3902 126.987
16 53 0 85.7212 108.436
16 54 0 88.8736 99.2279
16 55 0 31.5826 37.4789
16 56 0 71.5403 77.044
16 57 0 49.3958 55.1315
16 58 0 24.5331 33.8133
16 59 0 65.7622 66.6454
16 60 0 80.7874 106.048
17 1 0 27.5832 30.5205
17 2 0 2.1255 2.20579
17 3 0 3.2364 3.82807
17 4 0 42.0876 48.697
17 5 0 41.7283 57.8774
17 6 0 82.1963 99.951
17 7 0 46.0411 67.0518
17 8 0 52.3294 56.9174
17 9 0 95.7443 129.218
17 10 0 49.663 57.3855
17 11 0 95.3838 136.105
17 12 0 64.188 68.1252
17 13 0 99.4451 136.109
17 14 0 94.2148 127.983
17 15 0 61.0109 86.2454
17 16 0 64.2442 79.1884
17 18 1 52.8829 55.5549
17 19 0 42.7717 46.1407
17 20 0 73.8872 82.7804
17 21 0 27.0156 34.1745
17 22 0 13.4566 17.8753
17 23 0 50.4487 53.0336
17 24 0 26.5568 33.5381
17 25 0 57.727 63.1951
17 26 0 93.2136 117.85
17 27 0 16.3266 23.554
17 28 0 21.3775 29.4238
17 29 0 69.2781 73.6549
17 30 0 54.4532 72.8227
17 31 0 23.2621 23.5901
17 32 0 15.0493 20.7651
17 33 0 18.4936 26.779
17 34 0 9.85715 11.45
17 35 0 17.8632 20.5379
17 36 0 51.9605 76.5298
17 37 0 22.3745 25.297
17 38 0 22.8747 25.0206
17 39 0 88.9624 97.7391
17 40 0 46.3688 62.8533
17 41 0 81.9922 87.9072
17 42 0 22.4301 28.8701
17 43 0 91.3495 108.168
17 44 0 75.7131 104.083
17 45 0 53.8083 72.2862
17 46 0 99.2338 101.878
17 47 0 15.9154 22.4306
17 48 0 39.8799 58.4464
17 49 0 52.1041 66.7573
17 50 0 61.92 72.1247
17 51 0 63.0877 82.1719
17 52 0 14.7628 20.3861
17 53 0 55.5871 76.0906
17 54 0 39.9717 44.6016
17 55 0 80.8495 95.9139
17 56 0 49.617 50.9561
17 57 0 8.51794 9.31234
17 58 0 66.6121 82.1016
17 59 0 33.2451 38.4079
17 60 0 21.2087 24.7889
18 1 0 69.1276 86.8766
18 2 0 28.137 31.2361
18 3 0 79.046 105.382
18 4 0 75.9181 95.3689
18 5 0 39.9143 53.8572
18 6 0 89.9194 110.493
18 7 0 11.4307 14.0802
18 8 0 0.924608 1.08139
18 9 0 64.5429 75.0607
18 10 0 92.6913 132.968
18 11 0 53.7121 60.7416
18 12 0 32.8012 38.2675
18 13 0 0.605945 0.677287
18 14 0 74.8883 78.2949
18 15 0 70.7835 72.754
18 16 0 20.2009 29.3929
18 17 0 84.1209 113.751
18 19 1 34.0796 45.0328
18 20 0 5.77228 7.66836
18 21 0 72.1534 75.1336
18 22 0 48.2178 69.1137
18 23 0 56.1769 73.8555
18 24 0 97.8346 139.568
18 25 0 4.22578 6.23307
18 26 0 13.6594 15.7852
18 27 0 62.2677 73.8553
18 28 0 50.9724 56.3115
18 29 0 37.2732 38.4336
18 30 0 52.8206 55.4988
18 31 0 41.4976 42.0629
18 32 0 39.8745 51.3333
18 33 0 61.5074 66.7005
18 34 0 88.6917 104.237
18 35 0 54.9793 80.6805
18 36 0 73.9946 86.2756
18 37 0 74.0772 106.31
18 38 0 17.9891 18.1826
18 39 0 22.6442 22.9192
18 40 0 0.859982 1.09267
18 41 0 14.6575 15.3955
18 42 0 94.6385 123.976
18 43 0 89.5617 118.838
18 44 0 99.3226 100.537
18 45 0 27.9093 28.2886
18 46 0 47.5754 57.823
18 47 0 14.9446 22.0732
18 48 0 30.8082 39.2974
18 49 0 16.9857 24.395
18 50 0 31.6028 40.1457
18 51 0 56.2036 68.6187
18 52 0 15.685 22.9745
18 53 0 71.0479 79.1411
18 54 0 96.3588 113.034
18 55 0 94.1962 113.418
18 56 0 12.8831 14.2342
18 57 0 97.8915 126.226
18 58 0 66.6355 75.2564
18 59 0 16.0707 17.4906
18 60 0 41.3554 57.714
19 1 0 39.4062 44.9537
19 2 0 0.157655 0.187301
19 3 0 77.9753 115.421
19 4 0 10.1601 10.9274
19 5 0 36.4238 53.6986
19 6 0 49.8314 57.6037
19 7 0 51.0262 65.8384
19 8 0 17.0488 22.1242
19 9 0 79.3973 98.8595
19 10 0 78.1764 83.2477
19 11 0 29.8633 42.7394
19 12 0 62.3056 66.7413
19 13 0 49.6995 63.9189
19 14 0 9.49312 13.6902
19 15 0 49.4149 65.2234
19 16 0 8.62832 11.271
19 17 0 65.8307 80.034
19 18 0 70.404 89.9531
19 20 1 43.0302 57.2229
19 21 0 30.8354 42.4091
19 22 0 12.7651 19.0217
19 23 0 44.8733 49.2637
19 24 0 15.5016 20.2007
19 25 0 63.7029 89.6297
19 26 0 47.5704 69.3612
19 27 0 66.6168 98.5731
19 28 0 54.4278 62.3146
19 29 0 94.4274 130.952
19 30 0 26.6939 38.4372
19 31 0 43.0625 55.8414
19 32 0 87.8041 94.8688
19 33 0 55.106 78.9036
19 34 0 61.0263 67.2451
19 35 0 65.9777 77.3203
19 36 0 31.0264 36.1764
19 37 0 22.7027 22.8699
19 38 0 48.7879 57.1701
19 39 0 97.3065 110.217
19 40 0 85.534 121.092
19 41 0 0.639398 0.869486
19 42 0 38.2505 45.5033
19 43 0 50.2551 68.0095
19 44 0 50.8862 75.6631
19 45 0 44.3659 57.0423
19 46 0 55.2451 74.9194
19 47 0 3.26789 4.017
19 48 0 71.107 100.788
19 49 0 68.874 85.6011
19 50 0 10.7184 12.7772
19 51 0 16.1758 18.2472
19 52 0 43.7157 51.6989
19 53 0 49.4966 57.5575
19 54 0 93.4561 134.252
19 55 0 16.2491 21.1742
19 56 0 49.3626 68.4778
19 57 0 39.0828 57.1996
19 58 0 23.7784 24.2864
19 59 0 46.7658 62.3418
19 60 0 52.8464 76.0779
20 1 0 57.7053 79.2615
20 2 1 99.0168 132.009
20 3 0 17.4376 20.4778
20 4 1 76.877 82.5875
20 5 0 75.531 90.8807
20 6 0 72.2971 99.7222
20 7 0 42.2819 56.2334
20 8 0 36.4514 45.5783
20 9 0 16.7614 19.9549
20 10 0 74.6399 89.2305
20 11 0 1.26793 1.60574
20 12 0 38.3485 40.1754
20 13 0 83.0508 110.292
20 14 0 21.7738 21.7847
20 15 0 2.53595 3.42285
20 16 0 90.3498 105.476
20 17 0 89.0167 128.655
20 18 0 16.6069 20.9336
20 19 0 71.7179 76.1825
20 21 1 10.0577 13.8364
20 22 0 58.5678 65.0305
20 23 0 59.2404 82.0108
20 24 0 78.3433 84.1624
20 25 0 12.329 17.3855
20 26 0 5.44287 8.09673
20 27 0 42.4829 52.0474
20 28 0 95.6093 130.885
20 29 0 68.4513 91.6957
20 30 0 65.3568 95.9472
20 31 0 31.1535 37.9488
20 32 0 52.0763 57.9723
20 33 0 48.8998 66.9437
20 34 0 70.9992 76.9226
20 35 0 84.1373 122.012
20 36 0 2.62023 3.12206
20 37 0 64.0993 83.9203
20 38 0 59.241 65.088
20 39 0 16.5725 19.6013
20 40 0 38.5842 47.2033
20 41 0 8.74651 9.42673
20 42 0 28.1701 41.0725
20 43 0 64.0221 67.7489
20 44 0 50.4538 51.2872
20 45 0 18.9941 28.3376
20 46 0 38.2379 49.8275
20 47 0 22.0211 23.0069
20 48 0 34.3333 41.1051
20 49 0 1.77274 2.34717
20 50 0 34.3696 36.4307
20 51 0 83.9992 103.024
20 52 0 46.3994 50.3011
20 53 0 39.6769 54.0806
20 54 0 14.8045 16.8673
20 55 0 5.22587 7.4783
20 56 0 27.0595 39.5775
20 57 0 61.2036 86.0944
20 58 0 23.506 33.1077
20 59 0 18.9971 27.6634
20 60 1 12.936 16.1902
21 1 0 89.9872 125.081
21 2 0 12.3007 15.1576
21 3 0 84.9543 98.8088
21 4 0 74.2571 107.545
21 5 0 62.8482 85.8991
21 6 0 2.07144 2.17818
21 7 0 73.8292 104.287
21 8 0 51.4043 63.0482
21 9 0 14.7506 14.8138
21 10 0 79.7847 110.653
21 11 0 34.0385 34.8476
21 12 0 47.367 54.9385
21 13 0 33.8728 49.5503
21 14 0 26.6196 28.4509
21 15 0 66.9581 87.0288
21 16 0 72.3186 90.8808
21 17 0 29.2188 35.9859
21 18 0 44.2614 48.3366
21 19 0 18.0559 25.726
21 20 0 78.6293 87.9872
21 22 1 64.2457 64.5131
21 23 0 52.71 76.9039
21 24 0 80.2363 98.739
21 25 0 11.6438 16.6573
21 26 0 30.0772 31.8537
21 27 0 15.5965 16.2469
21 28 0 31.8553 44.2235
21 29 0 29.612 42.1377
21 30 0 22.8664 30.1482
21 31 0 56.1774 67.8792
21 32 0 90.0662 122.853
21 33 0 42.258 46.9636
21 34 0 88.5019 106.424
21 35 0 61.7641 64.4053
21 36 0 65.3214 94.1798
21 37 0 86.4732 118.744
21 38 0 7.79743 8.34384
21 39 0 9.33803 11.4685
21 40 0 0.561181 0.732314
21 41 0 97.2945 142.516
21 42 0 52.9407 75.5738
21 43 0 54.8078 69.4602
21 44 0 28.3907 31.7934
21 45 0 27.5359 34.572
21 46 0 89.4627 113.908
21 47 0 71.4514 83.3456
21 48 0 0.603701 0.866551
21 49 0 47.9352 55.9672
21 50 0 95.0217 128.053
21 51 0 52.2325 54.5167
21 52 0 36.4794 41.9249
21 53 0 39.9817 56.7217
21 54 0 66.0671 89.8673
21 55 0 99.9545 117.364
21 56 0 46.1972 58.5459
21 57 0 30.6526 38.5466
21 58 0 74.0706 89.6972
21 59 0 34.9388 38.3732
21 60 0 59.6432 83.6334
22 1 0 83.8609 95.3685
22 2 0 96.7346 98.3497
22 3 0 30.6297 38.8479
22 4 0 84.5563 107.098
22 5 0 14.2441 19.3642
22 6 0 16.14 18.106
22 7 0 77.4089 99.582
22 8 0 97.8819 134.378
22 9 0 73.9803 77.2495
22 10 0 38.3845 45.7253
22 11 0 22.4332 25.0795
22 12 0 95.2894 115.475
22 13 0 90.2763 117.719
22 14 0 24.4401 25.1068
22 15 0 5.17842 5.78104
22 16 0 14.7597 21.8939
22 17 0 8.52856 9.32672
22 18 0 31.7634 36.1103
22 19 0 64.2665 83.7626
22 20 0 50.8071 72.6379
22 21 0 92.9886 124.837
22 23 1 26.6778 34.0631
22 24 0 4.27348 5.99603
22 25 0 76.5556 99.0267
22 26 0 65.7242 85.1335
22 27 0 34.1033 42.1469
22 28 0 40.4985 54.0567
22 29 0 3.4334 4.59696
22 30 0 69.1801 72.5889
22 31 0 64.1692 75.0064
22 32 0 58.1598 80.6296
22 33 0 76.2705 90.925
22 34 0 10.777 12.549
22 35 0 50.2423 62.3492
22 36 0 90.9892 134.901
22 37 0 54.9432 72.3449
22 38 0 9.58375 11.6717
22 39 0 6.36007 8.33028
22 40 0 17.5903 25.0936
22 41 0 39.5351 47.382
22 42 0 62.5701 71.0176
22 43 0 23.494 34.5958
22 44 0 98.4695 135.256
22 45 0 29.9976 40.5956
22 46 0 73.9411 98.218
22 47 0 74.2609 84.8803
22 48 0 97.8952 121.766
22 49 0 94.6597 137.156
22 50 0 33.7858 46.7139
22 51 0 53.2196 78.4714
22 52 1 95.464 124.33
22 53 0 88.5289 89.654
22 54 0 38.0674 56.8416
22 55 0 23.8643 25.1369
22 56 0 57.8803 82.7713
22 57 0 63.2995 68.8797
22 58 0 87.9608 100.307
22 59 0 16.4978 17.3383
22 60 0 9.40821 12.6129
23 1 0 63.9694 88.423
23 2 0 65.1845 72.3994
23 3 0 84.1251 113.448
23 4 0 42.3925 48.1279
23 5 0 69.1957 100.533
23 6 0 14.3526 15.3019
23 7 0 70.2158 90.3264
23 8 0 24.899 26.7367
23 9 0 90.1307 108.647
23 10 0 55.6732 74.8079
23 11 0 64.7785 68.1784
23 12 0 89.8407 90.6107
23 13 0 81.0255 103.817
23 14 0 55.3549 73.6458
23 15 0 94.9192 98.4423
23 16 0 32.7314 43.1819
23 17 0 5.51941 7.21226
23 18 0 15.6312 16.6778
23 19 0 0.131567 0.133662
23 20 0 91.3215 102.976
23 21 0 99.2857 140.431
23 22 0 50.1391 64.1651
23 24 1 27.0056 38.8011
23 25 0 69.374 80.8562
23 26 0 75.7151 81.6231
23 27 0 75.2309 95.0136
23 28 0 48.7154 51.8278
23 29 0 39.6877 47.1407
23 30 0 78.5738 89.4365
23 31 0 24.5926 26.7819
23 32 1 44.1233 63.2524
23 33 0 86.6654 108.227
23 34 0 28.0959 41.2287
23 35 0 47.0604 69.7189
23 36 0 1.48616 1.88165
23 37 0 52.0513 58.2938
23 38 0 6.02649 7.07238
23 39 0 27.8263 36.3395
23 40 0 82.6824 94.4709
23 41 0 53.3783 70.1822
23 42 0 27.4037 29.7926
23 43 0 47.7479 48.3145
23 44 0 43.3121 63.9534
23 45 0 29.8938 33.3646
23 46 0 45.2548 47.6021
23 47 0 65.188 86.0142
23 48 0 7.10642 9.42627
23 49 0 33.9507 34.2431
23 50 0 3.3336 3.38806
23 51 0 23.5228 25.0415
23 52 0 81.0772 108.82
23 53 0 53.7086 60.5161
23 54 0 98.0013 136.675
23 55 0 82.5731 85.6056
23 56 0 98.5481 125.233
23 57 0 0.94374 1.29073
23 58 0 45.9022 47.5549
23 59 0 20.4925 22.6935
23 60 0 72.7304 85.2508
24 1 0 23.8264 29.4787
24 2 0 34.1014 46.2601
24 3 0 74.8064 98.8053
24 4 0 4.00656 4.96186
24 5 0 71.6031 96.1545
24 6 0 44.883 59.771
24 7 0 65.8598 89.4247
24 8 0 28.4437 37.694
24 9 0 2.19078 3.00998
24 10 0 42.5933 53.6971
24 11 0 59.6181 72.235
24 12 0 57.788 67.4464
24 13 0 25.9811 38.315
24 14 0 7.51621 8.09085
24 15 0 46.7766 54.7415
24 16 0 56.9384 79.2628
24 17 0 54.5653 80.6406
24 18 0 46.3736 54.4595
24 19 0 55.1563 69.7891
24 20 0 13.5651 14.4708
24 21 0 77.6626 80.9716
24 22 0 59.5943 87.0196
24 23 0 38.9751 56.559
24 25 1 44.8815 47.114
24 26 0 88.155 129.222
24 27 0 37.6703 40.8352
24 28 0 77.3516 85.6745
24 29 0 47.6378 51.7739
24 30 0 24.8979 26.7255
24 31 1 38.2783 53.9999
24 32 1 37.5933 46.2979
24 33 0 65.6179 79.025
24 34 0 17.2813 20.7813
24 35 0 76.1083 105.178
24 36 0 30.3772 33.9896
24 37 0 31.3259 45.4446
24 38 0 43.9361 45.3899
24 39 0 49.3414 70.623
24 40 0 49.5296 72.097
24 41 0 39.2771 47.1294
24 42 0 40.8444 49.9262
24 43 0 30.9359 33.2083
24 44 0 53.1255 71.3597
24 45 0 21.1695 23.5211
24 46 0 5.80734 6.83049
24 47 0 93.0527 127.867
24 48 0 87.2165 97.0454
24 49 0 14.5346 18.075
24 50 0 96.0341 110.064
24 51 0 74.3145 91.2221
24 52 0 33.4202 37.3053
24 53 0 80.5963 120.107
24 54 0 41.6104 49.4149
24 55 0 22.8535 33.6196
24 56 0 44.6044 63.9087
24 57 0 82.6703 119.752
24 58 0 61.4388 67.2115
24 59 0 23.8221 28.5313
24 60 0 35.4286 39.4167
25 1 0 27.7002 38.244
25 2 0 78.2775 82.1603
25 3 0 19.2885 27.1065
25 4 0 35.4476 36.2204
25 5 0 0.440514 0.642101
25 6 0 94.0876 123.228
25 7 0 31.7894 34.9769
25 8 0 44.9408 46.7744
25 9 1 48.3563 56.041
25 10 0 29.4578 32.1973
25 11 0 99.3151 141.904
25 12 0 2.40629 3.15271
25 13 0 95.1833 100.243
25 14 0 45.8051 58.753
25 15 0 14.0174 17.3211
25 16 0 26.3302 33.0843
25 17 0 3.71871 4.16962
25 18 0 68.5745 68.8177
25 19 0 63.4338 87.5322
25 20 0 71.302 79.7074
25 21 0 36.4287 44.7733
25 22 0 65.3891 87.3004
25 23 0 2.00092 2.86384
25 24 0 21.9606 30.4465
25 26 1 72.0464 82.9136
25 27 0 84.5151 105.7
25 28 0 28.8824 34.1662
25 29 0 1.60418 2.26747
25 30 0 1.62197 1.85205
25 31 0 77.1832 95.7505
25 32 0 84.2359 87.051
25 33 0 23.6753 30.4421
25 34 0 60.5284 80.7269
25 35 0 10.4432 15.2826
25 36 0 11.2444 12.2972
25 37 0 60.1393 79.6581
25 38 0 68.5881 73.0286
25 39 0 57.9819 75.231
25 40 0 11.9006 17.7998
25 41 0 61.9227 89.0656
25 42 0 34.2505 48.7775
25 43 0 46.9872 68.1042
25 44 0 90.3137 91.7251
25 45 0 80.9566 91.9233
25 46 0 0.354956 0.527523
25 47 0 18.2966 26.285
25 48 0 1.45368 1.6769
25 49 0 98.1374 111.068
25 50 0 61.3983 76.3433
25 51 0 45.8458 46.1864
25 52 0 99.0138 142.733
25 53 0 1.34503 1.74651
25 54 0 35.6281 42.4962
25 55 0 12.3848 15.1743
25 56 0 40.355 59.1002
25 57 0 97.0859 129.827
25 58 0 25.4064 27.0788
25 59 0 81.9144 106.475
25 60 0 54.0691 77.9493
26 1 0 88.7687 110.98
26 2 0 58.4849 65.7972
26 3 0 97.1881 113.777
26 4 0 90.1705 108.658
26 5 0 49.5295 53.373
26 6 0 82.0883 82.7561
26 7 0 72.8475 77.1548
26 8 0 32.0387 43.8201
26 9 0 30.0876 39.3509
26 10 0 15.0102 18.3426
26 11 0 24.9826 29.7631
26 12 0 39.6661 59.4937
26 13 0 45.4686 45.9519
26 14 0 53.7886 53.8057
26 15 0 47.9413 67.1702
26 16 0 83.3858 117.722
26 17 0 64.4731 68.1332
26 18 0 50.8658 68.6336
26 19 0 78.9566 80.4814
26 20 0 56.5537 73.2074
26 21 0 43.0501 43.0989
26 22 0 81.6229 96.0089
26 23 0 71.288 96.5213
26 24 0 29.429 30.9439
26 25 0 58.0636 81.4609
26 27 1 19.0749 22.6171
26 28 0 65.7384 67.2336
26 29 0 47.9144 55.204
26 30 0 33.2939 48.0296
26 31 0 10.0647 12.7051
26 32 0 48.9228 55.6729
26 33 0 55.3694 80.2427
26 34 0 93.1358 138.146
26 35 0 31.7385 44.263
26 36 0 92.9709 123.694
26 37 0 77.1904 98.4365
26 38 0 10.5524 11.9106
26 39 0 62.1355 78.6401
26 40 0 5.94715 8.19118
26 41 0 35.4292 49.863
26 42 0 36.2438 44.3983
26 43 0 34.0536 49.3052
26 44 0 39.286 51.8144
26 45 0 65.9452 68.9146
26 46 0 84.129 115.457
26 47 0 32.8784 43.2391
26 48 0 26.9115 28.3735
26 49 0 95.0481 113.571
26 50 0 92.1401 123.582
26 51 0 79.5269 108.866
26 52 0 2.87871 3.60059
26 53 0 5.82711 6.38805
26 54 0 93.9926 138.071
26 55 0 32.5934 42.4657
26 56 0 89.5662 109.854
26 57 0 77.6274 111.558
26 58 0 7.866 9.06972
26 59 0 10.1955 13.8398
26 60 0 3.78556 4.77631
27 1 0 34.8562 40.2806
27 2 0 39.6815 47.8526
27 3 0 1.60503 2.38423
27 4 0 3.56607 4.15781
27 5 0 46.2813 51.2944
27 6 0 40.9944 43.7227
27 7 0 51.4618 72.3901
27 8 0 78.3068 117.143
27 9 0 30.6958 35.5535
27 10 0 74.1795 94.6936
27 11 0 98.9415 145.147
27 12 0 42.2132 45.955
27 13 0 21.4646 29.6427
27 14 0 87.3734 122.339
27 15 0 73.976 90.8728
27 16 0 21.9344 29.0179
27 17 0 9.26792 10.0486
27 18 0 9.68641 10.4248
27 19 0 99.4375 109.058
27 20 0 50.6218 71.8352
27 21 0 56.3697 60.8401
27 22 0 34.6006 44.9073
27 23 0 49.1078 59.7575
27 24 0 10.7236 14.3532
27 25 0 19.5186 23.5492
27 26 0 55.2152 78.2113
27 28 1 14.6976 18.4041
27 29 0 74.4041 94.9049
27 30 0 97.9443 134.891
27 31 0 49.0866 60.7887
27 32 0 56.225 58.23
27 33 0 2.3634 2.53105
27 34 0 12.3055 17.1033
27 35 0 74.081 97.8946
27 36 0 23.3476 31.4121
27 37 0 50.6526 68.3745
27 38 0 98.8956 131.619
27 39 0 2.7133 3.53462
27 40 0 14.0139 18.1124
27 41 0 31.28 45.9316
27 42 0 5.12349 7.22556
27 43 0 18.4851 23.4261
27 44 0 95.7658 99.7961
27 45 0 28.8633 33.6847
27 46 0 21.6 22.1306
27 47 0 78.6043 100.248
27 48 0 5.62353 7.77458
27 49 0 65.8345 75.7172
27 50 0 75.6713 105.548
27 51 0 33.1237 48.6617
27 52 0 60.6929 63.9076
27 53 0 23.8647 27.5763
27 54 0 82.4699 89.1905
27 55 0 7.42486 9.53423
27 56 0 17.6129 18.4748
27 57 1 80.8785 114.839
27 58 0 2.64851 3.18979
27 59 0 74.9285 110.533
27 60 0 6.05596 7.85395
28 1 0 13.5106 16.4829
28 2 0 23.6545 34.756
28 3 0 40.5414 58.83
28 4 0 54.1924 64.8073
28 5 0 35.4384 50.982
28 6 0 1.43132 1.83514
28 7 0 3.04843 4.26025
28 8 0 39.5591 44.6615
28 9 0 28.9293 38.6417
28 10 0 25.1124 34.1255
28 11 0 39.2594 48.4076
28 12 0 13.1232 16.285
28 13 0 52.5152 61.8661
28 14 0 71.4479 94.9235
28 15 0 91.4544 111.689
28 16 0 97.7825 136.017
28 17 0 25.232 30.6095
28 18 0 77.8581 80.2181
28 19 0 36.5684 50.7919
28 20 0 52.5459 57.0404
28 21 0 35.1986 41.3587
28 22 0 89.5118 127.853
28 23 0 10.5035 12.0547
28 24 0 31.4218 38.0077
28 25 0 4.72707 6.35127
28 26 0 42.7294 45.09
28 27 0 99.9259 116.354
28 29 1 5.53359 8.08665
28 30 0 11.956 17.3533
28 31 0 86.5028 115.352
28 32 0 1.64205 2.27024
28 33 0 69.1148 83.8049
28 34 0 83.1387 84.1942
28 35 0 78.7226 111.836
28 36 0 45.0969 52.7053
28 37 0 79.724 84.0881
28 38 0 40.5257 51.5524
28 39 0 60.5127 72.1731
28 40 0 47.8872 59.1355
28 41 0 2.40587 3.06047
28 42 0 89.8183 99.3859
28 43 0 2.21256 3.00097
28 44 0 24.4006 27.2525
28 45 0 22.2901 25.7648
28 46 0 82.1318 122.887
28 47 0 24.4744 34.0075
28 48 0 89.6987 109.214
28 49 0 0.561151 0.578066
28 50 0 31.2657 40.8875
28 51 0 52.9429 68.1395
28 52 0 23.996 30.5382
28 53 0 25.5874 25.9356
28 54 0 73.4193 82.1163
28 55 0 34.9225 39.4566
28 56 0 1.26746 1.8376
28 57 0 12.2359 15.863
28 58 0 37.3821 51.577
28 59 0 43.5926 58.6807
28 60 0 44.471 44.7889
29 1 0 15.4999 17.4966
29 2 0 37.6471 49.6648
29 3 0 56.4299 57.6748
29 4 0 38.722 56.3935
29 5 0 87.2182 111.068
29 6 0 80.448 83.1195
29 7 0 6.86954 9.19862
29 8 0 90.9906 97.1094
29 9 0 11.5534 17.1346
29 10 0 22.2732 30.9837
29 11 0 44.8533 51.0497
29 12 0 97.0607 126.629
29 13 0 24.0581 28.8038
29 14 0 50.2891 65.5705
29 15 0 60.9178 81.634
29 16 0 17.3766 18.3125
29 17 0 79.1102 113.782
29 18 1 14.5152 16.5353
29 19 0 99.321 126.672
29 20 0 30.956 34.8112
29 21 0 61.5802 67.2092
29 22 0 13.168 16.7815
29 23 0 22.7727 32.324
29 24 0 77.8561 108.579
29 25 0 58.8558 64.1096
29 26 0 75.5923 78.8082
29 27 0 0.790965 0.884361
29 28 0 60.8569 69.2829
29 30 1 48.2663 64.8365
29 31 0 49.106 72.4222
29 32 0 61.0703 61.5194
29 33 0 46.358 64.2475
29 34 0 8.16511 11.3525
29 35 0 57.7269 81.9348
29 36 0 93.7417 117.14
29 37 0 15.4257 17.6817
29 38 0 4.95903 5.52149
29 39 0 44.2457 47.615
29 40 0 66.5634 83.9419
29 41 0 72.5136 107.573
29 42 0 95.7484 106.835
29 43 1 25.5682 36.199
29 44 0 48.9555 67.7027
29 45 0 8.86576 9.44595
29 46 0 30.6123 31.9466
29 47 0 62.5089 63.4167
29 48 0 36.9892 38.698
29 49 0 45.171 50.5839
29 50 0 51.1697 56.5182
29 51 0 27.6381 33.4389
29 52 0 98.014 116.101
29 53 0 40.7427 43.9353
29 54 0 88.8795 124.025
29 55 0 38.8089 44.0849
29 56 0 79.0435 105.919
29 57 0 23.2595 27.3803
29 58 0 46.4866 54.4602
29 59 0 18.4642 22.479
29 60 0 15.0427 18.4923
30 1 0 25.9783 38.7567
30 2 0 46.0201 59.2066
30 3 0 39.8193 43.7567
30 4 0 42.376 58.5534
30 5 0 43.5577 47.1985
30 6 0 38.0065 49.6258
30 7 0 50.9513 65.7645
30 8 0 27.283 35.1896
30 9 0 32.8774 42.8139
30 10 0 48.6441 58.8574
30 11 0 21.7521 23.4903
30 12 0 64.3483 94.7582
30 13 0 7.442 7.63776
30 14 0 87.6955 105.399
30 15 0 74.0788 75.8608
30 16 0 69.8288 86.2249
30 17 0 75.6128 86.2129
30 18 0 16.5665 21.0479
30 19 0 43.8056 44.6325
30 20 0 70.6641 103.977
30 21 0 93.4628 120.037
30 22 0 79.2245 82.6021
30 23 0 13.9421 18.705
30 24 0 40.6398 58.2916
30 25 0 74.9393 111.845
30 26 0 82.5366 88.4826
30 27 0 66.331 88.3951
30 28 0 8.34592 12.0413
30 29 0 49.8312 67.7224
30 31 1 67.4609 73.1659
30 32 0 10.6259 13.8549
30 33 0 59.5615 61.7963
30 34 0 6.8047 9.01225
30 35 0 89.8145 134.319
30 36 0 12.8507 19.1822
30 37 0 79.5185 110.766
30 38 0 57.0107 68.9382
30 39 0 1.04 1.1493
30 40 0 32.7927 38.6532
30 41 0 1.0199 1.09387
30 42 0 82.0976 107.961
30 43 0 64.3845 84.3714
30 44 0 30.9306 33.7436
30 45 0 97.4658 125.665
30 46 0 59.698 74.2125
30 47 0 16.8717 20.9581
30 48 0 22.9765 34.0839
30 49 0 24.5636 24.8343
30 50 0 15.092 22.5862
30 51 0 14.2842 20.076
30 52 0 62.1653 76.3988
30 53 0 58.4647 58.6632
30 54 0 28.9631 35.0233
30 55 0 34.7419 40.1146
30 56 0 77.7425 90.9505
30 57 0 29.7687 44.2804
30 58 0 0.67072 0.805769
30 59 0 23.4027 31.7009
30 60 0 51.9225 73.6251
31 1 0 32.8608 40.8147
31 2 0 14.9059 20.5666
31 3 0 12.3015 13.7789
31 4 0 98.1506 114.069
31 5 0 7.22666 9.95952
31 6 0 62.296 89.9885
31 7 0 51.2621 62.9374
31 8 0 19.3073 22.1168
31 9 0 10.194 12.3001
31 10 0 74.8997 106.082
31 11 0 15.8663 20.0225
31 12 0 15.5658 16.8115
31 13 0 87.2479 113.268
31 14 0 83.478 103.128
31 15 0 28.3489 30.652
31 16 0 8.55843 11.7639
31 17 0 67.3839 77.0068
31 18 0 68.5844 86.8538
31 19 0 73.9983 95.8057
31 20 0 29.3823 42.3243
31 21 0 23.4158 25.2299
31 22 0 77.9092 86.7138
31 23 0 7.99123 9.88769
31 24 0 50.0074 52.1897
31 25 0 95.216 98.6056
31 26 0 12.0782 14.8046
31 27 0 16.6912 17.8509
31 28 0 28.1943 37.1353
31 29 0 92.1626 127.155
31 30 0 99.2478 109.246
31 32 1 4.08359 4.34204
31 33 0 16.5021 24.5584
31 34 0 72.69 93.9492
31 35 0 96.263 124.856
31 36 0 84.5003 111.856
31 37 0 81.746 93.4907
31 38 0 5.28491 6.86365
31 39 0 34.4681 37.763
31 40 0 72.7916 100.715
31 41 0 17.368 20.9155
31 42 0 5.93904 6.05638
31 43 0 36.4842 38.5389
31 44 0 89.7876 132.538
31 45 0 9.54449 10.6744
31 46 0 97.1008 131.769
31 47 0 48.419 70.8863
31 48 0 11.8788 17.6165
31 49 0 48.2102 60.0868
31 50 0 54.626 62.7782
31 51 0 15.0028 15.1094
31 52 0 61.8005 72.7542
31 53 0 21.4967 26.6072
31 54 0 95.491 141.571
31 55 0 3.37508 3.65602
31 56 0 25.127 36.1886
31 57 0 90.9324 113.328
31 58 0 24.1059 29.1504
31 59 0 77.641 86.7317
31 60 0 12.7125 18.0865
32 1 0 23.7507 29.8026
32 2 0 82.8422 89.4711
32 3 0 51.6592 60.8782
32 4 0 94.9714 110.648
32 5 0 52.9957 58.3233
32 6 0 99.4014 123.866
32 7 0 68.3617 88.2136
32 8 0 88.6771 110.284
32 9 0 63.167 64.8395
32 10 0 60.7625 82.7788
32 11 0 78.1968 110.286
32 12 0 74.1197 79.6282
32 13 0 60.1697 71.2424
32 14 0 27.7604 39.3243
32 15 0 48.0304 61.2049
32 16 0 13.3731 16.1463
32 17 0 6.17494 7.15847
32 18 0 99.4733 110.791
32 19 0 99.5671 148.068
32 20 0 84.1613 117.267
32 21 0 59.6894 65.0366
32 22 0 11.1354 15.8411
32 23 0 98.9715 101.575
32 24 0 99.1698 129.311
32 25 0 50.4219 71.552
32 26 0 21.2649 27.6792
32 27 0 54.0461 54.4229
32 28 0 61.1426 83.3691
32 29 0 62.2981 79.904
32 30 0 63.7435 95.4775
32 31 0 14.9062 16.7857
32 33 1 43.705 64.5363
32 34 0 46.4966 51.7175
32 35 0 65.9775 86.132
32 36 0 24.9875 33.6118
32 37 0 82.2669 112.831
32 38 0 46.2582 60.5612
32 39 0 13.1086 14.0961
32 40 0 82.2941 88.8978
32 41 0 97.5692 103.353
32 42 0 40.23 49.883
32 43 0 77.4341 91.6719
32 44 0 28.4587 33.3451
32 45 0 1.20331 1.54932
32 46 0 41.6123 50.6522
32 47 0 7.04546 7.38474
32 48 0 58.4337 80.7526
32 49 0 62.2003 91.9316
32 50 0 37.0651 50.3777
32 51 0 9.54145 10.041
32 52 0 17.0945 19.4186
32 53 0 72.0548 104.867
32 54 0 81.8059 91.9572
32 55 0 94.8327 97.7587
32 56 0 40.0977 54.5722
32 57 0 15.5729 22.9157
32 58 0 52.3053 59.2646
32 59 0 45.0589 63.9128
32 60 0 45.1331 52.7377
33 1 0 42.2896 60.7298
33 2 0 27.1529 37.4059
33 3 0 52.0245 77.6719
33 4 0 69.0154 81.4
33 5 0 83.2569 98.3753
33 6 0 50.0428 70.2289
33 7 0 85.4966 99.5954
33 8 0 25.0165 28.8424
33 9 0 98.7437 134.226
33 10 0 53.669 64.2144
33 11 0 27.9624 40.4295
33 12 0 36.8586 49.2566
33 13 0 28.8925 38.1303
33 14 0 73.8092 81.5033
33 15 0 63.5003 83.6288
33 16 0 53.7147 56.3452
33 17 0 82.8966 117.208
33 18 0 36.2257 42.2126
33 19 0 80.9068 102.92
33 20 0 68.5894 76.233
33 21 0 15.4401 15.8559
33 22 0 6.13251 6.71444
33 23 0 6.96639 7.46576
33 24 0 58.0357 62.4989
33 25 0 5.87926 8.48392
33 26 0 33.1925 40.9108
33 27 0 97.5241 101.667
33 28 0 82.3873 106.02
33 29 0 19.0473 21.714
33 30 0 4.53549 5.60741
33 31 0 51.4658 75.3941
33 32 0 44.5381 44.6905
33 34 1 12.7345 15.8123
33 35 0 68.5448 86.6491
33 36 0 17.4611 19.2547
33 37 0 35.7448 47.9194
33 38 0 28.5074 32.284
33 39 0 0.708665 0.849886
33 40 0 10.8245 11.8033
33 41 0 96.7118 99.8616
33 42 0 68.6004 73.1711
33 43 0 29.3422 41.425
33 44 0 13.0532 13.7055
33 45 0 61.2679 75.8314
33 46 0 72.0094 81.4167
33 47 0 10.5381 14.0034
33 48 0 11.4977 14.0589
33 49 0 37.2854 54.4264
33 50 0 74.2794 83.4244
33 51 0 53.5394 56.1679
33 52 0 43.8876 51.8888
33 53 0 34.5375 36.6932
33 54 0 37.9802 55.9588
33 55 0 66.9011 67.73
33 56 0 56.4255 68.6447
33 57 0 62.8221 66.9455
33 58 0 14.5799 18.8705
33 59 0 6.98236 9.1629
33 60 0 66.5474 80.1031
34 1 0 1.93416 2.74066
34 2 0 84.7689 86.7419
34 3 0 51.5045 58.3362
34 4 0 63.1305 77.1306
34 5 0 68.0739 73.8849
34 6 0 27.1653 29.0305
34 7 0 43.4748 47.5028
34 8 0 35.5149 41.7845
34 9 0 33.0955 46.7278
34 10 0 85.2781 118.456
34 11 0 99.3322 143.323
34 12 0 69.6043 100.683
34 13 0 42.1156 51.1163
34 14 0 5.17658 5.45406
34 15 0 10.9397 15.4477
34 16 0 55.027 63.987
34 17 0 80.0958 113.709
34 18 0 24.6277 34.6284
34 19 0 1.26718 1.29016
34 20 0 66.4425 96.1673
34 21 0 48.9234 68.9692
34 22 0 74.9396 110.084
34 23 0 33.1517 42.4541
34 24 0 16.7321 20.6292
34 25 0 54.7971 78.2577
34 26 0 79.252 107.556
34 27 0 88.2154 100.091
34 28 0 64.8786 68.4432
34 29 0 31.5255 35.5657
34 30 0 23.6146 35.29
34 31 0 35.5765 45.9982
34 32 0 2.8153 3.39776
34 33 0 34.9065 50.9654
34 35 1 3.70395 4.32864
34 36 0 75.5432 107.249
34 37 1 33.5261 47.0221
34 38 0 78.2536 115.875
34 39 0 61.9394 74.0067
34 40 0 52.5408 56.0824
34 41 0 75.7382 76.5466
34 42 0 16.7533 18.0346
34 43 0 90.2274 130.916
34 44 0 15.3917 18.432
34 45 0 18.7367 25.8241
34 46 0 74.6615 87.4029
34 47 0 70.0615 97.3564
34 48 0 40.5037 52.8438
34 49 0 36.3421 44.9677
34 50 0 32.9054 36.5259
34 51 0 72.444 101.353
34 52 0 72.3774 79.4938
34 53 0 10.4205 11.093
34 54 0 54.7022 57.079
34 55 0 52.3688 52.8122
34 56 0 15.6732 19.5927
34 57 0 20.9539 24.279
34 58 0 56.0666 56.5703
34 59 0 50.7668 59.5091
34 60 0 37.0824 43.8729
35 1 0 68.5052 69.5851
35 2 0 73.1125 86.2573
35 3 0 36.6771 52.5811
35 4 0 8.90483 12.241
35 5 0 7.44494 10.0436
35 6 0 97.5353 124.564
35 7 0 6.25357 8.89318
35 8 0 75.5683 111.412
35 9 0 18.6812 18.9073
35 10 0 43.3639 62.1923
35 11 0 52.2982 70.4429
35 12 0 73.2379 99.6929
35 13 0 94.2865 130.969
35 14 0 41.8014 41.866
35 15 0 56.8452 59.2634
35 16 0 7.47118 8.87997
35 17 0 41.9495 55.3435
35 18 0 89.0643 113.235
35 19 0 35.3467 36.0961
35 20 0 73.4216 102.762
35 21 0 63.1679 82.6994
35 22 0 87.8014 130.068
35 23 0 7.91098 8.91217
35 24 0 34.3156 40.0624
35 25 0 66.8359 91.831
35 26 0 63.5506 87.7375
35 27 0 86.5016 98.2807
35 28 0 17.0885 23.3487
35 29 0 26.5935 34.5842
35 30 0 56.1257 63.5774
35 31 0 16.7057 23.7
35 32 0 26.5674 32.9703
35 33 0 18.6703 23.9679
35 34 0 87.9942 98.6598
35 36 1 55.6129 60.3229
35 37 0 91.0149 127.231
35 38 0 47.6398 60.2354
35 39 0 2.02119 2.54845
35 40 0 47.6666 65.6124
35 41 0 8.74327 11.9994
35 42 0 54.5758 63.5535
35 43 0 43.8294 46.8878
35 44 0 70.2703 90.2856
35 45 0 46.5907 53.2425
35 46 0 99.0516 128.302
35 47 0 76.6194 108.747
35 48 0 44.4533 53.3125
35 49 0 48.904 71.6406
35 50 0 22.0786 27.6322
35 51 0 7.98896 8.65668
35 52 0 75.4963 82.6244
35 53 0 34.5286 42.0288
35 54 0 59.9083 68.2519
35 55 0 87.7977 114.046
35 56 0 35.8748 44.8041
35 57 0 90.1759 90.2276
35 58 0 5.49052 6.29746
35 59 0 45.8331 46.5608
35 60 0 22.3183 30.9621
36 1 0 44.1473 54.3826
36 2 0 89.742 104.823
36 3 0 52.7513 75.6152
36 4 0 97.1597 144.351
36 5 0 29.2934 34.3228
36 6 0 42.8219 49.9531
36 7 0 42.7327 44.9903
36 8 0 80.6516 88.2967
36 9 0 66.3704 98.5812
36 10 0 85.4757 100.624
36 11 0 27.6448 39.4325
36 12 0 18.3525 25.9915
36 13 0 49.7433 70.2509
36 14 0 3.76296 4.55118
36 15 0 90.3367 112.971
36 16 0 3.32268 4.44908
36 17 0 40.9619 48.7099
36 18 0 12.2144 18.1623
36 19 0 32.6085 34.9404
36 20 0 47.3876 52.8798
36 21 0 15.4722 16.4709
36 22 0 72.7983 90.3237
36 23 0 78.9603 92.7545
36 24 0 87.605 123.051
36 25 0 46.1328 62.4465
36 26 0 10.0674 13.0117
36 27 0 24.3738 33.2758
36 28 0 93.8484 104.212
36 29 0 63.2885 69.2553
36 30 0 89.4703 115.156
36 31 0 55.1634 70.6975
36 32 0 65.8237 71.7451
36 33 0 78.0592 88.2537
36 34 0 1.71299 1.84016
36 35 0 48.1479 50.1304
36 37 1 77.4275 98.0932
36 38 0 9.03632 11.9189
36 39 0 83.0488 120.1
36 40 0 39.5999 50.2941
36 41 0 50.4533 71.3001
36 42 0 44.2791 45.2958
36 43 0 31.9289 41.263
36 44 0 50.7194 72.8804
36 45 0 56.2583 71.7152
36 46 0 3.83973 5.24361
36 47 0 54.7437 76.1042
36 48 0 18.8742 26.0362
36 49 0 16.9106 19.3107
36 50 0 57.0426 77.5924
36 51 0 85.0242 89.0669
36 52 0 40.1746 51.784
36 53 0 59.663 86.6696
36 54 0 85.9169 113.457
36 55 0 33.2041 49.7683
36 56 1 87.8327 120.138
36 57 0 90.5467 122.264
36 58 1 5.75433 8.09954
36 59 0 1.62218 2.40946
36 60 0 73.4707 102.594
37 1 0 35.0111 46.7754
37 2 0 79.0952 103.404
37 3 0 30.8892 38.9036
37 4 0 93.7931 126.296
37 5 0 63.0527 90.6664
37 6 0 27.4939 37.0598
37 7 0 13.8548 17.9984
37 8 0 26.1043 31.7765
37 9 0 7.88478 11.2419
37 10 0 61.2455 75.871
37 11 0 21.3051 22.1096
37 12 0 85.5348 117.589
37 13 0 74.8803 87.6779
37 14 0 15.9007 22.8021
37 15 0 83.3574 88.8911
37 16 0 53.6241 72.504
37 17 0 64.0558 71.2692
37 18 0 35.5214 51.1612
37 19 0 43.0733 64.5846
37 20 0 14.8419 15.1576
37 21 0 19.4136 25.5038
37 22 0 3.04564 3.38739
37 23 0 78.0042 114.063
37 24 0 47.3113 59.9318
37 25 0 22.2178 22.7202
37 26 0 53.6183 59.9237
37 27 1 32.428 36.4384
37 28 0 12.9592 13.1739
37 29 0 82.4268 109.391
37 30 0 16.3166 23.9634
37 31 0 75.0649 78.8435
37 32 0 78.1439 94.047
37 33 0 33.0652 43.1647
37 34 0 18.0531 20.8714
37 35 0 36.4163 41.4731
37 36 0 71.5793 107.29
37 38 1 43.494 55.3576
37 39 0 33.0328 33.7439
37 40 0 52.1715 77.2703
37 41 0 3.5274 5.05937
37 42 0 61.0982 69.6985
37 43 0 52.3322 58.8485
37 44 0 37.5022 37.549
37 45 0 62.0885 71.3216
37 46 0 47.6739 71.2119
37 47 0 63.7356 66.9891
37 48 0 17.8421 21.7199
37 49 0 46.7708 60.756
37 50 0 33.765 35.6698
37 51 0 36.2252 53.3874
37 52 0 76.3272 84.241
37 53 0 49.4864 73.5438
37 54 0 87.7968 101.243
37 55 0 12.9744 18.7832
37 56 0 18.7998 23.4386
37 57 0 47.1534 58.4696
37 58 0 44.3003 52.6214
37 59 0 25.6664 35.7269
37 60 0 85.0152 89.745
38 1 0 88.1451 94.2461
38 2 0 55.4512 79.9578
38 3 0 0.352118 0.424496
38 4 0 8.01322 8.34419
38 5 0 49.9104 72.1039
38 6 0 45.878 53.6678
38 7 0 72.1521 73.0177
38 8 0 54.5234 73.9472
38 9 0 49.598 66.2092
38 10 0 54.1595 57.381
38 11 0 77.8461 85.8836
38 12 0 90.6613 108.823
38 13 0 40.0374 53.3952
38 14 0 25.1502 36.8957
38 15 0 60.2942 89.3587
38 16 0 99.1663 128.775
38 17 0 99.2856 117.094
38 18 0 14.3529 16.2853
38 19 0 68.071 86.5075
38 20 1 18.1953 24.5204
38 21 0 23.0693 26.8014
38 22 0 3.59971 4.85374
38 23 0 99.033 132.547
38 24 0 29.795 36.7189
38 25 0 27.3824 30.3283
38 26 0 73.8835 74.8339
38 27 0 98.8623 102.084
38 28 0 71.0845 93.067
38 29 0 31.6149 37.835
38 30 0 75.5199 90.6096
38 31 0 58.2417 76.5544
38 32 0 87.5905 93.4977
38 33 0 60.9359 78.8453
38 34 0 59.2321 82.5991
38 35 0 87.2172 119.283
38 36 0 65.3871 66.2644
38 37 0 1.3282 1.73788
38 39 1 67.8119 86.2878
38 40 0 13.0758 14.7939
38 41 0 64.3728 73.8471
38 42 0 20.2048 27.1452
38 43 0 69.8962 87.3538
38 44 0 70.082 99.4326
38 45 0 6.11804 6.58235
38 46 0 83.3267 117.776
38 47 0 67.5157 95.1519
38 48 0 1.59297 2.04473
38 49 0 82.7366 110.011
38 50 0 39.792 45.4859
38 51 0 14.1711 15.842
38 52 0 72.9957 80.8388
38 53 0 30.6587 45.2918
38 54 0 17.953 20.1446
38 55 0 65.5813 91.5721
38 56 0 39.0942 54.1369
38 57 0 43.5738 60.8007
38 58 0 47.0004 53.1559
38 59 0 58.9978 76.3023
38 60 0 47.9489 60.4616
39 1 0 88.9057 132.895
39 2 0 59.5208 85.8328
39 3 0 66.1955 98.0185
39 4 0 83.4257 106.016
39 5 0 54.2835 68.4617
39 6 0 76.3705 78.0297
39 7 0 28.6659 29.7798
39 8 0 13.0261 13.4207
39 9 0 44.4243 66.4197
39 10 0 58.1007 66.8046
39 11 0 38.4812 55.5281
39 12 0 29.083 38.3534
39 13 0 87.5188 107.631
39 14 0 11.919 15.3453
39 15 0 29.6992 30.8302
39 16 0 3.66245 5.44104
39 17 0 21.2138 21.3382
39 18 0 56.34 77.901
39 19 0 74.5576 87.339
39 20 0 39.0381 43.6512
39 21 0 89.1178 92.178
39 22 0 54.7394 62.9112
39 23 0 10.8456 11.1291
39 24 0 4.56246 6.73022
39 25 0 14.0487 19.1481
39 26 0 27.8705 28.2575
39 27 0 35.487 43.4181
39 28 0 63.7288 86.9362
39 29 0 65.2246 91.9436
39 30 0 80.3596 109.926
39 31 0 17.591 20.5606
39 32 0 30.2056 31.1198
39 33 0 81.2586 98.5667
39 34 0 53.8175 65.3332
39 35 0 46.5313 56.1185
39 36 0 19.413 26.5802
39 37 0 17.2819 24
39 38 0 1.81745 2.2806
39 40 1 17.2833 23.8061
39 41 0 9.8098 11.5911
39 42 0 51.8994 62.6058
39 43 0 55.9187 59.4813
39 44 0 69.3919 77.7311
39 45 0 25.8298 30.8605
39 46 0 73.9286 78.6472
39 47 0 81.1945 92.9193
39 48 0 74.0407 86.2423
39 49 0 93.4958 136.408
39 50 0 53.4421 62.4825
39 51 0 76.9498 89.9462
39 52 0 81.8283 115.642
39 53 0 0.242125 0.305323
39 54 0 73.2743 99.9021
39 55 0 63.6423 81.4516
39 56 0 3.45535 4.0264
39 57 0 72.5765 79.6
39 58 0 31.5417 42.3173
39 59 0 68.0805 98.2764
39 60 0 56.9378 78.9209
40 1 0 56.5705 65.5783
40 2 0 81.8299 113.505
40 3 0 56.6924 76.1065
40 4 0 15.1098 16.467
40 5 0 92.7455 97.4678
40 6 0 35.7964 39.1712
40 7 0 21.4599 28.5388
40 8 0 63.2837 64.8856
40 9 0 21.4235 31.8028
40 10 0 5.82937 6.15531
40 11 0 65.1409 80.1078
40 12 0 74.2353 107.416
40 13 0 22.4058 24.5279
40 14 0 24.5781 27.4893
40 15 0 66.4257 66.7472
40 16 0 12.9578 18.3777
40 17 0 99.7327 147.476
40 18 0 81.3869 113.121
40 19 0 51.1888 64.0447
40 20 0 47.812 58.4847
40 21 0 54.1865 79.1462
40 22 0 29.7104 33.0504
40 23 0 45.8262 49.5651
40 24 0 69.9389 99.7555
40 25 0 95.0598 103.431
40 26 0 15.4183 23.0129
40 27 0 51.5929 60.2649
40 28 0 86.2807 129.017
40 29 0 76.4693 98.3616
40 30 0 41.974 59.5974
40 31 0 98.1132 101.652
40 32 0 21.938 30.9199
40 33 0 16.6218 23.6588
40 34 0 76.3067 85.0707
40 35 0 34.0716 37.1763
40 36 0 74.8386 99.4751
40 37 0 7.04864 8.79162
40 38 0 6.90511 9.83441
40 39 0 80.957 86.265
40 41 1 11.7621 12.4936
40 42 0 87.2046 88.7558
40 43 0 95.3016 97.0717
40 44 0 78.5732 84.8558
40 45 0 72.5447 73.5593
40 46 0 4.75284 5.95202
40 47 0 80.3841 114.425
40 48 0 10.371 12.8599
40 49 0 94.3623 125.965
40 50 0 2.77327 2.96762
40 51 0 29.6621 40.8227
40 52 0 28.8797 36.7735
40 53 0 23.0958 32.3047
40 54 0 26.2434 31.9519
40 55 0 69.3457 74.97
40 56 0 34.8592 49.2445
40 57 0 22.3779 32.4851
40 58 0 62.9463 78.0261
40 59 0 15.5059 22.7471
40 60 0 80.5387 83.848
41 1 0 94.6973 132.577
41 2 0 33.1404 33.7692
41 3 0 70.2805 95.1838
41 4 0 67.8679 84.2656
41 5 0 62.5246 75.9077
41 6 0 97.2053 136.785
41 7 0 54.8656 65.358
41 8 0 22.3376 30.2041
41 9 0 98.798 140.891
41 10 0 72.4539 96.8192
41 11 0 5.55742 7.09678
41 12 0 3.50418 4.64903
41 13 0 14.73 14.9082
41 14 0 28.9782 36.0857
41 15 0 70.403 82.1323
41 16 0 8.49641 9.73477
41 17 0 44.5869 54.2451
41 18 0 81.7121 87.9908
41 19 0 58.4456 82.1256
41 20 0 30.4159 39.8928
41 21 0 91.5627 133.584
41 22 0 6.73662 9.91924
41 23 0 86.191 102.293
41 24 0 46.4213 56.4532
41 25 0 12.4413 12.7097
41 26 0 78.0528 92.0334
41 27 0 7.70335 9.8733
41 28 0 58.3967 65.0293
41 29 0 20.9532 30.8233
41 30 0 72.8078 86.5761
41 31 0 46.5827 60.0209
41 32 1 20.9242 23.2223
41 33 0 59.0871 84.5626
41 34 0 75.1627 110.766
41 35 0 18.6089 25.3649
41 36 0 73.2437 88.5352
41 37 0 77.2349 103.536
41 38 0 53.5554 60.0176
41 39 0 32.2715 43.5199
41 40 0 19.2484 28.809
41 42 1 13.268 16.6811
41 43 0 10.4594 13.4953
41 44 0 73.3039 97.3221
41 45 0 69.8133 102.551
41 46 0 93.7994 132.157
41 47 0 69.8411 100.709
41 48 0 47.503 53.7372
41 49 0 19.5527 22.2996
41 50 0 35.6819 42.7377
41 51 0 55.6732 73.2902
41 52 0 71.9793 96.9232
41 53 0 66.3978 95.625
41 54 0 99.1149 121.325
41 55 1 10.6114 14.4798
41 56 0 71.6348 99.1526
41 57 0 64.0963 69.368
41 58 0 23.6076 35.0451
41 59 0 86.3694 100.637
41 60 0 74.0656 79.9939
42 1 0 28.1168 39.8769
42 2 0 38.4047 40.3612
42 3 0 36.1033 45.7023
42 4 0 97.4848 98.053
42 5 0 41.7751 56.6452
42 6 0 40.6054 45.0398
42 7 0 19.4256 27.1707
42 8 0 17.3379 24.8223
42 9 0 6.1861 7.08654
42 10 0 66.4908 88.0557
42 11 0 58.8768 75.2297
42 12 0 41.7001 48.6101
42 13 0 64.4056 82.3611
42 14 0 52.9204 63.5013
42 15 0 6.1328 7.82346
42 16 0 24.2363 28.9951
42 17 0 33.3053 35.2629
42 18 0 56.669 62.1655
42 19 0 9.32163 9.48219
42 20 0 59.1465 76.8746
42 21 0 33.7741 41.484
42 22 0 61.1016 66.4473
42 23 0 22.738 24.8906
42 24 0 45.3002 66.9835
42 25 0 86.1814 115.238
42 26 0 62.1277 67.0356
42 27 0 73.4394 93.406
42 28 0 80.7229 110.583
42 29 0 35.8583 51.0808
42 30 0 85.4047 109.624
42 31 0 29.9707 41.4607
42 32 0 59.6478 81.5128
42 33 0 17.672 23.0974
42 34 0 73.1138 93.2868
42 35 0 13.1224 18.5291
42 36 0 73.9437 83.5616
42 37 0 59.7126 85.8341
42 38 0 16.7886 22.5203
42 39 0 65.6726 91.2233
42 40 0 40.0731 49.9137
42 41 0 64.4835 68.2092
42 43 1 13.5328 19.7775
42 44 0 88.9331 103.829
42 45 0 88.8765 122.996
42 46 0 36.2148 37.6474
42 47 0 52.6197 64.1296
42 48 0 77.5898 96.8457
42 49 0 52.3218 69.9595
42 50 0 32.8567 35.5657
42 51 0 28.0403 40.7857
42 52 0 9.6043 11.7521
42 53 0 78.7889 98.2846
42 54 0 47.3643 51.2328
42 55 0 66.1104 67.4208
42 56 0 56.0978 74.1761
42 57 0 27.6211 29.9403
42 58 0 44.9692 58.9593
42 59 0 70.7521 93.679
42 60 0 45.6984 49.4837
43 1 0 10.6201 12.3484
43 2 0 98.0729 100.314
43 3 0 96.0531 116.282
43 4 0 82.2731 108.529
43 5 0 0.935381 1.23434
43 6 0 89.9103 112.403
43 7 0 61.4856 61.6224
43 8 0 82.6796 86.291
43 9 0 65.004 77.6467
43 10 0 5.431 6.06349
43 11 0 51.5348 61.9185
43 12 0 83.4273 93.8769
43 13 0 90.8041 119.329
43 14 0 0.378318 0.391544
43 15 0 22.3243 23.5199
43 16 0 96.6842 110.669
43 17 0 77.4835 97.7434
43 18 0 22.7217 24.631
43 19 0 78.8286 99.0033
43 20 0 11.0427 15.5636
43 21 0 86.0185 125.39
43 22 0 79.0055 89.6115
43 23 0 45.0828 64.3404
43 24 0 4.78289 5.86399
43 25 0 20.5658 25.5564
43 26 0 73.5987 73.8431
43 27 0 99.4278 129.611
43 28 0 12.1305 14.7009
43 29 0 5.83962 8.72356
43 30 0 73.3035 88.3955
43 31 0 72.131 93.4964
43 32 0 15.4423 23.0507
43 33 0 5.51176 7.035
43 34 0 34.903 42.8213
43 35 0 87.8701 119.419
43 36 0 5.28037 5.91643
43 37 0 68.3875 78.5417
43 38 0 37.0968 39.3204
43 39 0 88.2851 99.3769
43 40 0 7.81248 8.57498
43 41 0 41.0252 60.0875
43 42 0 68.6269 84.2783
43 44 1 44.3042 44.7086
43 45 0 35.3646 41.8709
43 46 0 56.3757 62.4993
43 47 0 11.0387 13.0675
43 48 0 47.6846 65.3245
43 49 0 95.4981 117.362
43 50 0 71.8895 94.5818
43 51 0 39.5217 51.0133
43 52 0 35.8128 47.832
43 53 0 44.0185 53.8806
43 54 0 97.7536 120.929
43 55 0 6.38113 8.39744
43 56 0 96.2306 99.1962
43 57 0 47.4021 65.2438
43 58 0 91.4647 97.2452
43 59 0 69.1106 79.0552
43 60 0 92.5867 104.275
44 1 0 75.9925 96.5163
44 2 0 47.4938 50.4925
44 3 0 13.9332 17.3259
44 4 0 41.1238 53.5812
44 5 0 46.9574 52.2527
44 6 0 99.3027 102.042
44 7 0 22.8322 31.3689
44 8 0 27.7649 30.2284
44 9 0 13.8342 17.3228
44 10 0 80.8463 97.9829
44 11 0 6.68384 8.68054
44 12 0 40.8705 47.2932
44 13 0 84.1838 120.605
44 14 0 30.6164 41.9832
44 15 0 45.5475 57.4031
44 16 0 27.948 33.1387
44 17 0 59.5229 64.0263
44 18 0 47.1048 67.3782
44 19 0 77.5403 78.3886
44 20 0 1.72543 1.8116
44 21 0 42.2906 49.7683
44 22 0 26.5913 30.3251
44 23 0 49.8721 72.9801
44 24 0 26.5212 37.5029
44 25 0 74.6985 111.175
44 26 0 86.7732 99.6834
44 27 0 46.4334 47.2621
44 28 0 75.1026 80.1018
44 29 0 41.8687 60.221
44 30 0 35.1029 51.086
44 31 0 82.4733 120.409
44 32 0 20.2804 20.8044
44 33 0 11.6363 13.5492
44 34 0 46.8193 55.6305
44 35 0 82.8539 100.596
44 36 0 8.6471 8.81147
44 37 0 45.2565 66.2155
44 38 0 85.882 109.405
44 39 0 33.6754 48.0465
44 40 0 63.2739 64.442
44 41 0 81.3945 106.295
44 42 0 19.477 28.7562
44 43 0 31.7366 42.4232
44 45 1 59.7481 69.3469
44 46 0 0.531119 0.578866
44 47 0 86.7755 105.748
44 48 0 36.1387 47.8269
44 49 0 61.7188 76.7083
44 50 0 85.4373 91.0604
44 51 0 86.1866 122.545
44 52 0 84.7382 113.471
44 53 0 95.6531 117.982
44 54 0 10.6869 10.6963
44 55 0 96.5423 123.985
44 56 0 78.4737 113.858
44 57 0 53.4685 60.4818
44 58 0 85.6378 89.7088
44 59 0 41.4933 58.5802
44 60 0 79.5479 112.299
45 1 0 11.7148 13.5024
45 2 0 8.11164 11.5404
45 3 0 50.4399 64.4786
45 4 0 49.3146 73.1013
45 5 0 57.2543 64.7462
45 6 0 18.2868 21.3765
45 7 0 96.3382 119.739
45 8 0 32.3206 47.3896
45 9 0 3.15858 3.6534
45 10 0 4.27589 4.65608
45 11 0 71.4382 106.238
45 12 0 5.37191 7.78137
45 13 0 62.0436 70.6584
45 14 0 41.9043 54.3546
45 15 0 81.6922 111.921
45 16 0 86.2549 117.359
45 17 0 17.0454 19.4307
45 18 0 79.5212 86.5275
45 19 0 1.04655 1.05789
45 20 0 44.8436 57.6519
45 21 0 44.1623 63.0526
45 22 0 73.3426 105.649
45 23 0 62.232 70.9745
45 24 0 0.927167 1.12761
45 25 0 27.606 36.8185
45 26 0 73.2113 88.2476
45 27 0 95.0401 108.42
45 28 0 13.3023 15.8892
45 29 0 2.1749 3.09785
45 30 0 13.9887 17.1104
45 31 0 41.0348 56.1535
45 32 0 82.8905 118.7
45 33 0 40.9885 60.724
45 34 0 68.4198 79.4186
45 35 0 13.3207 19.9367
45 36 0 61.2464 71.8531
45 37 0 38.1933 42.5838
45 38 0 96.5956 115.577
45 39 0 75.3401 111.757
45 40 0 26.1724 32.1897
45 41 0 8.84011 12.0999
45 42 0 75.6548 83.8547
45 43 0 73.911 102.525
45 44 0 75.8003 108.186
45 46 1 69.798 80.0127
45 47 0 67.3542 90.8902
45 48 0 11.8394 15.0699
45 49 0 89.372 108.83
45 50 0 6.71126 6.92523
45 51 0 94.0349 132.386
45 52 0 95.3694 106.084
45 53 0 35.2389 51.506
45 54 0 38.5995 56.4041
45 55 0 22.8711 29.1643
45 56 0 54.9628 69.2345
45 57 0 91.1357 113
45 58 0 85.7322 118.975
45 59 0 93.5711 95.6372
45 60 0 95.1474 126.336
46 1 0 59.7134 72.2372
46 2 0 45.8692 51.225
46 3 0 90.5262 110.952
46 4 0 60.2622 86.2804
46 5 0 11.4404 12.6398
46 6 0 59.1754 73.8487
46 7 0 21.1685 23.5827
46 8 0 85.6907 86.2669
46 9 0 41.683 54.5242
46 10 0 28.1199 36.5752
46 11 0 22.4546 24.7024
46 12 0 5.88887 6.22811
46 13 0 21.5209 25.1852
46 14 0 19.5292 21.5779
46 15 0 36.6411 49.713
46 16 0 3.41663 3.65382
46 17 0 93.7429 94.2834
46 18 0 66.1978 85.8287
46 19 0 20.8698 24.92
46 20 0 27.2193 27.2474
46 21 0 44.3363 58.0431
46 22 0 78.888 113.171
46 23 0 87.0606 110.892
46 24 0 26.4517 27.8642
46 25 0 54.5621 80.0779
46 26 0 74.2723 83.4886
46 27 0 73.191 107.658
46 28 0 28.6332 38.412
46 29 0 52.6135 61.3288
46 30 0 30.2462 37.9381
46 31 0 50.8247 75.9698
46 32 0 10.2483 11.5951
46 33 0 17.3262 18.4829
46 34 0 49.0145 72.6871
46 35 0 47.2613 50.2325
46 36 0 79.4492 80.6499
46 37 0 88.3181 110.904
46 38 0 70.4302 103.391
46 39 0 73.0958 88.2492
46 40 0 37.4398 46.9752
46 41 0 74.0094 76.7232
46 42 0 49.6427 70.9055
46 43 0 2.83144 2.95998
46 44 0 71.3549 101.573
46 45 0 18.3346 20.7071
46 47 1 96.2508 98.0403
46 48 0 85.834 127.89
46 49 0 62.0532 66.5478
46 50 0 19.8083 29.1865
46 51 0 76.2453 113.685
46 52 0 20.6634 26.8546
46 53 0 43.8477 51.981
46 54 0 25.8933 31.5496
46 55 0 28.9726 32.843
46 56 0 43.8617 63.2643
46 57 0 58.8252 66.083
46 58 0 1.86943 2.32943
46 59 0 86.8723 105.307
46 60 0 53.6674 66.25
47 1 0 42.6149 46.911
47 2 0 74.0194 85.9964
47 3 0 12.4291 13.2422
47 4 0 38.0347 48.1977
47 5 0 23.2585 34.4013
47 6 0 60.046 82.4363
47 7 0 88.5907 125.482
47 8 0 45.3572 55.5886
47 9 0 58.7366 59.8419
47 10 0 86.6038 88.1229
47 11 0 73.9825 94.7664
47 12 0 77.7921 104.556
47 13 0 48.9004 59.881
47 14 0 90.2833 128.937
47 15 0 97.9289 112.915
47 16 0 19.5487 20.3542
47 17 0 68.6297 92.3488
47 18 0 39.1787 43.7715
47 19 0 11.746 15.6619
47 20 0 52.5681 57.8683
47 21 0 82.8963 111.993
47 22 0 31.8515 34.8714
47 23 0 72.1528 102.074
47 24 0 86.2416 110.266
47 25 0 67.8935 96.2257
47 26 0 83.5139 108.947
47 27 0 77.5972 102.848
47 28 0 63.3664 90.4471
47 29 0 30.6455 41.8998
47 30 0 14.8604 16.6931
47 31 0 84.295 126.164
47 32 0 23.8363 25.9464
47 33 0 14.3989 20.894
47 34 0 26.1807 29.8333
47 35 0 74.3449 74.5733
47 36 0 27.9823 34.8177
47 37 0 77.7543 94.6512
47 38 0 16.9707 22.832
47 39 0 31.7481 38.5969
47 40 0 75.9224 96.1904
47 41 0 16.0583 21.9743
47 42 0 91.1684 111.231
47 43 0 9.03428 11.2478
47 44 0 26.3483 33.3124
47 45 0 39.7701 49.4835
47 46 0 18.7814 27.6936
47 48 1 67.1413 99.7155
47 49 0 43.7808 59.2727
47 50 0 90.2168 112.658
47 51 0 11.8509 12.0397
47 52 0 58.8116 64.2946
47 53 0 74.0982 87.969
47 54 0 15.7458 19.0484
47 55 0 10.1303 11.7425
47 56 0 38.8085 45.6283
47 57 0 95.7235 133.057
47 58 0 90.6737 114.239
47 59 0 60.5196 76.6965
47 60 0 2.02284 2.42874
48 1 0 49.4838 52.8969
48 2 0 99.5664 149.135
48 3 0 78.7012 84.3534
48 4 0 88.0731 92.2256
48 5 0 49.6899 74.4556
48 6 0 69.1274 97.9216
48 7 0 62.5354 85.3099
48 8 1 26.9437 39.3056
48 9 0 24.0552 30.9412
48 10 0 81.8891 99.7197
48 11 0 18.8244 27.0171
48 12 0 24.9554 31.8594
48 13 0 16.4078 23.7265
48 14 0 3.26621 3.87903
48 15 0 76.3973 93.5775
48 16 0 43.9763 50.1879
48 17 0 74.4243 92.4239
48 18 0 6.19404 7.72553
48 19 0 91.2891 124.473
48 20 0 22.7841 31.9248
48 21 0 30.427 45.6365
48 22 0 41.9305 44.2364
48 23 0 13.9155 20.4999
48 24 0 9.83981 12.8205
48 25 0 95.2239 131.498
48 26 0 21.1235 30.9054
48 27 0 26.0386 32.7207
48 28 0 9.24712 13.6885
48 29 0 52.8544 62.7794
48 30 0 46.747 53.3247
48 31 0 86.3263 100.715
48 32 0 98.7293 116.965
48 33 0 24.9212 33.0357
48 34 0 77.1533 100.566
48 35 0 95.1798 95.8699
48 36 0 45.912 61.5627
48 37 0 31.6949 45.6498
48 38 0 25.6465 34.9222
48 39 0 74.8847 79.307
48 40 0 86.1049 105.897
48 41 0 96.8555 135.021
48 42 0 13.817 14.3287
48 43 0 56.0649 72.1104
48 44 0 23.616 24.2966
48 45 0 96.9464 103.6
48 46 0 49.7767 62.2867
48 47 0 96.2479 115.987
48 49 1 54.5729 57.6486
48 50 0 86.3364 125.956
48 51 0 19.1621 19.2496
48 52 0 42.8259 51.3092
48 53 0 92.2863 97.4029
48 54 0 41.0411 45.7037
48 55 0 3.49936 3.98341
48 56 0 64.6898 88.9262
48 57 0 30.5949 37.6105
48 58 0 15.3741 17.2393
48 59 0 39.2923 44.8924
48 60 0 27.2518 36.3386
49 1 0 10.3199 13.1189
49 2 0 82.1887 99.1984
49 3 0 66.0693 68.6456
49 4 0 40.2258 57.6999
49 5 0 47.6703 55.5573
49 6 0 5.67511 6.11744
49 7 0 55.7239 75.5518
49 8 0 76.3768 104.491
49 9 0 78.2658 108.738
49 10 0 50.3567 68.7053
49 11 0 60.8753 88.0541
49 12 0 32.4903 45.8574
49 13 0 38.7166 48.9225
49 14 0 95.0383 127.717
49 15 0 81.5885 116.875
49 16 0 27.8758 37.5167
49 17 0 95.0827 112.973
49 18 0 77.8965 93.4913
49 19 0 56.907 84.99
49 20 0 57.6531 83.0364
49 21 0 71.5173 93.0191
49 22 0 37.9027 48.463
49 23 0 33.9667 42.2091
49 24 0 8.24264 11.4233
49 25 0 87.5445 111.438
49 26 0 44.6478 60.0492
49 27 0 22.13 30.5326
49 28 0 56.6759 82.8914
49 29 0 91.6812 129.73
49 30 0 13.6772 14.2917
49 31 0 61.1143 70.7116
49 32 0 28.1078 35.0383
49 33 0 81.9019 91.9817
49 34 0 6.60926 8.59566
49 35 0 74.3889 90.1096
49 36 0 45.9106 64.62
49 37 0 97.509 133.227
49 38 1 51.8597 60.434
49 39 0 5.95157 7.8771
49 40 0 38.4557 49.8921
49 41 0 20.9192 23.6154
49 42 0 31.374 44.5697
49 43 0 89.1399 110.036
49 44 0 55.0721 62.4506
49 45 1 24.3028 25.229
49 46 0 33.4927 49.5671
49 47 0 51.6597 68.6159
49 48 0 92.7728 106.723
49 50 1 34.0862 36.7441
49 51 0 45.0897 47.7495
49 52 0 86.9599 107.615
49 53 0 65.2485 84.2973
49 54 0 52.0146 75.2993
49 55 0 23.214 25.9567
49 56 0 68.1767 88.141
49 57 0 8.59136 9.75468
49 58 0 18.0897 21.4706
49 59 0 87.3143 128.331
49 60 0 8.24147 11.4339
50 1 0 11.1491 12.4536
50 2 0 55.6154 69.6584
50 3 0 97.2017 104.429
50 4 1 35.5919 41.6913
50 5 0 45.696 52.4431
50 6 0 43.3931 62.0301
50 7 0 72.5624 100.631
50 8 0 46.3824 61.8987
50 9 0 55.9148 79.898
50 10 0 80.522 116.045
50 11 0 35.8426 45.6307
50 12 0 16.9605 18.4328
50 13 0 82.6785 123.594
50 14 0 63.195 89.4198
50 15 1 14.3538 15.2171
50 16 0 8.29155 9.98003
50 17 0 56.7007 66.3889
50 18 0 12.041 15.8091
50 19 0 68.4644 101.589
50 20 0 4.67134 6.16717
50 21 0 32.7714 37.6908
50 22 0 48.9881 53.4781
50 23 0 9.52213 13.4288
50 24 0 9.25619 13.3121
50 25 0 13.1041 17.6194
50 26 0 58.6192 86.7852
50 27 0 41.3643 59.6045
50 28 0 59.8 60.002
50 29 0 56.0814 58.2176
50 30 0 72.7266 87.1853
50 31 0 58.6353 63.657
50 32 0 99.0184 118.759
50 33 0 32.9337 41.202
50 34 0 63.6799 72.7465
50 35 0 65.6726 73.1816
50 36 0 68.7551 99.1446
50 37 0 85.2574 108.915
50 38 0 77.7091 90.7612
50 39 0 94.3994 135.68
50 40 0 25.846 33.6509
50 41 0 59.6218 62.4226
50 42 0 3.13287 3.21827
50 43 0 67.4995 86.3909
50 44 0 72.7075 91.7262
50 45 0 84.3103 97.2559
50 46 0 43.343 50.7493
50 47 0 2.01125 2.7161
50 48 0 64.626 81.3688
50 49 0 73.1822 77.3379
50 51 1 58.0682 83.5777
50 52 0 3.70498 4.97589
50 53 0 33.5394 38.3333
50 54 0 34.9065 48.7469
50 55 0 16.4606 17.2181
50 56 0 52.9746 60.5779
50 57 0 44.1994 45.0701
50 58 1 83.3565 121.028
50 59 0 93.184 115.149
50 60 0 58.1036 61.0997
51 1 0 40.9579 49.8368
51 2 0 43.2582 48.555
51 3 0 66.4695 97.0554
51 4 0 97.0204 142.594
51 5 0 69.5326 85.1907
51 6 0 94.9489 121.248
51 7 0 1.10553 1.26899
51 8 0 40.5972 42.7707
51 9 0 88.419 101.417
51 10 0 45.0822 57.1926
51 11 0 16.2316 19.0929
51 12 0 30.9583 39.5582
51 13 0 10.1006 13.6121
51 14 0 81.081 109.93
51 15 0 16.6369 21.8007
51 16 0 48.9639 51.9591
51 17 0 68.0301 91.9597
51 18 0 9.10149 9.51697
51 19 0 28.9142 42.4931
51 20 0 36.9385 44.682
51 21 0 31.2983 35.845
51 22 0 82.6936 112.809
51 23 0 3.68362 5.08723
51 24 0 78.7697 116.177
51 25 0 7.55092 7.99903
51 26 0 96.0506 108.534
51 27 0 72.5088 99.6334
51 28 0 60.1648 64.2928
51 29 0 57.2877 82.3894
51 30 0 90.8649 113.762
51 31 0 10.62 10.9367
51 32 0 24.752 32.2478
51 33 0 59.6718 73.3911
51 34 0 86.5226 110.318
51 35 0 5.60075 5.96492
51 36 0 10.655 13.7689
51 37 0 31.8736 41.8515
51 38 0 15.8429 20.2842
51 39 0 8.24811 11.7334
51 40 0 48.9724 53.5808
51 41 0 25.9641 29.5509
51 42 0 80.6365 86.9659
51 43 0 78.6487 81.4069
51 44 0 61.6692 71.9488
51 45 0 98.9308 145.47
51 46 0 68.6913 93.0805
51 47 0 78.2886 102.982
51 48 0 75.037 82.5126
51 49 0 31.8558 37.7897
51 50 0 93.969 135.223
51 52 1 82.7185 115.636
51 53 0 71.572 77.4422
51 54 0 93.983 131.477
51 55 0 18.5509 21.2086
51 56 0 36.7277 53.2124
51 57 0 98.1684 120.82
51 58 0 6.85931 9.43269
51 59 0 81.8682 93.4314
51 60 0 86.2202 92.1463
52 1 0 30.3729 39.6064
52 2 0 22.4727 32.555
52 3 0 99.8631 117.87
52 4 0 26.3038 38.2009
52 5 0 35.1676 43.9632
52 6 0 7.04625 10.1735
52 7 0 88.1509 111.309
52 8 0 58.367 79.8698
52 9 0 85.7538 106.162
52 10 0 81.6916 99.2122
52 11 0 51.8404 73.7028
52 12 0 16.5536 20.9079
52 13 0 91.2481 128.151
52 14 0 64.3203 81.6454
52 15 0 16.3123 18.043
52 16 0 87.2605 94.8249
52 17 0 34.7264 48.0311
52 18 0 9.31313 13.4256
52 19 0 25.7487 33.8514
52 20 0 19.5817 21.8479
52 21 0 89.9828 94.997
52 22 0 58.3118 82.1458
52 23 0 46.8278 57.1989
52 24 0 73.8471 84.526
52 25 0 9.95933 10.5025
52 26 0 27.3275 36.8084
52 27 0 81.5209 91.3872
52 28 0 46.614 47.2806
52 29 0 14.5322 16.8569
52 30 0 60.9745 63.2101
52 31 0 47.3081 52.1904
52 32 0 58.1564 83.8667
52 33 0 44.2086 62.3847
52 34 0 2.12056 3.05138
52 35 0 55.0427 76.5478
52 36 0 54.1313 74.0441
52 37 0 69.9388 76.9186
52 38 0 2.96839 4.22323
52 39 0 51.5541 70.7168
52 40 0 42.1959 59.3043
52 41 0 52.8476 74.2354
52 42 0 49.3233 60.5753
52 43 0 70.916 102.844
52 44 0 18.0993 21.612
52 45 0 74.532 105.945
52 46 0 42.8853 62.5028
52 47 0 76.9851 80.9963
52 48 0 50.6266 75.4411
52 49 0 88.8245 121.966
52 50 1 6.39282 8.10132
52 51 0 67.3934 76.684
52 53 1 59.5128 87.3225
52 54 0 76.6747 79.2848
52 55 0 73.0176 76.7253
52 56 0 22.1965 25.1496
52 57 0 17.4934 19.4856
52 58 0 84.7636 124.222
52 59 0 87.2065 125.086
52 60 0 54.9428 79.5514
53 1 0 61.7075 69.1256
53 2 0 79.2474 80.2986
53 3 0 85.7849 123.571
53 4 0 23.0478 27.8431
53 5 0 83.4656 89.7971
53 6 0 43.0358 49.3894
53 7 0 56.1774 76.9928
53 8 0 63.8182 81.7489
53 9 0 75.8538 89.0397
53 10 0 11.6296 11.8356
53 11 0 73.6594 89.6274
53 12 0 59.3969 85.9198
53 13 0 91.654 96.589
53 14 0 86.7541 116.126
53 15 0 31.1369 36.1927
53 16 0 90.6954 96.2269
53 17 0 25.3538 27.4886
53 18 0 92.8389 110.501
53 19 0 97.9613 141.05
53 20 0 12.0557 14.6348
53 21 0 33.4925 47.9246
53 22 0 80.9555 89.0607
53 23 0 29.4598 41.9214
53 24 0 83.3164 83.4396
53 25 0 86.9509 105.891
53 26 0 21.6923 28.3438
53 27 0 22.0626 28.8837
53 28 0 17.4622 24.6462
53 29 0 6.38156 7.69665
53 30 1 62.5371 77.3031
53 31 0 16.2024 21.2992
53 32 0 7.53066 8.13421
53 33 0 67.8339 72.7271
53 34 0 60.355 86.7832
53 35 0 93.6411 124.916
53 36 0 67.9574 80.7682
53 37 0 85.2676 116.734
53 38 0 85.3161 119.208
53 39 0 70.046 80.0905
53 40 0 53.5958 76.833
53 41 0 99.1442 114.333
53 42 0 60.4155 81.2215
53 43 0 93.1917 132.066
53 44 0 72.625 85.3913
53 45 0 9.13272 13.1957
53 46 0 41.6425 48.5736
53 47 0 83.7627 110.208
53 48 0 11.0719 11.6575
53 49 0 3.71175 4.54954
53 50 0 76.7554 85.0608
53 51 0 13.4547 18.1344
53 52 0 40.2854 53.6516
53 54 1 94.3624 96.5538
53 55 0 89.6526 93.6049
53 56 0 72.9733 107.353
53 57 0 30.6511 37.7346
53 58 0 1.69638 1.73665
53 59 0 76.032 89.6501
53 60 0 98.7853 121.041
54 1 0 7.4579 10.6549
54 2 0 52.4937 77.687
54 3 0 7.22157 8.88267
54 4 0 79.7967 99.2045
54 5 0 17.6475 25.5977
54 6 0 20.3154 29.9634
54 7 0 8.4904 10.0335
54 8 0 10.5199 12.3196
54 9 0 73.7782 95.8321
54 10 0 33.2689 46.8375
54 11 0 83.4008 112.818
54 12 0 28.4687 41.2414
54 13 0 50.2113 50.7194
54 14 0 43.6313 59.7727
54 15 0 61.0953 85.7635
54 16 0 44.9175 49.6582
54 17 0 11.5221 17.2149
54 18 0 91.8985 98.713
54 19 0 29.1682 42.8571
54 20 0 73.4236 78.7783
54 21 0 37.2878 37.7274
54 22 0 31.3957 37.6164
54 23 0 96.3071 140.896
54 24 0 69.4323 99.9971
54 25 0 19.3103 21.6877
54 26 0 7.00536 9.66034
54 27 0 39.0547 56.8542
54 28 0 57.0403 80.649
54 29 0 85.2925 117.172
54 30 0 63.3855 71.3853
54 31 0 84.6386 111.264
54 32 0 64.5584 95.6519
54 33 0 32.5876 36.9168
54 34 0 53.8833 58.1448
54 35 0 48.7242 69.0928
54 36 0 73.0263 95.2699
54 37 0 0.444404 0.473222
54 38 0 1.45023 1.88526
54 39 0 50.2688 63.309
54 40 0 30.2166 39.1805
54 41 0 5.75358 8.13659
54 42 0 90.3075 128.107
54 43 0 48.6722 58.753
54 44 0 38.1356 52.9443
54 45 0 53.0066 66.8864
54 46 0 18.0058 23.6507
54 47 0 65.1637 79.6321
54 48 0 74.3912 88.6462
54 49 0 44.3595 52.1704
54 50 0 73.1703 88.5695
54 51 0 88.6294 129.617
54 52 0 81.4276 116.159
54 53 0 34.0438 41.4517
54 55 1 56.3638 61.1225
54 56 0 81.9756 117.708
54 57 0 80.2728 86.0382
54 58 0 8.29804 11.5034
54 59 0 8.95181 9.87345
54 60 0 25.473 37.0614
55 1 0 36.3103 45.7396
55 2 0 69.0994 95.0975
55 3 0 82.7262 119.05
55 4 0 97.8243 130.747
55 5 0 70.8859 72.2491
55 6 0 56.9236 71.1915
55 7 0 14.595 14.7552
55 8 0 83.7066 99.127
55 9 0 14.8104 16.0629
55 10 0 9.03734 10.9192
55 11 0 24.4031 27.5081
55 12 0 98.0905 104.703
55 13 0 17.7948 24.8504
55 14 0 42.3538 50.4568
55 15 0 51.064 54.2696
55 16 0 95.0403 105.813
55 17 0 17.0395 24.2106
55 18 0 49.6686 73.8866
55 19 0 53.5987 78.4272
55 20 0 10.9679 16.0561
55 21 0 73.8833 94.1329
55 22 0 94.4035 109.358
55 23 0 29.9701 34.3016
55 24 0 22.797 30.0237
55 25 0 74.5135 111.214
55 26 0 30.9976 39.4036
55 27 0 93.6483 127.519
55 28 0 82.3892 112.944
55 29 0 90.5095 91.7193
55 30 0 39.7382 56.6913
55 31 0 33.9617 42.7848
55 32 0 45.7299 46.5922
55 33 1 94.2104 111.621
55 34 0 76.8605 92.4609
55 35 0 74.0805 82.1675
55 36 0 92.9253 115.624
55 37 0 43.5404 47.1336
55 38 1 80.497 106.207
55 39 0 33.5828 46.4645
55 40 0 66.2671 68.0242
55 41 0 7.62004 7.75645
55 42 0 43.1888 48.4289
55 43 0 89.4255 107.764
55 44 0 85.8313 127.222
55 45 0 99.4035 118.646
55 46 0 48.7981 63.4426
55 47 0 25.9003 31.8376
55 48 0 43.0763 43.507
55 49 0 8.8861 12.0457
55 50 0 54.4064 74.5919
55 51 0 6.40782 7.4364
55 52 0 26.5447 32.3448
55 53 0 33.3435 40.6407
55 54 0 16.8736 19.0831
55 56 1 48.8304 55.0904
55 57 1 75.6371 85.2131
55 58 0 32.6644 33.384
55 59 0 77.4686 93.6776
55 60 0 89.4151 122.403
56 1 0 48.6441 71.4098
56 2 0 24.8819 34.4306
56 3 0 46.9146 51.5081
56 4 0 17.7351 23.9754
56 5 0 14.3716 14.3788
56 6 0 93.1364 116.638
56 7 0 5.26503 5.45017
56 8 0 48.4668 63.075
56 9 0 70.3417 93.9948
56 10 0 77.5753 102.341
56 11 0 73.4253 77.7071
56 12 0 90.0461 118.343
56 13 0 59.0717 67.6127
56 14 0 8.73499 12.0513
56 15 0 43.0431 52.0412
56 16 0 3.42277 4.30695
56 17 0 6.76903 9.44402
56 18 0 60.7088 90.4893
56 19 0 33.3238 44.8476
56 20 0 99.5165 112.825
56 21 0 84.3146 106.39
56 22 0 83.5953 86.9693
56 23 0 73.2811 96.314
56 24 0 18.9484 24.7077
56 25 0 79.4079 87.3063
56 26 0 74.8984 110.133
56 27 0 70.6719 84.7392
56 28 0 73.1214 106.039
56 29 0 83.3615 94.4163
56 30 0 36.1201 38.7734
56 31 0 83.9922 103.513
56 32 0 1.03025 1.13775
56 33 0 67.8597 80.1372
56 34 0 94.2973 128.538
56 35 0 54.6458 60.7558
56 36 0 36.3866 39.6324
56 37 0 15.4687 19.7282
56 38 0 36.9878 40.399
56 39 0 69.3464 80.3607
56 40 0 56.6191 72.5951
56 41 0 72.8661 77.6772
56 42 0 96.4956 108.229
56 43 0 99.7772 145.912
56 44 0 22.5842 27.1895
56 45 0 74.5862 75.0701
56 46 0 47.0394 53.342
56 47 0 67.0181 73.4724
56 48 0 39.2693 58.5534
56 49 0 66.8035 76.6986
56 50 0 69.7887 97.7259
56 51 0 47.4179 64.2277
56 52 0 98.4453 98.8528
56 53 0 45.4523 51.2127
56 54 0 51.0356 52.2677
56 55 0 12.6334 16.9587
56 57 1 25.2225 29.9865
56 58 0 92.6684 96.6746
56 59 0 54.5491 78.5451
56 60 0 55.3977 60.6355
57 1 0 43.4173 53.8179
57 2 0 33.6184 41.582
57 3 0 15.0367 17.4108
57 4 0 85.9067 99.5085
57 5 0 60.9201 82.3119
57 6 0 14.5663 17.4759
57 7 0 72.5209 75.4605
57 8 0 11.0548 13.8652
57 9 0 96.2772 104.342
57 10 0 91.2266 120.481
57 11 0 33.8635 45.5261
57 12 0 29.4742 42.7807
57 13 0 96.3018 127.06
57 14 0 82.3259 88.4014
57 15 0 81.9143 92.2377
57 16 0 69.2062 71.8229
57 17 0 4.40692 4.71115
57 18 0 34.0758 34.2327
57 19 0 40.6001 46.4461
57 20 0 38.3687 43.4862
57 21 1 18.179 25.5499
57 22 0 33.4109 39.1395
57 23 0 93.2003 112.215
57 24 0 50.6361 73.8968
57 25 0 83.0895 108.241
57 26 0 48.9073 64.6462
57 27 0 67.0392 75.1244
57 28 1 62.1351 70.3897
57 29 0 68.5402 77.2686
57 30 0 15.7944 23.3677
57 31 0 42.2677 55.2962
57 32 0 5.95761 6.03109
57 33 0 21.443 30.7438
57 34 0 82.9774 119.166
57 35 0 38.5258 47.0943
57 36 0 34.2501 37.6238
57 37 0 92.674 98.721
57 38 0 71.115 83.6118
57 39 0 84.8231 123.821
57 40 0 58.5392 84.2074
57 41 0 53.3972 58.6779
57 42 0 15.1548 17.5512
57 43 0 54.5915 75.4525
57 44 0 78.9175 81.8264
57 45 0 1.56978 1.79723
57 46 0 32.9826 46.7699
57 47 0 27.1376 31.8084
57 48 0 12.1517 14.3016
57 49 0 43.0108 53.1199
57 50 0 38.8792 41.7797
57 51 0 52.8367 59.8839
57 52 0 29.7756 39.5342
57 53 0 65.8148 85.5884
57 54 0 85.7806 94.8767
57 55 0 11.0765 13.0216
57 56 0 80.8545 101.044
57 58 1 89.9276 128.906
57 59 0 65.5425 69.1921
57 60 0 39.4769 42.8881
58 1 0 44.4091 66.45
58 2 0 62.7645 70.2114
58 3 0 37.8143 39.6187
58 4 0 45.1383 54.0714
58 5 0 39.7509 49.862
58 6 0 83.055 103.607
58 7 0 10.0109 13.7308
58 8 0 82.8655 97.2498
58 9 0 48.5899 70.0845
58 10 0 3.03539 3.2069
58 11 0 33.6385 40.4251
58 12 0 63.1002 84.3261
58 13 0 92.8472 127.157
58 14 0 1.96315 2.64839
58 15 0 16.5442 22.0129
58 16 0 14.8414 18.1604
58 17 0 66.3355 90.1399
58 18 0 14.5691 20.1369
58 19 0 96.2429 115.784
58 20 0 49.8286 53.0015
58 21 0 72.6374 79.0596
58 22 0 19.3873 23.3538
58 23 0 64.4499 74.259
58 24 0 71.9009 99.8061
58 25 0 96.5794 119.55
58 26 0 85.8815 111.757
58 27 0 63.6213 75.213
58 28 0 89.3409 92.1361
58 29 0 83.1283 119.343
58 30 0 18.4074 27.2247
58 31 0 1.04101 1.35821
58 32 0 16.8502 17.3301
58 33 0 79.6084 117.735
58 34 0 20.0003 26.3407
58 35 0 10.5961 10.8106
58 36 0 49.7304 59.8058
58 37 0 10.7037 15.265
58 38 0 90.8215 102.844
58 39 0 38.717 57.3971
58 40 0 48.4232 53.7562
58 41 0 37.1935 41.995
58 42 0 95.4749 98.9381
58 43 0 77.3977 82.8047
58 44 0 50.849 56.3162
58 45 0 13.5855 16.5286
58 46 0 80.2752 105.614
58 47 0 83.2636 124.25
58 48 0 95.5185 101.754
58 49 0 48.319 59.8234
58 50 0 30.5432 35.3981
58 51 0 32.1779 43.455
58 52 0 58.1467 77.5753
58 53 0 63.4961 64.908
58 54 0 78.3431 101.777
58 55 0 96.7295 105.243
58 56 0 94.9671 101.119
58 57 0 11.4761 13.75
58 59 1 85.3661 88.709
58 60 0 22.7333 31.6635
59 1 0 17.416 22.9908
59 2 0 74.0336 75.3999
59 3 0 51.7866 67.0299
59 4 0 28.608 31.061
59 5 0 51.5176 67.3682
59 6 0 75.1696 83.0851
59 7 0 97.7348 111.461
59 8 0 28.1349 38.4658
59 9 0 75.2837 84.3045
59 10 0 7.27901 10.1326
59 11 0 15.0303 19.5287
59 12 0 13.8869 16.2714
59 13 0 38.4917 39.7308
59 14 0 77.9634 83.3202
59 15 0 96.803 103.409
59 16 0 79.5196 92.3108
59 17 0 23.6456 26.8718
59 18 0 10.3977 11.9526
59 19 0 48.018 52.5122
59 20 0 12.605 13.9701
59 21 0 30.1999 41.055
59 22 0 30.3205 41.7678
59 23 0 75.7041 105.289
59 24 0 35.3131 46.7648
59 25 0 39.5043 45.8892
59 26 0 70.4668 74.2238
59 27 0 94.6814 101.718
59 28 0 6.67474 6.69283
59 29 0 68.1941 81.1891
59 30 0 54.8986 78.8949
59 31 0 1.29348 1.92006
59 32 0 79.0905 92.9124
59 33 0 82.4335 93.0084
59 34 0 32.4981 35.027
59 35 0 55.5187 59.8815
59 36 0 97.8729 116.893
59 37 0 38.3489 45.0777
59 38 0 74.5907 95.8678
59 39 0 46.7053 67.4211
59 40 0 5.22689 6.97439
59 41 0 42.4326 46.6786
59 42 0 20.9371 24.6395
59 43 0 11.4114 14.09
59 44 0 5.838 6.98515
59 45 0 22.6953 24.1864
59 46 0 59.1543 61.2948
59 47 0 3.49643 4.03517
59 48 0 61.1631 82.8877
59 49 0 55.6605 58.239
59 50 0 82.5785 95.4721
59 51 0 69.8229 84.5769
59 52 0 46.0423 68.3156
59 53 0 23.9616 27.3033
59 54 0 67.6625 83.0495
59 55 0 47.9501 58.6711
59 56 0 19.2282 22.664
59 57 0 7.45423 10.1747
59 58 0 29.4668 31.9087
59 60 1 78.1478 96.4193
60 1 1 12.1717 13.7246
60 2 0 83.2904 108.61
60 3 0 5.8675 7.97181
60 4 0 92.0377 130.58
60 5 0 69.5292 97.5578
60 6 0 15.0968 19.8399
60 7 0 68.1785 99.2783
60 8 0 35.6934 36.1618
60 9 0 48.1034 59.352
60 10 0 99.0074 131.328
60 11 0 96.7106 129.536
60 12 0 32.6667 38.9971
60 13 0 13.4338 16.3967
60 14 0 29.0733 41.4957
60 15 0 31.9789 47.7238
60 16 0 48.9459 72.0902
60 17 0 32.7592 46.0909
60 18 0 17.456 18.2156
60 19 0 54.7002 71.033
60 20 0 30.3567 30.5939
60 21 0 54.1927 57.994
60 22 0 70.4886 98.3207
60 23 0 29.5192 40.6507
60 24 0 2.66405 3.43342
60 25 0 49.7479 51.9093
60 26 0 83.5035 124.078
60 27 0 43.9658 50.7231
60 28 0 31.4361 42.5184
60 29 0 43.5865 57.6154
60 30 0 39.6863 49.9373
60 31 0 15.5677 17.2982
60 32 0 34.1081 46.9812
60 33 0 2.5585 2.66959
60 34 0 21.3208 29.1116
60 35 0 17.5023 19.0641
60 36 0 59.1165 72.1281
60 37 0 3.75986 4.83445
60 38 0 33.8226 42.6468
60 39 0 65.072 78.2261
60 40 0 64.4329 83.2747
60 41 0 84.0306 92.6917
60 42 0 29.5565 43.479
60 43 0 95.5864 108.432
60 44 0 92.5715 98.4843
60 45 0 56.151 61.5494
60 46 0 74.7595 83.1866
60 47 0 45.9287 67.8063
60 48 0 56.2386 57.7925
60 49 0 96.1524 136.408
60 50 0 71.5826 87.3604
60 51 0 82.8045 87.7466
60 52 0 45.4422 49.1804
60 53 0 26.3711 26.8364
60 54 0 24.9587 31.6364
60 55 0 46.6315 67.9796
60 56 0 17.3953 20.4828
60 57 0 3.74482 4.62111
60 58 0 84.133 91.086
60 59 0 14.37 16.1275
5.81295 20.4684 1.89572 27.8468 31.9682 29.1846 19.8902 5.32353 7.03571 21.434 33.8173 22.0669 36.0607 27.1393 6.72135 13.249 26.07 12.0989 22.7515 18.2739 29.1451 25.2257 13.3563 38.0492 0.875182 0.330091 9.41305 1.81355 18.8479 7.79867 30.4588 5.59514 32.3183 8.32184 29.8105 20.5732 9.23299 33.3086 13.8194 16.131 29.8091 16.7985 39.0352 1.79783 18.0753 33.7752 32.4473 27.6925 16.9863 8.01645 27.549 21.2622 22.1588 25.3177 12.9722 23.4536 25.1606 30.1888 25.7586 38.4478 