60
100
4
100
1 2 1 1.96776 2.08255
1 3 0 95.9636 101.947
1 4 1 1.35594 1.86643
1 5 0 69.7848 79.4235
1 6 0 94.5644 106.731
1 7 0 72.3298 106.369
1 8 0 77.7941 111.135
1 9 0 83.6717 121.032
1 10 0 97.2999 117.07
1 11 0 77.1931 86.5301
1 12 0 85.1503 111.797
1 13 0 5.17797 6.53096
1 14 0 29.4293 40.6707
1 15 0 95.9977 123.52
1 16 0 77.226 97.2363
1 17 0 31.0034 43.8885
1 18 0 8.06983 8.38137
1 19 0 33.3134 47.1434
1 20 0 75.1261 99.6451
1 21 0 86.489 123.247
1 22 0 73.4958 85.3893
1 23 0 38.1856 49.9821
1 24 0 44.4557 62.7761
1 25 0 8.55879 9.89449
1 26 0 62.2895 69.3465
1 27 0 51.8755 56.7489
1 28 0 44.1919 46.9716
1 29 0 94.179 130.056
1 30 0 29.5643 30.222
1 31 0 20.1977 28.0449
1 32 0 39.6 51.6197
1 33 0 96.3583 136.884
1 34 0 69.458 71.3632
1 35 0 6.69823 9.37624
1 36 0 65.7237 87.8065
1 37 0 72.2186 73.1398
1 38 0 4.58716 6.08276
1 39 0 43.3336 61.6725
1 40 0 72.2204 91.8579
1 41 0 33.7318 48.182
1 42 0 0.0363685 0.0403603
1 43 0 46.2787 67.8368
1 44 0 24.8033 26.3716
1 45 1 86.7017 97.8537
1 46 0 93.3304 105.667
1 47 0 15.4576 18.8516
1 48 0 92.1492 103.995
1 49 0 22.3436 27.8012
1 50 0 26.4655 37.5908
1 51 0 19.1375 24.4124
1 52 0 82.25 102.68
1 53 0 20.6179 24.3375
1 54 0 0.438063 0.594327
1 55 0 88.0908 90.3027
1 56 0 9.02909 9.75746
1 57 0 55.8896 65.4646
1 58 0 37.3546 55.9061
1 59 0 4.46347 5.32935
1 60 0 30.7149 43.2614
2 1 0 80.7034 86.0724
2 3 1 29.5763 42.4112
2 4 0 9.89261 10.7165
2 5 0 61.48 75.296
2 6 0 17.4576 22.2574
2 7 0 89.337 100.195
2 8 0 22.8247 27.5383
2 9 0 76.2595 108.001
2 10 0 11.2449 13.6329
2 11 0 56.7513 59.462
2 12 0 33.1815 34.5295
2 13 1 83.1629 109.337
2 14 0 62.5223 88.295
2 15 0 9.26024 11.9317
2 16 0 14.999 20.6581
2 17 0 28.6988 30.8944
2 18 0 18.0613 22.1165
2 19 0 13.628 17.9464
2 20 0 48.1754 48.5595
2 21 0 17.9345 18.6077
2 22 0 89.1841 100.203
2 23 0 46.0367 58.3479
2 24 0 41.5438 54.0654
2 25 0 25.5398 33.2658
2 26 0 94.0858 139.978
2 27 0 6.03267 8.91211
2 28 0 5.92074 6.05642
2 29 0 2.60316 3.67554
2 30 0 10.4434 15.52
2 31 0 78.6985 88.9584
2 32 0 65.1385 91.1644
2 33 0 46.3693 60.3493
2 34 0 96.0278 141.123
2 35 0 72.3153 81.022
2 36 0 46.8453 61.2848
2 37 0 81.891 96.328
2 38 0 16.6625 17.9881
2 39 0 91.2455 117.863
2 40 0 40.9696 58.9982
2 41 0 39.5981 51.933
2 42 0 75.2071 106.095
2 43 0 36.2693 44.6535
2 44 0 13.5364 13.554
2 45 0 16.3765 21.0432
2 46 0 96.9366 103.475
2 47 0 25.4258 33.8
2 48 0 24.8808 29.869
2 49 0 39.3013 44.1785
2 50 0 23.5901 32.9666
2 51 0 59.9698 82.5693
2 52 0 18.3384 25.8107
2 53 0 81.6178 110.461
2 54 0 94.1868 99.7595
2 55 0 42.2707 56.5516
2 56 0 10.622 14.4273
2 57 0 74.5981 79.8133
2 58 0 44.0408 60.427
2 59 0 93.0799 101.601
2 60 0 14.2447 20.9535
3 1 0 8.76311 13.08
3 2 0 28.9075 34.3669
3 4 1 35.4367 44.5188
3 5 0 40.9418 50.6159
3 6 0 52.0317 62.2451
3 7 0 9.59272 14.366
3 8 0 96.6365 110.011
3 9 0 84.575 95.7004
3 10 0 6.37962 6.45242
3 11 0 74.022 107.563
3 12 0 69.9987 84.2626
3 13 0 91.1201 96.5923
3 14 0 10.2527 15.1517
3 15 0 21.3546 29.1353
3 16 0 11.7457 12.804
3 17 0 67.0484 92.9824
3 18 0 36.701 43.0611
3 19 0 37.8141 44.8135
3 20 0 11.8869 14.7629
3 21 0 55.3485 62.2531
3 22 0 88.4401 117.032
3 23 0 63.7649 84.6744
3 24 0 82.5598 114.892
3 25 0 18.5064 20.3763
3 26 0 36.5821 44.9688
3 27 0 48.7749 52.3501
3 28 0 39.7686 42.5952
3 29 0 60.4515 81.2439
3 30 0 49.434 73.4762
3 31 0 1.79075 1.96432
3 32 0 54.3984 75.3866
3 33 0 26.5527 37.1223
3 34 0 84.867 113.883
3 35 0 46.2334 63.9818
3 36 1 67.4844 97.8302
3 37 0 42.2353 47.5809
3 38 1 40.8847 53.0839
3 39 0 30.8316 40.5255
3 40 0 87.2624 92.1966
3 41 0 98.4304 140.865
3 42 0 49.9247 56.517
3 43 0 91.6071 94.4055
3 44 0 20.8108 21.8518
3 45 0 83.1651 107.332
3 46 0 57.1254 63.0408
3 47 0 85.2591 105.449
3 48 0 95.5196 138.785
3 49 0 6.70829 8.93828
3 50 0 44.1054 49.5567
3 51 0 20.2371 23.1719
3 52 0 16.3958 16.5479
3 53 0 7.07655 9.92625
3 54 0 28.2626 32.091
3 55 0 50.9071 75.3955
3 56 0 48.963 60.9647
3 57 0 2.72748 2.7618
3 58 0 39.8152 45.6909
3 59 0 97.106 121.295
3 60 0 98.1319 116.45
4 1 0 63.1293 86.9223
4 2 0 93.8691 121.353
4 3 0 48.8385 66.7792
4 5 1 77.1002 102.923
4 6 0 78.5768 90.0677
4 7 0 70.66 86.3127
4 8 0 86.7568 90.2222
4 9 0 82.3912 112.622
4 10 0 64.9089 90.7375
4 11 0 57.3219 73.7258
4 12 0 23.4237 32.5466
4 13 0 83.2421 93.4617
4 14 0 35.2958 46.8026
4 15 0 35.6103 41.3931
4 16 0 14.1806 20.4352
4 17 0 16.6046 24.1177
4 18 0 94.1737 108.811
4 19 0 9.17436 10.5335
4 20 0 21.5286 21.5882
4 21 0 3.2602 4.22936
4 22 0 51.3568 73.2039
4 23 0 61.6058 84.2731
4 24 0 60.0816 70.744
4 25 0 22.8365 30.6883
4 26 0 25.0206 27.5959
4 27 0 16.2372 16.6063
4 28 0 36.2415 48.995
4 29 0 33.8881 40.7244
4 30 0 49.7124 56.9283
4 31 0 93.4147 98.1523
4 32 0 40.7102 58.7227
4 33 0 86.3004 114.223
4 34 0 80.7661 81.1031
4 35 0 46.5069 64.4155
4 36 0 9.10949 13.0425
4 37 0 17.6046 18.0587
4 38 0 35.4843 41.4957
4 39 0 83.9862 95.3479
4 40 0 20.4507 24.1879
4 41 0 80.3689 117.382
4 42 0 8.95201 12.2447
4 43 0 63.8327 68.0673
4 44 0 16.1396 20.8725
4 45 0 35.3844 37.2812
4 46 0 5.56573 7.17153
4 47 0 59.8286 77.8603
4 48 0 13.057 18.9726
4 49 0 57.2343 61.8016
4 50 0 57.7393 65.3398
4 51 0 14.3555 20.037
4 52 0 62.1833 72.495
4 53 0 7.53033 8.4107
4 54 0 54.5351 77.453
4 55 0 73.3871 78.7407
4 56 0 79.8409 83.7116
4 57 0 30.8118 45.0652
4 58 0 23.006 30.271
4 59 1 49.4758 59.202
4 60 0 17.7431 26.0916
5 1 0 56.988 76.07
5 2 0 73.2728 89.7987
5 3 0 67.2945 91.8468
5 4 0 24.4559 35.8567
5 6 1 15.1146 19.3506
5 7 0 96.2472 100.677
5 8 0 10.6871 10.8856
5 9 0 8.98593 12.6714
5 10 0 4.65915 4.75798
5 11 0 26.5965 28.8051
5 12 0 39.6225 53.6131
5 13 0 52.5652 65.8792
5 14 0 38.5091 39.5347
5 15 0 43.537 56.2217
5 16 0 71.2456 96.055
5 17 0 42.023 55.8869
5 18 0 3.77811 4.85198
5 19 0 42.5705 44.8792
5 20 0 41.841 42.3737
5 21 0 63.9013 95.5449
5 22 0 71.9913 100.929
5 23 0 29.8677 35.5646
5 24 0 3.00484 3.35468
5 25 0 73.0917 99.6961
5 26 0 59.3992 59.7039
5 27 0 27.3222 30.6731
5 28 0 81.8911 121.105
5 29 0 43.2017 50.4563
5 30 0 88.7353 108.583
5 31 0 70.9344 81.9268
5 32 0 98.6757 100.694
5 33 0 14.8127 16.1286
5 34 0 2.36888 3.03631
5 35 0 0.117727 0.121513
5 36 0 93.0573 137.203
5 37 0 8.01876 8.18957
5 38 0 48.8869 71.484
5 39 0 30.1036 36.8914
5 40 0 23.1868 24.7366
5 41 0 82.6384 123.849
5 42 0 75.2124 94.0184
5 43 0 31.442 42.3375
5 44 0 55.7873 55.8219
5 45 0 6.41205 7.27304
5 46 0 67.3289 100.433
5 47 0 87.1115 88.5143
5 48 0 24.1095 34.4589
5 49 0 95.9583 123.974
5 50 0 13.6827 19.3845
5 51 0 71.8566 86.2574
5 52 0 50.5107 59.8016
5 53 0 26.8549 33.1916
5 54 0 17.3782 19.2645
5 55 0 50.478 51.1122
5 56 0 37.9401 47.6316
5 57 0 50.021 58.0622
5 58 0 35.2094 35.2829
5 59 0 97.9846 108.546
5 60 0 33.8057 41.1003
6 1 0 64.5275 79.0821
6 2 0 74.2524 105.754
6 3 0 78.6345 82.4237
6 4 0 18.041 18.5666
6 5 0 81.8013 81.8697
6 7 1 32.6077 39.6496
6 8 0 95.407 135.804
6 9 0 67.0576 76.8389
6 10 0 4.75722 6.3989
6 11 0 22.4409 29.9138
6 12 0 5.02571 7.12158
6 13 0 83.2579 89.4724
6 14 0 81.7175 105.571
6 15 0 52.0414 72.6637
6 16 0 21.0274 29.4238
6 17 0 91.6006 131.889
6 18 0 77.2873 102.436
6 19 0 27.7244 34.7419
6 20 0 59.8014 88.5954
6 21 0 10.0623 11.6165
6 22 0 65.434 85.9405
6 23 0 5.23448 5.49512
6 24 0 71.3008 74.6935
6 25 0 26.1796 35.6977
6 26 0 78.7143 83.7683
6 27 0 4.07613 5.7375
6 28 0 19.1084 27.0265
6 29 0 24.9941 28.8729
6 30 0 15.5454 22.1368
6 31 0 36.6057 40.2905
6 32 0 7.48332 9.56862
6 33 0 1.11291 1.4279
6 34 0 14.6235 18.6824
6 35 0 7.18131 9.25376
6 36 0 63.8452 83.9695
6 37 0 30.8038 42.0569
6 38 0 78.1101 103.784
6 39 0 57.7009 74.7204
6 40 0 83.8537 119.803
6 41 0 60.4956 63.531
6 42 0 50.9831 52.2854
6 43 0 50.3615 61.8517
6 44 0 52.4599 68.1356
6 45 0 94.3143 103.236
6 46 0 10.1196 13.021
6 47 0 73.3106 86.5172
6 48 0 75.9805 101.431
6 49 0 35.9391 51.9728
6 50 0 96.1959 110.145
6 51 0 89.708 97.4744
6 52 0 73.2344 90.7921
6 53 0 15.1122 17.9641
6 54 0 75.6985 75.8329
6 55 0 90.8082 100.055
6 56 0 76.3347 108.985
6 57 0 28.196 34.1066
6 58 0 23.2544 25.1093
6 59 0 6.84876 8.40532
6 60 0 65.1595 87.598
7 1 0 34.9511 41.1675
7 2 1 14.1608 19.0818
7 3 0 42.9183 51.7382
7 4 0 95.0005 116.437
7 5 0 0.555203 0.582446
7 6 0 45.7235 54.5284
7 8 1 28.9832 42.5123
7 9 0 11.353 13.116
7 10 0 22.9437 23.4791
7 11 0 9.61551 14.3411
7 12 0 31.2139 34.3804
7 13 0 68.1282 93.1824
7 14 0 80.6023 112.806
7 15 0 61.9668 71.2345
7 16 0 64.3989 66.3271
7 17 0 12.4934 15.3698
7 18 0 27.2405 30.2095
7 19 0 38.0533 39.5347
7 20 0 64.4803 80.5501
7 21 0 54.1496 72.4626
7 22 0 13.8574 14.7534
7 23 0 90.428 115.101
7 24 0 31.2995 35.4858
7 25 0 0.946636 1.41987
7 26 0 56.8087 58.4684
7 27 0 97.7966 137.191
7 28 0 72.1661 99.808
7 29 0 49.9639 61.6509
7 30 0 96.524 114.373
7 31 0 71.2892 99.9999
7 32 0 55.259 63.5565
7 33 0 49.8883 55.7296
7 34 0 67.0872 86.1852
7 35 0 84.8188 103.657
7 36 0 54.5311 55.6209
7 37 0 85.9852 87.8175
7 38 0 86.0373 92.708
7 39 0 68.5546 99.064
7 40 0 2.48623 3.1386
7 41 0 49.3477 68.128
7 42 0 52.4426 62.7224
7 43 0 40.7741 41.2882
7 44 0 23.2267 32.811
7 45 0 11.3183 13.9151
7 46 0 92.0119 126.757
7 47 0 89.664 116.6
7 48 0 1.07996 1.29804
7 49 0 23.9203 33.925
7 50 0 94.1533 117.436
7 51 0 34.1179 46.9612
7 52 0 50.8091 59.4416
7 53 0 62.7779 91.4294
7 54 0 23.4932 29.116
7 55 0 54.7465 67.2409
7 56 0 29.5751 30.5582
7 57 1 31.1885 31.8081
7 58 0 13.5452 14.7887
7 59 0 72.0772 106.103
7 60 0 31.3719 39.7873
8 1 0 64.0656 80.0653
8 2 0 90.4438 117.695
8 3 0 64.6364 66.0688
8 4 0 11.8359 12.9439
8 5 1 34.3976 45.7221
8 6 0 76.9198 99.9927
8 7 0 82.5794 103.686
8 9 1 59.666 80.4774
8 10 0 68.0344 86.4959
8 11 0 84.4603 97.1912
8 12 0 96.917 98.3748
8 13 0 48.3151 49.6066
8 14 0 28.7656 37.6029
8 15 1 54.6734 61.5427
8 16 0 27.7452 37.7236
8 17 0 43.3836 55.9025
8 18 0 8.19862 11.7688
8 19 0 7.92601 10.2645
8 20 0 54.0034 58.2438
8 21 0 12.2469 17.2449
8 22 0 23.7556 27.2089
8 23 0 89.7083 117.81
8 24 0 26.4221 35.5432
8 25 0 32.8557 38.3891
8 26 0 62.7603 90.6753
8 27 0 76.541 112.13
8 28 0 73.2972 76.0482
8 29 0 53.2554 69.7517
8 30 0 98.0456 133.938
8 31 0 46.0639 56.9065
8 32 0 84.6015 87.8164
8 33 0 40.5751 55.6318
8 34 0 48.38 59.6196
8 35 0 96.7909 140.95
8 36 0 23.9224 28.0073
8 37 0 64.1021 90.8882
8 38 0 0.50921 0.752279
8 39 0 44.5978 57.0061
8 40 0 95.8386 98.7229
8 41 0 45.3587 52.2929
8 42 0 40.7635 51.3018
8 43 0 5.29863 6.17602
8 44 0 75.5971 93.8737
8 45 0 58.2952 63.5792
8 46 0 87.0023 127.483
8 47 0 58.9131 66.2925
8 48 0 74.1213 87.5534
8 49 0 67.8592 94.5552
8 50 0 47.9884 68.5992
8 51 0 84.6222 102.763
8 52 0 56.9924 66.3129
8 53 0 71.5321 92.8457
8 54 0 18.8009 23.9245
8 55 0 17.9158 25.829
8 56 0 7.51364 8.08639
8 57 0 34.7057 48.2393
8 58 0 61.1039 75.9643
8 59 0 11.2065 14.4119
8 60 0 51.649 77.3397
9 1 0 50.8175 52.3354
9 2 0 18.7619 27.4026
9 3 0 90.6125 131.35
9 4 0 64.7735 95.1516
9 5 0 83.5277 124.205
9 6 0 6.85535 7.90535
9 7 0 89.4324 125.221
9 8 0 43.0757 61.8675
9 10 1 55.0749 72.372
9 11 0 9.72937 14.5388
9 12 0 28.8581 36.3835
9 13 0 64.5215 82.8921
9 14 0 72.8028 104.524
9 15 0 39.8068 59.427
9 16 0 52.2452 57.139
9 17 0 30.4727 40.1201
9 18 0 3.06496 4.32136
9 19 0 50.8919 66.5679
9 20 0 18.5133 25.316
9 21 0 24.7034 30.8722
9 22 0 42.9157 49.8417
9 23 0 80.256 89.364
9 24 0 49.1681 64.4022
9 25 0 80.933 101.092
9 26 0 31.9302 34.6732
9 27 0 35.9791 53.5115
9 28 0 89.7175 108.441
9 29 0 85.7012 112.49
9 30 0 41.1924 60.4607
9 31 0 37.0519 42.8734
9 32 0 1.85804 2.46765
9 33 0 78.5338 92.7048
9 34 0 97.9136 134.49
9 35 0 21.586 27.0433
9 36 0 62.7863 82.0131
9 37 0 12.7555 14.9698
9 38 0 96.0167 136.879
9 39 0 11.59 14.6419
9 40 0 17.6238 18.5393
9 41 0 65.462 86.6855
9 42 0 25.6008 35.0028
9 43 0 48.4641 51.8568
9 44 0 51.2999 74.0606
9 45 0 17.6037 20.8841
9 46 0 6.06502 8.39885
9 47 0 10.0508 14.8709
9 48 0 28.7919 42.4148
9 49 0 52.7506 63.5759
9 50 0 62.9117 92.0942
9 51 0 34.8266 43.0609
9 52 0 75.6549 83.6283
9 53 0 24.4347 36.4733
9 54 0 19.8035 20.0344
9 55 0 36.4982 53.2188
9 56 0 37.641 52.6322
9 57 0 39.211 41.2699
9 58 0 31.3607 36.0002
9 59 0 33.742 43.7892
9 60 0 1.90216 2.05284
10 1 0 31.5508 41.4767
10 2 0 69.5374 100.691
10 3 0 93.3237 132.572
10 4 0 20.0312 24.0224
10 5 0 91.2465 134.221
10 6 0 70.2526 76.2602
10 7 0 78.6024 83.4702
10 8 0 74.6106 74.8951
10 9 0 81.5933 115.075
10 11 1 80.5757 81.5088
10 12 0 12.0149 16.5997
10 13 0 88.0828 118.001
10 14 0 28.122 38.0443
10 15 0 30.7235 45.5001
10 16 0 8.20828 9.60813
10 17 0 25.8812 33.5374
10 18 0 58.015 71.4884
10 19 0 20.3304 29.8087
10 20 0 35.209 42.2212
10 21 0 79.564 81.2193
10 22 0 46.1983 57.1456
10 23 0 93.8847 110.626
10 24 0 13.7757 17.9012
10 25 0 72.6491 93.6181
10 26 0 34.7603 35.4149
10 27 0 95.9903 142.204
10 28 0 61.1437 64.4857
10 29 0 81.4559 98.6073
10 30 0 16.0826 20.1043
10 31 0 56.7419 60.4055
10 32 0 53.7697 74.4014
10 33 0 49.3495 53.191
10 34 1 69.5997 74.2806
10 35 0 27.7213 32.5187
10 36 0 75.912 86.2858
10 37 0 33.1052 38.1307
10 38 0 20.3236 22.1578
10 39 0 7.0266 8.9768
10 40 0 29.0162 35.6129
10 41 0 57.5135 85.6743
10 42 0 74.9614 83.6114
10 43 0 1.24261 1.55514
10 44 0 15.5126 19.2272
10 45 0 42.887 43.4321
10 46 0 61.3361 91.8274
10 47 0 68.6455 101.572
10 48 0 32.9851 36.1047
10 49 0 72.3651 105.853
10 50 0 4.51382 6.12227
10 51 0 61.0691 73.4234
10 52 0 17.9248 26.4216
10 53 0 76.4309 84.8869
10 54 0 92.7692 114.098
10 55 0 58.2036 66.3054
10 56 0 87.7137 89.8769
10 57 0 11.7962 12.4715
10 58 0 54.5732 55.9578
10 59 0 76.1007 104.507
10 60 0 27.3807 36.0548
11 1 0 84.6607 114.412
11 2 0 46.2284 53.9133
11 3 0 78.0961 88.3931
11 4 0 70.0418 97.9025
11 5 0 83.1966 106.512
11 6 0 25.1369 26.3815
11 7 0 92.5247 104.2
11 8 0 87.7607 130.676
11 9 0 74.2367 91.7396
11 10 0 3.56223 3.73827
11 12 1 17.0733 24.2058
11 13 0 59.1972 85.4034
11 14 0 94.1319 128.576
11 15 0 98.4333 103.195
11 16 0 99.967 124.129
11 17 0 17.5115 25.0089
11 18 0 55.445 76.0767
11 19 0 38.8749 39.4819
11 20 0 80.062 85.0101
11 21 0 9.49474 13.7085
11 22 0 95.7124 130.434
11 23 0 10.0504 14.6859
11 24 0 65.2655 72.5666
11 25 0 85.187 110.343
11 26 0 63.0227 65.3628
11 27 0 63.9879 91.2238
11 28 0 48.9806 64.47
11 29 0 23.7748 26.5887
11 30 0 98.9999 134.127
11 31 0 15.7939 19.2944
11 32 0 48.5244 56.3238
11 33 0 7.22849 7.72223
11 34 0 69.5099 75.7221
11 35 0 42.5332 59.2371
11 36 0 9.76486 10.6991
11 37 0 14.7298 21.608
11 38 0 63.5455 86.5952
11 39 0 17.4872 24.7865
11 40 0 20.0167 26.4907
11 41 0 40.3088 45.316
11 42 0 53.9086 68.1059
11 43 0 49.6254 60.199
11 44 0 20.6572 27.3881
11 45 0 41.5896 47.0436
11 46 0 64.7098 78.2601
11 47 0 21.578 26.9532
11 48 0 39.5556 57.5231
11 49 0 97.2072 128.554
11 50 0 56.0671 69.0811
11 51 0 60.9097 62.9497
11 52 0 81.416 86.5838
11 53 0 50.7993 68.0448
11 54 0 56.6303 73.5641
11 55 0 64.3607 82.248
11 56 0 98.825 142.944
11 57 0 40.4987 44.5419
11 58 0 65.6417 92.7421
11 59 0 62.2977 86.0634
11 60 0 33.3848 45.3371
12 1 0 37.6036 48.1462
12 2 0 68.3515 77.4813
12 3 0 83.2864 96.3923
12 4 0 99.0876 139.012
12 5 0 33.9304 47.7612
12 6 0 48.2964 55.093
12 7 0 10.0339 14.9436
12 8 0 78.2065 110.204
12 9 0 41.6889 59.9937
12 10 0 11.7867 16.8726
12 11 0 90.3368 117.223
12 13 1 7.97504 11.5259
12 14 0 85.5902 103.411
12 15 0 44.6748 55.014
12 16 0 22.5765 31.5499
12 17 0 89.2935 99.5842
12 18 0 32.788 34.8892
12 19 0 39.2952 43.0166
12 20 0 17.2645 20.2595
12 21 0 61.0247 64.6375
12 22 0 94.7908 125.87
12 23 0 17.4638 26.0979
12 24 0 84.8547 102.699
12 25 1 94.3956 123.791
12 26 0 75.3222 89.1323
12 27 0 43.2985 43.9521
12 28 0 68.0755 89.5805
12 29 0 63.7289 76.8758
12 30 0 20.7017 22.6444
12 31 0 52.5951 66.0342
12 32 0 65.3807 68.2837
12 33 0 87.3577 105.285
12 34 0 60.568 64.3863
12 35 0 53.7559 62.845
12 36 0 61.6073 66.7487
12 37 0 47.3105 56.7332
12 38 0 34.9789 51.207
12 39 0 84.6194 96.3277
12 40 0 43.0861 56.9463
12 41 0 24.8002 37.0912
12 42 0 55.7892 65.6548
12 43 0 48.0252 56.3261
12 44 0 91.1528 114.633
12 45 0 43.4607 43.5552
12 46 0 21.9751 32.6031
12 47 0 35.7617 36.1239
12 48 0 4.45549 5.43701
12 49 0 7.61841 10.1292
12 50 0 45.2368 53.1728
12 51 0 6.78621 9.54551
12 52 0 54.6946 79.3171
12 53 0 46.7445 56.7412
12 54 0 51.7385 74.0788
12 55 0 24.6454 34.6889
12 56 0 85.2217 103.387
12 57 0 83.3475 118.499
12 58 0 92.3142 93.1093
12 59 0 80.816 96.3749
12 60 0 90.0582 90.6242
13 1 0 49.198 54.8254
13 2 0 34.1334 48.2445
13 3 0 71.5431 87.5638
13 4 0 14.4324 17.6194
13 5 0 17.143 17.6789
13 6 0 40.8497 42.8523
13 7 0 73.8255 89.8153
13 8 0 25.5196 32.2335
13 9 0 83.9914 108.045
13 10 0 16.5556 16.7384
13 11 0 71.0683 74.5154
13 12 0 1.77118 2.64215
13 14 1 16.0316 22.6091
13 15 0 1.26864 1.4823
13 16 0 87.7237 88.3382
13 17 0 39.2913 48.3033
13 18 0 24.596 34.7392
13 19 0 43.7902 60.0095
13 20 0 40.0371 51.1746
13 21 0 64.4778 85.9665
13 22 0 72.0764 79.7951
13 23 0 7.89707 8.17453
13 24 0 69.3407 72.3442
13 25 0 21.9961 31.6244
13 26 0 78.477 80.8066
13 27 0 87.9538 117.707
13 28 0 9.08934 9.08947
13 29 0 38.6763 44.3061
13 30 0 97.1504 109.767
13 31 0 25.0812 30.2322
13 32 0 25.9891 32.4447
13 33 0 21.6074 25.3577
13 34 0 20.7607 23.7935
13 35 0 97.2896 140.538
13 36 0 88.2086 104.365
13 37 0 87.843 96.4824
13 38 0 96.1514 118.46
13 39 0 65.7504 95.1237
13 40 0 17.1528 23.8461
13 41 0 87.7595 104.112
13 42 0 17.1172 23.4535
13 43 0 30.5024 32.8659
13 44 0 52.3465 59.8199
13 45 0 3.0668 4.5011
13 46 0 73.4937 82.9399
13 47 0 56.3181 69.9443
13 48 0 53.3421 75.6971
13 49 0 9.18308 12.3347
13 50 0 76.8517 80.3161
13 51 0 67.4198 95.721
13 52 0 11.8183 15.3542
13 53 0 36.5224 44.0013
13 54 0 20.9278 30.7827
13 55 0 47.0701 47.3997
13 56 0 68.3248 77.7296
13 57 0 52.1132 58.2349
13 58 0 24.3904 29.4539
13 59 0 55.821 75.966
13 60 0 43.3058 59.4031
14 1 0 44.9817 57.9749
14 2 0 62.8367 78.2336
14 3 0 6.36975 8.30368
14 4 0 41.3639 60.4335
14 5 0 68.9163 88.8942
14 6 0 31.9067 46.7399
14 7 0 35.6103 45.1389
14 8 0 20.0045 26.3616
14 9 0 16.3577 19.4029
14 10 0 33.1603 34.4247
14 11 0 20.1607 26.2277
14 12 0 36.3038 43.682
14 13 0 41.4135 44.3267
14 15 1 22.2411 30.1804
14 16 0 45.2104 57.608
14 17 0 76.4555 97.3279
14 18 0 2.41281 3.40281
14 19 0 28.6448 37.1
14 20 0 24.4258 30.1348
14 21 0 50.4972 61.7829
14 22 0 61.6661 90.9065
14 23 0 59.9923 85.1289
14 24 0 1.08514 1.41917
14 25 0 93.4206 132.295
14 26 0 49.7464 53.7865
14 27 0 23.1685 28.748
14 28 0 31.7781 46.6427
14 29 0 82.1198 104.14
14 30 0 98.6256 109.076
14 31 0 6.99686 10.231
14 32 0 73.8515 99.9888
14 33 0 32.75 36.4599
14 34 0 53.4637 53.658
14 35 0 6.54304 7.10253
14 36 0 68.6498 69.0212
14 37 0 93.1018 101.478
14 38 0 74.6863 83.5043
14 39 0 96.6105 134.673
14 40 0 88.5888 130.914
14 41 0 53.8486 77.5916
14 42 0 65.0058 78.8345
14 43 0 88.2117 109.179
14 44 0 78.8618 113.468
14 45 0 83.0183 100.767
14 46 0 64.0979 73.3194
14 47 0 63.8823 77.4622
14 48 0 96.7512 121.655
14 49 0 56.9096 74.3317
14 50 0 28.9429 42.6984
14 51 0 19.5414 21.306
14 52 0 87.0458 130.262
14 53 0 81.5384 103.281
14 54 0 30.856 39.3929
14 55 0 67.3867 95.0613
14 56 0 67.2938 82.8751
14 57 0 77.4417 110.702
14 58 0 6.44335 8.33127
14 59 0 52.5654 53.649
14 60 0 94.1989 130.442
15 1 0 14.4 19.0524
15 2 0 68.2615 89.5057
15 3 0 61.8916 82.8539
15 4 0 37.9871 54.2318
15 5 0 47.188 53.0086
15 6 0 52.1346 70.4198
15 7 0 23.768 34.7447
15 8 0 25.6294 33.0961
15 9 0 55.328 62.7665
15 10 0 29.7117 34.0932
15 11 0 51.7093 61.3387
15 12 0 37.5012 42.8574
15 13 0 88.742 112.307
15 14 0 70.4228 96.8825
15 16 1 97.5911 146.28
15 17 0 92.8821 98.6567
15 18 0 6.06979 8.677
15 19 0 33.995 47.9585
15 20 1 32.1274 45.3843
15 21 0 15.1749 15.458
15 22 0 91.8596 99.4754
15 23 0 6.60787 8.08323
15 24 0 54.3002 57.6752
15 25 0 27.1133 34.2797
15 26 0 59.2567 67.2941
15 27 0 20.8406 28.7298
15 28 0 67.6535 77.0019
15 29 0 83.9942 104.795
15 30 0 53.4391 77.8372
15 31 0 16.5036 19.9177
15 32 0 58.7483 77.2319
15 33 0 66.2268 90.9545
15 34 0 16.0234 20.8832
15 35 0 4.89339 6.73505
15 36 0 58.4111 64.3591
15 37 0 43.194 63.5466
15 38 0 83.6167 119.473
15 39 0 5.25195 6.87063
15 40 0 57.0891 67.5273
15 41 0 96.014 138.561
15 42 0 68.2389 95.3983
15 43 0 60.9511 75.5609
15 44 0 89.9023 103.91
15 45 0 49.8522 58.3136
15 46 0 87.5015 93.8331
15 47 0 19.0401 25.8598
15 48 0 74.345 76.4802
15 49 0 14.9138 15.1551
15 50 0 33.1464 41.3377
15 51 0 45.0249 49.287
15 52 0 7.05697 10.4224
15 53 0 79.2596 88.582
15 54 0 95.6406 98.0109
15 55 0 27.6324 39.2764
15 56 0 76.6922 82.5969
15 57 0 12.1291 13.0946
15 58 0 66.2057 93.2527
15 59 0 18.4971 24.0865
15 60 0 4.74547 5.29539
16 1 0 87.2957 101.739
16 2 0 52.4754 76.2499
16 3 0 62.3837 68.0247
16 4 0 81.3422 96.3208
16 5 0 2.8076 3.22156
16 6 0 48.7698 70.8274
16 7 0 7.3169 9.2846
16 8 0 99.2115 133.641
16 9 0 92.5928 128.577
16 10 0 90.8181 91.5907
16 11 0 46.7426 63.6394
16 12 0 81.6445 104.484
16 13 0 28.9156 32.1217
16 14 0 93.2803 125.061
16 15 0 3.39381 4.78659
16 17 1 86.465 104.925
16 18 0 80.1704 117.014
16 19 0 48.3634 56.0637
16 20 0 77.9953 85.7139
16 21 0 45.4867 46.1151
16 22 0 39.8455 49.6314
16 23 0 83.4384 107.412
16 24 0 82.8015 109.114
16 25 0 92.6599 123.996
16 26 0 71.0494 105.669
16 27 0 66.3772 76.8145
16 28 0 17.4562 22.9937
16 29 0 77.5555 90.1414
16 30 0 58.9273 61.187
16 31 0 79.3793 118.034
16 32 0 96.8475 101.429
16 33 0 43.58 62.0218
16 34 0 7.1103 9.40627
16 35 0 67.0807 68.1363
16 36 0 3.12529 3.69798
16 37 0 27.9989 34.1184
16 38 0 48.2802 71.2379
16 39 0 15.8957 18.8368
16 40 0 26.6734 39.5169
16 41 0 3.76042 4.84367
16 42 0 88.1242 126.768
16 43 0 75.1321 88.8251
16 44 0 99.354 103.205
16 45 0 25.7242 37.8978
16 46 0 4.95047 7.16508
16 47 0 2.519 3.37337
16 48 0 84.4873 125.683
16 49 0 74.7901 88.9879
16 50 0 17.117 24.2752
16 51 0 21.4259 29.4836
16 52 0 44.6074 52.6094
16 53 0 91.3822 129.407
16 54 0 46.297 60.1304
16 55 0 62.5648 88.6648
16 56 0 2.27242 2.9331
16 57 0 43.6847 50.4136
16 58 0 69.5614 94.3372
16 59 0 14.5179 14.7474
16 60 0 85.7979 95.2495
17 1 0 8.83058 9.23645
17 2 0 18.2012 25.9975
17 3 0 44.0453 46.7725
17 4 0 18.3369 19.6522
17 5 0 0.353695 0.409077
17 6 0 75.5057 112.45
17 7 0 82.7188 122.929
17 8 0 35.2916 49.574
17 9 0 79.46 100.894
17 10 0 31.0792 33.6903
17 11 0 45.0985 59.5662
17 12 0 44.5548 52.2349
17 13 0 9.81667 12.416
17 14 0 95.6517 117.058
17 15 0 47.5082 55.3775
17 16 0 1.32215 1.55004
17 18 1 55.6597 72.3841
17 19 0 69.5546 100.58
17 20 0 98.6709 137.085
17 21 0 30.8216 42.3607
17 22 0 18.475 22.7231
17 23 0 32.058 43.2001
17 24 0 5.44307 7.37042
17 25 0 48.3337 56.2752
17 26 0 51.0802 73.3381
17 27 0 23.6986 32.9996
17 28 0 83.32 112.139
17 29 0 5.90571 8.73844
17 30 0 72.8279 82.2803
17 31 0 15.6211 22.8918
17 32 0 62.25 86.25
17 33 1 1.78669 2.47881
17 34 0 5.58284 6.36463
17 35 0 55.8134 73.9392
17 36 0 18.4686 20.534
17 37 0 28.9815 33.8442
17 38 0 21.2429 24.1488
17 39 0 69.1475 70.5663
17 40 0 1.96304 2.44229
17 41 0 74.2742 84.9155
17 42 0 55.8413 67.9596
17 43 0 78.6214 98.4664
17 44 0 54.6509 60.3213
17 45 0 67.9075 73.0473
17 46 0 7.82936 9.41446
17 47 0 60.0167 84.9643
17 48 0 41.4871 56.8367
17 49 0 24.0197 25.9322
17 50 0 54.0535 62.2319
17 51 0 89.6253 104.623
17 52 0 36.8705 52.3399
17 53 0 57.1878 66.1712
17 54 0 42.1093 49.0526
17 55 0 96.7487 142.545
17 56 0 94.7195 104.646
17 57 0 64.8632 90.7614
17 58 0 88.5093 130.949
17 59 0 9.72158 13.3285
17 60 0 67.067 76.9796
18 1 0 31.6469 33.1451
18 2 0 92.3349 115.569
18 3 0 27.3052 28.595
18 4 0 72.907 73.7254
18 5 0 4.95436 5.37269
18 6 0 27.1541 29.7303
18 7 0 17.6882 23.8683
18 8 0 89.7234 117.826
18 9 0 10.0087 13.4695
18 10 0 16.2469 20.7968
18 11 0 54.7369 73.6843
18 12 0 69.1622 101.648
18 13 0 34.3764 40.8146
18 14 0 90.6548 95.1649
18 15 0 13.5847 19.9633
18 16 0 25.0932 26.99
18 17 0 38.0112 42.2471
18 19 1 30.4395 38.3541
18 20 0 81.4135 94.9064
18 21 1 76.888 92.9997
18 22 0 17.4931 25.3914
18 23 0 87.6775 119.635
18 24 0 63.3715 75.0275
18 25 0 67.651 97.473
18 26 0 61.6705 68.9575
18 27 0 62.7924 65.3084
18 28 0 47.7173 71.3045
18 29 0 18.3745 22.4161
18 30 0 6.42818 7.64698
18 31 0 89.8989 128.005
18 32 0 38.3678 42.615
18 33 0 69.7187 82.5081
18 34 0 49.3233 70.9975
18 35 0 98.9597 101.887
18 36 0 92.7483 132.499
18 37 0 35.5837 50.4557
18 38 0 77.1009 98.1777
18 39 0 60.8084 87.8464
18 40 0 90.9147 109.265
18 41 0 1.597 1.74389
18 42 0 64.0926 65.7095
18 43 0 2.86184 4.09625
18 44 0 72.9929 106.576
18 45 0 85.5082 103.173
18 46 0 35.7506 51.8777
18 47 0 40.7322 50.1875
18 48 0 59.6754 69.8358
18 49 0 44.8431 50.9663
18 50 0 88.6992 92.3816
18 51 0 29.4944 33.3931
18 52 0 52.4377 67.7166
18 53 0 19.5784 25.9122
18 54 0 16.3345 19.7098
18 55 0 16.4765 17.095
18 56 0 25.1451 27.3563
18 57 0 41.6178 57.8798
18 58 0 15.7042 19.1382
18 59 0 13.0214 13.1108
18 60 0 55.9851 62.5724
19 1 0 95.7726 134.949
19 2 0 55.1239 61.8002
19 3 0 91.756 91.9227
19 4 0 77.1448 85.8475
19 5 0 85.4968 89.0172
19 6 0 77.9454 104.514
19 7 0 90.7456 116.049
19 8 0 28.7613 30.9684
19 9 0 35.3107 37.0084
19 10 0 27.8286 38.748
19 11 0 51.3627 64.5362
19 12 0 67.4279 80.8121
19 13 0 85.4936 125.234
19 14 0 60.7041 64.0109
19 15 0 41.1829 46.7713
19 16 0 53.5468 79.3991
19 17 0 26.7227 33.799
19 18 0 55.3591 59.2928
19 20 1 19.6654 27.8962
19 21 0 59.8873 61.4464
19 22 0 74.3967 93.8929
19 23 0 89.6637 127.937
19 24 0 31.1855 43.559
19 25 0 36.9315 42.4295
19 26 0 8.07731 10.6725
19 27 0 20.3147 27.5863
19 28 0 71.3156 79.7684
19 29 0 42.6106 48.7361
19 30 0 86.0386 95.4232
19 31 0 37.59 55.9394
19 32 0 12.3129 14.0848
19 33 0 84.7259 103.32
19 34 0 91.4543 120.116
19 35 0 10.3134 12.5775
19 36 0 73.1078 91.8316
19 37 0 81.7939 104.817
19 38 0 20.2154 28.1711
19 39 0 9.69373 14.0319
19 40 0 78.4732 111.709
19 41 0 21.9367 26.5349
19 42 0 55.6535 63.5795
19 43 0 63.3486 84.3533
19 44 0 91.0755 105.832
19 45 0 35.2043 47.6553
19 46 0 57.8509 63.3832
19 47 0 34.4118 48.3175
19 48 0 68.4493 69.1809
19 49 0 15.6624 16.3442
19 50 0 61.0672 66.8649
19 51 0 0.689105 0.757561
19 52 0 6.24083 6.47731
19 53 0 35.9278 40.8157
19 54 0 99.5451 118.361
19 55 0 46.3141 58.9553
19 56 0 61.0121 73.0583
19 57 0 28.2407 37.8192
19 58 0 69.0104 97.199
19 59 0 22.4704 33.6597
19 60 0 83.8751 96.4403
20 1 0 58.3556 87.3439
20 2 0 26.6674 28.0892
20 3 0 32.9543 44.0427
20 4 0 95.9608 124.062
20 5 0 43.6382 45.0039
20 6 0 59.7722 77.589
20 7 0 56.2895 81.3727
20 8 0 91.8333 105.318
20 9 0 67.6069 73.5348
20 10 0 53.8509 77.7365
20 11 0 88.1566 102.714
20 12 0 9.25025 10.4122
20 13 0 0.530118 0.690911
20 14 0 42.2594 47.0736
20 15 0 82.2322 102.947
20 16 0 42.2022 59.1452
20 17 0 12.3714 13.7021
20 18 0 3.12817 4.26553
20 19 0 53.5939 78.865
20 21 1 94.2765 138.657
20 22 0 74.1347 97.8831
20 23 0 99.6584 146.396
20 24 0 90.1568 110.032
20 25 0 45.5672 53.3725
20 26 0 4.62642 6.74615
20 27 0 0.370276 0.512351
20 28 0 69.4539 73.479
20 29 0 39.8991 45.2792
20 30 0 71.8613 79.5706
20 31 0 52.93 65.6199
20 32 0 0.0339927 0.050596
20 33 0 92.4468 107.106
20 34 0 0.321825 0.340709
20 35 0 38.9229 49.122
20 36 0 93.9916 138.388
20 37 0 65.8888 66.481
20 38 0 8.91884 11.2552
20 39 0 48.3292 55.3951
20 40 0 55.8902 73.1633
20 41 0 23.2338 24.8717
20 42 0 84.5566 90.2289
20 43 0 22.582 27.657
20 44 0 21.9803 23.3961
20 45 0 10.8406 12.4389
20 46 0 31.7308 39.4478
20 47 0 71.9268 84.1113
20 48 0 93.7956 110.824
20 49 0 7.45348 10.6178
20 50 0 27.3224 37.5412
20 51 0 42.0641 62.0781
20 52 0 85.139 105.99
20 53 0 23.1517 34.6679
20 54 0 98.7216 110.626
20 55 1 21.8653 29.7641
20 56 1 82.4063 110.767
20 57 0 25.8217 32.5642
20 58 0 46.2918 61.5776
20 59 0 5.23173 6.82912
20 60 0 29.6539 43.9396
21 1 0 57.7819 72.2872
21 2 0 58.7374 60.0941
21 3 0 6.39962 7.26141
21 4 1 5.31007 5.34662
21 5 0 8.46346 9.59842
21 6 0 8.39376 9.80026
21 7 0 15.2053 18.5026
21 8 0 56.6842 81.9487
21 9 0 58.4642 86.6995
21 10 0 97.0638 100.523
21 11 0 82.1883 105.764
21 12 0 1.75325 1.99164
21 13 0 24.0428 36.0564
21 14 0 64.3352 82.2443
21 15 0 47.5913 71.3587
21 16 0 7.66761 8.19692
21 17 0 55.1844 71.9073
21 18 0 69.5378 102.619
21 19 0 17.0712 23.0449
21 20 0 71.9657 74.9139
21 22 1 73.863 84.348
21 23 0 85.3874 96.3485
21 24 0 91.8882 130.042
21 25 0 76.6838 96.723
21 26 0 53.8889 77.4388
21 27 0 5.28173 7.58456
21 28 0 5.28157 7.29888
21 29 0 0.85585 1.27129
21 30 0 55.4214 69.6585
21 31 0 77.3785 82.5712
21 32 0 78.4957 79.0231
21 33 0 75.1523 94.5809
21 34 0 1.60522 1.69561
21 35 0 5.12013 6.93478
21 36 0 84.2688 118.188
21 37 0 65.5653 79.4131
21 38 0 48.4489 54.7332
21 39 0 81.266 109.562
21 40 0 95.6823 141.807
21 41 0 25.8169 36.3082
21 42 0 66.8672 69.4237
21 43 0 70.7103 75.4322
21 44 0 69.9907 97.0224
21 45 0 86.2553 115.01
21 46 0 11.069 13.3991
21 47 0 14.054 15.7133
21 48 0 84.4051 92.6948
21 49 0 78.1147 91.4499
21 50 0 55.9892 57.029
21 51 0 53.9479 70.5787
21 52 0 71.7553 101.967
21 53 0 92.121 136.046
21 54 0 36.9774 49.4652
21 55 0 52.5432 67.49
21 56 0 15.835 23.3496
21 57 0 33.6042 42.4637
21 58 0 6.07517 6.46486
21 59 0 84.3396 92.9468
21 60 0 8.45007 12.4202
22 1 0 37.4252 47.5569
22 2 0 43.0947 52.7017
22 3 0 26.0839 37.3385
22 4 0 97.8402 143.933
22 5 1 89.0442 104.487
22 6 0 90.2068 101.754
22 7 0 83.4176 108.737
22 8 0 65.0117 84.362
22 9 0 32.202 32.4352
22 10 0 41.6278 48.9457
22 11 0 67.2119 99.9141
22 12 0 0.74292 1.0052
22 13 0 10.3935 13.7986
22 14 0 73.1318 81.4623
22 15 0 67.2702 95.6459
22 16 0 68.3147 101.922
22 17 0 10.697 14.509
22 18 0 99.6582 133.851
22 19 0 54.1907 55.8074
22 20 0 91.9615 114.618
22 21 0 35.8448 48.1554
22 23 1 18.8676 23.8233
22 24 0 38.7102 56.7217
22 25 0 87.8864 104.013
22 26 0 99.3553 108.387
22 27 0 41.5354 59.4134
22 28 0 5.37088 7.7279
22 29 0 37.9285 38.7722
22 30 0 80.0484 119.824
22 31 0 78.9466 80.1548
22 32 0 84.4691 115.569
22 33 0 25.125 29.5156
22 34 0 30.5322 31.2847
22 35 0 45.4517 46.378
22 36 0 37.6931 44.8714
22 37 0 34.9904 35.5698
22 38 0 69.5951 86.1091
22 39 0 97.6043 125.449
22 40 0 27.3224 38.1944
22 41 0 7.1798 10.4244
22 42 0 50.946 55.3944
22 43 0 93.2966 115.049
22 44 0 43.135 51.6992
22 45 0 6.91784 7.52412
22 46 0 42.7106 45.955
22 47 0 64.267 74.6157
22 48 0 97.9627 99.6253
22 49 0 19.6037 28.7997
22 50 0 13.2135 16.9711
22 51 0 25.8122 28.937
22 52 0 79.88 107.718
22 53 0 71.7393 87.1231
22 54 0 86.2033 88.6879
22 55 0 22.4316 30.1225
22 56 0 67.2546 78.3747
22 57 0 83.8711 106.299
22 58 0 64.9193 82.4622
22 59 0 13.3071 15.5334
22 60 0 22.648 31.9024
23 1 0 31.6667 36.72
23 2 0 59.2197 72.7319
23 3 0 50.514 60.5711
23 4 0 36.9098 44.4218
23 5 0 65.811 87.3993
23 6 0 23.0048 23.9354
23 7 0 8.32097 11.7837
23 8 0 35.6479 48.6862
23 9 0 73.3006 105.757
23 10 0 54.9777 74.6554
23 11 0 85.3718 126.19
23 12 0 9.74782 13.9578
23 13 0 21.7553 25.2562
23 14 0 82.4372 100.343
23 15 0 41.7785 53.9014
23 16 0 34.2068 40.3405
23 17 0 50.6101 66.1593
23 18 0 74.4912 88.8419
23 19 0 74.4152 89.3287
23 20 0 87.2448 122.679
23 21 0 95.5896 111.326
23 22 0 20.4021 28.3692
23 24 1 63.9002 70.4461
23 25 0 70.472 97.5785
23 26 0 4.96875 5.59251
23 27 0 68.2177 69.549
23 28 0 75.9743 97.8157
23 29 0 75.8834 100.027
23 30 0 87.1088 123.655
23 31 0 42.8713 46.745
23 32 0 75.241 84.7846
23 33 0 37.0701 38.0621
23 34 0 57.0699 70.9856
23 35 0 3.61007 4.02916
23 36 0 16.8051 19.9882
23 37 0 35.5412 38.366
23 38 0 81.4709 96.7468
23 39 0 22.4356 23.1166
23 40 0 70.546 73.6829
23 41 0 30.0659 37.0866
23 42 0 70.8353 99.8005
23 43 0 53.8934 68.3237
23 44 0 95.7813 128.506
23 45 0 38.4042 47.7543
23 46 0 82.2375 109.66
23 47 0 70.9376 90.2163
23 48 0 49.1847 60.5035
23 49 0 84.1205 107.914
23 50 0 52.333 59.9483
23 51 0 74.9204 92.1487
23 52 0 22.8145 30.491
23 53 0 47.5251 57.6594
23 54 0 40.943 49.6978
23 55 0 65.9409 91.0338
23 56 0 42.6838 48.7625
23 57 0 4.88587 5.39718
23 58 0 29.997 30.7906
23 59 0 86.0445 99.174
23 60 0 37.3872 46.4321
24 1 0 8.14369 9.25679
24 2 0 67.2789 90.1124
24 3 0 16.8545 24.525
24 4 0 59.9636 61.2713
24 5 0 76.4597 113.095
24 6 0 69.1546 97.4014
24 7 0 60.1143 84.2528
24 8 0 67.1519 86.6743
24 9 0 9.94427 11.259
24 10 0 73.6698 76.1499
24 11 0 52.4569 56.2874
24 12 0 13.1941 17.2875
24 13 0 22.5685 33.0302
24 14 0 43.9313 51.3196
24 15 0 28.7965 32.3168
24 16 0 59.7395 85.081
24 17 0 11.6509 16.9917
24 18 0 54.6499 68.0097
24 19 0 47.417 49.1141
24 20 0 53.1091 77.6316
24 21 0 86.8397 119.59
24 22 0 41.0539 47.6766
24 23 0 72.7446 84.4911
24 25 1 64.3779 66.5467
24 26 0 0.210035 0.251489
24 27 0 0.642387 0.711172
24 28 0 91.2717 94.6168
24 29 0 42.5992 57.7876
24 30 0 3.44042 4.80586
24 31 0 19.1503 23.624
24 32 0 59.0037 80.5766
24 33 0 80.9204 92.3288
24 34 0 94.0861 137.295
24 35 0 37.4956 44.4274
24 36 0 92.7572 132.044
24 37 0 74.3354 76.2654
24 38 0 23.0678 24.8035
24 39 0 3.27606 4.73173
24 40 0 47.6152 71.0131
24 41 0 42.6066 42.9468
24 42 0 55.3488 66.1832
24 43 0 98.0331 136.518
24 44 0 52.6258 61.8514
24 45 0 89.7808 129.102
24 46 0 73.7447 87.3511
24 47 0 8.7318 12.141
24 48 0 70.977 77.5428
24 49 0 46.7312 54.482
24 50 0 60.7727 78.1347
24 51 0 13.8223 17.8944
24 52 0 15.5175 17.5623
24 53 0 73.8629 99.6666
24 54 0 64.3238 87.9728
24 55 0 96.5961 99.3003
24 56 0 50.7517 68.009
24 57 0 89.3431 117.061
24 58 0 89.3 128.359
24 59 0 20.2905 30.1953
24 60 0 67.8505 101.634
25 1 0 16.6511 19.5855
25 2 0 33.3591 49.0087
25 3 1 76.0561 84.5747
25 4 0 21.1606 30.0173
25 5 0 21.8383 31.7592
25 6 0 85.9477 128.681
25 7 0 46.6177 64.692
25 8 0 71.81 77.8056
25 9 0 80.1554 100.601
25 10 0 85.0866 102.489
25 11 0 52.8518 62.5079
25 12 0 57.3761 73.8523
25 13 0 63.55 78.4545
25 14 0 53.2524 55.9024
25 15 0 65.6605 70.8115
25 16 0 36.9301 48.9217
25 17 0 83.479 98.7536
25 18 0 29.78 43.4309
25 19 0 6.62306 7.06287
25 20 0 90.1636 130.177
25 21 0 22.8668 24.5076
25 22 0 55.4259 82.2157
25 23 0 11.1902 14.7502
25 24 0 11.4296 14.2235
25 26 1 87.6217 120.276
25 27 0 30.5333 44.152
25 28 0 92.2732 97.8478
25 29 0 32.3382 46.5944
25 30 0 38.4504 55.3283
25 31 0 88.5615 102.186
25 32 0 52.4997 52.8011
25 33 0 57.6319 73.7343
25 34 0 19.8888 28.4804
25 35 0 22.3807 28.1269
25 36 0 73.5813 105.54
25 37 0 77.5661 91.4653
25 38 0 36.2162 49.488
25 39 0 79.12 82.0455
25 40 0 42.1067 43.3039
25 41 0 43.9201 61.9513
25 42 0 79.574 118.62
25 43 0 34.7368 37.7238
25 44 0 42.6212 57.074
25 45 0 21.5412 22.1701
25 46 0 77.6164 80.4389
25 47 0 82.849 83.9756
25 48 1 69.2088 91.2772
25 49 0 0.704594 0.94279
25 50 0 2.72948 3.55956
25 51 0 2.43809 2.8335
25 52 0 76.9966 80.6828
25 53 0 53.7298 78.2519
25 54 0 81.4415 89.7179
25 55 0 36.6824 49.8313
25 56 0 75.8527 96.9831
25 57 0 50.6596 60.7547
25 58 0 16.7004 23.343
25 59 0 83.771 86.938
25 60 0 63.8902 74.0071
26 1 0 71.6137 82.2437
26 2 0 21.3603 27.5996
26 3 0 31.3056 36.8592
26 4 0 89.153 121.551
26 5 0 19.7249 20.5253
26 6 0 2.23702 3.00966
26 7 0 81.7249 91.1964
26 8 0 31.1362 41.5801
26 9 0 63.112 82.2683
26 10 0 5.68976 8.01487
26 11 0 43.5069 51.462
26 12 0 56.3772 79.8873
26 13 0 83.6126 93.3899
26 14 0 60.8256 89.4161
26 15 0 10.6904 11.0201
26 16 0 16.4861 21.4648
26 17 0 25.3306 29.8575
26 18 0 45.6056 60.7155
26 19 0 43.2987 63.5419
26 20 0 77.2095 101.991
26 21 0 52.7224 53.6001
26 22 0 5.19577 5.60109
26 23 0 57.8674 67.286
26 24 0 59.8877 84.68
26 25 0 50.966 73.6668
26 27 1 57.6027 71.6125
26 28 0 35.5152 45.7082
26 29 0 2.68059 3.43617
26 30 0 68.9808 98.2626
26 31 0 27.81 38.5891
26 32 0 3.78913 4.66169
26 33 0 69.8242 95.123
26 34 0 88.5985 110.921
26 35 0 27.7239 32.5767
26 36 0 74.3337 77.4953
26 37 0 70.5708 71.6953
26 38 0 73.9245 83.3285
26 39 0 33.7904 42.9186
26 40 0 97.6157 130.549
26 41 0 56.4758 76.1623
26 42 0 95.4124 124.751
26 43 0 13.5692 14.9135
26 44 0 13.4514 18.0419
26 45 0 30.6217 31.8715
26 46 0 95.9874 128.516
26 47 0 35.3204 45.1241
26 48 0 95.4099 119.701
26 49 0 93.8423 129.158
26 50 0 46.7083 52.7052
26 51 0 83.8256 86.1062
26 52 0 32.9417 36.4355
26 53 0 86.7397 91.3627
26 54 0 82.0701 103.303
26 55 0 44.5513 44.5768
26 56 0 7.98742 10.7569
26 57 0 35.7072 52.3092
26 58 0 7.24381 8.10491
26 59 0 51.4384 51.828
26 60 0 61.5667 82.7545
27 1 0 3.29396 3.36288
27 2 0 25.827 38.4862
27 3 0 89.3874 98.7047
27 4 0 49.0147 50.4175
27 5 0 21.1188 25.4053
27 6 0 55.0466 72.3993
27 7 0 35.7746 50.7908
27 8 0 25.2105 30.1568
27 9 0 0.633647 0.757278
27 10 0 54.3755 61.143
27 11 0 61.7394 90.7994
27 12 0 29.1165 37.9874
27 13 0 56.2024 77.248
27 14 0 87.4521 124.478
27 15 0 35.3421 38.5397
27 16 0 53.6233 74.0724
27 17 0 9.68706 11.0294
27 18 0 85.3847 127.61
27 19 0 10.3342 13.6132
27 20 0 32.7711 39.6179
27 21 0 72.9657 93.42
27 22 0 26.4822 27.0959
27 23 0 46.4388 60.5006
27 24 0 13.9496 20.8619
27 25 0 59.5381 87.9841
27 26 0 6.70475 8.53841
27 28 1 64.6401 73.2414
27 29 0 60.2997 85.8625
27 30 0 5.34918 6.22091
27 31 0 61.8255 84.4951
27 32 0 3.22123 3.80161
27 33 0 39.2318 40.7522
27 34 0 94.7772 98.5196
27 35 0 25.9956 35.1527
27 36 0 40.7556 51.0438
27 37 0 51.0499 71.7191
27 38 0 9.65842 11.3728
27 39 0 75.3603 85.3026
27 40 0 28.6691 34.554
27 41 0 86.7263 109.099
27 42 0 84.1301 121.896
27 43 0 95.0684 100.529
27 44 0 14.8089 15.1643
27 45 0 34.6754 50.9493
27 46 0 86.3437 100.238
27 47 0 53.7346 69.1853
27 48 0 78.3979 112.776
27 49 0 21.8169 28.2329
27 50 0 97.5583 111.879
27 51 0 34.7593 43.9383
27 52 0 11.044 14.8163
27 53 0 74.3867 85.6752
27 54 0 4.80995 5.65431
27 55 0 47.2234 66.2564
27 56 0 84.8336 104.539
27 57 0 15.7089 21.4972
27 58 0 60.8082 69.2749
27 59 0 68.8372 97.0734
27 60 0 14.8049 21.1429
28 1 0 63.0399 93.7151
28 2 0 89.8497 106.869
28 3 0 49.7046 63.0915
28 4 0 28.418 30.9865
28 5 0 21.3217 30.9842
28 6 0 31.9348 37.2968
28 7 0 79.9432 119.704
28 8 0 60.8218 83.218
28 9 0 90.1902 91.0743
28 10 0 96.7352 132.24
28 11 0 98.9447 116.731
28 12 0 28.734 42.5369
28 13 0 63.1929 92.8661
28 14 0 42.0835 55.3246
28 15 0 70.9019 72.9659
28 16 0 26.1231 28.9752
28 17 0 92.543 113.837
28 18 0 23.5372 27.9486
28 19 0 98.0824 135.684
28 20 0 85.958 90.4225
28 21 0 20.7689 23.7706
28 22 0 82.5048 89.0802
28 23 0 17.5045 21.3584
28 24 0 63.1636 85.2917
28 25 0 26.7617 36.6291
28 26 0 85.8161 116.168
28 27 0 5.54334 7.96209
28 29 1 18.9708 22.3804
28 30 0 66.9686 100.339
28 31 0 73.4503 84.5493
28 32 0 86.2633 99.5657
28 33 0 41.5033 49.1119
28 34 0 83.423 104.146
28 35 0 41.2801 44.7143
28 36 0 14.6463 18.18
28 37 0 50.1304 52.8345
28 38 0 48.1629 70.1931
28 39 0 29.1107 37.9346
28 40 0 95.9735 132.544
28 41 0 69.143 95.8135
28 42 0 89.9557 95.5798
28 43 0 6.69775 6.91344
28 44 0 3.67315 5.03894
28 45 0 45.6716 67.8247
28 46 0 78.5426 86.6398
28 47 0 0.680977 0.934367
28 48 0 96.8577 118.828
28 49 0 57.3473 58.7051
28 50 0 0.353146 0.36615
28 51 0 20.7939 26.4
28 52 0 31.0607 44.493
28 53 0 66.2437 96.4475
28 54 0 37.9432 45.1178
28 55 0 83.9659 107.853
28 56 0 59.5389 84.5762
28 57 0 45.1721 59.7761
28 58 0 29.2675 38.8043
28 59 0 77.3077 80.1992
28 60 0 17.018 22.2591
29 1 0 93.9606 140.874
29 2 0 83.0538 112.302
29 3 0 30.4582 38.6675
29 4 0 55.5898 64.5707
29 5 0 20.2809 30.0203
29 6 0 50.7632 57.0254
29 7 0 38.5284 43.178
29 8 0 5.70182 8.08381
29 9 0 21.4749 29.8831
29 10 0 96.5019 99.7844
29 11 0 87.0732 107.706
29 12 0 29.7266 41.1493
29 13 0 82.1361 106.193
29 14 0 40.1013 54.4158
29 15 0 18.6486 20.7168
29 16 0 79.1924 100.808
29 17 0 98.9779 146.901
29 18 0 78.7413 84.1193
29 19 0 75.6654 85.9492
29 20 0 97.125 121.147
29 21 0 7.72865 10.3034
29 22 0 4.19001 5.60507
29 23 0 26.6239 36.3474
29 24 0 2.49486 3.18204
29 25 0 80.5825 83.4114
29 26 0 95.4519 114.124
29 27 0 87.9142 90.5001
29 28 0 69.2631 85.893
29 30 1 32.7895 48.9054
29 31 0 58.0711 75.083
29 32 0 84.6005 116.378
29 33 0 74.791 90.0873
29 34 0 10.7354 11.0888
29 35 0 92.7998 137.895
29 36 0 11.854 12.6067
29 37 0 48.9604 52.9623
29 38 0 46.9844 50.5316
29 39 0 76.379 87.387
29 40 0 60.8626 70.7287
29 41 0 10.1854 10.4569
29 42 0 9.88138 9.94273
29 43 0 24.9996 30.5982
29 44 0 30.7419 40.7266
29 45 0 12.9612 14.695
29 46 0 93.8679 118.424
29 47 0 19.6685 27.2235
29 48 0 67.5009 77.8246
29 49 0 10.3532 14.154
29 50 0 68.3885 85.8368
29 51 0 57.8843 62.379
29 52 0 25.2432 36.0788
29 53 0 25.7224 32.9944
29 54 0 27.0325 33.9264
29 55 0 35.0343 42.9429
29 56 0 57.625 80.9453
29 57 0 19.8088 26.718
29 58 0 28.7534 29.6247
29 59 0 8.51394 8.73647
29 60 0 42.3287 54.6797
30 1 0 70.2085 94.8396
30 2 0 47.6681 67.952
30 3 0 2.1733 2.25888
30 4 0 16.6604 23.3137
30 5 0 6.13885 7.10091
30 6 0 19.1007 21.7197
30 7 0 97.5192 102.312
30 8 0 17.8879 22.115
30 9 0 72.2565 97.6293
30 10 0 17.7634 17.9221
30 11 0 85.3594 110.022
30 12 0 63.195 92.5177
30 13 0 96.0682 98.2604
30 14 0 81.557 89.0589
30 15 0 39.0477 50.4305
30 16 0 74.7252 76.7732
30 17 0 35.6086 36.0125
30 18 0 44.3453 57.6698
30 19 0 86.2233 88.5308
30 20 0 26.7156 27.451
30 21 0 21.2497 30.9078
30 22 0 79.3651 89.5107
30 23 0 11.5975 17.149
30 24 0 62.0588 63.8019
30 25 0 49.4095 68.5684
30 26 0 93.2859 99.6419
30 27 0 78.218 79.4003
30 28 0 82.7254 95.7551
30 29 0 86.2723 89.2828
30 31 1 4.77907 5.4124
30 32 0 15.5102 23.0402
30 33 0 93.8348 123.443
30 34 0 64.151 73.5351
30 35 0 8.72042 9.95053
30 36 0 21.7647 31.2722
30 37 0 96.0244 111.567
30 38 0 49.1482 62.3703
30 39 0 83.8245 88.7595
30 40 0 10.781 12.8897
30 41 0 66.082 79.0767
30 42 0 22.3788 31.2162
30 43 0 5.16502 6.54164
30 44 0 55.5548 77.2606
30 45 0 61.022 75.6769
30 46 0 39.5599 55.0469
30 47 0 78.1654 107.543
30 48 0 21.7832 30.9192
30 49 0 1.92711 2.02152
30 50 0 56.5819 66.0281
30 51 0 11.9473 16.1086
30 52 0 73.7259 93.1984
30 53 0 26.4259 36.0118
30 54 0 71.3926 93.5203
30 55 0 33.3488 39.7677
30 56 0 2.60756 2.81976
30 57 0 51.1187 59.2599
30 58 0 8.00968 11.6655
30 59 0 65.574 68.9157
30 60 0 34.1028 43.6201
31 1 0 54.8704 73.2831
31 2 0 74.4564 87.7566
31 3 0 65.164 82.4507
31 4 0 90.3027 91.4002
31 5 0 69.2894 100.851
31 6 0 3.22216 4.54046
31 7 0 41.6716 57.0769
31 8 0 0.0436335 0.0556015
31 9 1 7.64549 7.89976
31 10 0 58.6595 59.156
31 11 0 52.4557 55.6094
31 12 0 97.7782 129.572
31 13 0 88.7419 130.665
31 14 0 20.3627 22.921
31 15 0 92.7739 99.884
31 16 0 38.396 56.4368
31 17 0 34.4098 49.5936
31 18 0 40.9316 43.312
31 19 0 52.4592 61.55
31 20 0 6.40821 7.26895
31 21 0 90.079 119.312
31 22 0 1.97513 2.04399
31 23 0 80.9359 112.284
31 24 0 25.8459 27.6173
31 25 0 11.3169 15.4252
31 26 0 23.625 34.8179
31 27 0 21.6839 27.638
31 28 0 96.0938 119.103
31 29 0 88.8798 100.266
31 30 0 85.0136 90.8284
31 32 1 72.702 97.0687
31 33 0 55.6402 80.612
31 34 0 75.454 75.9216
31 35 0 26.6585 29.5099
31 36 0 45.1689 60.565
31 37 0 37.7538 38.8888
31 38 0 42.0233 43.4108
31 39 0 84.4671 100.071
31 40 0 60.1354 71.6604
31 41 0 88.9471 99.1228
31 42 0 2.01464 2.58145
31 43 0 24.034 29.0612
31 44 0 66.2064 98.1846
31 45 0 11.7702 17.3505
31 46 0 53.2139 59.3021
31 47 0 36.0758 46.9344
31 48 0 85.9276 118.879
31 49 0 47.839 66.9087
31 50 0 2.27777 2.49909
31 51 0 33.6384 40.8842
31 52 0 16.7892 22.1581
31 53 0 74.1433 79.579
31 54 0 60.114 60.7411
31 55 0 30.887 46.0304
31 56 0 71.4378 77.1099
31 57 0 35.1729 43.9812
31 58 0 62.1534 91.8528
31 59 0 50.7001 70.9684
31 60 0 37.8496 39.0342
32 1 0 15.9863 19.1005
32 2 0 42.4634 63.3586
32 3 0 82.3911 89.5273
32 4 0 82.4105 100.317
32 5 0 69.5086 91.4846
32 6 0 48.3837 59.7507
32 7 0 79.3499 108.149
32 8 0 40.105 55.3278
32 9 0 34.4204 36.405
32 10 0 84.3283 96.765
32 11 0 31.6458 41.7866
32 12 0 0.538018 0.555886
32 13 0 33.6586 38.6243
32 14 0 65.1216 75.8526
32 15 0 44.4648 64.8807
32 16 0 17.9399 26.0893
32 17 0 3.82228 4.82002
32 18 0 51.5293 67.2302
32 19 0 67.8071 101.174
32 20 0 16.0121 21.3634
32 21 0 55.8567 70.4053
32 22 0 70.5814 95.9718
32 23 0 70.2641 84.6886
32 24 0 4.47863 5.88123
32 25 0 84.1484 85.2256
32 26 0 84.9149 110.114
32 27 0 12.8089 16.8476
32 28 0 9.37402 13.3603
32 29 0 37.5013 47.8296
32 30 0 94.2026 123.493
32 31 0 96.4574 99.2814
32 33 1 62.717 63.8787
32 34 0 7.32582 9.91314
32 35 0 5.6479 6.96335
32 36 0 42.1223 48.8569
32 37 0 40.999 47.0628
32 38 0 67.2768 68.9926
32 39 0 37.1205 49.357
32 40 0 25.2083 26.2218
32 41 0 2.24418 2.58821
32 42 0 98.6102 113.452
32 43 0 2.79657 3.40169
32 44 0 42.7891 62.9067
32 45 0 20.7219 22.2769
32 46 0 30.3072 31.9586
32 47 0 15.7523 18.933
32 48 0 84.1158 90.1583
32 49 0 49.1985 66.6768
32 50 0 28.4366 36.5127
32 51 0 80.7038 91.3933
32 52 0 34.1164 45.6757
32 53 0 40.8525 54.4656
32 54 0 23.8365 30.7492
32 55 0 59.7975 82.9959
32 56 0 6.26928 8.24802
32 57 0 9.02176 10.278
32 58 0 7.28012 9.25026
32 59 0 56.9976 82.2908
32 60 0 57.9703 72.562
33 1 0 53.1647 65.0149
33 2 0 34.0099 43.1095
33 3 0 89.3664 108.083
33 4 0 18.3098 24.7393
33 5 0 88.5463 111.479
33 6 0 68.3783 91.3404
33 7 0 73.4657 79.1013
33 8 0 82.1236 111.87
33 9 0 97.3577 116.673
33 10 0 55.7407 66.897
33 11 0 16.265 24.3625
33 12 0 34.1604 36.1046
33 13 0 66.1491 89.8513
33 14 0 68.6659 97.4433
33 15 0 74.1948 95.8391
33 16 0 67.9045 86.659
33 17 0 91.3415 109.887
33 18 0 49.2082 66.7078
33 19 0 90.5144 97.8248
33 20 0 34.1506 50.2106
33 21 0 29.2006 36.3498
33 22 0 75.1513 87.1535
33 23 0 26.4296 35.1716
33 24 0 86.7819 88.4435
33 25 0 79.3561 92.5428
33 26 0 67.1321 74.8461
33 27 0 17.7258 24.771
33 28 0 64.0881 79.1583
33 29 0 76.3973 112.921
33 30 0 78.0629 113.216
33 31 0 96.9549 100.802
33 32 0 43.4549 44.4677
33 34 1 25.846 31.423
33 35 0 3.76459 5.58023
33 36 0 28.7182 35.3535
33 37 0 96.2146 140.694
33 38 0 27.8054 33.1671
33 39 0 36.069 41.0135
33 40 0 37.9834 55.1518
33 41 0 24.1826 30.1715
33 42 0 77.3796 84.5998
33 43 0 21.1385 23.0514
33 44 0 19.7585 23.6063
33 45 0 5.8378 7.97585
33 46 0 11.5448 15.2015
33 47 0 15.4085 18.7011
33 48 0 38.7699 42.7885
33 49 0 2.1511 2.92304
33 50 0 33.1245 48.8887
33 51 0 41.9525 45.0845
33 52 0 23.9683 31.3702
33 53 0 53.5567 67.3031
33 54 0 46.6034 55.3948
33 55 0 25.1119 28.877
33 56 0 98.9698 117.073
33 57 0 75.6009 81.6689
33 58 0 27.358 27.753
33 59 0 90.5838 102.628
33 60 0 61.4947 89.149
34 1 0 19.4983 22.413
34 2 0 15.8394 17.9218
34 3 0 28.0426 35.8635
34 4 0 20.9349 25.5251
34 5 0 63.396 79.0145
34 6 0 11.4177 15.9161
34 7 0 98.5996 109.351
34 8 0 41.753 57.4763
34 9 0 97.6199 136.876
34 10 0 28.452 36.1513
34 11 0 32.7445 43.3931
34 12 0 4.27189 4.2964
34 13 0 12.3162 13.6171
34 14 0 12.7999 13.8041
34 15 0 64.0728 91.9561
34 16 0 50.1108 62.1188
34 17 0 81.736 112.526
34 18 0 71.1694 74.3384
34 19 0 72.3236 93.1384
34 20 0 77.4033 103.761
34 21 0 42.4478 53.5494
34 22 0 93.0268 110.179
34 23 0 18.2467 19.4626
34 24 0 96.5909 114.978
34 25 0 36.2943 47.8834
34 26 0 85.5597 106.854
34 27 0 71.5372 89.1329
34 28 0 23.1755 27.5178
34 29 0 97.323 121.434
34 30 0 1.00237 1.0671
34 31 0 38.7758 50.9249
34 32 0 71.2286 102.489
34 33 0 40.8893 55.0978
34 35 1 41.1281 52.2723
34 36 0 77.6427 105.574
34 37 0 66.5075 96.1563
34 38 0 93.6591 139.436
34 39 0 40.5203 59.4217
34 40 0 50.8866 58.7189
34 41 0 72.9505 89.5625
34 42 0 10.2735 12.2509
34 43 0 62.6204 88.4217
34 44 0 74.1163 105.516
34 45 0 98.3314 109.572
34 46 0 83.1637 112.227
34 47 0 79.3017 88.7329
34 48 0 34.4699 34.8698
34 49 0 11.9789 16.4795
34 50 0 56.4785 81.9014
34 51 0 39.7285 47.1855
34 52 0 56.575 72.0646
34 53 0 97.3608 124.593
34 54 0 44.2506 62.7543
34 55 0 91.5506 96.7231
34 56 0 72.372 102.711
34 57 0 55.6997 76.5126
34 58 0 7.44282 10.7602
34 59 0 58.5621 87.2434
34 60 0 74.3184 86.761
35 1 0 56.0768 78.3154
35 2 0 82.1196 113.861
35 3 0 20.3392 25.0516
35 4 0 52.5347 55.3925
35 5 0 55.4292 64.4491
35 6 0 52.838 56.8775
35 7 0 39.1396 46.0616
35 8 0 42.213 56.3115
35 9 0 25.3487 30.0942
35 10 0 3.23987 3.61214
35 11 0 64.3162 95.3015
35 12 0 34.7626 48.141
35 13 0 79.5519 93.3497
35 14 1 41.541 49.4083
35 15 0 20.5746 28.2598
35 16 0 24.0518 35.0591
35 17 0 26.2797 36.3782
35 18 0 96.6687 144.848
35 19 0 2.01773 3.00259
35 20 0 31.6863 40.2692
35 21 0 56.8492 83.227
35 22 0 85.2656 106.867
35 23 0 29.0737 41.4132
35 24 0 46.8648 50.4926
35 25 0 94.5428 104.593
35 26 0 10.2151 10.9295
35 27 0 29.4162 32.105
35 28 1 81.9548 121.862
35 29 0 48.4574 50.0502
35 30 0 71.4858 99.9407
35 31 0 51.6438 71.9768
35 32 0 74.7275 98.8864
35 33 0 59.4248 83.4995
35 34 0 74.8952 81.7759
35 36 1 19.9009 21.4432
35 37 0 98.8234 122.035
35 38 0 69.2089 75.4729
35 39 0 29.0749 36.6716
35 40 0 46.4339 63.8736
35 41 0 14.4011 19.71
35 42 0 61.4371 80.2325
35 43 0 53.4103 71.5867
35 44 0 70.7192 83.3263
35 45 0 42.6237 46.3117
35 46 0 13.5538 17.3632
35 47 0 20.1139 28.8501
35 48 0 77.206 106.999
35 49 0 36.2417 50.5234
35 50 0 61.1095 84.4115
35 51 0 54.8712 59.1786
35 52 0 20.1332 28.1125
35 53 0 0.193177 0.258853
35 54 0 85.1982 87.0466
35 55 0 93.5433 99.751
35 56 0 81.6657 112.143
35 57 0 14.4061 15.7268
35 58 0 12.4532 16.4118
35 59 0 88.3648 95.1491
35 60 0 53.2501 77.7774
36 1 0 5.70781 8.18318
36 2 0 10.9377 15.2433
36 3 0 96.0367 102.984
36 4 0 39.8696 55.7656
36 5 0 45.637 56.1344
36 6 0 1.79212 1.91481
36 7 0 67.4441 96.3064
36 8 0 14.2841 14.4568
36 9 0 61.3552 62.8254
36 10 0 41.0071 58.4253
36 11 0 2.5116 3.52594
36 12 0 42.3205 61.4437
36 13 0 33.2013 39.3755
36 14 0 26.1955 29.7887
36 15 1 69.8822 86.0787
36 16 0 79.473 81.2195
36 17 0 67.0978 86.7541
36 18 0 81.3918 82.2305
36 19 0 53.3386 64.49
36 20 0 85.2011 123.228
36 21 0 33.2224 39.174
36 22 0 74.1235 100.29
36 23 0 66.6074 66.6648
36 24 0 52.3905 57.4277
36 25 0 61.7215 77.0582
36 26 0 63.2137 86.8292
36 27 0 30.5564 42.3982
36 28 0 76.5218 114.224
36 29 0 46.7317 64.5437
36 30 0 55.5984 59.3577
36 31 0 98.2129 133.513
36 32 0 1.00212 1.30693
36 33 0 13.7427 17.316
36 34 0 52.5711 68.0462
36 35 1 73.223 100.488
36 37 1 20.0298 22.8595
36 38 0 31.1577 43.84
36 39 1 93.9249 138.585
36 40 0 82.6442 93.9686
36 41 0 26.9886 29.1233
36 42 0 93.4993 130.41
36 43 0 69.2422 103.58
36 44 0 42.6987 60.1301
36 45 0 72.9264 73.1951
36 46 0 5.69529 8.13454
36 47 0 74.1062 82.1597
36 48 0 1.72647 2.24189
36 49 0 53.4474 64.1652
36 50 0 98.4918 120.493
36 51 0 52.0351 71.2666
36 52 0 30.9577 41.2204
36 53 0 79.427 98.4434
36 54 0 36.3927 38.7048
36 55 0 20.7043 24.7443
36 56 0 76.8596 107.958
36 57 0 95.9047 105.518
36 58 0 29.5997 38.1874
36 59 0 44.2885 46.0193
36 60 0 69.9946 75.2475
37 1 0 12.8578 17.9348
37 2 0 89.649 100.87
37 3 0 88.7538 107.526
37 4 0 63.4867 91.7809
37 5 0 2.40935 3.38858
37 6 0 93.0208 126.581
37 7 0 52.1933 71.915
37 8 0 84.283 110.847
37 9 0 82.4944 109.882
37 10 0 33.4875 39.7854
37 11 0 25.682 34.739
37 12 0 83.147 100.207
37 13 0 24.3137 31.8858
37 14 0 24.7676 29.5097
37 15 0 65.1042 86.9615
37 16 0 17.1417 21.3946
37 17 0 40.3345 54.1587
37 18 0 0.4674 0.660082
37 19 0 0.240162 0.353272
37 20 0 75.9827 107.569
37 21 0 49.8274 59.178
37 22 0 23.7002 30.4709
37 23 0 5.88359 5.90359
37 24 0 16.768 20.8721
37 25 0 3.70189 3.85107
37 26 0 89.5002 101.839
37 27 0 21.141 23.1923
37 28 0 5.92312 6.92065
37 29 0 49.5257 51.272
37 30 0 31.6614 40.8573
37 31 0 39.7083 47.2905
37 32 0 17.6876 18.2329
37 33 0 29.6751 33.8639
37 34 0 34.8799 48.7752
37 35 0 71.3278 85.399
37 36 0 54.8569 76.6078
37 38 1 41.2858 41.7285
37 39 0 1.05919 1.34644
37 40 0 84.6805 91.5372
37 41 0 64.6472 81.2335
37 42 0 85.5777 112.239
37 43 0 47.4426 52.6853
37 44 0 74.3187 75.1772
37 45 0 20.5743 29.1872
37 46 0 62.3773 88.9695
37 47 0 59.3266 66.8763
37 48 0 67.8047 68.699
37 49 0 93.1858 121.891
37 50 0 36.3991 50.8672
37 51 1 64.3001 92.9161
37 52 0 68.6041 86.8663
37 53 0 4.40739 5.87751
37 54 0 75.2052 95.7849
37 55 0 90.7736 92.617
37 56 0 75.08 95.0547
37 57 0 92.7438 119.359
37 58 0 45.7904 48.4261
37 59 0 26.2245 35.1673
37 60 0 77.114 100.612
38 1 0 99.4736 118.763
38 2 0 42.9157 44.4451
38 3 0 25.5378 26.6274
38 4 0 15.992 21.2227
38 5 0 94.6364 126.784
38 6 0 49.8563 58.1362
38 7 0 91.4613 124.039
38 8 0 52.5447 56.1623
38 9 0 59.2392 64.474
38 10 0 23.5381 26.3358
38 11 0 32.3668 33.5787
38 12 0 73.695 92.4297
38 13 0 89.8462 105.183
38 14 0 77.6678 106.824
38 15 0 77.8548 98.0925
38 16 0 51.4492 62.0084
38 17 0 24.3509 27.3538
38 18 0 56.0995 67.4356
38 19 0 51.2396 51.797
38 20 0 29.5422 33.6627
38 21 0 54.3324 72.6107
38 22 0 37.4669 55.3708
38 23 0 70.0584 70.6834
38 24 0 91.3459 107.288
38 25 0 3.56544 4.78465
38 26 0 50.9664 56.2944
38 27 0 5.88891 6.95228
38 28 0 88.659 116.799
38 29 0 0.770599 0.900353
38 30 0 14.4254 19.9169
38 31 0 79.4826 89.9727
38 32 0 56.6771 70.4227
38 33 0 65.6903 68.9433
38 34 0 0.235079 0.267573
38 35 0 46.6302 51.6246
38 36 0 18.636 22.7599
38 37 0 68.5701 94.8214
38 39 1 15.9182 18.7731
38 40 0 42.7853 48.9782
38 41 0 77.9256 94.2624
38 42 0 6.17181 8.87949
38 43 0 77.5905 114.765
38 44 0 90.7466 134.218
38 45 0 30.8793 39.6676
38 46 0 74.9399 101.825
38 47 0 99.6609 118.694
38 48 0 6.31748 6.64362
38 49 0 83.9403 97.0667
38 50 0 55.0226 59.6583
38 51 0 15.3207 19.5651
38 52 0 14.5966 17.2831
38 53 0 52.9326 58.8702
38 54 0 91.7938 92.9629
38 55 0 32.5979 37.6312
38 56 0 64.4315 82.56
38 57 0 71.6725 90.1251
38 58 0 89.054 104.655
38 59 0 63.7917 73.9902
38 60 0 2.10453 2.99936
39 1 0 4.61376 6.6793
39 2 0 78.8863 84.5271
39 3 0 25.7457 34.5228
39 4 0 95.024 95.4493
39 5 0 58.2645 76.3572
39 6 0 7.79574 9.62257
39 7 0 13.7177 19.8125
39 8 0 38.065 43.5731
39 9 0 92.003 93.3962
39 10 0 31.6464 46.3355
39 11 0 81.2758 116.396
39 12 0 54.1726 72.9274
39 13 0 79 85.4653
39 14 0 61.2668 72.3195
39 15 0 99.4957 147.73
39 16 0 41.3407 53.2528
39 17 0 87.9509 88.4693
39 18 0 14.9382 19.558
39 19 0 52.3904 61.9818
39 20 0 58.9714 84.9531
39 21 0 12.5349 15.4051
39 22 0 29.796 43.3143
39 23 0 72.918 88.9471
39 24 0 32.9233 43.7248
39 25 0 72.2878 88.2064
39 26 0 87.4924 109.891
39 27 1 29.2373 30.8542
39 28 0 89.1883 118.297
39 29 0 28.9064 36.9257
39 30 0 92.084 95.4654
39 31 0 57.641 70.3346
39 32 0 25.6454 28.7206
39 33 0 10.8955 16.0537
39 34 0 2.68237 3.41816
39 35 0 60.4901 71.6287
39 36 0 89.1505 104.105
39 37 0 56.0365 77.1593
39 38 0 35.8266 47.9731
39 40 1 20.2304 22.948
39 41 0 44.7254 55.1086
39 42 0 43.4725 58.308
39 43 0 68.5624 87.6228
39 44 0 93.2964 95.2181
39 45 0 12.338 14.1506
39 46 0 22.726 32.9272
39 47 0 32.5743 43.7648
39 48 0 84.1881 115.589
39 49 0 41.1933 55.8194
39 50 0 72.2963 91.3802
39 51 0 50.1267 69.6537
39 52 0 80.9975 107.717
39 53 0 38.1442 56.0955
39 54 0 24.6955 27.7753
39 55 0 75.8735 82.6095
39 56 0 42.4783 42.7334
39 57 0 38.9906 45.1972
39 58 0 24.1773 25.9493
39 59 0 48.1693 49.483
39 60 0 52.1273 56.85
40 1 0 46.2229 62.4631
40 2 0 77.1805 98.4085
40 3 0 81.0515 104.513
40 4 0 68.5443 77.5784
40 5 0 84.0488 125.621
40 6 0 52.4864 71.3553
40 7 0 71.7992 81.4401
40 8 0 70.8047 96.6249
40 9 0 72.3397 92.7991
40 10 0 15.3594 18.9161
40 11 0 22.4067 22.5952
40 12 0 50.5176 54.2398
40 13 0 5.72811 5.81315
40 14 0 56.8966 66.029
40 15 0 65.2541 89.724
40 16 0 66.2201 89.5344
40 17 0 56.2904 80.0104
40 18 0 49.3345 61.3502
40 19 0 48.9065 55.3684
40 20 0 68.0265 96.8017
40 21 0 82.7425 88.0977
40 22 0 72.2857 84.7575
40 23 0 16.0777 19.038
40 24 0 75.6523 77.0389
40 25 0 90.3837 93.0915
40 26 0 28.9565 36.3013
40 27 0 5.195 6.04725
40 28 0 54.3315 78.7318
40 29 0 71.7302 104.789
40 30 0 12.6266 13.0772
40 31 0 17.2282 23.0658
40 32 0 71.7057 85.8927
40 33 0 82.3703 121.327
40 34 0 43.4925 55.4532
40 35 0 32.3788 40.5033
40 36 0 5.62578 8.24206
40 37 0 14.7483 16.1998
40 38 0 98.2062 128.888
40 39 0 51.9646 71.6586
40 41 1 29.4098 43.3608
40 42 0 27.5608 30.3542
40 43 0 25.2944 34.6587
40 44 0 3.9554 4.05791
40 45 0 58.3371 63.3439
40 46 0 53.8983 54.6228
40 47 0 75.0689 97.0953
40 48 0 57.1736 73.4306
40 49 0 83.1731 87.1754
40 50 0 35.2398 43.2175
40 51 0 69.0175 82.8801
40 52 0 32.8277 38.5235
40 53 0 99.0098 103.966
40 54 0 78.308 115.861
40 55 0 78.4945 101.975
40 56 0 63.6921 72.9481
40 57 0 64.7875 77.2557
40 58 0 58.3238 75.1976
40 59 0 88.5712 110.576
40 60 0 16.7387 19.5251
41 1 0 51.2009 57.8739
41 2 0 22.7835 29.7692
41 3 0 55.0096 72.854
41 4 0 89.5128 119.147
41 5 0 15.9435 17.2153
41 6 0 63.032 75.8861
41 7 0 48.8906 65.4936
41 8 0 20.6693 30.8151
41 9 0 44.1886 65.5619
41 10 0 22.5907 32.7628
41 11 0 18.8185 27.2996
41 12 0 77.2982 100.686
41 13 0 41.9223 52.7074
41 14 0 76.0635 89.8359
41 15 0 20.0638 29.6972
41 16 0 27.3945 33.3753
41 17 0 78.3693 84.1368
41 18 0 73.5145 97.7927
41 19 0 78.6501 108.885
41 20 0 38.5063 56.7266
41 21 0 90.6974 98.5618
41 22 0 8.22738 12.0821
41 23 0 74.6922 85.5553
41 24 0 75.5277 112.304
41 25 0 26.9706 40.0623
41 26 0 89.2925 115.281
41 27 0 39.5651 43.4017
41 28 0 66.4242 99.3294
41 29 0 88.7275 97.4362
41 30 0 97.1048 138.793
41 31 0 0.164437 0.205483
41 32 0 55.3462 70.8128
41 33 0 83.1641 122.617
41 34 0 16.203 16.9006
41 35 0 69.978 75.0538
41 36 0 56.3002 58.2612
41 37 0 3.64824 4.07758
41 38 0 53.0781 54.8272
41 39 0 78.3494 94.8331
41 40 0 93.4353 125.888
41 42 1 51.9738 74.235
41 43 0 52.7729 77.4186
41 44 0 97.9106 109.877
41 45 0 37.1323 54.828
41 46 0 24.63 33.9102
41 47 0 96.0568 122.89
41 48 0 77.1491 100.139
41 49 0 80.4912 111.005
41 50 0 53.2964 56.9688
41 51 0 70.4929 77.8552
41 52 0 57.6046 72.5874
41 53 0 59.8862 80.7973
41 54 0 3.47052 4.22909
41 55 0 6.57778 7.32441
41 56 0 64.0876 84.2941
41 57 0 19.5217 26.1278
41 58 0 94.7932 133.367
41 59 0 70.4169 85.949
41 60 0 4.54854 6.43169
42 1 0 56.4884 75.9844
42 2 0 47.3386 64.2962
42 3 0 0.730487 1.07943
42 4 0 82.3389 95.1675
42 5 0 73.8371 76.6039
42 6 0 19.4967 19.9458
42 7 0 30.6709 45.3379
42 8 0 82.4778 87.0481
42 9 0 43.3429 53.0341
42 10 0 11.9133 13.6978
42 11 0 77.6507 102.672
42 12 0 97.303 119.218
42 13 0 4.98387 6.94511
42 14 0 65.4142 72.5133
42 15 0 61.0657 81.1549
42 16 0 20.5603 26.4241
42 17 0 4.68399 5.29361
42 18 0 19.7158 24.27
42 19 0 93.1195 132.949
42 20 0 24.0732 31.8721
42 21 0 63.3349 82.8133
42 22 0 63.6244 65.569
42 23 0 19.7396 23.8438
42 24 0 76.1742 82.423
42 25 0 41.8074 47.0252
42 26 0 57.0479 70.0098
42 27 0 17.0176 20.2953
42 28 0 79.4049 95.6671
42 29 0 71.7018 72.5676
42 30 0 62.6683 91.4634
42 31 0 63.1395 89.8417
42 32 0 10.5571 11.6555
42 33 0 4.88141 7.11402
42 34 0 60.1521 77.516
42 35 0 36.0143 42.9821
42 36 0 63.9295 69.7414
42 37 0 33.614 48.4008
42 38 0 37.9723 46.9788
42 39 0 39.6282 44.1901
42 40 1 74.5109 103.414
42 41 0 64.9197 77.0304
42 43 1 30.601 32.9805
42 44 0 23.8721 31.3991
42 45 0 96.9727 116.528
42 46 0 56.8941 76.6823
42 47 0 5.17257 6.98962
42 48 0 14.4013 17.6974
42 49 0 71.8795 74.7817
42 50 0 84.0323 92.0481
42 51 0 19.2216 27.4976
42 52 0 84.947 94.9137
42 53 0 79.9186 91.989
42 54 0 97.61 130.838
42 55 0 66.1575 68.03
42 56 0 30.7515 41.4991
42 57 0 40.9732 51.1301
42 58 0 11.0314 14.8394
42 59 0 50.2835 52.1858
42 60 0 83.1085 89.8648
43 1 0 18.2381 20.2297
43 2 0 35.3958 46.5711
43 3 0 48.2936 58.3796
43 4 0 14.202 20.5122
43 5 0 43.4002 56.3654
43 6 0 98.6083 118.066
43 7 0 26.3243 29.1471
43 8 0 16.3026 18.8653
43 9 0 70.8749 89.2472
43 10 0 74.2691 82.1077
43 11 0 27.5967 33.6854
43 12 0 58.6772 77.49
43 13 0 9.62079 13.9611
43 14 0 9.00462 13.4374
43 15 0 0.372527 0.510188
43 16 0 93.8087 126.497
43 17 0 86.4558 125.684
43 18 0 57.6437 80.5628
43 19 0 87.3384 112.341
43 20 0 24.0912 34.9053
43 21 0 37.1135 49.185
43 22 0 94.4292 109.606
43 23 0 94.4978 109.565
43 24 0 13.7944 16.5346
43 25 0 98.4637 118.261
43 26 0 73.1456 77.4777
43 27 0 1.91557 2.27771
43 28 0 10.6262 14.8765
43 29 0 96.6512 130.674
43 30 0 42.1911 51.2827
43 31 0 79.9234 106.675
43 32 0 18.1488 19.2832
43 33 0 87.3196 90.2561
43 34 0 24.8234 35.2425
43 35 0 6.06545 6.25798
43 36 0 96.623 118.605
43 37 0 11.3536 14.2342
43 38 0 64.569 87.8649
43 39 0 30.1526 32.1148
43 40 0 36.1872 43.0216
43 41 0 42.0488 45.3858
43 42 0 19.7914 27.8721
43 44 1 95.0668 105.328
43 45 0 38.6992 50.6294
43 46 0 5.23496 5.96948
43 47 0 13.9608 16.958
43 48 0 5.25343 7.85852
43 49 0 77.5973 86.1251
43 50 0 4.68323 6.12084
43 51 0 71.1787 73.9838
43 52 0 81.0794 93.4968
43 53 0 33.3582 41.3699
43 54 0 95.2802 128.22
43 55 0 42.0064 54.2394
43 56 0 76.3808 101.567
43 57 0 0.289085 0.383053
43 58 0 0.854678 1.2548
43 59 0 74.7825 89.256
43 60 0 16.6062 17.1253
44 1 0 50.5333 69.8667
44 2 0 40.6045 57.823
44 3 0 1.01015 1.38007
44 4 0 69.3661 74.1722
44 5 0 90.2607 135.313
44 6 0 40.8661 41.9343
44 7 0 13.8766 14.0335
44 8 0 77.2161 92.374
44 9 0 23.5601 27.1554
44 10 0 94.3901 108.899
44 11 0 58.2682 80.3172
44 12 0 0.721415 1.04959
44 13 0 32.1616 37.3104
44 14 0 3.41871 4.90033
44 15 0 58.6476 68.1624
44 16 0 96.3424 103.12
44 17 0 96.8761 126.691
44 18 0 94.3486 130.348
44 19 0 45.6138 64.2135
44 20 0 51.5616 75.9693
44 21 0 76.9784 76.9861
44 22 0 76.3838 93.5499
44 23 0 1.58733 1.59032
44 24 0 26.9734 28.9639
44 25 0 77.8986 88.8831
44 26 0 78.2411 106.438
44 27 0 10.9242 13.109
44 28 0 16.7136 18.8028
44 29 0 30.5157 40.945
44 30 0 85.4999 90.6035
44 31 0 13.8213 14.9443
44 32 0 70.9512 100.799
44 33 1 39.6515 54.3757
44 34 0 75.5002 111.338
44 35 0 83.1058 94.4123
44 36 0 40.3743 43.7952
44 37 0 18.466 25.9163
44 38 0 65.919 85.9955
44 39 0 31.8936 46.3685
44 40 0 42.0222 55.4751
44 41 0 59.1522 73.1199
44 42 0 14.3836 21.127
44 43 0 33.9231 47.658
44 45 1 97.53 110.94
44 46 0 30.6061 42.5799
44 47 0 0.412088 0.427595
44 48 0 97.9394 126.391
44 49 0 69.2525 70.1201
44 50 0 45.5714 65.9836
44 51 0 86.7461 90.8466
44 52 0 25.9674 37.8339
44 53 0 67.1436 82.4759
44 54 0 56.375 72.9036
44 55 0 72.8274 79.5996
44 56 0 36.326 46.733
44 57 0 97.5294 122.15
44 58 0 53.6994 62.1074
44 59 0 91.4384 134.441
44 60 0 60.1236 61.8069
45 1 0 42.4852 63.262
45 2 0 37.2805 40.0598
45 3 0 87.5776 119.175
45 4 0 22.5834 26.8374
45 5 0 81.8943 109.225
45 6 0 45.0268 46.539
45 7 0 82.0572 90.2746
45 8 0 97.4696 138.167
45 9 0 16.6595 24.6757
45 10 0 32.0138 36.6891
45 11 0 86.0132 121.182
45 12 0 34.767 42.6957
45 13 0 11.6115 12.9703
45 14 0 60.449 79.8435
45 15 0 67.8401 95.0726
45 16 0 81.2316 102.199
45 17 0 59.6097 84.224
45 18 0 86.9802 111.034
45 19 0 26.926 29.06
45 20 0 29.2308 39.1709
45 21 0 26.6574 31.879
45 22 0 95.3829 114.597
45 23 0 23.6252 34.0254
45 24 0 24.7931 25.5913
45 25 0 78.0656 85.3016
45 26 0 58.4962 65.526
45 27 0 59.0229 84.8542
45 28 0 20.3453 23.0173
45 29 0 32.4613 37.3908
45 30 0 53.521 68.535
45 31 0 95.6435 116.213
45 32 0 50.8525 55.7678
45 33 0 41.108 56.2841
45 34 0 89.3742 118.436
45 35 0 54.3062 57.9233
45 36 0 87.0916 97.4415
45 37 0 48.6759 62.9279
45 38 0 71.1191 94.8152
45 39 0 25.2503 32.1904
45 40 0 63.0898 81.9921
45 41 0 5.78839 8.57004
45 42 0 67.2288 93.2582
45 43 0 75.6359 100.841
45 44 0 13.2278 18.3864
45 46 1 55.5654 73.2853
45 47 0 50.5103 65.92
45 48 0 18.843 21.9198
45 49 0 55.3324 56.3568
45 50 0 44.8838 67.2375
45 51 0 72.0401 105.294
45 52 0 97.1255 126.648
45 53 0 9.23303 13.2649
45 54 0 15.994 20.3862
45 55 0 79.6069 116.936
45 56 0 12.361 16.8173
45 57 0 33.2388 47.2334
45 58 0 71.2434 99.45
45 59 0 26.7419 38.2711
45 60 0 50.6066 51.2344
46 1 0 61.6219 84.2861
46 2 0 50.6128 50.9931
46 3 0 60.6153 89.4585
46 4 0 62.1305 79.0171
46 5 0 99.9655 149.079
46 6 0 66.6714 81.8421
46 7 0 14.994 19.7802
46 8 0 39.3427 50.6465
46 9 0 64.8439 81.9698
46 10 0 45.5149 67.3689
46 11 0 37.7486 47.6594
46 12 0 74.1613 80.9968
46 13 0 40.1599 52.4747
46 14 0 85.4223 93.5239
46 15 0 26.8715 31.9532
46 16 0 68.4751 85.5812
46 17 0 31.7247 38.0652
46 18 0 79.1782 97.1962
46 19 0 10.3853 15.0431
46 20 0 45.3668 67.0927
46 21 0 57.6299 63.6907
46 22 0 44.223 60.1544
46 23 0 79.5369 114.398
46 24 0 83.3806 100.208
46 25 0 77.4921 113.319
46 26 0 3.97093 5.35394
46 27 0 69.4898 75.9646
46 28 0 48.4958 61.5584
46 29 0 29.3763 33.562
46 30 0 99.8669 107.757
46 31 0 50.3678 69.2345
46 32 0 26.5901 39.108
46 33 0 25.4831 34.4541
46 34 0 5.26467 6.29285
46 35 0 16.4306 21.9182
46 36 0 30.3392 36.6588
46 37 0 70.5928 72.6706
46 38 0 48.7646 69.2161
46 39 0 87.1108 113.461
46 40 0 24.1343 25.8127
46 41 0 49.379 72.8188
46 42 0 41.0187 44.6878
46 43 0 94.5737 103.772
46 44 0 48.3679 56.3265
46 45 0 59.9115 74.8044
46 47 1 78.5607 80.2112
46 48 0 28.1984 30.4966
46 49 0 41.2054 53.3343
46 50 0 31.9057 39.9511
46 51 0 12.4879 13.1772
46 52 0 77.0917 82.6891
46 53 0 12.8052 18.523
46 54 0 96.613 121.02
46 55 0 39.6384 41.9132
46 56 0 0.911771 0.934864
46 57 0 31.4425 35.0114
46 58 0 66.7529 76.4251
46 59 0 94.8481 130.585
46 60 0 98.9189 134.305
47 1 0 53.1951 72.3789
47 2 0 70.223 87.2934
47 3 0 38.4388 48.457
47 4 0 30.071 32.7979
47 5 0 46.299 54.9633
47 6 0 29.3406 40.4889
47 7 0 92.8126 123.757
47 8 0 79.8874 96.6101
47 9 0 44.3712 52.2044
47 10 0 1.93846 2.63938
47 11 0 3.83585 5.68492
47 12 0 48.8032 59.2546
47 13 0 2.33371 3.47859
47 14 0 57.9674 73.5515
47 15 0 76.6424 80.9427
47 16 0 82.5692 89.1489
47 17 0 29.9526 36.4866
47 18 0 79.7657 101.288
47 19 0 71.7794 92.2332
47 20 0 14.6958 17.8869
47 21 0 39.7512 48.1347
47 22 0 92.8954 107.206
47 23 0 22.0844 28.4328
47 24 0 70.0399 74.1037
47 25 0 69.6887 84.1581
47 26 0 0.933927 1.04724
47 27 0 52.7873 54.1168
47 28 0 50.2175 65.1272
47 29 0 13.7912 19.4633
47 30 0 58.2499 76.5924
47 31 0 96.2151 143.185
47 32 0 18.2671 25.9848
47 33 0 36.2017 48.0161
47 34 0 45.1155 64.1844
47 35 0 96.3086 124.217
47 36 0 1.21838 1.23229
47 37 0 22.4439 32.7041
47 38 0 62.7537 83.1372
47 39 0 28.1584 39.6671
47 40 0 10.0303 12.9674
47 41 0 16.1113 19.6941
47 42 0 77.3469 109.785
47 43 0 87.6111 93.6412
47 44 0 99.6282 118.488
47 45 0 15.6206 17.4108
47 46 0 55.9392 66.8712
47 48 1 69.245 74.8979
47 49 0 96.5028 108.048
47 50 0 60.2468 85.1548
47 51 0 22.7183 29.1126
47 52 0 67.3437 86.9177
47 53 0 69.4126 102.613
47 54 0 97.2905 145.159
47 55 0 50.1451 64.2703
47 56 0 89.5196 122.417
47 57 0 23.4872 33.6363
47 58 0 39.9877 50.533
47 59 0 5.84946 8.3152
47 60 0 58.1344 83.4313
48 1 0 70.5302 93.894
48 2 0 40.5055 46.3595
48 3 0 44.2295 49.3796
48 4 0 1.08647 1.53115
48 5 0 68.5469 86.8624
48 6 0 74.043 101.004
48 7 0 92.3485 106.351
48 8 0 11.9095 12.7101
48 9 0 17.1814 25.5725
48 10 0 68.3953 77.0399
48 11 0 87.9452 110.833
48 12 0 14.5891 21.5236
48 13 0 88.7362 115.613
48 14 0 74.3828 100.153
48 15 0 95.3737 106.604
48 16 0 61.6522 82.1471
48 17 0 88.2037 126.617
48 18 0 0.391518 0.496984
48 19 0 78.7641 91.2367
48 20 0 79.0069 93.6818
48 21 0 32.4503 39.3198
48 22 0 69.1955 83.9869
48 23 0 87.3829 87.802
48 24 0 1.97358 2.89797
48 25 0 32.1671 36.4031
48 26 0 22.5785 27.3332
48 27 0 98.2236 108.698
48 28 0 76.5743 89.0953
48 29 0 19.9098 25.0648
48 30 0 25.974 34.0199
48 31 0 83.3789 105.424
48 32 0 79.8661 107.346
48 33 0 92.445 118.994
48 34 0 46.2462 58.9109
48 35 0 53.0243 56.4419
48 36 0 84.0313 89.5939
48 37 0 67.9157 88.4554
48 38 0 18.0862 26.5243
48 39 0 76.2253 105.727
48 40 0 82.628 96.2173
48 41 0 80.5209 96.3996
48 42 0 59.0351 62.3557
48 43 0 5.22921 7.23904
48 44 1 65.4611 93.8369
48 45 0 44.8398 65.7445
48 46 0 47.8785 62.8028
48 47 0 64.5655 90.1709
48 49 1 24.7584 26.5615
48 50 0 31.0633 44.0959
48 51 0 22.2061 24.901
48 52 0 14.6474 18.1721
48 53 0 50.9431 67.5834
48 54 0 93.5848 119.708
48 55 0 2.82905 3.72712
48 56 0 75.5825 90.2534
48 57 0 81.84 92.8918
48 58 0 84.5108 113.693
48 59 0 4.07121 4.34022
48 60 0 35.9731 50.3658
49 1 0 84.2028 86.1462
49 2 0 38.2329 39.7089
49 3 0 43.6992 58.6439
49 4 0 47.4544 63.4536
49 5 0 81.8429 83.4674
49 6 0 55.5615 55.6219
49 7 0 89.0512 111.951
49 8 0 78.2134 98.9828
49 9 0 73.4594 108.366
49 10 0 80.2414 99.7838
49 11 0 98.5507 143.438
49 12 0 80.3167 83.0266
49 13 0 58.2095 74.2469
49 14 0 32.0543 41.9372
49 15 0 14.2995 15.4341
49 16 0 28.2458 40.4644
49 17 0 79.6229 96.8012
49 18 0 42.0463 42.2369
49 19 0 39.7439 56.8904
49 20 0 22.249 29.6629
49 21 0 22.4804 24.7276
49 22 0 26.3372 31.3301
49 23 0 38.1905 52.2169
49 24 0 77.4395 112.36
49 25 0 83.2414 91.2951
49 26 0 1.23664 1.41679
49 27 0 59.3076 59.786
49 28 0 72.3561 97.6624
49 29 0 40.9031 54.813
49 30 0 77.6508 81.8743
49 31 0 59.9561 68.4737
49 32 0 58.2661 71.6303
49 33 0 75.3801 82.6785
49 34 0 25.9134 35.4384
49 35 0 14.882 17.8002
49 36 0 1.754 2.36558
49 37 0 65.0072 68.6285
49 38 0 33.1455 47.0059
49 39 0 89.0642 126.825
49 40 0 5.84867 6.95164
49 41 0 13.0996 17.4912
49 42 0 87.3754 108.978
49 43 0 79.6997 89.5185
49 44 0 73.9143 89.9794
49 45 0 13.1 13.3025
49 46 0 66.8529 95.4069
49 47 0 14.2952 17.9255
49 48 0 48.4027 64.0956
49 50 1 69.4724 85.7682
49 51 0 77.2954 111.502
49 52 0 37.9407 43.1867
49 53 0 22.0837 27.9253
49 54 0 49.1114 61.8308
49 55 0 73.0254 109.472
49 56 0 93.458 99.4841
49 57 0 34.269 36.4227
49 58 0 47.4174 63.4671
49 59 0 23.1612 26.3293
49 60 0 78.7126 101.202
50 1 0 35.223 37.4284
50 2 0 64.5062 83.4603
50 3 0 77.7621 79.497
50 4 0 84.8705 93.0229
50 5 0 96.4203 133.68
50 6 0 17.9008 21.1234
50 7 0 59.7181 67.6292
50 8 0 26.6833 30.6286
50 9 0 22.4185 26.474
50 10 0 60.0418 73.7683
50 11 0 45.3278 62.4478
50 12 0 72.0701 86.597
50 13 0 69.6275 84.9252
50 14 0 69.726 87.5317
50 15 0 11.5131 15.3766
50 16 0 60.4615 88.9642
50 17 0 66.0057 71.1313
50 18 0 3.51584 5.17723
50 19 0 95.5594 117.917
50 20 0 22.9348 23.2258
50 21 0 33.9422 43.3573
50 22 0 63.7544 67.4995
50 23 0 28.8729 37.7115
50 24 0 79.4951 103.265
50 25 0 23.0606 27.5775
50 26 0 96.9536 111.612
50 27 0 26.5926 36.2113
50 28 0 24.9321 32.663
50 29 0 93.4882 138.979
50 30 0 29.4439 43.0155
50 31 0 51.7166 55.6041
50 32 0 26.497 32.7174
50 33 0 11.3185 16.9505
50 34 0 56.0837 59.7746
50 35 0 84.132 104.959
50 36 0 82.172 84.1875
50 37 0 8.9073 8.92489
50 38 0 46.4646 55.0101
50 39 0 56.9722 68.2238
50 40 0 66.7858 83.0094
50 41 0 85.6192 101.68
50 42 0 95.646 126.673
50 43 0 10.5966 14.4425
50 44 0 65.4855 93.3816
50 45 0 54.6946 57.6633
50 46 0 13.959 17.2278
50 47 0 90.8058 100.98
50 48 0 49.8135 65.9702
50 49 0 21.0067 26.4564
50 51 1 70.8137 105.011
50 52 0 0.568578 0.630998
50 53 0 18.9015 20.4492
50 54 0 51.5876 52.9668
50 55 0 47.7165 54.8184
50 56 0 98.0932 121.862
50 57 0 55.8167 64.1202
50 58 0 38.5891 54.3135
50 59 0 18.3185 26.9767
50 60 0 65.1363 90.9029
51 1 0 99.0325 124.561
51 2 0 5.77562 5.85101
51 3 0 2.095 3.06005
51 4 0 99.5031 107.701
51 5 0 1.94706 2.2099
51 6 0 96.4997 128.985
51 7 0 11.4674 15.8837
51 8 0 32.3079 46.5399
51 9 0 98.5931 98.7473
51 10 0 70.4666 95.4772
51 11 0 13.6788 14.0937
51 12 0 66.8542 89.2983
51 13 0 86.3421 117.787
51 14 0 52.4253 63.2003
51 15 0 72.2152 90.6343
51 16 0 31.6423 41.3802
51 17 0 3.47638 3.78179
51 18 0 24.2397 34.6187
51 19 0 30.7045 41.5408
51 20 0 15.7344 18.167
51 21 0 11.6303 12.0952
51 22 0 22.8181 31.2879
51 23 0 62.4246 79.8271
51 24 0 99.3923 103.489
51 25 0 27.5742 31.2671
51 26 0 33.5047 49.7544
51 27 0 54.6866 67.4959
51 28 0 70.8774 77.4607
51 29 0 39.9372 47.4943
51 30 0 36.7651 46.8653
51 31 0 79.4151 99.9692
51 32 0 1.0349 1.21154
51 33 0 31.8789 45.4448
51 34 0 26.7123 34.1859
51 35 0 20.5882 29.1203
51 36 0 48.2521 64.5256
51 37 0 21.4497 24.3452
51 38 0 12.3826 14.5596
51 39 0 97.5232 102.295
51 40 0 39.4491 42.9208
51 41 0 47.8972 56.7437
51 42 0 15.1627 16.6239
51 43 0 25.0009 29.7546
51 44 0 0.857523 1.03525
51 45 0 0.045632 0.0640813
51 46 0 36.0228 37.4563
51 47 0 7.614 11.2016
51 48 0 18.5689 24.4616
51 49 0 15.5053 18.0054
51 50 0 2.17554 3.19386
51 52 1 55.9418 59.064
51 53 0 53.7597 61.1215
51 54 0 31.5392 47.0744
51 55 0 66.9364 93.5974
51 56 0 89.8664 127.749
51 57 0 44.6716 46.0731
51 58 0 87.9078 127.778
51 59 0 0.820709 1.09149
51 60 0 75.2898 97.7643
52 1 0 67.073 75.8555
52 2 0 18.2424 22.336
52 3 0 87.7757 112.495
52 4 0 5.9379 6.10996
52 5 0 18.4484 26.2441
52 6 0 0.992945 1.47462
52 7 0 98.3084 146.162
52 8 0 85.4169 105.595
52 9 1 84.317 90.8265
52 10 0 4.96927 6.09227
52 11 0 58.4811 77.2418
52 12 0 65.7635 74.9143
52 13 0 99.3753 113.813
52 14 0 34.5899 42.4592
52 15 0 94.9385 121.262
52 16 0 87.8933 103.326
52 17 0 88.4309 116.211
52 18 0 76.3578 77.8893
52 19 0 69.3996 82.1755
52 20 0 40.0338 53.9981
52 21 0 1.17832 1.49256
52 22 0 32.8098 38.3878
52 23 0 36.4978 42.0643
52 24 0 34.4922 40.8109
52 25 0 12.6137 16.3103
52 26 0 45.6283 53.4407
52 27 0 93.6518 103.937
52 28 0 18.4922 18.8213
52 29 0 92.4158 107.272
52 30 0 76.4556 101.532
52 31 0 73.1451 109.433
52 32 0 67.3918 88.067
52 33 0 61.1652 68.9592
52 34 0 69.3842 75.534
52 35 0 49.4021 51.7001
52 36 0 4.06391 5.98604
52 37 0 13.5193 17.8583
52 38 0 44.0765 49.9842
52 39 0 93.418 106.653
52 40 0 35.7792 46.1417
52 41 0 98.8067 131.175
52 42 0 3.85164 4.73269
52 43 0 82.1329 117.158
52 44 0 20.5577 21.0852
52 45 0 39.3862 43.2111
52 46 0 1.8869 2.3523
52 47 0 13.2121 16.2427
52 48 0 8.46087 12.5431
52 49 0 14.1184 16.0889
52 50 0 13.123 13.7782
52 51 0 95.4974 139.77
52 53 1 64.6091 68.4865
52 54 0 69.8936 89.5311
52 55 0 66.0953 90.0217
52 56 0 34.6573 49.1254
52 57 0 70.2276 101.984
52 58 0 42.08 52.2527
52 59 0 71.1445 87.4647
52 60 0 22.6046 32.7822
53 1 0 71.7837 83.2858
53 2 0 11.4328 13.4634
53 3 0 47.3342 56.7755
53 4 0 63.056 90.295
53 5 0 45.7394 49.8615
53 6 0 1.87054 2.00937
53 7 0 35.0279 41.0777
53 8 1 19.9395 27.8757
53 9 0 87.239 94.4589
53 10 0 51.932 70.3475
53 11 0 16.1996 16.493
53 12 0 89.9468 106.417
53 13 0 46.0625 52.8684
53 14 0 53.1143 59.3104
53 15 0 9.45141 9.94493
53 16 0 56.6476 80.3912
53 17 0 18.4543 24.0928
53 18 0 49.8446 71.6838
53 19 0 75.5977 80.998
53 20 0 40.3789 56.1145
53 21 0 26.2293 37.4474
53 22 0 64.2313 84.3596
53 23 0 70.8843 74.7138
53 24 0 75.4481 111.81
53 25 0 66.5714 82.4668
53 26 0 37.9318 39.5279
53 27 0 66.3012 93.0439
53 28 0 34.1667 43.7739
53 29 0 55.6442 59.5692
53 30 0 78.8324 110.336
53 31 0 68.5012 88.1137
53 32 0 18.971 21.3804
53 33 0 32.4033 33.712
53 34 0 45.5847 46.1944
53 35 0 12.0514 12.2738
53 36 0 60.411 64.3846
53 37 0 84.6651 118.757
53 38 0 1.82123 2.16619
53 39 0 91.8501 133.725
53 40 0 38.2263 43.662
53 41 0 39.6751 42.466
53 42 0 95.4124 107.524
53 43 0 52.4572 56.8968
53 44 0 47.817 66.5781
53 45 0 84.3676 117.731
53 46 0 40.9762 48.3222
53 47 0 14.7386 22.0431
53 48 0 24.8916 29.6613
53 49 0 50.8345 72.0606
53 50 0 74.2473 109.114
53 51 0 47.7917 62.2075
53 52 0 73.6669 73.934
53 54 1 97.9511 105.419
53 55 0 15.1341 20.4512
53 56 0 87.4944 110.991
53 57 0 12.5537 18.7886
53 58 0 29.092 37.6933
53 59 0 70.5013 100.064
53 60 0 26.7755 34.6769
54 1 0 24.2882 28.8134
54 2 0 17.9135 26.0248
54 3 0 20.0621 28.7227
54 4 0 76.0575 98.1014
54 5 0 15.204 16.3795
54 6 0 1.35316 1.96043
54 7 0 90.2014 91.5577
54 8 0 38.4192 44.8397
54 9 0 95.5993 104.458
54 10 0 37.5899 46.8944
54 11 0 38.7885 43.7135
54 12 0 94.0229 124.6
54 13 0 18.6228 22.2915
54 14 0 45.8952 53.0054
54 15 0 63.4939 86.9536
54 16 0 10.9375 11.2214
54 17 0 42.5961 52.3235
54 18 1 72.7368 89.0398
54 19 0 56.6159 64.284
54 20 0 27.1863 36.3274
54 21 0 24.826 27.0138
54 22 0 49.8689 55.0492
54 23 0 7.2325 7.35223
54 24 0 57.7257 62.1603
54 25 0 44.8441 60.2508
54 26 0 10.4667 10.7175
54 27 0 92.9728 127.6
54 28 0 14.1664 16.5931
54 29 0 50.2045 63.8096
54 30 0 72.7634 83.5066
54 31 0 2.69202 3.93523
54 32 0 87.0185 114.156
54 33 0 49.3664 68.4355
54 34 0 74.5746 83.6431
54 35 0 93.9271 118.338
54 36 0 54.851 60.0302
54 37 0 42.6281 43.9657
54 38 0 94.6869 134.9
54 39 0 34.9681 42.5602
54 40 0 25.295 32.9841
54 41 0 94.8191 132.749
54 42 0 28.6313 35.2827
54 43 0 42.4985 57.2851
54 44 0 38.3607 44.947
54 45 0 42.5689 44.2943
54 46 0 33.4973 48.084
54 47 0 44.1207 56.6071
54 48 0 53.4759 55.6963
54 49 0 8.0168 11.7215
54 50 0 75.8338 98.3123
54 51 0 61.1144 74.0833
54 52 0 12.6145 18.7071
54 53 0 96.2562 117.695
54 55 1 18.7941 24.2409
54 56 0 61.2222 85.5626
54 57 0 91.4984 137.049
54 58 0 95.8943 141.341
54 59 0 26.7013 36.6981
54 60 0 0.332151 0.375788
55 1 0 33.3038 40.0659
55 2 0 38.2017 56.7626
55 3 0 89.4344 114.379
55 4 0 20.6187 25.2411
55 5 0 37.3915 54.1218
55 6 0 6.50921 7.94185
55 7 0 6.79674 7.68858
55 8 0 21.214 26.5061
55 9 0 93.4078 130.59
55 10 0 34.7547 38.8362
55 11 0 4.38039 5.54921
55 12 0 59.5015 81.6482
55 13 0 38.5336 48.4685
55 14 0 65.7769 72.3373
55 15 0 17.1045 18.0259
55 16 0 80.479 81.51
55 17 0 50.6704 57.3566
55 18 0 77.9791 83.0948
55 19 0 32.8906 41.4945
55 20 0 94.0005 110.042
55 21 0 23.0764 25.4201
55 22 0 24.7798 28.7924
55 23 0 47.9283 57.4309
55 24 0 34.0845 42.5258
55 25 0 75.5491 82.9696
55 26 0 47.0623 59.8804
55 27 0 19.6824 24.8633
55 28 0 83.3883 98.0853
55 29 0 68.1167 94.351
55 30 0 63.3071 81.1077
55 31 0 13.8153 18.5109
55 32 0 13.258 13.9932
55 33 0 50.4723 55.0129
55 34 0 35.5475 43.5911
55 35 0 66.6111 99.8495
55 36 0 19.5023 27.1037
55 37 0 1.64157 1.66749
55 38 0 59.2309 86.6777
55 39 0 37.916 45.6921
55 40 0 44.6994 46.7562
55 41 0 55.5059 59.3012
55 42 0 88.2791 119.322
55 43 0 12.7324 17.312
55 44 0 87.4235 91.1435
55 45 0 36.469 40.5763
55 46 0 22.8157 22.8744
55 47 0 30.2981 45.3696
55 48 0 12.6753 14.0394
55 49 0 10.5335 15.5517
55 50 0 68.6854 80.8444
55 51 0 62.6329 71.7613
55 52 0 75.0729 101.035
55 53 0 15.997 22.692
55 54 0 1.68393 2.33654
55 56 1 39.1114 54.1796
55 57 0 37.4845 47.8457
55 58 0 80.1328 106.938
55 59 0 1.86443 2.16226
55 60 0 24.1748 26.9578
56 1 0 92.2804 134.741
56 2 0 7.64959 9.3811
56 3 0 43.8022 58.0492
56 4 0 2.01133 2.30129
56 5 0 8.89413 10.5966
56 6 0 5.4941 7.15324
56 7 0 33.5062 48.8139
56 8 0 1.48843 1.88953
56 9 0 36.031 39.9829
56 10 0 15.2079 17.6847
56 11 0 76.05 101.506
56 12 0 46.0639 64.469
56 13 0 39.3191 50.9041
56 14 0 87.1432 102.241
56 15 0 36.6324 42.0709
56 16 0 11.6445 16.15
56 17 0 71.5489 93.1775
56 18 0 72.501 89.8852
56 19 0 57.5555 84.0918
56 20 0 67.5574 99.1707
56 21 0 22.9852 24.5525
56 22 0 83.7249 113.639
56 23 0 89.8566 97.4838
56 24 0 76.0939 107.294
56 25 0 85.1286 94.9106
56 26 0 21.1975 28.1145
56 27 0 71.3192 101.099
56 28 0 27.4562 33.0648
56 29 0 44.3541 58.4032
56 30 0 55.6274 58.6651
56 31 0 4.461 5.78956
56 32 0 2.50715 3.17284
56 33 0 1.00623 1.43054
56 34 0 93.5532 121.308
56 35 0 63.6821 80.3563
56 36 0 12.1584 14.4659
56 37 0 10.4497 10.5978
56 38 0 66.9269 83.6468
56 39 0 53.0151 53.5232
56 40 0 26.4725 37.0628
56 41 0 43.0478 54.5474
56 42 0 23.9625 30.7795
56 43 0 24.3944 35.2773
56 44 0 3.28905 4.46068
56 45 0 70.2144 70.5749
56 46 0 95.9626 117.112
56 47 0 53.2307 60.165
56 48 0 37.3041 54.8205
56 49 1 65.9434 82.2464
56 50 0 81.2442 90.6086
56 51 0 99.5662 125.233
56 52 0 36.9982 37.7591
56 53 0 74.1276 98.9113
56 54 0 56.8425 72.9708
56 55 0 51.5531 60.3441
56 57 1 78.9379 101.342
56 58 0 9.18705 9.72766
56 59 0 73.291 104.426
56 60 0 91.4935 123.711
57 1 0 67.5337 79.4543
57 2 0 62.9208 72.6908
57 3 0 38.839 46.7956
57 4 0 29.1379 35.7477
57 5 0 56.6535 63.6508
57 6 0 9.98749 13.7812
57 7 0 40.6486 44.323
57 8 0 6.15239 8.02047
57 9 0 71.7637 101.18
57 10 0 33.0295 40.9758
57 11 0 37.7403 53.9021
57 12 0 11.2999 14.9231
57 13 0 36.4864 39.3649
57 14 0 70.7907 78.7671
57 15 0 15.0483 16.3757
57 16 0 8.27543 11.8556
57 17 0 6.11134 6.82447
57 18 0 93.6642 115.88
57 19 0 86.4301 102.606
57 20 0 99.6406 115.592
57 21 0 6.72165 6.7892
57 22 0 75.1264 86.7734
57 23 0 93.4491 103.258
57 24 1 13.6686 13.9266
57 25 0 29.4684 39.1642
57 26 0 16.6495 22.9851
57 27 0 95.4557 96.6206
57 28 0 26.7743 40.107
57 29 0 87.7257 111.441
57 30 0 9.31716 11.0688
57 31 0 27.3124 31.522
57 32 0 83.7541 112.478
57 33 0 97.1506 115.751
57 34 0 50.7781 68.7358
57 35 0 59.802 61.6688
57 36 0 5.97889 7.578
57 37 0 49.6884 69.4102
57 38 0 60.8081 68.356
57 39 0 81.1334 101.773
57 40 0 31.6062 35.7722
57 41 0 17.0085 22.8572
57 42 0 96.5755 143.252
57 43 0 44.1057 62.3152
57 44 0 4.84544 5.22792
57 45 0 8.65446 12.0902
57 46 0 23.4719 25.9897
57 47 0 79.0666 86.4937
57 48 0 79.1204 84.645
57 49 0 12.7258 18.8952
57 50 0 4.4073 5.1326
57 51 0 76.4828 99.0062
57 52 0 40.3038 47.1146
57 53 0 61.3218 76.7093
57 54 0 77.5914 108.168
57 55 0 16.6778 20.4755
57 56 0 43.1807 63.1784
57 58 1 92.1144 111.347
57 59 0 86.5535 102.631
57 60 0 28.8898 37.1523
58 1 0 73.5406 101.116
58 2 0 13.3508 13.6631
58 3 0 59.7432 65.0255
58 4 0 88.8447 109.042
58 5 0 55.6508 60.2962
58 6 0 95.0957 115.963
58 7 0 37.8941 39.8102
58 8 0 3.68233 4.31285
58 9 0 4.55862 5.00231
58 10 0 22.703 23.7312
58 11 0 67.907 75.5331
58 12 0 31.2224 41.7312
58 13 0 67.207 91.7947
58 14 0 0.923478 1.28708
58 15 0 48.4898 65.8742
58 16 0 55.4339 74.6549
58 17 0 54.0815 74.0564
58 18 0 18.1127 21.7233
58 19 0 45.7816 61.2836
58 20 0 85.7069 114.285
58 21 0 1.74732 1.99891
58 22 0 90.4508 116.517
58 23 0 1.67514 1.70498
58 24 0 74.9488 110.549
58 25 0 48.6527 54.7914
58 26 0 6.12948 6.51363
58 27 0 69.3168 83.6754
58 28 0 93.2427 107.416
58 29 0 58.5471 79.9222
58 30 0 27.7585 33.7846
58 31 0 90.8168 102.258
58 32 0 84.2855 123.615
58 33 0 66.7838 96.8848
58 34 0 51.2459 76.5508
58 35 0 64.5434 96.0519
58 36 0 55.4597 59.6262
58 37 0 20.5155 21.4421
58 38 0 59.5464 77.5335
58 39 0 40.5368 50.1641
58 40 0 78.4449 79.9795
58 41 0 82.8024 102.55
58 42 0 54.9441 70.8993
58 43 0 99.7296 110.717
58 44 0 34.9417 47.3218
58 45 0 48.9792 55.3532
58 46 0 8.90934 13.0564
58 47 0 46.1991 57.2118
58 48 0 75.0569 81.8613
58 49 0 13.277 17.5899
58 50 0 5.85117 6.98051
58 51 0 39.3466 45.5098
58 52 0 9.58313 12.5283
58 53 0 34.6551 46.6139
58 54 0 25.4612 31.6333
58 55 0 66.4325 98.3679
58 56 0 45.5768 62.0507
58 57 0 20.0165 21.471
58 59 1 23.1726 31.2118
58 60 0 7.30058 9.0843
59 1 0 12.9184 17.7459
59 2 0 53.9334 73.7374
59 3 1 28.2511 29.8228
59 4 0 20.8932 23.2406
59 5 0 77.7074 92.0229
59 6 0 16.6689 20.8061
59 7 0 4.71084 5.74849
59 8 0 57.9602 65.3767
59 9 0 86.4679 103.472
59 10 0 80.6316 81.2541
59 11 0 63.7366 83.2635
59 12 0 77.1345 86.0919
59 13 0 17.503 20.675
59 14 0 72.9916 99.3561
59 15 0 0.714518 0.724283
59 16 0 0.107141 0.156986
59 17 0 57.6876 62.9751
59 18 0 48.235 70.6251
59 19 0 25.978 33.9884
59 20 0 47.6416 49.9176
59 21 0 64.2337 76.7643
59 22 0 70.264 86.5224
59 23 0 98.3033 130.304
59 24 0 62.535 69.1413
59 25 0 51.379 69.1955
59 26 0 8.4951 9.3057
59 27 0 79.6153 94.0313
59 28 0 10.8449 14.6404
59 29 0 80.0223 99.7308
59 30 0 56.2014 66.3179
59 31 0 54.7758 75.3445
59 32 0 26.6554 38.4561
59 33 0 76.1932 104.521
59 34 0 27.283 28.3978
59 35 0 41.9235 51.9145
59 36 0 50.5855 72.8167
59 37 0 41.1914 49.3966
59 38 0 77.8433 102.998
59 39 0 8.47209 10.6428
59 40 0 3.87078 5.10094
59 41 0 70.5806 104.161
59 42 0 27.6505 31.0007
59 43 0 90.4907 128.814
59 44 0 63.9317 75.1902
59 45 0 97.444 127.379
59 46 0 22.1751 26.2013
59 47 0 15.4507 17.8218
59 48 0 93.8392 120.902
59 49 0 46.9553 54.8567
59 50 0 79.0356 98.7421
59 51 0 37.6109 47.6626
59 52 0 36.6026 37.5535
59 53 0 35.5416 37.8352
59 54 0 67.172 95.196
59 55 0 11.565 12.8268
59 56 0 77.0594 105.275
59 57 0 69.5834 96.8386
59 58 0 73.2246 96.522
59 60 1 45.4464 57.0637
60 1 1 72.1412 95.2726
60 2 0 86.409 116.31
60 3 0 86.0065 97.9423
60 4 0 25.9499 32.6172
60 5 0 85.9864 117.236
60 6 0 39.3354 42.0244
60 7 0 68.8384 72.8708
60 8 1 53.233 55.9452
60 9 0 96.6527 107.174
60 10 0 4.81574 7.06862
60 11 0 90.7166 95.5943
60 12 0 30.6512 31.3451
60 13 0 17.3766 21.5148
60 14 0 75.2948 93.0055
60 15 0 41.3133 59.1473
60 16 0 58.5036 66.9488
60 17 0 90.5375 104.117
60 18 0 72.7309 107.702
60 19 0 92.4571 130.467
60 20 0 6.96869 7.04207
60 21 0 88.7422 129.007
60 22 0 51.9248 65.1705
60 23 0 11.8557 15.8964
60 24 0 45.8643 66.0154
60 25 0 79.9305 99.7125
60 26 0 44.9259 53.71
60 27 0 29.6284 31.6398
60 28 0 22.8001 26.8544
60 29 0 88.3121 128.757
60 30 0 6.78964 7.20375
60 31 0 90.8911 124.265
60 32 0 0.166055 0.197673
60 33 0 55.0241 69.2523
60 34 0 53.4869 57.5355
60 35 0 49.1862 71.8746
60 36 0 38.2189 41.6139
60 37 0 84.0705 123.582
60 38 0 21.778 26.3436
60 39 0 47.9156 61.2607
60 40 0 18.6435 24.5506
60 41 0 1.22983 1.30322
60 42 0 73.389 109.203
60 43 0 99.5002 114.298
60 44 0 41.7141 55.5167
60 45 0 17.9994 21.1184
60 46 0 15.9776 18.7255
60 47 0 29.016 42.9133
60 48 1 36.9 37.1451
60 49 0 60.6341 74.3922
60 50 0 13.3759 13.4529
60 51 0 61.0641 66.2424
60 52 0 67.1695 76.2356
60 53 0 77.2146 92.0991
60 54 0 69.7339 77.1948
60 55 0 73.1037 73.9378
60 56 0 59.8194 76.2196
60 57 0 83.1499 94.8092
60 58 0 80.9011 98.2483
60 59 0 64.8038 73.7536
39.7444 32.4918 14.7409 32.9364 33.1312 0.367943 17.8607 6.18868 22.9924 34.7001 6.71052 28.286 33.4472 24.0154 34.2353 32.5865 17.3993 24.8818 30.7468 4.90876 6.89399 1.8372 21.1271 5.1873 10.4655 38.9869 35.5255 12.9692 15.9125 2.58443 27.2888 32.8596 10.4658 20.4004 31.8794 37.1178 0.671443 26.4082 12.4686 31.0284 17.2229 18.6277 2.28301 11.3805 13.8467 38.4721 2.44096 19.0661 6.80751 38.0539 7.01444 9.72455 11.5311 3.69381 27.0014 24.3621 36.0027 24.6844 26.5058 39.1924 