60
300
2
100
1 2 1 29.5437 36.4867
1 3 0 73.6097 102.975
1 4 0 3.95144 4.72404
1 5 0 54.1454 68.0163
1 6 0 11.882 13.713
1 7 1 64.5956 79.2599
1 8 0 14.5653 18.2166
1 9 0 49.6016 55.2788
1 10 0 99.3417 129.757
1 11 0 73.8538 106.265
1 12 1 59.254 76.2366
1 13 0 41.5958 53.142
1 14 1 64.6307 84.7796
1 15 0 95.6068 112.223
1 16 0 78.9488 86.9847
1 17 0 83.7406 103.619
1 18 0 76.2624 107.22
1 19 0 28.3262 28.3667
1 20 0 59.1455 66.5767
1 21 0 2.07219 2.45651
1 22 1 34.9655 41.8542
1 23 0 7.51496 7.83091
1 24 0 0.470966 0.578164
1 25 0 13.2798 15.7028
1 26 0 63.362 80.7087
1 27 0 39.0095 49.8714
1 28 1 49.0288 65.725
1 29 0 25.9641 34.7453
1 30 0 24.4103 30.8455
1 31 0 57.8733 63.3185
1 32 0 99.3999 120.647
1 33 0 77.8761 102.143
1 34 1 50.0518 63.5607
1 35 0 15.97 22.6834
1 36 0 36.7039 42.7929
1 37 0 93.8801 113.954
1 38 0 32.4229 34.7668
1 39 0 50.3795 59.5766
1 40 0 42.1725 55.8674
1 41 0 27.3064 33.4217
1 42 0 4.74162 6.42273
1 43 0 82.2252 85.4851
1 44 0 2.47814 2.57978
1 45 0 14.4454 15.7756
1 46 0 84.6629 102.091
1 47 0 84.4658 90.2656
1 48 0 62.9159 66.1592
1 49 0 29.3583 35.7327
1 50 0 21.0448 25.6669
1 51 0 41.4134 43.5374
1 52 0 8.81078 10.1527
1 53 0 42.3701 48.5646
1 54 0 7.7508 10.7177
1 55 0 67.6373 77.7853
1 56 0 73.9581 104.765
1 57 0 64.0092 95.9917
1 58 0 63.5779 63.7075
1 59 0 95.516 129.473
1 60 0 85.7788 128.125
2 1 0 26.82 27.3596
2 3 1 17.1711 21.8439
2 4 0 92.5227 96.979
2 5 0 58.0749 63.8865
2 6 0 43.8057 64.3951
2 7 0 59.4011 78.7223
2 8 0 82.368 93.1231
2 9 0 4.01375 4.35544
2 10 0 49.6827 61.3894
2 11 0 70.7506 73.1808
2 12 0 16.5485 19.3579
2 13 0 59.0236 70.8236
2 14 0 12.331 15.6997
2 15 0 88.0583 110.389
2 16 0 0.580986 0.594311
2 17 0 94.2695 139.617
2 18 0 26.8676 33.2967
2 19 0 70.3638 88.9247
2 20 0 79.0369 80.6562
2 21 0 31.4037 42.0997
2 22 0 83.6932 105.945
2 23 0 59.2651 67.8162
2 24 0 9.02662 9.79756
2 25 0 55.6665 72.9201
2 26 0 58.2964 59.4863
2 27 0 18.4955 21.5954
2 28 0 72.9344 75.6221
2 29 0 24.906 35.3741
2 30 0 92.4581 133.186
2 31 1 8.93154 9.21699
2 32 0 53.2284 62.5412
2 33 0 8.99755 12.6848
2 34 0 87.6071 92.2186
2 35 0 11.6373 13.5532
2 36 0 10.3535 11.5595
2 37 0 96.0882 130.232
2 38 0 61.2618 69.2968
2 39 0 69.3675 71.4407
2 40 0 6.26262 8.9921
2 41 0 95.3907 141.946
2 42 0 55.5513 76.1809
2 43 0 13.0955 15.0361
2 44 1 88.2765 124.726
2 45 0 32.2006 43.8941
2 46 1 57.8294 73.414
2 47 0 21.8785 32.4766
2 48 0 71.9279 78.8064
2 49 0 38.1372 38.4044
2 50 0 24.6785 28.3642
2 51 0 64.0189 86.4662
2 52 0 37.4979 50.9064
2 53 0 28.4873 35.7111
2 54 0 53.6983 60.902
2 55 0 74.4697 101.677
2 56 0 66.3766 97.3068
2 57 0 86.9474 99.4663
2 58 0 64.037 71.7306
2 59 0 95.6974 102.287
2 60 0 64.0611 88.6254
3 1 0 21.4443 27.2345
3 2 0 7.35454 9.01622
3 4 1 38.0745 50.4874
3 5 0 92.1694 112.896
3 6 0 92.1275 97.8099
3 7 0 18.1535 24.9886
3 8 0 12.1282 14.041
3 9 0 54.5639 60.5637
3 10 0 90.6112 93.6792
3 11 0 8.66924 12.3932
3 12 0 86.8859 126.62
3 13 0 75.5293 86.9929
3 14 0 24.1532 34.0476
3 15 0 90.4621 101.956
3 16 0 41.1196 60.3892
3 17 0 79.8391 96.3969
3 18 0 55.7719 72.4496
3 19 0 24.4446 34.4066
3 20 0 67.0203 97.232
3 21 0 44.3551 53.217
3 22 0 47.288 63.7971
3 23 1 56.1777 80.4244
3 24 0 52.1018 63.4965
3 25 0 31.6362 32.0079
3 26 0 3.97826 5.64811
3 27 0 67.7727 89.4206
3 28 0 53.6826 67.7956
3 29 0 77.6931 80.4226
3 30 1 70.4568 103.932
3 31 0 28.4217 39.4184
3 32 0 65.9482 70.9434
3 33 0 18.2024 19.3453
3 34 0 9.68752 11.3127
3 35 0 18.1011 18.6489
3 36 0 41.1369 59.3188
3 37 0 74.5087 109.561
3 38 0 3.25129 3.66374
3 39 0 48.9152 65.3051
3 40 0 45.1763 62.8818
3 41 0 44.0379 56.9683
3 42 0 74.0599 85.1236
3 43 0 60.4906 66.1411
3 44 0 50.7663 58.0531
3 45 0 87.8806 129.172
3 46 0 10.155 12.5305
3 47 0 87.2793 88.9907
3 48 0 2.33655 2.50846
3 49 0 88.7167 90.7113
3 50 0 94.5557 131.825
3 51 0 13.8604 15.6443
3 52 0 13.013 13.1721
3 53 0 93.4942 105.22
3 54 0 5.60538 7.76428
3 55 0 65.432 70.2991
3 56 0 51.6321 52.365
3 57 0 59.2488 69.2855
3 58 0 62.5908 85.9895
3 59 0 25.4379 29.1652
3 60 0 26.4834 27.4607
4 1 0 83.5084 112.871
4 2 0 91.6273 94.2798
4 3 0 59.5933 63.6686
4 5 1 71.3223 81.8345
4 6 0 88.9939 106.092
4 7 0 11.322 14.3086
4 8 0 98.3012 143.547
4 9 0 42.7991 63.2947
4 10 0 55.2663 66.095
4 11 0 27.8899 28.6535
4 12 0 25.4191 25.5924
4 13 0 20.1448 25.2757
4 14 0 81.1797 95.565
4 15 0 67.7725 77.484
4 16 0 10.4088 10.9743
4 17 0 30.8003 32.5918
4 18 0 13.3403 17.8233
4 19 0 57.2238 59.5803
4 20 0 23.7896 23.8069
4 21 0 74.1568 97.59
4 22 0 48.4841 69.4302
4 23 0 16.3785 17.1061
4 24 0 2.91279 3.77159
4 25 0 88.559 97.7456
4 26 0 94.0936 113.078
4 27 0 88.9506 117.642
4 28 0 14.0808 17.3068
4 29 0 97.7891 107.444
4 30 0 61.1518 77.4227
4 31 0 48.4434 64.6956
4 32 0 23.8084 33.5712
4 33 0 17.4819 24.3921
4 34 0 47.0974 63.3487
4 35 1 61.5693 77.0583
4 36 0 40.9747 58.7594
4 37 0 78.4765 87.3388
4 38 1 27.3523 32.3379
4 39 0 74.3738 107.277
4 40 1 18.101 19.2224
4 41 0 25.1316 25.4111
4 42 1 44.0723 57.6968
4 43 0 24.0643 35.8836
4 44 0 95.4379 130.452
4 45 1 56.4804 65.2621
4 46 0 41.6385 42.4569
4 47 0 31.2622 34.0492
4 48 0 8.51722 12.1122
4 49 0 97.162 104.812
4 50 0 82.8072 114.579
4 51 0 18.2293 22.2961
4 52 0 46.51 52.547
4 53 0 4.17306 4.60154
4 54 0 84.4247 88.2407
4 55 0 48.3601 72.2603
4 56 1 86.5553 128.959
4 57 0 86.6359 112.838
4 58 0 28.1236 37.521
4 59 0 93.616 117.498
4 60 0 79.7375 101.74
5 1 0 23.2548 27.5043
5 2 0 36.7008 40.9485
5 3 0 86.9558 115.844
5 4 0 73.8062 103.285
5 6 1 86.5251 121.21
5 7 0 7.61238 9.0193
5 8 0 26.1672 35.4071
5 9 0 61.0402 91.1927
5 10 0 34.4637 35.6592
5 11 0 27.0606 32.8992
5 12 0 73.5353 85.4629
5 13 0 41.2036 52.4714
5 14 0 47.7687 58.7917
5 15 0 89.6191 115.445
5 16 0 65.6384 82.6026
5 17 0 10.2935 14.0495
5 18 0 2.52172 3.27297
5 19 1 66.4493 67.4294
5 20 0 40.2006 44.4769
5 21 0 79.5751 105.797
5 22 0 77.0207 99.9967
5 23 0 45.7828 48.9854
5 24 0 7.29502 8.71522
5 25 0 75.0624 95.2001
5 26 0 30.1801 43.6395
5 27 0 82.5429 101.209
5 28 0 39.7429 56.7395
5 29 0 12.1817 12.2137
5 30 0 51.9585 61.2767
5 31 0 34.1063 50.0266
5 32 0 47.9697 60.5766
5 33 0 87.1678 105.664
5 34 0 91.1332 127.745
5 35 0 2.1287 3.12953
5 36 0 66.1935 68.7233
5 37 0 14.6375 20.8558
5 38 0 85.4277 119.721
5 39 0 86.7253 125.362
5 40 0 12.4106 13.8542
5 41 0 25.9374 32.1348
5 42 1 52.3632 70.775
5 43 1 29.3093 37.216
5 44 0 87.1998 101.281
5 45 0 84.6525 90.5477
5 46 0 71.5252 82.1583
5 47 0 20.0568 20.2639
5 48 0 1.20351 1.62696
5 49 0 30.4503 34.7996
5 50 0 48.7697 49.6129
5 51 0 34.1516 36.8925
5 52 0 1.9893 2.35054
5 53 0 79.4107 118.468
5 54 0 37.272 37.559
5 55 1 52.4693 56.5607
5 56 0 81.2607 92.1466
5 57 0 67.0478 88.1703
5 58 0 78.6343 107.196
5 59 0 42.5451 51.9595
5 60 0 85.8266 90.2586
6 1 0 24.0219 28.6486
6 2 0 9.39437 10.0943
6 3 0 54.5289 72.3791
6 4 0 53.9609 59.0703
6 5 0 98.0608 111.984
6 7 1 91.3507 104.669
6 8 0 9.9251 12.2764
6 9 0 8.84144 12.9442
6 10 0 45.6082 63.5316
6 11 0 36.2495 45.9728
6 12 0 56.0763 59.7218
6 13 0 8.27091 10.9793
6 14 0 40.8534 46.6271
6 15 0 32.9537 35.1353
6 16 0 3.15132 3.1901
6 17 0 7.35923 7.7239
6 18 0 40.8282 49.2037
6 19 0 98.8582 147.458
6 20 0 9.25269 11.6296
6 21 0 83.3831 119.528
6 22 0 79.1665 103.233
6 23 0 63.7552 77.5902
6 24 0 32.6104 45.9515
6 25 0 10.1034 10.9084
6 26 0 54.0335 67.6272
6 27 0 31.2989 38.8103
6 28 0 8.49559 9.78554
6 29 0 69.142 93.5243
6 30 0 36.6398 39.3617
6 31 1 34.6065 45.8577
6 32 0 45.1211 59.0917
6 33 0 23.0341 34.4571
6 34 0 54.5849 74.1274
6 35 0 0.784128 0.95943
6 36 0 64.3091 77.6255
6 37 0 28.4529 39.8508
6 38 0 55.2667 76.0676
6 39 0 15.0316 15.2639
6 40 0 7.00377 8.91363
6 41 0 78.761 94.2232
6 42 0 9.90233 12.6234
6 43 0 85.4406 97.0056
6 44 0 52.4754 70.018
6 45 0 75.0211 106.065
6 46 0 36.9957 44.9397
6 47 0 50.2292 64.3637
6 48 0 87.3082 106.912
6 49 0 54.5717 79.8389
6 50 0 8.04979 11.5545
6 51 0 28.7754 28.7908
6 52 0 23.5383 25.4229
6 53 0 99.8105 142.897
6 54 0 94.435 99.4156
6 55 0 29.5392 32.6868
6 56 0 96.1777 123.956
6 57 0 21.4935 30.8071
6 58 0 4.6754 5.27451
6 59 0 7.36499 10.7984
6 60 0 9.12692 10.4984
7 1 1 89.7106 118.645
7 2 0 29.8114 32.7398
7 3 1 41.0004 60.1985
7 4 0 20.2948 24.3485
7 5 0 11.9428 17.2092
7 6 0 50.1074 59.2746
7 8 1 65.9218 87.4138
7 9 0 51.2384 65.8753
7 10 0 35.6429 44.6667
7 11 0 44.0209 60.5318
7 12 1 2.29665 3.29474
7 13 0 36.7329 39.0904
7 14 0 20.5632 29.2581
7 15 0 51.9093 75.6836
7 16 0 32.8566 37.8947
7 17 0 78.8349 81.9344
7 18 0 27.4439 33.1167
7 19 0 67.798 69.976
7 20 0 0.781392 0.810244
7 21 0 67.3261 90.8261
7 22 0 25.5335 33.5648
7 23 0 35.689 46.9478
7 24 0 49.2629 60.9134
7 25 0 67.3293 86.872
7 26 0 37.5513 41.5974
7 27 0 72.745 82.6054
7 28 0 67.4829 79.465
7 29 0 86.1702 90.9965
7 30 0 0.502908 0.594276
7 31 1 40.7472 54.7621
7 32 0 33.4237 46.0901
7 33 0 20.593 29.1778
7 34 0 60.8688 68.9759
7 35 0 7.4167 8.00156
7 36 0 65.8291 95.0859
7 37 0 59.2439 63.4441
7 38 0 50.0209 53.3609
7 39 0 22.0992 26.8659
7 40 0 58.9705 63.7576
7 41 0 27.9788 30.1908
7 42 0 24.5404 28.6873
7 43 1 59.1278 65.6877
7 44 0 61.2799 83.9475
7 45 0 57.788 81.0112
7 46 0 55.7206 55.7834
7 47 0 52.3716 74.0171
7 48 0 39.2669 47.0494
7 49 0 62.0039 68.3957
7 50 0 95.3001 138.12
7 51 0 93.7712 117.68
7 52 0 14.3599 20.4782
7 53 0 92.7666 114.263
7 54 0 11.0998 14.9641
7 55 0 40.0569 56.7112
7 56 0 44.0201 65.9259
7 57 0 5.30537 7.40874
7 58 0 22.3234 33.3966
7 59 0 21.304 28.1844
7 60 0 34.9294 44.7993
8 1 0 51.0304 64.6448
8 2 0 93.6243 125.76
8 3 0 63.9824 66.8895
8 4 0 69.5141 99.5949
8 5 0 35.4522 46.8494
8 6 0 57.116 83.6681
8 7 0 8.36506 9.14968
8 9 1 32.3901 32.6009
8 10 0 80.8077 111.384
8 11 0 6.20787 7.8276
8 12 0 5.58641 7.14807
8 13 0 99.9877 144.057
8 14 0 17.494 23.8978
8 15 0 58.6367 83.437
8 16 1 16.2593 16.6927
8 17 0 66.5788 82.8848
8 18 1 78.3738 85.0993
8 19 0 88.1418 97.274
8 20 0 89.5761 106.668
8 21 0 73.9383 88.5082
8 22 0 99.1646 107.212
8 23 0 7.31044 8.78582
8 24 0 70.4146 100.032
8 25 0 28.0394 36.0162
8 26 0 30.8634 38.1921
8 27 0 5.73174 8.51788
8 28 0 93.4496 129.396
8 29 0 18.0417 25.6563
8 30 0 20.1771 22.5654
8 31 0 2.6868 2.95879
8 32 0 48.1723 70.4745
8 33 0 67.4116 96.3512
8 34 0 16.7381 22.692
8 35 0 32.5488 46.0127
8 36 0 43.1777 58.3902
8 37 0 58.6924 69.2493
8 38 0 89.1783 115.591
8 39 1 80.9757 81.4363
8 40 0 17.3067 20.9112
8 41 0 64.0324 88.62
8 42 0 27.6509 37.5531
8 43 0 86.6878 103.643
8 44 0 12.0157 15.3418
8 45 0 52.3009 52.6067
8 46 1 48.2905 67.2554
8 47 0 77.1565 102.744
8 48 0 89.4296 95.6686
8 49 0 99.3891 116.801
8 50 0 66.5717 89.7604
8 51 0 69.2845 81.0899
8 52 0 94.9715 126.706
8 53 0 47.5341 50.4822
8 54 0 21.3348 26.5937
8 55 0 47.5115 52.4088
8 56 0 25.8664 30.8396
8 57 0 76.77 96.3654
8 58 0 73.5977 109.851
8 59 0 58.9675 82.7529
8 60 0 6.47346 8.16224
9 1 0 70.8749 88.6902
9 2 0 27.9377 32.123
9 3 0 82.3825 120.28
9 4 0 69.7989 96.7221
9 5 0 4.74662 6.87922
9 6 0 64.3776 81.1019
9 7 0 58.3077 76.6843
9 8 0 63.3455 92.5493
9 10 1 90.8671 123.467
9 11 0 93.9152 133.392
9 12 0 48.5468 50.8726
9 13 0 34.1454 44.9119
9 14 0 92.2057 127.396
9 15 0 43.4647 48.3019
9 16 0 1.89245 2.74546
9 17 0 26.4043 38.4172
9 18 0 76.4202 107.52
9 19 0 3.25157 4.82743
9 20 0 68.6334 78.498
9 21 0 37.7359 56.1185
9 22 0 21.621 26.0961
9 23 0 35.7669 36.8606
9 24 0 58.7086 81.8923
9 25 0 8.56951 9.82847
9 26 0 47.6411 58.5431
9 27 0 57.4483 65.8685
9 28 0 67.9595 69.8401
9 29 1 85.0208 89.2414
9 30 0 74.2158 107.765
9 31 1 49.1738 53.6538
9 32 0 18.6846 21.6665
9 33 0 11.3737 13.6261
9 34 0 45.5724 63.2277
9 35 1 83.4299 106.848
9 36 0 94.3507 136.726
9 37 0 10.4931 11.6735
9 38 1 7.15333 7.27509
9 39 0 95.5982 106.325
9 40 0 68.9976 102.275
9 41 0 52.2561 63.0516
9 42 0 35.54 52.7529
9 43 0 74.0863 75.987
9 44 1 20.1981 29.2483
9 45 0 38.6371 39.4899
9 46 0 43.9066 57.2418
9 47 0 25.9751 38.3767
9 48 0 64.9206 74.9069
9 49 0 27.8345 40.5529
9 50 0 93.0582 111.416
9 51 0 29.0123 40.7121
9 52 0 61.9126 82.9192
9 53 0 45.9757 56.5084
9 54 0 66.7753 72.5619
9 55 0 33.4506 38.3753
9 56 0 33.5711 34.6402
9 57 0 46.5689 48.2592
9 58 0 11.9775 16.8052
9 59 0 41.9324 48.5413
9 60 0 10.23 13.8835
10 1 0 29.0152 39.5202
10 2 0 71.4636 85.3831
10 3 1 7.4408 9.55353
10 4 0 57.1082 76.1343
10 5 0 31.5662 45.5924
10 6 0 83.8529 89.0382
10 7 0 63.0731 91.1425
10 8 0 29.1359 36.4117
10 9 0 12.0903 17.7922
10 11 1 5.70381 5.82751
10 12 0 13.7315 17.8855
10 13 0 60.4162 81.7912
10 14 0 88.3984 105.75
10 15 0 55.9717 81.12
10 16 0 91.5865 124.397
10 17 0 86.2778 120.879
10 18 1 3.53544 3.78461
10 19 0 15.8755 22.1087
10 20 0 76.9386 104.908
10 21 0 20.6232 20.9403
10 22 0 45.98 63.781
10 23 0 14.8943 19.0274
10 24 0 19.4312 27.5583
10 25 1 23.5674 35.2757
10 26 1 14.3478 14.9035
10 27 0 27.9834 35.7723
10 28 0 87.8078 116.923
10 29 0 35.7314 46.2237
10 30 0 14.0463 20.3434
10 31 0 32.6654 45.144
10 32 0 12.6868 18.3941
10 33 0 5.51588 5.7661
10 34 0 89.6335 106.245
10 35 0 34.567 49.9438
10 36 0 67.9899 99.5267
10 37 0 5.97647 7.40695
10 38 0 32.4159 35.9752
10 39 0 5.42569 6.9073
10 40 1 92.9285 112.984
10 41 0 91.6835 109.127
10 42 0 80.7294 105.764
10 43 0 32.3146 34.8177
10 44 0 49.3199 70.7705
10 45 0 69.6839 96.1514
10 46 0 0.967435 1.36913
10 47 0 36.0365 47.8641
10 48 0 43.2323 49.6943
10 49 0 58.5359 86.8945
10 50 0 44.9106 56.6257
10 51 0 97.2409 144.244
10 52 0 17.019 25.4263
10 53 0 70.0046 76.4931
10 54 0 87.8973 106.926
10 55 0 13.5683 14.9217
10 56 0 89.6075 117.92
10 57 0 76.1587 76.6743
10 58 0 67.5328 75.8381
10 59 1 5.19979 5.8387
10 60 0 19.9786 26.3616
11 1 0 17.2418 19.5704
11 2 0 59.4516 63.8081
11 3 0 79.4393 85.9685
11 4 0 91.8999 124.358
11 5 0 19.42 19.54
11 6 0 7.89448 10.9003
11 7 0 59.6742 73.5656
11 8 0 24.7529 26.4933
11 9 0 83.2649 115.746
11 10 0 27.4426 40.6504
11 12 1 18.8147 27.196
11 13 0 20.6949 25.8468
11 14 0 98.5824 107.939
11 15 0 18.7219 25.9376
11 16 0 82.4909 89.8691
11 17 0 47.5953 61.3877
11 18 0 45.3792 53.1932
11 19 0 83.4425 118.602
11 20 0 17.9717 26.0002
11 21 0 21.8967 23.2328
11 22 0 11.2838 11.419
11 23 0 47.1209 52.1043
11 24 0 50.7449 68.1062
11 25 0 57.5661 66.9359
11 26 0 71.7548 72.8977
11 27 1 2.42614 3.43301
11 28 0 90.3064 109.236
11 29 0 33.563 38.1268
11 30 0 61.483 86.971
11 31 0 18.487 24.6963
11 32 0 85.3711 110.826
11 33 0 25.2329 27.2583
11 34 0 34.8315 36.7698
11 35 0 80.1311 106.514
11 36 0 22.4484 30.4971
11 37 0 31.5543 44.6882
11 38 0 13.326 14.6516
11 39 0 98.4669 105.306
11 40 0 58.0366 78.6175
11 41 0 44.3672 55.2129
11 42 0 70.0718 73.8547
11 43 0 79.8367 95.4516
11 44 0 63.6539 92.7713
11 45 0 27.3624 28.166
11 46 0 43.0089 63.9077
11 47 1 63.3886 66.7259
11 48 0 75.7179 90.9505
11 49 0 93.6842 107.862
11 50 0 90.4278 99.9515
11 51 0 90.7963 92.1325
11 52 1 98.3775 122.877
11 53 0 46.0649 57.2521
11 54 0 25.8836 37.3428
11 55 0 91.1191 95.5177
11 56 0 20.9152 30.0223
11 57 0 74.8532 104.26
11 58 0 76.7624 102.056
11 59 0 9.4186 11.4208
11 60 1 33.1299 35.6
12 1 0 82.4939 110.143
12 2 0 97.1729 122.787
12 3 0 21.1663 27.0902
12 4 0 43.4823 48.9169
12 5 0 39.1357 45.666
12 6 0 85.7599 109.051
12 7 0 91.3336 113.081
12 8 0 29.3832 37.6044
12 9 0 79.4518 95.4105
12 10 0 28.1713 35.2085
12 11 0 66.1408 89.3358
12 13 1 48.6133 54.805
12 14 0 14.9252 16.2747
12 15 0 74.8049 79.3523
12 16 0 7.7159 9.63247
12 17 0 12.2805 13.0821
12 18 0 32.4526 37.1267
12 19 0 30.9374 42.6702
12 20 0 16.4582 19.2281
12 21 0 16.445 23.2152
12 22 0 5.779 6.01368
12 23 0 37.7288 51.1246
12 24 1 21.2656 22.8497
12 25 0 83.015 108.002
12 26 0 64.882 65.0695
12 27 0 53.7579 74.9209
12 28 0 37.9123 39.9047
12 29 0 1.78514 2.1141
12 30 0 15.4037 18.7006
12 31 1 88.2381 129.057
12 32 0 30.7146 32.1045
12 33 0 32.0168 36.8768
12 34 0 12.9132 18.0165
12 35 0 10.5635 11.9219
12 36 0 76.2845 112.752
12 37 0 81.1824 101.899
12 38 0 28.1321 29.818
12 39 1 50.8045 61.7728
12 40 0 95.8969 115.699
12 41 0 16.7018 23.2072
12 42 0 27.6906 31.1047
12 43 0 71.7278 106.294
12 44 0 25.1281 31.3147
12 45 0 82.8982 97.058
12 46 0 65.8769 79.7995
12 47 0 13.4584 18.5892
12 48 0 5.80197 8.08891
12 49 0 95.8768 96.2152
12 50 0 75.8572 84.6477
12 51 0 89.5098 112.282
12 52 0 41.099 58.8051
12 53 0 33.8622 41.5708
12 54 0 71.2147 71.3454
12 55 0 69.7471 99.3333
12 56 0 62.0119 92.072
12 57 0 69.9123 94.7975
12 58 0 34.1178 42.2018
12 59 0 46.6688 53.1657
12 60 0 42.3914 56.0449
13 1 0 88.0435 117.998
13 2 0 54.7324 63.7857
13 3 0 2.77772 3.42672
13 4 0 80.3481 91.5028
13 5 1 91.9259 122.698
13 6 0 40.6537 51.4676
13 7 0 81.6412 87.0563
13 8 0 92.2147 121.043
13 9 0 7.70176 9.27252
13 10 0 94.5366 131.805
13 11 0 43.1195 50.1695
13 12 0 43.537 50.4952
13 14 1 58.2838 72.8036
13 15 0 13.1449 14.3918
13 16 0 60.9191 87.9711
13 17 0 17.94 26.4684
13 18 0 32.6342 44.308
13 19 1 35.8571 45.9944
13 20 0 50.8278 64.1833
13 21 0 97.7973 127.383
13 22 0 70.9516 86.6858
13 23 0 16.8285 19.4046
13 24 0 5.81918 8.37536
13 25 0 67.9802 79.8232
13 26 0 53.166 54.0445
13 27 0 93.6468 96.1506
13 28 0 2.01054 2.2906
13 29 0 21.7982 27.9594
13 30 0 2.93127 3.73186
13 31 0 6.71165 8.16382
13 32 0 91.2211 114.425
13 33 0 84.6378 110.989
13 34 0 10.5992 12.7513
13 35 0 13.702 17.4881
13 36 0 71.2763 97.3454
13 37 0 38.5354 39.1983
13 38 0 85.2193 96.9841
13 39 0 12.7624 16.0599
13 40 0 60.7346 69.2348
13 41 0 40.6084 59.9359
13 42 0 65.5325 97.4676
13 43 0 92.7651 96.9725
13 44 0 16.6129 24.5934
13 45 0 64.9309 83.4093
13 46 0 25.4796 27.8194
13 47 0 40.1078 44.4872
13 48 0 37.4085 39.5568
13 49 0 41.6939 51.691
13 50 0 38.2042 48.8584
13 51 0 13.608 17.9901
13 52 1 95.3796 106.901
13 53 0 53.6177 75.0265
13 54 0 76.5446 84.529
13 55 0 9.4755 13.7955
13 56 0 97.0941 98.648
13 57 0 51.3797 56.2816
13 58 0 49.3872 59.3859
13 59 1 38.8403 46.7364
13 60 0 16.8314 18.6407
14 1 0 36.6093 37.8545
14 2 0 9.58581 9.61265
14 3 0 59.51 78.559
14 4 0 45.2036 49.5032
14 5 0 50.9717 57.4659
14 6 0 61.3947 86.2301
14 7 0 70.2735 94.1553
14 8 0 66.2977 97.8873
14 9 0 31.7949 33.8519
14 10 0 3.01313 4.39619
14 11 0 92.0966 106.082
14 12 0 36.2192 52.9211
14 13 0 5.48031 5.87964
14 15 1 67.9517 92.838
14 16 1 31.0528 38.945
14 17 0 98.873 126.036
14 18 0 83.9984 106.074
14 19 0 26.977 34.158
14 20 0 37.2234 50.6494
14 21 0 63.7372 84.3588
14 22 0 92.7909 125.005
14 23 0 66.4163 88.6003
14 24 0 58.4329 59.724
14 25 0 79.0249 100.811
14 26 0 61.8556 70.982
14 27 0 16.1043 18.8136
14 28 1 14.7263 20.4299
14 29 0 84.7172 94.6278
14 30 0 4.14681 4.5709
14 31 0 30.5686 44.3909
14 32 0 81.2894 105.548
14 33 1 47.8765 59.7116
14 34 0 60.1292 70.1815
14 35 0 79.0361 102.171
14 36 0 75.8184 102.582
14 37 1 96.8382 132.896
14 38 0 41.3831 52.6128
14 39 0 8.71166 11.3705
14 40 0 67.5324 78.07
14 41 0 86.136 91.3676
14 42 0 12.6956 18.9053
14 43 0 31.3984 32.0261
14 44 1 4.51609 6.32777
14 45 0 74.8538 88.2418
14 46 0 18.0457 18.1495
14 47 0 59.6734 87.4911
14 48 0 37.8864 38.6576
14 49 0 90.9987 134.063
14 50 0 5.02089 6.86195
14 51 0 28.1212 36.1874
14 52 0 60.5294 82.8985
14 53 0 24.8603 26.6609
14 54 0 31.4204 35.0432
14 55 0 42.6208 52.2306
14 56 0 19.3946 28.9817
14 57 1 2.65914 3.56508
14 58 0 1.90801 2.17444
14 59 0 26.8546 31.1594
14 60 0 9.38463 11.3738
15 1 0 7.63196 11.4173
15 2 0 65.5459 74.6019
15 3 0 39.6564 53.1528
15 4 1 27.7069 30.3418
15 5 0 8.31678 8.43958
15 6 0 45.4456 54.1787
15 7 0 86.696 102.522
15 8 0 36.4841 42.1285
15 9 0 17.5189 19.4517
15 10 0 30.1199 43.3462
15 11 0 67.9096 78.3874
15 12 0 30.0135 36.8231
15 13 0 17.1245 22.8462
15 14 0 14.8282 19.2542
15 16 1 44.0646 55.5357
15 17 0 65.8538 70.4368
15 18 0 11.282 15.1666
15 19 0 80.1062 91.4917
15 20 0 55.9418 60.6196
15 21 0 25.6677 33.9168
15 22 0 30.242 38.0618
15 23 0 16.5693 20.3166
15 24 0 79.5779 111.26
15 25 0 94.5746 124.05
15 26 0 32.1544 32.2676
15 27 0 28.132 39.7284
15 28 1 79.8871 82.2549
15 29 0 35.6327 51.0033
15 30 0 32.7432 44.9682
15 31 0 76.9654 100.537
15 32 0 14.1865 20.723
15 33 0 66.1017 82.6042
15 34 0 38.1343 39.2511
15 35 0 23.5872 30.6548
15 36 0 25.4554 31.5425
15 37 0 67.0244 86.1612
15 38 0 96.8487 129.359
15 39 0 78.9122 98.733
15 40 0 6.86392 9.12637
15 41 0 76.716 87.08
15 42 0 8.1141 10.9979
15 43 0 36.2435 50.4154
15 44 0 61.9171 70.7494
15 45 0 27.4306 37.3818
15 46 0 83.6049 124.834
15 47 0 56.8165 74.9931
15 48 0 88.4915 89.3515
15 49 0 71.8644 100.386
15 50 0 64.6297 71.0515
15 51 0 3.94619 4.61627
15 52 0 64.4915 94.6334
15 53 0 84.2505 84.6028
15 54 1 78.7563 111.063
15 55 0 0.478149 0.698655
15 56 0 44.6545 50.5581
15 57 0 25.6939 30.3135
15 58 0 61.5564 66.835
15 59 0 83.4808 99.194
15 60 0 6.615 7.24772
16 1 0 61.1966 83.1069
16 2 0 39.8702 51.5407
16 3 0 36.3397 47.859
16 4 0 31.4561 39.2194
16 5 0 40.7395 60.2956
16 6 1 14.3373 20.2111
16 7 0 73.6774 104.941
16 8 0 32.6489 33.1238
16 9 0 55.6945 55.8848
16 10 0 16.0033 23.0448
16 11 0 63.0473 81.2356
16 12 0 62.1233 74.9602
16 13 1 15.447 18.9338
16 14 0 48.8576 65.7083
16 15 0 14.0857 18.0316
16 17 1 58.9014 61.2163
16 18 0 56.7753 76.9271
16 19 0 16.4658 17.2628
16 20 0 66.9763 85.8587
16 21 0 47.0749 61.8168
16 22 0 77.227 110.93
16 23 0 44.9313 47.1327
16 24 0 27.3055 39.8688
16 25 0 23.082 27.7044
16 26 0 61.9375 75.5523
16 27 0 11.8782 15.2119
16 28 0 22.9246 23.4866
16 29 0 49.3916 60.2864
16 30 0 49.4543 65.8832
16 31 0 44.8285 60.6231
16 32 0 51.0616 55.9027
16 33 0 99.1918 141.005
16 34 1 30.1391 44.5434
16 35 0 58.1369 74.0365
16 36 0 41.3757 55.0539
16 37 0 57.7646 68.6716
16 38 0 7.45398 10.5199
16 39 0 3.59466 4.4118
16 40 0 97.3262 118.027
16 41 0 24.605 30.6333
16 42 0 39.0459 53.9963
16 43 0 17.2047 20.3788
16 44 0 2.12141 2.83948
16 45 0 92.6297 124.866
16 46 0 70.177 102.448
16 47 0 1.04625 1.10993
16 48 1 2.88641 3.42018
16 49 0 15.4091 21.3871
16 50 0 53.6082 64.4893
16 51 0 31.7824 35.1016
16 52 0 20.4041 24.7287
16 53 0 66.7178 76.9473
16 54 1 54.4683 81.1006
16 55 0 6.45678 9.148
16 56 0 98.8599 123.187
16 57 0 41.0562 59.1359
16 58 0 79.1103 91.5759
16 59 0 78.2884 112.354
16 60 0 57.0942 74.0529
17 1 1 6.83042 8.88722
17 2 1 43.5268 44.9277
17 3 0 50.8453 75.8992
17 4 0 64.2247 79.0534
17 5 0 70.9771 91.7785
17 6 0 18.1719 26.0832
17 7 0 24.2222 35.122
17 8 0 32.0464 39.427
17 9 0 19.1057 26.9099
17 10 0 8.96916 9.27046
17 11 0 11.1212 13.7007
17 12 0 0.347418 0.507112
17 13 0 80.416 89.8911
17 14 0 82.9415 95.238
17 15 0 99.0125 142.977
17 16 0 54.5636 65.9213
17 18 1 97.3232 132.093
17 19 0 55.4205 71.2405
17 20 0 52.1176 65.9311
17 21 0 25.0852 26.2148
17 22 0 92.3097 128.675
17 23 0 11.9604 12.0521
17 24 0 49.2163 55.9592
17 25 0 31.7881 39.4516
17 26 0 41.3121 44.926
17 27 0 14.311 20.3823
17 28 1 52.538 58.1497
17 29 0 80.1678 92.0551
17 30 0 3.82351 4.45133
17 31 0 38.7244 51.1985
17 32 0 3.82723 4.14109
17 33 0 0.70751 0.808487
17 34 0 78.2295 99.5242
17 35 0 11.4596 16.2235
17 36 0 93.1385 94.0966
17 37 0 44.612 52.8501
17 38 0 63.3346 82.4057
17 39 0 7.31499 10.4325
17 40 0 2.25199 2.77628
17 41 0 64.8859 73.8227
17 42 0 44.6147 49.0667
17 43 0 23.2906 32.4038
17 44 0 64.2197 83.5987
17 45 0 85.9189 113.418
17 46 0 4.26803 5.7084
17 47 0 35.0964 46.2929
17 48 0 93.5156 99.3284
17 49 0 96.366 125.076
17 50 0 87.2375 88.7561
17 51 0 28.0142 32.1274
17 52 0 81.0284 92.0339
17 53 0 37.3951 53.5454
17 54 0 24.8925 31.6015
17 55 0 75.7371 97.0145
17 56 0 78.8809 106.548
17 57 0 89.6292 107.106
17 58 0 22.0444 30.8495
17 59 0 26.5542 38.3691
17 60 0 87.3082 124.736
18 1 0 69.8392 101.172
18 2 0 43.0494 48.896
18 3 0 79.7009 97.7848
18 4 0 37.9361 49.8131
18 5 0 91.1248 125.619
18 6 0 67.7796 92.6395
18 7 0 44.6516 57.854
18 8 0 39.1549 46.2165
18 9 0 1.55911 2.04444
18 10 0 60.8191 64.7993
18 11 0 24.1923 25.615
18 12 0 95.8154 97.6942
18 13 0 72.0158 101.246
18 14 0 49.3675 54.2776
18 15 0 78.103 91.635
18 16 0 96.0813 123.82
18 17 0 85.9492 106.47
18 19 1 3.88541 4.8304
18 20 1 34.737 43.5337
18 21 0 98.2345 114.174
18 22 0 65.0123 97.4424
18 23 0 13.4841 16.7397
18 24 0 33.7721 39.1866
18 25 0 77.7402 85.01
18 26 0 26.912 27.5711
18 27 0 70.0208 81.0531
18 28 1 56.1623 76.4686
18 29 0 62.205 74.8786
18 30 0 10.5228 14.7537
18 31 0 99.375 105.543
18 32 0 41.229 49.8274
18 33 0 20.3034 27.306
18 34 0 32.7067 47.0191
18 35 0 98.7592 127.293
18 36 0 83.5477 97.51
18 37 1 61.6919 74.1333
18 38 0 13.0078 15.5631
18 39 0 56.643 76.0921
18 40 0 41.2129 49.1268
18 41 0 85.6618 119.245
18 42 0 57.247 66.7453
18 43 0 40.8395 56.3711
18 44 0 89.0335 106.651
18 45 0 92.5862 98.5125
18 46 0 3.91224 4.42334
18 47 0 42.2596 62.1842
18 48 0 60.5338 65.0356
18 49 0 1.66235 1.84281
18 50 0 2.03549 2.27598
18 51 0 11.5393 16.8883
18 52 0 22.4837 30.0948
18 53 0 56.3864 61.7344
18 54 0 87.7706 118.908
18 55 0 91.2268 114.702
18 56 0 49.3913 53.2487
18 57 0 68.9253 95.0582
18 58 0 10.7199 11.9758
18 59 0 39.6904 54.9115
18 60 0 50.4101 68.717
19 1 0 8.41979 12.3005
19 2 0 38.4578 54.3922
19 3 0 19.3926 23.7917
19 4 1 17.0362 20.2691
19 5 0 31.7525 35.0315
19 6 0 27.0048 37.799
19 7 0 95.6215 122.941
19 8 0 10.1123 11.0192
19 9 0 34.219 45.2966
19 10 0 93.2118 129.096
19 11 0 79.3601 118.536
19 12 0 38.8887 46.0123
19 13 0 89.6519 107.144
19 14 0 59.0694 68.7405
19 15 0 56.9203 77.1545
19 16 0 75.041 111.621
19 17 0 46.0341 63.8383
19 18 0 73.184 106.338
19 20 1 5.3496 5.72595
19 21 0 20.3848 26.8189
19 22 0 79.0546 100.475
19 23 0 68.2554 99.5766
19 24 0 52.9823 58.0755
19 25 0 31.9708 39.1414
19 26 1 95.1833 140.321
19 27 0 0.484517 0.702537
19 28 0 40.5271 46.5288
19 29 0 68.0498 80.355
19 30 0 31.3838 41.0698
19 31 0 5.78612 6.69589
19 32 0 93.4864 115.034
19 33 0 46.2645 49.4689
19 34 0 41.499 50.277
19 35 1 7.21349 8.57909
19 36 0 32.9023 37.9222
19 37 1 38.4654 51.0559
19 38 0 67.0271 71.0433
19 39 0 25.093 27.3104
19 40 0 11.2453 11.8784
19 41 0 43.2793 60.1126
19 42 0 88.293 131.539
19 43 0 13.0764 17.3054
19 44 0 39.0754 49.005
19 45 0 24.7092 32.8728
19 46 0 77.0189 95.4151
19 47 0 83.4796 98.9112
19 48 0 25.7394 32.7651
19 49 0 20.0272 21.4427
19 50 0 25.1702 37.1269
19 51 0 32.3795 35.449
19 52 0 52.4082 71.7586
19 53 0 67.6269 85.4343
19 54 0 87.7503 127.234
19 55 0 53.9051 68.0808
19 56 0 69.8348 99.1492
19 57 0 10.7654 12.327
19 58 0 97.7554 104.55
19 59 0 69.8177 76.1831
19 60 0 2.36438 2.41213
20 1 0 53.5055 74.0431
20 2 0 20.45 23.7708
20 3 0 1.93368 2.14664
20 4 0 38.712 42.8269
20 5 0 48.3616 51.2342
20 6 0 91.4556 130.499
20 7 0 87.9392 94.0049
20 8 0 50.0875 51.9057
20 9 0 55.7936 62.1518
20 10 0 33.0251 47.8753
20 11 1 71.4676 73.8948
20 12 0 66.2723 69.3772
20 13 0 23.3325 26.0703
20 14 0 13.1949 18.7015
20 15 0 83.3551 88.6081
20 16 0 83.3839 96.5637
20 17 0 5.69933 7.58762
20 18 0 87.5342 115.784
20 19 0 34.6372 46.4346
20 21 1 14.3026 19.3708
20 22 0 90.296 114.539
20 23 0 26.8973 28.6626
20 24 0 99.32 131.685
20 25 0 44.3188 45.4321
20 26 0 93.8055 106.55
20 27 0 47.3347 48.046
20 28 0 23.5022 24.2172
20 29 0 85.2972 126.678
20 30 0 86.2788 107.913
20 31 0 45.6075 59.9341
20 32 0 14.4318 17.0924
20 33 0 86.1333 117.58
20 34 0 25.7539 33.4913
20 35 0 43.9626 46.0215
20 36 0 46.3209 52.4723
20 37 0 16.3341 20.1071
20 38 0 71.1723 73.0482
20 39 0 14.4354 21.5354
20 40 0 15.563 15.7206
20 41 0 98.4749 121.182
20 42 0 78.7062 95.4122
20 43 0 35.6477 50.8745
20 44 0 62.3647 70.003
20 45 0 37.0567 54.3097
20 46 0 53.031 75.7408
20 47 0 48.1429 62.3092
20 48 0 31.3842 46.0316
20 49 0 67.6096 79.158
20 50 0 16.403 22.1011
20 51 0 12.8723 19.0109
20 52 0 68.0662 90.7842
20 53 0 59.3352 70.857
20 54 0 62.7944 66.0825
20 55 0 35.2803 52.0794
20 56 0 93.1712 136.99
20 57 0 1.62043 1.67424
20 58 0 9.87903 14.0358
20 59 0 38.1356 39.8903
20 60 0 36.7956 54.069
21 1 0 86.8332 96.1224
21 2 0 67.6955 101.432
21 3 0 98.6256 132.122
21 4 0 88.9575 123.879
21 5 0 43.0085 46.1188
21 6 0 75.2754 95.7578
21 7 0 65.9715 96.1302
21 8 0 63.7583 74.7682
21 9 0 21.1452 22.457
21 10 0 52.4073 72.1814
21 11 0 28.8227 39.8202
21 12 0 36.7708 49.3625
21 13 0 90.1802 105.914
21 14 0 24.9347 34.915
21 15 0 75.0667 104.22
21 16 0 32.546 44.5178
21 17 0 10.5289 11.938
21 18 0 1.06895 1.4286
21 19 0 75.1116 99.855
21 20 0 17.0319 17.1937
21 22 1 23.586 27.2941
21 23 0 99.5726 125.876
21 24 0 85.7277 99.406
21 25 0 57.9023 72.1119
21 26 0 0.429651 0.502923
21 27 0 20.2319 30.1119
21 28 0 35.8043 42.6142
21 29 0 81.7001 114.969
21 30 0 88.6278 126.274
21 31 0 33.7121 43.5911
21 32 0 54.4974 61.1063
21 33 1 38.5118 40.0555
21 34 0 65.9065 68.9814
21 35 0 0.819418 0.848506
21 36 0 36.2299 40.9559
21 37 0 41.9357 42.2751
21 38 1 76.833 92.7563
21 39 0 37.5151 39.4555
21 40 1 19.8443 22.3708
21 41 1 16.4123 23.5323
21 42 0 17.0044 19.9225
21 43 1 87.7327 91.6077
21 44 0 41.7388 57.8486
21 45 0 73.5664 94.4139
21 46 0 73.7128 91.2771
21 47 0 98.7924 147.786
21 48 0 44.1094 59.1604
21 49 0 27.1026 30.5684
21 50 0 59.0775 75.7109
21 51 0 98.1993 106.084
21 52 0 9.47317 10.5484
21 53 0 37.9794 48.6353
21 54 0 81.86 110.313
21 55 0 13.8955 16.7491
21 56 0 56.3157 80.9688
21 57 0 12.6596 13.6958
21 58 0 32.9615 36.9178
21 59 0 4.09812 5.29547
21 60 0 67.0153 86.3165
22 1 0 22.7225 23.0272
22 2 0 44.1866 56.0106
22 3 0 15.4855 15.8427
22 4 0 77.176 109.472
22 5 0 31.2419 32.5248
22 6 0 74.694 101.765
22 7 0 3.83825 5.06918
22 8 1 76.3658 86.787
22 9 1 14.1606 19.1853
22 10 0 55.9775 63.227
22 11 0 77.0584 87.6369
22 12 0 86.0938 109.963
22 13 0 46.2187 58.7249
22 14 0 13.6405 17.2207
22 15 0 79.0835 83.0877
22 16 0 8.38062 8.58221
22 17 0 41.2716 52.3277
22 18 0 63.6103 84.0098
22 19 0 71.9602 106.455
22 20 0 76.7573 87.9271
22 21 0 19.1348 22.2128
22 23 1 73.0292 104.622
22 24 0 44.0258 46.2043
22 25 0 50.8675 58.1639
22 26 0 62.5974 78.4782
22 27 0 65.511 92.8666
22 28 0 47.4819 64.6713
22 29 0 93.4577 112.636
22 30 0 4.78224 5.43495
22 31 1 59.8492 76.268
22 32 0 92.3599 134.829
22 33 0 21.6926 28.0252
22 34 0 1.96825 2.66579
22 35 0 97.0108 120.825
22 36 0 69.1954 100.688
22 37 0 45.3679 59.0032
22 38 0 92.0114 120.345
22 39 0 90.5378 122.503
22 40 0 0.676124 0.760513
22 41 0 6.9116 8.98258
22 42 0 29.7191 38.1363
22 43 0 97.9162 130.865
22 44 0 63.3091 76.2363
22 45 0 28.2645 35.8432
22 46 0 86.6992 94.7816
22 47 1 98.1705 106.595
22 48 0 53.5655 70.8947
22 49 0 56.6264 67.0836
22 50 0 83.2854 91.916
22 51 0 2.19153 2.79482
22 52 0 68.7667 77.1332
22 53 0 36.7093 43.9229
22 54 0 60.259 83.7073
22 55 0 43.5884 60.7094
22 56 0 88.9133 103.344
22 57 0 43.9977 54.5141
22 58 0 72.9277 89.3054
22 59 0 80.3708 90.2841
22 60 0 95.5929 124.088
23 1 0 54.5982 63.6653
23 2 0 20.855 25.5101
23 3 0 68.4005 91.2953
23 4 0 79.877 118.594
23 5 0 50.0023 61.7143
23 6 0 35.0477 45.3046
23 7 0 39.1162 44.269
23 8 0 3.30828 3.38014
23 9 0 87.6506 113.658
23 10 1 37.6144 43.1204
23 11 0 57.1674 75.4248
23 12 0 10.4228 11.4333
23 13 0 66.2524 94.4353
23 14 0 59.6259 82.6495
23 15 0 26.5343 35.3985
23 16 0 65.4973 76.6903
23 17 0 74.8874 100.302
23 18 0 9.61207 13.1961
23 19 0 59.5413 83.4179
23 20 0 85.0672 95.5328
23 21 0 2.84434 3.088
23 22 0 42.3481 55.622
23 24 1 92.9345 107.689
23 25 0 96.0459 127.799
23 26 0 88.1696 132.043
23 27 0 93.9881 112.857
23 28 1 7.99473 11.2875
23 29 0 61.2772 80.3086
23 30 0 35.3066 45.2185
23 31 0 38.9455 57.8663
23 32 0 58.807 61.1611
23 33 0 69.6174 101.372
23 34 0 45.3108 64.3505
23 35 0 85.2389 88.211
23 36 0 49.9717 52.5012
23 37 0 41.6328 52.2988
23 38 0 18.536 20.3131
23 39 1 23.2404 28.877
23 40 0 93.093 96.8918
23 41 0 98.2334 128.42
23 42 0 4.89801 4.99665
23 43 0 12.5361 12.7315
23 44 0 29.4815 38.2833
23 45 0 32.6056 43.9631
23 46 0 96.1966 114.748
23 47 1 95.4751 124.995
23 48 0 14.1019 16.6611
23 49 0 54.075 77.6037
23 50 0 66.3697 86.9248
23 51 0 9.91165 13.8936
23 52 0 37.2995 52.9414
23 53 0 30.2063 39.8167
23 54 0 38.665 57.1489
23 55 1 77.9494 98.4858
23 56 0 41.9036 42.8461
23 57 0 1.76051 2.45034
23 58 1 74.8568 106.447
23 59 0 94.4391 111
23 60 0 10.9014 12.7125
24 1 0 71.7045 81.1925
24 2 0 36.8066 44.3423
24 3 0 37.8018 55.3231
24 4 0 53.2673 65.754
24 5 0 50.2459 66.9556
24 6 0 74.8997 105.828
24 7 0 53.3721 64.0175
24 8 0 52.9124 57.8202
24 9 0 98.9915 132.602
24 10 0 46.8734 59.191
24 11 0 8.15522 11.4371
24 12 0 49.6633 61.7073
24 13 0 59.9275 60.0586
24 14 0 91.5886 100.499
24 15 0 70.997 72.3987
24 16 0 83.3838 99.008
24 17 1 76.3576 78.8861
24 18 0 63.9418 83.89
24 19 0 79.1036 101.702
24 20 0 32.4552 46.7416
24 21 1 42.6854 60.5679
24 22 0 69.6028 78.1918
24 23 0 25.5106 28.4205
24 25 1 24.9641 26.1188
24 26 0 34.6739 50.0303
24 27 0 31.7213 44.2164
24 28 0 56.3642 59.6408
24 29 0 96.3727 112.468
24 30 0 25.2537 34.7286
24 31 0 80.9267 100.523
24 32 0 76.0847 78.929
24 33 0 62.0928 82.2174
24 34 0 83.3554 105.785
24 35 0 56.2838 82.3071
24 36 0 56.0487 68.6778
24 37 0 8.86498 10.5643
24 38 1 30.463 45.4183
24 39 0 34.4055 46.5664
24 40 0 53.7675 63.3731
24 41 0 38.522 47.227
24 42 0 39.6057 57.2825
24 43 0 6.40204 7.96951
24 44 0 39.4641 57.2799
24 45 0 99.0964 107.483
24 46 0 27.9273 31.2244
24 47 0 3.08186 4.24604
24 48 0 14.5923 17.9432
24 49 0 20.1434 21.4193
24 50 0 74.9366 94.9932
24 51 0 50.069 66.4069
24 52 0 93.6353 116.008
24 53 0 54.5264 78.1623
24 54 0 8.35404 11.8136
24 55 0 13.1285 17.3815
24 56 0 38.5978 45.6323
24 57 0 50.0142 65.5094
24 58 0 10.6731 15.8853
24 59 0 38.364 55.3047
24 60 0 94.1959 134.196
25 1 0 11.1146 14.9503
25 2 0 76.248 83.5875
25 3 0 68.9154 76.0392
25 4 0 37.5725 42.4827
25 5 0 0.277528 0.388827
25 6 0 54.8128 55.4733
25 7 0 21.2335 27.7924
25 8 0 12.4646 15.6167
25 9 0 30.1261 43.3376
25 10 0 73.8026 109.902
25 11 0 92.1944 111.895
25 12 0 83.1571 103.516
25 13 0 90.4977 98.0352
25 14 0 67.3705 76.7844
25 15 0 83.3564 97.0584
25 16 0 91.6023 102.537
25 17 0 72.8144 73.0371
25 18 0 97.8088 110.737
25 19 0 89.0952 119.978
25 20 0 59.5518 82.5942
25 21 0 61.5095 85.7388
25 22 0 89.1966 107.839
25 23 0 64.77 92.5186
25 24 0 93.1324 126.31
25 26 1 38.3921 55.3933
25 27 0 27.0141 27.7212
25 28 0 22.8509 30.845
25 29 1 64.7262 90.0961
25 30 0 92.5762 118.929
25 31 0 28.1237 33.8789
25 32 0 89.1107 122.214
25 33 0 52.5253 64.9399
25 34 0 49.7755 69.7
25 35 0 91.7941 99.2641
25 36 0 0.0897874 0.102531
25 37 1 25.6454 32.3297
25 38 0 9.05626 10.2964
25 39 0 71.2363 98.7106
25 40 0 28.9598 35.1117
25 41 0 56.1967 60.1588
25 42 0 22.024 23.6184
25 43 0 83.091 122.418
25 44 0 5.85542 6.34157
25 45 0 0.907602 1.1068
25 46 0 31.5343 46.6796
25 47 0 70.587 95.2657
25 48 0 27.1546 37.0701
25 49 0 97.0602 142.365
25 50 0 88.5205 111.647
25 51 0 8.54262 8.94455
25 52 0 90.2259 92.084
25 53 0 13.0274 17.1118
25 54 1 69.2922 69.5611
25 55 0 43.6747 50.1293
25 56 0 13.2051 16.7891
25 57 0 50.4481 61.358
25 58 0 75.8491 80.9576
25 59 0 29.2038 38.6343
25 60 0 86.6473 121.539
26 1 0 64.7325 67.1771
26 2 0 9.88279 13.9032
26 3 0 75.6031 91.0818
26 4 0 27.1617 35.9596
26 5 0 40.4009 40.9708
26 6 0 62.1163 88.0177
26 7 0 26.617 30.8436
26 8 0 60.3931 71.5412
26 9 0 5.9563 7.29901
26 10 0 87.1784 97.7422
26 11 0 96.73 140.408
26 12 0 64.4214 94.4025
26 13 0 40.5404 59.353
26 14 0 27.1319 38.6225
26 15 0 7.48052 7.77957
26 16 0 51.3884 55.7184
26 17 0 85.1447 92.7444
26 18 0 69.9394 79.4127
26 19 0 80.5603 102.985
26 20 0 96.8864 116.108
26 21 0 17.19 22.1924
26 22 0 88.8811 108.702
26 23 0 85.4019 122.434
26 24 0 48.2767 56.5393
26 25 0 96.6221 98.3681
26 27 1 25.8338 29.7383
26 28 0 36.6985 44.3817
26 29 0 0.309892 0.416662
26 30 0 6.73822 9.80134
26 31 0 91.8764 128.651
26 32 0 27.1394 28.9513
26 33 0 73.5885 106.289
26 34 0 2.21179 2.52071
26 35 0 87.6138 119.728
26 36 0 57.9597 74.0643
26 37 0 94.3677 136.194
26 38 0 59.5884 73.8346
26 39 0 25.0286 37.4514
26 40 0 40.5436 58.684
26 41 0 38.2303 45.5001
26 42 0 68.0603 85.5352
26 43 0 87.6008 106.33
26 44 0 73.4487 107.42
26 45 0 15.9245 20.1931
26 46 0 46.9363 61.1096
26 47 0 84.7361 122.875
26 48 0 29.2012 41.9136
26 49 0 6.39 8.03262
26 50 0 25.8883 27.752
26 51 0 64.6081 74.9824
26 52 0 0.28192 0.403501
26 53 0 42.7128 55.0579
26 54 0 76.7105 99.919
26 55 0 72.634 102.957
26 56 0 46.3289 56.524
26 57 0 73.5366 103.511
26 58 0 20.379 21.6199
26 59 0 56.9904 80.6666
26 60 0 53.0707 77.5642
27 1 0 66.6239 85.0031
27 2 0 98.1409 144.431
27 3 1 94.3623 102.408
27 4 0 58.8347 88.2218
27 5 0 69.9078 83.5443
27 6 0 85.9398 103.727
27 7 0 37.6592 54.8201
27 8 0 89.8256 99.4122
27 9 0 53.778 61.0349
27 10 0 81.7252 95.7218
27 11 0 62.0448 76.4422
27 12 0 35.5188 49.0018
27 13 0 2.43872 3.30063
27 14 0 63.0904 67.7762
27 15 0 65.6014 76.9236
27 16 0 95.0562 115.015
27 17 0 71.9786 104.676
27 18 0 28.5531 39.5845
27 19 0 38.4792 57.6932
27 20 0 36.7271 46.5484
27 21 1 76.4502 93.3618
27 22 0 16.9644 17.4605
27 23 0 50.2353 60.2139
27 24 0 39.6629 55.1768
27 25 0 61.575 71.2953
27 26 0 86.9267 104.028
27 28 1 60.9697 77.2778
27 29 0 3.32408 3.94154
27 30 0 56.4628 76.6609
27 31 0 44.1178 58.5794
27 32 0 10.2534 15.2977
27 33 0 63.1982 90.626
27 34 0 9.44895 9.81848
27 35 0 35.4301 36.1324
27 36 0 91.2656 129.004
27 37 0 4.83968 5.8405
27 38 0 60.3725 65.7022
27 39 0 87.5623 124.489
27 40 0 72.8162 106.332
27 41 0 84.8231 85.3707
27 42 0 67.7621 80.0196
27 43 0 13.5554 18.7747
27 44 0 73.415 74.1376
27 45 0 89.0635 97.0882
27 46 0 88.3613 128.527
27 47 0 95.1447 137.957
27 48 0 8.49556 12.5403
27 49 0 19.3403 27.0374
27 50 0 92.7631 136.69
27 51 0 13.4557 13.6754
27 52 0 40.1478 45.3874
27 53 0 39.8705 55.2444
27 54 0 68.1487 83.953
27 55 0 34.4464 49.8197
27 56 0 3.0769 3.7572
27 57 0 99.1132 109.622
27 58 0 25.8745 34.4494
27 59 1 53.0711 64.3422
27 60 0 38.409 57.4009
28 1 0 74.3931 87.1295
28 2 0 64.7644 85.5345
28 3 0 73.7575 80.4858
28 4 0 28.041 35.1051
28 5 1 12.4253 14.5198
28 6 0 42.7205 57.2781
28 7 0 78.419 103.56
28 8 1 90.3906 110.922
28 9 0 97.5556 99.3812
28 10 0 48.6888 58.6141
28 11 0 4.18502 5.80392
28 12 0 49.7863 50.5079
28 13 0 45.5393 54.682
28 14 0 74.6436 77.3043
28 15 1 69.3261 101.141
28 16 0 88.5311 90.9184
28 17 0 27.5567 28.7585
28 18 0 63.9336 65.952
28 19 0 85.647 127.782
28 20 0 89.8039 134.374
28 21 0 88.8861 96.5999
28 22 0 87.5448 93.9026
28 23 0 65.9531 82.7793
28 24 0 24.9444 27.0298
28 25 0 54.6714 79.3319
28 26 0 21.5507 32.253
28 27 0 4.40158 4.69515
28 29 1 45.6612 46.6836
28 30 0 51.3298 73.1053
28 31 0 32.1152 45.9753
28 32 0 49.2083 59.6689
28 33 0 3.32905 4.89269
28 34 0 36.364 53.8195
28 35 0 40.574 47.932
28 36 0 61.006 80.3391
28 37 0 57.6539 78.866
28 38 0 80.3103 115.822
28 39 0 69.5583 70.4928
28 40 0 14.5111 20.8657
28 41 0 12.8499 15.8646
28 42 0 24.8968 37.1751
28 43 0 21.9823 28.3798
28 44 0 43.3843 55.6802
28 45 0 28.0089 40.4862
28 46 0 9.04118 9.66432
28 47 0 56.3458 76.4907
28 48 0 93.5801 119.558
28 49 0 77.3733 95.6653
28 50 1 0.117168 0.161935
28 51 0 26.6882 30.9914
28 52 0 6.75575 7.38895
28 53 0 43.9533 44.4175
28 54 0 66.2247 73.9086
28 55 0 33.5885 43.6322
28 56 0 62.0585 86.641
28 57 0 26.1613 36.1871
28 58 0 63.8251 84.8936
28 59 0 55.1475 70.9314
28 60 0 56.33 63.9646
29 1 0 22.545 25.3593
29 2 0 59.4199 72.0839
29 3 0 53.4043 71.9821
29 4 0 9.35852 10.5941
29 5 0 9.17089 9.18184
29 6 0 85.5084 109.147
29 7 0 63.7287 67.2395
29 8 0 97.5789 132.009
29 9 0 45.8051 62.857
29 10 0 35.1177 44.7203
29 11 0 69.6776 78.0008
29 12 0 41.6627 44.836
29 13 0 70.6971 83.6955
29 14 0 73.3292 90.1576
29 15 0 99.4594 113.319
29 16 0 79.887 100.217
29 17 0 0.258325 0.288427
29 18 0 93.572 121.963
29 19 0 14.6374 15.2521
29 20 0 41.2771 54.914
29 21 0 44.0503 52.1684
29 22 0 60.0725 64.0675
29 23 0 84.5773 87.982
29 24 0 36.4974 40.2182
29 25 0 38.1194 52.1975
29 26 1 72.2453 78.2719
29 27 0 80.4772 109.699
29 28 0 4.26058 6.38994
29 30 1 73.4119 83.529
29 31 0 10.1629 10.6267
29 32 0 32.4465 40.0345
29 33 0 78.5181 95.9766
29 34 0 8.6425 12.804
29 35 0 39.218 55.8232
29 36 0 96.5973 125.443
29 37 0 16.6869 22.5712
29 38 0 69.2413 84.2542
29 39 0 53.31 60.892
29 40 0 90.1758 123.226
29 41 0 45.0373 64.1299
29 42 0 12.0094 17.2692
29 43 0 91.5345 130.465
29 44 0 96.9077 100.558
29 45 0 80.2585 112.196
29 46 0 28.7402 36.673
29 47 0 22.4526 22.6895
29 48 0 14.6715 16.4315
29 49 0 27.7091 38.2348
29 50 0 65.425 65.6184
29 51 0 11.2144 11.6239
29 52 0 86.0438 128.876
29 53 0 26.3074 38.9206
29 54 0 59.421 74.6906
29 55 0 42.7457 44.981
29 56 0 6.17671 7.27738
29 57 0 54.4621 62.2498
29 58 0 93.6673 106.94
29 59 0 38.3577 46.0896
29 60 0 45.1913 66.5878
30 1 0 34.2468 48.1951
30 2 1 19.8446 27.4396
30 3 0 38.9859 53.7829
30 4 0 91.6815 124.618
30 5 0 31.9029 35.3316
30 6 0 75.546 76.2495
30 7 0 10.4833 11.2583
30 8 0 74.5462 94.7683
30 9 0 41.1728 61.7532
30 10 1 47.4261 65.1538
30 11 0 16.5043 18.3878
30 12 0 75.9707 94.5865
30 13 0 55.3138 77.627
30 14 1 13.9187 14.1431
30 15 0 51.9759 56.5535
30 16 0 39.0707 51.9283
30 17 0 59.8472 84.1986
30 18 1 92.5 96.3408
30 19 0 51.9889 75.6429
30 20 0 83.3013 90.9287
30 21 0 2.05194 2.3196
30 22 0 7.55024 11.0046
30 23 1 36.4161 53.1145
30 24 1 48.194 57.7048
30 25 0 23.1574 23.873
30 26 0 22.1367 30.7699
30 27 0 72.244 95.4937
30 28 0 58.38 61.2935
30 29 0 88.6366 124.82
30 31 1 22.8523 27.6431
30 32 0 4.13402 5.2697
30 33 1 89.7967 100.002
30 34 0 70.8664 76.9875
30 35 0 39.5784 48.9749
30 36 0 44.2148 53.4763
30 37 0 91.3831 132.76
30 38 0 32.2012 34.5429
30 39 0 76.8641 91.6434
30 40 1 59.7714 86.1048
30 41 0 18.1432 22.4659
30 42 0 6.81619 9.55556
30 43 0 37.1006 55.1772
30 44 0 49.8461 54.2853
30 45 0 63.0019 87.652
30 46 0 88.3307 90.8081
30 47 0 94.6743 107.481
30 48 0 29.6529 35.9819
30 49 0 91.9689 100.345
30 50 0 25.1659 35.8274
30 51 0 7.15729 8.64671
30 52 0 59.2294 79.4853
30 53 0 49.079 65.7736
30 54 0 99.5032 143.364
30 55 0 78.0409 109.148
30 56 0 7.27827 9.41422
30 57 0 73.627 103.48
30 58 0 80.4753 87.7449
30 59 0 33.0929 43.9302
30 60 0 62.6707 82.1673
31 1 0 51.0406 74.5098
31 2 0 5.8383 7.33233
31 3 0 36.3119 46.8302
31 4 0 68.5726 83.9906
31 5 0 51.5071 63.7817
31 6 0 58.0998 72.0588
31 7 0 49.3922 71.1364
31 8 0 35.2565 45.0887
31 9 0 35.9972 49.7727
31 10 0 69.2097 99.8441
31 11 0 90.9629 130.245
31 12 0 95.8441 139.761
31 13 0 43.626 43.7189
31 14 0 92.4212 117.322
31 15 0 37.5919 41.9833
31 16 1 13.6001 16.7919
31 17 0 78.508 80.5046
31 18 0 5.93629 8.00396
31 19 0 82.801 113.025
31 20 0 24.3404 31.5418
31 21 0 80.6471 85.7177
31 22 0 32.5899 42.5469
31 23 1 71.1986 101.475
31 24 0 7.14807 10.401
31 25 0 38.52 38.7889
31 26 0 16.6961 22.0105
31 27 0 22.631 29.2612
31 28 0 89.8886 123.738
31 29 0 39.1292 53.6568
31 30 0 86.8914 128.897
31 32 1 55.3185 82.5294
31 33 0 77.6806 107.425
31 34 0 38.2899 40.3449
31 35 0 75.4544 82.5516
31 36 0 70.6251 99.2889
31 37 0 75.1217 107.416
31 38 0 66.3207 71.1022
31 39 0 5.75561 8.35121
31 40 0 38.3185 57.1026
31 41 0 95.5594 136.665
31 42 0 6.83156 9.97182
31 43 0 70.214 85.6998
31 44 0 51.8507 62.983
31 45 0 34.5697 38.7985
31 46 0 7.7115 8.80502
31 47 0 10.2247 13.9753
31 48 1 59.4549 60.8498
31 49 0 25.8001 37.3508
31 50 0 51.9232 67.8033
31 51 0 10.6091 15.089
31 52 0 73.0691 77.6806
31 53 0 4.83167 5.63929
31 54 0 20.2305 29.1184
31 55 0 1.42559 1.88835
31 56 0 88.6617 131.489
31 57 0 35.8467 47.4473
31 58 0 6.72922 9.67304
31 59 0 98.0052 120.602
31 60 0 36.8669 53.6867
32 1 0 16.6613 20.2816
32 2 0 83.5245 112.251
32 3 0 19.7352 29.5276
32 4 0 77.7884 96.0845
32 5 0 54.0611 69.7402
32 6 0 22.3282 32.1419
32 7 0 96.2834 144.012
32 8 0 91.7719 93.0959
32 9 0 5.99254 7.85123
32 10 0 87.7776 101.154
32 11 0 28.3285 36.8854
32 12 0 22.8176 23.9217
32 13 0 2.17556 2.76056
32 14 0 90.3688 112.192
32 15 0 79.4649 117.54
32 16 0 57.0189 58.8835
32 17 0 13.3171 19.2284
32 18 1 10.6106 12.5884
32 19 0 25.5963 26.1395
32 20 0 34.2363 41.5112
32 21 0 16.6701 21.0569
32 22 0 91.7153 117.489
32 23 0 72.9816 96.0439
32 24 0 97.5301 108.283
32 25 0 83.5862 115.984
32 26 0 58.4427 67.5906
32 27 1 41.2751 56.9912
32 28 0 18.094 20.3119
32 29 0 60.1577 79.0194
32 30 0 72.2576 86.2681
32 31 0 5.53577 8.05363
32 33 1 20.0544 20.0925
32 34 0 45.9859 61.1578
32 35 0 77.3562 79.2107
32 36 0 85.0452 98.7607
32 37 0 62.5892 70.2442
32 38 0 35.6553 53.1493
32 39 0 33.9794 43.6005
32 40 0 13.1767 13.5481
32 41 0 10.8094 15.4433
32 42 0 72.8381 105.149
32 43 0 82.4796 82.6929
32 44 0 26.0716 30.9936
32 45 0 90.2251 129.721
32 46 0 53.924 71.7144
32 47 0 55.1557 80.8463
32 48 0 77.837 111.251
32 49 0 36.015 37.2682
32 50 0 4.79246 5.94673
32 51 0 35.3869 36.6953
32 52 0 98.627 141.941
32 53 0 39.7588 48.7654
32 54 0 14.2912 21.2125
32 55 0 76.4396 109.11
32 56 0 32.6292 43.4825
32 57 0 46.9255 60.6325
32 58 0 19.7697 25.365
32 59 0 39.6125 46.3716
32 60 0 28.6604 42.8971
33 1 0 66.1966 74.0848
33 2 0 5.24902 6.1913
33 3 0 23.4595 34.3876
33 4 0 66.182 88.2564
33 5 1 59.5511 73.3685
33 6 0 78.8887 98.5505
33 7 0 99.9489 114.345
33 8 0 31.0542 39.6635
33 9 0 78.9409 105.421
33 10 0 59.9819 74.2353
33 11 0 67.7492 100.108
33 12 0 17.0267 23.581
33 13 1 20.2939 22.1866
33 14 0 55.5061 68.1889
33 15 0 6.68963 8.78344
33 16 0 25.9644 32.3709
33 17 1 18.5676 21.99
33 18 0 39.7011 41.0745
33 19 0 91.0739 120.779
33 20 0 70.6197 99.7697
33 21 0 45.7851 61.976
33 22 0 67.9679 92.3554
33 23 0 96.956 141.655
33 24 0 15.2802 21.7245
33 25 0 95.9844 97.1264
33 26 0 64.7095 90.1302
33 27 0 24.4544 34.4408
33 28 0 64.4384 93.3309
33 29 0 16.1454 22.7952
33 30 0 38.9429 44.5242
33 31 0 13.1652 13.7566
33 32 0 10.9659 11.3863
33 34 1 56.9268 58.6042
33 35 0 85.0537 106.179
33 36 0 3.91054 5.85188
33 37 0 75.4605 84.8707
33 38 0 10.3706 14.5076
33 39 0 97.5061 130.787
33 40 0 5.30796 6.22342
33 41 0 30.1815 34.2086
33 42 0 13.5879 14.4043
33 43 0 75.1947 92.8013
33 44 0 60.2585 86.9796
33 45 0 27.9406 36.0255
33 46 0 53.4027 68.7317
33 47 0 68.6714 93.0955
33 48 0 92.3785 130.181
33 49 0 67.6298 87.44
33 50 0 56.0484 66.5017
33 51 0 91.5485 92.2593
33 52 0 4.95525 6.50145
33 53 0 88.2095 88.607
33 54 0 65.5963 84.8057
33 55 0 30.7088 43.7221
33 56 0 37.102 45.1578
33 57 1 84.2406 86.3996
33 58 0 3.61865 5.22801
33 59 0 73.6937 76.9399
33 60 0 28.2563 37.5403
34 1 0 71.9898 73.6646
34 2 0 27.6692 33.2103
34 3 0 79.5735 92.598
34 4 0 71.6682 97.7656
34 5 0 54.1852 67.4444
34 6 0 35.4978 44.4053
34 7 0 33.1927 41.0891
34 8 0 99.3942 132.569
34 9 0 7.44263 10.7709
34 10 0 60.8528 80.3151
34 11 0 82.6013 111.62
34 12 0 70.4935 77.0509
34 13 0 94.5299 105.087
34 14 0 3.96955 4.80281
34 15 0 84.1749 104.753
34 16 0 29.6357 35.1497
34 17 1 36.6747 44.9455
34 18 0 6.69565 7.66374
34 19 0 2.06974 2.31852
34 20 0 47.2803 65.7978
34 21 0 17.496 26.0738
34 22 0 22.6308 31.6514
34 23 0 55.2348 59.8359
34 24 0 64.3783 68.3577
34 25 0 70.2548 93.7245
34 26 0 87.8907 95.2807
34 27 0 69.618 88.8258
34 28 0 26.9715 27.5054
34 29 0 38.8217 55.4419
34 30 0 56.469 62.0472
34 31 0 32.1245 42.6245
34 32 0 33.7568 40.435
34 33 0 0.56015 0.761298
34 35 1 73.8409 103.399
34 36 0 90.8454 103.884
34 37 0 11.2616 12.2023
34 38 0 64.0809 72.9491
34 39 0 39.0925 58.1895
34 40 0 30.7336 32.1748
34 41 0 58.2816 64.2134
34 42 0 39.079 51.4914
34 43 0 14.2975 18.2564
34 44 0 9.33227 13.4429
34 45 0 77.7839 89.9821
34 46 0 44.7065 59.8167
34 47 0 90.1703 98.3366
34 48 0 10.568 13.4292
34 49 0 32.7443 41.5648
34 50 1 14.4335 17.3928
34 51 0 86.957 88.2206
34 52 0 16.721 17.5262
34 53 0 74.6316 96.5508
34 54 0 47.4923 65.4813
34 55 0 79.6201 104.039
34 56 0 75.9621 99.6883
34 57 0 6.61881 8.02698
34 58 0 86.4227 100.992
34 59 0 29.6179 40.5388
34 60 0 98.1377 102.656
35 1 0 51.0027 66.6065
35 2 0 9.83076 12.0742
35 3 0 47.8991 50.6624
35 4 0 71.4122 81.6966
35 5 0 16.8582 23.5513
35 6 0 88.507 119.611
35 7 1 18.9652 28.23
35 8 0 85.1391 88.0458
35 9 0 70.671 105.562
35 10 0 55.5146 71.6896
35 11 0 6.67812 9.75324
35 12 0 49.7037 57.8968
35 13 0 68.3141 85.7045
35 14 0 82.8426 93.0886
35 15 0 59.9725 87.3435
35 16 0 86.0552 119.142
35 17 0 24.9747 31.0422
35 18 0 32.5166 40.1892
35 19 0 40.5716 54.4362
35 20 0 51.0375 60.7526
35 21 0 80.3445 102.576
35 22 0 24.746 37.0221
35 23 0 20.8295 26.1281
35 24 0 89.4226 103.676
35 25 0 31.9503 46.2434
35 26 0 82.0207 114.476
35 27 0 68.0177 78.2519
35 28 0 29.8904 31.2325
35 29 0 66.7768 98.2452
35 30 0 9.46619 9.51257
35 31 0 50.846 68.2328
35 32 0 91.5402 94.0965
35 33 0 3.08995 3.16794
35 34 0 83.8109 124.722
35 36 1 63.5075 74.999
35 37 0 33.3798 42.5883
35 38 0 37.083 39.8036
35 39 0 39.2502 47.7366
35 40 0 21.4489 30.0622
35 41 0 72.9053 83.4939
35 42 0 36.971 37.6341
35 43 0 21.4725 32.104
35 44 0 89.4477 105.116
35 45 0 19.5655 19.8917
35 46 1 99.561 146.019
35 47 0 18.3483 25.3858
35 48 0 33.1131 44.14
35 49 0 82.0861 88.2888
35 50 0 98.5692 109.843
35 51 0 96.8439 97.6499
35 52 0 78.2884 88.5598
35 53 0 16.7946 24.0123
35 54 1 56.1836 66.6428
35 55 0 53.3192 57.5037
35 56 0 48.2741 59.8025
35 57 0 39.9554 59.3674
35 58 0 88.046 100.087
35 59 0 22.5482 29.9222
35 60 0 66.2446 93.237
36 1 0 18.9704 26.6309
36 2 0 66.7696 73.9365
36 3 0 76.1337 90.0513
36 4 1 6.59545 8.09806
36 5 0 71.0799 80.4479
36 6 0 50.4768 72.5286
36 7 0 56.3789 80.3274
36 8 0 0.841973 1.23699
36 9 0 44.3624 57.2238
36 10 0 42.3347 55.8053
36 11 0 96.824 141.856
36 12 0 91.7454 127.02
36 13 0 60.6083 61.8129
36 14 0 74.1722 75.3059
36 15 0 47.5619 58.0546
36 16 0 93.7545 105.489
36 17 0 67.811 71.3594
36 18 0 17.6061 18.8842
36 19 0 14.6932 19.4691
36 20 0 87.2809 120.875
36 21 0 11.7939 11.8562
36 22 0 35.9646 46.8243
36 23 0 72.8089 101.927
36 24 0 8.2189 8.60913
36 25 0 54.0427 78.6108
36 26 0 43.2673 44.2263
36 27 0 78.5903 102.72
36 28 0 64.2836 70.8619
36 29 0 36.2517 53.8257
36 30 0 22.4852 28.169
36 31 0 97.8745 123.817
36 32 0 44.1537 45.0304
36 33 0 46.3247 52.412
36 34 0 67.8454 74.3827
36 35 0 31.8128 39.0344
36 37 1 54.3684 76.8188
36 38 0 5.183 6.63396
36 39 0 92.9232 113.345
36 40 0 99.8582 134.494
36 41 0 18.4368 24.6772
36 42 0 77.8817 82.1116
36 43 0 6.48861 7.1557
36 44 1 66.0621 72.9126
36 45 0 55.9849 82.5002
36 46 0 6.09366 7.07039
36 47 0 16.2007 21.4612
36 48 0 18.9809 20.8628
36 49 0 78.6706 83.3283
36 50 0 12.7272 13.5022
36 51 0 57.7871 59.0259
36 52 0 70.4352 91.3201
36 53 0 95.7114 136.602
36 54 0 5.07121 5.68951
36 55 0 36.8752 54.0221
36 56 0 50.2229 52.9234
36 57 0 21.7868 27.977
36 58 0 84.8706 117.932
36 59 0 27.3111 36.7389
36 60 0 36.5937 54.0329
37 1 0 91.932 97.611
37 2 0 85.9975 101.741
37 3 0 4.90878 5.58992
37 4 0 63.8836 94.5468
37 5 0 70.0869 91.2712
37 6 1 28.3121 28.6763
37 7 0 98.234 126.453
37 8 0 59.4704 83.5337
37 9 0 17.5765 24.6001
37 10 0 60.7297 71.554
37 11 0 76.423 99.3577
37 12 0 11.3832 12.4278
37 13 0 16.9586 17.7728
37 14 0 40.7407 42.1922
37 15 0 10.7488 15.4029
37 16 0 25.1641 32.0332
37 17 1 1.78973 1.8616
37 18 1 3.86424 5.76634
37 19 1 77.9657 98.2702
37 20 0 43.6202 52.4296
37 21 0 86.5155 116.611
37 22 1 91.288 107.84
37 23 1 13.5593 19.2257
37 24 0 35.2536 42.6088
37 25 0 79.9318 100.865
37 26 0 20.0771 24.9358
37 27 0 60.963 85.6582
37 28 0 29.3416 33.5008
37 29 1 63.7246 64.5984
37 30 0 68.9613 89.8145
37 31 0 32.1987 37.5378
37 32 0 37.9433 47.1068
37 33 1 31.9035 34.1269
37 34 0 95.7511 100.05
37 35 0 42.2422 61.7259
37 36 0 17.6161 22.9471
37 38 1 1.19302 1.25566
37 39 0 72.0091 91.0643
37 40 0 9.29173 13.1258
37 41 0 18.0548 18.3238
37 42 0 59.4552 79.0134
37 43 0 1.83491 2.01489
37 44 0 14.0681 20.6581
37 45 0 53.4162 68.4641
37 46 0 36.6893 46.4312
37 47 0 65.5492 92.7451
37 48 0 80.4513 89.3522
37 49 0 84.5907 116.356
37 50 0 74.2226 78.1428
37 51 0 42.844 58.7647
37 52 0 16.2289 24.1391
37 53 0 26.9477 27.0788
37 54 0 46.1874 67.8192
37 55 0 78.0125 86.0996
37 56 0 3.78519 4.40591
37 57 0 56.1197 63.3726
37 58 0 18.5491 24.443
37 59 0 8.15162 12.0087
37 60 0 78.6355 107.232
38 1 0 22.4832 24.7687
38 2 0 96.6751 104.842
38 3 0 51.0868 70.1277
38 4 0 0.943712 1.04499
38 5 0 93.695 114.462
38 6 0 58.7644 85.9106
38 7 0 7.67706 10.5596
38 8 0 33.1239 42.6647
38 9 1 64.2717 82.1275
38 10 0 32.5652 37.469
38 11 0 89.9625 110.588
38 12 0 2.95697 4.26139
38 13 0 83.7949 118.778
38 14 0 25.016 25.8834
38 15 0 4.25819 6.27626
38 16 0 99.3117 144.956
38 17 0 19.5024 22.5465
38 18 0 15.2497 17.2041
38 19 0 32.6601 34.6282
38 20 0 53.9169 53.999
38 21 0 32.5206 33.5023
38 22 1 70.6729 92.9693
38 23 0 44.5348 58.6395
38 24 0 67.4385 78.0473
38 25 0 47.179 60.1831
38 26 0 34.9917 35.0659
38 27 0 54.9552 72.9753
38 28 0 99.8996 141.249
38 29 0 70.5774 73.7187
38 30 0 53.1891 55.7697
38 31 0 23.2051 34.0681
38 32 0 30.7471 39.6152
38 33 0 39.3158 52.7373
38 34 1 87.9634 90.2148
38 35 0 81.6721 89.6059
38 36 0 49.8172 71.9127
38 37 0 34.5829 51.43
38 39 1 92.0576 117.61
38 40 0 41.672 57.225
38 41 0 83.0195 89.6234
38 42 0 65.176 76.4959
38 43 0 0.413751 0.52186
38 44 0 63.298 80.3909
38 45 0 83.7425 89.6442
38 46 0 51.0135 53.3339
38 47 0 22.1327 32.2081
38 48 0 37.4774 45.507
38 49 1 12.5467 17.3116
38 50 0 59.6996 82.7058
38 51 0 10.1561 11.5123
38 52 0 66.6059 76.7371
38 53 0 45.8163 67.0974
38 54 0 49.9343 67.543
38 55 0 12.5955 16.3177
38 56 0 77.0678 109.262
38 57 0 39.4359 54.6381
38 58 0 56.0415 72.8995
38 59 0 7.96915 9.57614
38 60 0 52.1919 68.5038
39 1 0 50.8937 57.5174
39 2 0 6.01766 7.6219
39 3 0 92.073 137.472
39 4 0 71.7383 95.5704
39 5 0 32.2489 46.9218
39 6 0 12.5753 13.7672
39 7 0 51.4611 76.8606
39 8 0 38.769 47.7623
39 9 0 16.7103 25.0376
39 10 0 73.3643 99.7293
39 11 0 14.5465 21.7147
39 12 0 71.2236 98.3793
39 13 0 56.4731 62.6669
39 14 0 81.4454 100.641
39 15 0 87.538 100.137
39 16 1 90.2222 95.9639
39 17 0 40.0477 48.738
39 18 0 19.305 24.7881
39 19 0 93.6907 104.627
39 20 0 25.3737 37.9542
39 21 0 76.8544 90.5168
39 22 1 6.26624 8.14283
39 23 0 7.79473 10.5543
39 24 0 29.5192 31.859
39 25 0 82.6177 96.3831
39 26 0 95.9386 108.49
39 27 0 66.6581 86.7663
39 28 0 9.93871 13.4404
39 29 0 10.5081 12.1782
39 30 0 98.2938 138.71
39 31 0 7.67134 9.62608
39 32 0 28.8197 37.3917
39 33 0 73.2351 107.728
39 34 0 84.2149 121.268
39 35 0 62.1689 86.2524
39 36 0 78.7892 100.914
39 37 0 13.2404 13.5482
39 38 0 0.529583 0.793051
39 40 1 35.8393 52.0745
39 41 0 1.94425 2.69779
39 42 0 12.4732 18.4699
39 43 0 24.7004 34.6321
39 44 1 70.6195 92.995
39 45 0 0.703577 0.919368
39 46 0 98.6537 138.26
39 47 0 38.8912 45.8921
39 48 0 54.6905 62.1125
39 49 0 50.5092 59.9215
39 50 0 54.3535 67.3289
39 51 0 60.0039 64.7627
39 52 0 37.5645 46.7492
39 53 0 99.4086 123.86
39 54 0 54.5725 81.0204
39 55 0 77.5874 84.5753
39 56 0 17.9288 26.8702
39 57 0 58.5699 87.1068
39 58 0 25.0131 26.173
39 59 0 70.6919 77.9931
39 60 0 4.80274 6.1119
40 1 1 90.9101 117.243
40 2 0 23.304 34.8085
40 3 0 3.01094 4.11383
40 4 0 19.7153 28.6664
40 5 0 82.4313 87.222
40 6 0 14.4961 14.5498
40 7 0 70.5071 101.543
40 8 0 49.2928 69.4326
40 9 0 90.1143 111.358
40 10 0 82.1357 107.445
40 11 0 4.66938 6.134
40 12 0 63.8829 93.1002
40 13 0 20.4193 26.5557
40 14 0 91.7418 128.652
40 15 0 79.3574 100.755
40 16 0 50.3523 63.4874
40 17 0 85.4095 101.018
40 18 1 75.0529 109.769
40 19 0 19.1436 22.0615
40 20 0 7.48078 10.6565
40 21 0 44.9892 55.1287
40 22 0 39.9233 58.0045
40 23 1 85.1696 94.9049
40 24 0 7.90483 8.78478
40 25 0 91.0925 94.7247
40 26 0 29.413 38.3601
40 27 0 33.4062 41.8001
40 28 0 43.742 63.3226
40 29 0 5.58999 6.98409
40 30 0 59.4108 60.8403
40 31 0 11.9287 14.6127
40 32 0 72.2439 90.5563
40 33 0 58.0362 80.3352
40 34 0 54.0555 76.6023
40 35 0 88.9165 99.971
40 36 0 52.4304 60.2666
40 37 0 60.0409 62.1789
40 38 0 62.6211 92.0448
40 39 0 17.4396 22.4443
40 41 1 91.8908 127.781
40 42 1 67.4422 85.2384
40 43 0 21.5445 29.2605
40 44 0 99.1665 133.707
40 45 0 44.8081 57.94
40 46 0 61.4446 62.5957
40 47 0 35.364 52.9736
40 48 0 46.1652 60.3749
40 49 0 47.9499 52.5643
40 50 0 59.3474 59.998
40 51 1 18.61 25.4503
40 52 0 1.42568 1.74414
40 53 0 29.8918 32.1352
40 54 0 1.14918 1.44975
40 55 0 83.3284 119.749
40 56 0 97.8854 146.052
40 57 0 97.248 134.828
40 58 0 87.4276 88.6939
40 59 0 63.237 78.2042
40 60 0 63.2356 64.6785
41 1 0 79.6013 93.5394
41 2 0 43.9317 64.7791
41 3 0 51.2126 68.5918
41 4 1 70.6036 86.7288
41 5 0 26.9744 36.3885
41 6 0 10.6533 12.0725
41 7 0 72.1123 87.4532
41 8 0 91.6593 132.376
41 9 0 98.8514 115.652
41 10 0 95.5402 131.167
41 11 0 72.4949 105.483
41 12 0 16.3674 18.1077
41 13 0 91.3895 106.91
41 14 0 86.1159 113.807
41 15 0 43.796 63.0938
41 16 0 82.3768 97.423
41 17 0 44.0107 63.8076
41 18 0 55.2763 64.666
41 19 0 78.0816 101.588
41 20 0 56.4883 77.5926
41 21 0 50.4547 65.7438
41 22 0 6.22259 6.4145
41 23 0 67.2495 71.8988
41 24 0 95.9104 112.539
41 25 0 91.1558 133.593
41 26 0 64.8634 94.9199
41 27 0 58.7335 85.2222
41 28 0 89.2091 89.5196
41 29 0 17.6873 24.0762
41 30 0 80.2561 107.324
41 31 0 33.3125 39.9371
41 32 0 14.2326 16.786
41 33 0 78.2071 109.165
41 34 0 76.8406 81.2048
41 35 0 24.8521 32.1824
41 36 0 59.1795 86.048
41 37 0 20.6482 29.4415
41 38 0 65.8058 66.3265
41 39 0 99.0551 101.315
41 40 0 49.3123 60.3793
41 42 1 0.382559 0.408365
41 43 0 29.6629 42.7928
41 44 1 78.8784 113.336
41 45 0 47.0061 59.3545
41 46 0 75.6934 112.847
41 47 0 30.8139 45.6921
41 48 0 27.9403 31.7293
41 49 0 95.2425 129.192
41 50 0 18.5671 23.4631
41 51 0 20.9601 22.2241
41 52 0 47.3034 70.5056
41 53 1 89.8511 95.3372
41 54 0 33.7312 41.8388
41 55 0 60.3718 88.6829
41 56 0 94.2274 112.111
41 57 0 59.0178 87.2192
41 58 0 69.3965 82.5795
41 59 0 83.1377 105.187
41 60 0 28.81 38.4243
42 1 0 25.7319 29.7799
42 2 1 76.2753 114.021
42 3 0 27.8054 34.4611
42 4 0 57.2872 76.708
42 5 0 12.0296 13.1075
42 6 0 40.9006 54.9471
42 7 0 7.16768 10.6972
42 8 0 23.8036 33.0528
42 9 0 90.0559 100.051
42 10 0 20.7505 21.1868
42 11 0 9.40496 13.0408
42 12 0 25.6583 36.5365
42 13 0 97.2515 127.104
42 14 0 43.9802 56.4468
42 15 1 9.1803 11.9868
42 16 0 19.1781 28.2097
42 17 0 65.6998 91.6332
42 18 0 27.4733 38.8226
42 19 1 8.53281 12.0268
42 20 0 70.0854 87.7327
42 21 1 82.0798 87.4425
42 22 0 15.4181 17.1117
42 23 0 68.0518 73.9086
42 24 0 66.6127 77.4435
42 25 0 94.6896 95.2242
42 26 0 73.7438 84.7739
42 27 0 55.5828 78.2275
42 28 0 93.3614 134.953
42 29 0 58.0063 66.6771
42 30 0 5.52304 6.57789
42 31 0 46.0284 53.6146
42 32 0 0.343314 0.506571
42 33 0 9.7595 11.9444
42 34 0 15.8451 22.5635
42 35 0 12.4121 14.6671
42 36 0 27.8484 32.3883
42 37 0 59.4272 75.4754
42 38 0 31.7114 33.5651
42 39 0 54.0329 57.6636
42 40 0 56.102 83.6846
42 41 1 78.6468 94.6804
42 43 1 6.80891 9.24418
42 44 0 92.2657 118.937
42 45 0 67.3743 96.7766
42 46 0 47.3164 64.6553
42 47 0 69.0915 95.5004
42 48 0 9.52654 12.3143
42 49 0 86.2493 109.048
42 50 0 59.4785 78.8434
42 51 0 56.5636 74.9229
42 52 0 37.3224 40.6037
42 53 0 79.4461 103.587
42 54 0 28.4862 31.751
42 55 0 32.6327 38.1834
42 56 0 64.0197 75.9346
42 57 0 12.4901 16.8666
42 58 1 87.0516 127.269
42 59 0 76.0014 80.7959
42 60 0 25.4892 37.4412
43 1 0 92.1376 109.831
43 2 0 50.1605 55.2932
43 3 0 38.0167 39.8914
43 4 0 8.47047 12.1362
43 5 0 59.4306 73.1864
43 6 0 54.8485 54.8611
43 7 0 17.1136 21.9026
43 8 0 48.4016 48.7585
43 9 0 27.3544 30.8436
43 10 0 46.7031 62.6055
43 11 1 4.31849 5.1797
43 12 0 76.9087 98.2206
43 13 0 52.6118 68.331
43 14 1 35.4985 51.0084
43 15 0 83.3346 123.272
43 16 0 12.544 15.4423
43 17 0 26.7742 31.4101
43 18 0 53.0998 77.1496
43 19 0 74.3549 102.467
43 20 0 5.2452 5.72052
43 21 0 27.4861 29.3307
43 22 0 97.3283 104.154
43 23 0 11.0133 12.041
43 24 0 24.6626 30.4957
43 25 1 26.22 28.7169
43 26 0 58.2986 77.5527
43 27 0 39.1018 45.609
43 28 0 22.7875 33.0314
43 29 0 98.0642 139.099
43 30 0 24.6184 36.2339
43 31 0 66.2924 89.6802
43 32 0 47.1605 55.6785
43 33 0 94.3865 129.918
43 34 0 47.0045 63.9911
43 35 0 23.0085 26.414
43 36 0 4.23971 6.17595
43 37 0 88.1215 100.158
43 38 0 79.917 111.745
43 39 0 4.03734 4.86615
43 40 0 40.0818 47.2302
43 41 0 9.95218 12.5401
43 42 0 61.2303 75.1365
43 44 1 21.5697 26.0928
43 45 0 25.9158 34.0463
43 46 0 64.1903 71.8634
43 47 0 87.3698 110.172
43 48 0 4.9475 5.3957
43 49 0 3.67718 5.34629
43 50 0 47.5898 56.4517
43 51 1 14.727 19.7138
43 52 0 8.87709 10.9004
43 53 1 89.3943 96.2669
43 54 0 54.763 74.4481
43 55 0 24.3041 35.433
43 56 0 21.2019 26.3329
43 57 0 16.24 22.4457
43 58 0 78.3004 115.384
43 59 0 1.11285 1.23318
43 60 0 80.9322 110.748
44 1 0 57.4887 81.9335
44 2 0 46.749 52.6663
44 3 0 48.2434 58.1746
44 4 0 41.5681 55.0622
44 5 0 38.8778 57.4265
44 6 0 2.31639 3.22906
44 7 0 13.1151 17.4341
44 8 0 34.2656 47.6397
44 9 0 7.57942 9.06148
44 10 0 1.21483 1.77311
44 11 0 11.2246 11.2894
44 12 0 31.4912 33.4209
44 13 0 86.0594 110.758
44 14 0 38.8973 40.6336
44 15 0 80.1458 100.726
44 16 1 26.3123 36.9221
44 17 0 45.7831 62.3088
44 18 0 80.3661 82.3234
44 19 0 26.6814 39.351
44 20 0 34.4614 36.5833
44 21 0 83.3128 106.088
44 22 0 38.6273 47.0288
44 23 0 76.9874 81.1114
44 24 0 58.9025 82.2574
44 25 0 31.3429 45.5558
44 26 0 28.6114 41.1693
44 27 0 55.5904 81.1173
44 28 0 6.6078 6.75148
44 29 1 0.719522 1.05974
44 30 0 93.0052 137.916
44 31 0 38.7003 44.3386
44 32 0 43.7435 62.8439
44 33 0 99.3741 133.039
44 34 0 75.9448 82.0638
44 35 0 97.618 102.051
44 36 0 42.892 51.8325
44 37 0 91.8393 108.933
44 38 0 96.2708 139.076
44 39 0 4.11862 5.96945
44 40 0 41.1936 46.9687
44 41 0 17.7468 20.8887
44 42 0 96.1538 141.565
44 43 0 31.8308 35.9571
44 45 1 13.0611 13.658
44 46 0 52.5844 64.8611
44 47 0 96.1704 131.553
44 48 0 87.6149 120.814
44 49 0 17.7014 20.5504
44 50 0 42.5173 50.0217
44 51 0 90.9527 105.056
44 52 0 70.056 84.4437
44 53 0 45.2601 62.7695
44 54 0 92.0998 116.64
44 55 0 72.3271 107.056
44 56 0 35.4548 40.5618
44 57 0 83.6576 120.012
44 58 0 32.5307 40.2056
44 59 1 43.9437 47.8426
44 60 0 7.35309 9.36811
45 1 0 40.3855 47.5094
45 2 0 23.0673 24.5159
45 3 1 57.3655 63.7803
45 4 0 65.544 76.5313
45 5 0 76.4705 89.6883
45 6 0 86.4053 109.339
45 7 0 71.683 91.8779
45 8 0 1.11902 1.19863
45 9 0 58.6718 58.9279
45 10 1 93.2142 122.874
45 11 0 83.3959 108.365
45 12 0 82.321 85.0229
45 13 0 3.27938 4.09434
45 14 0 80.817 101.062
45 15 0 21.3167 26.583
45 16 0 41.7264 43.6462
45 17 0 99.7366 111.16
45 18 0 62.5169 85.384
45 19 0 50.2488 55.6401
45 20 0 21.7788 23.4265
45 21 0 4.93084 6.3011
45 22 0 49.8188 71.6418
45 23 0 12.227 15.3305
45 24 0 39.1878 49.6968
45 25 0 78.3855 107.11
45 26 0 4.43297 5.02747
45 27 1 96.0646 136.619
45 28 0 36.7295 37.4621
45 29 0 11.637 14.2302
45 30 0 20.761 25.5113
45 31 0 75.7182 91.5985
45 32 0 32.2055 36.4912
45 33 0 68.5813 92.8629
45 34 0 56.817 76.131
45 35 0 73.2564 89.3237
45 36 0 35.1944 50.0889
45 37 0 95.7809 107.873
45 38 0 48.4082 52.9418
45 39 0 57.864 68.9808
45 40 0 27.299 29.4332
45 41 0 70.6006 98.6515
45 42 0 23.9808 35.1444
45 43 0 24.3823 30.635
45 44 1 82.2761 92.8344
45 46 1 85.0003 97.8189
45 47 0 77.963 98.5892
45 48 0 64.346 87.7049
45 49 0 24.8908 27.2179
45 50 0 14.9943 17.3659
45 51 0 22.0219 23.6518
45 52 0 8.83385 10.2823
45 53 0 97.3748 112.836
45 54 0 85.0256 125.804
45 55 0 82.7528 100.273
45 56 0 8.9618 11.749
45 57 0 27.4779 29.7702
45 58 0 71.472 104.538
45 59 0 30.6528 32.0934
45 60 0 56.1398 63.7889
46 1 0 41.7231 53.6412
46 2 0 72.6117 83.4807
46 3 0 14.8598 19.5822
46 4 0 70.5747 95.5871
46 5 0 71.6629 75.028
46 6 0 30.7714 40.1626
46 7 0 38.3091 38.9591
46 8 0 30.437 42.3364
46 9 0 40.773 55.4974
46 10 0 69.7487 95.4514
46 11 0 74.9355 101.265
46 12 1 66.2909 77.4374
46 13 0 94.7181 104.25
46 14 0 64.1777 93.4014
46 15 0 7.28916 7.66618
46 16 0 16.9865 17.1395
46 17 0 20.9902 22.7285
46 18 0 4.16876 4.94228
46 19 0 91.0245 128.363
46 20 0 19.5992 23.8955
46 21 0 62.9685 91.1793
46 22 0 12.5054 18.7455
46 23 0 51.885 74.9625
46 24 0 39.0537 53.2109
46 25 0 71.0774 89.678
46 26 0 74.1692 93.7711
46 27 0 61.7521 70.9071
46 28 0 73.3394 92.1582
46 29 0 53.3427 63.7012
46 30 0 60.4373 74.2607
46 31 0 31.4465 36.2651
46 32 0 62.6879 76.9145
46 33 0 42.5038 56.7027
46 34 0 96.6427 117.34
46 35 0 41.5906 51.833
46 36 0 4.81806 6.59636
46 37 0 11.9057 15.2777
46 38 0 89.7902 101.395
46 39 0 12.2916 16.7675
46 40 0 49.2974 63.638
46 41 0 35.4354 40.5836
46 42 0 48.4896 51.4689
46 43 0 54.1087 79.9683
46 44 0 38.8983 53.0006
46 45 0 64.8957 83.5516
46 47 1 63.3648 74.9021
46 48 0 36.5837 40.3235
46 49 0 5.45379 5.72551
46 50 0 64.958 88.2745
46 51 0 73.2805 95.798
46 52 0 22.1597 31.4402
46 53 1 49.7785 55.3101
46 54 0 61.9179 83.9822
46 55 0 64.0525 80.7437
46 56 0 67.8067 84.3026
46 57 0 68.2121 84.6017
46 58 0 25.1351 31.575
46 59 1 92.0016 131.755
46 60 0 98.3466 125.534
47 1 0 20.3312 26.5896
47 2 0 10.7064 12.5879
47 3 0 22.6604 30.6019
47 4 1 5.3735 6.08053
47 5 0 55.231 72.1427
47 6 0 53.7774 59.0643
47 7 0 38.3127 44.6538
47 8 0 36.9154 52.4753
47 9 0 26.046 29.0708
47 10 0 89.1085 119.441
47 11 0 41.7161 49.3304
47 12 0 98.3498 128.214
47 13 0 81.1837 104.872
47 14 0 53.9948 67.525
47 15 0 20.7716 26.7899
47 16 0 54.177 76.2703
47 17 0 61.1613 82.9655
47 18 0 40.6656 43.3732
47 19 0 53.1988 60.3523
47 20 0 30.0348 31.1344
47 21 0 97.239 107.025
47 22 0 12.4238 13.5076
47 23 0 53.5297 58.8107
47 24 0 61.4478 69.5125
47 25 0 94.506 107.979
47 26 0 77.0987 109.005
47 27 0 26.0729 35.114
47 28 0 31.617 32.0828
47 29 0 30.931 43.419
47 30 0 53.5961 60.3434
47 31 0 9.05584 12.8974
47 32 0 77.8242 86.784
47 33 0 51.8321 65.3721
47 34 0 5.81097 7.91848
47 35 0 91.9878 135.006
47 36 0 46.5152 54.9245
47 37 0 45.8141 62.2294
47 38 0 18.3669 18.674
47 39 0 91.7572 118.094
47 40 0 87.31 90.182
47 41 0 5.7394 6.08452
47 42 0 2.80165 3.39546
47 43 0 45.0689 54.8411
47 44 0 91.8387 120.202
47 45 0 13.5007 19.965
47 46 0 61.1832 81.8893
47 48 1 38.9417 44.6402
47 49 0 7.71127 8.63075
47 50 0 48.9094 53.6398
47 51 0 12.3544 16.7369
47 52 0 49.474 54.9117
47 53 1 58.76 85.388
47 54 0 62.1035 92.3402
47 55 0 1.58171 1.79142
47 56 0 83.8652 84.0607
47 57 0 62.1596 64.7789
47 58 1 74.4508 87.1606
47 59 0 27.12 30.3898
47 60 0 42.0206 51.5102
48 1 0 63.1619 72.7851
48 2 0 66.3667 94.6732
48 3 0 45.2186 53.6857
48 4 0 93.3747 134.807
48 5 1 48.0249 62.9201
48 6 1 97.3088 125.393
48 7 0 89.5847 113.633
48 8 0 86.6813 126.861
48 9 0 5.95519 6.43124
48 10 0 88.8225 117.378
48 11 0 71.6249 83.3344
48 12 0 2.27009 3.18682
48 13 0 94.3983 114.273
48 14 1 91.8398 104.169
48 15 0 65.2849 95.8357
48 16 0 87.0254 92.211
48 17 0 99.9066 119.754
48 18 0 42.3378 54.0649
48 19 0 50.3175 64.8019
48 20 0 58.1188 69.7854
48 21 0 69.0054 98.8624
48 22 0 53.9749 70.0783
48 23 0 50.0713 57.4111
48 24 0 17.1082 22.4735
48 25 0 33.7367 36.6407
48 26 0 41.0206 60.7647
48 27 0 63.7304 72.0241
48 28 0 70.6127 83.3848
48 29 0 96.9559 133.127
48 30 0 43.4321 62.7117
48 31 0 79.9455 85.5282
48 32 0 7.06617 7.99496
48 33 0 49.2449 72.4696
48 34 0 42.9727 51.8487
48 35 0 5.46231 6.64684
48 36 0 30.982 35.3195
48 37 0 33.7925 50.3945
48 38 0 45.3192 46.8413
48 39 0 67.2973 99.1457
48 40 0 36.2925 41.7009
48 41 0 3.28028 4.50583
48 42 0 25.8447 33.4009
48 43 0 96.677 130.289
48 44 0 76.6712 96.2609
48 45 0 19.8821 20.6983
48 46 1 37.6468 47.9079
48 47 1 23.2135 34.4637
48 49 1 32.2602 32.2899
48 50 0 14.5375 14.781
48 51 0 55.0069 69.7307
48 52 0 38.5968 55.454
48 53 1 36.0332 50.6596
48 54 0 56.5207 79.386
48 55 0 36.794 49.0767
48 56 0 98.5631 119.69
48 57 0 79.8183 119.696
48 58 0 5.00269 7.3351
48 59 0 43.755 64.4843
48 60 0 31.5307 46.4423
49 1 0 39.477 41.7384
49 2 0 27.5718 40.2027
49 3 0 90.2351 106.817
49 4 0 14.6935 21.1824
49 5 0 90.7003 124.496
49 6 0 12.6596 18.7296
49 7 1 2.87222 3.6505
49 8 0 55.3922 62.036
49 9 0 99.1092 113.351
49 10 0 30.3946 43.9435
49 11 1 72.7087 107.3
49 12 0 87.8348 88.1874
49 13 0 31.7726 34.009
49 14 0 0.122685 0.179499
49 15 0 14.5154 16.0791
49 16 1 3.92185 5.34859
49 17 0 39.6533 55.7404
49 18 0 61.9752 66.9975
49 19 1 9.06957 10.2787
49 20 0 80.2354 103.172
49 21 1 42.1991 45.6752
49 22 0 61.7556 77.7763
49 23 0 3.39994 3.82011
49 24 0 14.4071 18.0244
49 25 0 75.0232 106.4
49 26 0 27.5202 28.6353
49 27 0 16.5069 17.3367
49 28 0 52.7605 62.1894
49 29 0 96.9449 104.42
49 30 0 95.4934 98.7258
49 31 1 81.5093 110.933
49 32 0 52.6988 68.434
49 33 0 24.794 29.4599
49 34 0 10.608 14.6878
49 35 0 79.3239 83.4403
49 36 0 96.7921 107.153
49 37 0 50.0844 53.5465
49 38 0 82.7455 105.12
49 39 0 68.637 101.07
49 40 0 36.4168 52.902
49 41 0 82.3306 95.2039
49 42 0 64.3222 78.2334
49 43 0 43.8017 49.3784
49 44 0 53.323 57.3835
49 45 0 60.5162 83.0234
49 46 0 41.3393 53.9008
49 47 0 84.0091 88.0715
49 48 0 24.6986 29.9174
49 50 1 90.1079 131.873
49 51 1 86.4085 121.099
49 52 0 87.7458 119.787
49 53 1 74.631 89.6216
49 54 0 13.1961 16.3494
49 55 0 44.1271 51.5318
49 56 0 94.7564 124.854
49 57 0 63.2108 80.0906
49 58 0 9.41243 12.7301
49 59 0 42.8504 56.1326
49 60 0 93.4197 130.16
50 1 0 73.4815 105.006
50 2 1 64.9466 86.9954
50 3 0 50.9671 75.4427
50 4 0 83.5523 92.4287
50 5 0 4.16803 5.32352
50 6 0 58.6645 76.228
50 7 0 50.4839 67.4203
50 8 1 13.8303 17.9285
50 9 0 58.1712 77.7155
50 10 0 16.7067 21.5451
50 11 0 39.1399 56.0846
50 12 0 39.5908 40.2004
50 13 0 44.7998 55.0836
50 14 0 83.6994 100.476
50 15 0 45.7466 52.6794
50 16 0 84.2211 114.389
50 17 0 3.73357 4.93289
50 18 0 62.707 70.7055
50 19 0 74.916 76.3951
50 20 0 17.4377 17.6427
50 21 0 7.47574 8.79204
50 22 0 42.7677 48.8488
50 23 0 3.4204 4.3604
50 24 0 77.6332 103.867
50 25 1 44.4245 52.2733
50 26 0 50.0545 67.1206
50 27 0 89.2099 130.566
50 28 0 47.2401 53.2591
50 29 0 15.6579 16.088
50 30 0 17.9311 20.789
50 31 0 70.0343 91.1989
50 32 0 75.1699 103.623
50 33 0 44.774 49.1848
50 34 0 17.3927 18.7497
50 35 1 67.1275 88.5183
50 36 0 63.8835 79.2416
50 37 0 81.7773 87.9655
50 38 0 65.7153 87.0493
50 39 0 99.1323 126.693
50 40 0 12.1527 13.9376
50 41 1 3.3024 4.49286
50 42 0 85.5028 125.803
50 43 0 23.3026 28.0167
50 44 0 52.1008 77.2438
50 45 0 19.5493 20.2808
50 46 0 32.1316 35.4721
50 47 0 68.01 98.8823
50 48 0 84.7743 102.652
50 49 0 96.2835 135.055
50 51 1 89.4166 93.4483
50 52 0 65.285 83.379
50 53 0 16.3326 18.1213
50 54 0 7.28858 8.31113
50 55 0 67.7933 86.8272
50 56 0 5.10565 5.94606
50 57 0 45.6534 47.5182
50 58 0 67.4247 91.7945
50 59 0 81.0288 97.9439
50 60 0 87.3305 101.049
51 1 0 10.7027 11.6121
51 2 0 83.932 108.996
51 3 1 1.42112 1.4282
51 4 0 44.5573 57.2
51 5 0 66.3057 95.0253
51 6 0 99.1333 125.237
51 7 0 2.06366 2.96641
51 8 0 90.1658 108.86
51 9 0 18.159 24.4956
51 10 0 89.0367 128.357
51 11 0 24.172 35.4625
51 12 0 36.177 53.619
51 13 0 14.4117 20.6428
51 14 0 51.2229 73.4573
51 15 0 26.3491 27.2104
51 16 0 43.0796 49.2621
51 17 0 1.21887 1.47043
51 18 0 5.77284 8.28937
51 19 0 50.715 69.5846
51 20 0 48.3435 49.0075
51 21 0 44.7117 59.4851
51 22 0 16.0448 22.1271
51 23 0 58.7068 69.2241
51 24 0 2.8921 4.00439
51 25 0 21.0982 28.2782
51 26 0 49.1338 70.1951
51 27 0 75.6782 100.213
51 28 0 11.8622 14.0488
51 29 0 78.1456 89.4643
51 30 0 33.1131 33.9521
51 31 0 91.9025 118.1
51 32 0 86.6138 111.351
51 33 0 31.5927 39.8675
51 34 0 34.5897 41.7115
51 35 0 6.90436 9.15651
51 36 0 39.6014 45.9963
51 37 0 49.4427 65.4366
51 38 0 57.8128 72.57
51 39 0 98.0226 104.341
51 40 0 90.0164 105.523
51 41 0 85.749 88.6042
51 42 0 27.3707 38.8625
51 43 1 9.49573 12.0107
51 44 0 87.3986 110.472
51 45 0 53.6355 61.1198
51 46 0 70.3996 92.6876
51 47 0 11.966 12.1695
51 48 0 96.6544 102.683
51 49 0 80.8422 107.456
51 50 0 8.90906 10.6123
51 52 1 31.6018 42.8575
51 53 0 18.9177 20.72
51 54 0 75.7338 85.4894
51 55 0 60.2658 84.2999
51 56 0 6.4493 7.2365
51 57 0 64.9432 65.0681
51 58 0 98.1013 130.391
51 59 0 70.7924 102.625
51 60 0 98.577 115.755
52 1 0 3.23246 4.75934
52 2 0 97.4702 137.715
52 3 0 79.1405 96.7214
52 4 0 99.2661 129.4
52 5 1 9.3215 12.1511
52 6 0 83.7617 124.069
52 7 0 93.8115 110.676
52 8 0 85.4286 99.8904
52 9 0 69.7549 78.7944
52 10 0 27.9216 32.63
52 11 0 52.6386 78.6782
52 12 0 82.3928 107.513
52 13 0 37.0543 46.7139
52 14 0 50.5056 63.3638
52 15 0 76.5166 84.7902
52 16 0 57.7241 76.6369
52 17 0 32.1396 36.8324
52 18 0 36.6654 41.5424
52 19 0 96.33 113.813
52 20 0 71.0832 74.0416
52 21 0 64.6589 92.1206
52 22 0 83.5963 99.9388
52 23 0 15.2434 21.5781
52 24 0 41.5034 61.4444
52 25 0 94.7177 129.642
52 26 0 6.83522 9.45565
52 27 0 93.0765 93.4181
52 28 0 49.6357 61.8924
52 29 0 99.5619 115.895
52 30 0 89.0458 116.559
52 31 0 7.16687 8.89819
52 32 0 22.3851 30.5051
52 33 0 83.5013 93.0099
52 34 0 44.9329 63.8216
52 35 0 23.9532 26.5617
52 36 0 74.8039 104.28
52 37 1 31.2381 36.1606
52 38 0 57.2983 60.6861
52 39 0 19.7013 22.0128
52 40 0 34.6319 43.171
52 41 0 64.8603 81.893
52 42 0 25.1708 33.1096
52 43 0 22.757 29.788
52 44 0 57.6236 71.409
52 45 0 39.3796 39.8643
52 46 0 61.2264 87.861
52 47 0 69.2916 69.9017
52 48 0 79.4981 91.4416
52 49 0 66.5193 76.8113
52 50 0 64.6451 73.1974
52 51 1 76.906 108.656
52 53 1 26.6842 34.0563
52 54 0 59.2652 87.7009
52 55 0 10.2507 13.0826
52 56 1 83.5774 117.172
52 57 0 29.3893 42.8347
52 58 0 61.0186 79.3525
52 59 0 58.3704 79.8176
52 60 0 24.3192 27.4805
53 1 0 70.501 71.6028
53 2 0 31.6856 32.8924
53 3 0 20.4537 30.2516
53 4 0 53.1554 64.1413
53 5 0 70.0005 95.2475
53 6 0 70.824 102.626
53 7 0 4.86483 6.40592
53 8 0 13.7389 17.9998
53 9 0 87.8157 123.408
53 10 0 55.7213 79.8358
53 11 1 1.09507 1.11849
53 12 0 66.1377 75.1106
53 13 0 11.3905 16.3146
53 14 0 32.349 46.0335
53 15 0 39.3412 40.0028
53 16 0 83.0522 109.488
53 17 0 89.9123 122.022
53 18 0 55.0491 65.1481
53 19 0 10.7142 11.6691
53 20 1 66.2632 83.0307
53 21 0 85.8075 115.645
53 22 0 95.3927 139.984
53 23 0 48.3026 50.7136
53 24 0 80.7598 83.1976
53 25 0 39.5259 55.9694
53 26 1 55.1747 64.6761
53 27 0 31.1205 31.5997
53 28 0 55.2214 78.3181
53 29 0 6.79986 8.89504
53 30 0 7.18598 7.66589
53 31 0 91.114 97.9852
53 32 0 60.4269 61.7975
53 33 0 6.71575 9.01746
53 34 0 53.2601 63.6869
53 35 0 28.91 42.7133
53 36 0 85.3233 101.559
53 37 0 39.6515 42.7211
53 38 0 15.1132 18.3838
53 39 0 19.5725 21.0736
53 40 0 7.53859 11.013
53 41 0 13.94 16.9932
53 42 0 23.9851 28.83
53 43 0 5.46622 5.67956
53 44 0 69.1688 83.7548
53 45 0 63.2575 70.5022
53 46 0 40.957 54.438
53 47 0 17.7812 23.0198
53 48 0 82.0014 92.7111
53 49 0 20.5992 24.4655
53 50 0 18.1132 22.7085
53 51 0 13.897 17.7662
53 52 1 59.6318 65.2942
53 54 1 88.9254 129.873
53 55 0 11.1579 15.0153
53 56 0 41.783 57.5802
53 57 0 17.2198 23.7733
53 58 0 3.99586 4.91759
53 59 0 86.5126 114.428
53 60 0 19.4104 19.81
54 1 0 88.1302 103.91
54 2 0 65.6354 71.2224
54 3 0 47.2862 60.2585
54 4 0 9.92488 12.1621
54 5 0 34.7535 40.1437
54 6 0 82.0835 122.693
54 7 0 67.2927 98.2474
54 8 0 21.1949 28.1137
54 9 1 8.19195 10.0655
54 10 0 28.5869 38.4159
54 11 0 69.3473 98.398
54 12 0 17.8007 20.975
54 13 0 47.6345 63.8603
54 14 0 22.8937 28.7008
54 15 0 30.8256 40.7127
54 16 0 33.8889 40.6668
54 17 0 85.8842 89.5855
54 18 0 34.1291 48.4418
54 19 0 75.6967 77.7478
54 20 0 63.9888 88.7431
54 21 0 76.5406 105.464
54 22 0 45.9124 63.2611
54 23 0 45.5797 58.325
54 24 0 95.122 127.359
54 25 0 23.4373 25.5298
54 26 0 57.8502 85.4616
54 27 1 71.6728 79.1571
54 28 0 71.5072 105.397
54 29 0 46.3773 58.9888
54 30 0 15.4879 18.9188
54 31 0 58.39 85.4842
54 32 0 22.2613 23.6225
54 33 0 15.7269 17.3269
54 34 0 21.7057 29.9184
54 35 0 46.1148 55.4909
54 36 0 44.0743 58.6809
54 37 0 46.1588 50.8001
54 38 1 90.8235 111.693
54 39 0 42.2237 49.3791
54 40 0 1.93655 2.12235
54 41 0 72.9271 81.4114
54 42 0 79.292 118.729
54 43 0 7.49183 10.6541
54 44 0 50.7785 57.7272
54 45 0 17.8552 21.6261
54 46 0 22.2693 24.0954
54 47 0 2.77993 4.08393
54 48 0 59.2717 69.7146
54 49 0 33.0043 46.3362
54 50 0 68.4207 98.6514
54 51 0 12.087 12.7011
54 52 0 73.6922 107.854
54 53 0 78.6951 93.4769
54 55 1 95.0868 114.737
54 56 0 4.9453 6.66008
54 57 0 93.6951 121.079
54 58 0 24.0028 25.87
54 59 0 97.0054 131.066
54 60 0 30.1931 36.0138
55 1 0 87.9798 130.834
55 2 0 82.0742 95.5728
55 3 0 5.92682 8.38897
55 4 0 41.0985 48.552
55 5 0 15.0151 18.1211
55 6 0 56.645 81.2945
55 7 0 70.4624 86.2054
55 8 0 63.2917 82.8603
55 9 0 48.9101 54.3142
55 10 1 8.11316 10.48
55 11 0 97.7078 106.97
55 12 0 23.8048 25.1423
55 13 0 27.5019 28.4464
55 14 0 25.1398 32.9967
55 15 0 84.095 94.9992
55 16 0 53.1026 57.8177
55 17 0 75.3892 99.0174
55 18 1 32.3612 44.6158
55 19 0 61.292 87.6533
55 20 0 61.0294 68.2424
55 21 0 37.7804 39.7737
55 22 0 31.3991 32.0698
55 23 0 92.7672 100.684
55 24 0 42.1031 54.9089
55 25 0 96.4916 98.6391
55 26 0 24.9028 30.333
55 27 0 40.2442 42.6928
55 28 0 49.5911 52.4096
55 29 0 72.836 91.9785
55 30 0 92.0716 92.8119
55 31 0 89.2916 100.827
55 32 0 58.8953 87.6765
55 33 0 41.0725 45.9455
55 34 0 23.8694 24.3751
55 35 0 60.3617 85.1173
55 36 0 74.823 106.507
55 37 0 66.6173 95.5363
55 38 0 35.4283 44.0263
55 39 0 44.821 64.5504
55 40 1 70.9064 89.3134
55 41 0 5.28843 5.96692
55 42 0 94.6687 104.077
55 43 0 73.5563 82.3751
55 44 0 69.4758 86.731
55 45 0 90.259 109.174
55 46 0 67.6978 94.235
55 47 0 80.3712 96.6695
55 48 0 46.5833 69.5773
55 49 0 25.1913 33.5853
55 50 0 84.2761 103.028
55 51 0 27.955 39.5058
55 52 0 35.7107 49.6432
55 53 0 98.3891 135.266
55 54 0 14.5202 21.6019
55 56 1 77.4135 91.1172
55 57 1 27.1371 28.3732
55 58 0 45.7406 47.165
55 59 1 22.7545 27.9451
55 60 0 14.0429 14.1955
56 1 0 88.3997 115.035
56 2 0 50.4462 51.1168
56 3 0 39.5328 51.7371
56 4 0 98.9475 104.027
56 5 0 96.6852 111.209
56 6 0 93.6545 113.414
56 7 0 36.6554 38.9248
56 8 0 61.9323 66.1582
56 9 0 18.2525 23.5264
56 10 0 65.8057 82.1078
56 11 0 49.1789 69.5272
56 12 0 10.0176 11.279
56 13 0 42.8567 57.4207
56 14 0 34.4508 48.2398
56 15 0 39.3316 40.9513
56 16 0 4.68368 5.40096
56 17 0 82.257 108.111
56 18 0 90.3698 127.091
56 19 0 17.5976 23.5286
56 20 0 77.0638 104.094
56 21 1 32.113 38.6619
56 22 1 34.5292 38.972
56 23 0 25.3386 26.8671
56 24 0 23.3048 34.9341
56 25 0 83.6889 108.253
56 26 0 74.1087 97.0863
56 27 0 51.5335 68.5235
56 28 0 62.2541 66.756
56 29 0 46.9791 61.4508
56 30 0 64.0711 79.1099
56 31 0 82.6247 87.4589
56 32 0 17.4565 24.489
56 33 0 55.1279 82.4301
56 34 0 20.6501 27.5066
56 35 0 80.2372 115.967
56 36 0 49.6414 57.4562
56 37 0 27.9432 29.7719
56 38 0 25.7142 28.1172
56 39 0 89.1771 123.658
56 40 0 44.4431 59.4849
56 41 0 84.208 105.465
56 42 1 16.0232 21.5225
56 43 0 2.33115 3.39033
56 44 0 70.2785 86.1661
56 45 0 24.3084 30.3017
56 46 0 77.9388 81.0362
56 47 0 34.9061 41.6674
56 48 0 35.0227 40.0036
56 49 0 34.928 52.1955
56 50 0 34.3668 42.4095
56 51 1 66.8373 72.4935
56 52 0 10.5589 13.704
56 53 0 42.7398 49.0414
56 54 0 28.0731 39.7912
56 55 0 0.0382996 0.0538172
56 57 1 53.8866 77.1451
56 58 0 79.6521 108.757
56 59 0 74.9647 100.811
56 60 0 90.8932 127.728
57 1 0 43.1867 55.7751
57 2 1 1.86682 1.95315
57 3 0 60.3117 79.6555
57 4 0 1.66169 2.40384
57 5 0 54.7311 60.1994
57 6 0 93.7602 96.5929
57 7 0 20.9105 29.6348
57 8 0 12.9871 14.0181
57 9 0 59.9106 73.6205
57 10 0 65.1772 95.1452
57 11 0 41.4896 53.6982
57 12 0 33.1264 36.0916
57 13 0 58.8799 80.0245
57 14 0 96.1644 128.409
57 15 0 96.0274 128.088
57 16 0 42.9839 53.872
57 17 0 81.3323 117.492
57 18 1 75.4188 76.1571
57 19 0 29.46 38.9364
57 20 0 86.4853 95.7452
57 21 0 33.7757 34.9423
57 22 0 51.8305 72.5822
57 23 0 41.5661 62.0266
57 24 0 98.3664 144.635
57 25 0 18.5471 20.1221
57 26 0 64.3204 95.8221
57 27 1 11.9284 16.4096
57 28 0 80.0322 97.3294
57 29 0 26.983 31.1875
57 30 0 75.5614 91.5669
57 31 0 1.92211 1.93575
57 32 0 32.7132 46.4378
57 33 0 28.1109 38.5467
57 34 0 9.1918 11.0454
57 35 0 54.9423 56.5079
57 36 0 9.94205 10.023
57 37 0 94.8044 99.4406
57 38 0 30.4039 43.5088
57 39 0 4.85509 6.00385
57 40 0 71.3021 93.9855
57 41 0 11.3653 14.4677
57 42 0 54.7252 63.4313
57 43 0 84.4145 103.636
57 44 0 99.4305 113.595
57 45 0 53.9636 66.5246
57 46 0 57.5381 61.2379
57 47 0 15.627 22.1781
57 48 1 65.9675 92.971
57 49 0 71.594 72.3253
57 50 0 98.1423 120.422
57 51 0 95.5911 102.507
57 52 0 66.1024 94.5815
57 53 0 99.1883 118.47
57 54 0 46.5621 52.87
57 55 0 93.6916 129.31
57 56 0 44.6917 47.6393
57 58 1 32.2181 44.9863
57 59 0 82.8199 102.257
57 60 0 44.6779 53.6039
58 1 0 97.4756 123.397
58 2 0 57.6871 61.162
58 3 0 80.9915 113.378
58 4 0 78.0097 105.854
58 5 0 86.6618 123.917
58 6 0 43.1008 64.3236
58 7 0 69.4326 74.004
58 8 0 56.9909 81.4972
58 9 0 33.9214 49.9719
58 10 0 29.5205 29.8203
58 11 1 82.6993 109.423
58 12 1 51.7479 67.0258
58 13 0 60.0446 68.9082
58 14 0 85.6019 104.936
58 15 0 46.608 48.9139
58 16 0 26.3392 37.639
58 17 0 54.165 68.5636
58 18 0 0.201166 0.271885
58 19 0 24.0663 33.3122
58 20 0 16.1855 23.9792
58 21 0 24.4778 31.6215
58 22 0 69.9217 82.297
58 23 0 11.7397 15.0622
58 24 0 78.1673 93.5527
58 25 1 16.4432 23.7078
58 26 0 74.1409 85.4379
58 27 0 2.93001 3.3093
58 28 0 93.2629 130.935
58 29 0 31.0464 43.0633
58 30 0 96.6997 112.898
58 31 0 68.4937 96.5076
58 32 0 74.2047 87.3963
58 33 0 98.5794 105.771
58 34 1 83.5208 110.474
58 35 1 31.9172 46.4946
58 36 1 65.7224 82.8506
58 37 0 1.43382 1.53693
58 38 0 23.6445 33.9559
58 39 0 85.6882 94.2573
58 40 0 22.1596 30.351
58 41 0 55.3493 75.8847
58 42 0 53.1441 53.8541
58 43 0 10.5795 15.8595
58 44 0 29.931 30.4169
58 45 0 20.7131 22.3243
58 46 0 31.9024 47.3888
58 47 0 27.2413 35.7261
58 48 0 98.7715 109.445
58 49 0 79.5446 92.3754
58 50 0 50.5507 71.4745
58 51 0 32.8073 39.9811
58 52 0 35.8892 40.2177
58 53 0 2.16897 2.75072
58 54 0 22.482 28.262
58 55 0 71.0603 94.8069
58 56 0 61.3274 81.7817
58 57 0 91.7131 120.606
58 59 1 7.94536 8.53444
58 60 0 50.9183 73.3279
59 1 0 92.3917 135.915
59 2 0 37.7245 48.6762
59 3 1 65.2747 72.1017
59 4 0 14.9696 15.9181
59 5 0 83.7738 110.952
59 6 0 5.64213 8.02752
59 7 0 26.6079 29.6138
59 8 0 90.5294 123.767
59 9 0 43.7017 45.5073
59 10 0 40.9658 52.4698
59 11 0 90.1149 107.07
59 12 0 46.9501 62.0572
59 13 1 72.7334 101.901
59 14 0 98.2198 127.515
59 15 0 28.2936 35.7505
59 16 0 99.9101 114.039
59 17 0 3.72442 4.7117
59 18 1 73.7099 106.574
59 19 0 83.3286 88.0636
59 20 0 64.1979 76.9799
59 21 0 80.964 100.865
59 22 0 30.582 43.0234
59 23 0 96.2984 141.353
59 24 0 24.2935 27.505
59 25 1 55.9827 70.6897
59 26 0 9.46128 13.3944
59 27 0 15.791 15.9191
59 28 0 5.75347 8.07506
59 29 0 31.0339 36.9385
59 30 0 92.8777 124.55
59 31 0 96.3789 130.613
59 32 0 96.2433 96.9772
59 33 0 78.2813 86.7724
59 34 0 33.9676 42.9608
59 35 0 27.9126 28.5974
59 36 1 42.259 56.416
59 37 0 60.9185 83.6036
59 38 0 64.9496 97.2
59 39 0 67.6524 94.4254
59 40 0 44.0425 45.4612
59 41 0 36.8001 52.8385
59 42 0 27.1203 39.3821
59 43 1 11.4267 14.2362
59 44 0 17.4453 25.2992
59 45 0 3.19179 3.85599
59 46 0 44.4855 63.9778
59 47 0 93.8605 140.617
59 48 0 74.0657 109.471
59 49 1 87.1506 89.195
59 50 0 55.0111 81.1412
59 51 0 73.9286 74.6423
59 52 0 27.6129 32.352
59 53 0 69.742 95.7784
59 54 0 0.491756 0.578084
59 55 0 10.5882 11.8781
59 56 0 54.4122 76.686
59 57 0 57.6286 76.1636
59 58 0 9.71415 11.8511
59 60 1 21.8916 24.8456
60 1 1 61.6097 75.3911
60 2 0 25.1932 32.6902
60 3 0 33.3354 42.3995
60 4 0 31.3745 44.7988
60 5 0 57.4297 75.9967
60 6 0 52.3381 72.9432
60 7 0 74.0761 85.9017
60 8 0 64.1181 82.6659
60 9 0 22.4426 28.3971
60 10 0 52.0049 76.8469
60 11 1 19.5343 23.1606
60 12 0 89.5006 113.896
60 13 0 56.5294 84.2571
60 14 0 84.8884 87.1461
60 15 0 89.7458 113.218
60 16 0 41.2644 55.9359
60 17 0 48.3028 56.3289
60 18 0 90.1817 94.0913
60 19 0 85.309 92.8127
60 20 0 7.62095 8.99943
60 21 0 34.9363 51.113
60 22 0 12.606 16.4385
60 23 0 61.264 73.1089
60 24 0 45.6373 63.6575
60 25 0 25.4346 37.1857
60 26 0 26.0342 27.8723
60 27 0 34.2202 44.6202
60 28 0 21.2105 24.3258
60 29 0 11.6464 16.3098
60 30 0 45.7348 55.8556
60 31 0 99.1809 112.407
60 32 0 87.4833 109.713
60 33 0 10.1243 13.4008
60 34 0 44.5873 61.1705
60 35 0 78.3573 106.005
60 36 0 64.3453 77.6007
60 37 0 31.8781 46.0659
60 38 1 38.9255 46.7445
60 39 0 40.0536 41.7426
60 40 0 8.13795 11.4168
60 41 0 59.1227 85.0989
60 42 0 30.0594 30.6408
60 43 0 68.0984 101.203
60 44 1 91.9494 115.121
60 45 0 30.0993 35.296
60 46 0 81.0583 96.7547
60 47 0 31.3587 34.3068
60 48 0 96.3294 99.3211
60 49 0 79.8374 85.8779
60 50 0 30.5154 38.0277
60 51 0 46.7383 69.1119
60 52 0 89.0005 106.547
60 53 0 8.21147 11.9903
60 54 0 60.1333 77.5674
60 55 1 16.3443 18.2954
60 56 0 6.04969 6.35397
60 57 0 77.1301 108.349
60 58 0 61.1261 61.7429
60 59 0 56.646 59.5303
19.3734 27.474 12.7628 39.8484 6.70863 20.119 34.5282 24.8768 10.7959 13.9858 35.5964 13.4459 31.0269 36.8164 8.54806 37.1935 31.3865 21.6707 25.6084 2.01264 21.3855 11.1066 35.2418 23.7461 26.4268 35.161 8.1742 32.8388 34.8111 10.0131 33.9625 28.1314 25.9876 28.7703 20.5603 14.9063 28.9893 21.6033 8.627 22.8775 23.8083 10.4263 3.88611 36.8379 1.17293 24.1247 7.61884 0.0425841 26.0803 12.4413 9.53892 33.4586 22.9516 35.7118 16.9348 25.2597 26.3146 26.1044 18.9486 6.32327 