60
300
2
100
1 2 1 61.5226 79.0897
1 3 0 22.6519 31.6947
1 4 0 55.3149 66.1315
1 5 0 33.9357 42.8348
1 6 0 79.185 108.343
1 7 0 20.2852 20.9631
1 8 0 93.8602 109.768
1 9 0 13.0523 19.4693
1 10 0 93.654 115.672
1 11 0 57.9517 82.1342
1 12 0 2.98197 4.05125
1 13 0 32.6063 36.6886
1 14 0 28.3938 33.8402
1 15 0 91.1573 107.966
1 16 0 98.9604 135.678
1 17 0 60.7224 82.5342
1 18 0 64.1975 86.4745
1 19 0 64.9645 93.2723
1 20 0 95.4019 131.324
1 21 0 88.3168 92.7021
1 22 0 20.0001 23.5042
1 23 0 35.3298 39.7825
1 24 0 82.603 94.4041
1 25 0 55.2153 81.9251
1 26 0 13.8709 19.3473
1 27 0 40.7389 46.3035
1 28 0 67.7191 84.532
1 29 1 79.5225 117.495
1 30 0 14.74 21.098
1 31 1 80.4557 98.1316
1 32 0 5.56945 5.89535
1 33 0 17.9736 24.4134
1 34 0 9.296 9.47477
1 35 0 3.10111 3.21262
1 36 0 40.8639 47.5469
1 37 0 18.2459 21.0903
1 38 0 39.7641 49.2726
1 39 0 58.3302 66.7499
1 40 0 27.0804 32.3468
1 41 0 57.6839 66.0536
1 42 0 91.0754 122.894
1 43 0 88.9405 101.453
1 44 0 51.8078 52.9941
1 45 0 87.1966 130.185
1 46 0 61.4851 65.4451
1 47 0 87.0646 106.668
1 48 0 46.1067 59.5169
1 49 0 7.79224 10.4035
1 50 0 15.8346 22.6801
1 51 0 16.2519 23.7902
1 52 0 34.2965 39.852
1 53 0 99.1454 137.93
1 54 0 23.6917 25.192
1 55 1 66.5981 80.5692
1 56 0 58.1011 85.4828
1 57 0 50.3775 51.1507
1 58 0 36.3923 48.4074
1 59 0 47.9403 70.2724
1 60 1 52.3132 52.6795
2 1 0 87.9182 108.393
2 3 1 60.9458 66.1552
2 4 0 15.2985 18.4181
2 5 0 5.73051 7.74001
2 6 0 39.5335 53.7912
2 7 0 46.1648 56.443
2 8 0 14.4563 21.292
2 9 0 53.0718 61.5242
2 10 0 57.1621 68.3677
2 11 0 56.4995 74.9803
2 12 0 81.0778 99.2889
2 13 0 12.7589 15.8076
2 14 0 35.0328 36.1904
2 15 0 40.5443 42.1205
2 16 0 69.6162 97.5361
2 17 0 88.1599 107.16
2 18 1 23.8085 26.3358
2 19 0 37.4832 42.4392
2 20 0 30.8398 40.1487
2 21 0 37.3766 41.2782
2 22 0 84.1379 113.868
2 23 0 32.8281 34.604
2 24 0 12.7418 17.2156
2 25 0 95.8429 117.468
2 26 0 0.901518 1.34403
2 27 0 31.4072 34.2415
2 28 0 2.00627 2.15198
2 29 0 45.2551 58.7986
2 30 0 40.2532 46.2135
2 31 0 23.9795 33.7768
2 32 0 33.6577 46.2307
2 33 1 2.1887 2.59393
2 34 0 85.457 116.352
2 35 1 22.6997 30.4634
2 36 0 81.6259 83.361
2 37 0 49.3486 65.8517
2 38 0 27.6883 31.0675
2 39 0 4.20363 5.7985
2 40 0 77.3707 113.167
2 41 0 94.085 118.907
2 42 0 2.33505 2.45465
2 43 0 41.4078 49.2345
2 44 0 50.084 50.3461
2 45 0 95.7506 112.32
2 46 0 40.2974 52.8481
2 47 0 3.99129 4.66933
2 48 0 23.2621 31.7534
2 49 0 40.5821 42.9246
2 50 0 94.5505 116.783
2 51 0 71.7198 94.9354
2 52 0 24.2148 35.6076
2 53 0 39.2251 40.8632
2 54 0 56.7096 58.4184
2 55 0 74.247 87.3873
2 56 0 91.2754 105.212
2 57 0 93.88 109.223
2 58 0 18.4865 19.4144
2 59 0 21.0634 27.623
2 60 1 34.3873 40.1807
3 1 0 11.1709 11.2777
3 2 0 42.3219 57.3277
3 4 1 62.6534 70.6606
3 5 0 19.4324 22.4063
3 6 0 57.8206 75.4073
3 7 0 64.5353 71.8085
3 8 0 54.0091 74.8848
3 9 0 41.4102 52.1285
3 10 0 51.8696 57.0922
3 11 0 76.6033 86.5267
3 12 0 66.3914 70.3778
3 13 0 80.1069 98.267
3 14 0 69.5244 76.8675
3 15 0 2.07534 2.64165
3 16 0 77.6511 115.205
3 17 0 76.7987 79.9108
3 18 0 58.6092 63.1634
3 19 0 69.6778 81.95
3 20 0 64.8653 89.9817
3 21 0 74.248 91.5288
3 22 0 44.6509 46.3293
3 23 0 75.2189 81.8316
3 24 0 44.9374 64.9374
3 25 0 43.8514 64.9497
3 26 0 79.1367 104.853
3 27 0 79.9943 102.438
3 28 0 27.7809 34.9808
3 29 0 17.0062 20.9218
3 30 0 69.6708 99.9741
3 31 0 66.5771 80.7149
3 32 0 56.5526 61.8803
3 33 0 62.6029 78.8478
3 34 1 61.6405 86.2622
3 35 0 61.2693 87.9453
3 36 0 22.4397 22.8961
3 37 0 80.2338 119.114
3 38 0 13.1789 14.9283
3 39 0 19.4087 23.3853
3 40 0 30.1701 39.5197
3 41 0 5.02833 5.31293
3 42 0 10.4682 10.9818
3 43 1 41.5275 59.3768
3 44 0 52.982 76.8856
3 45 0 68.8271 99.8649
3 46 0 96.2779 141.582
3 47 0 5.34121 6.28889
3 48 1 23.4267 27.4179
3 49 0 20.1815 23.3656
3 50 0 72.9354 81.1256
3 51 0 91.3158 116.128
3 52 0 47.4746 64.7388
3 53 0 15.2209 16.4402
3 54 0 82.9757 99.0033
3 55 0 71.5448 106.329
3 56 0 59.7769 80.6395
3 57 0 44.4113 47.5541
3 58 0 51.1827 53.991
3 59 0 9.49365 14.0106
3 60 0 33.2579 48.5132
4 1 0 85.7881 103
4 2 0 41.6815 49.3515
4 3 0 65.5387 85.1107
4 5 1 6.49416 6.77946
4 6 0 66.867 79.8298
4 7 1 43.4658 64.2701
4 8 0 50.3654 72.8799
4 9 0 61.7216 67.0335
4 10 0 25.8727 26.6104
4 11 0 98.5414 121.673
4 12 0 52.2424 55.8847
4 13 0 37.0616 52.4888
4 14 0 91.0836 112.866
4 15 0 51.3123 65.136
4 16 0 75.4472 89.2426
4 17 0 10.9525 15.7569
4 18 0 55.1201 57.5587
4 19 0 86.6813 129.529
4 20 0 80.9455 100.32
4 21 0 90.3185 118.326
4 22 0 77.6661 84.094
4 23 0 50.4292 54.4285
4 24 0 71.2293 98.4393
4 25 0 12.7879 17.5212
4 26 0 47.3338 53.1932
4 27 1 30.0884 39.2601
4 28 0 26.056 32.7268
4 29 0 80.108 97.3197
4 30 0 97.8593 138.43
4 31 0 75.3838 99.4038
4 32 0 40.0173 40.3447
4 33 0 89.6094 109.676
4 34 1 21.779 30.3334
4 35 0 36.3468 39.6695
4 36 0 40.6262 55.2263
4 37 0 45.9176 53.6362
4 38 0 42.6109 56.1211
4 39 0 37.6183 53.6392
4 40 0 91.5437 133.652
4 41 0 4.59161 5.19182
4 42 0 97.5093 124.124
4 43 0 7.61445 9.22503
4 44 0 95.0934 96.0894
4 45 0 70.643 88.9296
4 46 0 14.7961 22.1356
4 47 0 78.657 117.611
4 48 0 74.4635 108.898
4 49 0 80.6659 117.476
4 50 0 79.3886 86.604
4 51 0 15.789 20.794
4 52 0 84.5479 89.945
4 53 0 27.3694 37.5119
4 54 0 70.7964 83.9525
4 55 1 95.9706 139.682
4 56 0 2.34402 2.45848
4 57 0 91.3702 96.6351
4 58 0 5.12039 6.5391
4 59 0 58.387 84.9925
4 60 0 29.7107 33.9679
5 1 0 85.8732 98.79
5 2 0 10.8065 16.0315
5 3 0 64.0384 81.4037
5 4 0 91.3328 133.586
5 6 1 87.8435 89.4867
5 7 0 75.3992 103.899
5 8 0 76.1225 79.4319
5 9 0 98.0273 121.731
5 10 0 9.83866 14.6727
5 11 0 29.444 33.1039
5 12 0 88.8005 106.53
5 13 0 67.2992 94.9776
5 14 0 34.8275 35.7557
5 15 1 21.1184 23.1202
5 16 0 34.356 48.7738
5 17 0 3.12256 4.54486
5 18 0 24.0643 28.727
5 19 0 38.8788 43.4983
5 20 0 84.2569 89.2306
5 21 0 39.2999 48.1
5 22 0 14.3678 16.4526
5 23 0 77.9901 97.6607
5 24 0 44.4632 61.9592
5 25 0 51.4335 64.9715
5 26 0 71.3164 73.1184
5 27 0 95.5563 138.39
5 28 0 15.5604 15.5852
5 29 0 70.837 103.121
5 30 0 38.1298 51.1829
5 31 0 25.8268 26.2664
5 32 0 24.2872 35.1976
5 33 0 0.946889 1.04996
5 34 0 31.951 41.558
5 35 0 57.8706 65.7263
5 36 0 98.4821 98.7074
5 37 0 92.7637 98.4765
5 38 0 79.4246 100.567
5 39 0 66.2607 86.3482
5 40 0 30.5499 39.3952
5 41 0 84.9211 115.331
5 42 0 69.8001 89.155
5 43 0 22.6285 22.9901
5 44 0 39.0522 43.3576
5 45 0 17.921 21.7061
5 46 1 42.7804 44.3292
5 47 0 43.0704 43.4625
5 48 0 12.3722 14.3486
5 49 0 80.3168 99.4919
5 50 0 57.5636 57.6711
5 51 0 55.1447 58.9083
5 52 0 93.9446 108.056
5 53 0 47.0832 53.3416
5 54 0 88.955 107.875
5 55 0 68.6339 94.4615
5 56 0 71.053 77.1492
5 57 0 37.1252 44.4484
5 58 0 52.4043 56.6704
5 59 0 96.3133 110.546
5 60 0 28.1369 31.8914
6 1 0 87.077 104.755
6 2 0 3.70305 4.1883
6 3 0 92.2234 105.501
6 4 0 79.982 106.989
6 5 0 58.0859 66.6348
6 7 1 20.9427 30.7826
6 8 0 59.8357 62.5461
6 9 0 95.0842 107.907
6 10 0 83.5153 123.928
6 11 0 79.3137 98.4725
6 12 0 96.8156 110.898
6 13 0 62.9809 86.7581
6 14 0 65.1562 70.4524
6 15 0 99.4588 138.701
6 16 0 16.6288 19.5316
6 17 0 94.2412 116.203
6 18 0 96.3527 132.115
6 19 0 2.7591 3.04536
6 20 0 49.7793 73.3044
6 21 0 97.7069 120.406
6 22 0 52.9247 76.9892
6 23 0 8.69337 9.07104
6 24 0 58.2854 78.7026
6 25 0 79.521 86.8221
6 26 0 76.456 95.6688
6 27 0 57.3572 78.4373
6 28 0 15.3634 15.6163
6 29 0 27.6386 40.3923
6 30 0 98.973 118.264
6 31 1 54.5962 68.6082
6 32 0 80.9441 82.3532
6 33 0 12.4066 13.5062
6 34 0 29.509 33.3506
6 35 0 42.4562 60.9036
6 36 0 39.402 54.3461
6 37 0 62.664 64.0053
6 38 0 3.33509 4.9156
6 39 0 52.8467 68.2521
6 40 0 98.321 109.182
6 41 0 60.738 91.0813
6 42 0 95.464 133.251
6 43 0 72.1136 105.271
6 44 0 84.2694 87.9101
6 45 0 20.7281 29.425
6 46 0 9.54932 9.78218
6 47 0 18.9625 24.4083
6 48 0 25.1526 27.3651
6 49 0 27.1947 37.7608
6 50 0 85.5522 99.6614
6 51 0 60.6207 65.6035
6 52 0 47.1061 68.441
6 53 0 86.2411 122.747
6 54 0 55.9502 73.0717
6 55 0 23.4944 25.172
6 56 0 63.2333 76.7706
6 57 0 36.9439 40.7743
6 58 1 58.0366 65.1925
6 59 0 0.584459 0.817549
6 60 0 13.8268 19.8643
7 1 0 23.0099 30.8695
7 2 0 71.5955 78.2191
7 3 0 69.3198 95.5325
7 4 0 60.3433 64.5701
7 5 0 54.9969 62.7325
7 6 0 6.98944 8.1836
7 8 1 69.9958 77.0506
7 9 1 90.0211 96.6402
7 10 1 59.8523 66.6257
7 11 0 84.6752 108.919
7 12 0 19.2305 19.9204
7 13 0 35.3118 47.6623
7 14 0 5.44659 6.61117
7 15 0 15.343 22.685
7 16 0 40.2941 50.6897
7 17 0 34.9341 40.4401
7 18 0 94.6175 129.304
7 19 0 12.3383 13.3169
7 20 0 39.6701 48.8592
7 21 1 42.6262 61.2527
7 22 0 14.7281 18.3626
7 23 0 45.5669 47.3445
7 24 0 3.08778 3.17954
7 25 0 93.1957 133.883
7 26 0 94.2463 120.947
7 27 0 2.7731 3.60329
7 28 0 86.8659 119.43
7 29 0 90.8731 118.79
7 30 0 55.1756 58.5116
7 31 0 35.5369 48.4274
7 32 0 17.8677 21.1102
7 33 0 4.64109 5.88495
7 34 0 35.6426 51.9129
7 35 0 99.9159 128.287
7 36 0 15.413 21.4326
7 37 0 18.9584 21.8699
7 38 0 4.14081 4.28294
7 39 0 84.3233 124.383
7 40 0 68.6098 80.5434
7 41 0 36.9887 52.7968
7 42 0 22.0865 23.3216
7 43 0 22.7977 30.9792
7 44 0 12.5065 18.103
7 45 0 16.8933 24.0221
7 46 0 86.3738 126.521
7 47 0 65.7591 76.9858
7 48 0 5.64037 6.37073
7 49 0 36.7632 41.8287
7 50 0 97.71 140.302
7 51 0 7.89652 8.64066
7 52 0 69.3231 78.0122
7 53 0 29.682 37.2998
7 54 0 2.27374 2.99003
7 55 0 23.155 29.7523
7 56 0 96.9198 133.055
7 57 0 23.2059 24.7743
7 58 0 3.79453 4.30527
7 59 0 49.2251 60.3974
7 60 0 33.7311 37.9573
8 1 0 40.3734 57.8963
8 2 0 57.6531 86.1654
8 3 0 40.8338 55.1438
8 4 0 76.1718 91.0008
8 5 0 17.8497 19.8136
8 6 0 64.3941 76.8587
8 7 0 6.37267 6.90006
8 9 1 25.4083 30.8385
8 10 0 75.097 105.864
8 11 0 21.6989 28.8287
8 12 0 7.63316 7.78473
8 13 0 85.2566 125.062
8 14 0 72.3625 96.7627
8 15 1 70.5283 91.9692
8 16 0 22.0925 22.9868
8 17 0 79.9417 83.7224
8 18 0 12.919 13.7043
8 19 0 30.8065 36.3772
8 20 1 8.98895 10.3466
8 21 0 71.8468 81.2366
8 22 1 32.3398 32.3619
8 23 0 40.1678 49.6385
8 24 0 0.664335 0.751393
8 25 0 77.3489 77.5242
8 26 0 58.794 64.6008
8 27 0 65.4741 91.8466
8 28 0 13.7196 16.2087
8 29 0 26.495 31.2429
8 30 0 90.5908 107.96
8 31 0 65.8372 73.8641
8 32 1 97.1291 136.598
8 33 0 74.6522 97.8549
8 34 0 49.1005 61.6856
8 35 0 68.3132 72.3443
8 36 1 59.1832 71.0877
8 37 1 2.01027 2.82164
8 38 0 49.5784 65.3961
8 39 0 38.505 49.0722
8 40 0 16.5437 23.7595
8 41 0 93.4083 136.984
8 42 0 12.5348 17.3568
8 43 0 27.4695 32.4775
8 44 1 79.7257 114.942
8 45 0 21.4212 31.1505
8 46 0 50.6082 51.2277
8 47 0 70.6025 94.7629
8 48 0 44.4714 66.5609
8 49 0 34.5146 35.4152
8 50 0 26.6629 37.3282
8 51 0 0.726807 0.756719
8 52 0 2.24 3.01237
8 53 0 59.0493 61.8252
8 54 0 48.4799 50.1305
8 55 0 47.5996 62.5343
8 56 0 20.2591 24.3451
8 57 0 95.2681 118.075
8 58 0 35.8317 52.052
8 59 0 55.5678 72.0952
8 60 0 72.1604 100.969
9 1 0 8.92119 12.2145
9 2 1 71.3182 101.633
9 3 0 69.5369 96.5085
9 4 0 24.8753 30.4389
9 5 0 34.713 37.8627
9 6 0 51.4396 57.0069
9 7 0 71.635 101.129
9 8 1 78.7408 87.6559
9 10 1 32.0641 32.3357
9 11 0 30.4883 43.3847
9 12 0 1.96176 2.54068
9 13 0 41.8675 61.2927
9 14 0 22.3789 30.3533
9 15 0 97.3468 126.826
9 16 0 92.1764 114.816
9 17 0 83.9134 101.77
9 18 0 78.8127 116.335
9 19 0 28.9405 39.5039
9 20 1 70.6536 81.1875
9 21 0 49.6775 66.1145
9 22 0 93.9052 121.071
9 23 0 64.4583 69.5312
9 24 1 86.6858 104.431
9 25 0 28.378 29.8429
9 26 0 15.196 16.065
9 27 1 3.01492 4.09299
9 28 0 75.369 108.769
9 29 0 64.3305 67.449
9 30 0 62.3683 81.1601
9 31 0 26.5063 39.7223
9 32 0 28.6642 31.1926
9 33 0 78.5348 114.002
9 34 0 69.1685 101.066
9 35 0 99.118 122.118
9 36 0 25.9689 34.564
9 37 0 71.4647 81.9344
9 38 0 1.57677 1.63795
9 39 0 58.0491 68.1007
9 40 0 67.0804 71.3582
9 41 0 53.552 56.1359
9 42 0 45.8987 56.5599
9 43 0 7.30979 9.55805
9 44 0 76.7671 105.079
9 45 0 30.8905 40.2485
9 46 0 6.92733 7.95547
9 47 0 77.9351 99.4344
9 48 0 55.3675 70.3431
9 49 0 97.5214 132.463
9 50 0 0.75625 0.758138
9 51 0 7.14409 7.98858
9 52 0 97.8635 127.978
9 53 0 72.5767 102.058
9 54 0 19.7939 29.5479
9 55 0 64.1973 96.1762
9 56 0 76.7587 94.2158
9 57 0 92.5701 103.46
9 58 0 59.7196 61.8735
9 59 0 84.1478 119.089
9 60 0 7.2749 10.0262
10 1 0 64.8728 83.8994
10 2 0 46.3135 58.0536
10 3 0 42.1359 54.9821
10 4 0 27.1908 31.7647
10 5 0 10.2874 10.3247
10 6 0 7.47056 10.8692
10 7 0 46.0101 55.3871
10 8 0 81.8071 104.632
10 9 0 23.1479 33.2325
10 11 1 95.7733 135.974
10 12 0 86.5261 111.866
10 13 0 24.2862 36.1529
10 14 1 69.8153 96.5207
10 15 0 0.767962 1.13757
10 16 0 96.9694 108.655
10 17 0 17.4757 21.5758
10 18 0 3.99738 5.67333
10 19 0 79.5543 97.0167
10 20 0 27.6909 36.7373
10 21 0 74.7043 93.5842
10 22 0 13.8358 17.3371
10 23 0 34.025 48.0028
10 24 0 71.6767 93.1638
10 25 0 12.0672 15.0823
10 26 0 55.5011 74.0228
10 27 0 25.6186 33.6245
10 28 0 21.5757 24.2252
10 29 0 37.9334 51.22
10 30 0 6.96162 7.7165
10 31 0 6.52719 9.28101
10 32 0 33.6232 39.5515
10 33 0 91.4367 121.859
10 34 0 29.1139 37.372
10 35 0 62.1585 73.3151
10 36 1 16.5124 17.2278
10 37 0 76.7564 91.4199
10 38 0 91.7968 102.276
10 39 0 60.3794 63.6048
10 40 0 8.95512 11.047
10 41 0 4.7674 6.55163
10 42 0 44.515 65.4281
10 43 0 2.52314 2.67272
10 44 0 13.1716 15.2805
10 45 0 68.2865 90.441
10 46 0 47.8133 61.1088
10 47 0 76.218 82.2434
10 48 0 83.4859 94.9603
10 49 0 6.3765 7.70565
10 50 0 39.7563 44.4933
10 51 0 73.0132 98.2864
10 52 0 23.4229 30.395
10 53 0 20.2185 21.3801
10 54 0 93.2929 108.887
10 55 0 47.9948 67.3241
10 56 1 95.7693 112.412
10 57 0 44.7286 61.2153
10 58 0 48.7998 63.9409
10 59 0 39.8223 44.3423
10 60 0 19.8472 26.7339
11 1 0 77.3799 102.615
11 2 0 93.9776 122.599
11 3 0 93.0562 119.974
11 4 0 24.8194 26.5566
11 5 0 56.0408 80.0441
11 6 0 50.1449 73.4065
11 7 0 95.8261 129.215
11 8 0 22.0046 31.6425
11 9 0 77.2131 114.011
11 10 0 26.2701 31.8825
11 12 1 54.1691 65.6858
11 13 0 19.8573 22.7465
11 14 0 1.89958 1.9706
11 15 0 78.9839 116.713
11 16 0 64.1055 88.744
11 17 0 92.2997 108.292
11 18 1 31.8604 45.0035
11 19 0 25.6477 28.2985
11 20 0 78.5544 100.874
11 21 0 54.493 55.4377
11 22 0 58.4957 76.1558
11 23 0 70.7531 83.4476
11 24 0 76.3509 106.303
11 25 0 89.7649 93.9384
11 26 0 50.4527 62.0867
11 27 0 41.2433 61.1062
11 28 0 31.8424 33.4716
11 29 0 70.3636 80.5829
11 30 0 11.0224 14.0059
11 31 1 29.8417 40.4973
11 32 1 97.3826 106.444
11 33 0 75.4255 95.3809
11 34 0 52.9786 77.2869
11 35 0 69.833 96.577
11 36 0 87.5889 125.692
11 37 0 12.1063 13.6715
11 38 0 6.56319 7.53058
11 39 0 21.4268 26.5147
11 40 0 37.3788 41.3315
11 41 0 7.44308 10.457
11 42 1 53.0387 66.2833
11 43 0 73.2831 109.297
11 44 0 71.545 80.4617
11 45 0 68.6841 83.3692
11 46 0 83.4888 106.13
11 47 0 81.3245 113.205
11 48 0 26.9102 37.1151
11 49 0 0.828413 1.07601
11 50 0 26.1174 27.0695
11 51 0 3.03519 4.49427
11 52 0 12.5175 14.1952
11 53 0 81.59 86.4312
11 54 0 80.3893 92.0755
11 55 0 23.1438 28.895
11 56 0 92.0206 99.8444
11 57 0 75.2585 76.4147
11 58 0 29.8312 37.669
11 59 0 7.45765 8.9511
11 60 0 39.7347 57.2623
12 1 0 10.0792 14.1784
12 2 0 5.60201 6.97907
12 3 0 83.4265 100.777
12 4 0 69.2369 86.2928
12 5 0 52.1157 77.064
12 6 0 21.3442 24.6754
12 7 1 21.2829 25.4056
12 8 0 16.368 19.4567
12 9 1 8.76322 11.3894
12 10 1 29.6433 43.1251
12 11 0 71.2221 86.7904
12 13 1 64.2213 76.39
12 14 0 63.4661 84.5954
12 15 0 23.5085 27.8174
12 16 0 66.8691 81.8417
12 17 0 8.42666 12.609
12 18 0 23.5812 34.5725
12 19 0 8.86938 8.94659
12 20 0 3.93476 5.45207
12 21 0 88.1534 88.9321
12 22 0 73.1008 76.1079
12 23 0 31.9541 43.5111
12 24 0 59.0282 73.9926
12 25 0 41.7273 43.8853
12 26 0 82.5406 117.202
12 27 0 94.5309 124.954
12 28 0 76.7473 103.144
12 29 0 31.4316 37.129
12 30 1 42.2658 53.0399
12 31 0 97.2866 117.895
12 32 0 40.7884 53.1711
12 33 0 24.6025 27.424
12 34 1 31.4984 40.7261
12 35 0 14.549 16.375
12 36 0 78.0311 86.0465
12 37 0 81.2884 81.3217
12 38 0 96.1564 119.202
12 39 0 1.06987 1.14491
12 40 0 13.8322 19.0629
12 41 0 73.2605 101.451
12 42 0 71.7464 95.6112
12 43 0 16.4167 22.2981
12 44 0 76.2553 104.613
12 45 0 89.9754 93.4911
12 46 0 48.7459 51.2113
12 47 0 81.6095 105.834
12 48 0 17.3779 19.3675
12 49 0 72.3326 106.453
12 50 0 29.7261 37.8538
12 51 0 29.1198 36.2716
12 52 0 68.1516 96.963
12 53 1 67.7518 89.0628
12 54 0 0.515978 0.662782
12 55 0 23.5351 28.2176
12 56 0 67.3195 96.4265
12 57 0 72.0382 91.1476
12 58 0 0.0933035 0.130377
12 59 0 45.9956 58.7254
12 60 0 94.7868 138.591
13 1 0 70.7874 84.1621
13 2 1 7.20963 9.83473
13 3 0 93.0773 100.023
13 4 0 69.3539 85.8035
13 5 0 63.8136 65.2289
13 6 1 7.09876 9.64777
13 7 0 15.1802 19.8891
13 8 0 53.9852 62.9901
13 9 0 77.5654 113.542
13 10 0 94.0313 130.939
13 11 0 29.2119 38.5598
13 12 0 24.0733 32.7594
13 14 1 3.09942 3.52836
13 15 0 58.4557 71.9888
13 16 0 61.1767 80.7584
13 17 0 47.8574 54.282
13 18 0 20.4447 26.9624
13 19 0 97.5056 133.749
13 20 1 94.7276 119.65
13 21 0 4.48437 4.75261
13 22 0 50.8091 57.2398
13 23 0 91.0464 114.327
13 24 0 34.2705 36.2993
13 25 1 38.3217 55.5069
13 26 0 15.0465 22.4183
13 27 0 67.8653 77.9366
13 28 0 21.5483 29.2394
13 29 0 34.3337 36.8558
13 30 0 34.226 47.6448
13 31 0 69.1744 83.3107
13 32 0 84.8521 91.6282
13 33 0 63.1974 86.9557
13 34 0 9.42812 13.9074
13 35 0 85.8861 113.407
13 36 1 2.38448 2.43662
13 37 0 13.6674 18.6406
13 38 0 34.7789 52.0278
13 39 0 2.00153 2.29301
13 40 0 95.7061 103.929
13 41 0 91.0673 116.047
13 42 1 55.4432 72.4186
13 43 0 12.0858 13.5795
13 44 0 78.3306 109.658
13 45 0 16.1673 17.0571
13 46 0 64.4493 95.7202
13 47 0 75.9373 100.732
13 48 0 25.3944 26.1589
13 49 0 80.7886 119.455
13 50 0 97.5941 139.693
13 51 1 46.6705 50.9276
13 52 0 65.766 95.6661
13 53 0 29.326 43.5924
13 54 0 68.7984 84.3288
13 55 0 40.9831 41.6704
13 56 0 86.4561 112.322
13 57 0 3.18889 4.75186
13 58 0 68.1563 68.883
13 59 0 33.2836 34.9252
13 60 0 13.3183 16.2762
14 1 0 32.5263 38.868
14 2 0 32.5774 43.9983
14 3 0 78.6722 85.6759
14 4 0 35.0128 36.8409
14 5 0 68.8076 89.3148
14 6 0 10.7082 14.1008
14 7 0 51.3059 75.3281
14 8 0 2.6986 2.81678
14 9 0 49.6041 58.7125
14 10 0 38.4622 42.5617
14 11 0 36.951 55.3903
14 12 0 66.8556 91.775
14 13 0 42.9067 62.5139
14 15 1 61.9301 89.2191
14 16 0 93.6418 120.372
14 17 0 14.9709 18.7908
14 18 0 28.9569 41.4169
14 19 0 96.6449 135.48
14 20 1 95.7051 142.847
14 21 0 70.7337 74.5589
14 22 0 41.7201 52.5715
14 23 0 5.25262 7.63407
14 24 0 41.4615 43.862
14 25 0 17.9134 25.9514
14 26 1 64.7807 69.8569
14 27 1 69.0442 92.0299
14 28 0 0.756703 0.782448
14 29 0 61.2312 69.9478
14 30 0 66.6932 84.528
14 31 0 74.8084 88.7312
14 32 0 80.8215 86.383
14 33 0 99.0698 121.001
14 34 0 59.4093 64.9436
14 35 0 63.7152 93.7975
14 36 0 76.2094 105.621
14 37 0 25.5272 28.359
14 38 0 36.1477 39.3738
14 39 0 71.9685 92.353
14 40 0 26.9163 27.0003
14 41 0 4.74121 5.02212
14 42 0 71.1887 105.301
14 43 0 51.3526 74.5882
14 44 0 12.6234 15.3618
14 45 0 33.681 33.7076
14 46 0 43.0356 64.4068
14 47 0 68.97 75.9993
14 48 0 90.1303 91.8037
14 49 0 84.5126 119.017
14 50 1 62.7799 90.2395
14 51 0 59.6412 60.4605
14 52 0 18.2519 24.6315
14 53 0 79.4417 99.3238
14 54 0 82.2878 84.4488
14 55 0 91.9655 106.561
14 56 0 12.6158 17.4441
14 57 0 15.3532 18.417
14 58 0 24.7145 28.8183
14 59 0 95.2829 128.431
14 60 0 21.4435 23.4837
15 1 0 81.5535 89.648
15 2 0 40.5735 40.9427
15 3 0 48.4722 56.3027
15 4 0 13.5627 15.7666
15 5 0 76.1586 87.6892
15 6 0 89.9866 128.678
15 7 0 92.3966 99.6569
15 8 0 19.2375 27.5588
15 9 1 78.8956 91.2201
15 10 0 88.293 89.4496
15 11 0 61.275 67.4096
15 12 0 95.6163 137.975
15 13 1 66.596 74.1292
15 14 0 61.7854 84.1161
15 16 1 31.7006 44.2126
15 17 0 40.4683 55.6872
15 18 0 90.1157 98.3995
15 19 0 4.94253 7.30566
15 20 0 77.3898 100.821
15 21 0 34.0311 34.5155
15 22 0 1.41901 1.78247
15 23 0 82.4099 89.6775
15 24 0 99.1724 104.247
15 25 0 11.883 14.6484
15 26 0 89.0946 113.796
15 27 0 88.1857 128.045
15 28 0 23.8302 29.4459
15 29 0 97.1897 105.266
15 30 0 22.8841 32.4249
15 31 0 80.0077 115.236
15 32 0 50.0628 52.3029
15 33 0 20.4448 23.4463
15 34 0 33.1558 44.8951
15 35 0 22.8359 24.3237
15 36 0 83.0752 100.127
15 37 0 90.5946 105.487
15 38 0 14.3083 15.899
15 39 0 4.80955 5.67909
15 40 0 36.6651 40.1626
15 41 0 85.4355 118.933
15 42 0 10.4792 13.6168
15 43 0 13.5553 18.1792
15 44 0 46.9078 56.1072
15 45 0 73.7553 107.797
15 46 0 14.9484 20.4628
15 47 0 50.8088 56.7066
15 48 0 84.7624 99.3071
15 49 1 27.1326 35.3169
15 50 0 38.1435 56.2645
15 51 0 49.3835 71.0998
15 52 0 43.0976 45.1852
15 53 0 51.0282 56.6631
15 54 0 53.3765 56.396
15 55 0 16.395 18.4176
15 56 0 23.1444 33.6782
15 57 0 45.1422 51.0927
15 58 0 92.0172 92.8052
15 59 0 48.5472 54.9277
15 60 0 44.6223 57.1296
16 1 0 87.6296 110.255
16 2 0 27.5568 39.3954
16 3 0 73.3117 94.0479
16 4 0 40.9247 60.2523
16 5 0 66.3329 75.9098
16 6 0 87.7599 103.807
16 7 0 15.0064 22.1506
16 8 0 21.9048 26.8137
16 9 0 59.6292 86.5461
16 10 1 80.701 83.1576
16 11 0 44.5877 53.1602
16 12 0 48.8674 55.9143
16 13 0 5.34592 7.94447
16 14 0 79.2137 81.1701
16 15 0 20.9039 28.2132
16 17 1 2.7364 3.3286
16 18 0 59.7127 80.6098
16 19 0 18.6006 22.124
16 20 0 23.6604 30.8825
16 21 0 5.86771 6.33349
16 22 0 18.8996 21.3863
16 23 0 22.1907 24.1307
16 24 0 86.6756 89.2141
16 25 0 99.1714 136.255
16 26 0 89.1166 127.718
16 27 0 7.88945 9.59061
16 28 0 58.444 59.6101
16 29 0 7.22875 7.96307
16 30 0 87.946 120.491
16 31 0 90.2593 117.505
16 32 0 17.0892 23.587
16 33 0 34.9073 40.2483
16 34 0 44.3165 51.337
16 35 0 31.1343 39.3992
16 36 0 76.4604 79.4116
16 37 0 29.7568 33.2981
16 38 0 16.2681 18.1677
16 39 1 10.6114 11.3447
16 40 0 18.2335 25.3371
16 41 0 25.6932 27.0375
16 42 0 12.4599 17.5628
16 43 0 25.3953 34.5762
16 44 0 95.7917 125.14
16 45 0 22.6565 27.8512
16 46 0 64.2932 87.8186
16 47 0 24.4776 30.6923
16 48 0 88.5255 90.1806
16 49 0 18.9511 25.4187
16 50 0 34.0849 36.9893
16 51 0 69.8307 91.9412
16 52 0 42.2384 52.7289
16 53 0 30.0984 31.1588
16 54 0 13.4007 16.3816
16 55 0 98.0131 118.952
16 56 0 8.63868 10.0333
16 57 0 1.04225 1.15183
16 58 0 90.8561 123.971
16 59 0 89.9985 131.312
16 60 0 77.3387 99.9107
17 1 1 18.6359 18.7692
17 2 0 18.8669 25.8954
17 3 0 31.8054 40.153
17 4 0 52.8351 65.895
17 5 0 56.7395 75.903
17 6 0 8.47272 12.508
17 7 0 6.00204 7.72436
17 8 0 57.008 67.3781
17 9 0 40.2035 42.32
17 10 0 48.9703 49.3056
17 11 0 73.3575 95.0916
17 12 0 13.9424 17.4049
17 13 1 80.6728 91.167
17 14 0 45.53 56.3221
17 15 0 89.5172 133.552
17 16 0 5.15424 5.17874
17 18 1 27.5595 33.5494
17 19 1 81.7921 95.0468
17 20 0 5.7076 6.4681
17 21 0 68.9404 76.7534
17 22 0 99.6232 142.965
17 23 0 66.9963 89.8918
17 24 0 63.3431 83.0367
17 25 0 47.5331 57.9583
17 26 0 92.2953 137.985
17 27 0 84.4949 106.69
17 28 0 75.8499 94.0063
17 29 0 27.2936 33.4666
17 30 0 65.5511 98.2305
17 31 0 6.393 8.54375
17 32 0 99.5859 128.713
17 33 0 66.3021 73.399
17 34 0 38.6628 55.0089
17 35 0 81.0773 99.6512
17 36 0 76.8427 106.657
17 37 1 2.0126 2.55602
17 38 0 76.2828 102.676
17 39 0 62.0893 82.9368
17 40 0 18.2623 25.4102
17 41 0 23.1966 34.572
17 42 0 88.1524 126.002
17 43 0 60.818 72.1845
17 44 0 12.6274 18.2575
17 45 0 26.2615 34.6591
17 46 0 25.8176 36.4842
17 47 0 47.6472 50.7054
17 48 0 47.0707 47.1023
17 49 0 73.5219 101.801
17 50 0 6.30846 7.70178
17 51 0 6.33671 7.08369
17 52 0 70.8716 94.5161
17 53 0 24.6782 34.6533
17 54 0 33.6922 34.4975
17 55 0 39.0837 53.9839
17 56 0 88.1081 88.1237
17 57 0 64.55 82.9391
17 58 0 16.4102 20.5863
17 59 0 29.46 36.7169
17 60 0 88.6107 95.6407
18 1 0 15.0705 15.125
18 2 0 33.0307 45.1834
18 3 0 85.7554 87.1368
18 4 0 67.7517 76.6125
18 5 0 95.3703 105.569
18 6 1 80.0195 86.9906
18 7 0 32.0023 36.404
18 8 0 42.3625 54.0901
18 9 0 67.7152 73.9511
18 10 0 96.0059 106.914
18 11 0 71.5803 101.772
18 12 0 11.1378 14.3461
18 13 0 71.1835 82.7098
18 14 0 5.01879 6.67433
18 15 0 42.7694 44.4495
18 16 0 89.1798 133.3
18 17 0 41.6381 51.5806
18 19 1 35.5812 42.8756
18 20 0 46.3729 60.0454
18 21 0 95.2734 98.7735
18 22 0 80.3716 100.744
18 23 0 49.7765 72.8908
18 24 0 82.8226 92.9946
18 25 0 17.8879 21.0061
18 26 0 17.1695 23.538
18 27 0 49.2834 52.3014
18 28 0 1.11452 1.23863
18 29 0 16.7479 24.4308
18 30 0 5.71899 6.84069
18 31 0 4.78377 5.88668
18 32 0 45.3642 66.6709
18 33 0 27.9935 37.9741
18 34 0 6.37672 8.02066
18 35 0 38.7821 42.9476
18 36 0 91.5342 124.002
18 37 0 17.9013 26.5205
18 38 0 23.5108 29.0853
18 39 0 93.5019 103.564
18 40 0 66.0512 87.9273
18 41 0 44.1055 53.7581
18 42 0 48.8536 62.7587
18 43 0 19.043 21.7602
18 44 0 64.7611 88.3837
18 45 0 90.6894 123.13
18 46 0 36.2419 52.6025
18 47 0 81.1643 87.7545
18 48 0 33.3195 49.5207
18 49 0 94.3707 109.843
18 50 0 87.3644 125.889
18 51 0 86.19 114.775
18 52 0 52.4966 78.4424
18 53 0 79.2253 112.716
18 54 0 33.4694 41.8689
18 55 0 20.5973 26.5985
18 56 0 34.4899 49.6266
18 57 0 75.2861 78.6701
18 58 0 12.9596 14.4664
18 59 0 10.867 12.7826
18 60 0 50.8516 50.8542
19 1 0 73.4754 79.6444
19 2 0 99.4092 113.175
19 3 0 1.11236 1.15921
19 4 0 55.6627 66.1643
19 5 0 21.2783 27.5228
19 6 0 36.4073 44.789
19 7 0 97.9256 114.42
19 8 1 14.5213 19.7715
19 9 0 52.8651 78.2248
19 10 0 25.6678 29.2294
19 11 0 82.0248 118.3
19 12 0 31.7754 42.4397
19 13 0 34.5651 49.8449
19 14 0 27.9016 37.0429
19 15 0 93.219 107.134
19 16 0 77.7042 90.4067
19 17 0 35.7085 40.7877
19 18 0 44.614 63.2169
19 20 1 0.531598 0.779872
19 21 1 60.2124 67.1117
19 22 0 92.0886 127.055
19 23 0 48.8535 52.6609
19 24 0 35.0232 44.722
19 25 1 62.3773 83.792
19 26 0 83.3468 119.006
19 27 0 31.6728 35.2796
19 28 0 25.0458 36.075
19 29 0 28.2233 35.7304
19 30 0 68.6108 95.2921
19 31 0 17.8842 20.6795
19 32 0 22.006 23.7433
19 33 0 55.6635 56.1882
19 34 0 89.6076 94.4407
19 35 0 31.8603 33.6141
19 36 0 79.6803 107.852
19 37 0 80.5562 113.416
19 38 0 51.4065 66.552
19 39 0 22.401 30.8747
19 40 0 99.9397 107.501
19 41 0 41.8623 58.4642
19 42 0 75.8027 93.1337
19 43 0 80.8391 89.6562
19 44 0 88.4992 118.945
19 45 0 23.612 29.3329
19 46 0 36.7967 39.3612
19 47 0 66.3491 88.9903
19 48 0 34.0317 47.5105
19 49 0 46.8764 59.9582
19 50 0 69.8796 78.0977
19 51 0 63.5274 90.5483
19 52 0 71.2606 85.0867
19 53 0 25.4568 32.1946
19 54 0 86.4543 121.859
19 55 0 11.0831 12.1732
19 56 1 3.50602 4.65945
19 57 0 36.577 40.4149
19 58 0 46.6066 62.9341
19 59 0 76.0207 95.1611
19 60 0 70.8251 86.0128
20 1 0 77.6579 86.6433
20 2 0 47.4301 65.1589
20 3 0 37.0278 42.9512
20 4 1 71.8549 81.9037
20 5 0 57.3133 60.1448
20 6 0 50.8257 68.3873
20 7 0 6.44593 7.33914
20 8 0 90.3522 104.19
20 9 0 75.4855 99.5243
20 10 0 64.1095 78.7198
20 11 0 52.1198 70.1319
20 12 0 45.9207 68.2355
20 13 1 65.8028 76.482
20 14 0 16.6046 20.8347
20 15 0 71.018 102.849
20 16 1 67.7868 83.1761
20 17 0 39.1043 41.3171
20 18 0 50.2271 56.978
20 19 0 60.6134 74.8095
20 21 1 37.6114 54.9821
20 22 0 88.3934 110.248
20 23 0 6.22274 7.10506
20 24 0 18.2229 24.0874
20 25 0 25.9906 35.8383
20 26 0 97.0304 100.719
20 27 0 41.4246 58.6648
20 28 0 23.1553 25.1838
20 29 0 84.1463 121.331
20 30 0 33.9251 40.1146
20 31 0 74.0666 92.9327
20 32 0 99.388 118.691
20 33 0 99.8202 118.295
20 34 0 78.5647 113.125
20 35 0 56.9451 81.6854
20 36 0 92.6546 114.616
20 37 0 8.98256 11.8769
20 38 0 89.9867 121.674
20 39 0 15.9038 17.1738
20 40 0 36.8714 45.4907
20 41 0 74.6396 85.6434
20 42 1 10.5241 15.4745
20 43 1 76.2372 87.6229
20 44 0 85.5388 110.26
20 45 0 89.5089 97.3139
20 46 0 72.2804 103.717
20 47 0 89.975 130.613
20 48 0 69.206 92.3822
20 49 0 24.4441 34.4592
20 50 0 6.25354 8.13951
20 51 0 96.6545 114.002
20 52 0 79.0714 112.667
20 53 1 82.7091 122.231
20 54 0 3.26411 4.4689
20 55 0 95.391 123.623
20 56 0 40.0164 50.0205
20 57 0 68.9782 96.8268
20 58 0 13.8445 20.5044
20 59 0 79.6051 92.2356
20 60 0 55.3021 79.8328
21 1 0 86.2214 98.4487
21 2 0 46.2408 46.734
21 3 0 30.2278 34.6042
21 4 0 12.2193 14.4191
21 5 0 9.41616 11.9008
21 6 0 99.8272 126.352
21 7 0 37.7332 39.1518
21 8 0 37.552 51.0133
21 9 1 70.5348 77.2367
21 10 0 36.5093 39.2575
21 11 0 32.4145 34.6018
21 12 0 59.8745 72.2725
21 13 0 17.9159 19.9815
21 14 0 17.2447 21.2821
21 15 0 28.02 39.1696
21 16 0 97.8402 129.072
21 17 0 58.2359 72.3023
21 18 0 91.6691 93.8821
21 19 0 82.7094 101.879
21 20 0 62.174 89.8382
21 22 1 52.6972 61.2978
21 23 0 28.6439 39.84
21 24 0 4.57546 5.63399
21 25 1 59.0467 73.502
21 26 0 82.6047 117.225
21 27 0 17.28 22.4653
21 28 0 31.964 43.5942
21 29 0 37.2522 52.8056
21 30 0 13.2824 16.2687
21 31 0 11.7698 14.2844
21 32 0 96.1658 136.338
21 33 0 97.9436 100.56
21 34 0 34.6121 35.9461
21 35 0 21.6641 29.298
21 36 0 35.6951 50.4423
21 37 0 81.243 99.6481
21 38 0 14.6308 14.9277
21 39 0 9.10177 9.29937
21 40 0 36.2789 41.7489
21 41 0 60.7196 62.2782
21 42 0 24.8964 27.5558
21 43 0 84.9549 102.991
21 44 0 22.9401 25.43
21 45 0 28.9354 35.802
21 46 0 85.9275 108.572
21 47 0 17.6668 22.5658
21 48 0 59.3499 65.1601
21 49 0 2.17637 2.84703
21 50 0 7.76958 9.37243
21 51 0 92.5903 131.106
21 52 0 37.2296 49.0217
21 53 0 65.7871 84.1506
21 54 0 31.2779 33.8475
21 55 0 93.4445 116.849
21 56 0 44.11 50.3172
21 57 0 53.4482 68.5365
21 58 0 99.8169 102.886
21 59 0 85.0289 92.0775
21 60 0 3.95037 4.2773
22 1 0 84.2448 115.639
22 2 0 78.3102 98.6439
22 3 1 14.6095 20.695
22 4 0 41.8036 57.9394
22 5 0 77.95 105.209
22 6 1 57.3955 73.5562
22 7 0 2.49866 2.57001
22 8 0 95.0202 136.523
22 9 0 74.1884 102.625
22 10 0 45.6155 68.4012
22 11 0 79.9936 91.9636
22 12 0 2.92192 3.85212
22 13 0 8.51656 11.3318
22 14 0 4.20921 6.08523
22 15 0 83.7647 86.5927
22 16 1 33.6945 46.8074
22 17 0 59.6973 75.1899
22 18 1 83.6157 120.61
22 19 0 95.1349 114.506
22 20 0 37.8714 48.1395
22 21 0 78.3872 92.587
22 23 1 93.2198 111.561
22 24 0 32.9256 33.2477
22 25 1 32.121 38.6181
22 26 0 89.5882 118.471
22 27 0 60.0294 67.1102
22 28 0 57.7673 83.1827
22 29 0 10.865 12.5472
22 30 0 73.456 73.6903
22 31 0 5.22956 7.34457
22 32 0 25.7509 37.9426
22 33 0 18.8346 19.4206
22 34 0 50.5897 59.8085
22 35 0 25.8039 31.2161
22 36 0 62.8514 77.1767
22 37 0 51.0359 74.9844
22 38 0 85.5664 101.987
22 39 0 60.2715 79.354
22 40 0 73.4744 91.1189
22 41 0 83.6183 96.0247
22 42 0 95.4847 122.321
22 43 0 12.048 14.4747
22 44 0 43.3857 46.8924
22 45 0 90.3649 116.227
22 46 0 21.424 29.2484
22 47 0 44.2962 45.739
22 48 0 34.3466 41.2228
22 49 0 8.67028 12.9119
22 50 0 40.0325 49.4672
22 51 0 90.2321 132.626
22 52 0 77.6067 103.357
22 53 0 63.379 93.0499
22 54 0 67.7322 83.0556
22 55 0 48.3406 58.5981
22 56 0 87.8964 121.072
22 57 0 18.0577 22.5073
22 58 0 93.9134 112.875
22 59 0 40.2717 53.9532
22 60 0 15.0603 16.4874
23 1 0 8.71008 10.8282
23 2 0 54.0915 72.0599
23 3 0 52.5458 74.4371
23 4 0 75.39 112.253
23 5 0 96.1 127.715
23 6 0 1.74066 2.03233
23 7 0 83.4736 99.2598
23 8 0 6.33309 6.51732
23 9 0 20.5961 28.8125
23 10 0 36.1391 50.2816
23 11 0 56.1997 71.3272
23 12 0 58.6696 73.2872
23 13 0 83.8426 93.0473
23 14 0 51.7582 58.1621
23 15 0 59.7905 63.523
23 16 0 86.1358 108.733
23 17 0 80.3823 110.296
23 18 0 31.6734 43.7743
23 19 0 97.5221 103.222
23 20 0 37.7379 47.6174
23 21 0 55.2493 80.9037
23 22 0 95.4239 107.603
23 24 1 53.0954 61.349
23 25 0 38.9238 53.9617
23 26 0 53.9439 80.1464
23 27 1 35.2603 50.3365
23 28 0 45.8378 54.4897
23 29 0 90.6585 106.396
23 30 0 64.1215 82.4415
23 31 0 14.1124 18.9908
23 32 1 74.2857 102.831
23 33 0 85.1911 111.66
23 34 0 96.4222 117.175
23 35 0 19.9628 22.1727
23 36 0 33.3817 40.0657
23 37 0 83.4807 120.292
23 38 0 11.0691 16.3463
23 39 0 46.9128 63.4011
23 40 0 90.9744 96.1347
23 41 0 44.8882 56.3759
23 42 0 14.7763 18.0206
23 43 1 12.3791 15.7338
23 44 0 66.8307 89.0126
23 45 0 74.6231 87.2255
23 46 0 56.2153 77.5922
23 47 0 56.7639 76.2757
23 48 0 90.2904 135.373
23 49 0 6.31821 9.41646
23 50 0 0.501778 0.745577
23 51 0 82.8971 85.7327
23 52 0 25.3684 29.839
23 53 0 14.5456 16.9753
23 54 0 56.6444 72.7622
23 55 0 46.0523 67.8497
23 56 0 21.6075 22.2377
23 57 0 78.4882 114.114
23 58 0 67.1437 80.1924
23 59 0 39.8853 41.1553
23 60 0 63.1913 90.1141
24 1 0 35.2539 39.5622
24 2 0 30.2859 36.565
24 3 0 43.494 48.0996
24 4 1 63.4544 65.2859
24 5 0 92.9253 113.825
24 6 0 43.4237 51.5733
24 7 0 35.1748 45.0848
24 8 0 94.9775 102.15
24 9 0 20.8829 24.0767
24 10 0 24.997 29.5099
24 11 0 25.7895 29.6363
24 12 0 38.2097 38.6718
24 13 0 36.1988 39.2656
24 14 0 91.0865 105.897
24 15 0 22.5869 32.6353
24 16 0 40.0081 46.6175
24 17 0 4.17538 4.48508
24 18 0 72.3843 77.587
24 19 0 51.949 57.2619
24 20 0 87.3602 92.6591
24 21 0 9.91973 14.5192
24 22 0 21.9456 22.4532
24 23 0 48.5886 70.5007
24 25 1 31.4005 39.601
24 26 0 51.6229 70.5747
24 27 0 86.992 100.416
24 28 0 74.608 98.7633
24 29 0 46.111 67.3173
24 30 0 43.6738 45.522
24 31 0 18.3728 21.2354
24 32 0 90.159 132.553
24 33 0 1.49324 1.77197
24 34 0 88.1579 109.962
24 35 0 25.5068 36.6736
24 36 0 16.7135 22.1589
24 37 0 98.5973 131.148
24 38 0 60.2698 61.8063
24 39 0 91.9436 115.753
24 40 0 67.2725 87.7454
24 41 0 30.6322 35.6819
24 42 0 87.3467 109.029
24 43 1 32.2089 35.502
24 44 0 64.9487 69.446
24 45 0 82.229 112.874
24 46 0 69.1937 92.9278
24 47 0 53.0918 77.3528
24 48 0 92.4812 107.608
24 49 1 49.8853 70.4632
24 50 0 48.5748 60.5832
24 51 0 18.1825 26.4351
24 52 0 80.5041 98.0131
24 53 0 24.5154 34.8952
24 54 0 96.6898 111.86
24 55 0 90.7357 126.185
24 56 0 80.42 81.6298
24 57 0 82.8157 121.991
24 58 0 13.9061 18.3614
24 59 0 90.2596 116.308
24 60 0 42.4296 63.4237
25 1 0 1.59449 2.22566
25 2 0 92.4699 95.7025
25 3 0 34.9497 51.5652
25 4 0 75.5618 108.388
25 5 0 99.1292 127.994
25 6 0 32.1405 32.1946
25 7 0 92.8783 97.6747
25 8 0 91.3453 118.2
25 9 0 1.33202 1.86361
25 10 1 16.0583 21.6231
25 11 1 34.3061 40.3091
25 12 0 1.05916 1.29624
25 13 0 38.0661 56.2476
25 14 0 29.1337 38.14
25 15 0 55.5697 76.4109
25 16 0 7.60076 10.053
25 17 0 96.8637 143.448
25 18 0 0.799366 0.809216
25 19 0 7.37272 10.5916
25 20 0 62.8058 71.5778
25 21 0 5.31409 7.28922
25 22 0 50.4103 64.947
25 23 0 92.9482 121.026
25 24 0 87.2635 95.4109
25 26 1 92.7616 131.561
25 27 1 53.5536 64.4269
25 28 0 20.1382 20.2317
25 29 1 95.7125 125.993
25 30 0 77.4184 108.044
25 31 0 20.6566 23.4511
25 32 0 23.0544 33.1305
25 33 0 83.1321 96.8429
25 34 0 17.3789 25.3833
25 35 0 77.0542 92.3189
25 36 0 39.4882 50.1362
25 37 0 13.2343 16.6785
25 38 0 87.2282 105.364
25 39 1 75.4981 77.3299
25 40 0 98.7366 116.283
25 41 0 75.6233 80.4492
25 42 1 90.0567 133.846
25 43 0 44.9666 58.0639
25 44 0 27.2804 28.7012
25 45 0 14.0168 18.2883
25 46 0 5.4078 7.13567
25 47 0 31.7581 42.4983
25 48 0 49.7059 53.8751
25 49 0 92.8086 99.9231
25 50 0 48.2929 55.072
25 51 0 57.1334 58.0891
25 52 0 96.9922 142.962
25 53 0 83.7712 117.606
25 54 0 42.0835 59.2918
25 55 0 54.0856 63.0004
25 56 0 58.947 77.1819
25 57 0 37.7825 43.611
25 58 0 65.8776 80.7755
25 59 0 21.6847 22.6795
25 60 0 77.5024 95.5617
26 1 0 42.7588 44.6551
26 2 0 5.39714 7.38275
26 3 0 16.6061 18.9454
26 4 0 97.5069 126.007
26 5 0 10.3265 11.7766
26 6 1 37.0103 42.3852
26 7 0 39.8953 40.4081
26 8 0 60.0091 60.9154
26 9 0 85.6875 99.916
26 10 0 88.9207 93.4583
26 11 0 47.7686 56.9749
26 12 0 6.07115 8.59577
26 13 0 55.4797 77.6394
26 14 1 9.75005 10.874
26 15 0 67.373 93.8397
26 16 0 73.5587 87.3444
26 17 0 34.3802 41.985
26 18 0 37.4041 48.6488
26 19 0 10.1528 11.7746
26 20 0 27.2972 39.6019
26 21 0 9.27835 12.717
26 22 0 69.2029 86.445
26 23 0 20.497 29.2439
26 24 0 0.849065 0.968734
26 25 0 71.2423 104.306
26 27 1 14.7052 17.1747
26 28 0 41.216 60.1302
26 29 0 7.47043 10.9615
26 30 1 16.7234 21.8364
26 31 0 48.128 60.3224
26 32 0 48.3176 62.3925
26 33 0 6.03481 6.2657
26 34 0 73.6335 84.9664
26 35 0 75.7905 93.1404
26 36 0 70.2331 94.0972
26 37 0 50.261 67.0651
26 38 0 57.9671 78.5243
26 39 0 69.1652 85.5812
26 40 0 67.4096 74.0133
26 41 0 83.6482 108.682
26 42 0 57.6132 57.8568
26 43 0 90.9219 119.601
26 44 0 40.2931 49.772
26 45 0 50.2095 73.1568
26 46 0 53.1499 58.205
26 47 0 57.9894 77.453
26 48 0 37.4693 50.8714
26 49 0 38.7093 41.8576
26 50 1 82.6808 100.375
26 51 0 13.7644 18.7011
26 52 0 36.2726 37.1798
26 53 0 8.75838 11.7074
26 54 0 3.8333 5.2126
26 55 0 58.7159 82.6994
26 56 0 8.53863 11.1173
26 57 0 84.497 94.4914
26 58 0 2.42311 3.17987
26 59 0 53.6928 55.0569
26 60 0 94.9907 118.035
27 1 0 74.8164 109.603
27 2 0 38.8962 57.0908
27 3 0 2.08699 2.26396
27 4 0 28.8357 38.5108
27 5 0 29.5068 36.7529
27 6 1 56.21 72.1348
27 7 0 42.2704 52.1863
27 8 0 33.7124 33.7989
27 9 0 98.7658 143.139
27 10 0 87.3605 112.266
27 11 0 93.2902 104.592
27 12 0 46.4499 46.6684
27 13 0 46.6775 60.1877
27 14 0 4.09252 6.13844
27 15 0 41.8865 54.0189
27 16 0 87.005 94.0535
27 17 0 33.3373 40.5795
27 18 0 93.6806 109.939
27 19 0 99.6075 99.6866
27 20 1 90.1608 130.293
27 21 0 25.1472 26.5746
27 22 0 62.237 65.4864
27 23 0 71.5418 102.12
27 24 0 24.7497 36.44
27 25 0 82.4979 121.948
27 26 0 76.0754 89.7516
27 28 1 21.159 28.2166
27 29 1 80.9278 94.1164
27 30 0 0.26283 0.379464
27 31 0 38.4635 56.1801
27 32 0 49.1544 56.6509
27 33 0 27.1112 35.2583
27 34 0 71.061 74.4305
27 35 0 69.9486 84.7311
27 36 0 64.9331 90.2576
27 37 0 92.4455 109.953
27 38 0 38.3468 38.5734
27 39 0 99.0641 134.355
27 40 1 93.9177 132.756
27 41 0 39.4052 40.3466
27 42 0 29.3673 42.4063
27 43 0 21.0959 25.6732
27 44 0 22.0874 23.1734
27 45 0 25.6034 37.6991
27 46 0 93.4768 132.172
27 47 0 64.8259 97.0851
27 48 0 68.0172 72.7066
27 49 0 68.4723 90.1019
27 50 0 67.7557 72.8694
27 51 0 70.6499 91.7971
27 52 0 30.9733 40.5277
27 53 0 10.4799 13.6146
27 54 1 87.622 107.672
27 55 0 75.089 85.0223
27 56 0 3.21718 3.31164
27 57 0 46.5605 53.5352
27 58 0 82.9087 111.901
27 59 0 16.6897 24.4546
27 60 0 26.2037 31.078
28 1 0 57.1375 75.8846
28 2 0 86.7485 106.81
28 3 0 27.6538 33.028
28 4 1 94.2105 127.788
28 5 0 62.0331 91.7703
28 6 0 19.1331 28.1812
28 7 0 36.1139 48.7596
28 8 0 3.19417 3.24859
28 9 0 75.5692 91.1764
28 10 0 69.3923 70.8578
28 11 0 75.0859 94.2833
28 12 0 34.8186 37.1155
28 13 0 61.6338 82.0224
28 14 0 13.1291 18.6767
28 15 0 99.1434 138.476
28 16 0 76.9538 112.123
28 17 1 96.0294 131.138
28 18 0 62.7841 92.2539
28 19 0 58.9021 68.5518
28 20 0 95.5454 109.529
28 21 0 29.4301 33.1581
28 22 0 67.9937 86.244
28 23 0 12.2196 12.4238
28 24 1 69.7845 83.5516
28 25 0 96.0966 113.498
28 26 0 45.4188 49.8414
28 27 1 91.5685 126.213
28 29 1 81.2158 114.577
28 30 0 22.625 24.2315
28 31 0 65.9997 86.539
28 32 0 74.6523 102.176
28 33 0 83.248 123.261
28 34 0 92.2786 119.886
28 35 0 47.6477 58.9731
28 36 0 70.4464 82.5149
28 37 0 0.353201 0.430673
28 38 1 57.8568 85.3176
28 39 0 30.8529 41.6066
28 40 0 54.3925 64.524
28 41 0 59.0639 60.0426
28 42 0 3.83031 3.93467
28 43 0 79.945 87.7204
28 44 0 20.2065 20.2562
28 45 0 60.7403 65.7799
28 46 0 94.7676 129.585
28 47 0 36.2463 48.8719
28 48 0 66.8409 97.7454
28 49 0 12.0864 16.9035
28 50 0 80.4903 96.3609
28 51 0 87.188 124.656
28 52 0 31.1015 41.3611
28 53 0 75.9498 105.568
28 54 0 60.8335 83.3079
28 55 0 89.2244 105.65
28 56 0 67.4344 92.6961
28 57 0 68.1956 80.8425
28 58 0 77.7151 106.654
28 59 0 0.175971 0.179232
28 60 0 98.2688 111.594
29 1 1 17.8474 22.083
29 2 0 26.1792 37.3956
29 3 0 23.0894 31.7315
29 4 0 10.1156 10.5998
29 5 0 63.2825 91.7627
29 6 0 32.2027 37.5513
29 7 0 76.9464 106.553
29 8 0 1.39566 1.57695
29 9 0 56.8848 78.8763
29 10 0 9.7769 14.2456
29 11 0 24.3747 35.8489
29 12 0 19.6659 26.3226
29 13 0 69.2622 82.8807
29 14 0 82.2989 119.699
29 15 0 68.7522 103.007
29 16 0 0.820867 1.11495
29 17 0 27.3445 40.7727
29 18 0 58.7208 78.716
29 19 0 78.3205 88.9537
29 20 0 89.2977 132.105
29 21 0 77.6806 113.889
29 22 0 55.3655 77.0754
29 23 0 88.7434 114.201
29 24 0 45.9647 57.4917
29 25 0 91.5421 108.445
29 26 0 18.7208 27.6006
29 27 0 25.2727 32.9617
29 28 0 43.5244 46.2136
29 30 1 52.6409 53.3619
29 31 0 15.4635 21.2953
29 32 0 58.8813 80.3395
29 33 0 14.0222 14.7636
29 34 0 45.717 61.2462
29 35 0 18.4946 27.491
29 36 0 84.0031 100.434
29 37 0 96.3065 125.08
29 38 0 94.9164 128.3
29 39 0 5.94592 6.02311
29 40 0 20.3539 23.597
29 41 0 64.0745 84.8098
29 42 1 65.4557 68.8147
29 43 1 8.1187 11.759
29 44 0 14.513 21.4192
29 45 0 49.2448 61.631
29 46 0 41.2615 57.9537
29 47 0 35.4708 41.1447
29 48 0 60.7704 74.6717
29 49 0 57.5521 78.1076
29 50 0 65.6363 79.3456
29 51 0 58.5233 63.8359
29 52 0 71.7068 72.7058
29 53 0 23.5556 33.8025
29 54 0 12.2368 15.5769
29 55 0 33.4154 40.6693
29 56 0 14.2414 21.0006
29 57 0 57.2813 66.1534
29 58 0 40.5321 60.3309
29 59 0 90.814 119.312
29 60 0 37.9654 42.9842
30 1 0 10.2347 14.8298
30 2 0 4.05087 4.74903
30 3 0 89.8856 107.496
30 4 0 80.6401 86.1669
30 5 0 71.9489 93.2645
30 6 0 35.6916 50.8317
30 7 0 40.3419 59.4316
30 8 0 91.4726 124.652
30 9 0 14.553 15.747
30 10 0 64.6343 91.8363
30 11 0 51.0583 54.7761
30 12 0 57.7227 79.4194
30 13 0 8.52682 12.618
30 14 0 37.2676 37.3541
30 15 1 48.5853 67.3189
30 16 1 27.5219 34.0459
30 17 0 40.3792 42.2406
30 18 0 73.2918 83.674
30 19 0 4.34037 5.89113
30 20 0 29.45 33.9725
30 21 0 55.4709 82.694
30 22 0 9.75669 14.1028
30 23 0 79.897 115.523
30 24 0 8.15162 12.0397
30 25 1 63.3594 66.0962
30 26 0 72.4357 89.8345
30 27 0 44.4525 57.9843
30 28 0 57.3051 79.3983
30 29 0 41.3199 54.5559
30 31 1 26.7669 31.2353
30 32 0 37.6669 44.9213
30 33 0 66.8081 73.4499
30 34 0 75.6673 79.4103
30 35 0 29.3931 37.509
30 36 0 51.8146 54.2467
30 37 0 27.0924 29.8714
30 38 0 36.3043 38.3145
30 39 0 80.9335 94.2985
30 40 0 7.53645 7.58559
30 41 0 65.1415 96.9965
30 42 0 33.4199 39.4667
30 43 0 82.9276 102.457
30 44 0 30.2794 31.8076
30 45 0 8.30302 11.9764
30 46 0 54.1307 73.9645
30 47 0 47.4823 48.6114
30 48 0 48.9045 71.4127
30 49 0 53.1102 72.8039
30 50 0 48.8957 57.8657
30 51 0 22.8317 25.2122
30 52 0 5.01006 7.17689
30 53 0 13.5391 17.1641
30 54 0 26.5766 39.824
30 55 0 90.3394 106.468
30 56 0 65.7766 66.3728
30 57 0 80.5686 81.9692
30 58 0 52.0649 65.4593
30 59 0 33.0027 38.458
30 60 0 50.2793 63.7489
31 1 0 37.4155 47.4455
31 2 0 33.7152 49.8653
31 3 0 42.9018 51.0399
31 4 0 78.4431 84.7279
31 5 0 84.1695 94.6738
31 6 0 43.3699 48.6546
31 7 0 57.1932 62.6129
31 8 0 40.1606 53.7168
31 9 0 66.0487 93.6138
31 10 0 36.6029 44.3878
31 11 0 85.5003 119.711
31 12 0 25.8854 30.5347
31 13 0 66.0622 73.1207
31 14 0 76.4525 104.396
31 15 0 15.6904 21.6013
31 16 0 26.4491 32.4254
31 17 0 58.7131 82.376
31 18 0 72.5267 108.715
31 19 0 87.9679 130.045
31 20 0 7.77275 9.06067
31 21 0 49.9498 65.1751
31 22 0 75.7484 93.1688
31 23 0 65.2753 66.6484
31 24 0 74.9539 79.4186
31 25 0 66.3067 90.5811
31 26 0 90.2936 100.475
31 27 0 16.7011 19.4192
31 28 0 82.7982 87.4301
31 29 0 38.7807 47.2324
31 30 0 56.1121 76.2439
31 32 1 95.9861 108.415
31 33 0 33.0214 42.0169
31 34 0 4.18023 5.38358
31 35 0 95.0148 131.243
31 36 0 87.5178 99.2966
31 37 0 12.275 17.2143
31 38 0 34.7479 36.4447
31 39 0 37.2644 55.8962
31 40 0 61.8688 74.8853
31 41 0 92.4517 123.228
31 42 1 15.1381 15.3165
31 43 0 14.4681 18.1517
31 44 0 74.7529 98.3121
31 45 0 87.8513 97.0045
31 46 0 89.6143 98.1141
31 47 0 99.7279 111.531
31 48 0 62.8801 83.1271
31 49 0 96.4293 129.357
31 50 0 77.366 95
31 51 0 10.0968 12.2824
31 52 0 47.829 67.9948
31 53 0 38.8594 39.6984
31 54 0 71.2853 75.3346
31 55 0 22.9372 32.9673
31 56 0 3.90284 4.70404
31 57 0 59.5274 69.69
31 58 0 81.1002 101.326
31 59 0 45.8642 62.9466
31 60 0 76.3277 103.723
32 1 0 14.8487 20.8646
32 2 0 72.8206 84.7007
32 3 0 95.0497 102.818
32 4 0 84.5668 91.5889
32 5 0 2.31206 2.72731
32 6 0 99.6337 100.212
32 7 0 51.5692 67.8803
32 8 0 50.2699 64.5739
32 9 0 50.6394 64.9933
32 10 1 96.2597 124.05
32 11 0 16.3833 20.0813
32 12 1 6.65859 6.85199
32 13 0 53.6614 61.4184
32 14 0 92.6372 116.821
32 15 0 51.5484 76.6612
32 16 0 36.2565 53.0665
32 17 0 28.2371 37.1338
32 18 0 18.6738 25.5783
32 19 0 97.2144 129.259
32 20 0 72.092 96.5653
32 21 0 11.4783 14.962
32 22 0 62.8246 76.5626
32 23 0 22.7932 23.3019
32 24 0 34.2989 46.1736
32 25 0 12.2365 12.8172
32 26 0 99.7113 101.381
32 27 0 78.0288 115.027
32 28 0 1.41982 1.42739
32 29 0 0.206586 0.232059
32 30 0 15.6323 20.4631
32 31 0 32.3424 33.6455
32 33 1 63.759 88.0235
32 34 1 46.9819 47.1395
32 35 0 93.2296 124.04
32 36 1 93.3446 137.343
32 37 0 35.5575 38.7084
32 38 0 38.358 39.9999
32 39 0 10.377 11.7674
32 40 1 3.62118 3.65247
32 41 0 61.8756 68.6709
32 42 0 42.8457 57.7205
32 43 0 87.6047 108.477
32 44 0 27.6285 32.5582
32 45 1 89.9657 126.069
32 46 0 99.2696 109.562
32 47 0 61.2057 69.0601
32 48 0 97.7272 137.024
32 49 0 80.6155 96.4182
32 50 0 7.31602 10.0277
32 51 0 82.9463 103.158
32 52 0 10.9164 14.5587
32 53 0 66.3542 85.0981
32 54 0 17.0948 18.5699
32 55 0 48.5386 64.9318
32 56 0 37.8732 41.7518
32 57 0 98.5998 109.128
32 58 0 4.73215 4.74639
32 59 0 14.4938 18.7964
32 60 0 62.9685 74.7589
33 1 0 39.2181 45.2085
33 2 0 96.5559 123.147
33 3 0 22.5287 30.5027
33 4 0 24.8704 29.0978
33 5 1 14.4978 15.0444
33 6 0 25.6136 33.5473
33 7 0 23.9258 34.1457
33 8 1 64.0549 87.4767
33 9 0 87.2724 104.596
33 10 0 54.6558 78.9779
33 11 0 78.7644 111.355
33 12 0 33.3034 43.9593
33 13 0 88.2741 96.8181
33 14 0 20.9485 22.5273
33 15 0 7.10467 7.94725
33 16 0 30.8074 38.4908
33 17 0 83.1875 99.2296
33 18 0 79.6485 118.319
33 19 0 15.3211 20.4613
33 20 1 70.3861 79.8298
33 21 0 6.28514 7.21203
33 22 0 54.477 61.1463
33 23 0 3.90405 4.03256
33 24 0 97.3122 121.775
33 25 0 15.773 15.9469
33 26 0 4.19726 5.06229
33 27 0 68.5512 81.5174
33 28 0 47.4626 67.7287
33 29 0 43.2853 44.913
33 30 0 0.785344 0.956495
33 31 0 32.6084 43.3579
33 32 0 2.41326 2.74401
33 34 1 95.6744 118.004
33 35 0 69.103 86.7327
33 36 0 39.6881 50.4116
33 37 0 87.6938 94.7014
33 38 0 59.6312 88.7873
33 39 0 5.48609 7.96854
33 40 1 32.6483 33.5738
33 41 0 67.8224 84.3012
33 42 0 20.304 25.1005
33 43 0 21.405 22.3855
33 44 0 95.4631 112.105
33 45 0 93.3275 132.176
33 46 0 15.3026 22.0578
33 47 0 52.7244 77.7886
33 48 0 43.2938 50.7069
33 49 0 47.5118 52.3451
33 50 0 50.1664 63.764
33 51 0 54.9446 78.2684
33 52 1 34.9122 39.0006
33 53 0 90.7657 133.725
33 54 0 50.3328 70.0241
33 55 0 61.3765 67.0549
33 56 0 74.8407 75.6306
33 57 0 30.4635 34.8459
33 58 0 24.0729 24.6909
33 59 0 37.9288 47.1431
33 60 0 22.5072 31.412
34 1 0 89.3529 90.5643
34 2 0 78.4123 100.632
34 3 0 25.2962 33.4658
34 4 0 78.8147 106.153
34 5 0 95.658 99.7508
34 6 0 68.5221 74.3085
34 7 0 28.5236 38.913
34 8 0 1.30834 1.95488
34 9 0 90.7731 126.703
34 10 0 74.2033 88.7883
34 11 1 38.6209 39.1141
34 12 0 54.38 81.0387
34 13 0 54.6104 70.1958
34 14 0 45.4797 58.4086
34 15 0 60.3261 68.3571
34 16 0 19.7084 19.9103
34 17 0 48.3887 65.9948
34 18 1 38.2377 52.3963
34 19 0 6.143 7.75413
34 20 0 47.9174 48.7255
34 21 0 45.8545 56.7377
34 22 0 97.1681 99.1262
34 23 0 39.5787 44.9606
34 24 0 75.8952 108.32
34 25 0 83.4662 97.4592
34 26 0 99.3768 126.061
34 27 0 11.6006 12.8852
34 28 0 52.6654 61.505
34 29 0 34.4154 41.9583
34 30 0 37.2092 53.2856
34 31 1 88.6636 113.583
34 32 0 22.1036 25.3035
34 33 0 64.5815 70.8438
34 35 1 54.5798 58.2324
34 36 0 77.414 79.4638
34 37 0 90.9416 112.451
34 38 0 46.1893 65.0647
34 39 0 46.1065 47.4655
34 40 0 32 38.397
34 41 0 47.9758 58.921
34 42 0 12.319 17.9914
34 43 0 62.8479 71.4856
34 44 0 63.6824 73.283
34 45 0 40.1466 55.7317
34 46 0 71.0948 86.5667
34 47 0 9.41824 14.0696
34 48 0 7.49332 8.98339
34 49 1 38.6705 51.4377
34 50 0 64.5069 93.6976
34 51 0 43.569 59.921
34 52 0 53.9322 75.6237
34 53 0 92.3661 100.012
34 54 0 40.4672 57.8726
34 55 0 19.1332 28.447
34 56 0 14.7525 20.9337
34 57 0 43.1817 61.3518
34 58 0 11.4237 14.7481
34 59 0 0.399602 0.586396
34 60 0 43.5679 62.1808
35 1 0 20.4991 20.9179
35 2 0 57.1551 63.257
35 3 0 53.1009 55.9381
35 4 0 84.1607 116.212
35 5 0 54.6797 80.3403
35 6 0 97.6224 143.463
35 7 0 1.77681 1.8116
35 8 0 98.0517 126.932
35 9 0 61.4647 71.5343
35 10 0 3.49942 4.4753
35 11 0 70.5428 99.8306
35 12 0 67.222 99.4058
35 13 0 71.1514 75.033
35 14 0 36.1929 53.5897
35 15 0 69.9314 103.528
35 16 0 86.9619 94.4112
35 17 0 37.8238 45.0119
35 18 0 24.6181 26.1295
35 19 0 51.7679 52.1101
35 20 0 47.1785 47.957
35 21 0 94.4135 130.494
35 22 0 76.5438 84.5708
35 23 0 96.5396 137.813
35 24 0 55.075 58.8624
35 25 0 14.5869 19.6014
35 26 0 6.33787 8.52426
35 27 0 16.1135 23.5437
35 28 0 99.163 143.42
35 29 0 38.3838 56.9476
35 30 0 65.6452 79.8639
35 31 0 93.8708 118.585
35 32 0 23.4004 31.8825
35 33 1 98.1876 146.895
35 34 0 26.9541 37.3468
35 36 1 63.3723 70.5676
35 37 0 71.1437 96.841
35 38 1 29.7801 42.0188
35 39 0 40.7951 46.22
35 40 0 54.2441 66.6606
35 41 0 91.2723 127.133
35 42 0 39.0923 52.1099
35 43 0 18.3165 25.2684
35 44 0 98.0917 112.533
35 45 0 98.1763 112.432
35 46 0 89.1925 112.669
35 47 0 37.7136 47.5721
35 48 0 26.0034 29.6574
35 49 0 48.5202 62.8168
35 50 0 75.7753 101.463
35 51 0 45.9644 66.3401
35 52 0 23.8763 35.6058
35 53 0 79.0793 90.5535
35 54 0 73.0158 100.992
35 55 0 3.02887 4.30141
35 56 0 37.5462 44.5671
35 57 0 17.5338 22.5941
35 58 0 39.1081 44.0793
35 59 0 60.4727 76.3604
35 60 0 17.2896 21.5832
36 1 0 65.0286 85.7282
36 2 0 85.44 117.989
36 3 1 13.6887 18.9199
36 4 1 13.6449 16.74
36 5 1 22.2223 27.3688
36 6 0 74.0291 95.0453
36 7 0 7.89818 9.39767
36 8 0 30.0885 33.3092
36 9 0 38.8414 54.7035
36 10 0 35.6873 47.4037
36 11 0 68.5863 97.9282
36 12 0 45.9272 54.2648
36 13 0 40.9992 55.2971
36 14 0 6.86253 6.91601
36 15 0 36.5677 42.9031
36 16 0 94.8898 137.519
36 17 0 98.2129 117.261
36 18 0 57.8522 65.8342
36 19 0 19.3816 26.092
36 20 1 79.8131 116.026
36 21 0 7.87219 11.6628
36 22 0 42.1074 47.331
36 23 0 22.0409 27.2679
36 24 0 24.7078 25.1486
36 25 0 54.6095 72.1475
36 26 0 38.5202 51.8574
36 27 1 30.5881 44.9669
36 28 0 93.0047 99.4373
36 29 0 8.52181 9.6459
36 30 0 32.8957 41.1318
36 31 0 89.1768 132.585
36 32 0 22.0573 27.3193
36 33 0 21.5674 25.6659
36 34 0 40.448 49.8392
36 35 0 81.6185 111.081
36 37 1 61.5547 70.4124
36 38 0 97.1754 142.689
36 39 0 59.7098 67.1049
36 40 0 80.7237 115.827
36 41 0 9.03391 10.6367
36 42 0 89.4785 126.537
36 43 0 75.3569 105.991
36 44 0 21.0175 26.4972
36 45 0 44.8818 54.5898
36 46 0 12.2224 18.0865
36 47 0 27.6253 37.3502
36 48 0 90.4696 91.6665
36 49 0 8.50927 10.283
36 50 0 60.5943 72.568
36 51 0 81.9887 113.06
36 52 0 19.0341 24.8957
36 53 0 58.0112 61.7719
36 54 0 43.1035 46.3345
36 55 1 77.709 107.746
36 56 1 15.2471 22.023
36 57 0 90.6958 121.162
36 58 0 50.0202 68.8241
36 59 0 39.7975 43.9259
36 60 0 28.406 39.9824
37 1 0 5.67506 8.30418
37 2 0 86.2222 128.174
37 3 0 51.6524 72.0681
37 4 0 68.5223 95.0919
37 5 0 12.555 13.0314
37 6 0 52.3884 75.5433
37 7 0 71.8462 106.369
37 8 0 90.8752 103.965
37 9 1 92.1026 104.539
37 10 0 71.5161 94.6501
37 11 0 35.3943 51.4881
37 12 0 99.4755 128.137
37 13 0 22.7276 32.0503
37 14 0 22.7848 32.5494
37 15 0 82.5782 100.398
37 16 0 48.1047 55.3444
37 17 0 22.8251 28.5644
37 18 0 91.0303 115.616
37 19 0 70.4615 103.502
37 20 0 46.8524 59.4394
37 21 0 93.4711 122.404
37 22 0 40.2344 44.7131
37 23 0 53.9235 58.7737
37 24 0 82.7799 114.832
37 25 0 45.441 46.7051
37 26 1 62.4718 83.6314
37 27 0 74.8645 103.257
37 28 0 63.5888 82.0089
37 29 0 77.2268 96.8594
37 30 0 42.0927 44.1534
37 31 0 44.3888 45.8564
37 32 0 99.6349 103.105
37 33 0 51.0372 54.803
37 34 0 0.34125 0.490507
37 35 0 44.7528 50.9162
37 36 1 59.288 63.1295
37 38 1 0.681426 0.793066
37 39 0 6.18199 9.04787
37 40 0 26.6664 38.1484
37 41 0 33.1211 36.9467
37 42 0 65.9829 91.1252
37 43 0 19.8512 27.8805
37 44 0 96.0044 120.378
37 45 0 84.7659 92.8293
37 46 0 82.6127 98.2629
37 47 0 57.952 83.5883
37 48 0 52.7315 75.0884
37 49 0 84.9114 109.696
37 50 0 31.7222 32.03
37 51 0 19.4397 28.4004
37 52 0 5.38574 6.4989
37 53 0 96.1204 114.425
37 54 0 18.2145 25.4243
37 55 0 26.7256 31.7834
37 56 0 95.8481 142.576
37 57 1 54.6488 55.6541
37 58 0 67.5586 71.5413
37 59 0 23.8178 30.3785
37 60 1 35.6959 44.1713
38 1 0 48.2091 48.4325
38 2 0 27.5859 37.4821
38 3 0 8.58881 11.482
38 4 0 25.9996 33.9941
38 5 0 88.4269 94.069
38 6 1 65.6052 79.3385
38 7 0 3.41279 3.49005
38 8 0 59.2583 82.5647
38 9 0 83.0151 97.1465
38 10 0 55.3985 79.6589
38 11 0 84.8236 97.0648
38 12 0 60.1702 68.4171
38 13 0 63.4996 80.7949
38 14 0 25.8745 27.2884
38 15 0 7.64673 9.27647
38 16 0 90.5342 92.9822
38 17 0 18.5236 26.9502
38 18 0 82.6803 112.881
38 19 0 81.5702 116.737
38 20 0 98.2636 146.029
38 21 0 52.6141 58.6478
38 22 0 34.9712 43.7966
38 23 0 42.3261 50.988
38 24 0 11.2131 13.6396
38 25 0 68.4496 97.9325
38 26 1 30.4825 43.0327
38 27 0 92.7189 108.064
38 28 0 63.2789 66.5103
38 29 0 46.1559 58.6601
38 30 0 59.0473 59.2924
38 31 0 60.6939 87.3361
38 32 1 87.0677 109.359
38 33 0 45.629 64.0276
38 34 0 19.5903 23.2253
38 35 0 31.3774 43.456
38 36 0 79.8733 117.321
38 37 0 84.4089 119.285
38 39 1 97.9134 110.025
38 40 0 79.099 115.532
38 41 0 31.0458 42.1572
38 42 0 12.8957 14.0851
38 43 0 38.6803 46.2216
38 44 0 27.8317 27.947
38 45 0 41.9885 59.7167
38 46 1 69.0736 90.0884
38 47 0 19.1089 27.6834
38 48 0 12.1151 14.286
38 49 0 20.7423 21.7408
38 50 0 3.76338 5.58451
38 51 0 73.3302 89.394
38 52 0 37.9189 52.2666
38 53 0 45.042 47.6622
38 54 0 42.7091 45.0552
38 55 0 41.9604 47.4735
38 56 0 66.2944 73.0986
38 57 0 16.0001 23.8853
38 58 1 29.922 36.5163
38 59 0 71.1277 99.4998
38 60 0 28.4348 29.9863
39 1 0 29.2202 36.0231
39 2 1 3.09953 3.69433
39 3 0 8.32368 10.9996
39 4 0 1.41595 2.10871
39 5 0 68.2188 77.9184
39 6 0 36.3984 50.7137
39 7 0 1.67603 2.14523
39 8 0 86.2467 89.1277
39 9 0 86.165 96.059
39 10 0 95.0375 121.299
39 11 0 52.1976 72.1753
39 12 0 17.6475 19.976
39 13 0 48.0412 67.754
39 14 0 75.1525 93.9589
39 15 0 58.6964 70.7785
39 16 0 54.1448 64.284
39 17 0 50.7554 73.9423
39 18 0 38.7539 48.5335
39 19 0 9.19782 9.86503
39 20 0 53.6673 60.3107
39 21 0 39.7943 51.6879
39 22 0 40.8084 49.0433
39 23 0 9.86115 10.6852
39 24 1 51.1988 55.0092
39 25 0 23.445 30.4107
39 26 0 19.3456 23.0849
39 27 0 98.5959 108.222
39 28 0 28.7089 41.2026
39 29 0 93.7507 100.8
39 30 0 24.9978 34.8557
39 31 0 79.4662 81.7683
39 32 0 10.5772 15.7005
39 33 0 70.9667 88.9391
39 34 0 4.21866 6.01431
39 35 0 2.10828 2.77777
39 36 0 2.91516 4.19163
39 37 0 68.4342 71.4288
39 38 0 48.2802 52.162
39 40 1 66.5381 86.566
39 41 0 60.3006 79.6186
39 42 0 11.441 12.3717
39 43 0 91.7066 126.248
39 44 0 38.2368 41.8696
39 45 0 96.4161 133.012
39 46 1 96.6821 139.529
39 47 1 52.37 62.0391
39 48 0 37.0488 43.3554
39 49 0 45.1064 53.9843
39 50 0 87.7174 116.299
39 51 0 74.3219 75.5891
39 52 0 33.9447 41.6585
39 53 0 17.7326 22.8313
39 54 0 37.3302 48.0323
39 55 0 80.0267 111.746
39 56 0 82.6436 91.8891
39 57 0 17.1642 25.6311
39 58 0 85.9524 116.362
39 59 0 96.0686 123.737
39 60 0 82.0344 91.4883
40 1 0 96.6874 130.878
40 2 0 55.1487 61.4658
40 3 0 5.15835 5.65656
40 4 0 17.7229 26.2051
40 5 0 25.9209 37.683
40 6 0 21.1544 31.2035
40 7 0 87.7371 118.323
40 8 0 41.1477 52.6176
40 9 0 64.9415 80.2161
40 10 1 45.5179 64.0369
40 11 0 8.33231 11.8795
40 12 0 92.5786 136.376
40 13 0 8.01177 8.78758
40 14 0 52.7498 65.3302
40 15 0 51.8165 65.322
40 16 0 70.7154 98.205
40 17 0 12.1984 16.2131
40 18 0 1.27376 1.6902
40 19 0 72.9256 106.718
40 20 0 69.9851 77.9014
40 21 1 83.1283 119.169
40 22 0 83.7673 121.335
40 23 0 37.7496 55.0933
40 24 0 53.7843 56.6011
40 25 0 17.82 19.2898
40 26 1 30.8232 33.0504
40 27 0 72.5827 79.4627
40 28 0 43.1233 44.8802
40 29 0 6.88149 7.4737
40 30 0 34.9361 42.0152
40 31 0 1.95533 2.21761
40 32 1 91.0123 118.274
40 33 0 65.7306 97.2487
40 34 0 68.5297 69.4188
40 35 0 37.3118 41.4479
40 36 0 95.9377 115.93
40 37 0 76.8976 90.7754
40 38 0 15.1103 19.9618
40 39 0 43.7047 48.7106
40 41 1 71.4579 105.837
40 42 0 72.7517 79.3401
40 43 0 38.0643 53.8807
40 44 0 32.9854 35.5681
40 45 0 39.4232 48.1482
40 46 0 76.8572 93.6988
40 47 0 66.8125 99.9635
40 48 0 99.175 130.966
40 49 0 97.6363 140.244
40 50 1 57.8133 84.2879
40 51 0 58.4126 87.3918
40 52 0 93.3018 99.7032
40 53 0 48.4701 52.3955
40 54 0 27.7212 35.7718
40 55 0 45.083 53.0272
40 56 1 84.9439 87.3165
40 57 0 52.9931 55.3712
40 58 0 14.0527 19.7345
40 59 0 17.5469 24.3292
40 60 1 19.1393 28.5956
41 1 0 9.3654 11.6447
41 2 0 43.0354 53.7175
41 3 0 10.7115 13.5947
41 4 0 36.5973 37.2326
41 5 0 33.7649 37.8338
41 6 0 38.3346 56.0856
41 7 0 90.4431 131.382
41 8 0 4.20699 6.23977
41 9 0 1.20966 1.55565
41 10 0 25.4328 31.1026
41 11 1 15.363 19.8841
41 12 0 43.9737 58.2097
41 13 0 5.51314 6.14687
41 14 1 64.2281 85.052
41 15 0 57.2491 81.1828
41 16 0 22.5306 26.4581
41 17 0 35.2164 45.7038
41 18 0 24.771 36.1949
41 19 0 30.265 34.2308
41 20 0 73.662 86.0608
41 21 0 14.3617 17.4748
41 22 0 98.7286 116.68
41 23 0 67.65 71.4557
41 24 0 40.6294 46.6396
41 25 0 25.9532 32.8079
41 26 0 55.4828 71.3763
41 27 0 85.1264 112.335
41 28 0 59.3659 88.8259
41 29 1 3.50629 4.12313
41 30 0 58.0231 74.1255
41 31 0 34.0901 46.7086
41 32 0 26.0982 33.2185
41 33 0 61.0081 66.5471
41 34 0 78.8958 94.5849
41 35 0 63.3127 69.2219
41 36 0 93.967 132.641
41 37 0 86.3073 119.966
41 38 0 36.8498 53.1834
41 39 0 64.6848 86.8361
41 40 0 43.6865 43.9259
41 42 1 61.9091 83.4449
41 43 0 84.2919 89.3813
41 44 0 57.0734 70.6964
41 45 0 31.5877 47.2319
41 46 1 94.7471 103.329
41 47 0 39.031 50.494
41 48 0 32.9936 46.8204
41 49 0 16.9665 17.8545
41 50 0 65.812 67.7997
41 51 0 6.99698 8.01396
41 52 0 86.5964 104.372
41 53 0 93.638 114.546
41 54 0 70.9892 75.5375
41 55 0 10.3894 14.6122
41 56 0 94.6882 120.08
41 57 0 56.4875 63.7048
41 58 0 44.4765 51.817
41 59 0 31.7759 43.1485
41 60 0 64.8282 65.1562
42 1 0 8.2766 9.42605
42 2 0 51.6608 58.4118
42 3 0 63.4167 91.0509
42 4 0 77.4963 112.668
42 5 0 76.7502 89.0533
42 6 0 63.9011 85.1134
42 7 0 93.572 112.098
42 8 0 4.01867 5.37591
42 9 0 52.2718 69.8474
42 10 0 68.84 73.5207
42 11 0 41.8062 60.557
42 12 0 4.78057 6.35173
42 13 0 46.3603 59.1038
42 14 0 61.5445 86.7
42 15 0 54.102 66.7412
42 16 0 62.3393 88.8835
42 17 0 34.6417 39.5659
42 18 0 73.8626 83.1678
42 19 0 37.0829 45.8581
42 20 0 20.8578 23.465
42 21 0 1.48668 2.03595
42 22 0 81.5943 115.518
42 23 0 91.6787 131.532
42 24 0 71.7586 102.984
42 25 0 21.7578 29.7028
42 26 0 21.3634 31.4377
42 27 0 5.74561 6.08501
42 28 0 98.5337 140.496
42 29 0 47.0134 57.1105
42 30 0 15.5242 20.8233
42 31 0 52.3212 65.7576
42 32 0 77.3084 114.927
42 33 0 85.0874 113.847
42 34 0 63.3012 66.3344
42 35 0 64.4893 77.3625
42 36 0 42.1215 46.5877
42 37 0 82.5667 93.6663
42 38 0 79.2043 80.4856
42 39 0 94.374 95.0626
42 40 0 52.066 54.5859
42 41 0 39.9216 50.4145
42 43 1 7.72548 9.14755
42 44 1 79.8339 110.572
42 45 0 36.5915 42.9049
42 46 0 74.5892 77.3456
42 47 0 57.7958 65.9286
42 48 0 73.1934 103.752
42 49 0 38.5461 44.9904
42 50 0 91.6438 134.807
42 51 0 86.4891 95.7967
42 52 0 58.0999 84.051
42 53 0 43.9677 51.3744
42 54 0 55.1577 76.728
42 55 0 22.9161 34.3727
42 56 0 57.0876 84.2037
42 57 0 38.954 45.146
42 58 0 34.7059 35.9852
42 59 0 50.5824 72.5019
42 60 0 45.2366 67.0016
43 1 0 0.00412008 0.00549241
43 2 0 54.5594 75.8889
43 3 0 69.2461 70.7931
43 4 1 22.9432 24.0841
43 5 0 20.0419 23.8755
43 6 0 66.3834 99.5749
43 7 0 98.111 144.238
43 8 0 88.0773 120.899
43 9 0 22.667 26.1366
43 10 0 49.6812 58.4959
43 11 0 15.4697 16.5203
43 12 0 99.6097 139.308
43 13 0 87.1195 109.707
43 14 0 21.2375 27.4632
43 15 0 92.1768 135.785
43 16 0 2.82747 3.16778
43 17 0 59.2419 65.3345
43 18 1 44.7697 48.9414
43 19 0 41.3553 56.3391
43 20 0 72.1014 99.7053
43 21 0 64.9214 71.0886
43 22 1 36.0666 51.2073
43 23 0 17.9632 26.4269
43 24 0 66.8768 81.3863
43 25 0 15.1893 22.4519
43 26 0 12.012 14.6657
43 27 0 36.7318 42.3233
43 28 0 79.1095 81.4305
43 29 0 87.8117 91.5237
43 30 0 17.8545 20.0717
43 31 0 94.1415 134.622
43 32 0 94.0349 101.115
43 33 0 68.6976 74.451
43 34 0 36.644 39.1859
43 35 0 56.5244 78.2317
43 36 0 16.0181 22.44
43 37 0 59.521 63.5779
43 38 0 50.5397 63.0123
43 39 0 7.08879 9.80338
43 40 0 84.9579 106.546
43 41 0 6.74912 7.1712
43 42 0 10.1552 11.9473
43 44 1 78.1625 89.5514
43 45 0 5.29843 6.66554
43 46 0 5.7112 5.90542
43 47 0 75.1104 75.8527
43 48 0 62.9028 81.7328
43 49 0 44.1946 66.0031
43 50 0 15.4138 17.9346
43 51 0 75.8155 86.7303
43 52 0 20.7416 30.8352
43 53 0 32.4048 43.2323
43 54 0 80.8349 119.666
43 55 0 92.4957 125.449
43 56 0 27.6044 32.2567
43 57 1 13.9873 17.785
43 58 0 8.50142 9.54744
43 59 1 11.7322 13.013
43 60 0 83.2439 96.1735
44 1 0 8.59979 11.1944
44 2 0 12.0787 14.3438
44 3 0 6.91339 9.58264
44 4 0 86.5073 111.638
44 5 0 77.6588 83.8884
44 6 0 83.2922 122.64
44 7 0 93.371 119.543
44 8 0 17.6681 20.0527
44 9 0 54.694 58.5211
44 10 0 78.7396 82.5893
44 11 0 89.6304 131.253
44 12 0 50.786 53.0764
44 13 0 6.0457 7.14087
44 14 0 80.6343 98.7918
44 15 1 2.43548 3.25889
44 16 0 47.5407 55.9864
44 17 0 95.5204 105.549
44 18 0 0.579728 0.682411
44 19 0 7.77023 9.89466
44 20 0 17.0677 24.1802
44 21 0 98.9899 139.516
44 22 0 84.9947 118.853
44 23 0 56.2333 72.4946
44 24 0 23.77 28.3946
44 25 0 81.3706 91.9435
44 26 0 64.3526 85.6588
44 27 0 4.68391 5.0853
44 28 0 15.7888 21.7943
44 29 0 67.2577 88.5939
44 30 0 43.4908 60.6627
44 31 0 60.4383 66.7825
44 32 0 41.7568 47.7336
44 33 0 8.24168 11.5037
44 34 0 74.2528 85.5451
44 35 0 86.9604 102.99
44 36 0 3.42174 3.92709
44 37 0 43.0627 53.896
44 38 0 65.3614 91.5094
44 39 0 12.7116 13.9628
44 40 0 39.6568 39.6584
44 41 0 44.6372 47.8181
44 42 0 22.4078 23.2978
44 43 0 61.6454 72.0973
44 45 1 54.7555 68.6321
44 46 0 9.23197 10.9101
44 47 0 28.4797 32.4159
44 48 0 71.2999 96.8245
44 49 0 75.8047 80.0508
44 50 0 12.8973 13.6832
44 51 0 87.4353 98.4131
44 52 0 39.293 47.9396
44 53 0 25.3914 28.0014
44 54 0 48.0359 52.4269
44 55 0 94.2473 130.588
44 56 0 14.8139 14.978
44 57 0 91.086 121.88
44 58 0 73.9632 89.9704
44 59 0 58.115 86.1018
44 60 0 8.42237 10.7546
45 1 0 46.9725 56.2119
45 2 1 64.3006 78.7253
45 3 0 83.6132 105.759
45 4 0 74.2972 109.073
45 5 0 96.0458 109.076
45 6 0 1.01386 1.16779
45 7 0 76.9723 107.827
45 8 0 98.0836 103.745
45 9 0 0.279849 0.328205
45 10 0 34.5401 40.0195
45 11 0 50.652 51.0504
45 12 0 25.889 36.4989
45 13 0 94.3276 110.596
45 14 0 84.8417 97.9656
45 15 0 82.853 93.7852
45 16 1 26.3114 33.5035
45 17 0 9.80451 12.5082
45 18 0 28.5308 41.6098
45 19 0 67.0876 84.4324
45 20 0 75.6475 91.9489
45 21 0 15.0301 20.502
45 22 0 39.8693 55.019
45 23 0 10.8523 15.2136
45 24 0 15.3916 17.4943
45 25 0 10.547 11.1538
45 26 0 79.0295 86.9369
45 27 0 61.9092 65.7836
45 28 0 52.3973 56.5616
45 29 0 42.5067 56.2433
45 30 0 7.85885 8.83385
45 31 0 27.7255 37.7515
45 32 0 69.8052 76.444
45 33 0 41.56 60.2686
45 34 0 47.6423 53.2139
45 35 0 82.8185 99.5316
45 36 1 66.2147 83.0983
45 37 0 85.9519 115.946
45 38 0 62.9599 92.335
45 39 0 30.8221 40.8064
45 40 0 86.838 96.9866
45 41 0 18.3113 24.009
45 42 0 40.932 47.5469
45 43 1 29.2529 38.4229
45 44 0 26.7843 30.5063
45 46 1 57.9298 82.2679
45 47 0 41.7938 60.8784
45 48 1 73.5329 76.6683
45 49 0 15.9805 19.6545
45 50 0 73.688 110.404
45 51 0 56.2115 68.6688
45 52 0 43.7167 57.6402
45 53 0 0.348439 0.417204
45 54 1 16.2378 17.5508
45 55 0 46.6592 62.3699
45 56 0 53.008 73.62
45 57 0 57.2647 71.0207
45 58 0 33.8431 49.7584
45 59 0 61.0573 82.2505
45 60 0 11.7485 12.622
46 1 0 77.5864 101.355
46 2 0 92.9738 100.622
46 3 0 83.935 122.87
46 4 0 73.3072 103.415
46 5 0 0.941314 1.26817
46 6 0 67.7884 78.7998
46 7 0 73.9108 79.6769
46 8 0 34.8305 38.2164
46 9 0 8.70724 12.3126
46 10 0 23.839 26.17
46 11 0 5.30448 6.02874
46 12 1 97.6205 136.09
46 13 0 11.3355 12.7713
46 14 0 97.3499 136.045
46 15 0 6.81011 7.42964
46 16 0 51.128 73.807
46 17 0 79.9172 98.2706
46 18 0 95.3657 124.02
46 19 0 84.3198 110.465
46 20 1 15.6563 22.7888
46 21 0 19.7276 22.2478
46 22 0 91.4417 133.573
46 23 0 61.2314 62.8776
46 24 0 74.6533 79.6726
46 25 0 20.4886 24.6811
46 26 0 15.0391 16.891
46 27 0 49.3115 50.8961
46 28 0 54.3091 71.5073
46 29 0 20.6689 29.5736
46 30 0 78.1683 93.3628
46 31 0 72.1761 100.019
46 32 0 73.4859 80.4727
46 33 0 84.5692 124.116
46 34 0 63.8111 80.8595
46 35 0 39.6581 44.3085
46 36 0 64.0197 64.635
46 37 0 26.1191 26.9209
46 38 0 29.8887 39.9089
46 39 0 67.676 80.3523
46 40 0 63.7187 76.8289
46 41 0 86.8877 99.0521
46 42 0 25.7706 34.8514
46 43 0 22.3489 31.1965
46 44 0 8.92756 10.768
46 45 0 83.9868 121.598
46 47 1 57.5394 79.5322
46 48 0 68.7591 102.765
46 49 0 93.5342 133.41
46 50 0 62.7085 86.9191
46 51 0 90.8332 91.7066
46 52 0 81.5246 85.5544
46 53 0 7.27351 8.84941
46 54 0 56.6792 69.287
46 55 0 69.5118 84.1671
46 56 0 84.0472 123.556
46 57 0 37.2407 41.0921
46 58 0 52.4038 60.2404
46 59 0 65.953 70.1815
46 60 0 71.2852 73.7373
47 1 0 3.83338 3.92039
47 2 0 45.4696 57.7596
47 3 0 61.4375 78.8617
47 4 0 41.2134 51.0496
47 5 0 82.6065 120.745
47 6 0 27.6954 37.3984
47 7 0 20.4911 20.901
47 8 0 60.2495 88.4424
47 9 0 44.765 52.3586
47 10 0 34.1135 40.1209
47 11 0 33.9665 40.1081
47 12 0 72.4684 99.1662
47 13 0 53.9195 65.4862
47 14 0 71.6999 93.1037
47 15 0 84.3316 101.515
47 16 0 77.2157 112.63
47 17 0 59.0564 67.7857
47 18 0 72.1428 82.9574
47 19 0 16.0633 22.166
47 20 1 35.4742 46.2845
47 21 0 77.1372 110.795
47 22 0 48.9021 59.2714
47 23 0 61.5263 68.149
47 24 0 19.4643 26.3801
47 25 0 14.5249 14.9877
47 26 0 74.0502 96.778
47 27 0 62.1423 78.9399
47 28 1 30.2444 33.1905
47 29 0 18.0086 20.7234
47 30 0 25.6929 31.3594
47 31 0 63.9683 72.9422
47 32 0 83.8714 125.665
47 33 1 42.2175 46.693
47 34 0 64.8169 78.3857
47 35 0 82.5394 87.4585
47 36 1 39.9749 52.0396
47 37 0 83.5656 105.51
47 38 0 23.7115 35.4002
47 39 0 93.3811 113.594
47 40 0 26.0747 31.5561
47 41 0 53.4172 62.7752
47 42 0 75.8129 98.6495
47 43 0 19.3735 21.4123
47 44 0 18.3132 25.6504
47 45 0 85.1998 101.002
47 46 0 34.2013 39.4554
47 48 1 17.231 19.4416
47 49 0 16.8664 22.6224
47 50 0 38.9402 49.4895
47 51 0 18.9489 20.1239
47 52 0 2.12512 2.43056
47 53 0 96.3922 104.155
47 54 0 63.7718 88.341
47 55 0 85.4063 106.59
47 56 0 73.9316 79.156
47 57 0 46.5555 67.8868
47 58 1 35.8941 39.9025
47 59 0 21.2959 23.336
47 60 0 52.9621 54.4845
48 1 0 45.4857 67.3372
48 2 0 61.1278 73.7224
48 3 0 58.1944 78.9631
48 4 0 98.0224 109.404
48 5 0 65.323 80.877
48 6 0 17.1516 18.213
48 7 0 67.1923 75.7363
48 8 0 77.4311 84.7234
48 9 0 76.8334 108.334
48 10 0 22.2711 28.2745
48 11 0 43.1649 57.1315
48 12 0 58.8437 87.8118
48 13 0 58.5157 71.2034
48 14 0 60.0884 78.9939
48 15 0 95.1603 136.102
48 16 0 64.3492 68.6395
48 17 0 33.5275 36.6847
48 18 0 68.9937 74.8603
48 19 0 87.7814 96.4071
48 20 0 33.0711 47.8003
48 21 1 69.7264 74.7647
48 22 1 92.3775 119.26
48 23 0 72.5309 85.4821
48 24 0 84.7362 98.9114
48 25 0 66.1858 86.143
48 26 0 8.30739 11.9824
48 27 0 3.94908 5.79451
48 28 0 61.7144 71.8443
48 29 0 12.3741 13.2154
48 30 0 45.8303 46.2662
48 31 0 82.9294 100.583
48 32 0 73.6921 83.7316
48 33 0 55.0954 77.5705
48 34 0 95.7468 106.145
48 35 0 71.6365 74.0723
48 36 0 60.3677 64.0072
48 37 0 34.6078 51.4482
48 38 1 75.6947 84.6173
48 39 0 9.71832 12.2485
48 40 0 53.057 64.2566
48 41 0 18.9197 20.1617
48 42 0 1.15541 1.23099
48 43 0 33.4304 45.7259
48 44 1 55.3377 64.1599
48 45 0 53.5617 54.0304
48 46 0 98.3424 145.969
48 47 0 73.2334 105.716
48 49 1 80.4864 92.2818
48 50 0 13.309 19.3569
48 51 0 89.1977 121.513
48 52 0 89.3649 121.475
48 53 1 28.9964 42.572
48 54 0 72.695 108.764
48 55 0 78.9718 87.8067
48 56 0 55.0542 69.4052
48 57 0 41.1636 45.2344
48 58 0 80.5117 100.253
48 59 0 79.6426 101.329
48 60 0 7.41554 9.39724
49 1 0 41.1543 58.6606
49 2 0 48.5873 49.5421
49 3 0 9.72394 11.7752
49 4 0 84.028 90.6718
49 5 1 57.2145 58.5661
49 6 1 4.90941 6.7029
49 7 0 78.3337 88.9937
49 8 0 33.0482 42.2819
49 9 0 29.4757 41.7258
49 10 0 98.0864 135.687
49 11 0 37.1797 37.5117
49 12 0 81.0799 106.041
49 13 0 92.1624 105.168
49 14 0 99.9616 149.901
49 15 0 5.54469 7.20859
49 16 0 49.1636 69.7554
49 17 0 45.5242 58.3339
49 18 0 29.033 39.126
49 19 0 51.7764 60.2553
49 20 0 57.9089 58.6973
49 21 0 98.9855 105.87
49 22 1 85.966 88.5636
49 23 0 88.9503 89.1668
49 24 0 43.2319 44.2398
49 25 0 32.8759 46.7591
49 26 0 74.2162 74.9221
49 27 1 38.2329 54.8828
49 28 0 1.50848 1.80819
49 29 0 99.3651 143.561
49 30 0 88.6124 93.2966
49 31 0 28.2119 34.9323
49 32 0 56.925 64.1814
49 33 1 75.5036 104.317
49 34 0 9.51889 11.1869
49 35 0 25.2682 32.5539
49 36 0 26.0008 37.4349
49 37 0 44.0336 60.5708
49 38 0 26.8077 33.0603
49 39 0 72.0545 73.6036
49 40 0 7.09883 8.64184
49 41 0 41.3419 56.4908
49 42 0 56.6887 79.9007
49 43 0 65.5789 97.1429
49 44 0 94.197 115.741
49 45 0 11.817 17.0363
49 46 0 10.7898 12.3362
49 47 0 77.6135 115.273
49 48 0 84.3286 124.843
49 50 1 78.0506 102.166
49 51 0 33.9726 38.9511
49 52 0 67.7579 92.433
49 53 0 88.0431 99.2157
49 54 0 73.3625 82.4122
49 55 0 40.3347 44.1954
49 56 0 10.0066 14.4753
49 57 0 50.4988 73.5559
49 58 0 37.8637 52.7226
49 59 0 17.0392 25.0454
49 60 0 96.8054 126.43
50 1 0 5.00254 5.45621
50 2 0 30.0032 33.0817
50 3 0 4.15693 4.25522
50 4 0 52.7911 67.4916
50 5 0 54.1293 68.1497
50 6 0 52.8737 63.5744
50 7 0 6.95959 8.05315
50 8 1 4.61608 6.85601
50 9 0 46.4572 48.4399
50 10 0 20.1385 21.4562
50 11 0 75.2543 100.163
50 12 0 63.2101 85.6848
50 13 0 12.7331 13.3896
50 14 0 96.6281 99.5963
50 15 0 61.0432 85.4876
50 16 0 6.23437 8.42304
50 17 0 86.1049 126.603
50 18 0 8.56359 11.4921
50 19 0 43.3085 57.9177
50 20 0 82.5245 94.4826
50 21 0 95.6841 115.272
50 22 0 63.126 74.0807
50 23 1 90.4707 95.0101
50 24 0 92.2248 121.578
50 25 0 80.5608 97.335
50 26 0 45.5572 51.6559
50 27 0 64.4863 93.0153
50 28 0 97.9806 135.338
50 29 0 93.3881 118.003
50 30 0 24.7414 30.5453
50 31 0 35.8529 45.7139
50 32 0 89.6737 113.237
50 33 0 59.7742 73.8468
50 34 0 59.0287 80.6514
50 35 1 90.0406 94.2994
50 36 0 65.8796 72.0692
50 37 0 16.7366 18.0973
50 38 0 26.3855 29.4336
50 39 0 67.3553 100.628
50 40 0 49.9667 62.1835
50 41 0 63.9987 81.295
50 42 0 53.3231 55.7255
50 43 0 69.7703 90.4085
50 44 0 9.03232 11.6907
50 45 0 72.8694 86.8473
50 46 0 21.6349 24.4009
50 47 0 21.0586 27.3828
50 48 0 89.0513 130.889
50 49 0 65.5887 79.6557
50 51 1 16.4905 22.9736
50 52 0 89.6918 103.236
50 53 0 11.2952 11.8995
50 54 0 77.0247 96.4581
50 55 0 31.4149 38.2612
50 56 0 71.5843 103.633
50 57 0 65.3704 89.3279
50 58 0 38.1033 48.0837
50 59 0 50.4746 69.0009
50 60 0 29.7045 43.3964
51 1 0 60.5847 90.6512
51 2 0 38.9532 54.2909
51 3 0 77.6062 89.6101
51 4 0 18.7584 21.621
51 5 0 85.0426 106.413
51 6 0 81.1193 120.045
51 7 0 28.3818 41.9436
51 8 0 14.8167 14.8229
51 9 0 40.3381 52.304
51 10 0 80.53 115.311
51 11 0 67.5458 75.753
51 12 0 89.3116 92.4808
51 13 0 68.3637 73.992
51 14 1 68.0901 78.0058
51 15 0 68.2243 91.62
51 16 0 45.7461 50.835
51 17 0 13.6641 16.5076
51 18 0 51.1735 70.7021
51 19 0 28.0428 29.9803
51 20 0 50.633 53.4824
51 21 0 16.0168 21.4182
51 22 0 5.91232 6.34229
51 23 0 95.4294 104.689
51 24 0 26.5959 37.5347
51 25 0 93.6565 122.001
51 26 0 55.6845 75.1874
51 27 0 97.2967 104.867
51 28 0 0.81845 1.09887
51 29 0 80.1924 81.5467
51 30 0 53.9221 72.2244
51 31 1 31.9026 40.7647
51 32 0 72.5357 93.1548
51 33 0 23.9596 25.7322
51 34 0 89.8201 94.2947
51 35 0 90.4009 125.102
51 36 0 76.9534 92.3908
51 37 0 67.3532 100.201
51 38 0 54.6318 65.7679
51 39 0 73.2716 96.9603
51 40 0 58.2303 62.2089
51 41 0 86.1882 126.749
51 42 0 28.4445 42.4972
51 43 0 42.4913 49.5163
51 44 0 1.36288 1.72793
51 45 0 10.2737 15.0488
51 46 0 88.3929 108.366
51 47 0 55.3643 68.1602
51 48 0 20.3365 22.0806
51 49 0 4.77946 6.90538
51 50 0 96.8279 125.87
51 52 1 22.5917 23.8241
51 53 0 77.2343 77.8227
51 54 0 7.4647 9.77982
51 55 0 79.5873 104.945
51 56 0 69.523 86.8352
51 57 0 7.13679 8.72737
51 58 0 69.9086 99.5244
51 59 0 96.5172 137.027
51 60 0 11.8575 17.6434
52 1 0 30.0994 35.5263
52 2 0 98.2769 140.341
52 3 0 87.5891 107.793
52 4 0 80.3952 115.889
52 5 1 54.4116 72.2849
52 6 0 2.42226 2.51608
52 7 0 18.8332 27.9926
52 8 0 10.8891 12.3623
52 9 0 17.1177 22.3286
52 10 0 4.16474 6.11303
52 11 1 12.7751 13.479
52 12 1 55.6385 70.9747
52 13 0 11.717 12.9939
52 14 0 50.2555 74.5116
52 15 1 85.3873 123.316
52 16 0 89.179 132.815
52 17 0 6.89298 8.19088
52 18 0 64.1041 84.9585
52 19 1 47.9965 67.1065
52 20 0 59.2278 84.6772
52 21 0 82.0148 101.937
52 22 0 56.0497 71.2316
52 23 0 92.0551 93.1159
52 24 0 52.6109 62.1676
52 25 0 25.7716 34.2347
52 26 0 87.6035 111.663
52 27 0 23.2936 28.97
52 28 1 31.9441 32.6868
52 29 0 75.8588 96.4452
52 30 0 83.8026 98.7454
52 31 0 75.5988 81.4265
52 32 0 89.032 105.628
52 33 0 36.8494 52.4786
52 34 0 5.76937 8.15752
52 35 0 29.4633 36.58
52 36 1 97.4569 131.009
52 37 0 57.2861 62.9563
52 38 0 0.605438 0.709544
52 39 0 27.0798 34.9376
52 40 0 79.9153 93.1456
52 41 0 50.3131 64.024
52 42 0 54.0477 63.7318
52 43 0 88.7034 102.676
52 44 0 5.34703 6.95459
52 45 0 69.0863 74.0229
52 46 0 98.1522 145.601
52 47 0 5.81829 8.70926
52 48 0 21.6955 30.329
52 49 0 30.645 39.5127
52 50 0 33.8434 49.1377
52 51 0 20.6336 30.865
52 53 1 67.6069 97.8533
52 54 0 59.1849 67.5763
52 55 0 87.9716 113.805
52 56 0 78.2782 115.804
52 57 0 71.6912 79.2837
52 58 0 36.7822 44.8636
52 59 0 81.9608 82.1729
52 60 0 60.476 72.9479
53 1 0 23.8163 27.6094
53 2 0 28.0967 33.3407
53 3 0 51.5185 69.2503
53 4 0 13.1818 13.2216
53 5 0 89.5099 101.44
53 6 0 79.7585 90.6973
53 7 0 1.43618 2.03937
53 8 0 39.2189 50.7931
53 9 0 73.419 100.42
53 10 1 95.0367 132.333
53 11 1 43.9767 47.9486
53 12 0 96.0169 134.432
53 13 0 62.6683 86.601
53 14 0 45.9833 47.5122
53 15 0 65.6091 88.0208
53 16 0 28.7746 31.6854
53 17 0 59.7979 67.0226
53 18 0 31.5093 40.1367
53 19 0 23.3932 33.887
53 20 0 77.3328 98.9195
53 21 0 20.8369 22.311
53 22 0 68.6965 69.727
53 23 0 15.0929 22.6034
53 24 0 25.9373 37.2039
53 25 0 31.8016 44.6916
53 26 0 27.6036 31.3045
53 27 0 80.5614 111.802
53 28 0 95.4045 132.664
53 29 0 92.3085 125.024
53 30 0 38.3503 50.8683
53 31 1 40.2992 53.3018
53 32 0 24.4953 29.8253
53 33 0 33.7021 50.4045
53 34 0 94.8192 125.498
53 35 0 51.8369 56.5884
53 36 0 89.2858 90.2427
53 37 0 28.0595 40.4445
53 38 0 25.5492 25.5787
53 39 0 95.0984 120.895
53 40 0 52.8157 73.1287
53 41 0 74.2388 79.8409
53 42 0 8.42284 8.44712
53 43 0 95.7248 110.379
53 44 0 55.9939 56.225
53 45 0 47.2707 56.549
53 46 0 41.3757 47.4006
53 47 0 39.2883 54.3793
53 48 0 92.3734 103.559
53 49 0 23.2239 26.6778
53 50 0 20.3801 22.0982
53 51 0 54.0831 75.1354
53 52 0 96.2677 135.856
53 54 1 43.5844 53.0303
53 55 0 21.3258 22.6084
53 56 1 2.16786 2.44191
53 57 0 63.9817 71.0752
53 58 0 9.24716 9.42311
53 59 0 12.3452 16.4264
53 60 0 69.2465 84.4368
54 1 0 37.8525 41.6995
54 2 0 22.4329 30.6344
54 3 0 51.3418 56.2138
54 4 0 90.2468 134.513
54 5 0 31.558 41.3303
54 6 1 28.6579 40.2271
54 7 0 17.0034 19.0335
54 8 0 43.5074 52.067
54 9 0 99.5335 105.311
54 10 0 98.361 101.781
54 11 0 48.2863 68.1149
54 12 0 70.9241 104.486
54 13 0 94.2407 94.9591
54 14 0 95.6547 117.823
54 15 0 50.0991 65.9855
54 16 0 78.2271 116.437
54 17 0 4.73921 4.99771
54 18 0 54.0689 66.7579
54 19 0 35.3005 36.4756
54 20 0 86.9037 112.425
54 21 0 68.5131 91.5027
54 22 0 75.2751 76.0648
54 23 1 30.9011 32.7268
54 24 0 77.9229 102.51
54 25 0 60.2063 82.0142
54 26 0 76.0949 106.972
54 27 0 50.7055 54.8686
54 28 0 65.8523 83.1862
54 29 0 69.5222 70.5108
54 30 0 33.495 48.7986
54 31 0 72.0222 79.7668
54 32 0 77.5458 103.871
54 33 0 75.3272 109.257
54 34 0 63.6466 70.8991
54 35 0 37.3253 53.2514
54 36 0 86.6495 124.964
54 37 0 17.4314 22.3551
54 38 0 50.4701 61.9771
54 39 1 24.8986 37.2788
54 40 0 23.126 30.5911
54 41 0 51.0702 64.1234
54 42 0 63.6134 84.145
54 43 0 84.7281 116.876
54 44 0 69.9797 104.622
54 45 0 62.4265 79.1535
54 46 0 6.70407 10.0081
54 47 0 25.8305 33.0589
54 48 0 17.978 23.0626
54 49 0 48.5966 54.1146
54 50 0 66.2363 85.8833
54 51 0 71.1824 89.5004
54 52 0 94.3365 139.05
54 53 0 15.0393 19.9439
54 55 1 11.7885 17.086
54 56 0 33.8784 42.7206
54 57 0 2.91657 3.53943
54 58 0 76.036 88.6854
54 59 0 8.90014 12.2967
54 60 0 78.9016 88.4141
55 1 0 79.9429 87.3847
55 2 0 12.444 14.1549
55 3 0 69.6338 72.1992
55 4 0 76.3984 88.9681
55 5 0 0.254595 0.289741
55 6 0 57.4999 74.3194
55 7 0 65.5905 68.0265
55 8 0 60.7718 76.7903
55 9 0 13.1183 17.5665
55 10 0 84.0494 89.8968
55 11 0 90.9937 102.887
55 12 0 29.9013 42.712
55 13 0 86.6752 111.075
55 14 0 90.813 107.307
55 15 0 96.1751 107.788
55 16 0 27.5233 32.4889
55 17 0 99.5103 121.4
55 18 0 48.6563 67.78
55 19 0 18.2584 22.4964
55 20 0 70.3285 88.6147
55 21 0 20.062 29.4699
55 22 0 59.926 77.833
55 23 0 72.2952 88.2605
55 24 0 18.7162 26.5
55 25 0 80.6919 106.754
55 26 0 47.1305 57.9927
55 27 0 44.7302 58.6828
55 28 0 14.197 14.3054
55 29 0 65.6443 70.2037
55 30 0 28.8259 31.7608
55 31 0 14.2233 15.1445
55 32 0 4.17793 4.53461
55 33 0 0.143864 0.174314
55 34 0 17.0156 25.1854
55 35 0 7.54293 9.13616
55 36 0 78.9797 87.2983
55 37 0 74.0149 100.342
55 38 0 70.3164 89.6421
55 39 0 88.6287 102.006
55 40 0 63.3291 82.481
55 41 0 1.77142 2.22919
55 42 0 26.2799 33.573
55 43 0 97.0913 108.572
55 44 0 12.795 14.8108
55 45 0 34.8124 36.8411
55 46 0 24.607 36.8545
55 47 1 36.8017 52.8556
55 48 0 7.81304 7.98509
55 49 0 51.4406 57.083
55 50 0 26.3438 27.1338
55 51 0 65.1921 81.6035
55 52 0 64.4244 74.3736
55 53 0 8.54025 11.5446
55 54 0 48.232 70.5949
55 56 1 18.4769 18.9131
55 57 0 86.9133 101.024
55 58 0 50.1903 51.7071
55 59 0 35.0623 43.1204
55 60 0 19.9767 20.8524
56 1 0 82.9436 90.9531
56 2 0 83.9648 90.7639
56 3 0 48.6516 57.7138
56 4 0 46.9465 61.6133
56 5 0 24.3541 33.8231
56 6 0 13.8288 16.2694
56 7 0 92.4203 132.436
56 8 0 48.0638 54.2687
56 9 0 19.9755 23.6338
56 10 0 42.0449 60.5676
56 11 0 50.2498 60.2742
56 12 0 67.7662 86.2257
56 13 0 30.1672 31.7593
56 14 1 41.58 59.3474
56 15 0 17.0388 21.0773
56 16 0 20.9226 25.5425
56 17 0 96.1574 134.095
56 18 0 8.87113 9.03735
56 19 0 3.66793 3.8425
56 20 0 91.2671 97.1047
56 21 0 88.7059 117.028
56 22 0 43.8665 60.6164
56 23 0 89.1655 113.76
56 24 0 87.9529 96.4152
56 25 1 94.9195 98.3041
56 26 0 93.89 131.249
56 27 0 7.48412 9.03279
56 28 0 9.64701 9.86115
56 29 0 22.7477 30.238
56 30 1 28.5056 28.7966
56 31 0 54.3317 69.3074
56 32 0 17.9263 26.3207
56 33 1 50.7799 66.435
56 34 0 70.9914 75.056
56 35 1 26.4261 30.4199
56 36 0 91.9205 104.183
56 37 0 15.0168 16.1658
56 38 1 94.0673 102.194
56 39 0 85.5359 110.649
56 40 1 46.443 50.9685
56 41 0 25.2273 32.8458
56 42 0 45.9938 66.3634
56 43 0 80.5526 117.025
56 44 0 61.3965 65.2354
56 45 0 32.6037 47.592
56 46 0 35.2149 50.1424
56 47 0 46.1202 46.6797
56 48 0 74.8543 83.5178
56 49 0 90.922 133.495
56 50 0 17.2013 19.4373
56 51 0 48.0354 64.602
56 52 0 80.8827 119.97
56 53 0 75.8056 91.2875
56 54 0 82.782 108.52
56 55 0 87.4115 122.221
56 57 1 30.3478 44.3941
56 58 0 7.92349 11.8538
56 59 0 1.41047 1.76048
56 60 0 80.3276 112.252
57 1 0 41.6762 55.6498
57 2 0 52.9988 63.0222
57 3 0 30.7755 37.7421
57 4 0 70.0925 75.4128
57 5 0 42.9967 62.5703
57 6 0 98.227 115.101
57 7 0 83.7385 92.712
57 8 1 27.2984 40.21
57 9 0 47.3359 63.0852
57 10 0 7.68975 8.49962
57 11 0 44.6449 48.4503
57 12 0 64.8076 90.5034
57 13 0 35.9793 44.0447
57 14 0 70.0045 88.953
57 15 0 12.4201 14.9311
57 16 0 5.80639 6.2385
57 17 0 37.3603 46.0764
57 18 0 68.1315 76.8286
57 19 0 51.6484 63.4489
57 20 0 1.62498 1.78095
57 21 0 47.4739 66.6031
57 22 0 10.2328 10.9799
57 23 0 12.4125 12.5407
57 24 0 7.30938 9.08572
57 25 0 83.4956 98.2539
57 26 0 12.1131 17.6424
57 27 0 48.8137 51.9007
57 28 0 72.4464 85.2823
57 29 0 22.1096 31.4452
57 30 0 88.0009 112.093
57 31 1 12.8463 18.5171
57 32 1 2.2463 3.08256
57 33 0 75.2825 94.9026
57 34 0 51.7301 62.0599
57 35 0 73.3192 87.8941
57 36 0 58.4813 73.9183
57 37 0 80.6629 86.9585
57 38 0 94.407 140.701
57 39 0 53.6461 62.7819
57 40 0 55.4916 76.2711
57 41 0 5.52462 5.63953
57 42 0 17.1898 18.4869
57 43 0 26.0075 31.1955
57 44 0 85.1616 124.92
57 45 0 3.55851 3.91601
57 46 0 61.9709 68.7695
57 47 0 65.2909 80.2362
57 48 0 11.297 11.452
57 49 0 26.8037 35.5865
57 50 0 12.619 13.033
57 51 0 31.6601 34.3767
57 52 0 44.2952 55.2038
57 53 0 10.0679 11.7667
57 54 0 56.6824 58.034
57 55 1 89.1439 122.493
57 56 0 3.94667 4.95157
57 58 1 71.6563 103.718
57 59 0 85.5484 97.1131
57 60 0 86.826 99.2504
58 1 0 11.4507 13.2441
58 2 0 8.31928 9.88235
58 3 0 11.553 15.3321
58 4 0 92.7854 124.148
58 5 0 95.4677 111.201
58 6 1 66.0799 92.0268
58 7 0 21.3645 28.7318
58 8 0 57.1544 58.4597
58 9 0 22.2098 28.3692
58 10 0 94.4014 124.635
58 11 0 15.5388 21.5621
58 12 0 27.6551 37.0415
58 13 1 60.2682 82.4607
58 14 0 8.67407 9.2692
58 15 0 43.6177 43.6899
58 16 0 43.9903 64.98
58 17 0 41.6855 45.157
58 18 0 98.1851 140.453
58 19 0 45.5115 59.565
58 20 0 97.5327 121.174
58 21 0 59.6536 79.7186
58 22 0 85.7598 126.668
58 23 1 51.7756 67.7068
58 24 0 63.4648 82.8115
58 25 1 85.1643 124.552
58 26 0 58.604 68.5178
58 27 0 73.6598 97.2187
58 28 0 53.6734 78.9425
58 29 0 52.2914 60.1737
58 30 0 56.958 76.5356
58 31 0 92.0475 129.687
58 32 0 43.2508 45.7209
58 33 0 32.258 45.7239
58 34 0 99.8299 146.516
58 35 1 20.4882 22.6995
58 36 0 67.1609 78.6031
58 37 0 60.8417 90.6082
58 38 0 45.9784 54.8598
58 39 0 97.657 138.568
58 40 0 31.3364 39.3644
58 41 0 12.9251 14.565
58 42 0 52.0666 63.8428
58 43 0 63.6038 66.5763
58 44 0 93.7112 97.0423
58 45 0 8.56614 9.31443
58 46 0 65.3001 95.6876
58 47 0 63.4852 79.9946
58 48 0 17.2442 17.9698
58 49 0 44.0895 51.2465
58 50 0 57.9574 62.4689
58 51 0 89.3085 130.077
58 52 0 79.2845 116.286
58 53 0 41.3498 53.2245
58 54 0 71.0604 97.9273
58 55 0 58.1491 65.8973
58 56 1 44.8709 53.1658
58 57 0 51.4158 52.5594
58 59 1 70.7061 72.4658
58 60 0 65.8355 86.821
59 1 0 57.3547 71.9718
59 2 0 97.2638 122.669
59 3 0 89.8009 111.916
59 4 1 44.6068 65.8576
59 5 0 13.0815 17.4803
59 6 0 15.7149 16.757
59 7 0 16.0975 21.5103
59 8 0 28.8392 29.5391
59 9 0 10.9843 14.6331
59 10 0 82.2005 90.5165
59 11 0 23.7019 27.7543
59 12 0 99.9945 109.868
59 13 0 7.73961 8.29426
59 14 0 50.9024 71.7504
59 15 0 60.415 62.2304
59 16 0 59.8416 79.0545
59 17 0 77.5654 115.101
59 18 0 83.6058 108.809
59 19 0 83.3732 86.6477
59 20 1 1.40442 1.41441
59 21 0 11.4704 13.8794
59 22 0 32.8127 46.1554
59 23 0 84.0492 116.322
59 24 0 4.11681 6.15654
59 25 0 33.898 43.7847
59 26 0 22.5975 30.8724
59 27 0 53.273 56.2698
59 28 0 36.0542 48.5451
59 29 0 9.72936 10.0582
59 30 0 99.2755 136.438
59 31 0 59.652 83.8213
59 32 0 42.3534 61.7133
59 33 0 16.9254 18.2369
59 34 0 0.0392266 0.0509544
59 35 0 91.212 98.5921
59 36 0 96.207 121.559
59 37 1 8.03547 8.45931
59 38 0 71.5216 87.0713
59 39 0 4.13676 4.33205
59 40 0 50.2757 54.5092
59 41 0 63.1985 79.6941
59 42 0 22.9438 30.5702
59 43 0 20.9546 22.9146
59 44 0 94.2645 117.287
59 45 0 20.2222 20.4355
59 46 0 26.0344 38.1517
59 47 0 84.101 103.096
59 48 0 96.7662 140.219
59 49 0 60.7371 90.8119
59 50 0 81.6175 90.5096
59 51 0 45.0801 49.5227
59 52 0 20.9342 24.3101
59 53 0 9.07977 13.2345
59 54 0 73.7711 75.2117
59 55 0 41.6931 58.277
59 56 0 44.9894 51.3354
59 57 0 90.1697 95.5082
59 58 0 79.6823 88.6914
59 60 1 42.4822 61.2113
60 1 1 12.9798 17.874
60 2 0 40.4908 47.7836
60 3 0 3.95806 5.77667
60 4 0 43.3462 56.4031
60 5 0 37.854 39.6384
60 6 0 7.03279 9.58853
60 7 0 59.5132 60.9584
60 8 0 64.0302 73.7201
60 9 0 34.6915 39.5636
60 10 0 50.5108 64.3067
60 11 0 20.2615 29.5224
60 12 0 82.3075 90.0623
60 13 0 55.9047 72.9737
60 14 0 83.141 84.6749
60 15 0 52.889 69.4288
60 16 0 8.95011 10.3961
60 17 1 35.7495 38.6344
60 18 0 1.41661 1.94631
60 19 0 75.2536 105.201
60 20 0 34.0454 49.3172
60 21 0 82.8893 89.2233
60 22 0 87.4572 97.5395
60 23 0 4.9082 6.0388
60 24 0 0.15148 0.181375
60 25 0 64.5338 91.9762
60 26 0 29.0535 33.832
60 27 0 59.2808 71.6331
60 28 0 65.1221 82.0259
60 29 0 94.6536 131.191
60 30 0 60.4608 78.7152
60 31 0 42.0497 51.5696
60 32 0 45.9171 51.5442
60 33 0 51.2643 62.2118
60 34 0 93.8921 102.247
60 35 0 78.6559 84.3498
60 36 0 93.6966 95.8497
60 37 0 87.1137 90.2458
60 38 0 72.849 87.4692
60 39 0 98.0373 114.766
60 40 0 50.0316 62.6343
60 41 0 30.2538 44.5294
60 42 0 43.0237 57.2952
60 43 0 73.0439 82.4786
60 44 1 63.4474 85.7816
60 45 0 4.86575 5.10943
60 46 0 73.1806 78.612
60 47 0 33.0532 37.7225
60 48 0 27.5254 40.8277
60 49 0 3.69757 4.1517
60 50 0 9.85043 10.7459
60 51 0 34.4529 41.631
60 52 1 4.09737 5.60099
60 53 0 10.4546 12.218
60 54 0 10.6349 10.7087
60 55 0 86.6172 108.59
60 56 0 1.56265 1.76237
60 57 0 45.7425 54.6239
60 58 0 49.1837 70.0357
60 59 0 88.9545 125.957
39.5267 5.77314 29.9002 29.1604 35.6562 12.8941 34.3386 36.2716 2.35421 15.141 2.46542 18.3318 26.0818 17.9224 19.2803 22.9841 1.70962 22.4037 13.641 16.3705 8.99107 3.36917 12.0761 2.5154 30.8964 36.953 37.3784 29.456 34.0244 19.525 4.10047 25.6778 4.17116 10.916 13.4693 12.782 37.1675 26.5673 5.09099 24.6609 6.19112 23.1599 36.5224 13.504 34.2294 26.5854 1.57453 31.2487 20.5789 36.3934 3.49805 32.4306 22.1438 37.2233 5.4954 3.9212 23.1394 23.6404 1.73268 13.8608 