60
300
3
100
1 2 1 95.2247 99.7047
1 3 0 69.3149 102.322
1 4 1 19.269 20.4639
1 5 0 1.59605 2.36164
1 6 0 83.3563 122.447
1 7 0 77.7221 107.301
1 8 0 67.9937 80.2221
1 9 0 26.4926 39.3556
1 10 0 13.6328 18.0767
1 11 0 75.1671 105.244
1 12 0 12.9647 18.5559
1 13 0 86.4136 95.0277
1 14 0 63.0862 86.7254
1 15 0 44.5221 52.0789
1 16 0 91.4454 121.959
1 17 0 45.0448 56.0156
1 18 0 91.0904 134.233
1 19 0 56.3066 75.5695
1 20 0 28.6835 38.7523
1 21 0 34.7224 40.2132
1 22 0 56.5613 70.7457
1 23 0 79.2488 98.9347
1 24 0 90.1645 115.296
1 25 0 54.8735 66.1987
1 26 0 2.50987 2.96983
1 27 0 37.761 52.5083
1 28 0 65.5327 85.9715
1 29 0 34.2055 48.7205
1 30 0 25.5343 32.0815
1 31 0 55.2083 72.738
1 32 0 94.4311 95.9748
1 33 0 54.7274 55.6356
1 34 0 82.7346 94.3801
1 35 0 49.5278 55.7273
1 36 0 40.0216 51.1196
1 37 0 61.2405 87.6559
1 38 1 84.1997 112.725
1 39 0 25.4864 27.7674
1 40 0 43.6713 56.2335
1 41 0 59.2449 71.3153
1 42 0 16.476 16.538
1 43 0 18.9718 19.3867
1 44 0 62.3275 75.2738
1 45 0 46.4191 50.0519
1 46 0 45.6091 66.4672
1 47 0 47.1789 58.872
1 48 0 49.8432 52.3934
1 49 0 97.5014 130.408
1 50 0 69.0044 85.4496
1 51 0 3.50225 4.27646
1 52 0 5.58175 6.43965
1 53 0 4.87165 5.15709
1 54 0 77.7636 107.227
1 55 0 53.9357 59.8708
1 56 0 61.8924 67.3789
1 57 0 6.31565 9.0489
1 58 0 47.9197 70.5031
1 59 1 5.35627 5.48505
1 60 0 72.2395 97.4951
2 1 0 0.169186 0.199289
2 3 1 0.162774 0.211156
2 4 0 59.9966 87.5062
2 5 0 21.6113 24.5285
2 6 0 77.8667 97.2265
2 7 0 29.9205 39.3616
2 8 0 34.6439 45.6628
2 9 0 59.4167 73.3666
2 10 0 18.9064 19.6626
2 11 0 59.4177 79.8086
2 12 1 40.5477 59.1685
2 13 0 15.3714 17.5871
2 14 0 97.9334 104.325
2 15 0 22.7584 24.7577
2 16 0 57.2649 58.6793
2 17 0 7.15432 8.74164
2 18 0 20.9904 29.6095
2 19 0 85.1949 119.266
2 20 0 65.8555 82.7152
2 21 0 97.8018 137.115
2 22 0 28.3764 41.4848
2 23 0 77.2402 97.3301
2 24 0 33.7762 48.1815
2 25 0 89.0667 99.9995
2 26 0 10.2811 11.9526
2 27 0 63.8891 94.1908
2 28 0 68.4708 70.8774
2 29 0 92.3156 119.51
2 30 0 52.5185 65.1007
2 31 0 50.5693 56.7954
2 32 0 87.581 111.261
2 33 0 61.9204 72.8292
2 34 0 70.5218 72.5523
2 35 0 0.506032 0.666247
2 36 0 88.2144 127.95
2 37 0 93.7473 99.5154
2 38 0 77.0505 102.952
2 39 0 98.4781 141.3
2 40 0 48.6965 57.501
2 41 0 86.1784 94.615
2 42 0 71.4936 103.019
2 43 0 67.0844 67.4123
2 44 1 39.1847 51.7835
2 45 0 60.595 63.3603
2 46 0 10.6246 12.4274
2 47 0 95.4239 121.529
2 48 0 20.4594 26.3671
2 49 0 74.384 98.4572
2 50 0 35.7387 36.1312
2 51 0 75.8458 102.412
2 52 0 82.263 118.975
2 53 0 65.7037 86.8622
2 54 0 45.542 58.0626
2 55 0 35.6695 47.0468
2 56 0 15.5857 17.3063
2 57 0 19.5233 26.3417
2 58 1 59.7223 59.9527
2 59 0 41.1282 46.9021
2 60 0 80.9488 88.6961
3 1 0 12.9595 18.2366
3 2 0 97.3015 143.474
3 4 1 11.0063 11.6457
3 5 0 42.2512 48.8204
3 6 0 2.95157 4.25573
3 7 0 86.6807 115.259
3 8 0 82.7473 95.2579
3 9 0 4.39017 6.16684
3 10 0 62.7946 68.1377
3 11 0 88.9474 91.3385
3 12 0 41.9594 56.8427
3 13 0 26.1425 34.6428
3 14 0 81.6375 87.7225
3 15 0 84.6305 103.345
3 16 0 46.3369 58.895
3 17 0 10.5764 14.8955
3 18 0 96.8243 138.465
3 19 0 15.622 22.198
3 20 0 95.9494 133.801
3 21 0 56.4039 78.2316
3 22 0 51.8017 74.5762
3 23 0 73.5642 87.29
3 24 1 52.491 75.3632
3 25 0 18.4509 22.3766
3 26 0 42.6773 59.2102
3 27 0 51.6179 66.2324
3 28 0 57.8937 76.5559
3 29 0 68.5023 91.0378
3 30 0 85.6554 120.174
3 31 0 95.895 104.763
3 32 0 48.5731 54.6909
3 33 0 30.6172 45.554
3 34 0 41.4172 56.9151
3 35 0 23.8749 26.0061
3 36 0 21.3811 22.4985
3 37 0 45.5899 58.7971
3 38 0 6.78032 7.26157
3 39 1 31.7829 34.2054
3 40 0 21.2448 21.8655
3 41 0 81.669 109.459
3 42 0 20.4555 30.2399
3 43 1 53.8756 56.1048
3 44 0 73.3993 78.1637
3 45 0 4.35282 4.68372
3 46 0 84.2368 112.246
3 47 1 87.8285 105.1
3 48 0 24.4096 25.4437
3 49 0 38.2627 45.4085
3 50 0 23.8794 27.4791
3 51 0 79.7715 85.1367
3 52 0 7.03849 10.1151
3 53 0 29.7822 31.5915
3 54 0 75.7135 102.696
3 55 0 49.3844 73.1873
3 56 0 84.0112 97.4583
3 57 0 31.4971 45.8913
3 58 1 49.4528 53.2036
3 59 0 14.7127 19.1915
3 60 0 80.1362 105.469
4 1 0 89.2963 126.256
4 2 0 72.0581 104.816
4 3 0 32.8688 46.022
4 5 1 17.2272 18.1212
4 6 0 19.8979 27.3795
4 7 0 33.3053 36.9873
4 8 0 67.3597 84.0156
4 9 1 71.5715 95.1605
4 10 0 33.7327 39.1218
4 11 0 81.4535 81.5911
4 12 0 76.5778 102.859
4 13 0 69.1863 98.8441
4 14 0 15.1564 20.7203
4 15 0 71.0975 93.6015
4 16 0 94.4055 134.596
4 17 0 21.3473 31.2087
4 18 0 52.5901 63.9582
4 19 0 65.7047 69.7767
4 20 0 88.5116 107.238
4 21 0 85.4062 92.5085
4 22 0 2.53593 3.27721
4 23 0 77.0778 88.4834
4 24 0 21.4134 27.065
4 25 0 51.4389 64.782
4 26 0 32.8764 34.5863
4 27 0 33.9157 39.4123
4 28 0 68.3878 74.0804
4 29 0 54.0682 80.5043
4 30 1 62.2201 86.0568
4 31 0 28.762 39.8909
4 32 0 49.5608 63.3413
4 33 0 28.0521 33.8503
4 34 0 42.1146 56.5742
4 35 0 14.9567 21.95
4 36 0 72.9424 91.4984
4 37 0 22.5125 25.8028
4 38 0 75.0871 101.839
4 39 0 71.1567 99.5748
4 40 0 42.4928 45.1455
4 41 0 0.508759 0.714963
4 42 0 7.33451 8.1349
4 43 0 2.49001 3.43937
4 44 0 42.4898 51.8862
4 45 0 77.9819 94.1458
4 46 0 60.2831 71.2775
4 47 0 27.4142 37.3212
4 48 1 28.0657 28.7437
4 49 0 19.8604 22.7628
4 50 0 29.9062 37.8998
4 51 0 50.8343 65.8353
4 52 0 32.8237 36.4189
4 53 0 93.4309 109.198
4 54 0 40.715 41.6622
4 55 0 58.153 85.7299
4 56 0 99.4331 126.574
4 57 0 21.0591 30.4084
4 58 0 62.8295 65.83
4 59 0 67.8125 73.7036
4 60 0 93.9082 94.1383
5 1 0 76.8698 77.7935
5 2 0 78.2636 106.143
5 3 0 36.1388 47.9782
5 4 0 57.934 60.5495
5 6 1 20.1299 29.8139
5 7 0 33.6723 39.5677
5 8 0 61.0432 90.3805
5 9 0 76.7192 89.6962
5 10 0 33.3621 35.0011
5 11 0 80.6808 87.9412
5 12 0 16.1786 23.4885
5 13 0 77.9647 81.7388
5 14 0 99.0856 144.379
5 15 0 13.6622 15.6279
5 16 0 50.7076 56.2573
5 17 0 30.723 46.0453
5 18 0 75.9285 89.1665
5 19 0 86.6026 120.502
5 20 0 76.9208 82.5894
5 21 0 70.8675 84.6766
5 22 0 78.0019 82.8463
5 23 0 34.1014 42.1784
5 24 0 31.9926 39.7551
5 25 0 46.8982 60.641
5 26 0 72.3763 77.5589
5 27 0 41.9736 55.735
5 28 0 53.4431 72.9456
5 29 0 14.7752 20.9817
5 30 0 81.5016 89.3075
5 31 0 21.9148 23.6313
5 32 0 50.3695 62.8254
5 33 0 97.7535 102.809
5 34 0 30.04 31.9619
5 35 0 43.5277 46.8995
5 36 0 95.2903 140.861
5 37 0 62.8805 84.505
5 38 0 22.7514 27.6414
5 39 0 53.3274 78.5616
5 40 0 43.2803 50.7725
5 41 0 40.685 55.6436
5 42 0 21.1547 21.8792
5 43 0 30.4564 36.9827
5 44 0 16.6264 19.7599
5 45 0 32.8367 43.5668
5 46 0 17.6555 24.9112
5 47 0 25.8724 28.7639
5 48 0 93.9289 127.29
5 49 0 93.1755 132.352
5 50 0 52.6479 62.4605
5 51 0 73.5301 73.9325
5 52 1 17.5876 20.4587
5 53 0 87.9632 122.731
5 54 0 25.0715 35.0256
5 55 1 97.9866 116.651
5 56 0 20.659 26.9148
5 57 0 15.0342 21.8743
5 58 0 12.406 15.6119
5 59 0 56.8428 66.0261
5 60 1 85.151 85.5851
6 1 0 70.3656 78.2073
6 2 0 42.8963 43.6911
6 3 0 47.5109 56.04
6 4 0 36.0634 48.9606
6 5 0 13.3269 18.7346
6 7 1 89.5345 109.292
6 8 0 68.6647 71.0015
6 9 0 82.392 86.0557
6 10 0 8.32114 8.4748
6 11 0 25.2792 28.8739
6 12 0 47.761 58.4753
6 13 0 5.15027 7.59655
6 14 0 25.7471 25.9899
6 15 0 57.9455 64.2036
6 16 0 72.0468 96.9189
6 17 0 22.8869 23.5772
6 18 0 58.8996 59.6993
6 19 1 95.8106 125.68
6 20 0 60.055 80.4345
6 21 0 1.91581 2.38176
6 22 0 67.4932 98.9245
6 23 0 96.6583 136.66
6 24 0 14.6805 18.7447
6 25 0 97.6274 109.393
6 26 0 19.2102 22.0255
6 27 0 66.4766 78.4787
6 28 0 12.4001 18.1298
6 29 0 27.7725 38.9508
6 30 0 2.64151 3.84606
6 31 0 79.4438 105.255
6 32 0 99.9841 139.433
6 33 0 53.6553 57.3232
6 34 0 26.1273 29.5546
6 35 0 18.1068 24.8729
6 36 0 6.48948 9.59427
6 37 0 99.4799 125.729
6 38 0 80.2933 118.743
6 39 0 66.5306 81.5659
6 40 0 37.9857 55.0355
6 41 0 19.532 21.8644
6 42 0 84.0446 106.021
6 43 0 35.7053 43.4068
6 44 0 60.5996 82.0541
6 45 0 35.2341 36.6981
6 46 0 6.07712 8.24951
6 47 0 55.1081 59.5676
6 48 0 89.9289 103.059
6 49 0 60.2545 79.9158
6 50 0 38.1885 50.8532
6 51 0 6.00538 8.56192
6 52 0 69.4127 88.4778
6 53 0 29.3333 30.346
6 54 0 79.0579 85.214
6 55 0 19.1122 20.0254
6 56 0 32.3431 47.1743
6 57 0 37.1207 53.0789
6 58 0 34.9182 36.4493
6 59 0 19.8808 29.8161
6 60 0 52.0003 70.8669
7 1 0 50.4962 56.5779
7 2 0 59.8877 77.2969
7 3 0 40.3585 50.9376
7 4 0 4.79948 6.04562
7 5 0 64.7843 77.1983
7 6 0 1.16969 1.44646
7 8 1 67.1244 96.0125
7 9 0 18.3975 22.5525
7 10 0 83.3019 122.684
7 11 0 89.6713 107.457
7 12 0 87.1923 109.279
7 13 0 90.7615 96.0983
7 14 0 44.7284 47.2206
7 15 0 10.0631 11.8405
7 16 0 26.0021 31.2488
7 17 0 35.389 49.2836
7 18 0 37.3813 49.6976
7 19 0 85.432 116.32
7 20 0 26.5709 34.8765
7 21 0 42.8741 56.8033
7 22 0 4.31399 5.22259
7 23 0 59.3811 76.1566
7 24 0 18.4898 19.0709
7 25 0 50.4639 66.0154
7 26 0 33.1123 49.1669
7 27 0 68.7463 98.8959
7 28 0 27.9199 34.8867
7 29 0 82.9878 120.78
7 30 0 46.1293 67.6466
7 31 0 4.72189 7.01802
7 32 0 20.6598 26.4271
7 33 0 83.1753 121.519
7 34 0 69.1391 89.018
7 35 0 30.2988 38.8325
7 36 0 32.3337 41.9784
7 37 0 13.5296 19.8801
7 38 0 52.5408 66.0969
7 39 0 61.2431 81.8245
7 40 1 29.0782 41.9553
7 41 1 53.8289 70.4245
7 42 1 19.6696 22.2888
7 43 0 75.4553 79.3954
7 44 0 58.0322 60.3338
7 45 0 11.2581 13.8229
7 46 0 60.876 78.5345
7 47 0 49.1663 64.6637
7 48 0 90.6441 122.113
7 49 0 76.6112 94.7797
7 50 0 67.9464 78.1159
7 51 0 91.5744 100.384
7 52 1 15.732 16.903
7 53 0 17.306 20.3091
7 54 0 99.386 107.395
7 55 0 17.0238 22.4581
7 56 0 81.0409 98.2042
7 57 1 32.323 43.6857
7 58 0 2.21441 3.28667
7 59 0 57.1359 85.5672
7 60 0 74.5956 101.95
8 1 1 88.8715 119.684
8 2 0 95.8604 97.4336
8 3 0 8.39249 11.0942
8 4 0 55.4362 81.18
8 5 0 20.7898 29.2746
8 6 0 14.6646 18.3341
8 7 0 17.5164 22.7189
8 9 1 32.7948 33.7232
8 10 0 2.93665 3.70651
8 11 0 56.3591 77.7625
8 12 0 27.4414 39.3057
8 13 0 90.1927 95.6626
8 14 0 31.1245 44.7658
8 15 0 37.3488 45.648
8 16 0 56.4189 71.9369
8 17 0 93.9572 102.557
8 18 0 8.93327 12.42
8 19 0 41.5085 51.8133
8 20 0 75.1187 92.9454
8 21 0 6.90274 9.01882
8 22 0 31.0626 39.706
8 23 0 24.8934 30.6586
8 24 0 63.6884 76.776
8 25 0 18.1149 26.205
8 26 0 77.3105 93.9792
8 27 0 37.6825 51.0762
8 28 0 57.5807 72.8941
8 29 0 14.7686 17.5454
8 30 0 52.8219 73.0781
8 31 0 97.736 131.158
8 32 0 54.7085 69.559
8 33 1 33.316 35.6261
8 34 0 66.0706 89.2983
8 35 0 14.4023 21.0435
8 36 0 41.9164 57.149
8 37 0 69.8481 75.8877
8 38 0 28.5687 40.983
8 39 0 47.7741 70.0378
8 40 0 79.2953 98.1066
8 41 0 76.2958 99.4157
8 42 0 98.4332 101.591
8 43 0 82.593 99.4894
8 44 0 77.6777 115.684
8 45 0 99.49 147.016
8 46 0 27.7676 36.856
8 47 0 38.9389 40.1792
8 48 0 66.7124 76.9789
8 49 1 5.07566 6.07763
8 50 0 75.6158 105.461
8 51 1 8.31286 9.62527
8 52 0 30.383 42.2918
8 53 0 73.666 108.661
8 54 1 7.02869 10.2526
8 55 0 55.9752 56.2446
8 56 0 40.8558 58.8832
8 57 0 3.21981 4.18793
8 58 0 93.09 108.89
8 59 0 59.2907 64.0168
8 60 0 35.3033 45.4049
9 1 0 83.1686 103.755
9 2 0 89.6477 125.37
9 3 1 45.7324 54.158
9 4 0 21.2754 24.383
9 5 0 41.5692 51.9708
9 6 1 1.63561 1.90574
9 7 0 48.4854 53.9035
9 8 0 3.90602 4.57744
9 10 1 69.4446 77.4471
9 11 0 15.2956 21.1734
9 12 0 6.55698 7.0259
9 13 0 76.1482 88.0612
9 14 0 63.6018 82.8026
9 15 0 79.2275 118.139
9 16 0 48.4024 65.9264
9 17 1 24.9025 28.2434
9 18 0 38.4589 44.5261
9 19 0 18.5679 23.7522
9 20 0 75.9504 88.2043
9 21 0 96.2751 101.171
9 22 0 16.5842 23.5533
9 23 0 11.4038 13.9543
9 24 0 28.3154 28.4449
9 25 0 75.9727 105.381
9 26 0 63.276 82.0567
9 27 0 94.8507 121.083
9 28 0 79.0139 88.0831
9 29 0 56.4321 79.5086
9 30 0 66.6353 92.1998
9 31 0 70.7023 96.0892
9 32 0 63.642 87.1787
9 33 0 58.0983 75.5062
9 34 1 31.9521 35.9355
9 35 0 63.1764 76.1369
9 36 0 73.349 106.361
9 37 0 72.4327 94.2418
9 38 0 1.12137 1.15266
9 39 0 4.809 6.39149
9 40 0 35.5989 51.5718
9 41 0 39.2878 43.0768
9 42 0 54.1626 68.788
9 43 0 22.3955 31.8413
9 44 0 25.4153 36.0916
9 45 0 52.265 67.2604
9 46 0 88.3788 119.419
9 47 0 10.4994 12.5838
9 48 0 94.1943 96.9207
9 49 0 57.9147 58.8004
9 50 0 76.7391 108.015
9 51 0 74.5795 84.057
9 52 0 46.9256 63.5118
9 53 0 54.9072 72.3806
9 54 0 91.9151 132.716
9 55 0 7.126 10.3885
9 56 0 10.9476 15.8791
9 57 0 94.7686 121.389
9 58 0 75.2509 86.4859
9 59 0 84.9255 110.108
9 60 1 57.9203 76.6705
10 1 0 42.2851 49.6361
10 2 0 97.7572 109.878
10 3 0 14.2591 20.8901
10 4 0 30.3571 31.1612
10 5 0 23.572 25.9124
10 6 0 17.5071 23.64
10 7 0 87.4513 116.994
10 8 0 47.5301 48.903
10 9 0 68.1565 76.4426
10 11 1 17.4093 20.441
10 12 0 87.8667 94.3543
10 13 0 12.072 17.1181
10 14 0 91.0147 113.272
10 15 0 43.9381 54.8215
10 16 0 55.347 75.9835
10 17 1 5.88707 6.88711
10 18 0 2.38498 2.64379
10 19 0 77.9141 101.561
10 20 0 33.2985 46.4133
10 21 0 53.6848 57.2162
10 22 0 24.6086 33.0532
10 23 1 13.6127 16.3092
10 24 1 41.1308 44.6746
10 25 0 58.6741 82.9314
10 26 0 38.66 55.0523
10 27 0 13.3035 14.6005
10 28 0 97.9899 107.208
10 29 0 34.8689 43.2005
10 30 0 84.299 92.7482
10 31 0 10.351 14.0307
10 32 0 0.181026 0.260469
10 33 1 96.3112 133.828
10 34 0 84.1514 100.558
10 35 0 94.2094 128.437
10 36 0 86.6776 91.1218
10 37 0 75.9762 101.616
10 38 0 2.64423 2.78242
10 39 0 17.6466 20.8394
10 40 0 99.2412 142.298
10 41 0 64.0852 81.3152
10 42 1 80.4368 107.433
10 43 0 72.1385 101.231
10 44 0 42.0461 44.4394
10 45 0 16.1263 16.1892
10 46 0 89.2154 107.965
10 47 0 46.4985 65.2122
10 48 1 46.6784 61.8215
10 49 0 77.1684 109.722
10 50 0 17.7619 22.6087
10 51 0 50.1258 65.8308
10 52 0 4.80229 4.85
10 53 0 97.4354 135.317
10 54 0 43.2469 47.3581
10 55 0 33.1737 36.4435
10 56 0 41.598 53.7996
10 57 0 13.816 17.8797
10 58 0 42.5397 59.2275
10 59 0 53.4619 58.7979
10 60 0 37.5473 50.7167
11 1 0 9.26653 10.1686
11 2 0 67.8343 98.0537
11 3 0 95.0667 107.483
11 4 0 78.7029 91.5305
11 5 0 65.9752 81.6833
11 6 0 72.2895 91.4946
11 7 0 44.7809 45.6464
11 8 0 68.7144 88.1221
11 9 0 1.37733 1.62877
11 10 0 24.8521 25.9303
11 12 1 34.0578 50.7403
11 13 0 6.31603 8.15135
11 14 0 80.9408 85.3623
11 15 0 11.3941 16.3199
11 16 0 77.5878 90.9976
11 17 0 83.6423 93.2286
11 18 0 90.0564 132.458
11 19 0 63.7399 93.1787
11 20 0 50.5126 54.9129
11 21 1 32.8241 42.4363
11 22 0 58.7221 67.7471
11 23 0 79.0539 104.749
11 24 0 94.2988 127.357
11 25 0 70.3583 92.8299
11 26 0 20.0555 29.8171
11 27 0 85.8451 120.05
11 28 0 58.8872 73.6535
11 29 1 99.9361 121.924
11 30 0 73.5833 109.035
11 31 0 48.8671 56.2453
11 32 0 32.385 34.466
11 33 1 3.61754 4.24239
11 34 1 74.6637 97.5818
11 35 0 98.0305 110.026
11 36 0 78.8956 111.883
11 37 0 26.7379 39.5541
11 38 0 41.0427 42.0335
11 39 0 97.454 137.576
11 40 0 15.1297 15.6715
11 41 0 34.2058 42.8319
11 42 0 30.9388 46.0724
11 43 1 86.1673 120.96
11 44 0 44.388 59.5119
11 45 0 9.07479 12.1486
11 46 0 42.8985 48.3918
11 47 0 40.7172 41.1898
11 48 0 28.6883 30.6972
11 49 1 49.9159 73.2163
11 50 0 98.7524 108.301
11 51 0 33.249 48.0535
11 52 0 39.8078 59.1658
11 53 0 28.2966 34.1226
11 54 0 96.3216 129.095
11 55 1 83.807 98.7763
11 56 0 74.9097 104.311
11 57 0 3.2912 4.55017
11 58 0 87.7553 123.432
11 59 0 7.68907 8.3599
11 60 0 18.1608 20.4537
12 1 0 75.9049 76.2459
12 2 1 17.158 25.6587
12 3 0 28.7785 32.7477
12 4 0 72.1995 83.4567
12 5 0 96.6308 117.975
12 6 1 57.806 62.7399
12 7 0 29.0462 42.2622
12 8 0 44.7582 53.5686
12 9 0 42.1859 52.2763
12 10 0 65.0203 70.4247
12 11 0 30.2638 36.5471
12 13 1 36.6301 42.1386
12 14 0 79.8592 115.653
12 15 0 84.7377 90.9852
12 16 0 14.6563 19.7522
12 17 0 16.1623 23.376
12 18 0 10.1948 14.5552
12 19 0 79.8547 108.407
12 20 0 84.3647 115.67
12 21 0 44.9216 47.1619
12 22 0 86.8591 93.6595
12 23 0 17.0344 18.5391
12 24 0 20.4013 20.9221
12 25 0 26.9438 33.0334
12 26 0 86.7936 98.3236
12 27 0 65.4497 71.9197
12 28 0 84.1592 115.218
12 29 0 13.0342 13.4921
12 30 0 97.8711 129.512
12 31 0 11.6322 16.6433
12 32 0 84.9275 124.974
12 33 0 4.74338 6.45063
12 34 0 73.2311 107.959
12 35 0 50.7953 61.7091
12 36 0 43.3274 64.2759
12 37 0 41.4044 56.0767
12 38 0 67.5295 73.0623
12 39 0 19.9703 20.7688
12 40 0 6.89988 9.53141
12 41 0 79.3675 105.584
12 42 0 76.5463 110.837
12 43 0 80.0684 87.2285
12 44 1 27.0181 36.8539
12 45 0 66.2286 73.6678
12 46 0 39.7966 52.383
12 47 0 58.9024 87.6162
12 48 0 25.5897 37.6813
12 49 0 32.046 36.3028
12 50 0 2.59766 3.41343
12 51 0 40.6687 47.0954
12 52 1 67.9383 71.7869
12 53 0 97.0668 138.474
12 54 0 26.1202 28.4642
12 55 0 29.9764 44.8553
12 56 0 64.1468 92.054
12 57 0 21.9463 32.8711
12 58 1 19.1634 23.5402
12 59 0 60.9138 61.4169
12 60 0 97.357 98.8861
13 1 0 30.2214 31.4648
13 2 0 39.8746 59.7526
13 3 0 1.88082 2.05474
13 4 0 78.4639 113.981
13 5 0 19.5652 29.1924
13 6 0 80.1377 105.256
13 7 0 72.7964 90.8901
13 8 0 12.259 16.9626
13 9 0 2.56958 2.61303
13 10 0 2.88408 4.10446
13 11 0 12.7925 13.7821
13 12 0 12.532 13.2839
13 14 1 3.14167 3.46318
13 15 0 83.1923 106.026
13 16 0 51.8839 76.7207
13 17 0 36.6911 51.7757
13 18 0 28.4812 35.1697
13 19 0 18.2563 27.1471
13 20 0 12.3703 13.0438
13 21 0 32.0053 42.2756
13 22 0 13.8322 14.8367
13 23 0 77.5071 110.599
13 24 0 92.6649 94.5198
13 25 0 42.5089 62.5696
13 26 0 43.2766 47.2452
13 27 0 52.4226 74.979
13 28 0 17.1568 21.1762
13 29 0 24.5857 27.9602
13 30 0 70.8621 90.7321
13 31 0 44.1856 46.0735
13 32 0 65.2684 83.6051
13 33 0 72.7894 73.8557
13 34 0 49.2909 64.8138
13 35 0 77.4744 110.531
13 36 0 22.0742 28.088
13 37 0 97.9561 141.322
13 38 0 95.8183 115.593
13 39 0 16.334 21.7955
13 40 0 28.97 35.2313
13 41 1 55.5735 57.6846
13 42 0 9.68217 11.699
13 43 0 12.4884 17.424
13 44 0 42.9575 48.8523
13 45 0 66.2012 83.2705
13 46 0 49.1956 53.1229
13 47 1 18.9526 19.8883
13 48 0 89.9263 112.508
13 49 0 94.8105 112.489
13 50 0 34.8464 39.9201
13 51 0 54.796 62.6873
13 52 0 90.8992 98.5604
13 53 0 1.48464 2.06008
13 54 0 62.0075 90.3474
13 55 0 74.4033 104.669
13 56 1 33.8382 43.0989
13 57 0 91.8174 95.0536
13 58 0 96.9412 136.481
13 59 0 47.8393 55.8588
13 60 0 68.8606 97.6926
14 1 0 47.7065 55.3372
14 2 0 42.1375 55.0861
14 3 0 70.4528 71.8773
14 4 0 4.28258 6.11769
14 5 0 60.7808 88.7285
14 6 0 82.8571 87.5709
14 7 0 43.0962 56.5013
14 8 0 7.47567 8.40137
14 9 0 77.9691 107.801
14 10 0 36.9073 46.0217
14 11 0 27.832 32.7186
14 12 0 31.3822 32.1731
14 13 0 76.247 89.5046
14 15 1 51.7194 56.6124
14 16 0 44.0488 59.1104
14 17 0 2.3503 3.43468
14 18 0 91.0801 121.321
14 19 0 83.2951 103.685
14 20 0 48.2772 55.7458
14 21 0 77.3313 80.0814
14 22 0 78.8069 117.015
14 23 0 90.8163 127.459
14 24 0 61.088 66.8767
14 25 0 7.70823 10.115
14 26 0 16.2231 18.9654
14 27 0 63.2769 69.4161
14 28 0 1.44189 2.06383
14 29 0 61.954 83.9969
14 30 0 23.36 24.7761
14 31 0 0.187293 0.242824
14 32 0 6.56347 9.45881
14 33 0 12.1062 16.6852
14 34 0 86.8609 110.279
14 35 0 86.9449 124.528
14 36 0 96.4208 101.461
14 37 0 73.2806 108.156
14 38 0 78.8407 111.485
14 39 0 45.3693 54.0064
14 40 0 47.5494 60.7527
14 41 0 98.3754 125.421
14 42 0 40.5749 41.1238
14 43 0 33.2482 34.7094
14 44 0 91.1512 129.04
14 45 0 20.9867 28.4254
14 46 0 40.4859 59.3569
14 47 0 66.081 82.2263
14 48 0 99.8137 139.05
14 49 0 31.8895 45.3096
14 50 0 22.5634 30.4852
14 51 0 15.2943 19.1939
14 52 0 74.8273 98.4617
14 53 0 77.4767 89.0909
14 54 0 95.0405 111.603
14 55 0 41.8443 56.7335
14 56 0 95.0387 128.16
14 57 0 49.0388 68.271
14 58 0 47.8451 61.1502
14 59 0 99.6449 135.937
14 60 0 82.8705 100.016
15 1 0 6.1997 6.5522
15 2 0 53.4748 61.3457
15 3 0 72.1543 77.8425
15 4 0 76.5861 92.3013
15 5 0 82.6411 114.332
15 6 0 93.6192 128.279
15 7 0 23.21 23.5696
15 8 0 65.0492 82.503
15 9 0 4.71271 6.39933
15 10 0 57.9152 82.1202
15 11 0 11.0091 14.2452
15 12 1 64.7109 82.2464
15 13 0 19.8924 20.4306
15 14 0 90.3178 106.774
15 16 1 32.5007 41.7524
15 17 1 4.64479 6.34549
15 18 0 32.3025 44.9946
15 19 0 19.0938 24.7098
15 20 0 59.4746 85.5222
15 21 0 12.3053 17.3384
15 22 1 39.3607 53.6637
15 23 0 71.2917 94.1589
15 24 0 43.5327 50.4279
15 25 0 94.485 114.708
15 26 0 8.62734 12.451
15 27 0 61.1748 82.351
15 28 0 78.8017 98.0174
15 29 0 50.7813 65.3137
15 30 0 52.2132 61.5777
15 31 0 36.853 45.9688
15 32 0 73.5796 76.995
15 33 0 20.1657 22.0841
15 34 0 15.6113 21.0201
15 35 0 81.3695 116.76
15 36 0 53.8345 63.1576
15 37 1 80.3844 88.6068
15 38 0 38.147 53.0831
15 39 0 38.4736 55.5579
15 40 0 34.1624 47.5797
15 41 0 64.0338 71.9754
15 42 0 35.7029 37.1883
15 43 0 58.5617 72.7305
15 44 0 7.81456 9.12423
15 45 0 89.5923 102.118
15 46 0 89.3877 100.94
15 47 0 34.9489 48.5247
15 48 0 12.5549 16.7829
15 49 0 59.1341 82.0211
15 50 0 10.0482 11.9464
15 51 0 19.75 23.7612
15 52 0 99.3847 123.195
15 53 0 38.6085 51.236
15 54 0 67.7007 80.1562
15 55 0 0.171528 0.215327
15 56 0 51.7678 67.4277
15 57 0 87.9371 89.6936
15 58 0 86.4689 117.645
15 59 0 45.0373 48.2279
15 60 0 80.9215 99.7314
16 1 0 68.7115 91.6927
16 2 0 60.7413 88.531
16 3 0 78.0471 103.086
16 4 0 24.6477 36.6608
16 5 0 72.1378 87.6406
16 6 0 47.3255 59.5951
16 7 0 38.4792 43.7789
16 8 0 40.8318 47.0128
16 9 0 30.7164 40.3903
16 10 0 94.3709 123.784
16 11 0 49.9369 64.5654
16 12 0 43.7758 50.4634
16 13 0 4.7213 6.95493
16 14 0 9.63075 12.674
16 15 0 51.8296 68.3074
16 17 1 50.9224 55.2873
16 18 0 48.5695 60.7153
16 19 0 19.7876 29.2344
16 20 0 0.492367 0.709905
16 21 0 79.3942 113.52
16 22 0 7.82917 9.86775
16 23 0 80.8434 111.197
16 24 0 64.6788 87.2425
16 25 0 96.7997 108.988
16 26 1 23.301 31.769
16 27 0 59.4223 64.7503
16 28 0 6.58328 7.99824
16 29 0 57.022 81.5346
16 30 0 74.1091 92.0103
16 31 1 10.6946 10.9154
16 32 1 76.6317 111.364
16 33 0 45.1811 55.6029
16 34 0 69.8472 93.0412
16 35 0 26.0148 27.4554
16 36 0 53.1499 55.2539
16 37 0 70.7425 75.7653
16 38 0 57.9619 85.7628
16 39 0 0.397589 0.528759
16 40 0 95.1666 104.652
16 41 0 89.3294 100.981
16 42 0 29.9763 31.4289
16 43 0 74.8809 89.3679
16 44 0 82.2832 89.9305
16 45 0 67.2857 86.4386
16 46 0 53.1152 54.376
16 47 0 84.9021 119.416
16 48 0 10.841 15.2408
16 49 1 33.8901 35.0851
16 50 0 44.8561 49.1599
16 51 0 50.3634 66.4382
16 52 0 18.09 19.5681
16 53 0 69.6201 100.426
16 54 0 96.53 132.974
16 55 0 1.54512 1.81156
16 56 0 16.9871 21.9969
16 57 0 75.7858 102.091
16 58 0 91.5779 113.632
16 59 0 96.9103 108.459
16 60 0 75.2092 86.2781
17 1 0 99.6736 144.81
17 2 0 99.1816 114.639
17 3 0 62.5511 91.1231
17 4 0 94.1149 126.952
17 5 0 52.8699 77.8767
17 6 0 73.5631 105.776
17 7 0 38.4082 41.4814
17 8 1 40.5129 42.7297
17 9 0 53.6783 68.4226
17 10 0 69.5601 99.5345
17 11 0 31.4008 36.1914
17 12 0 5.29027 6.8154
17 13 0 21.3826 30.1553
17 14 0 18.611 20.8226
17 15 0 41.1495 53.7731
17 16 0 99.9093 130.77
17 18 1 58.4101 81.4975
17 19 0 79.694 96.0756
17 20 0 68.602 76.9988
17 21 0 65.1228 96.8775
17 22 0 84.9681 108.729
17 23 0 38.4072 46.3903
17 24 0 71.8858 98.5009
17 25 0 47.7988 67.8696
17 26 1 49.653 58.6311
17 27 0 95.0835 96.2428
17 28 0 44.0453 53.9907
17 29 0 13.5107 14.9831
17 30 1 32.8479 33.6406
17 31 0 46.4493 59.8798
17 32 1 79.1172 92.1034
17 33 0 58.9331 87.7926
17 34 0 69.3377 83.0158
17 35 0 76.6672 80.0289
17 36 0 45.3658 57.9726
17 37 0 72.1603 107.417
17 38 0 67.2038 88.5442
17 39 0 88.5145 95.9564
17 40 0 68.8418 78.0016
17 41 0 14.8357 20.9213
17 42 0 22.1715 26.2825
17 43 1 59.8418 80.4938
17 44 0 60.5283 77.0518
17 45 0 9.95214 12.4317
17 46 0 8.97277 13.3864
17 47 0 99.9643 148.239
17 48 1 44.2877 49.4151
17 49 0 71.6513 81.9072
17 50 0 79.1994 79.3109
17 51 1 97.3755 121.912
17 52 0 31.6798 39.9964
17 53 0 37.0127 49.9312
17 54 0 82.0273 82.4465
17 55 0 26.118 32.9732
17 56 0 66.1135 76.0394
17 57 0 54.7258 55.5228
17 58 0 85.1536 114.065
17 59 0 34.7532 44.8725
17 60 0 95.6701 143.193
18 1 0 48.788 53.7483
18 2 1 69.1527 73.2432
18 3 0 50.3939 64.2876
18 4 0 98.1346 136.865
18 5 0 26.2156 28.2463
18 6 0 57.6628 61.5292
18 7 0 89.2078 122.075
18 8 1 77.2761 94.358
18 9 0 44.2537 64.8746
18 10 0 42.0391 53.697
18 11 0 6.17863 8.21388
18 12 1 74.0788 93.5104
18 13 0 42.7414 57.4274
18 14 1 99.8554 134.253
18 15 0 30.1371 39.5552
18 16 0 23.4389 32.9602
18 17 0 12.9357 16.3533
18 19 1 69.8615 93.5448
18 20 0 10.5228 11.7278
18 21 0 8.6994 9.08813
18 22 0 10.7474 14.6572
18 23 0 80.3065 93.5152
18 24 0 69.9427 78.8101
18 25 0 50.5611 56.9999
18 26 0 55.9904 65.4408
18 27 0 33.571 44.741
18 28 1 5.16426 6.67089
18 29 0 92.7917 105.009
18 30 1 14.8688 19.2984
18 31 0 40.8754 48.7262
18 32 0 36.0238 36.5411
18 33 0 17.4591 19.0041
18 34 0 9.18107 11.1101
18 35 0 12.1759 14.1006
18 36 0 40.2665 59.1501
18 37 1 96.2139 124.305
18 38 0 34.922 35.2556
18 39 0 8.78944 10.1727
18 40 0 20.5498 28.0259
18 41 0 42.2805 42.3442
18 42 0 91.272 124.394
18 43 0 48.2389 63.6826
18 44 0 33.7009 47.1907
18 45 0 53.773 55.3252
18 46 0 46.9182 54.6634
18 47 0 39.5228 46.8663
18 48 0 89.5224 116.07
18 49 0 68.8898 97.7658
18 50 0 34.9625 46.5479
18 51 0 11.733 16.4619
18 52 0 80.4123 116.324
18 53 0 58.7574 77.2902
18 54 0 61.2286 64.5363
18 55 0 65.5684 85.4466
18 56 0 63.5351 63.9635
18 57 0 47.6683 60.3117
18 58 0 39.2641 45.2218
18 59 0 12.5202 17.8589
18 60 0 50.7759 71.0808
19 1 0 14.818 16.3921
19 2 0 82.7049 112.099
19 3 1 27.1707 28.9513
19 4 0 14.7178 17.3752
19 5 0 89.2534 122.846
19 6 0 27.4439 37.2486
19 7 0 92.8089 131.693
19 8 0 54.3904 76.8479
19 9 0 90.304 120.832
19 10 1 88.703 90.0942
19 11 1 74.5869 106.182
19 12 0 61.7859 75.3786
19 13 0 16.4246 22.8796
19 14 0 24.0448 35.7445
19 15 0 49.4104 64.6944
19 16 0 14.4039 16.3538
19 17 0 39.1913 40.6289
19 18 0 85.981 111.885
19 20 1 9.79648 11.5495
19 21 0 20.2683 20.5942
19 22 0 62.6861 67.4615
19 23 0 60.8862 66.2188
19 24 0 61.7831 62.7104
19 25 0 99.9788 138.529
19 26 0 52.8119 66.5233
19 27 0 21.8712 32.7094
19 28 1 92.4714 112.763
19 29 0 90.2117 108.57
19 30 0 82.6283 103.121
19 31 0 81.7096 97.8191
19 32 0 81.9032 107.798
19 33 0 47.4586 52.5806
19 34 0 11.0447 15.7288
19 35 0 32.7776 44.1498
19 36 0 59.9744 63.6315
19 37 0 44.4512 61.7591
19 38 0 76.7894 78.9758
19 39 0 30.7775 42.4529
19 40 0 39.9198 45.6303
19 41 0 0.568 0.657295
19 42 0 84.6279 114.663
19 43 0 46.3759 59.625
19 44 0 2.84758 3.48894
19 45 0 74.4797 109.854
19 46 0 34.5845 51.6677
19 47 0 68.0383 75.7804
19 48 0 38.0219 49.1348
19 49 1 51.9411 58.8808
19 50 0 52.4548 67.2307
19 51 0 36.4058 43.8836
19 52 0 26.7057 39.6631
19 53 0 31.9742 39.0877
19 54 0 21.9835 22.8288
19 55 0 98.055 130.748
19 56 0 90.8998 128.7
19 57 0 97.5113 125.928
19 58 0 47.9363 59.8861
19 59 0 75.6146 85.8727
19 60 0 59.3046 69.1237
20 1 0 48.2666 53.5255
20 2 0 94.416 118.475
20 3 0 3.64799 3.80256
20 4 0 63.1432 74.1764
20 5 0 66.1153 97.0266
20 6 0 42.2191 52.7564
20 7 0 65.0476 96.9841
20 8 0 22.2427 27.798
20 9 0 88.7992 113.679
20 10 0 71.7488 93.4794
20 11 0 50.0487 58.3625
20 12 0 71.7988 94.9709
20 13 0 87.4105 102.957
20 14 0 80.3525 85.0777
20 15 0 49.5537 54.0313
20 16 0 74.1874 76.3653
20 17 0 90.3865 110.034
20 18 1 9.412 11.6653
20 19 0 54.0205 74.1632
20 21 1 92.2078 115.121
20 22 0 65.479 67.148
20 23 0 45.759 63.2111
20 24 0 83.8864 115.485
20 25 0 36.0014 51.6356
20 26 0 23.1103 30.571
20 27 0 71.7564 99.3083
20 28 0 95.2939 116.64
20 29 0 67.9901 82.2608
20 30 0 33.5174 35.3522
20 31 0 91.7706 121.968
20 32 0 33.9644 42.5085
20 33 0 61.4947 70.9442
20 34 0 76.7123 114.462
20 35 0 50.4006 72.1624
20 36 0 9.03167 11.1754
20 37 0 95.702 139.343
20 38 0 43.5079 58.9177
20 39 0 27.0569 32.3527
20 40 0 15.618 16.8383
20 41 0 28.4644 38.3447
20 42 0 32.0969 33.4896
20 43 0 49.23 54.7531
20 44 0 37.0085 42.5854
20 45 0 26.7009 27.1236
20 46 0 11.9508 12.7827
20 47 0 35.6961 43.5375
20 48 0 91.1764 98.5098
20 49 0 40.8788 47.7886
20 50 0 87.8034 107.749
20 51 0 9.89671 12.0776
20 52 0 36.6782 49.1602
20 53 0 51.049 59.0225
20 54 0 75.8722 104.099
20 55 0 76.9665 106.752
20 56 0 49.9507 66.6225
20 57 0 15.5228 21.7224
20 58 0 57.0896 71.722
20 59 0 82.9163 93.3703
20 60 0 71.8764 90.3911
21 1 0 2.58774 3.78875
21 2 0 79.1748 88.9146
21 3 0 48.839 69.5284
21 4 0 17.6879 26.2706
21 5 0 89.3912 97.7282
21 6 0 14.8047 16.4465
21 7 0 81.0166 97.6415
21 8 0 24.0488 31.4616
21 9 0 62.6085 82.2353
21 10 0 39.6256 49.5027
21 11 0 76.631 93.6885
21 12 0 21.742 23.7877
21 13 0 7.96677 9.77877
21 14 0 84.6456 122.883
21 15 0 4.40583 6.02406
21 16 0 10.3244 11.1371
21 17 0 23.0754 31.0371
21 18 0 62.9292 88.7874
21 19 0 50.6056 70.3512
21 20 0 19.7626 28.3066
21 22 1 46.3912 49.5869
21 23 0 86.8252 116.944
21 24 0 42.8193 47.2436
21 25 0 94.3425 129.904
21 26 0 39.1377 56.9783
21 27 0 28.7845 35.8435
21 28 0 4.65352 5.97353
21 29 0 64.1862 87.4096
21 30 0 46.634 63.0592
21 31 0 12.051 15.439
21 32 0 77.6077 105.594
21 33 1 81.1601 105.334
21 34 0 43.7415 46.0803
21 35 0 45.4019 50.3539
21 36 0 0.847748 0.963666
21 37 0 8.25394 11.2615
21 38 0 47.5839 53.9546
21 39 0 88.7723 103.249
21 40 0 1.11601 1.48928
21 41 0 38.3777 45.7636
21 42 0 29.3284 37.0364
21 43 0 22.7656 25.3727
21 44 0 52.5166 74.7363
21 45 1 77.2193 101.392
21 46 0 71.2207 83.0383
21 47 0 61.0962 65.5087
21 48 1 9.01273 10.7742
21 49 0 14.0473 17.8786
21 50 0 56.848 72.6713
21 51 0 83.7813 104.632
21 52 0 96.1168 141.483
21 53 0 70.282 88.4002
21 54 0 3.38155 4.9498
21 55 0 20.8592 26.302
21 56 0 25.3575 30.9016
21 57 0 1.13266 1.14085
21 58 1 64.7905 90.7191
21 59 1 79.8239 85.5872
21 60 0 5.87071 7.43912
22 1 0 78.6953 98.2176
22 2 0 53.9309 74.744
22 3 0 44.488 50.0024
22 4 0 34.72 36.3079
22 5 0 28.3406 32.7137
22 6 0 46.5839 68.4071
22 7 0 15.0264 16.7015
22 8 0 92.6153 103.693
22 9 0 80.1032 83.6789
22 10 0 3.02343 3.95553
22 11 0 10.3359 12.086
22 12 0 48.1032 57.5746
22 13 0 92.3361 104.048
22 14 0 26.8599 38.2915
22 15 0 70.8937 83.3392
22 16 0 79.4299 102.334
22 17 0 33.6106 41.1894
22 18 0 11.6746 13.7732
22 19 1 41.3194 52.4645
22 20 0 69.015 96.9048
22 21 0 48.7588 67.3737
22 23 1 14.8578 18.464
22 24 0 18.595 26.2452
22 25 0 95.3115 102.752
22 26 0 98.2019 145.862
22 27 0 6.12807 8.86572
22 28 0 17.3084 21.2991
22 29 0 57.9154 83.7962
22 30 0 84.5111 110.818
22 31 0 41.6639 59.1105
22 32 0 94.0564 104.351
22 33 0 84.231 114.787
22 34 0 78.8956 106.206
22 35 0 88.8609 128.125
22 36 0 93.0246 116.078
22 37 0 42.9201 61.6582
22 38 0 42.3213 52.1815
22 39 0 8.85528 10.2416
22 40 0 42.7615 59.2738
22 41 0 30.6715 38.3323
22 42 0 93.7593 109.807
22 43 0 94.3108 111.127
22 44 0 99.2698 107.363
22 45 0 70.9886 88.5704
22 46 0 5.19637 7.69046
22 47 0 4.66356 5.58485
22 48 0 74.8029 75.4316
22 49 0 35.4262 44.1081
22 50 0 48.057 54.4113
22 51 0 35.4415 44.519
22 52 0 80.619 84.9921
22 53 1 40.9191 50.4453
22 54 0 57.2758 62.1991
22 55 1 52.0075 53.7439
22 56 0 1.88964 2.47259
22 57 0 93.1244 100.993
22 58 1 52.6215 57.9076
22 59 0 70.0137 88.8769
22 60 0 32.8301 38.9887
23 1 0 84.6618 106.829
23 2 0 90.5779 97.3618
23 3 0 26.974 39.7567
23 4 0 57.4909 75.286
23 5 0 93.7389 126.845
23 6 0 54.7805 64.9043
23 7 0 64.8047 78.8708
23 8 0 15.0148 17.5812
23 9 0 72.2055 96.2606
23 10 0 59.4741 79.2083
23 11 0 33.792 40.9228
23 12 0 95.8336 122.705
23 13 0 27.594 33.0269
23 14 0 39.7311 43.4629
23 15 0 34.6728 45.8051
23 16 0 38.8908 38.9283
23 17 0 96.6982 115.189
23 18 0 7.66281 8.94811
23 19 0 95.4874 111.524
23 20 0 26.8755 33.1979
23 21 0 88.7783 126.393
23 22 0 43.4545 53.9661
23 24 1 96.0942 135.761
23 25 0 57.3849 59.8325
23 26 0 60.7564 82.0136
23 27 0 7.13877 8.17703
23 28 0 96.1062 139.255
23 29 0 20.4822 21.7096
23 30 0 32.1932 41.0749
23 31 0 81.3118 120.575
23 32 1 81.998 103.049
23 33 0 9.93456 10.9644
23 34 1 10.6619 11.3533
23 35 0 49.4298 64.4004
23 36 0 63.5413 85.7494
23 37 0 68.4304 79.3281
23 38 0 36.7919 48.2609
23 39 0 7.39251 7.85294
23 40 0 16.9224 22.9263
23 41 0 80.3744 104.342
23 42 0 38.0229 51.5924
23 43 0 45.9943 56.53
23 44 0 12.9957 17.6379
23 45 0 9.34181 9.53965
23 46 0 78.6732 97.2185
23 47 1 41.3003 45.6367
23 48 0 2.78614 3.35241
23 49 0 19.7212 26.8225
23 50 0 78.3739 83.0053
23 51 0 85.6841 89.8887
23 52 0 76.0185 96.0294
23 53 0 59.1779 84.1392
23 54 0 43.5782 61.2322
23 55 0 93.0901 121.624
23 56 0 32.1672 44.9455
23 57 0 30.0535 39.9496
23 58 0 33.956 37.9742
23 59 0 7.5434 10.3082
23 60 0 29.2251 41.5845
24 1 0 81.9563 112.453
24 2 0 70.0987 87.5127
24 3 0 54.9887 62.7105
24 4 0 33.5139 49.0457
24 5 0 40.1381 53.4332
24 6 0 34.889 47.4599
24 7 0 89.8422 119.419
24 8 0 34.1348 46.0463
24 9 0 35.2953 35.4633
24 10 0 19.7948 21.0531
24 11 0 3.30702 4.77962
24 12 0 12.7363 16.9643
24 13 0 20.2136 25.7358
24 14 0 6.74668 9.78572
24 15 0 1.88591 1.93625
24 16 0 65.11 65.1648
24 17 0 27.2483 39.6264
24 18 0 68.2653 84.9949
24 19 0 62.3365 66.0281
24 20 0 18.1839 22.4063
24 21 0 60.0251 85.8216
24 22 1 54.5762 66.4719
24 23 0 70.9844 89.5231
24 25 1 95.6076 128.262
24 26 0 15.3852 17.3819
24 27 0 51.2105 68.0488
24 28 0 26.7044 36.1602
24 29 0 30.8313 32.7454
24 30 1 96.4668 127.05
24 31 0 18.2153 26.6809
24 32 0 62.1432 78.6465
24 33 0 40.6061 40.7876
24 34 0 8.34294 9.47709
24 35 0 76.5417 92.3261
24 36 0 40.3948 60.0827
24 37 0 87.0064 99.0026
24 38 0 54.3131 74.3286
24 39 1 66.5512 91.948
24 40 0 82.1 106.185
24 41 0 17.3927 23.6193
24 42 0 48.4085 70.8859
24 43 1 67.3843 98.0224
24 44 0 72.2146 76.0097
24 45 0 7.84835 11.4736
24 46 0 17.1316 21.5154
24 47 0 92.0552 116.424
24 48 0 6.86069 9.28719
24 49 0 73.135 88.8571
24 50 0 63.9717 78.4392
24 51 0 17.2387 25.1403
24 52 0 79.6521 89.8786
24 53 0 81.1182 120.693
24 54 0 69.8731 102.737
24 55 0 25.3149 30.6061
24 56 0 23.2735 27.6956
24 57 0 36.0208 42.222
24 58 0 71.4587 100.727
24 59 0 77.0612 105.412
24 60 0 29.9892 29.9956
25 1 0 57.4957 65.8081
25 2 0 15.8307 16.8393
25 3 1 83.5348 118.14
25 4 0 11.0485 13.8444
25 5 0 67.458 88.84
25 6 0 90.7398 114.4
25 7 0 13.031 17.4478
25 8 0 45.0427 64.5449
25 9 0 79.4264 100.716
25 10 0 57.1415 68.6701
25 11 0 33.7519 35.6263
25 12 0 13.1892 15.7503
25 13 0 13.4828 17.0625
25 14 0 53.7312 79.5291
25 15 1 87.8427 102.829
25 16 1 90.9986 104.098
25 17 0 76.1833 105.88
25 18 0 82.866 91.7438
25 19 0 12.3231 13.9851
25 20 0 14.7038 16.3636
25 21 0 59.6951 75.5441
25 22 0 1.31416 1.91893
25 23 0 35.5993 45.3249
25 24 0 58.9769 77.8005
25 26 1 91.3876 132.763
25 27 1 91.8445 129.499
25 28 0 61.5236 66.9993
25 29 0 5.83231 7.67213
25 30 0 1.63988 1.73831
25 31 0 23.7136 30.1759
25 32 0 67.4694 77.8267
25 33 0 27.1599 35.6045
25 34 0 68.3803 87.494
25 35 0 11.896 12.4624
25 36 0 65.7641 77.7221
25 37 0 82.4708 111.86
25 38 0 78.2511 100.339
25 39 0 57.1491 63.3707
25 40 0 17.231 21.8255
25 41 0 68.4901 91.5121
25 42 0 13.3365 13.6509
25 43 0 97.7037 100.318
25 44 0 72.7098 86.3368
25 45 0 63.6079 82.3208
25 46 0 57.6179 74.6581
25 47 0 46.5065 54.5361
25 48 0 6.2389 8.63604
25 49 0 45.2647 53.2225
25 50 0 16.9756 22.1359
25 51 0 34.2827 49.1147
25 52 0 65.5176 81.178
25 53 0 74.3853 104.735
25 54 0 50.9415 59.0989
25 55 0 32.7139 41.985
25 56 0 7.8951 10.5604
25 57 0 11.5763 16.0283
25 58 0 87.2204 94.1998
25 59 0 98.8628 131.963
25 60 0 11.1591 16.2663
26 1 0 99.5509 143.111
26 2 0 32.6496 35.6542
26 3 0 65.0179 92.623
26 4 0 92.8773 103.683
26 5 0 26.4017 26.7757
26 6 0 36.5849 40.5823
26 7 1 54.7044 59.4633
26 8 0 95.0725 105.154
26 9 0 30.0082 37.9011
26 10 0 28.5318 30.3982
26 11 0 86.3347 88.7726
26 12 0 51.3972 72.7897
26 13 0 86.2715 122.938
26 14 0 91.7045 115.712
26 15 0 48.964 66.2726
26 16 0 71.4042 104.822
26 17 0 24.9172 31.7641
26 18 0 50.4261 54.4387
26 19 0 77.191 87.9312
26 20 0 30.5098 45.3735
26 21 0 28.083 33.7076
26 22 1 38.6845 44.7597
26 23 0 29.1247 36.6532
26 24 0 86.0725 100.804
26 25 0 49.1965 66.2728
26 27 1 4.35202 4.55295
26 28 0 9.74272 11.7242
26 29 0 41.8555 58.4041
26 30 0 67.1332 93.8549
26 31 0 89.8936 134.612
26 32 0 84.3275 107.564
26 33 0 46.3343 68.769
26 34 0 45.9602 46.5877
26 35 1 67.6129 80.968
26 36 0 51.7793 64.5149
26 37 0 62.0103 86.1895
26 38 0 32.6855 36.4728
26 39 0 57.8875 81.8292
26 40 0 93.3252 119.736
26 41 0 45.828 66.7173
26 42 0 70.7892 92.7427
26 43 0 92.4476 110.504
26 44 0 11.7744 12.3903
26 45 0 57.1373 81.6631
26 46 0 4.24893 5.50075
26 47 1 31.0619 40.5161
26 48 0 17.923 21.3927
26 49 0 52.6869 60.4873
26 50 0 21.4197 25.4501
26 51 0 67.5503 93.5365
26 52 0 54.2465 67.8389
26 53 0 83.0983 105.438
26 54 0 71.1886 103.328
26 55 0 36.1349 48.5718
26 56 0 70.8326 91.2003
26 57 0 54.08 64.3751
26 58 0 30.0008 32.6429
26 59 0 15.188 19.7648
26 60 0 41.6321 42.4604
27 1 0 7.16081 8.39779
27 2 0 56.0956 78.3349
27 3 0 67.0578 89.9474
27 4 0 5.85649 7.93321
27 5 0 9.93724 11.3599
27 6 0 92.8423 98.527
27 7 0 18.9917 24.713
27 8 1 42.5243 47.1093
27 9 0 6.06824 9.04418
27 10 0 54.0974 76.9664
27 11 1 1.84393 2.1681
27 12 1 63.4706 93.5908
27 13 0 16.0498 22.6966
27 14 0 64.9349 96.8317
27 15 0 24.0298 32.4524
27 16 1 67.0174 68.7102
27 17 0 90.9415 104.68
27 18 1 45.8119 46.8912
27 19 0 92.2911 100.893
27 20 0 59.835 65.4337
27 21 0 0.570964 0.58649
27 22 1 44.233 58.7607
27 23 0 46.3307 64.989
27 24 0 14.0222 18.4285
27 25 0 77.7656 86.3703
27 26 0 6.65116 8.46601
27 28 1 54.0948 64.9323
27 29 0 37.5941 51.8305
27 30 1 3.21916 3.78986
27 31 0 79.368 116.54
27 32 0 41.2653 41.31
27 33 0 50.7812 68.4129
27 34 0 60.8403 60.8678
27 35 0 60.8993 60.9984
27 36 0 29.2853 41.9274
27 37 0 41.0292 59.2832
27 38 0 88.7402 103.76
27 39 0 91.6383 123.166
27 40 0 79.4824 106.653
27 41 0 46.0516 48.9532
27 42 0 70.5065 100.085
27 43 0 94.0124 101.388
27 44 0 33.0925 34.2797
27 45 0 96.1923 121.158
27 46 0 47.2205 50.2045
27 47 0 40.984 41.617
27 48 0 96.2655 132.228
27 49 0 59.7234 71.5604
27 50 0 98.8037 121.185
27 51 0 65.7737 92.6623
27 52 0 16.6454 17.8561
27 53 0 68.2668 71.8377
27 54 0 71.6605 105.874
27 55 0 13.997 15.3183
27 56 0 3.55039 5.01745
27 57 0 69.2358 101.92
27 58 0 2.5686 3.59538
27 59 0 34.7483 51.4005
27 60 0 22.4784 25.8072
28 1 0 51.9615 52.7076
28 2 0 56.0379 63.6415
28 3 0 64.3165 78.1972
28 4 0 59.8115 89.3863
28 5 0 78.3925 79.0082
28 6 0 11.5037 16.3942
28 7 1 15.3654 18.9349
28 8 0 70.4454 72.7757
28 9 0 45.1187 63.3472
28 10 0 42.4415 59.5079
28 11 0 88.7097 116.717
28 12 0 33.5594 43.8727
28 13 0 34.8938 45.3667
28 14 0 87.6396 92.6471
28 15 0 12.8449 12.906
28 16 0 90.9033 121.543
28 17 0 33.6176 46.611
28 18 0 84.5161 96.1971
28 19 0 44.3768 46.8876
28 20 0 94.0618 138.636
28 21 0 44.3076 60.1674
28 22 0 83.7508 119.82
28 23 0 23.2852 31.7949
28 24 0 58.1817 86.9279
28 25 0 0.595581 0.828712
28 26 0 10.483 13.1776
28 27 0 85.9696 105.249
28 29 1 75.9892 106.842
28 30 0 71.3322 102.916
28 31 0 12.1434 16.7544
28 32 0 36.9768 42.4739
28 33 0 61.589 63.6445
28 34 0 7.45485 8.63086
28 35 0 80.5374 108.783
28 36 0 93.5852 105.9
28 37 0 25.2385 27.5973
28 38 0 19.9502 28.1013
28 39 0 60.5909 66.8391
28 40 0 98.1255 98.2283
28 41 0 42.5699 63.6463
28 42 0 97.0615 141.46
28 43 0 18.4175 25.1431
28 44 0 97.3404 124.642
28 45 0 85.0173 109.128
28 46 0 69.3952 84.9092
28 47 1 65.8954 84.6853
28 48 0 99.5777 136.448
28 49 0 49.292 50.4843
28 50 0 71.6123 104.142
28 51 1 67.9672 96.077
28 52 0 25.4236 37.3909
28 53 0 48.1239 51.503
28 54 1 63.7719 95.637
28 55 0 85.2863 90.4364
28 56 0 50.5366 66.2929
28 57 1 60.3367 79.0691
28 58 0 85.6975 95.5979
28 59 0 11.7926 12.0896
28 60 0 3.37646 4.22768
29 1 0 75.2273 77.4106
29 2 0 82.9872 121.574
29 3 0 82.447 92.8912
29 4 0 80.1879 117.655
29 5 0 70.1285 102.078
29 6 0 13.5689 13.7246
29 7 1 5.26423 6.91302
29 8 0 46.192 51.6381
29 9 0 99.755 123.748
29 10 0 93.8218 104.089
29 11 0 99.6132 118.165
29 12 0 55.4052 81.9606
29 13 0 78.3177 83.0351
29 14 0 13.0988 15.4459
29 15 0 38.3844 41.009
29 16 0 67.6426 91.6207
29 17 0 53.0231 59.0093
29 18 0 98.6715 126.423
29 19 0 73.421 102.136
29 20 1 88.5516 132.185
29 21 0 26.4714 33.6735
29 22 0 58.9728 60.7338
29 23 0 68.2451 73.0708
29 24 0 95.7952 102.778
29 25 0 95.7978 132.4
29 26 0 89.3905 94.3011
29 27 0 79.8615 97.5678
29 28 0 3.46445 3.5913
29 30 1 32.0538 44.8327
29 31 0 50.8237 57.8577
29 32 0 30.5692 31.0867
29 33 0 93.9963 137.521
29 34 0 86.033 120.389
29 35 0 51.6607 52.2838
29 36 0 67.5426 77.8225
29 37 0 47.1821 60.348
29 38 0 55.1866 63.3297
29 39 0 86.2262 94.3593
29 40 0 18.2214 24.4323
29 41 0 85.3364 99.6225
29 42 0 75.0937 92.3116
29 43 0 48.9963 51.6223
29 44 0 6.58665 9.46066
29 45 0 95.0539 97.9116
29 46 1 98.9063 123.4
29 47 0 77.3748 87.4583
29 48 0 22.2747 27.2616
29 49 0 85.9742 101.176
29 50 0 29.3343 38.9662
29 51 0 88.3798 130.063
29 52 0 55.8483 68.6107
29 53 0 1.74779 1.91605
29 54 1 94.8734 126.259
29 55 0 53.8151 58.5299
29 56 0 89.5617 133.476
29 57 0 84.6724 92.492
29 58 0 62.3441 83.8645
29 59 0 72.2349 76.0305
29 60 0 37.6438 45.8952
30 1 0 92.5088 106.405
30 2 0 49.4941 70.9174
30 3 0 71.2203 75.2533
30 4 0 52.2603 57.524
30 5 0 46.9099 51.1351
30 6 0 0.962878 1.39308
30 7 0 63.7404 73.8969
30 8 0 20.635 25.0981
30 9 0 18.3248 26.2741
30 10 0 99.2818 119.348
30 11 0 70.42 102.173
30 12 0 83.0901 96.612
30 13 0 17.7791 20.1768
30 14 0 96.7334 115.532
30 15 0 85.0143 122.369
30 16 0 72.6621 97.9828
30 17 0 81.248 99.2824
30 18 0 43.1289 57.2743
30 19 0 43.2608 43.964
30 20 0 61.3616 75.0988
30 21 0 31.9796 39.7381
30 22 1 96.7137 109.397
30 23 0 38.7642 46.1297
30 24 0 35.811 52.6261
30 25 1 48.206 70.8495
30 26 0 12.367 16.725
30 27 0 61.2867 68.7264
30 28 0 37.7014 42.1379
30 29 0 60.729 87.3115
30 31 1 62.6225 80.5759
30 32 0 86.8374 107.404
30 33 0 9.61443 11.5785
30 34 0 39.3899 43.0597
30 35 0 25.7068 38.2928
30 36 0 46.9022 49.5587
30 37 0 11.2239 16.1796
30 38 0 78.9612 94.0607
30 39 0 81.7494 105.004
30 40 0 75.5672 96.4915
30 41 0 49.6912 71.6372
30 42 0 45.9474 46.3273
30 43 0 89.8825 114.098
30 44 0 77.9778 89.0822
30 45 0 1.56019 2.09393
30 46 0 52.4417 68.4355
30 47 0 95.0385 111.6
30 48 0 19.2099 19.8415
30 49 0 76.2299 97.3819
30 50 0 97.8085 110.384
30 51 0 97.6158 141.715
30 52 0 70.3066 98.063
30 53 0 28.8258 33.4176
30 54 0 16.8016 21.4823
30 55 0 58.2102 60.3909
30 56 0 28.5623 29.3509
30 57 0 44.4267 64.711
30 58 0 6.87137 8.24616
30 59 0 99.2535 145.015
30 60 0 42.6132 63.0943
31 1 0 4.82166 5.30233
31 2 0 68.1004 85.3939
31 3 0 15.4106 20.8278
31 4 0 26.9288 39.8884
31 5 0 35.7081 37.239
31 6 0 71.5423 78.9063
31 7 0 99.2827 105.71
31 8 0 70.5291 81.666
31 9 0 53.8722 73.7732
31 10 0 35.3471 46.0136
31 11 0 97.3138 106.822
31 12 0 30.7641 39.7648
31 13 0 60.1679 88.6826
31 14 1 54.7478 60.8817
31 15 0 17.1344 22.4145
31 16 0 79.7454 94.5392
31 17 0 46.1236 49.4937
31 18 1 42.1557 52.4043
31 19 0 82.068 107.616
31 20 0 98.5364 120.515
31 21 0 59.989 72.9373
31 22 0 55.6479 63.9181
31 23 1 73.4614 104.642
31 24 1 89.7532 119.618
31 25 0 87.1719 108.668
31 26 0 59.1646 63.5762
31 27 1 80.5236 101.356
31 28 0 48.775 52.214
31 29 0 22.1876 29.1762
31 30 0 59.348 59.9358
31 32 1 51.8306 68.0419
31 33 0 2.11878 2.59766
31 34 0 66.8116 84.9402
31 35 0 78.5821 94.1148
31 36 0 69.9207 99.519
31 37 0 21.3159 27.6024
31 38 0 2.94957 3.99167
31 39 0 37.8455 38.3119
31 40 0 0.87081 1.00093
31 41 0 6.84661 10.0692
31 42 0 11.315 16.9359
31 43 0 37.2551 37.3411
31 44 0 77.1619 114.412
31 45 0 73.3843 83.0801
31 46 0 91.5153 103.649
31 47 0 75.6947 107.185
31 48 1 17.1002 18.425
31 49 0 65.6482 86.1868
31 50 0 69.1818 94.3719
31 51 0 42.9345 47.2943
31 52 0 81.8963 115.644
31 53 0 31.9327 41.4906
31 54 0 48.0585 57.8071
31 55 0 56.6349 71.2913
31 56 0 23.3427 32.4702
31 57 0 61.9637 78.5076
31 58 0 9.89311 12.0521
31 59 0 22.6569 31.3707
31 60 0 20.9322 21.9236
32 1 0 99.6434 128.913
32 2 0 93.5568 101.478
32 3 0 31.2217 40.327
32 4 0 34.3818 45.1711
32 5 0 93.8488 121.667
32 6 0 10.2697 12.261
32 7 0 86.7581 121.01
32 8 0 72.5632 93.8896
32 9 0 3.17911 3.96956
32 10 0 17.5331 18.5067
32 11 0 38.4326 53.1402
32 12 0 70.8928 87.6907
32 13 0 86.5065 94.0562
32 14 0 45.3976 53.23
32 15 0 60.5987 81.6958
32 16 0 7.46039 7.50055
32 17 1 48.6477 63.8911
32 18 0 28.8216 37.8885
32 19 0 6.17475 8.10237
32 20 0 27.8987 36.0024
32 21 0 32.0936 44.3358
32 22 0 55.2109 77.1381
32 23 0 73.5581 77.4112
32 24 0 97.4968 127.319
32 25 0 41.9639 52.994
32 26 0 15.4396 21.5746
32 27 0 30.0787 36.3234
32 28 1 65.3993 66.8166
32 29 0 85.3192 126.118
32 30 0 80.4149 107.29
32 31 0 39.0458 49.3249
32 33 1 52.9925 76.9085
32 34 0 56.7941 80.5524
32 35 0 4.59457 6.59382
32 36 0 66.1175 95.7442
32 37 0 37.3765 45.1797
32 38 0 79.001 79.9515
32 39 0 51.0135 68.669
32 40 0 46.8796 48.3087
32 41 0 25.0827 30.5755
32 42 0 36.3284 42.9107
32 43 0 6.16698 8.35664
32 44 0 51.8525 69.8727
32 45 0 29.1246 40.1082
32 46 0 69.0807 73.6645
32 47 0 44.516 47.5283
32 48 0 33.1724 43.5927
32 49 0 71.7082 92.0032
32 50 0 67.3409 79.6238
32 51 0 85.4112 113.905
32 52 0 17.1566 25.1744
32 53 0 93.2692 104.188
32 54 0 88.0232 97.9359
32 55 0 98.2669 107.19
32 56 0 45.4009 65.27
32 57 0 98.4192 137.859
32 58 0 78.2793 95.1071
32 59 0 48.4696 49.9661
32 60 0 97.4948 136.324
33 1 1 31.4183 46.2146
33 2 1 32.1232 33.6531
33 3 0 77.047 103.991
33 4 0 42.2942 56.7097
33 5 0 53.4522 77.562
33 6 0 99.8187 135.575
33 7 0 82.4286 105.546
33 8 0 93.8094 102.606
33 9 0 68.9704 73.4616
33 10 0 95.3339 142.487
33 11 0 10.4723 11.4504
33 12 0 85.3005 121.88
33 13 0 17.5945 23.7818
33 14 0 10.8654 11.131
33 15 0 74.0216 86.1077
33 16 0 40.5335 60.7595
33 17 0 83.3605 106.999
33 18 0 9.66921 13.6566
33 19 0 98.4041 134.61
33 20 0 36.8602 50.9063
33 21 0 92.4043 136.272
33 22 0 14.4129 17.9724
33 23 0 70.4688 103.129
33 24 0 8.06744 10.8897
33 25 0 49.2964 51.5667
33 26 0 83.4463 86.6626
33 27 0 74.5196 86.0423
33 28 0 78.3884 87.8617
33 29 0 47.3245 54.6002
33 30 0 18.2213 24.5264
33 31 0 7.40753 10.9007
33 32 0 20.3854 24.4576
33 34 1 70.4249 88.6653
33 35 0 11.1037 12.8334
33 36 0 50.9925 65.4021
33 37 0 64.3421 74.7301
33 38 0 39.6155 48.5678
33 39 0 74.4734 93.6815
33 40 1 9.75492 10.9927
33 41 1 6.4374 9.18912
33 42 1 25.173 33.4542
33 43 0 95.0373 111.373
33 44 0 89.4017 118.312
33 45 0 38.441 50.8683
33 46 0 57.6442 60.2252
33 47 0 5.41155 7.10416
33 48 0 39.0054 40.3587
33 49 0 94.5076 104.916
33 50 0 67.3246 84.0838
33 51 0 76.8678 105.845
33 52 0 88.2325 96.9744
33 53 0 24.8524 37.2638
33 54 0 43.3374 44.5317
33 55 1 23.7795 24.7186
33 56 0 17.398 20.5742
33 57 0 43.1145 43.1518
33 58 0 8.05068 11.4482
33 59 0 50.6633 60.3168
33 60 0 93.3464 115.721
34 1 0 28.461 34.7281
34 2 0 97.3385 100.166
34 3 0 30.6449 31.6523
34 4 0 37.5295 37.7988
34 5 0 5.19438 7.3579
34 6 0 90.8315 134.106
34 7 0 97.0868 145.441
34 8 0 58.9754 70.0621
34 9 0 89.0992 114.911
34 10 0 12.0615 15.4448
34 11 0 12.9738 18.082
34 12 0 44.7261 53.9051
34 13 0 40.2292 47.4642
34 14 0 96.175 104.841
34 15 0 1.98687 2.69142
34 16 0 94.9336 130.971
34 17 0 65.0503 91.9485
34 18 0 72.1519 99.9576
34 19 0 26.692 27.811
34 20 0 98.6712 123.65
34 21 0 46.9467 54.8089
34 22 0 76.8098 113.597
34 23 1 61.6952 64.1838
34 24 0 29.3538 43.7177
34 25 0 99.8689 145.386
34 26 0 46.2825 62.5737
34 27 0 28.8694 35.4311
34 28 0 49.6982 52.4613
34 29 0 70.0543 87.0845
34 30 0 50.9077 75.9619
34 31 0 24.3409 35.7871
34 32 0 7.74708 8.44798
34 33 0 52.3249 71.2481
34 35 1 29.7488 37.4408
34 36 0 66.5805 83.8246
34 37 0 93.3755 140.017
34 38 0 24.0047 28.1438
34 39 0 55.582 57.7394
34 40 1 61.3397 66.033
34 41 0 14.3898 21.3803
34 42 0 88.0365 102.918
34 43 0 48.4096 70.3018
34 44 0 19.1518 27.1592
34 45 0 82.2937 88.148
34 46 0 44.9557 66.2263
34 47 0 43.8309 45.5128
34 48 0 74.5437 97.6137
34 49 0 54.2263 79.8529
34 50 0 22.7343 22.8838
34 51 0 22.9442 29.7009
34 52 0 69.2203 90.1239
34 53 0 83.5981 106.464
34 54 0 59.6701 89.2581
34 55 0 95.4601 111.491
34 56 0 17.4778 25.0064
34 57 0 5.25564 6.90244
34 58 0 13.6981 14.8209
34 59 0 98.1841 140.301
34 60 0 77.9582 92.3238
35 1 0 1.92862 1.99424
35 2 0 99.6143 102.295
35 3 0 87.3872 123.624
35 4 0 80.3658 100.915
35 5 0 31.9377 35.653
35 6 0 30.4387 43.3154
35 7 1 82.6644 122.621
35 8 1 43.2061 46.6032
35 9 0 31.5911 31.8552
35 10 0 49.4259 72.5991
35 11 0 93.312 127.119
35 12 0 81.8244 116.307
35 13 0 9.80804 12.5174
35 14 0 20.6335 23.5499
35 15 0 94.3154 108.077
35 16 0 55.6119 73.6478
35 17 0 4.02625 4.3336
35 18 0 65.311 97.4652
35 19 0 49.7682 54.1272
35 20 0 48.0545 60.2393
35 21 0 39.4858 45.8409
35 22 0 7.83989 8.31367
35 23 0 65.9041 96.7417
35 24 0 40.25 56.0888
35 25 0 66.0515 94.1196
35 26 0 32.7408 34.1753
35 27 0 53.4687 62.9872
35 28 0 18.9814 23.8701
35 29 0 39.39 42.9578
35 30 0 74.7666 89.9232
35 31 0 79.9907 90.1225
35 32 0 7.12497 8.30781
35 33 0 27.3655 35.5943
35 34 0 81.4688 114.918
35 36 1 37.0956 42.0367
35 37 0 48.1126 55.5632
35 38 0 27.4779 35.5347
35 39 0 16.9289 23.9594
35 40 0 68.5527 69.0911
35 41 0 1.49454 1.50622
35 42 0 35.5663 38.286
35 43 0 21.6108 27.5107
35 44 0 50.6431 52.4746
35 45 0 50.8675 59.1071
35 46 0 34.711 41.2081
35 47 0 30.1038 42.4907
35 48 0 0.84547 1.15082
35 49 0 71.4899 98.0195
35 50 0 82.2719 103.57
35 51 0 24.1404 27.1446
35 52 0 85.0766 87.2636
35 53 1 9.17517 13.5178
35 54 0 55.6921 66.6399
35 55 0 78.274 115.849
35 56 0 52.9812 60.1853
35 57 0 88.5794 121.377
35 58 0 79.9187 115.531
35 59 0 96.918 114.787
35 60 0 63.4205 66.8708
36 1 0 90.3338 120.767
36 2 0 99.8438 144.535
36 3 0 18.1241 25.2189
36 4 0 6.28306 8.80836
36 5 0 32.8226 44.769
36 6 0 18.7587 20.7609
36 7 0 54.8185 64.5812
36 8 0 50.211 58.9337
36 9 0 0.547382 0.604285
36 10 0 37.7696 48.3701
36 11 0 57.8188 69.2173
36 12 0 33.4473 44.4927
36 13 0 5.84538 6.16341
36 14 1 20.6575 25.3361
36 15 0 43.2668 47.2093
36 16 0 43.6695 47.7488
36 17 0 90.236 132.163
36 18 0 64.7608 74.2297
36 19 0 11.2551 11.6937
36 20 0 20.0357 27.1149
36 21 0 65.5435 79.5655
36 22 0 53.3253 54.2186
36 23 0 84.2752 104.975
36 24 0 12.0547 15.3194
36 25 0 38.637 54.1492
36 26 0 80.8347 98.9709
36 27 0 75.5053 89.3555
36 28 1 16.0728 18.6153
36 29 0 26.4567 37.0563
36 30 0 3.62981 4.02415
36 31 0 37.167 41.0312
36 32 0 54.4746 78.4608
36 33 0 94.9369 133.906
36 34 0 27.7812 37.7241
36 35 0 9.37188 13.4092
36 37 1 88.4557 125.319
36 38 0 24.0705 33.1039
36 39 0 3.22066 3.63591
36 40 0 13.1047 19.4661
36 41 0 82.2566 114.946
36 42 1 3.72425 5.1546
36 43 0 87.021 113.428
36 44 0 29.567 41.5296
36 45 0 55.3482 59.4199
36 46 0 0.823146 1.13158
36 47 1 13.7907 18.4265
36 48 0 61.2039 78.4597
36 49 0 65.4463 92.8166
36 50 0 25.858 38.2544
36 51 0 82.6446 101.478
36 52 0 54.2965 76.6148
36 53 0 11.5035 17.0833
36 54 0 93.5334 131.16
36 55 0 51.3506 69.5957
36 56 0 13.3346 19.534
36 57 0 99.229 116.249
36 58 0 34.6062 46.5484
36 59 0 49.9733 54.4198
36 60 0 12.1678 14.3938
37 1 0 75.4127 107.539
37 2 0 46.0589 58.6634
37 3 0 56.4336 59.513
37 4 0 23.135 24.7761
37 5 0 80.1028 88.7651
37 6 0 75.6736 108.271
37 7 0 93.5107 126.02
37 8 0 60.7807 79.4498
37 9 1 41.187 46.4027
37 10 0 95.6759 118.83
37 11 0 34.6095 36.4742
37 12 0 32.016 32.4659
37 13 0 75.3042 92.1146
37 14 0 36.4185 37.0402
37 15 0 59.0057 62.8993
37 16 0 58.4578 68.7647
37 17 1 36.9017 44.7825
37 18 0 82.2834 106.425
37 19 1 40.1727 55.4989
37 20 0 15.1827 21.4033
37 21 0 55.1948 77.7183
37 22 0 81.8394 104.648
37 23 0 46.5327 47.7551
37 24 0 34.1559 39.5663
37 25 0 8.99846 12.7943
37 26 0 7.64105 8.66878
37 27 1 40.4412 60.2568
37 28 0 74.9465 109.916
37 29 0 59.883 85.9958
37 30 0 82.8329 106.478
37 31 0 6.83705 7.15765
37 32 0 94.8589 127.63
37 33 0 89.0914 106.594
37 34 0 30.1589 38.7529
37 35 0 13.6319 15.5476
37 36 0 25.055 32.4609
37 38 1 72.5844 102.316
37 39 0 29.4661 41.0702
37 40 0 34.4037 51.3222
37 41 0 7.2914 10.0596
37 42 0 96.6901 107.855
37 43 0 71.2348 101.399
37 44 0 93.313 103.904
37 45 0 85.1183 103.769
37 46 0 16.012 20.5279
37 47 0 12.7036 18.2931
37 48 0 22.1661 27.7454
37 49 0 0.947881 1.28333
37 50 0 39.7453 56.7442
37 51 0 93.8734 103.743
37 52 0 42.8854 56.036
37 53 0 72.0824 93.1534
37 54 0 84.8331 86.832
37 55 0 54.0067 77.458
37 56 0 99.2983 135.205
37 57 0 58.4002 58.7964
37 58 0 7.31881 10.4055
37 59 0 87.7636 95.3819
37 60 0 43.6327 59.402
38 1 0 38.6408 43.8198
38 2 0 52.329 62.5225
38 3 0 40.8672 51.6477
38 4 0 13.8155 19.6769
38 5 0 76.88 81.6173
38 6 0 37.0609 53.3787
38 7 0 3.34312 3.40626
38 8 0 61.1421 82.2967
38 9 0 37.1599 40.8387
38 10 0 65.9363 97.5983
38 11 0 99.445 119.619
38 12 0 59.4289 74.0765
38 13 0 51.356 61.3872
38 14 0 4.64079 5.59617
38 15 0 91.816 132.316
38 16 0 63.5065 64.883
38 17 0 29.9233 38.5806
38 18 0 89.6474 111.404
38 19 0 10.5262 15.5786
38 20 0 52.9121 65.0759
38 21 0 85.449 90.3095
38 22 0 58.9877 81.2025
38 23 0 22.0028 26.5995
38 24 0 22.7549 34.0566
38 25 0 76.9595 79.4675
38 26 0 10.7256 15.4119
38 27 1 4.13839 5.16809
38 28 0 42.1659 62.428
38 29 0 97.7283 127.22
38 30 0 60.6769 65.3007
38 31 0 97.2562 124.705
38 32 0 55.4965 71.6696
38 33 0 7.01252 10.3466
38 34 0 0.506368 0.618783
38 35 0 42.4438 55.2933
38 36 0 2.52011 3.0331
38 37 0 44.6522 45.8394
38 39 1 30.8342 41.4383
38 40 0 58.3554 62.3117
38 41 0 68.7438 84.1024
38 42 0 41.1234 58.1364
38 43 0 70.3127 94.4627
38 44 0 75.7341 77.1823
38 45 0 76.4164 111.527
38 46 1 57.5098 78.8005
38 47 0 86.3291 96.7827
38 48 1 55.1478 80.6596
38 49 0 14.356 15.1821
38 50 0 19.6234 23.0804
38 51 0 69.6129 99.2521
38 52 1 8.85093 9.363
38 53 0 81.082 116.757
38 54 0 31.0309 33.0256
38 55 0 59.1591 74.8111
38 56 0 83.1634 122.262
38 57 1 46.7244 53.1322
38 58 0 1.56154 1.82496
38 59 0 45.7608 49.4798
38 60 0 55.3444 62.036
39 1 0 37.8578 53.3125
39 2 0 97.0848 121.09
39 3 0 20.766 28.4545
39 4 0 94.9329 103.072
39 5 0 92.9993 94.7362
39 6 0 82.6702 117.515
39 7 0 16.3893 18.2317
39 8 0 90.2705 125.381
39 9 0 78.7115 95.675
39 10 0 10.0758 12.4522
39 11 0 44.7706 59.8436
39 12 0 61.2437 70.5919
39 13 0 29.5008 38.6448
39 14 0 43.7035 51.2086
39 15 0 66.6751 71.041
39 16 0 32.7641 43.6377
39 17 0 71.3715 99.6454
39 18 0 37.5703 53.6876
39 19 0 6.59915 6.68935
39 20 0 44.0715 49.3693
39 21 0 32.3157 37.1451
39 22 0 70.3087 78.5261
39 23 1 78.2912 89.1256
39 24 0 56.8254 80.2479
39 25 0 24.4313 35.3287
39 26 0 57.8435 61.2243
39 27 0 51.8997 63.2359
39 28 0 53.8796 54.6684
39 29 0 22.1816 32.1072
39 30 0 79.0544 105.469
39 31 0 4.44766 6.63298
39 32 0 31.0289 42.153
39 33 0 68.6344 79.3082
39 34 0 4.35356 5.88053
39 35 1 12.8695 13.659
39 36 0 75.2243 97.8028
39 37 0 67.0901 88.8321
39 38 0 99.4613 146.152
39 40 1 63.7611 86.6012
39 41 0 37.7853 53.1701
39 42 0 40.5975 47.2772
39 43 0 86.6519 100.829
39 44 0 26.6578 26.991
39 45 0 45.9255 68.0381
39 46 0 28.1018 31.8151
39 47 0 2.26978 2.9356
39 48 0 73.3124 103.847
39 49 0 36.3396 38.2791
39 50 0 40.2476 49.0388
39 51 0 58.9933 64.8024
39 52 0 66.5728 96.319
39 53 0 53.3007 73.4741
39 54 0 41.9975 51.2444
39 55 0 39.1863 47.0512
39 56 0 74.7456 78.3101
39 57 0 5.76165 6.17722
39 58 0 45.5521 59.9731
39 59 0 48.2008 58.1356
39 60 0 92.4765 113.51
40 1 0 34.9963 45.122
40 2 0 35.9776 37.3096
40 3 0 16.7725 24.1189
40 4 0 62.6222 79.7144
40 5 1 54.3099 57.5233
40 6 0 79.3601 100.174
40 7 0 35.9739 47.9657
40 8 0 96.0691 112.941
40 9 0 95.4564 134.992
40 10 0 58.454 72.1957
40 11 0 49.0504 51.6023
40 12 0 29.8145 41.6884
40 13 0 98.1436 144.008
40 14 1 25.1457 28.503
40 15 0 11.1197 12.7
40 16 1 23.4696 25.8392
40 17 0 51.802 57.9194
40 18 0 88.4537 121.954
40 19 1 90.7453 120.929
40 20 0 92.4268 106.433
40 21 0 75.3855 107.103
40 22 0 90.8701 102.449
40 23 0 4.29047 6.02162
40 24 0 97.4837 102.581
40 25 1 29.0881 31.8764
40 26 0 87.5962 126.355
40 27 0 62.3297 68.0361
40 28 0 29.9261 30.6818
40 29 0 16.2237 23.3128
40 30 0 32.8328 41.7222
40 31 0 6.52879 7.94467
40 32 0 22.409 31.6263
40 33 0 81.1065 98.78
40 34 0 63.6085 86.6711
40 35 0 21.2336 30.9989
40 36 0 6.85997 9.09053
40 37 0 28.414 40.3614
40 38 0 76.8334 94.7029
40 39 0 9.99063 10.4697
40 41 1 8.78383 9.37553
40 42 0 24.7364 26.0992
40 43 0 54.4827 74.8326
40 44 0 73.8183 91.0516
40 45 0 92.741 124.325
40 46 1 12.446 17.3248
40 47 0 16.5047 20.5386
40 48 0 38.9777 45.1375
40 49 1 4.0931 4.43849
40 50 0 80.4255 96.599
40 51 0 90.7131 122.742
40 52 1 94.7504 124.187
40 53 0 36.1596 40.8567
40 54 0 68.3916 90.6696
40 55 0 90.6991 123.625
40 56 0 62.9408 87.7339
40 57 0 15.3533 19.9128
40 58 0 94.0615 122.648
40 59 0 46.6069 66.4933
40 60 0 94.354 132.484
41 1 0 35.4413 49.0224
41 2 0 21.6894 27.0371
41 3 0 42.9657 53.3895
41 4 0 5.11716 6.41537
41 5 0 26.2037 28.9355
41 6 1 84.1462 103.536
41 7 0 83.2786 123.314
41 8 0 18.8135 20.9858
41 9 1 88.1974 97.0174
41 10 0 72.1732 75.4763
41 11 0 1.07662 1.1207
41 12 0 89.4631 113.846
41 13 0 20.3944 29.5036
41 14 0 34.112 44.293
41 15 0 98.5737 126.66
41 16 0 10.806 14.772
41 17 0 70.4788 79.9722
41 18 0 29.4106 41.1679
41 19 0 45.3589 57.2516
41 20 0 61.9175 78.5492
41 21 0 15.397 23.0264
41 22 0 90.994 111.711
41 23 0 53.8056 64.408
41 24 0 51.7761 76.6477
41 25 0 57.4917 76.1288
41 26 0 34.9131 46.7945
41 27 0 15.112 20.1462
41 28 0 99.2262 134.945
41 29 0 43.6637 52.2722
41 30 0 33.1547 45.3723
41 31 0 2.45396 3.45116
41 32 0 97.8029 130.186
41 33 0 69.6805 70.9695
41 34 1 15.2422 20.9909
41 35 0 1.37857 1.60354
41 36 0 74.8296 76.0685
41 37 0 69.2984 89.7638
41 38 0 79.114 85.2625
41 39 0 6.22734 7.35212
41 40 1 30.6197 42.829
41 42 1 47.6537 52.1621
41 43 0 84.4403 103.923
41 44 0 0.946169 1.35926
41 45 0 15.7265 18.7954
41 46 0 37.2005 47.7956
41 47 0 49.9138 59.5376
41 48 0 19.1996 23.6327
41 49 0 30.6243 31.4782
41 50 0 76.9305 84.3191
41 51 0 71.3345 87.6371
41 52 1 2.14212 2.20573
41 53 1 54.6082 57.1917
41 54 0 23.837 28.0704
41 55 0 48.8756 57.3578
41 56 0 4.43203 6.58639
41 57 0 10.8096 13.6543
41 58 0 55.6265 78.1995
41 59 0 13.1435 17.0048
41 60 0 69.1745 81.2822
42 1 0 81.7097 96.2942
42 2 0 98.1338 114.714
42 3 0 60.3546 62.7448
42 4 0 77.1404 97.6452
42 5 0 53.5302 65.1802
42 6 0 91.9543 126.944
42 7 0 94.8072 94.9541
42 8 0 47.9155 59.8441
42 9 0 19.8436 27.6576
42 10 0 89.1443 126.04
42 11 0 73.3225 103.913
42 12 0 15.1605 16.8038
42 13 0 76.2604 85.3741
42 14 0 88.9233 117.746
42 15 1 39.3914 41.4336
42 16 0 29.1501 34.2544
42 17 0 47.7392 54.2243
42 18 0 3.90071 4.23255
42 19 0 11.9808 15.1401
42 20 0 61.3966 92.0635
42 21 0 45.9088 64.9421
42 22 0 88.6938 116.999
42 23 0 28.2717 31.8067
42 24 1 2.69158 2.92224
42 25 0 94.2591 120.964
42 26 0 99.8217 124.462
42 27 0 52.3262 60.1798
42 28 0 28.7103 35.7426
42 29 0 89.3172 108.394
42 30 0 58.0645 77.2359
42 31 0 33.6259 45.7748
42 32 0 76.7641 100.117
42 33 0 3.43478 3.71951
42 34 0 12.843 14.9422
42 35 1 60.1299 69.1133
42 36 0 32.1394 37.8986
42 37 0 77.6082 113.825
42 38 0 60.1919 71.9275
42 39 0 23.5419 29.1539
42 40 0 2.36924 2.91429
42 41 0 54.5232 57.9363
42 43 1 39.3886 43.9766
42 44 0 62.3373 88.846
42 45 0 78.319 90.2541
42 46 0 2.5829 3.47227
42 47 0 56.2672 59.4688
42 48 0 13.7072 13.9294
42 49 0 99.3588 107.84
42 50 1 98.8208 108.751
42 51 0 18.6262 20.5533
42 52 0 99.2943 122.336
42 53 1 50.4487 60.6469
42 54 0 81.1067 116.639
42 55 0 5.71654 5.81963
42 56 0 45.7428 51.4519
42 57 0 66.6186 78.0308
42 58 0 34.1675 46.4491
42 59 0 68.611 95.531
42 60 0 5.6361 5.88027
43 1 0 43.8609 64.043
43 2 0 70.5424 88.9175
43 3 0 8.20851 9.60374
43 4 0 7.55333 10.7305
43 5 0 30.379 40.9437
43 6 0 60.0235 81.0057
43 7 0 7.53887 9.45914
43 8 0 80.2661 88.1546
43 9 0 2.41827 2.93972
43 10 0 77.9287 114.299
43 11 0 45.3251 49.6578
43 12 0 60.9975 61.872
43 13 0 54.3998 68.4639
43 14 0 82.6515 104.983
43 15 0 60.3768 63.4674
43 16 0 81.371 95.6395
43 17 0 66.986 77.4213
43 18 0 0.215966 0.295716
43 19 0 90.4589 105.027
43 20 0 14.8042 18.88
43 21 0 2.07167 2.87474
43 22 0 59.1944 73.1178
43 23 0 48.2003 54.7568
43 24 0 37.4137 51.4361
43 25 0 23.253 29.0484
43 26 0 8.02977 9.7325
43 27 1 97.5075 140.901
43 28 0 42.5424 50.4251
43 29 1 20.6686 23.1813
43 30 0 59.2515 87.4844
43 31 0 20.0237 28.843
43 32 0 89.0111 96.3983
43 33 0 80.338 93.4149
43 34 0 8.07345 10.8446
43 35 0 72.4846 73.4416
43 36 0 51.9819 59.412
43 37 0 10.3351 12.7326
43 38 1 53.0869 55.8718
43 39 0 35.3607 40.2621
43 40 0 18.9977 27.9188
43 41 0 84.2969 94.604
43 42 0 47.2897 53.452
43 44 1 12.4952 14.7618
43 45 0 7.73964 10.4124
43 46 1 21.5851 21.7871
43 47 0 56.631 64.3316
43 48 0 9.14406 11.2747
43 49 0 71.3432 82.7449
43 50 0 85.4305 102.767
43 51 1 88.3117 105.652
43 52 0 77.9494 93.6934
43 53 0 42.5572 47.7918
43 54 0 70.5176 86.2693
43 55 0 58.2819 62.4751
43 56 0 76.3314 78.1643
43 57 0 49.2816 58.0664
43 58 1 48.1114 54.7628
43 59 0 92.4997 108.469
43 60 0 7.00897 7.5479
44 1 0 1.03875 1.28621
44 2 1 1.66121 2.4827
44 3 0 97.5729 121.383
44 4 0 48.1865 68.6808
44 5 0 42.9752 49.7419
44 6 0 76.4953 92.8767
44 7 0 23.9182 29.8292
44 8 0 94.2627 96.6255
44 9 0 71.8866 102.045
44 10 0 80.8018 92.7452
44 11 0 96.2647 133.636
44 12 0 79.2327 98.6188
44 13 0 89.4626 131.664
44 14 0 92.2205 104.315
44 15 0 84.2566 111.38
44 16 0 96.7066 133.617
44 17 0 97.2207 140.31
44 18 0 69.2938 69.9694
44 19 0 56.9421 68.7719
44 20 0 25.3897 30.754
44 21 0 25.6154 34.31
44 22 0 67.1264 80.1952
44 23 0 97.9032 124.937
44 24 0 65.3275 94.6961
44 25 0 10.4475 10.5121
44 26 0 86.1291 119.866
44 27 1 44.011 57.1047
44 28 0 58.5281 78.1063
44 29 0 76.5733 91.8135
44 30 0 43.9812 46.2801
44 31 1 95.9108 96.8369
44 32 0 29.2001 31.0201
44 33 0 32.9597 43.3906
44 34 0 25.9892 33.8941
44 35 0 92.9667 106.452
44 36 0 24.1615 29.9527
44 37 0 92.1389 94.6109
44 38 0 65.6686 76.3609
44 39 0 90.7277 133.715
44 40 0 22.8609 32.4542
44 41 0 91.7131 95.6679
44 42 0 1.0084 1.26265
44 43 0 6.95361 9.24006
44 45 1 88.6648 101.535
44 46 0 82.6575 93.1657
44 47 0 81.8129 110.992
44 48 0 78.4145 83.8206
44 49 0 88.7894 107.815
44 50 0 26.2854 32.9372
44 51 0 99.0936 130.018
44 52 0 59.9446 79.2281
44 53 0 33.3758 45.2189
44 54 0 84.7027 87.3859
44 55 0 71.0118 88.1038
44 56 0 59.0276 68.5826
44 57 0 72.7877 82.0267
44 58 0 63.223 89.4272
44 59 0 88.2283 119.278
44 60 0 53.0744 72.586
45 1 0 80.1237 108.894
45 2 0 45.4604 46.2773
45 3 0 23.4578 25.6765
45 4 1 48.1959 57.1963
45 5 0 21.2727 28.6134
45 6 0 65.5903 83.5039
45 7 0 62.0763 92.1196
45 8 1 81.8504 107.868
45 9 0 12.3369 18.1948
45 10 0 53.3867 60.11
45 11 0 2.0805 3.09772
45 12 0 11.9668 14.4404
45 13 0 51.6775 64.9102
45 14 0 89.5919 104.017
45 15 0 16.3497 18.4582
45 16 0 90.56 121.317
45 17 0 2.29214 3.4312
45 18 0 81.2305 93.0008
45 19 0 71.9026 96.8673
45 20 0 12.3854 18.2956
45 21 0 40.3687 48.8963
45 22 0 8.57893 11.4518
45 23 0 89.3385 125.811
45 24 0 44.9331 66.218
45 25 0 67.8295 91.1896
45 26 0 22.5859 33.6966
45 27 0 11.1145 11.4108
45 28 0 8.62818 10.6118
45 29 0 47.5914 53.5442
45 30 0 1.71851 1.73072
45 31 0 90.6668 133.315
45 32 0 29.2074 41.5777
45 33 0 61.0986 78.7697
45 34 0 64.6565 70.1025
45 35 0 42.4683 57.842
45 36 0 31.0611 31.7334
45 37 0 9.16004 12.905
45 38 0 68.964 73.8692
45 39 0 52.2621 73.5555
45 40 0 76.8074 92.9844
45 41 0 42.1089 52.5447
45 42 0 55.2276 80.4841
45 43 0 43.3499 48.6598
45 44 0 90.2838 118.554
45 46 1 74.8666 106.905
45 47 0 15.3215 21.7475
45 48 0 40.4237 48.6986
45 49 0 13.7888 19.8976
45 50 0 24.9654 26.559
45 51 0 83.4259 113.048
45 52 0 82.4449 110.959
45 53 0 9.85199 11.9812
45 54 0 39.1961 47.1841
45 55 0 93.065 105.196
45 56 0 37.0922 40.8811
45 57 1 39.6654 58.966
45 58 1 65.8063 83.9108
45 59 0 12.5545 13.671
45 60 0 43.9746 50.4672
46 1 0 66.1376 73.3625
46 2 0 44.1643 45.103
46 3 0 10.7882 15.1294
46 4 0 41.9031 43.9404
46 5 0 14.2003 18.796
46 6 0 70.0488 92.7002
46 7 0 1.54979 2.23537
46 8 0 73.9119 88.8472
46 9 0 4.16047 4.2811
46 10 0 29.7472 41.7534
46 11 0 9.89234 14.3003
46 12 0 59.5769 73.3277
46 13 0 52.876 73.0065
46 14 0 47.2432 48.6121
46 15 0 78.2992 91.7337
46 16 0 36.9974 38.1091
46 17 0 32.2189 47.728
46 18 0 59.2783 84.6759
46 19 0 68.6091 73.7989
46 20 0 17.3856 20.5693
46 21 0 24.07 25.1083
46 22 0 81.2346 99.0575
46 23 0 64.163 90.2831
46 24 0 86.5327 114.859
46 25 0 91.1913 127.364
46 26 0 5.74357 7.02776
46 27 0 76.4009 96.0673
46 28 0 16.3855 21.636
46 29 0 30.5003 37.4948
46 30 1 69.1611 87.5673
46 31 1 70.4826 92.3013
46 32 0 23.1046 25.5227
46 33 0 19.0447 27.5279
46 34 0 83.0037 110.351
46 35 0 82.4443 103.403
46 36 0 74.1821 106.872
46 37 0 23.5662 33.0838
46 38 1 21.5992 27.0337
46 39 0 17.1104 25.2346
46 40 0 31.9099 34.4156
46 41 0 75.0464 97.425
46 42 0 21.5346 29.535
46 43 0 88.407 127.999
46 44 0 63.6349 70.4273
46 45 0 47.558 50.56
46 47 1 71.5869 76.7536
46 48 1 18.3746 22.2252
46 49 1 57.1441 77.6295
46 50 0 5.18238 6.79646
46 51 0 21.2484 22.9208
46 52 0 9.95982 14.5359
46 53 0 91.3899 97.2648
46 54 0 12.74 13.4799
46 55 0 21.168 23.207
46 56 0 90.3127 114.433
46 57 0 94.7207 101.579
46 58 0 56.0101 68.581
46 59 0 99.6796 147.038
46 60 0 83.2975 104.633
47 1 0 79.2775 97.6464
47 2 0 84.6164 107.057
47 3 0 7.25369 10.7097
47 4 0 60.6415 77.1918
47 5 0 89.6936 101.732
47 6 0 49.4534 56.2079
47 7 0 60.8953 86.2486
47 8 0 75.3717 97.4187
47 9 1 16.3271 17.0359
47 10 0 58.6785 73.5122
47 11 1 9.60835 13.3391
47 12 0 84.7775 124.044
47 13 0 99.9623 128.161
47 14 0 76.2879 84.4154
47 15 0 60.8629 71.959
47 16 0 46.038 65.3214
47 17 0 99.0397 141.922
47 18 0 49.2208 62.7674
47 19 0 18.0131 20.1255
47 20 0 22.8757 29.8078
47 21 0 60.3551 60.9021
47 22 0 1.20246 1.57259
47 23 0 0.310797 0.361981
47 24 0 50.5694 65.836
47 25 0 80.0657 118.272
47 26 0 12.2746 15.7452
47 27 0 66.3726 82.466
47 28 0 0.27551 0.403471
47 29 0 20.0605 28.3216
47 30 0 94.3565 106.215
47 31 0 62.732 92.9313
47 32 1 67.8868 68.4491
47 33 0 52.9675 74.5521
47 34 0 56.1512 67.0206
47 35 0 35.9895 42.9738
47 36 0 87.0218 106.05
47 37 0 23.4515 27.2708
47 38 0 49.2972 57.8379
47 39 0 37.4075 38.81
47 40 0 90.7819 97.0718
47 41 0 55.1538 71.9794
47 42 0 5.54476 7.28618
47 43 0 87.5463 123.264
47 44 0 71.5843 90.1702
47 45 0 73.5443 109.379
47 46 0 16.342 20.1475
47 48 1 67.1848 96.0661
47 49 0 72.3431 95.8639
47 50 0 92.5066 92.8879
47 51 0 68.6195 95.2689
47 52 0 52.0996 70.6939
47 53 0 70.6733 80.9146
47 54 0 28.0176 36.5543
47 55 1 21.3056 28.6295
47 56 0 13.221 14.2166
47 57 0 70.5179 71.3207
47 58 0 85.0442 116.197
47 59 0 71.308 93.3572
47 60 0 83.4212 94.4576
48 1 0 70.7094 99.622
48 2 0 61.2653 77.7461
48 3 1 37.41 53.2985
48 4 1 69.844 73.9716
48 5 0 42.367 49.8189
48 6 0 9.5211 11.7844
48 7 0 82.4331 113.25
48 8 0 85.1694 115.831
48 9 0 60.5974 69.3383
48 10 0 62.2804 74.6762
48 11 0 6.80838 9.59908
48 12 0 92.9049 117.075
48 13 0 12.6462 15.1507
48 14 0 12.595 18.4511
48 15 0 26.5779 32.1904
48 16 0 38.2234 56.259
48 17 0 3.80462 4.83006
48 18 0 84.1689 123.044
48 19 0 76.077 100.034
48 20 0 54.287 67.8123
48 21 0 88.3254 119.931
48 22 0 26.2348 26.8546
48 23 0 52.2905 74.5376
48 24 1 70.2556 82.3814
48 25 0 93.2043 106.901
48 26 0 85.7754 89.5416
48 27 0 25.9777 31.6325
48 28 0 25.004 27.2871
48 29 0 15.3171 20.302
48 30 0 95.1658 108.669
48 31 0 5.24919 6.42334
48 32 0 20.9375 23.5535
48 33 0 20.1709 23.4451
48 34 0 94.235 126.28
48 35 0 7.12407 9.3831
48 36 0 15.5938 21.0206
48 37 0 41.6914 58.5519
48 38 0 83.9541 123.664
48 39 0 96.8211 110.811
48 40 0 96.9674 98.8465
48 41 0 63.2675 92.5245
48 42 0 23.203 32.3452
48 43 0 74.2745 105.268
48 44 0 37.9254 39.2781
48 45 0 45.8571 65.6897
48 46 0 9.7735 11.0351
48 47 0 17.283 25.8296
48 49 1 71.3611 106.275
48 50 0 56.8982 60.7104
48 51 0 21.2912 23.1515
48 52 0 8.35348 11.9812
48 53 0 30.2928 41.398
48 54 0 10.2471 13.6678
48 55 0 92.5087 122.669
48 56 0 88.4517 93.2756
48 57 0 93.6053 123.946
48 58 0 24.6991 26.4277
48 59 0 20.6473 30.821
48 60 0 96.0845 110.117
49 1 0 67.5518 92.913
49 2 0 44.7593 50.3414
49 3 0 26.7206 36.7256
49 4 0 33.7682 35.4012
49 5 0 21.4861 27.2231
49 6 0 9.3826 9.62259
49 7 0 50.7839 70.963
49 8 0 42.1168 60.4542
49 9 0 47.2802 68.6432
49 10 0 30.8246 43.3314
49 11 0 86.1041 102.3
49 12 0 7.40259 9.14954
49 13 0 92.7105 120.007
49 14 0 85.8197 103.65
49 15 0 35.6797 46.5871
49 16 0 45.8436 50.9879
49 17 0 68.972 80.7767
49 18 0 40.6128 42.3872
49 19 0 98.9187 111.504
49 20 0 42.5279 59.2209
49 21 0 59.1435 79.5829
49 22 0 79.193 87.6717
49 23 0 33.3839 39.8176
49 24 0 81.0532 108.488
49 25 0 58.0179 74.5187
49 26 0 68.6475 81.7623
49 27 0 39.0831 51.2493
49 28 0 69.9613 94.5586
49 29 1 57.6647 80.8724
49 30 1 2.89991 4.25581
49 31 0 25.2165 32.3776
49 32 0 12.5472 17.8702
49 33 0 30.9126 41.2491
49 34 0 80.0402 107.709
49 35 0 99.6015 144.74
49 36 0 39.2844 40.9139
49 37 0 96.4261 128.892
49 38 0 93.3146 99.2004
49 39 0 73.429 86.9425
49 40 0 19.9083 29.0756
49 41 0 61.8654 70.1953
49 42 0 28.4653 34.8292
49 43 0 76.3505 91.1162
49 44 0 72.0693 83.9539
49 45 1 60.3145 66.5097
49 46 0 61.8961 70.5407
49 47 0 2.0425 2.3749
49 48 0 0.354946 0.514154
49 50 1 48.9857 64.5294
49 51 0 25.6429 28.6481
49 52 0 65.5725 70.7229
49 53 0 67.1816 99.1793
49 54 1 38.7693 46.2175
49 55 0 72.0826 74.8165
49 56 0 83.973 124.82
49 57 0 38.1905 40.7658
49 58 0 6.78498 8.55104
49 59 0 69.2017 101.634
49 60 0 33.2068 39.6432
50 1 0 6.14027 7.23998
50 2 0 34.1699 40.5623
50 3 0 88.8285 105.088
50 4 0 17.6168 23.3162
50 5 0 94.5571 139.758
50 6 0 92.9678 133.573
50 7 0 9.67218 11.6884
50 8 0 72.468 102.186
50 9 0 35.2379 41.2188
50 10 1 88.1553 91.506
50 11 0 96.1359 105.136
50 12 0 29.3145 34.7562
50 13 0 87.3867 119.899
50 14 0 21.2404 22.2943
50 15 0 6.47123 9.05849
50 16 0 55.2146 74.7928
50 17 0 69.3457 76.6555
50 18 0 91.366 103.214
50 19 0 89.3488 123.168
50 20 0 84.9078 118.138
50 21 0 36.1532 52.0134
50 22 0 35.8532 47.3937
50 23 0 56.1378 83.4285
50 24 0 94.6874 132.727
50 25 0 44.864 60.1595
50 26 0 25.4631 36.4709
50 27 0 50.9193 54.3946
50 28 0 69.1295 76.552
50 29 0 10.689 12.1145
50 30 0 85.2505 121.299
50 31 0 73.4846 103.165
50 32 0 4.45266 5.46016
50 33 0 40.8645 50.6899
50 34 0 53.458 69.8758
50 35 0 8.1048 8.52962
50 36 0 83.572 122.416
50 37 0 44.1202 52.9849
50 38 0 73.7529 101.544
50 39 1 63.5677 89.116
50 40 0 0.946936 1.10607
50 41 0 66.2274 76.7202
50 42 0 15.1489 19.0245
50 43 1 76.788 83.6718
50 44 0 8.51722 11.5397
50 45 0 82.1287 93.5786
50 46 0 37.759 52.7428
50 47 0 27.5275 41.1631
50 48 0 65.0954 73.621
50 49 0 16.6658 23.9969
50 51 1 0.974721 1.411
50 52 0 2.46481 2.70973
50 53 0 41.7276 46.8083
50 54 0 37.9961 42.8808
50 55 0 32.0553 41.2285
50 56 0 9.98966 11.6404
50 57 1 74.3178 97.0107
50 58 0 50.8667 60.7439
50 59 0 58.679 73.5037
50 60 0 7.1042 7.19889
51 1 0 98.3582 105.469
51 2 0 52.3218 67.9951
51 3 0 14.2365 19.1461
51 4 0 49.3223 68.0715
51 5 0 33.8104 38.2673
51 6 0 80.5342 83.4603
51 7 0 22.4223 29.9031
51 8 0 71.4589 100.243
51 9 0 17.628 21.4034
51 10 0 7.35948 7.95205
51 11 0 72.9926 73.9302
51 12 0 47.4097 65.5642
51 13 0 98.1244 125.727
51 14 1 87.4566 102.204
51 15 0 59.0863 69.5411
51 16 1 73.6284 91.0247
51 17 0 36.0672 36.9625
51 18 0 8.33034 8.85336
51 19 0 33.3156 45.786
51 20 0 76.258 77.2197
51 21 0 59.1598 76.1537
51 22 0 30.7027 39.5108
51 23 0 28.4189 31.2842
51 24 0 65.0591 84.4086
51 25 0 20.7537 22.1682
51 26 0 26.9937 34.6312
51 27 0 54.1037 55.7238
51 28 0 90.7385 125.641
51 29 0 50.156 69.3947
51 30 0 83.1676 103.438
51 31 0 6.3445 7.95823
51 32 0 97.0429 135.491
51 33 0 86.769 117.128
51 34 0 26.8775 40.0952
51 35 0 58.4466 64.2203
51 36 0 81.2081 103.375
51 37 0 68.9765 75.1118
51 38 0 53.9671 78.0135
51 39 0 12.366 15.1257
51 40 0 37.8085 56.5306
51 41 0 37.626 40.375
51 42 0 68.0878 69.5715
51 43 0 26.004 27.5261
51 44 0 38.4475 39.8373
51 45 0 51.0131 53.2999
51 46 0 97.2564 102.303
51 47 0 97.2164 104.563
51 48 0 99.7415 133.373
51 49 0 54.5767 76.6706
51 50 0 35.8253 50.5288
51 52 1 86.3187 111.412
51 53 0 16.1325 20.127
51 54 0 24.5275 27.6108
51 55 0 87.7524 123.857
51 56 0 72.3373 95.2172
51 57 0 20.1774 22.7527
51 58 0 45.9225 58.9094
51 59 0 15.8 20.7961
51 60 0 88.3062 106.56
52 1 0 75.5319 77.5023
52 2 0 35.7875 36.2178
52 3 1 75.2273 75.6798
52 4 1 76.5667 82.4762
52 5 0 34.2029 48.9023
52 6 0 0.359123 0.524457
52 7 0 16.4335 17.2438
52 8 0 57.3261 83.5996
52 9 0 86.5923 107.121
52 10 0 19.4138 20.4757
52 11 0 16.7684 23.7856
52 12 0 88.6308 92.4261
52 13 0 78.93 88.5595
52 14 0 57.4482 66.1884
52 15 0 17.0752 22.9041
52 16 0 26.6333 31.2197
52 17 0 10.8411 12.826
52 18 0 15.6285 22.4428
52 19 0 1.09466 1.12959
52 20 0 84.7259 110.373
52 21 0 82.0516 105.954
52 22 0 89.1345 120.887
52 23 0 25.214 37.5571
52 24 0 98.0324 116.277
52 25 0 71.196 83.6214
52 26 0 31.2748 39.4227
52 27 0 3.35484 4.87942
52 28 0 81.742 110.964
52 29 0 59.3445 81.8909
52 30 0 55.4413 71.5163
52 31 0 90.3656 114.659
52 32 0 2.97715 3.06869
52 33 0 18.0073 18.5586
52 34 0 25.7225 30.9759
52 35 0 36.9097 51.7334
52 36 0 56.2048 70.3582
52 37 1 69.7756 85.981
52 38 0 98.986 131.901
52 39 0 40.5009 45.4781
52 40 1 6.11283 6.6964
52 41 0 70.1064 100.344
52 42 0 54.222 66.3757
52 43 0 49.8575 58.1637
52 44 0 81.7568 96.3462
52 45 0 78.4108 91.7712
52 46 0 71.652 73.7075
52 47 0 44.4373 47.8311
52 48 0 26.8613 39.1916
52 49 0 88.0618 125.517
52 50 0 19.0174 21.294
52 51 0 40.687 52.7819
52 53 1 8.7141 10.3942
52 54 0 83.3104 92.8494
52 55 0 46.5014 66.0433
52 56 0 20.5218 30.0028
52 57 0 18.628 23.2309
52 58 0 2.92069 3.94625
52 59 0 26.2392 27.3126
52 60 0 9.93559 12.4574
53 1 0 30.7685 42.9054
53 2 0 47.9459 60.5889
53 3 0 83.2062 101.566
53 4 0 10.8751 16.0348
53 5 0 12.4144 12.7864
53 6 0 44.8491 47.535
53 7 0 77.1412 79.9867
53 8 0 47.6173 53.171
53 9 0 41.2811 44.1929
53 10 0 80.1075 82.4847
53 11 0 49.5365 71.1662
53 12 0 70.5539 98.4737
53 13 0 59.2622 87.7392
53 14 0 49.668 68.3122
53 15 0 47.406 48.2339
53 16 0 84.2209 123.771
53 17 0 11.7061 16.3955
53 18 0 78.4783 108.803
53 19 0 95.8022 123.488
53 20 1 17.4436 17.8883
53 21 0 50.82 74.3101
53 22 0 38.3412 39.4535
53 23 0 57.8501 74.1728
53 24 0 67.2568 81.2679
53 25 0 77.9979 84.6703
53 26 0 42.1057 54.1859
53 27 0 0.0235498 0.0297353
53 28 0 31.3671 37.595
53 29 0 57.861 76.4448
53 30 0 11.8885 17.717
53 31 0 57.4397 79.7439
53 32 0 5.7938 7.05729
53 33 0 87.4186 129.576
53 34 0 49.2509 52.1255
53 35 0 1.03425 1.16444
53 36 0 19.6014 22.0008
53 37 0 11.5934 17.2751
53 38 0 76.4377 76.4922
53 39 0 74.9075 88.6948
53 40 0 65.4261 75.1272
53 41 0 26.8689 26.9522
53 42 0 87.6487 112.155
53 43 0 87.4647 129.541
53 44 0 71.8042 83.6754
53 45 1 52.3988 56.1308
53 46 0 92.243 124.578
53 47 0 35.9491 46.6943
53 48 0 54.2185 55.6685
53 49 0 56.8741 64.9356
53 50 0 87.7049 97.8457
53 51 0 9.00328 11.1867
53 52 0 84.4714 89.6873
53 54 1 12.2147 18.152
53 55 1 78.2884 110.761
53 56 0 89.2027 89.5133
53 57 0 72.8576 94.4541
53 58 0 41.8138 61.9097
53 59 0 70.686 72.418
53 60 0 95.5409 107.243
54 1 0 30.3571 30.7836
54 2 0 49.22 56.9914
54 3 0 13.537 17.6755
54 4 0 97.7627 137.6
54 5 0 66.162 66.6921
54 6 0 9.92294 10.1027
54 7 0 83.7292 104.779
54 8 0 82.6714 84.4332
54 9 0 81.6142 119.471
54 10 0 90.4036 105.471
54 11 0 99.4351 142.208
54 12 0 71.872 73.6505
54 13 0 90.3769 116.342
54 14 0 30.3734 35.9439
54 15 0 80.7784 92.9363
54 16 1 35.8898 53.3553
54 17 0 71.865 72.4423
54 18 0 81.8481 107.449
54 19 0 13.6806 18.8176
54 20 0 36.144 53.5422
54 21 0 99.5493 141.729
54 22 0 85.9036 115.266
54 23 0 32.1824 32.9642
54 24 0 41.3641 53.8959
54 25 0 33.8782 41.9476
54 26 0 98.1116 108.742
54 27 0 82.4377 95.1618
54 28 0 86.6368 102.233
54 29 0 30.1778 43.2856
54 30 0 52.8669 68.1704
54 31 0 56.6947 80.331
54 32 0 36.0607 44.5053
54 33 0 9.83414 9.99761
54 34 0 94.9593 135.737
54 35 0 63.7521 66.683
54 36 0 64.3283 71.744
54 37 1 36.3187 49.9844
54 38 0 75.6697 83.0308
54 39 0 93.8741 113.314
54 40 0 75.3696 88.4626
54 41 0 83.3685 118.255
54 42 0 92.2999 120.031
54 43 0 67.0299 85.9453
54 44 0 51.9959 61.708
54 45 0 21.544 25.0825
54 46 0 31.2238 31.5254
54 47 0 77.5226 82.4377
54 48 0 41.2675 49.6548
54 49 0 61.9666 92.9007
54 50 0 28.3378 29.116
54 51 0 19.601 25.52
54 52 0 40.8413 48.1044
54 53 0 55.4775 81.3667
54 55 1 88.4562 103.141
54 56 0 21.0301 30.8464
54 57 0 38.2854 49.7867
54 58 0 27.3524 32.6503
54 59 0 65.2412 76.8919
54 60 0 8.73972 11.8165
55 1 0 17.3697 24.4422
55 2 0 89.3071 132.941
55 3 0 41.5829 47.3181
55 4 0 62.5423 77.095
55 5 0 85.2124 92.1548
55 6 0 84.6301 100.333
55 7 0 85.1197 91.0029
55 8 0 6.94122 10.0467
55 9 0 64.1774 93.5562
55 10 0 40.7262 40.7375
55 11 0 77.5713 97.4012
55 12 0 33.4179 45.2152
55 13 0 72.2607 82.9259
55 14 0 5.14273 5.22287
55 15 0 56.8615 82.7566
55 16 0 90.6037 111.878
55 17 0 13.499 17.8154
55 18 0 4.60581 5.08623
55 19 0 11.9674 13.4734
55 20 0 81.1016 108.608
55 21 0 33.492 38.4528
55 22 0 98.5192 125.185
55 23 0 85.1069 123.093
55 24 0 61.085 77.6937
55 25 0 10.354 12.6951
55 26 0 95.2276 110.242
55 27 0 73.7039 78.201
55 28 0 11.7756 12.9327
55 29 0 94.7018 128.829
55 30 0 53.2618 69.9182
55 31 0 49.1382 59.8428
55 32 0 42.657 58.4542
55 33 0 45.1966 51.1049
55 34 0 84.8124 95.3299
55 35 0 53.934 77.1868
55 36 1 3.72434 4.66844
55 37 0 30.7072 30.9216
55 38 0 20.226 23.6369
55 39 0 84.5912 90.905
55 40 0 90.3443 117.747
55 41 0 86.3322 100.496
55 42 0 97.4516 145.339
55 43 0 79.9342 109.185
55 44 0 90.0576 125.817
55 45 0 69.5227 101.691
55 46 0 25.6195 33.255
55 47 0 78.3712 78.8676
55 48 0 0.867605 1.06199
55 49 0 16.376 20.9731
55 50 0 29.4052 42.5573
55 51 0 64.4888 77.0606
55 52 0 84.8721 112.606
55 53 0 68.4443 73.4747
55 54 0 39.6161 52.4212
55 56 1 61.5503 89.9375
55 57 0 68.4295 81.2024
55 58 0 58.8514 75.7092
55 59 0 35.2881 50.0997
55 60 0 65.029 71.962
56 1 0 37.9334 54.7404
56 2 0 15.2105 21.2152
56 3 0 85.139 101.593
56 4 0 46.5734 65.6995
56 5 0 54.1376 70.7714
56 6 0 17.1201 19.9912
56 7 0 30.3133 44.1579
56 8 0 76.4585 99.1059
56 9 0 18.9384 21.4132
56 10 0 63.5448 68.4444
56 11 0 84.483 118.192
56 12 0 51.1507 61.7191
56 13 0 28.0979 34.9095
56 14 0 1.33815 1.42284
56 15 0 35.4275 43.8274
56 16 0 20.1157 20.2194
56 17 0 9.74889 10.2136
56 18 0 30.375 40.6996
56 19 0 72.5726 88.562
56 20 0 71.8231 85.0841
56 21 0 66.1213 87.3348
56 22 0 15.4551 17.5244
56 23 0 87.77 91.6044
56 24 0 81.8329 119.699
56 25 0 83.3319 94.7592
56 26 0 99.3675 104.214
56 27 0 43.351 51.312
56 28 0 23.0531 25.0097
56 29 0 43.6967 62.0073
56 30 1 30.9995 46.421
56 31 0 76.6572 79.2722
56 32 0 26.8882 33.3789
56 33 0 76.2796 110.733
56 34 0 26.6264 39.4124
56 35 0 10.6461 15.7058
56 36 0 15.6112 17.3712
56 37 1 52.4933 73.4703
56 38 0 73.706 107.347
56 39 0 78.3961 87.3702
56 40 0 90.3454 125.607
56 41 1 55.1199 58.5114
56 42 1 54.1706 57.3051
56 43 0 70.4487 78.4603
56 44 0 2.61533 3.32536
56 45 0 30.7809 35.4802
56 46 0 62.8206 92.0937
56 47 0 49.6181 68.3965
56 48 0 95.0392 131.094
56 49 0 13.2685 14.9182
56 50 0 78.2741 107.436
56 51 0 21.0765 28.2711
56 52 0 56.8463 81.2892
56 53 0 54.181 70.7653
56 54 0 31.1154 32.6328
56 55 0 8.23163 10.9106
56 57 1 43.2163 47.539
56 58 0 38.4758 56.5404
56 59 0 6.50846 8.71611
56 60 0 73.5031 82.6143
57 1 0 53.6991 55.3315
57 2 0 66.5974 70.5805
57 3 0 55.8787 81.4087
57 4 0 25.6824 38.2633
57 5 0 75.8112 77.1821
57 6 0 29.4327 35.2326
57 7 0 35.68 37.7084
57 8 0 35.0067 50.8613
57 9 0 98.1558 101.348
57 10 0 10.9318 12.1894
57 11 0 59.4085 62.3059
57 12 1 11.0201 11.5236
57 13 0 19.6523 27.531
57 14 0 35.5551 43.9872
57 15 0 3.73185 3.80613
57 16 0 37.1193 51.1966
57 17 0 2.06623 2.36547
57 18 0 88.0888 118.04
57 19 0 32.9547 35.8116
57 20 0 98.7196 137.369
57 21 1 21.284 30.2342
57 22 0 25.5966 26.9644
57 23 0 75.8631 113.283
57 24 0 30.7596 40.1371
57 25 0 77.3784 84.8872
57 26 0 39.7178 56.3084
57 27 0 62.2678 81.8519
57 28 0 96.9083 128.909
57 29 0 93.024 118.061
57 30 0 59.0373 65.1751
57 31 0 74.3049 80.9104
57 32 0 97.6335 103.888
57 33 0 88.5392 99.5517
57 34 0 20.2193 30.0186
57 35 0 53.5761 68.9698
57 36 0 94.7627 118.255
57 37 0 23.9221 24.862
57 38 0 8.36785 9.36357
57 39 0 34.3367 35.5045
57 40 0 25.4057 30.2126
57 41 0 54.1762 80.5988
57 42 0 73.5185 83.1945
57 43 0 64.3843 91.9146
57 44 1 49.0241 66.1698
57 45 0 47.8862 63.5817
57 46 0 92.5731 97.1364
57 47 0 78.9416 81.8269
57 48 1 63.0889 92.7576
57 49 0 70.2262 103.42
57 50 0 56.4639 63.1699
57 51 0 71.1647 105.563
57 52 0 41.3814 45.1592
57 53 0 1.92552 2.17494
57 54 1 23.9853 27.7628
57 55 0 80.9413 91.8284
57 56 0 36.5037 50.5513
57 58 1 75.6888 111.574
57 59 0 99.7152 122.41
57 60 0 7.17606 8.76698
58 1 0 79.6049 91.5948
58 2 0 25.7584 31.1735
58 3 0 81.0569 84.4281
58 4 0 23.1772 27.5861
58 5 0 31.0184 40.6134
58 6 0 36.2468 38.6797
58 7 0 21.9362 24.2392
58 8 0 88.6296 97.9378
58 9 0 7.95746 10.1773
58 10 0 0.275075 0.409202
58 11 0 85.6804 124.079
58 12 0 31.2295 41.5791
58 13 0 96.9496 143.469
58 14 0 53.1921 76.6665
58 15 1 1.65564 1.70253
58 16 0 18.1044 24.9296
58 17 0 44.7416 45.0037
58 18 0 90.5726 122.536
58 19 0 7.81902 9.59324
58 20 0 14.263 20.5335
58 21 0 58.2295 72.7849
58 22 0 97.6078 100.124
58 23 0 87.3248 102.189
58 24 0 80.2107 102.639
58 25 0 64.7164 67.6325
58 26 0 18.114 23.4562
58 27 0 38.8066 39.3435
58 28 0 12.5598 16.5642
58 29 0 12.8625 15.3444
58 30 0 1.57125 1.99814
58 31 1 50.1302 73.5207
58 32 0 52.9276 75.3394
58 33 0 0.34519 0.347978
58 34 0 5.56913 7.68216
58 35 0 27.0796 37.851
58 36 0 39.1364 45.5617
58 37 0 16.3385 21.2798
58 38 0 13.6381 16.6621
58 39 0 8.0803 11.8769
58 40 0 26.3826 35.4961
58 41 0 18.6985 20.261
58 42 0 89.5454 106.455
58 43 0 57.1623 74.2373
58 44 0 79.8598 96.8742
58 45 0 85.2926 123.241
58 46 0 4.5151 6.54119
58 47 0 42.6084 62.0079
58 48 0 87.7483 117.218
58 49 0 39.9718 58.6124
58 50 0 65.5911 92.9174
58 51 0 13.2274 14.4615
58 52 0 89.4403 131.29
58 53 0 25.5778 35.0408
58 54 0 28.8937 41.3397
58 55 0 0.475238 0.696908
58 56 0 7.51131 8.80399
58 57 0 22.3079 22.4338
58 59 1 90.0458 112.126
58 60 0 52.76 75.0812
59 1 0 1.60692 2.20138
59 2 0 26.2802 38.1778
59 3 0 37.9139 44.688
59 4 1 86.147 123.118
59 5 0 49.4413 57.432
59 6 0 75.5196 109.94
59 7 0 24.0765 25.2224
59 8 0 75.4582 80.4291
59 9 0 19.3997 21.3767
59 10 0 41.0527 45.2883
59 11 0 97.4074 103.302
59 12 1 3.10017 3.44277
59 13 0 65.3987 88.1823
59 14 0 72.7234 89.7715
59 15 0 26.4039 28.8094
59 16 0 55.3374 67.8841
59 17 0 67.9866 87.1494
59 18 0 43.3328 54.3958
59 19 0 6.21132 9.16443
59 20 0 59.4037 71.962
59 21 0 93.151 128.126
59 22 0 57.5139 75.3624
59 23 0 6.62534 7.70954
59 24 0 0.415033 0.467008
59 25 1 81.3951 117.46
59 26 0 69.1147 98.4704
59 27 0 94.4064 121.215
59 28 0 24.7862 30.0473
59 29 0 51.0177 68.0414
59 30 0 38.4403 41.0142
59 31 0 56.179 74.861
59 32 0 8.82349 12.6232
59 33 0 36.7608 51.5989
59 34 0 32.6294 41.9171
59 35 0 18.7288 27.3621
59 36 0 16.4241 20.7176
59 37 1 33.2442 48.5352
59 38 0 14.841 19.849
59 39 0 62.1975 75.867
59 40 0 89.4496 117.879
59 41 0 91.3868 126.974
59 42 0 79.9717 95.8356
59 43 0 52.13 53.1618
59 44 0 59.3622 61.2652
59 45 0 83.9434 89.8382
59 46 0 9.17646 11.3529
59 47 0 19.422 21.9366
59 48 0 2.20778 3.09105
59 49 0 38.6095 41.8171
59 50 0 0.905111 0.970964
59 51 0 47.679 65.0869
59 52 0 55.127 73.99
59 53 0 12.1985 15.97
59 54 0 38.0273 56.4502
59 55 0 41.2613 54.3196
59 56 0 10.6909 10.8643
59 57 0 61.6686 71.5639
59 58 0 60.4258 83.8361
59 60 1 17.6643 20.6785
60 1 1 35.2251 52.3345
60 2 0 25.288 36.9971
60 3 0 20.9085 26.4853
60 4 0 6.24428 8.91217
60 5 1 81.9295 103.72
60 6 0 57.4217 75.9204
60 7 0 84.611 96.2166
60 8 0 0.937415 1.36176
60 9 0 78.961 117.908
60 10 0 12.0853 16.1114
60 11 0 55.825 79.9108
60 12 0 38.1604 56.0256
60 13 0 63.5166 71.114
60 14 0 6.90258 9.64897
60 15 0 86.5476 91.3786
60 16 0 16.8996 19.1923
60 17 0 31.2804 32.5277
60 18 0 28.618 38.5848
60 19 0 18.8903 21.4694
60 20 0 18.2774 21.7751
60 21 0 35.6948 46.3248
60 22 0 29.6877 41.8342
60 23 0 0.648995 0.698623
60 24 0 30.777 45.3817
60 25 0 91.1427 96.2176
60 26 0 29.8395 42.1666
60 27 0 94.4916 127.337
60 28 0 72.6438 76.3836
60 29 1 11.6928 11.8097
60 30 0 19.947 27.6634
60 31 0 7.66719 11.0339
60 32 0 72.7013 86.856
60 33 1 18.8616 26.163
60 34 0 37.549 54.8251
60 35 0 2.85748 3.04205
60 36 0 34.7054 41.1554
60 37 0 77.9015 83.9377
60 38 0 54.1978 59.9775
60 39 0 49.9615 55.2058
60 40 0 97.4022 111.549
60 41 0 93.6206 133.649
60 42 0 20.3394 28.1088
60 43 0 65.6853 86.5837
60 44 0 96.3652 100.542
60 45 0 91.7486 118.247
60 46 0 87.7814 114.522
60 47 0 76.5235 82.9199
60 48 0 53.0498 61.4331
60 49 0 42.7043 49.9085
60 50 0 23.6839 28.1064
60 51 0 24.8979 32.9968
60 52 0 95.7355 111.319
60 53 0 31.209 43.8282
60 54 0 43.7253 61.9077
60 55 0 95.7634 103.379
60 56 0 34.4989 46.7936
60 57 0 17.5494 20.0274
60 58 0 62.4072 91.1859
60 59 0 49.3451 63.8404
15.025 23.7447 10.2574 22.3735 37.8591 8.48835 38.849 13.6734 26.4768 30.0786 8.23465 19.6195 24.7491 23.6325 3.51921 10.2456 27.3148 16.8369 14.2174 3.4787 12.369 28.959 19.7324 9.94818 4.50822 9.70858 17.4181 24.3669 39.1446 25.4655 34.8805 12.1417 34.2946 32.88 36.8681 29.2901 28.8175 6.88047 24.7765 16.5722 9.61841 33.846 31.5244 30.9103 17.231 21.923 0.578644 39.0286 9.29243 20.3644 6.54006 17.4069 23.6117 23.8146 37.2739 30.4449 37.838 5.27278 13.9814 13.8168 