60
500
5
100
1 2 1 96.3456 125.953
1 3 0 22.7281 25.8374
1 4 0 95.6984 126.953
1 5 0 3.33447 3.91183
1 6 0 24.8375 26.2018
1 7 0 42.4428 49.1501
1 8 0 13.1695 15.274
1 9 0 41.548 58.4091
1 10 1 78.6657 111.523
1 11 0 62.8192 90.5757
1 12 0 38.8982 48.6782
1 13 0 3.33682 3.41264
1 14 0 20.5511 22.1833
1 15 0 96.2554 137.469
1 16 0 36.0814 43.0839
1 17 0 65.0773 94.4217
1 18 0 98.8505 111.102
1 19 0 17.9301 20.0725
1 20 0 67.2936 82.826
1 21 0 75.3713 95.6697
1 22 0 98.2802 116.636
1 23 0 33.2691 38.9165
1 24 0 87.3924 102.174
1 25 0 51.7265 62.517
1 26 0 81.218 107.552
1 27 1 94.8057 130.733
1 28 0 88.6964 106.111
1 29 0 40.8604 55.3931
1 30 0 47.7417 70.6092
1 31 0 55.8746 71.3268
1 32 0 99.531 127.167
1 33 0 80.465 110.598
1 34 0 81.7457 85.588
1 35 0 18.2357 26.6704
1 36 0 53.1243 53.7746
1 37 0 20.5261 28.2424
1 38 0 63.5026 84.8172
1 39 0 26.0269 33.3419
1 40 0 79.8428 115.244
1 41 0 32.4643 38.4807
1 42 0 75.7625 93.1883
1 43 0 10.3814 12.1213
1 44 0 86.9169 90.3575
1 45 0 40.2404 42.3799
1 46 0 81.1679 95.4178
1 47 0 73.1673 104.383
1 48 0 55.6078 59.136
1 49 0 22.5896 27.0837
1 50 1 1.99195 2.52657
1 51 1 74.8735 86.0003
1 52 0 14.3685 18.2757
1 53 0 34.2029 44.0961
1 54 1 22.8601 29.1796
1 55 0 74.4197 110.404
1 56 1 49.5626 53.8028
1 57 0 18.6721 25.9057
1 58 0 32.0174 34.6844
1 59 0 69.0809 98.4007
1 60 0 6.58017 8.66888
2 1 0 28.8394 42.11
2 3 1 2.51418 3.60769
2 4 1 72.086 101.174
2 5 0 61.62 76.6508
2 6 0 3.01638 4.21476
2 7 0 43.6803 61.0537
2 8 0 78.5279 114.125
2 9 0 71.364 102.644
2 10 0 98.142 113.934
2 11 1 64.0467 75.2622
2 12 0 51.8511 70.3194
2 13 0 16.3289 21.947
2 14 0 2.25046 2.34097
2 15 0 21.955 25.2458
2 16 1 43.1702 56.1785
2 17 0 97.6899 110.349
2 18 0 0.392328 0.586587
2 19 1 54.2528 74.7143
2 20 0 92.0911 122.989
2 21 1 21.8387 32.3951
2 22 0 40.629 59.1206
2 23 0 90.059 102.059
2 24 0 99.7012 108.448
2 25 0 21.8504 23.4975
2 26 0 88.272 129.388
2 27 0 12.1863 15.2508
2 28 0 12.4161 13.0214
2 29 0 35.4292 42.4665
2 30 1 20.5823 29.9088
2 31 0 73.796 79.4519
2 32 0 35.1132 39.6971
2 33 0 72.218 105.163
2 34 0 22.9825 23.0051
2 35 0 27.4999 34.1161
2 36 0 62.163 82.4092
2 37 0 48.0408 68.671
2 38 0 46.9508 65.7244
2 39 0 48.2418 55.7826
2 40 1 0.102418 0.104795
2 41 0 39.867 56.4829
2 42 1 46.3718 54.9708
2 43 0 35.329 36.9077
2 44 1 66.0407 80.786
2 45 0 59.815 84.8207
2 46 0 21.7557 26.387
2 47 0 68.217 89.0245
2 48 0 92.9206 113.69
2 49 0 8.89441 9.98119
2 50 0 73.0762 95.5407
2 51 0 46.4935 52.0997
2 52 1 39.3403 58.3235
2 53 0 12.3662 14.6616
2 54 0 58.1408 76.9449
2 55 0 3.74883 5.05933
2 56 0 88.0742 127.121
2 57 0 88.5783 90.8657
2 58 0 42.9244 55.6998
2 59 1 87.137 89.1931
2 60 0 76.7743 77.7215
3 1 0 8.90774 8.99602
3 2 0 38.6742 52.691
3 4 1 17.3183 24.583
3 5 0 58.1635 63.4089
3 6 0 25.3722 31.9642
3 7 1 82.4074 92.4142
3 8 0 27.8355 30.3327
3 9 0 63.5275 93.5912
3 10 0 93.8546 124.841
3 11 0 99.286 131.267
3 12 1 15.0457 18.009
3 13 0 98.8796 139.936
3 14 0 42.653 50.7498
3 15 0 15.141 20.6785
3 16 1 68.8771 86.4881
3 17 0 28.8332 35.3098
3 18 0 92.2069 100.241
3 19 0 22.8797 28.0866
3 20 0 15.5341 17.7857
3 21 0 42.9405 47.4607
3 22 0 99.8122 122.331
3 23 1 17.7366 19.5346
3 24 0 78.8067 110.856
3 25 0 74.6789 100.199
3 26 0 96.5808 121.743
3 27 0 17.9474 23.7043
3 28 0 21.0906 26.4707
3 29 0 45.2604 49.7656
3 30 0 33.7066 40.6009
3 31 0 23.4128 28.3095
3 32 0 56.0184 60.6014
3 33 0 45.4637 48.0581
3 34 0 44.6935 62.397
3 35 0 19.1811 26.1092
3 36 1 42.7646 49.4904
3 37 0 89.8768 96.6377
3 38 0 29.9349 29.9906
3 39 0 58.0931 76.9662
3 40 0 4.05566 5.95977
3 41 0 31.1086 42.6876
3 42 0 48.483 70.7842
3 43 0 21.3356 22.2706
3 44 0 76.4784 97.6974
3 45 0 33.7429 35.6973
3 46 1 63.261 64.7717
3 47 0 18.6183 19.8084
3 48 0 66.4451 90.5485
3 49 0 91.1479 128.139
3 50 0 69.9087 95.165
3 51 0 0.485399 0.645211
3 52 0 86.8931 122.74
3 53 0 73.9652 88.6285
3 54 0 55.7166 56.3453
3 55 0 47.9098 64.9269
3 56 0 64.5957 74.7891
3 57 0 38.2664 52.4404
3 58 0 67.8687 97.4465
3 59 0 8.47675 11.3424
3 60 0 68.9819 78.5359
4 1 0 16.107 20.4335
4 2 0 43.0183 43.3337
4 3 0 72.4927 76.863
4 5 1 50.9266 52.8544
4 6 0 14.7295 16.0625
4 7 0 1.22508 1.22625
4 8 1 9.69626 10.1739
4 9 0 78.7425 109.878
4 10 0 69.4387 70.4279
4 11 0 23.392 29.1067
4 12 0 27.8305 29.3959
4 13 0 9.93744 14.665
4 14 0 16.9571 17.9125
4 15 0 50.1519 71.8122
4 16 0 87.7895 94.0808
4 17 0 84.4796 86.8236
4 18 0 65.0983 78.0972
4 19 0 96.4198 141.621
4 20 0 28.2124 38.0651
4 21 0 12.6295 15.611
4 22 0 77.6442 96.7419
4 23 0 79.0835 109.576
4 24 0 98.1601 122.204
4 25 0 59.0243 77.4978
4 26 0 53.455 63.1955
4 27 0 46.9627 61.3605
4 28 0 1.53486 2.09111
4 29 0 65.6344 79.2403
4 30 0 73.1154 74.7185
4 31 0 8.28191 12.1194
4 32 0 94.1029 122.183
4 33 0 5.03838 5.15155
4 34 0 17.7315 21.8014
4 35 0 7.3214 7.57625
4 36 0 48.8753 50.4977
4 37 0 65.2863 66.9044
4 38 0 99.447 113.729
4 39 0 44.9228 56.9063
4 40 0 76.913 95.0031
4 41 0 84.3666 86.5407
4 42 0 6.54548 8.28836
4 43 0 48.7936 54.6131
4 44 0 74.5503 93.7245
4 45 0 59.7875 77.2404
4 46 0 16.4125 18.3016
4 47 0 13.3961 16.3624
4 48 0 32.5926 41.5296
4 49 0 55.9909 82.8144
4 50 0 59.2649 78.0995
4 51 0 16.8001 18.5902
4 52 0 2.35834 2.91556
4 53 0 66.6224 68.2947
4 54 0 23.226 31.9632
4 55 0 69.1602 87.9101
4 56 1 76.6924 84.3473
4 57 0 54.515 57.4431
4 58 0 69.7277 74.7551
4 59 0 92.5556 121.282
4 60 0 68.7818 85.0581
5 1 0 33.3303 41.1138
5 2 1 4.43683 6.51457
5 3 1 65.5628 76.7009
5 4 0 67.6526 77.7267
5 6 1 48.6193 51.027
5 7 0 84.8382 108.508
5 8 0 75.5161 104.263
5 9 0 82.5144 109.582
5 10 0 33.734 35.4241
5 11 0 59.7982 81.923
5 12 1 0.975924 0.981086
5 13 0 26.928 39.5833
5 14 0 74.708 79.1177
5 15 0 76.1648 106.36
5 16 0 34.2361 38.4109
5 17 0 45.807 65.7192
5 18 0 60.1389 78.3656
5 19 0 78.497 99.4978
5 20 0 11.4416 16.6289
5 21 0 16.8982 21.9478
5 22 0 68.1696 77.4483
5 23 0 50.9794 54.529
5 24 0 50.7152 52.9339
5 25 0 51.5809 54.8026
5 26 0 20.2031 26.5559
5 27 0 59.4383 73.4302
5 28 1 76.2504 113.208
5 29 0 35.5729 37.5598
5 30 0 92.5801 108.48
5 31 0 82.745 109.587
5 32 0 6.48812 6.58914
5 33 0 67.4769 72.5114
5 34 0 80.2375 91.3006
5 35 0 40.2421 46.7731
5 36 1 27.5821 31.2236
5 37 0 32.9013 43.2549
5 38 0 73.5407 103.803
5 39 0 72.9003 92.4102
5 40 0 11.7222 13.3445
5 41 0 48.9828 55.9253
5 42 0 98.2809 103.791
5 43 1 37.1905 38.6988
5 44 0 71.2052 95.1239
5 45 0 94.9937 136.845
5 46 0 47.02 56.09
5 47 0 76.9461 90.4762
5 48 0 54.1959 71.1477
5 49 0 19.4939 21.6202
5 50 0 76.8142 79.0938
5 51 0 48.2265 65.2274
5 52 0 33.9054 45.3858
5 53 0 99.5128 129.261
5 54 0 33.442 45.5699
5 55 0 81.3354 90.1337
5 56 0 14.2578 18.3101
5 57 0 36.6338 50.3242
5 58 0 59.1859 62.161
5 59 0 13.4211 19.2322
5 60 0 66.0398 76.7988
6 1 0 56.045 81.2085
6 2 0 42.7424 55.9215
6 3 0 3.17179 4.28373
6 4 0 28.6556 37.55
6 5 0 79.9865 114.829
6 7 1 99.0231 123.825
6 8 0 4.38459 4.75722
6 9 0 76.4949 106.296
6 10 0 88.1596 110.884
6 11 0 70.7964 92.4478
6 12 0 37.2336 49.7177
6 13 0 30.3657 36.6772
6 14 0 50.3711 70.1852
6 15 0 54.2736 77.5065
6 16 0 74.7957 93.1187
6 17 0 15.15 17.9646
6 18 0 6.51999 6.60025
6 19 0 30.6275 35.0796
6 20 1 1.13839 1.43827
6 21 0 98.3062 121.704
6 22 0 9.84897 11.8853
6 23 1 25.375 29.6499
6 24 0 22.0206 32.7363
6 25 0 4.50958 6.43757
6 26 0 31.6027 44.1167
6 27 0 91.8744 133.687
6 28 0 45.5711 67.6228
6 29 0 98.4695 145.761
6 30 0 33.8236 39.4066
6 31 0 24.4107 31.3793
6 32 0 2.93731 3.72358
6 33 0 92.4397 98.4027
6 34 0 70.8465 79.1393
6 35 0 22.7566 24.2185
6 36 0 62.6059 89.1141
6 37 0 14.7052 19.3782
6 38 0 65.3949 90.584
6 39 0 15.4784 19.529
6 40 0 44.7051 66.4147
6 41 0 17.3063 25.2555
6 42 0 53.1433 58.8101
6 43 0 29.0751 38.9431
6 44 0 26.9407 35.5448
6 45 1 61.9149 90.9817
6 46 0 16.1572 19.6054
6 47 0 73.7661 105.919
6 48 0 65.4766 76.2172
6 49 0 58.4374 81.4081
6 50 1 55.6141 76.9557
6 51 0 86.1097 109.977
6 52 0 7.91541 9.10478
6 53 0 92.8439 110.151
6 54 0 40.3215 59.2975
6 55 0 63.0703 85.062
6 56 0 7.59052 9.96669
6 57 0 21.3767 25.4345
6 58 0 72.1716 88.6032
6 59 0 5.30181 7.11057
6 60 0 67.4436 91.6718
7 1 0 81.4289 115.097
7 2 0 32.7224 42.0362
7 3 1 53.4041 54.8503
7 4 0 27.6866 36.455
7 5 0 85.2452 91.1198
7 6 0 29.1022 42.032
7 8 1 60.1162 64.5164
7 9 0 16.4483 21.9092
7 10 0 46.0407 59.2167
7 11 0 52.328 53.6398
7 12 0 32.9285 43.9979
7 13 0 10.7282 15.1621
7 14 0 73.009 102.198
7 15 0 6.58378 7.55826
7 16 1 43 51.6306
7 17 0 90.9072 113.356
7 18 0 78.3223 100.117
7 19 0 86.2627 91.7446
7 20 0 54.8396 74.5995
7 21 0 9.46894 14.0943
7 22 1 91.391 106.394
7 23 1 23.5323 24.4748
7 24 0 11.9126 14.2412
7 25 0 30.7177 42.074
7 26 0 89.8764 123.378
7 27 1 2.51221 3.09133
7 28 0 17.6677 24.0142
7 29 0 73.525 99.4816
7 30 0 8.04172 8.42614
7 31 0 57.2562 81.3838
7 32 0 73.9411 81.4917
7 33 0 50.6678 69.2619
7 34 0 92.5641 129.881
7 35 1 72.9942 92.2326
7 36 0 2.75619 3.76058
7 37 0 63.5959 90.6897
7 38 0 22.6955 26.6967
7 39 1 13.07 15.4106
7 40 0 56.6526 60.4343
7 41 0 57.8749 75.6464
7 42 0 90.8969 107.307
7 43 0 75.7177 107.372
7 44 0 46.1238 68.622
7 45 0 34.6637 44.3467
7 46 0 69.6913 103.226
7 47 1 82.859 111.13
7 48 0 11.0794 13.3798
7 49 0 66.8869 91.4006
7 50 0 41.3108 53.156
7 51 0 4.58877 5.84509
7 52 0 53.6289 76.7728
7 53 0 96.5806 110.689
7 54 0 85.1213 98.666
7 55 0 2.96285 4.15899
7 56 0 71.0237 91.6896
7 57 0 66.3852 71.5642
7 58 0 85.864 102.246
7 59 0 42.7409 56.6341
7 60 0 16.5371 23.7714
8 1 0 56.7056 82.9738
8 2 0 4.75935 5.44517
8 3 0 38.3516 44.2991
8 4 1 62.9513 78.7787
8 5 0 94.5957 128.17
8 6 0 90.2923 128.386
8 7 0 22.4111 31.7234
8 9 1 75.5615 79.6653
8 10 0 87.5567 102.995
8 11 1 13.754 17.8566
8 12 0 92.1813 99.8691
8 13 0 90.3783 91.716
8 14 0 52.2156 60.4988
8 15 0 23.3162 32.4665
8 16 0 63.1807 82.136
8 17 0 70.3196 72.0671
8 18 0 78.8306 114.042
8 19 1 6.53317 9.50713
8 20 0 74.526 86.4574
8 21 0 87.0572 95.0411
8 22 0 69.6 81.2501
8 23 0 42.0297 48.3998
8 24 0 67.5159 77.8042
8 25 0 61.776 72.383
8 26 0 77.359 97.3175
8 27 0 5.51867 6.10095
8 28 0 11.9554 13.1034
8 29 0 38.257 43.1159
8 30 0 35.1741 40.7928
8 31 0 91.805 133.08
8 32 0 18.8346 23.317
8 33 0 0.553733 0.583961
8 34 0 46.0448 54.0742
8 35 0 66.1148 89.9693
8 36 0 8.28244 9.98903
8 37 0 42.2078 51.7463
8 38 0 34.742 43.3857
8 39 0 58.6202 70.3179
8 40 0 83.6801 102.772
8 41 0 36.7013 49.7061
8 42 0 89.8837 117.579
8 43 0 53.3821 58.9167
8 44 0 75.5929 83.422
8 45 0 46.7238 50.1165
8 46 0 7.22183 9.71371
8 47 0 5.78363 8.26645
8 48 0 86.9948 103.134
8 49 0 22.6803 28.7175
8 50 0 52.6953 62.6655
8 51 0 92.1612 101.699
8 52 1 30.1124 41.2964
8 53 0 67.3007 86.9432
8 54 0 77.2598 106.631
8 55 0 86.2419 97.8467
8 56 0 64.6048 76.392
8 57 0 49.1665 73.1413
8 58 0 17.6896 20.9413
8 59 0 40.4227 55.633
8 60 0 99.7595 132.829
9 1 0 67.1716 81.6703
9 2 1 95.8961 127.185
9 3 0 61.5347 70.9438
9 4 0 2.91228 3.7492
9 5 0 90.7424 100.935
9 6 0 75.4686 99.4017
9 7 0 25.6959 32.0765
9 8 0 44.455 62.3304
9 10 1 52.487 75.4193
9 11 1 34.2581 41.6653
9 12 0 24.9653 30.807
9 13 0 12.0744 16.2433
9 14 0 22.2229 27.3695
9 15 0 94.5136 100.686
9 16 0 49.377 62.9777
9 17 1 91.64 92.8012
9 18 0 43.1344 54.8325
9 19 0 5.39001 6.96991
9 20 0 11.3741 16.1749
9 21 1 89.2666 117.339
9 22 0 97.671 113.474
9 23 0 20.5838 29.8386
9 24 0 99.2855 115.943
9 25 0 61.7144 65.1282
9 26 0 79.1581 106.905
9 27 0 93.5409 107.699
9 28 0 21.4169 29.0491
9 29 0 33.2948 35.0842
9 30 0 81.4598 83.9586
9 31 0 35.576 36.7894
9 32 0 25.7332 31.5496
9 33 0 28.9055 39.0193
9 34 0 0.0592548 0.0745267
9 35 0 10.046 12.6955
9 36 1 3.24977 3.651
9 37 0 21.991 30.5295
9 38 0 3.52062 3.8385
9 39 0 25.9747 34.2024
9 40 0 7.44343 8.95278
9 41 1 48.1651 70.9249
9 42 0 27.4303 31.8185
9 43 0 59.9167 77.5171
9 44 0 28.5002 38.9191
9 45 0 1.74599 1.77062
9 46 0 44.8604 62.4373
9 47 0 13.9617 16.3282
9 48 0 88.2739 109.245
9 49 0 18.9601 26.5073
9 50 0 11.394 13.144
9 51 0 68.8062 87.5184
9 52 0 87.8048 106.64
9 53 0 41.4442 58.8819
9 54 0 54.6333 81.7276
9 55 0 57.023 65.8964
9 56 1 75.8634 88.5779
9 57 0 59.5781 80.8591
9 58 0 40.691 43.6293
9 59 0 20.4161 23.1751
9 60 0 53.1674 75.2413
10 1 0 32.9287 34.4007
10 2 1 98.5974 129.883
10 3 1 85.9123 127.063
10 4 0 70.5229 96.6233
10 5 0 39.8845 53.7451
10 6 1 70.9598 71.2768
10 7 0 27.3652 34.0142
10 8 0 27.6754 38.2628
10 9 0 20.1508 21.9895
10 11 1 72.9113 81.4188
10 12 0 86.5903 92.6834
10 13 0 76.9636 82.8448
10 14 0 58.9234 69.5158
10 15 0 32.8232 44.3702
10 16 0 63.4903 65.4608
10 17 1 78.9071 89.4651
10 18 0 2.41188 3.17046
10 19 1 11.3563 13.8074
10 20 0 85.2764 109.327
10 21 0 4.32903 5.72272
10 22 0 91.3822 110.363
10 23 0 36.5152 53.5552
10 24 0 18.0643 24.2451
10 25 0 93.7092 96.4286
10 26 0 47.9008 50.7223
10 27 0 16.0188 19.341
10 28 0 85.4209 103.204
10 29 0 6.30783 7.10668
10 30 0 20.4627 30.1665
10 31 0 69.9486 74.3615
10 32 0 26.8267 35.523
10 33 0 73.89 79.8348
10 34 1 76.046 89.9076
10 35 0 58.0766 73.2248
10 36 0 93.6066 97.3054
10 37 0 69.094 85.7445
10 38 0 99.7124 117.618
10 39 0 81.3219 87.1007
10 40 0 26.6447 34.2402
10 41 0 66.3584 71.2842
10 42 0 53.7446 66.2083
10 43 1 51.994 52.729
10 44 0 84.9575 94.8154
10 45 0 38.3461 44.6778
10 46 0 26.5885 31.1612
10 47 0 50.5802 57.6817
10 48 0 10.272 14.2626
10 49 0 85.9765 97.0755
10 50 1 41.8771 48.8361
10 51 1 40.392 45.8329
10 52 0 29.1888 32.2637
10 53 1 93.8187 135.249
10 54 0 71.0316 85.2924
10 55 0 82.6197 107.294
10 56 0 65.8744 96.4955
10 57 0 0.945854 1.25002
10 58 1 44.4747 49.0324
10 59 1 65.5404 76.6257
10 60 0 10.9303 11.5351
11 1 0 30.2449 43.9891
11 2 0 12.5609 17.3448
11 3 0 37.4987 53.6312
11 4 0 68.4468 79.1074
11 5 0 20.6031 30.7326
11 6 0 19.0575 24.7984
11 7 0 55.9284 66.5167
11 8 0 96.9721 131.462
11 9 0 88.6932 114.177
11 10 1 38.0032 43.4578
11 12 1 25.5236 35.4655
11 13 0 75.6186 83.1822
11 14 0 23.6407 30.9336
11 15 1 56.8151 81.2711
11 16 0 29.6178 32.16
11 17 1 87.3222 119.2
11 18 1 93.1747 122.316
11 19 0 86.332 90.1244
11 20 0 93.6378 127.969
11 21 0 71.2439 94.1263
11 22 1 12.2982 14.1275
11 23 0 62.0151 84.0513
11 24 0 24.7837 30.5983
11 25 0 26.6751 28.8521
11 26 0 87.976 95.0887
11 27 0 46.6947 48.3855
11 28 1 91.4087 127.5
11 29 0 79.2398 90.3767
11 30 0 5.61935 5.64565
11 31 0 15.7522 17.5272
11 32 0 94.0405 106.952
11 33 0 11.1508 13.4338
11 34 0 90.1843 91.281
11 35 0 63.9102 66.9202
11 36 0 5.87029 5.92119
11 37 0 57.1062 81.6515
11 38 0 28.7623 34.7992
11 39 0 8.50203 11.7304
11 40 0 83.5556 92.3695
11 41 0 95.6221 132.338
11 42 0 75.0382 77.9309
11 43 0 12.4964 17.9371
11 44 0 66.334 87.6705
11 45 0 85.319 95.8296
11 46 0 95.7327 103.113
11 47 0 55.7828 73.4144
11 48 0 58.0701 72.0839
11 49 0 7.78073 10.2237
11 50 0 84.013 118.431
11 51 0 5.91157 6.43116
11 52 0 61.1893 65.3431
11 53 0 27.935 28.3628
11 54 0 68.8323 80.348
11 55 0 82.6793 103.791
11 56 0 4.98607 6.60019
11 57 0 0.940414 1.36309
11 58 0 75.7536 90.6427
11 59 0 41.3984 43.5456
11 60 0 74.962 108.61
12 1 0 86.1262 112.997
12 2 0 83.8026 114.269
12 3 0 27.9675 39.5794
12 4 0 27.9856 29.165
12 5 0 65.7927 68.4724
12 6 0 92.4486 113.3
12 7 0 45.033 57.8784
12 8 0 37.9036 44.2202
12 9 0 97.6315 111.456
12 10 0 83.8785 123.764
12 11 0 81.0892 109.361
12 13 1 53.7769 79.4183
12 14 1 53.3857 73.0426
12 15 0 94.4162 101.871
12 16 0 71.1045 93.1799
12 17 0 52.8407 69.9064
12 18 0 22.5043 25.0876
12 19 1 3.34794 4.86086
12 20 1 49.4305 70.516
12 21 0 62.6819 65.4482
12 22 0 60.9187 75.0764
12 23 0 5.53507 5.53881
12 24 0 80.6744 101.327
12 25 0 56.0929 79.267
12 26 0 53.4051 78.1955
12 27 0 91.3558 111.9
12 28 0 17.6285 25.4734
12 29 0 83.8326 121.812
12 30 0 40.2842 42.2912
12 31 0 18.9246 25.859
12 32 0 88.0858 91.521
12 33 1 75.2223 84.2539
12 34 0 98.5847 123.631
12 35 0 66.4212 88.0254
12 36 0 82.7404 97.2767
12 37 0 0.743218 1.07227
12 38 0 78.5386 106.278
12 39 1 35.8595 50.7085
12 40 0 97.3693 113.588
12 41 0 17.3536 17.4367
12 42 1 28.3275 37.2062
12 43 1 70.7374 92.3843
12 44 1 51.0706 69.4671
12 45 0 43.7758 51.3846
12 46 0 82.4549 101.768
12 47 0 42.0976 49.4993
12 48 0 13.2635 19.4823
12 49 0 24.9775 32.7025
12 50 0 39.6668 51.9589
12 51 0 91.2571 113.219
12 52 0 67.5271 92.0495
12 53 1 61.941 74.2502
12 54 0 27.6492 32.859
12 55 0 77.9665 79.2696
12 56 0 96.4311 106.698
12 57 0 80.2732 112.982
12 58 0 30.2945 42.2163
12 59 0 63.2493 64.507
12 60 0 43.2217 47.3498
13 1 0 70.8568 87.4596
13 2 0 30.5771 37.6396
13 3 0 33.5036 33.5408
13 4 0 45.9458 66.7592
13 5 0 69.3221 82.2049
13 6 0 75.7449 112.653
13 7 0 58.1445 64.7416
13 8 0 53.0104 60.6582
13 9 0 8.95873 12.8818
13 10 0 45.8443 55.1724
13 11 0 51.6878 52.5967
13 12 0 41.5882 46.8709
13 14 1 81.697 117.214
13 15 0 96.583 116.415
13 16 0 33.9814 41.4148
13 17 0 18.4418 21.6269
13 18 0 2.09813 2.68189
13 19 0 34.1959 44.7216
13 20 1 12.7388 15.6299
13 21 0 90.8482 99.1514
13 22 0 70.6312 101.624
13 23 1 16.0293 23.7287
13 24 0 0.794947 1.17812
13 25 1 60.6791 87.4628
13 26 0 41.3191 57.3554
13 27 0 26.0068 35.0931
13 28 1 50.179 70.1867
13 29 0 27.9363 35.2967
13 30 0 72.0127 90.1489
13 31 1 19.1933 21.4093
13 32 0 57.9214 85.8582
13 33 0 65.0766 70.6965
13 34 0 95.2868 141.929
13 35 0 21.7655 25.4194
13 36 0 4.84904 5.26348
13 37 0 0.359128 0.387945
13 38 0 72.0593 92.9636
13 39 0 6.39048 8.72603
13 40 1 72.065 80.78
13 41 0 61.7378 71.329
13 42 0 0.95513 1.34583
13 43 0 10.0412 11.3734
13 44 0 83.203 97.9194
13 45 1 92.439 101.204
13 46 0 89.2063 124.956
13 47 0 85.4761 120.68
13 48 0 97.0365 100.583
13 49 0 32.0225 41.2492
13 50 0 32.9609 43.8025
13 51 0 41.3359 55.5456
13 52 0 52.8632 71.5225
13 53 1 17.6084 18.225
13 54 0 75.1991 95.678
13 55 0 4.68049 5.55908
13 56 0 75.3918 105.841
13 57 0 64.0208 70.3733
13 58 0 28.1595 34.2433
13 59 0 44.4052 49.432
13 60 0 95.7653 129.626
14 1 0 76.2809 79.7466
14 2 0 95.5023 105.317
14 3 0 2.73652 3.51374
14 4 0 14.6453 14.9955
14 5 0 73.9923 84.4754
14 6 0 6.87303 7.71382
14 7 0 27.1201 28.5001
14 8 0 43.5715 52.4485
14 9 0 94.3122 137.543
14 10 1 9.08605 13.3059
14 11 0 83.6349 85.9773
14 12 0 3.33776 4.27812
14 13 0 98.2683 127.323
14 15 1 59.8341 77.9587
14 16 0 14.9946 20.7388
14 17 0 55.611 81.6541
14 18 0 16.628 20.1647
14 19 1 62.329 68.2294
14 20 0 31.6984 32.6618
14 21 1 32.5278 42.8294
14 22 0 52.5326 55.8827
14 23 0 4.94808 5.33296
14 24 0 87.4925 105.331
14 25 1 16.995 21.3102
14 26 0 32.8344 33.1473
14 27 0 14.7536 18.5881
14 28 0 54.5702 75.4235
14 29 0 62.0416 74.9968
14 30 0 47.7987 61.9585
14 31 1 93.9456 100.567
14 32 0 37.7026 44.3658
14 33 0 45.8184 62.0559
14 34 0 60.1715 72.0422
14 35 0 5.24777 7.32292
14 36 1 30.2879 32.5618
14 37 0 49.12 55.0266
14 38 0 99.3412 128.723
14 39 0 86.0406 91.972
14 40 1 49.3258 51.7831
14 41 0 40.1894 56.0387
14 42 0 5.60642 6.15517
14 43 0 86.6448 125.578
14 44 0 83.4491 118.108
14 45 0 46.2002 54.3582
14 46 0 27.1575 27.5486
14 47 0 52.321 56.8527
14 48 0 64.5344 76.5022
14 49 0 6.58946 9.79504
14 50 0 66.9451 74.8227
14 51 0 98.39 127.296
14 52 0 63.0323 79.8086
14 53 0 41.9478 52.2142
14 54 0 59.0729 82.8824
14 55 0 97.8419 114.921
14 56 0 68.9328 100.331
14 57 1 90.437 95.596
14 58 1 2.85696 4.01205
14 59 0 9.27921 12.0434
14 60 0 17.3482 25.8667
15 1 0 18.4539 18.6484
15 2 0 65.1869 72.5074
15 3 0 54.1578 61.9656
15 4 0 57.1848 63.0108
15 5 1 41.9384 52.0935
15 6 0 30.3946 33.7218
15 7 0 39.9441 49.97
15 8 0 35.5921 42.6664
15 9 0 85.1212 108.644
15 10 0 21.1099 21.3085
15 11 1 53.1252 63.056
15 12 0 78.6484 92.0791
15 13 0 24.9797 30.7379
15 14 0 86.0859 126.873
15 16 1 28.8413 33.8883
15 17 0 24.3474 25.0866
15 18 0 88.5606 89.7162
15 19 0 27.0733 37.7218
15 20 0 25.5478 32.6675
15 21 0 94.611 127.882
15 22 0 26.7808 27.4943
15 23 0 27.6771 36.8568
15 24 0 91.6459 131.738
15 25 0 97.7987 101.395
15 26 0 59.445 71.5131
15 27 0 36.7517 52.7951
15 28 0 32.9236 40.2306
15 29 0 54.9487 67.8714
15 30 0 88.2077 131.39
15 31 0 6.65167 7.60099
15 32 0 25.166 26.0721
15 33 0 93.4328 101.825
15 34 0 25.4563 36.1737
15 35 0 85.7855 112.516
15 36 0 37.3079 47.5991
15 37 0 69.5161 92.4153
15 38 0 91.6658 109.071
15 39 0 97.433 107.852
15 40 0 43.5992 50.6811
15 41 0 63.951 79.4003
15 42 0 52.9112 61.5174
15 43 0 81.0997 114.008
15 44 0 7.282 9.37853
15 45 0 54.3813 54.8893
15 46 0 52.5458 72.87
15 47 0 25.2074 27.3826
15 48 0 57.1575 57.451
15 49 0 43.8962 51.8374
15 50 0 55.0024 71.8262
15 51 0 43.6331 44.0204
15 52 0 61.3203 62.7065
15 53 0 72.468 95.2652
15 54 0 54.0598 58.2371
15 55 0 63.9178 80.0005
15 56 0 9.65224 12.9027
15 57 0 43.732 58.8703
15 58 0 66.2169 90.5191
15 59 0 71.7718 87.6142
15 60 0 2.66729 3.33632
16 1 0 20.8262 29.2103
16 2 0 18.7355 19.8715
16 3 0 96.6772 126.973
16 4 0 68.6257 82.8798
16 5 0 62.2553 81.7319
16 6 0 7.06964 7.65825
16 7 1 79.8919 88.1631
16 8 0 60.9198 75.6139
16 9 0 59.2893 87.3503
16 10 0 59.7788 67.794
16 11 0 4.21154 5.15996
16 12 0 95.991 104.748
16 13 0 60.8625 76.1387
16 14 0 49.5886 65.7282
16 15 0 33.8686 47.3817
16 17 1 83.3968 119.502
16 18 0 93.3275 121.743
16 19 0 29.1301 35.1091
16 20 0 29.8455 39.8527
16 21 0 37.4231 38.7223
16 22 0 99.2921 120.486
16 23 0 88.9725 109.542
16 24 0 37.3567 54.0932
16 25 0 88.5545 107.493
16 26 0 30.0946 42.8738
16 27 0 69.2264 77.6845
16 28 1 25.4924 35.0842
16 29 0 20.2332 20.9731
16 30 0 24.3412 36.3031
16 31 0 13.2568 16.0107
16 32 1 23.3865 30.7655
16 33 1 45.1351 59.0933
16 34 0 2.55036 3.78961
16 35 0 51.2182 54.3441
16 36 0 40.7759 48.7447
16 37 0 62.8168 89.7336
16 38 1 2.69 2.79912
16 39 0 9.19873 9.27758
16 40 0 76.0681 89.578
16 41 0 92.7179 96.5968
16 42 0 55.1638 72.1322
16 43 0 26.0191 30.358
16 44 0 27.8837 30.3276
16 45 0 92.5145 125.7
16 46 0 25.6591 37.8907
16 47 0 91.5923 121.064
16 48 0 92.5575 119.821
16 49 0 52.8536 57.1908
16 50 0 3.12595 3.14738
16 51 0 35.9369 48.5787
16 52 0 99.8955 120.214
16 53 0 35.4454 44.5968
16 54 0 54.976 66.1246
16 55 0 51.9541 56.0149
16 56 0 58.1822 61.457
16 57 0 2.8436 3.39171
16 58 0 26.7781 33.8218
16 59 0 13.2 15.8686
16 60 0 84.9843 109.726
17 1 0 45.3977 65.9561
17 2 1 83.6919 109.996
17 3 0 92.3696 96.8952
17 4 0 10.6776 11.889
17 5 0 10.898 13.9876
17 6 0 68.9838 101.06
17 7 1 75.1132 83.8272
17 8 0 16.0663 20.1243
17 9 0 2.15749 2.4023
17 10 0 35.627 37.4838
17 11 0 7.48714 8.89318
17 12 0 60.1783 65.1175
17 13 1 17.9039 24.7244
17 14 1 35.8717 45.1849
17 15 1 0.12706 0.184244
17 16 0 95.6506 127.419
17 18 1 15.9498 20.2779
17 19 0 37.0483 44.3961
17 20 0 70.4815 78.1496
17 21 0 52.5493 78.044
17 22 0 55.348 66.2094
17 23 0 36.3274 52.3534
17 24 1 70.0705 92.7514
17 25 1 75.4242 79.52
17 26 0 96.9201 144.796
17 27 0 81.1869 109.875
17 28 0 77.3549 91.8473
17 29 0 82.9305 109.583
17 30 0 40.8113 52.86
17 31 0 37.8917 39.7059
17 32 0 6.04706 8.66705
17 33 0 68.7782 79.143
17 34 0 8.0492 11.5955
17 35 1 35.4945 42.0409
17 36 0 90.2783 118.756
17 37 0 44.1948 54.0534
17 38 0 27.015 35.9396
17 39 0 83.1652 100.71
17 40 0 72.7078 93.2422
17 41 0 19.4161 22.26
17 42 0 40.6762 51.1667
17 43 0 99.4029 102.856
17 44 0 12.0832 12.3509
17 45 0 10.6178 15.6969
17 46 0 14.9993 22.2335
17 47 0 56.8191 72.0375
17 48 0 33.2264 34.4797
17 49 0 7.1103 7.55833
17 50 0 78.4713 112.743
17 51 0 82.675 92.2685
17 52 0 26.9111 28.2593
17 53 0 8.74201 11.2062
17 54 0 70.8757 94.8967
17 55 0 18.8956 19.3359
17 56 0 40.4545 41.5371
17 57 0 63.756 87.1373
17 58 0 45.6195 61.6586
17 59 0 38.9307 38.9835
17 60 0 90.0669 133.633
18 1 0 6.63051 7.10732
18 2 0 22.0292 26.0962
18 3 1 30.8671 39.5205
18 4 0 81.2266 91.3392
18 5 0 7.82166 10.4052
18 6 0 21.947 27.0709
18 7 0 63.8942 70.2601
18 8 0 54.3829 79.9382
18 9 0 79.9245 119.25
18 10 1 78.0477 109.711
18 11 0 18.6216 21.2586
18 12 0 79.8935 94.734
18 13 1 22.4856 31.0775
18 14 0 71.5474 84.491
18 15 0 44.4423 55.6488
18 16 0 13.9252 20.4061
18 17 0 29.8842 36.1298
18 19 1 77.3893 111.197
18 20 0 15.7939 21.9094
18 21 0 47.6565 49.1502
18 22 0 11.3171 16.3839
18 23 0 93.3379 98.8708
18 24 0 42.2312 59.6112
18 25 0 18.6907 24.4524
18 26 0 91.5385 127.305
18 27 0 35.2366 36.8456
18 28 0 66.9606 98.4767
18 29 0 15.6637 19.6326
18 30 0 91.1214 135.829
18 31 1 76.9058 81.4795
18 32 0 10.7034 12.027
18 33 0 3.95283 4.81606
18 34 0 46.8447 65.7033
18 35 0 81.3789 103.866
18 36 0 58.5822 62.8284
18 37 0 63.7314 72.9909
18 38 0 97.9596 108.682
18 39 0 35.1529 37.2002
18 40 0 55.1235 80.9291
18 41 0 6.92702 7.90048
18 42 0 47.062 48.3023
18 43 0 87.1068 100.79
18 44 1 58.1857 86.6052
18 45 0 24.5083 33.4537
18 46 0 57.2784 70.069
18 47 0 97.7927 114.259
18 48 0 19.9427 27.8757
18 49 0 41.6368 62.4446
18 50 1 22.0201 25.1769
18 51 0 1.90384 2.76353
18 52 0 82.3563 122.398
18 53 0 57.299 79.8564
18 54 0 97.9119 112.534
18 55 0 5.76352 6.07756
18 56 0 43.515 63.4534
18 57 0 14.6557 20.7871
18 58 0 34.8901 50.5206
18 59 0 77.458 98.4449
18 60 0 17.9484 21.8364
19 1 0 43.9142 57.9674
19 2 1 56.1824 69.716
19 3 0 36.7881 39.0477
19 4 1 11.0606 11.1568
19 5 0 58.4842 73.087
19 6 1 51.7523 77.5257
19 7 0 55.0116 70.1392
19 8 0 9.60545 9.74624
19 9 0 49.3539 58.5569
19 10 0 37.8791 48.9958
19 11 0 41.5503 55.1072
19 12 0 2.86452 2.93133
19 13 0 71.7391 83.3317
19 14 0 77.8908 103.993
19 15 0 95.7599 130.374
19 16 0 62.7264 89.6666
19 17 0 11.1275 12.2047
19 18 0 44.3134 45.3582
19 20 1 34.4617 37.2119
19 21 0 38.7903 46.3505
19 22 0 39.2053 58.0783
19 23 1 96.3834 96.7771
19 24 0 35.1457 39.5102
19 25 0 88.6474 117.382
19 26 0 36.0934 46.1691
19 27 0 78.4064 95.1944
19 28 0 62.0847 84.0067
19 29 0 56.1812 62.1187
19 30 0 90.459 112.169
19 31 0 75.6595 113.425
19 32 0 4.10157 5.12976
19 33 0 63.8545 73.5479
19 34 0 93.3079 109.783
19 35 0 65.4024 75.1136
19 36 0 23.6195 35.3528
19 37 0 17.8718 18.7611
19 38 0 36.954 41.9796
19 39 0 8.98961 12.8956
19 40 0 98.015 122.108
19 41 0 1.13428 1.63643
19 42 1 19.9541 23.466
19 43 0 67.4192 73.0129
19 44 0 60.7035 87.6301
19 45 0 92.9967 125.085
19 46 0 72.2822 87.5623
19 47 0 94.2905 123.961
19 48 0 58.986 67.3369
19 49 0 90.3018 131.652
19 50 0 44.3081 49.0824
19 51 0 98.2899 139.332
19 52 1 42.5632 63.6059
19 53 0 23.1701 25.8389
19 54 0 30.3794 33.4561
19 55 1 97.4819 130.193
19 56 0 29.5447 37.8223
19 57 1 62.7489 89.5603
19 58 1 47.1548 60.6152
19 59 0 75.6077 93.1879
19 60 0 86.2142 120.713
20 1 0 58.6951 72.2493
20 2 0 79.5369 117.44
20 3 0 88.4092 124.111
20 4 0 76.5047 96.231
20 5 0 0.580921 0.764906
20 6 0 59.6158 80.6972
20 7 0 29.6849 29.8723
20 8 0 39.0917 41.5341
20 9 0 15.7886 21.9778
20 10 0 86.8348 104.494
20 11 1 63.5365 71.0494
20 12 0 14.9761 22.2064
20 13 0 44.024 56.6958
20 14 0 14.2756 17.4905
20 15 0 26.6514 28.9726
20 16 0 90.2911 106.384
20 17 0 95.2769 123.469
20 18 0 40.2796 55.8913
20 19 1 93.6165 94.048
20 21 1 52.0275 72.9854
20 22 0 2.42699 3.50741
20 23 0 26.2096 27.7137
20 24 0 25.7891 33.2548
20 25 0 75.0299 103.681
20 26 0 18.482 19.763
20 27 1 12.1583 15.04
20 28 0 25.4238 27.1102
20 29 0 26.9135 31.8619
20 30 0 85.66 116.181
20 31 0 44.706 56.1292
20 32 0 30.181 31.3549
20 33 0 53.8581 67.2577
20 34 0 96.0936 115.819
20 35 0 25.8658 37.4063
20 36 0 88.0003 100.952
20 37 1 37.3253 48.5298
20 38 0 32.6253 45.7365
20 39 0 33.1452 34.5772
20 40 0 77.1267 106.68
20 41 0 34.7567 38.2572
20 42 0 96.6131 123.796
20 43 0 0.494158 0.6584
20 44 0 63.5435 80.3033
20 45 0 73.6495 79.1835
20 46 0 89.8281 133.459
20 47 0 0.933933 1.38748
20 48 0 64.5475 72.8813
20 49 0 49.3394 71.6541
20 50 0 2.60014 3.63437
20 51 0 67.6261 93.5068
20 52 0 27.1036 27.8355
20 53 0 5.31332 5.83486
20 54 0 1.43533 1.96661
20 55 0 32.3065 44.2881
20 56 0 67.8263 74.3376
20 57 0 76.0151 89.238
20 58 1 56.4865 76.7086
20 59 0 58.3888 80.4616
20 60 0 72.5465 89.4628
21 1 0 47.3243 52.601
21 2 0 83.955 107.647
21 3 0 18.4597 19.8743
21 4 0 56.5881 63.5833
21 5 0 88.7735 124.04
21 6 1 80.2563 83.0867
21 7 0 40.3341 43.5272
21 8 0 25.7984 38.6168
21 9 1 85.9542 126.487
21 10 0 21.8108 30.2192
21 11 0 62.904 71.5257
21 12 0 92.3177 95.6284
21 13 0 94.4647 110.369
21 14 0 57.8547 72.1946
21 15 0 94.3004 96.183
21 16 1 7.58667 7.88828
21 17 0 33.9467 39.9214
21 18 0 29.6479 34.4566
21 19 0 33.7499 36.3149
21 20 0 71.1935 104.34
21 22 1 92.6207 100.013
21 23 0 33.3318 40.4588
21 24 0 35.7579 36.8002
21 25 0 67.9573 99.0708
21 26 0 62.6372 74.6844
21 27 0 44.2157 52.4906
21 28 0 74.0723 108.561
21 29 0 16.4451 22.7853
21 30 0 36.6927 49.954
21 31 1 25.3136 37.1508
21 32 0 61.5814 65.9099
21 33 0 5.53066 6.82956
21 34 0 31.6016 42.5447
21 35 0 80.4323 80.5837
21 36 0 63.3617 79.2259
21 37 0 33.6423 43.5369
21 38 0 34.2491 47.5089
21 39 0 69.9081 93.659
21 40 0 82.7788 123.192
21 41 1 17.8995 21.2115
21 42 1 30.8329 39.4709
21 43 0 49.3328 69.2913
21 44 0 92.6053 104.425
21 45 0 42.9571 56.2201
21 46 0 57.7102 75.9118
21 47 0 9.08709 10.9939
21 48 0 30.0393 31.1738
21 49 0 3.26177 4.55914
21 50 0 82.4736 83.4823
21 51 0 80.9924 87.9638
21 52 0 23.9054 29.8125
21 53 0 36.1018 53.7046
21 54 0 8.35355 11.2281
21 55 0 53.5549 73.2682
21 56 0 35.2115 38.1759
21 57 0 41.2767 47.1807
21 58 0 66.305 75.0663
21 59 0 45.602 47.925
21 60 0 25.4771 27.1966
22 1 0 98.0865 98.8334
22 2 0 20.7794 28.2719
22 3 0 13.4792 14.2512
22 4 0 67.8837 85.4815
22 5 0 49.4947 57.6648
22 6 0 20.5532 28.5396
22 7 0 56.1851 65.6823
22 8 0 73.3242 103.116
22 9 0 94.284 115.997
22 10 0 26.6514 27.7
22 11 0 82.8022 106.221
22 12 0 44.544 58.7343
22 13 0 56.88 76.4223
22 14 0 87.7404 128.31
22 15 0 6.09647 8.85126
22 16 0 21.1486 25.946
22 17 0 63.1372 68.6302
22 18 0 78.7154 86.503
22 19 0 51.2782 66.3476
22 20 0 20.5785 30.1336
22 21 1 33.3657 40.3155
22 23 1 92.8462 126.716
22 24 0 38.3689 53.4396
22 25 0 19.555 21.1
22 26 0 12.9713 13.0263
22 27 0 3.24606 4.39627
22 28 0 37.1175 48.0848
22 29 0 60.1978 75.2765
22 30 0 40.1965 52.1402
22 31 0 8.10425 9.37114
22 32 0 38.2384 53.5987
22 33 0 37.0493 50.1027
22 34 0 30.4215 31.8712
22 35 1 96.9252 97.6766
22 36 0 56.932 78.9435
22 37 0 65.9004 79.4393
22 38 0 56.5549 61.0752
22 39 1 98.9805 103.865
22 40 0 99.4942 135.729
22 41 1 17.6745 26.2887
22 42 0 39.7158 42.7436
22 43 0 99.0957 143.958
22 44 0 54.635 70.1243
22 45 0 47.3554 68.0912
22 46 0 18.853 21.4822
22 47 0 8.09887 10.2802
22 48 1 87.8145 100.396
22 49 0 87.5491 112.135
22 50 0 12.929 15.104
22 51 0 17.6339 19.9379
22 52 0 50.1002 71.2652
22 53 0 55.5431 60.61
22 54 0 49.5282 59.1207
22 55 0 20.1047 25.3486
22 56 0 99.7259 139.391
22 57 0 51.0353 73.1105
22 58 0 62.4867 77.8396
22 59 0 93.5466 138.147
22 60 0 40.5134 54.0541
23 1 0 34.3697 39.4386
23 2 0 8.35477 11.1337
23 3 0 93.9438 113.149
23 4 0 87.5479 121.561
23 5 0 97.4864 122.816
23 6 1 16.0748 16.7293
23 7 0 84.6589 104.515
23 8 1 98.8108 140.758
23 9 0 33.695 45.3328
23 10 0 2.54259 3.39391
23 11 0 28.4542 31.9551
23 12 0 14.6784 21.9976
23 13 0 54.399 79.2118
23 14 0 13.2014 18.7453
23 15 0 95.7557 127.809
23 16 0 84.5293 113.29
23 17 0 12.458 17.5426
23 18 0 76.0091 98.9421
23 19 0 75.2884 106.5
23 20 0 82.8247 92.9249
23 21 0 47.8011 50.6176
23 22 0 76.6356 86.4799
23 24 1 1.83344 2.5082
23 25 0 37.5832 54.9883
23 26 0 61.9624 81.7482
23 27 0 74.7803 106.816
23 28 1 2.37922 2.38513
23 29 1 34.1388 48.2807
23 30 0 40.7888 55.7447
23 31 0 44.294 53.0375
23 32 0 18.5423 19.7168
23 33 0 11.2163 12.5031
23 34 0 17.5036 19.0658
23 35 0 48.2339 70.7941
23 36 0 34.0322 38.6248
23 37 0 85.2674 90.3766
23 38 0 18.9753 20.4166
23 39 1 14.5544 14.7085
23 40 0 11.5507 15.4488
23 41 0 66.702 74.5565
23 42 0 65.1358 65.5357
23 43 0 77.2227 113.433
23 44 0 79.602 109.827
23 45 0 81.7669 94.2825
23 46 0 90.7618 135.182
23 47 0 32.4664 41.9064
23 48 0 20.8676 27.7235
23 49 0 33.2491 47.7686
23 50 0 53.7061 58.6282
23 51 0 66.0565 78.3902
23 52 0 38.0229 53.9025
23 53 0 71.0767 101.501
23 54 0 60.0334 75.4005
23 55 0 85.9824 91.2601
23 56 1 21.7786 25.7667
23 57 0 38.9471 46.1937
23 58 0 3.99635 4.87314
23 59 0 72.3407 77.1902
23 60 0 5.84203 6.88585
24 1 0 67.9679 96.3038
24 2 0 23.1573 26.7508
24 3 0 33.197 42.5361
24 4 0 84.1206 106.541
24 5 0 92.2563 118.719
24 6 0 52.0827 69.5156
24 7 0 68.9341 74.4312
24 8 0 66.7063 79.5069
24 9 1 54.49 72.709
24 10 0 15.5247 20.0117
24 11 0 17.4372 19.18
24 12 0 59.7367 79.3394
24 13 0 33.0831 33.7742
24 14 1 91.3817 115.628
24 15 0 6.67044 7.44808
24 16 0 33.3364 48.2354
24 17 0 92.1037 122.742
24 18 0 86.3899 126.806
24 19 0 26.8654 29.8952
24 20 0 16.8589 22.962
24 21 0 68.249 86.0913
24 22 0 65.3523 70.675
24 23 0 50.7366 54.4129
24 25 1 67.3135 76.7465
24 26 0 86.8289 126.687
24 27 0 90.2157 127.562
24 28 0 83.3899 109.07
24 29 0 53.0319 56.4582
24 30 0 39.2757 52.6739
24 31 0 53.22 59.0493
24 32 0 75.4225 79.29
24 33 0 29.9689 40.8205
24 34 0 61.4622 82.0632
24 35 0 60.4505 77.0116
24 36 0 60.7141 65.1162
24 37 0 21.2112 23.3659
24 38 0 27.2656 30.9562
24 39 0 55.6686 75.1775
24 40 0 20.4002 24.9997
24 41 0 49.7963 68.1126
24 42 1 94.1763 139.652
24 43 0 32.1127 45.3119
24 44 0 39.6695 57.4845
24 45 1 25.0741 34.0189
24 46 0 26.8427 37.3733
24 47 0 56.8211 74.3889
24 48 0 36.7 47.139
24 49 0 70.5857 76.6675
24 50 0 53.1544 68.2602
24 51 1 45.9579 49.1202
24 52 0 12.5929 13.0809
24 53 0 26.2074 37.1278
24 54 0 91.3977 109.93
24 55 0 24.9176 32.9606
24 56 1 12.8632 13.7331
24 57 0 91.0827 132.773
24 58 0 98.0995 144.727
24 59 0 80.8854 88.4181
24 60 0 86.6123 126.469
25 1 0 40.7376 58.809
25 2 0 89.0946 128
25 3 0 76.3375 79.8558
25 4 0 65.5165 87.7881
25 5 0 34.0358 44.7796
25 6 0 56.046 82.9322
25 7 1 20.0325 23.3384
25 8 0 13.7976 19.2135
25 9 0 29.5431 35.3001
25 10 0 36.5241 48.007
25 11 0 27.5566 32.8201
25 12 1 27.2326 37.5917
25 13 0 57.891 66.4532
25 14 0 20.7727 27.3453
25 15 0 43.6938 54.2151
25 16 0 18.0968 22.4888
25 17 0 22.71 22.7899
25 18 0 58.4238 61.1888
25 19 0 53.1834 69.4719
25 20 0 18.9054 21.2497
25 21 0 53.4923 78.917
25 22 1 39.306 49.3723
25 23 0 65.8688 91.3011
25 24 0 98.039 129.936
25 26 1 45.1143 59.8376
25 27 0 85.8209 105.547
25 28 0 40.276 41.3047
25 29 0 71.6572 95.2669
25 30 0 43.6497 59.3173
25 31 0 78.0942 90.0948
25 32 0 10.2542 11.3718
25 33 1 6.75897 8.37462
25 34 0 54.6939 62.6292
25 35 0 61.7226 90.3967
25 36 0 96.1474 127.247
25 37 0 90.0313 102.853
25 38 0 52.2526 52.3665
25 39 0 88.1195 128.069
25 40 0 61.1001 70.233
25 41 0 26.3167 35.1875
25 42 1 74.2936 96.4281
25 43 0 37.2437 42.3728
25 44 0 1.86576 1.8895
25 45 0 87.0343 111.53
25 46 0 90.8491 98.5597
25 47 1 30.811 33.9281
25 48 0 90.5874 128.963
25 49 0 16.6967 23.5272
25 50 0 36.8791 49.431
25 51 0 48.6005 70.285
25 52 0 96.6258 123.52
25 53 0 5.06105 5.52679
25 54 0 55.3433 61.7487
25 55 0 5.16013 5.6351
25 56 0 32.0723 41.2437
25 57 0 21.7897 21.937
25 58 0 15.5567 17.4176
25 59 0 61.2061 69.3634
25 60 0 21.3085 31.0152
26 1 1 93.2758 122.034
26 2 0 21.956 31.4852
26 3 1 27.3572 39.7592
26 4 0 31.5925 42.8013
26 5 0 16.4213 22.3754
26 6 1 18.6108 23.5014
26 7 0 50.718 73.8783
26 8 1 9.87783 13.8314
26 9 0 34.9739 41.5004
26 10 0 92.5142 92.9232
26 11 0 3.68165 4.81639
26 12 0 84.0612 124.726
26 13 0 3.95003 3.98856
26 14 1 21.5695 24.4747
26 15 0 13.4291 17.661
26 16 0 86.4124 105.363
26 17 0 52.3307 54.071
26 18 0 87.6147 94.2032
26 19 0 0.47115 0.52029
26 20 0 29.4254 36.0932
26 21 0 15.3032 17.4459
26 22 0 88.96 93.5306
26 23 0 26.7907 27.8262
26 24 0 33.8752 41.2136
26 25 1 39.8138 53.5288
26 27 1 71.7978 86.4836
26 28 0 75.9743 101.836
26 29 0 43.1508 60.1739
26 30 0 99.2231 124.063
26 31 0 74.9913 100.721
26 32 0 75.2335 83.694
26 33 0 52.2988 60.7201
26 34 1 25.2708 32.6229
26 35 0 45.6771 52.5063
26 36 0 28.5054 38.4094
26 37 0 5.7812 6.894
26 38 0 13.4801 14.2355
26 39 0 64.6475 83.6204
26 40 0 42.549 55.9113
26 41 0 85.9061 86.8294
26 42 0 51.1885 61.1297
26 43 0 72.6756 78.1291
26 44 0 76.2591 106.343
26 45 1 86.855 91.264
26 46 0 43.1542 50.8364
26 47 0 11.587 12.7774
26 48 0 40.13 55.639
26 49 0 46.0487 63.9803
26 50 0 64.8888 73.7626
26 51 0 85.3282 117.309
26 52 1 76.8884 87.3662
26 53 0 54.2796 79.5617
26 54 0 39.2982 58.8123
26 55 0 38.7121 43.5485
26 56 1 94.1921 128.381
26 57 0 82.3783 105.188
26 58 0 19.2547 23.4234
26 59 0 60.1588 75.4772
26 60 0 32.9752 38.416
27 1 0 94.7192 135.253
27 2 0 72.7792 106.845
27 3 0 76.3524 102.044
27 4 0 63.4067 69.0029
27 5 0 1.58153 2.31246
27 6 0 39.9388 57.9854
27 7 0 86.385 122.941
27 8 0 80.7261 81.6937
27 9 0 47.2565 56.1521
27 10 0 86.5224 109.835
27 11 0 69.2793 74.887
27 12 0 52.16 67.2476
27 13 0 92.3232 131.254
27 14 0 15.5484 18.4573
27 15 0 50.4781 67.7178
27 16 0 35.3717 47.581
27 17 0 64.1528 73.7567
27 18 0 83.444 95.2536
27 19 0 99.4099 118.683
27 20 0 23.8874 28.9272
27 21 0 77.4221 109.111
27 22 0 96.4767 113.279
27 23 0 86.3863 86.9056
27 24 0 31.9163 35.1621
27 25 0 47.3783 50.1018
27 26 0 54.9552 79.5353
27 28 1 13.747 14.8137
27 29 0 16.6155 23.4464
27 30 0 17.0338 20.1906
27 31 0 40.2239 50.9055
27 32 0 73.5449 80.8556
27 33 0 94.3533 134.153
27 34 0 46.0967 66.6588
27 35 0 33.6825 47.7412
27 36 0 98.7776 125.806
27 37 0 13.2707 19.1937
27 38 1 56.5146 74.8955
27 39 0 92.3686 106.499
27 40 0 92.4506 133.994
27 41 1 41.8771 45.6397
27 42 0 63.5466 86.9259
27 43 0 89.5535 127.657
27 44 0 30.4662 31.9374
27 45 0 86.7928 129.866
27 46 0 47.2124 64.706
27 47 0 54.512 81.4887
27 48 0 83.8487 98.0204
27 49 0 25.7639 30.7467
27 50 0 58.7651 82.6365
27 51 0 5.7263 6.34194
27 52 0 26.4325 38.1252
27 53 1 48.762 50.2714
27 54 0 4.19702 5.96061
27 55 0 54.2526 71.7651
27 56 0 39.387 42.2269
27 57 0 56.5047 76.1183
27 58 0 43.6815 46.2567
27 59 0 73.4821 98.006
27 60 0 74.2501 76.7907
28 1 0 34.0899 35.8015
28 2 0 80.9024 82.8605
28 3 0 77.5424 113.92
28 4 0 45.6153 58.0965
28 5 1 34.4369 42.4557
28 6 0 4.25951 5.83573
28 7 0 26.5876 30.0385
28 8 0 23.7017 29.7591
28 9 0 40.1984 59.0944
28 10 0 93.5234 135.886
28 11 0 28.0939 40.0279
28 12 0 4.71317 6.54797
28 13 0 27.2865 38.8906
28 14 0 76.9963 89.9575
28 15 0 15.8129 21.1269
28 16 0 42.6047 54.665
28 17 0 57.5197 82.3615
28 18 0 48.0013 69.0385
28 19 0 54.7704 75.3909
28 20 0 56.958 69.5071
28 21 1 68.3573 82.5887
28 22 0 42.4689 55.0165
28 23 0 76.5436 87.0935
28 24 0 17.877 18.1657
28 25 0 59.2715 62.678
28 26 0 8.09217 11.2579
28 27 0 6.90219 8.76113
28 29 1 22.7101 23.2558
28 30 0 14.1864 19.6338
28 31 0 66.9724 90.5932
28 32 0 5.12511 7.59909
28 33 0 76.464 83.9793
28 34 0 50.5517 53.1743
28 35 0 56.4351 68.4745
28 36 0 88.3512 123.913
28 37 0 65.0914 95.1951
28 38 0 13.3198 13.882
28 39 0 28.2993 32.3705
28 40 0 91.3871 120.51
28 41 1 74.8781 82.8287
28 42 0 49.6405 70.9928
28 43 1 81.8048 121.525
28 44 1 77.5837 112.38
28 45 0 11.2705 12.7433
28 46 0 28.3298 30.3077
28 47 1 19.4992 21.1171
28 48 0 81.8129 103.294
28 49 0 20.3019 28.5939
28 50 0 12.0031 14.246
28 51 0 97.6478 99.3325
28 52 0 25.9277 34.9635
28 53 0 30.9584 45.0972
28 54 0 67.3239 100.085
28 55 1 26.5153 26.7657
28 56 0 14.7948 16.8348
28 57 0 84.9896 120.832
28 58 0 42.5718 56.6775
28 59 0 37.7135 45.9613
28 60 1 30.111 44.5816
29 1 0 55.5246 71.3241
29 2 1 92.4679 125.627
29 3 0 22.835 25.6346
29 4 0 21.2666 31.8163
29 5 0 36.2813 36.4545
29 6 0 80.2955 100.774
29 7 0 60.2377 81.6036
29 8 0 28.6099 33.9344
29 9 0 71.1001 92.6393
29 10 0 18.0006 21.9995
29 11 0 14.2096 17.6721
29 12 0 38.6014 53.5176
29 13 0 26.3504 32.3653
29 14 0 43.2224 59.6575
29 15 0 29.9474 32.8316
29 16 0 70.2589 97.7263
29 17 0 42.1525 44.362
29 18 0 83.8842 111.445
29 19 0 35.767 43.5446
29 20 1 67.16 80.7784
29 21 1 1.6031 1.79217
29 22 0 43.5636 61.6496
29 23 0 0.310756 0.371582
29 24 0 54.9882 58.3403
29 25 0 79.0125 97.5452
29 26 0 58.2833 73.5073
29 27 1 11.5542 12.0372
29 28 0 79.0449 82.9525
29 30 1 56.3097 56.6426
29 31 0 1.36022 1.94103
29 32 0 80.2817 90.5803
29 33 0 26.8983 40.0189
29 34 0 32.6759 37.7258
29 35 0 8.58334 11.6219
29 36 0 4.51087 5.02851
29 37 1 43.1375 45.1367
29 38 0 86.5163 107.177
29 39 0 74.3399 92.7262
29 40 1 88.3515 129.156
29 41 0 92.0009 100.464
29 42 1 62.5635 78.6204
29 43 0 59.2839 78.745
29 44 0 6.97066 7.9426
29 45 1 30.6807 36.8159
29 46 0 41.1253 55.966
29 47 1 99.3123 105.919
29 48 0 7.944 8.2484
29 49 0 26.0928 37.6464
29 50 0 16.1209 19.771
29 51 0 79.9849 93.5138
29 52 0 47.9155 66.3645
29 53 0 24.14 30.9219
29 54 1 4.028 5.92805
29 55 0 50.6217 53.538
29 56 0 22.8424 24.1081
29 57 0 13.1683 16.603
29 58 0 96.6464 101.697
29 59 0 20.7315 26.0658
29 60 0 98.6474 145.993
30 1 0 34.8684 46.1498
30 2 0 22.1528 29.4772
30 3 0 61.9744 78.3539
30 4 0 67.7022 89.7598
30 5 0 22.5296 25.8367
30 6 0 60.2318 80.95
30 7 0 15.1846 17.8737
30 8 0 4.53805 5.29885
30 9 0 19.8098 25.7443
30 10 0 55.653 65.8001
30 11 0 95.3184 140.426
30 12 0 71.0332 90.321
30 13 0 93.1219 124.32
30 14 0 81.7011 91.2852
30 15 0 22.8727 32.9256
30 16 0 9.30489 9.61811
30 17 0 33.9815 50.1019
30 18 0 43.4183 61.598
30 19 0 58.799 83.3579
30 20 0 31.2207 39.5632
30 21 0 42.0574 52.8253
30 22 0 8.59893 9.31369
30 23 0 62.1753 90.1742
30 24 0 87.3503 101.697
30 25 0 42.6526 44.5113
30 26 0 0.0539633 0.0727171
30 27 0 55.9557 83.514
30 28 0 3.89454 5.4475
30 29 0 24.5522 30.9188
30 31 1 36.7426 42.0334
30 32 0 42.9857 58.5385
30 33 0 62.268 74.6012
30 34 0 82.8865 122.385
30 35 0 69.9315 98.3596
30 36 0 69.0852 102.661
30 37 0 95.9429 110.436
30 38 0 55.5286 80.4522
30 39 0 29.0995 39.3456
30 40 0 27.8931 41.7068
30 41 0 26.3978 27.6689
30 42 1 99.3709 146.294
30 43 0 59.8348 64.4502
30 44 0 70.1604 98.3276
30 45 0 12.2695 17.1343
30 46 0 61.2558 90.0707
30 47 0 93.1264 118.653
30 48 0 14.6469 19.5641
30 49 1 96.6814 103.665
30 50 0 12.8447 17.5135
30 51 0 69.7584 83.9287
30 52 0 76.0528 110.647
30 53 0 14.6128 16.0482
30 54 0 68.6685 88.8162
30 55 0 7.68188 9.53582
30 56 1 6.96037 8.94557
30 57 0 34.6639 40.2687
30 58 0 73.1847 98.0054
30 59 0 62.1848 90.1145
30 60 0 19.34 27.4363
31 1 0 49.2535 69.7689
31 2 0 93.1048 105.738
31 3 0 46.7763 47.2897
31 4 0 67.9467 68.3565
31 5 0 17.6614 25.1522
31 6 0 68.1508 93.2799
31 7 0 45.076 46.2564
31 8 0 36.428 38.1893
31 9 0 88.9419 105.452
31 10 0 39.774 52.0903
31 11 0 99.8497 139.145
31 12 1 45.6472 47.7802
31 13 0 18.0827 20.296
31 14 0 91.6083 99.1774
31 15 0 50.6656 52.6291
31 16 0 42.9263 63.4447
31 17 0 14.9503 20.0258
31 18 0 72.2686 95.7712
31 19 0 46.9674 48.8729
31 20 0 44.9248 64.0258
31 21 1 0.633137 0.894322
31 22 0 37.861 38.642
31 23 0 49.0405 73.4923
31 24 0 78.2985 80.6543
31 25 0 10.9712 13.0792
31 26 0 19.2788 20.7924
31 27 0 65.6301 79.4786
31 28 0 60.339 68.4073
31 29 0 80.4466 95.9617
31 30 0 97.4651 114.844
31 32 1 73.4872 79.6095
31 33 0 64.2338 90.977
31 34 0 51.2127 75.7394
31 35 0 34.1699 49.263
31 36 0 80.0386 107.122
31 37 0 99.6698 126.154
31 38 0 49.6594 67.1096
31 39 0 36.562 52.4849
31 40 0 15.6341 22.553
31 41 1 41.1339 48.8612
31 42 1 93.9799 135.822
31 43 0 29.7298 35.5743
31 44 0 5.84872 6.19212
31 45 1 74.7589 78.4669
31 46 0 41.8212 54.9783
31 47 0 7.94154 11.5403
31 48 0 96.4116 130.794
31 49 0 73.4034 78.1994
31 50 0 80.2697 95.6795
31 51 0 82.6678 106.208
31 52 0 85.3273 124.631
31 53 0 73.8836 77.5828
31 54 1 14.5223 15.3328
31 55 0 20.2216 29.5836
31 56 1 18.4796 19.3273
31 57 1 32.5762 35.9331
31 58 0 17.0276 20.3645
31 59 0 15.7341 15.9862
31 60 0 62.5114 70.2446
32 1 0 89.6519 121.647
32 2 0 62.5364 92.6684
32 3 1 85.9575 99.2763
32 4 0 35.1262 46.2949
32 5 0 92.4694 135.794
32 6 0 37.8018 46.119
32 7 1 4.536 5.72777
32 8 0 31.7356 43.0442
32 9 0 42.2897 56.5574
32 10 0 92.5129 121.663
32 11 0 41.6356 58.1535
32 12 0 40.9369 58.659
32 13 0 68.2914 76.7154
32 14 0 86.9346 117.847
32 15 0 97.832 145.822
32 16 0 97.3136 132.376
32 17 0 91.1754 120.697
32 18 0 26.731 36.5679
32 19 0 26.0633 29.9569
32 20 0 91.3043 104.741
32 21 0 28.9041 31.4862
32 22 0 91.6244 97.9125
32 23 0 7.54979 8.57511
32 24 0 64.8911 91.8326
32 25 0 78.6695 113.441
32 26 0 76.1985 98.6463
32 27 0 11.5055 15.0061
32 28 0 96.1932 105.21
32 29 1 25.0857 26.5013
32 30 0 51.8479 61.276
32 31 0 79.8427 114.794
32 33 1 22.1472 25.8527
32 34 0 26.3308 32.4139
32 35 0 11.5939 13.5693
32 36 0 85.4832 120.666
32 37 0 60.1708 69.3762
32 38 0 9.44842 13.5602
32 39 0 42.2511 49.316
32 40 0 72.7401 95.7167
32 41 1 66.661 85.7241
32 42 0 43.5093 62.9909
32 43 0 91.5951 123.696
32 44 0 33.3612 39.9128
32 45 0 48.155 56.3036
32 46 0 50.1453 54.9184
32 47 0 58.5728 60.9206
32 48 0 90.2809 126.381
32 49 1 88.1049 122.408
32 50 0 12.5779 17.9706
32 51 0 72.2214 88.3639
32 52 0 39.2637 56.0917
32 53 0 70.2881 97.0324
32 54 0 12.2753 14.9195
32 55 1 89.4979 131.094
32 56 0 96.5918 120.121
32 57 0 16.119 16.7443
32 58 0 28.755 37.9774
32 59 0 89.3279 114.324
32 60 0 2.99948 3.55068
33 1 1 9.21072 10.1217
33 2 0 2.42217 2.51668
33 3 0 83.4161 89.084
33 4 0 68.6937 98.3939
33 5 0 4.41211 6.2371
33 6 0 32.0847 44.1012
33 7 0 6.50166 8.51231
33 8 0 74.7422 109.872
33 9 0 6.2516 8.41481
33 10 0 13.7644 18.9953
33 11 0 19.046 26.6137
33 12 0 25.6391 36.0044
33 13 0 8.44542 11.2982
33 14 0 35.711 50.2006
33 15 0 63.1131 76.3551
33 16 0 9.35668 9.76084
33 17 0 38.6184 41.4441
33 18 0 70.6195 89.2459
33 19 0 2.60636 3.48004
33 20 1 91.7293 122.887
33 21 0 42.9349 51.2367
33 22 0 54.2954 65.1879
33 23 0 80.6037 83.5558
33 24 0 32.7001 42.5014
33 25 1 63.5696 71.2978
33 26 0 11.6389 15.7303
33 27 0 5.16469 6.43526
33 28 0 5.68594 7.6111
33 29 0 2.04661 2.55885
33 30 0 76.1684 113.895
33 31 0 64.3354 72.2884
33 32 0 74.2151 84.6889
33 34 1 86.4225 127.2
33 35 0 14.1029 17.5242
33 36 0 95.0085 103.856
33 37 0 12.3093 12.7167
33 38 0 33.4267 38.9477
33 39 0 5.25818 6.53418
33 40 0 97.4353 98.0474
33 41 0 85.0972 122.764
33 42 0 48.4546 70.6
33 43 0 73.4104 108.503
33 44 0 29.196 40.3076
33 45 0 63.8704 76.6233
33 46 0 14.2577 15.0731
33 47 1 75.9611 92.1711
33 48 1 54.496 58.7738
33 49 1 75.4147 81.4531
33 50 0 66.0611 86.4515
33 51 0 50.4198 73.2422
33 52 0 7.83662 8.70901
33 53 0 15.457 19.0658
33 54 0 55.7724 83.3364
33 55 0 89.5201 92.046
33 56 0 70.0889 71.8481
33 57 1 3.18773 4.26135
33 58 0 50.7932 60.3567
33 59 0 73.5779 79.0308
33 60 0 57.9314 65.1956
34 1 0 10.0442 11.1735
34 2 0 51.8776 53.7461
34 3 1 35.2356 43.1068
34 4 1 59.5414 79.8715
34 5 0 28.2376 40.1414
34 6 0 53.6718 71.2776
34 7 0 68.0464 100.939
34 8 0 61.4371 73.1082
34 9 0 47.7185 52.7352
34 10 0 90.912 116.457
34 11 0 61.5919 79.1279
34 12 0 22.0086 23.796
34 13 0 51.2351 58.5437
34 14 0 93.2273 118.898
34 15 0 41.7744 60.4735
34 16 1 75.6813 77.0549
34 17 0 64.1733 66.819
34 18 0 61.8823 90.7063
34 19 0 2.3137 3.43843
34 20 0 94.4579 108.946
34 21 1 78.8928 108.764
34 22 0 95.5736 124.595
34 23 0 13.7868 20.6146
34 24 0 93.6555 114.324
34 25 1 58.3412 86.1758
34 26 0 95.1465 115.581
34 27 1 81.1141 96.0479
34 28 0 14.1775 16.5709
34 29 0 84.775 125.298
34 30 0 21.6155 27.7901
34 31 0 8.18761 9.66762
34 32 0 23.1507 30.7775
34 33 0 86.2791 96.9541
34 35 1 63.084 85.1846
34 36 0 71.147 101.813
34 37 0 2.11549 3.08781
34 38 0 14.0069 15.4718
34 39 0 33.277 34.251
34 40 0 7.2619 8.55753
34 41 0 85.3904 92.7139
34 42 0 53.0589 56.8989
34 43 0 92.691 133.922
34 44 0 13.9934 17.7673
34 45 0 80.607 92.0588
34 46 0 16.6796 17.1633
34 47 0 82.047 89.1161
34 48 0 94.7849 111.223
34 49 0 14.846 16.0894
34 50 0 6.98395 9.21502
34 51 0 14.0349 15.4321
34 52 0 13.5805 20.0601
34 53 0 58.6906 73.2309
34 54 0 86.9825 119.574
34 55 0 85.0602 98.0777
34 56 0 60.7487 69.8208
34 57 0 66.8539 93.4003
34 58 0 75.809 99.244
34 59 1 2.72929 3.6507
34 60 0 96.3694 139.933
35 1 0 2.35697 3.46899
35 2 0 75.7744 103.896
35 3 0 51.1201 69.0713
35 4 0 6.7821 9.81991
35 5 0 46.7281 59.8832
35 6 0 62.7006 66.0617
35 7 1 60.7877 65.4052
35 8 0 40.5996 50.5785
35 9 0 97.7836 143.3
35 10 0 82.0623 99.0464
35 11 0 58.1604 58.2757
35 12 0 48.9951 66.7735
35 13 0 98.6459 105.096
35 14 0 61.229 85.6011
35 15 0 22.3007 22.8906
35 16 0 56.6171 80.4447
35 17 0 16.8889 24.932
35 18 1 55.2423 59.1309
35 19 1 88.313 130.65
35 20 0 55.8876 65.7389
35 21 1 46.5257 51.6634
35 22 0 77.0795 84.9794
35 23 0 59.385 60.1177
35 24 0 76.899 80.0021
35 25 0 37.5112 42.2419
35 26 0 7.78611 9.36691
35 27 0 43.7661 49.0368
35 28 1 58.704 81.8701
35 29 0 89.205 115.767
35 30 1 57.4312 60.3308
35 31 0 35.2257 48.2075
35 32 0 70.4735 85.904
35 33 1 58.6361 74.1535
35 34 0 54.0729 78.9587
35 36 1 54.5508 71.4326
35 37 0 27.0907 36.4329
35 38 1 9.2068 13.6503
35 39 1 37.4757 45.8833
35 40 1 2.72866 3.79523
35 41 1 91.2215 135.738
35 42 0 86.7559 93.4032
35 43 1 4.2209 4.45376
35 44 0 55.0922 76.8543
35 45 0 55.3501 67.8522
35 46 1 69.8324 98.4569
35 47 0 60.6236 80.1203
35 48 0 50.3441 63.6932
35 49 0 83.206 104.897
35 50 0 76.5346 80.6777
35 51 0 33.501 41.1962
35 52 0 61.6061 68.3713
35 53 0 21.7371 29.3141
35 54 0 59.2423 88.2643
35 55 1 1.14399 1.43415
35 56 0 5.03521 6.68433
35 57 0 26.0231 33.6039
35 58 0 68.5922 84.6327
35 59 0 57.0626 63.6474
35 60 0 23.6121 34.2506
36 1 0 41.1191 46.2574
36 2 1 40.2929 41.0547
36 3 0 51.4153 76.223
36 4 0 35.6222 36.2197
36 5 0 12.4951 15.7779
36 6 0 27.036 35.6569
36 7 0 98.3478 116.24
36 8 1 9.30427 10.2982
36 9 0 28.5841 42.2759
36 10 0 5.00317 5.86448
36 11 0 29.0592 37.1213
36 12 1 91.2093 96.7944
36 13 0 26.7781 29.3897
36 14 0 22.9886 31.7884
36 15 0 26.5029 36.2226
36 16 0 14.0053 20.7936
36 17 0 13.5925 16.3461
36 18 0 59.3459 74.7812
36 19 1 47.5472 62.9895
36 20 0 52.0681 54.1895
36 21 0 50.8728 60.6401
36 22 0 91.2582 132.592
36 23 0 88.577 110.827
36 24 0 38.4158 55.4591
36 25 0 40.7718 42.8589
36 26 0 34.3691 35.6234
36 27 0 82.5635 99.8529
36 28 0 2.07771 2.20733
36 29 0 49.1241 70.9113
36 30 0 66.561 93.8176
36 31 0 30.7638 34.7491
36 32 1 6.22292 8.4005
36 33 1 55.3523 81.6195
36 34 0 73.5825 77.0078
36 35 0 4.74178 5.43433
36 37 1 0.875929 1.0981
36 38 0 38.0311 50.5646
36 39 0 49.7255 52.1953
36 40 1 88.2561 125.333
36 41 0 49.6549 65.1762
36 42 0 34.0506 50.739
36 43 0 49.1977 57.6616
36 44 0 74.4692 102.451
36 45 0 51.2569 76.8522
36 46 0 76.4261 108.245
36 47 0 20.1037 25.6799
36 48 0 46.0179 55.2684
36 49 0 12.8194 12.8622
36 50 1 25.9468 27.5735
36 51 0 78.209 112.459
36 52 0 79.2381 89.2321
36 53 1 38.3165 42.1665
36 54 0 92.4397 124.744
36 55 0 93.4224 116.932
36 56 0 76.784 113.121
36 57 0 4.3831 6.18586
36 58 0 74.012 88.1325
36 59 0 74.2271 85.3087
36 60 0 98.5411 133.515
37 1 1 69.852 92.4308
37 2 0 19.7201 25.176
37 3 0 66.7674 69.6124
37 4 0 19.9057 23.737
37 5 0 67.9036 97.4934
37 6 1 55.2881 61.4551
37 7 0 65.0414 86.3114
37 8 0 75.2021 103.393
37 9 0 81.6848 92.8203
37 10 0 66.4865 87.4957
37 11 1 72.2836 73.6256
37 12 0 80.8593 110.131
37 13 1 85.4502 87.6905
37 14 0 59.7862 77.042
37 15 0 44.7282 53.2916
37 16 0 59.4981 72.5502
37 17 0 61.7925 66.0811
37 18 0 42.4879 42.5674
37 19 1 36.7971 43.1671
37 20 0 19.2852 27.168
37 21 0 26.9752 36.5136
37 22 0 80.7424 97.4673
37 23 0 39.4222 48.1382
37 24 0 62.3 67.3379
37 25 0 93.7131 134.719
37 26 0 8.03723 11.6101
37 27 0 3.17672 3.94316
37 28 0 75.7065 75.7481
37 29 0 62.2139 73.4944
37 30 0 97.767 137.263
37 31 0 2.5184 2.71673
37 32 1 36.4605 51.2019
37 33 0 75.207 76.7415
37 34 1 90.5944 91.357
37 35 0 87.6048 117.856
37 36 0 33.2976 46.699
37 38 1 82.114 113.658
37 39 1 28.4063 36.9829
37 40 0 54.4101 78.2726
37 41 0 71.2404 104.741
37 42 0 26.6775 32.3367
37 43 1 66.6206 92.8365
37 44 0 25.1199 25.4857
37 45 1 18.8421 27.6303
37 46 0 4.68654 6.45508
37 47 1 69.9978 104.336
37 48 0 85.5369 123.56
37 49 0 69.0701 88.4415
37 50 0 35.8311 52.9716
37 51 1 80.3401 95.6624
37 52 0 91.7742 115.208
37 53 0 69.7349 80.7476
37 54 0 78.3806 113.076
37 55 0 58.6884 70.6088
37 56 1 87.1641 108.562
37 57 0 13.2491 19.7892
37 58 0 84.1662 123.969
37 59 0 52.9461 75.0332
37 60 0 35.1404 39.7881
38 1 0 42.8785 48.5514
38 2 0 36.1323 42.4344
38 3 1 25.9742 33.6211
38 4 1 47.735 70.3876
38 5 0 17.6935 21.6143
38 6 0 67.8673 84.118
38 7 0 79.9219 97.3185
38 8 1 39.9526 55.8545
38 9 0 48.8783 49.4088
38 10 0 23.1444 32.5399
38 11 0 86.5995 114.924
38 12 0 22.4357 24.7455
38 13 0 58.926 74.1334
38 14 0 83.0144 119.688
38 15 0 26.8288 36.0028
38 16 0 70.9718 82.509
38 17 0 49.7317 66.1521
38 18 0 1.00309 1.04528
38 19 0 86.8495 128.252
38 20 0 69.7345 102.945
38 21 0 73.4086 101.565
38 22 0 89.4591 116.44
38 23 0 32.5364 44.8269
38 24 1 38.5655 54.7759
38 25 0 85.1313 117.058
38 26 1 65.4954 87.1784
38 27 0 37.9224 49.0871
38 28 0 91.7435 127.577
38 29 0 76.4235 94.4785
38 30 0 75.9406 81.5011
38 31 0 93.7359 102.66
38 32 0 8.13909 12.163
38 33 0 33.8658 46.8871
38 34 0 19.414 19.78
38 35 0 81.7866 109.03
38 36 0 9.02672 10.2977
38 37 0 23.5481 32.0698
38 39 1 12.1184 17.5294
38 40 0 25.9429 30.5752
38 41 0 68.9809 71.0347
38 42 0 81.5591 109.482
38 43 1 75.2879 90.7128
38 44 1 19.3215 22.1643
38 45 0 68.3153 96.053
38 46 0 75.205 88.8475
38 47 1 82.3247 121.094
38 48 0 22.7871 22.9171
38 49 0 68.7969 78.0261
38 50 0 21.7304 31.3531
38 51 0 31.492 46.273
38 52 0 73.3247 98.2217
38 53 0 64.3328 81.5394
38 54 0 37.3895 45.4703
38 55 1 31.3186 38.7976
38 56 0 50.4591 66.5188
38 57 0 11.4611 15.5734
38 58 0 61.4001 90.9366
38 59 0 20.9127 22.2285
38 60 0 8.98735 10.7294
39 1 0 63.3348 69.9924
39 2 0 65.8862 80.3357
39 3 0 86.0165 96.895
39 4 0 32.9468 44.0676
39 5 0 97.88 144.206
39 6 0 79.1865 115.16
39 7 0 70.1425 93.807
39 8 0 52.8416 53.6118
39 9 0 68.3408 83.9422
39 10 0 82.6372 84.5051
39 11 0 45.7409 63.5718
39 12 0 47.0722 55.3284
39 13 0 77.7168 101.801
39 14 0 79.6362 83.6724
39 15 0 46.6665 54.2516
39 16 0 50.7895 71.0554
39 17 0 1.18001 1.75536
39 18 0 86.8665 124.202
39 19 1 82.9834 109.258
39 20 0 71.8183 103.849
39 21 0 23.7402 35.1139
39 22 0 67.2668 98.9169
39 23 0 32.3539 32.6471
39 24 0 2.39925 3.3101
39 25 0 98.3465 146.528
39 26 1 24.1475 34.7598
39 27 0 69.269 77.8457
39 28 1 65.8993 97.9511
39 29 0 4.30571 4.8387
39 30 0 87.9595 92.9755
39 31 0 41.823 46.2381
39 32 0 47.7201 57.2006
39 33 0 18.6547 22.174
39 34 0 87.2122 126.68
39 35 0 9.70071 14.358
39 36 0 4.27544 5.56454
39 37 0 85.9272 99.5911
39 38 1 22.2622 27.9013
39 40 1 66.0146 79.2943
39 41 0 84.0356 85.1291
39 42 0 39.898 41.4756
39 43 0 4.56406 5.08515
39 44 1 72.805 94.4207
39 45 0 66.262 94.7986
39 46 0 78.4193 105.28
39 47 0 27.7126 28.5055
39 48 1 50.8611 67.4506
39 49 0 80.0677 112.744
39 50 0 70.1287 81.0765
39 51 0 30.8612 32.3742
39 52 0 65.6574 97.4692
39 53 0 44.6939 64.4768
39 54 1 66.2926 78.9358
39 55 0 54.1434 58.7037
39 56 0 4.15812 5.94329
39 57 0 26.2358 37.2002
39 58 0 52.2396 64.8046
39 59 0 91.58 97.577
39 60 0 36.3137 46.9822
40 1 1 49.8184 71.4063
40 2 0 7.27863 7.78726
40 3 0 4.527 5.0155
40 4 1 40.8045 48.3768
40 5 0 62.3019 62.9141
40 6 0 57.2701 62.0634
40 7 0 88.3387 103.143
40 8 0 78.3163 90.7068
40 9 0 84.6719 101.472
40 10 0 33.4329 36.5086
40 11 0 55.1603 59.9083
40 12 1 46.4712 59.0463
40 13 0 88.2686 105.987
40 14 1 52.7514 68.7516
40 15 0 36.6869 42.2595
40 16 0 91.6682 94.9948
40 17 0 96.4653 114.291
40 18 0 40.4648 55.1993
40 19 0 4.46994 4.70673
40 20 0 98.1767 139.789
40 21 1 97.3304 117.112
40 22 0 5.95664 7.2427
40 23 0 58.3927 67.7705
40 24 0 60.0495 78.1294
40 25 0 22.8452 26.3814
40 26 0 7.16101 7.39679
40 27 1 71.8509 99.3521
40 28 0 80.1638 86.8467
40 29 0 92.1024 134.958
40 30 0 29.9208 43.4535
40 31 0 13.1644 15.4759
40 32 0 76.0949 110.027
40 33 0 28.7635 38.8059
40 34 0 14.8707 18.689
40 35 0 32.5775 34.4723
40 36 0 58.4091 59.9378
40 37 0 15.8358 20.2299
40 38 0 31.8749 44.7117
40 39 0 56.0468 69.5606
40 41 1 92.6878 125.726
40 42 0 86.6434 108.753
40 43 0 64.667 86.2202
40 44 0 85.2611 124.408
40 45 0 78.2685 109.483
40 46 1 9.20965 10.3843
40 47 0 53.3145 74.1937
40 48 0 79.3717 80.8475
40 49 0 68.4234 80.7002
40 50 0 31.0791 45.6813
40 51 0 6.02145 8.40446
40 52 0 17.9875 18.0005
40 53 0 42.2164 61.4887
40 54 0 55.7103 67.5522
40 55 0 67.7154 80.9577
40 56 0 16.9686 18.672
40 57 0 16.3554 20.4375
40 58 0 24.9907 29.414
40 59 1 82.8437 89.8125
40 60 1 99.9421 111.87
41 1 0 13.3229 16.7982
41 2 0 2.44279 2.61467
41 3 0 8.10956 10.742
41 4 0 92.876 101.838
41 5 0 26.8685 29.5109
41 6 0 0.496025 0.619168
41 7 0 12.2678 17.431
41 8 0 60.0805 88.1681
41 9 1 52.2629 64.2977
41 10 1 12.5511 14.1151
41 11 0 52.1873 66.5802
41 12 0 98.3692 106.485
41 13 0 29.5027 32.2978
41 14 1 91.8494 137.766
41 15 0 33.2019 38.0629
41 16 0 31.4321 32.3613
41 17 0 4.86247 5.59677
41 18 1 13.3347 16.6952
41 19 0 91.3677 113.538
41 20 0 57.6191 85.2099
41 21 0 79.1541 102.877
41 22 1 93.2181 128.474
41 23 0 12.379 12.4616
41 24 0 76.2867 98.7512
41 25 0 30.2616 33.3256
41 26 0 68.5225 79.2441
41 27 0 74.9524 93.263
41 28 0 44.615 65.9484
41 29 0 95.6114 101.631
41 30 0 78.9317 88.2328
41 31 0 60.2606 61.937
41 32 0 50.8359 54.7738
41 33 0 16.9048 17.5268
41 34 0 18.4689 25.3402
41 35 0 3.13893 3.57755
41 36 0 57.205 85.3259
41 37 1 53.1481 66.5585
41 38 1 0.319804 0.47904
41 39 0 23.1021 29.2839
41 40 0 6.75669 7.06174
41 42 1 96.7316 112.47
41 43 0 15.4615 21.3723
41 44 0 44.5358 54.6827
41 45 0 27.1622 30.2515
41 46 0 24.2175 33.6077
41 47 0 73.7208 86.0266
41 48 0 75.9878 97.7468
41 49 0 60.1425 82.7308
41 50 0 62.6694 88.0253
41 51 0 58.6777 61.0598
41 52 0 78.0496 100.271
41 53 0 62.7773 89.0091
41 54 1 32.6132 48.4845
41 55 0 23.4996 34.7799
41 56 0 89.5916 92.0332
41 57 1 41.4716 54.1398
41 58 0 85.7679 98.3048
41 59 0 44.0336 63.2051
41 60 0 12.1926 16.9571
42 1 0 33.5015 40.9058
42 2 0 47.8822 71.6392
42 3 0 67.9105 95.6917
42 4 0 30.0456 33.3723
42 5 0 15.2633 20.7979
42 6 0 5.61148 7.43523
42 7 0 56.5466 83.8652
42 8 0 29.763 44.2924
42 9 0 99.0043 125.255
42 10 0 19.5257 25.0615
42 11 1 38.8829 54.3234
42 12 0 5.67373 7.71888
42 13 0 8.46494 9.02267
42 14 0 25.4563 37.5206
42 15 0 21.1275 24.6953
42 16 0 42.0971 45.0437
42 17 0 58.4431 83.4403
42 18 0 70.2683 99.7284
42 19 0 57.0363 73.0067
42 20 0 35.7817 42.1671
42 21 1 45.6732 49.1089
42 22 0 40.4885 53.335
42 23 0 25.4961 34.7599
42 24 1 96.5359 143.666
42 25 0 72.8152 87.6125
42 26 0 65.3575 80.0271
42 27 0 21.244 26.433
42 28 0 78.037 88.8603
42 29 0 26.9008 36.1301
42 30 0 85.0072 93.6218
42 31 0 52.4567 72.16
42 32 0 84.5661 116.407
42 33 0 32.1501 43.9633
42 34 0 14.1046 14.834
42 35 1 64.8128 88.8189
42 36 0 83.6551 92.895
42 37 0 59.6436 62.0499
42 38 0 98.3836 107.246
42 39 0 7.38038 9.52645
42 40 0 28.958 36.8491
42 41 0 99.572 115.248
42 43 1 79.9445 87.768
42 44 0 62.1802 81.8823
42 45 0 90.2693 115.881
42 46 0 59.681 79.9754
42 47 0 34.2119 37.8562
42 48 0 88.8506 123.355
42 49 0 99.3134 105.554
42 50 0 52.4414 60.221
42 51 0 47.5705 50.7403
42 52 0 56.6614 72.6198
42 53 0 63.4374 86.5305
42 54 0 76.6294 105.988
42 55 0 92.8752 110.098
42 56 0 99.1571 145.978
42 57 0 84.6077 99.0728
42 58 1 16.9566 23.8922
42 59 0 55.986 66.5445
42 60 0 82.2472 112.637
43 1 0 10.376 11.3064
43 2 1 89.6361 116.424
43 3 0 66.5428 90.4865
43 4 0 8.4369 10.3741
43 5 0 91.1442 123.954
43 6 0 61.1586 66.2773
43 7 1 60.8411 65.4536
43 8 0 8.43788 10.4784
43 9 0 19.9468 23.3813
43 10 0 91.6638 106.134
43 11 0 45.898 67.4534
43 12 0 69.9475 83.5378
43 13 0 82.9395 85.9484
43 14 0 37.9447 38.8214
43 15 0 7.60903 8.81685
43 16 0 41.5528 52.2289
43 17 1 68.2178 99.5962
43 18 0 33.511 38.8917
43 19 1 56.0044 68.4278
43 20 0 56.5561 66.9568
43 21 0 57.7809 82.3731
43 22 0 23.385 27.4015
43 23 0 56.0933 56.2046
43 24 1 63.0585 79.5346
43 25 1 23.6594 30.2232
43 26 0 21.9633 26.0554
43 27 0 27.1094 29.5397
43 28 1 53.3071 74.1338
43 29 0 37.2067 54.194
43 30 1 91.9599 114.366
43 31 0 52.0853 77.6102
43 32 0 2.27241 2.69102
43 33 0 27.5643 27.9855
43 34 0 69.0124 77.0623
43 35 1 34.088 39.5571
43 36 1 44.6518 48.3835
43 37 0 97.6637 132.038
43 38 0 92.8095 109.464
43 39 0 36.1281 38.1033
43 40 0 99.0145 135.451
43 41 0 22.1091 29.4341
43 42 0 26.9691 33.8745
43 44 1 77.3994 112.325
43 45 1 43.6462 52.1424
43 46 0 10.1623 14.5946
43 47 0 36.4176 44.9453
43 48 0 56.6815 76.3232
43 49 0 30.9884 35.5035
43 50 1 61.2157 67.3957
43 51 0 15.4365 21.7726
43 52 1 12.4934 14.952
43 53 0 94.3903 115.613
43 54 0 15.4604 15.8264
43 55 0 94.9423 106.233
43 56 0 82.5265 89.2368
43 57 0 16.9733 23.1919
43 58 0 31.6152 42.2144
43 59 0 49.2062 57.7476
43 60 0 92.3697 123.541
44 1 0 87.6335 122.937
44 2 0 70.9784 74.253
44 3 1 15.8237 21.1437
44 4 1 76.0818 107.11
44 5 0 11.8977 17.6628
44 6 0 95.8876 103.895
44 7 0 39.6271 54.2516
44 8 1 69.8556 81.6239
44 9 0 55.0741 60.0807
44 10 0 90.6645 100.948
44 11 0 44.4484 45.8986
44 12 0 8.62272 9.81416
44 13 0 63.6229 89.9571
44 14 0 33.0593 46.0264
44 15 0 6.77242 8.75681
44 16 0 30.8472 43.7069
44 17 0 58.6185 68.5881
44 18 0 61.8944 62.3711
44 19 0 1.91557 2.64382
44 20 0 92.9685 138.779
44 21 1 56.9998 76.2652
44 22 0 54.4719 71.1077
44 23 0 15.0447 17.8264
44 24 0 23.4569 27.7715
44 25 0 32.8941 43.5659
44 26 0 0.449807 0.594498
44 27 0 71.1102 89.1826
44 28 0 42.1678 59.3734
44 29 1 64.3419 82.0789
44 30 1 49.0927 63.8641
44 31 0 24.0105 32.2683
44 32 0 87.3206 124.405
44 33 0 50.0465 67.8757
44 34 0 4.8785 6.24191
44 35 0 12.8892 13.3207
44 36 0 4.89601 6.29596
44 37 0 79.9104 90.31
44 38 0 29.3172 36.0149
44 39 1 60.5316 86.9927
44 40 0 8.47689 9.23429
44 41 1 59.9072 85.929
44 42 0 0.237495 0.336406
44 43 0 58.6731 84.0667
44 45 1 79.5652 110.755
44 46 0 31.7905 46.5483
44 47 0 97.3082 121.035
44 48 0 46.7622 63.7401
44 49 0 95.3312 124.727
44 50 0 94.3732 103.724
44 51 0 25.4854 36.4138
44 52 0 51.7254 77.5304
44 53 0 13.1183 17.8603
44 54 0 54.7312 78.5432
44 55 0 13.5125 17.3662
44 56 0 32.98 46.5707
44 57 0 11.6877 17.4784
44 58 0 44.3086 54.3971
44 59 1 3.64881 5.4224
44 60 0 67.8546 84.4371
45 1 0 97.4977 110.7
45 2 0 35.3248 52.8264
45 3 0 17.0561 20.6723
45 4 0 29.8421 33.3868
45 5 0 2.52277 3.6419
45 6 0 68.6327 79.3836
45 7 0 68.4977 78.8556
45 8 0 74.9211 94.1626
45 9 0 42.6777 58.0516
45 10 0 44.252 54.3403
45 11 0 54.877 73.9297
45 12 0 94.605 112.788
45 13 0 33.9033 47.3479
45 14 1 91.3845 105.335
45 15 0 48.5989 65.1384
45 16 0 49.7627 70.1757
45 17 0 39.8974 55.0479
45 18 0 29.5795 35.681
45 19 0 37.4463 47.6216
45 20 0 70.3809 93.1254
45 21 0 18.2629 26.4314
45 22 0 92.3388 92.4468
45 23 1 12.0569 17.748
45 24 0 98.9085 117.64
45 25 0 40.3445 47.9829
45 26 0 26.044 33.5399
45 27 0 12.3582 15.3795
45 28 0 4.87074 6.55799
45 29 0 17.2945 19.8307
45 30 0 65.0288 79.5733
45 31 0 42.7947 62.7589
45 32 1 92.3353 117.91
45 33 0 39.228 53.0754
45 34 0 70.5465 88.7625
45 35 0 8.98227 12.1632
45 36 0 91.5743 92.505
45 37 0 89.3446 108.534
45 38 0 44.3657 60.7263
45 39 0 79.7151 80.1513
45 40 0 10.2702 14.0339
45 41 0 79.3582 85.9013
45 42 0 82.1349 100.759
45 43 1 13.0467 14.4384
45 44 0 26.774 38.9348
45 46 1 55.5569 74.6363
45 47 0 71.628 78.9385
45 48 0 23.6124 35.4083
45 49 0 62.3424 72.6367
45 50 0 89.7114 103.679
45 51 0 58.4084 74.4036
45 52 0 51.5481 59.5976
45 53 0 5.05938 5.09204
45 54 0 73.6802 92.0786
45 55 0 69.5836 87.0271
45 56 0 37.1885 49.1167
45 57 0 4.02267 5.41462
45 58 0 7.8717 11.6242
45 59 0 52.9778 67.3571
45 60 0 79.1639 117.727
46 1 0 99.1381 112.958
46 2 1 62.5734 64.523
46 3 0 77.2828 85.0655
46 4 1 62.3659 65.476
46 5 0 15.7184 18.7259
46 6 0 43.1057 57.8092
46 7 0 91.6338 137.181
46 8 0 98.2661 105.817
46 9 0 59.9383 81.5837
46 10 0 15.9742 20.8745
46 11 0 78.7741 98.9302
46 12 0 50.9883 55.5447
46 13 0 19.1379 23.7335
46 14 0 49.1528 57.6532
46 15 0 55.1036 63.9518
46 16 0 83.6102 111.389
46 17 1 13.7583 13.8472
46 18 0 36.423 47.2374
46 19 0 26.2294 27.5858
46 20 0 62.0671 79.461
46 21 0 34.976 36.974
46 22 0 44.8528 45.0695
46 23 0 70.0888 95.6456
46 24 0 48.3029 71.4773
46 25 1 44.0183 48.188
46 26 0 33.5813 41.3603
46 27 0 66.1696 93.7445
46 28 0 98.8677 133.081
46 29 1 9.55762 14.084
46 30 1 42.0063 62.4031
46 31 0 55.5125 62.1177
46 32 0 15.9593 23.2838
46 33 0 42.4386 48.9608
46 34 0 68.8879 87.9771
46 35 0 0.0811093 0.0986767
46 36 0 60.1223 76.5313
46 37 0 78.1336 115.545
46 38 0 65.641 67.1993
46 39 0 46.8985 60.8945
46 40 0 63.2033 88.8671
46 41 0 83.1194 87.2203
46 42 0 27.4811 33.5389
46 43 0 41.7968 47.769
46 44 0 56.3693 67.4824
46 45 0 80.1796 84.3706
46 47 1 23.6262 25.2133
46 48 0 26.4839 34.276
46 49 0 44.781 63.4886
46 50 0 57.169 57.4676
46 51 0 41.0198 56.0175
46 52 1 34.4048 50.6666
46 53 0 91.4044 127.552
46 54 0 98.3405 110.164
46 55 0 22.8341 23.6853
46 56 1 73.0009 101.394
46 57 0 99.7173 115.211
46 58 0 10.5114 14.2201
46 59 0 86.242 109.664
46 60 1 88.3747 103.799
47 1 0 79.7275 113.9
47 2 0 20.4571 21.2851
47 3 0 51.8501 70.6745
47 4 0 27.8427 41.1912
47 5 0 25.9223 31.4594
47 6 0 30.725 41.3558
47 7 0 22.3243 27.9487
47 8 0 64.3108 71.9645
47 9 0 36.6381 46.7865
47 10 0 0.775789 1.04969
47 11 0 59.2199 64.6555
47 12 1 18.2441 22.1064
47 13 0 91.4057 117.53
47 14 1 38.6928 40.3121
47 15 1 14.5549 21.8269
47 16 0 74.4419 111.085
47 17 0 72.3988 96.8246
47 18 0 41.0777 55.3753
47 19 0 27.9884 28.6867
47 20 0 94.893 105.9
47 21 0 52.2619 73.7317
47 22 0 81.9379 111.183
47 23 0 76.2328 87.0881
47 24 1 87.7382 113.382
47 25 1 91.8655 94.5101
47 26 0 87.7654 110.306
47 27 0 99.3456 116.242
47 28 0 6.96921 8.10988
47 29 1 34.0941 36.1661
47 30 0 39.5042 40.712
47 31 0 73.6063 91.7907
47 32 0 93.3695 96.5662
47 33 0 1.42484 1.89364
47 34 0 40.5067 59.9542
47 35 0 63.1837 85.7598
47 36 0 26.5654 29.5035
47 37 0 57.3741 82.6046
47 38 0 95.421 112.049
47 39 0 86.987 119.571
47 40 0 0.0947144 0.119315
47 41 0 72.9198 84.6561
47 42 0 28.2165 39.4713
47 43 0 66.7354 69.7761
47 44 0 90.3614 112.338
47 45 0 47.2608 56.5621
47 46 0 3.43527 3.50068
47 48 1 62.3363 82.821
47 49 0 8.75813 10.1112
47 50 0 12.385 16.8356
47 51 0 31.5226 35.4223
47 52 0 54.1717 65.864
47 53 0 99.4759 136.122
47 54 0 12.918 18.2562
47 55 0 1.01393 1.46021
47 56 1 41.1417 44.1972
47 57 0 61.5075 86.1956
47 58 0 80.0069 112.993
47 59 1 83.5714 89.5124
47 60 0 94.5108 112.686
48 1 0 24.8316 25.8258
48 2 1 22.0222 30.5121
48 3 0 96.3883 129.467
48 4 0 58.2791 72.6809
48 5 0 53.0984 61.4287
48 6 0 90.1169 111.526
48 7 1 79.6122 117.18
48 8 0 36.6957 42.5059
48 9 0 85.2407 88.6629
48 10 0 45.3466 62.3991
48 11 0 76.023 93.5022
48 12 0 43.0237 60.4438
48 13 0 16.7147 20.0626
48 14 1 40.179 43.5124
48 15 0 95.1258 125.824
48 16 0 66.4566 93.4571
48 17 0 44.1173 61.7016
48 18 0 71.4541 73.0971
48 19 1 98.6588 136.994
48 20 1 19.032 22.2616
48 21 0 84.6422 116.041
48 22 0 92.2753 111.058
48 23 0 35.2694 48.8282
48 24 0 68.5841 99.7957
48 25 1 58.3547 59.3571
48 26 0 36.3076 53.1036
48 27 1 24.8152 33.7355
48 28 0 97.9334 133.235
48 29 1 33.3394 37.8181
48 30 0 42.2189 42.4357
48 31 0 0.890457 1.12604
48 32 1 81.5979 105.893
48 33 0 44.9252 45.7448
48 34 0 67.094 71.8488
48 35 0 69.6307 101.633
48 36 0 49.4457 53.5413
48 37 0 41.4142 48.6994
48 38 0 1.92514 2.33806
48 39 1 55.9049 70.5519
48 40 0 72.9291 91.4496
48 41 0 68.3503 77.6822
48 42 0 43.1251 58.2231
48 43 0 28.5901 41.3173
48 44 0 63.3988 81.7662
48 45 0 86.6561 101.88
48 46 0 29.0566 40.1788
48 47 0 44.826 62.5565
48 49 1 80.6368 87.5133
48 50 0 62.133 69.3507
48 51 0 24.0755 32.3614
48 52 0 32.0363 44.22
48 53 1 44.5411 64.8536
48 54 0 57.617 59.2681
48 55 0 83.2494 103.681
48 56 0 94.115 117.949
48 57 0 12.5697 14.694
48 58 0 70.4814 78.3438
48 59 0 3.56881 5.24281
48 60 0 48.902 61.5367
49 1 1 80.9442 98.1623
49 2 0 9.70912 12.9309
49 3 0 74.882 94.3765
49 4 0 92.8314 95.2712
49 5 0 53.9433 78.766
49 6 0 9.40042 10.1966
49 7 0 11.9353 12.1888
49 8 0 53.5316 69.4914
49 9 1 72.6039 84.5127
49 10 0 96.8808 106.89
49 11 0 33.8338 46.8003
49 12 0 79.1905 87.87
49 13 0 97.704 136.631
49 14 0 60.602 69.3319
49 15 0 81.2462 107.352
49 16 0 5.34615 5.41555
49 17 0 5.08272 5.64492
49 18 0 76.6034 76.7752
49 19 0 29.3807 42.0713
49 20 0 79.3394 84.7091
49 21 1 41.8026 54.7897
49 22 0 35.7735 36.151
49 23 0 72.8942 84.651
49 24 0 11.3917 15.6539
49 25 0 5.89705 7.63959
49 26 0 73.5472 107.914
49 27 0 86.9932 113.324
49 28 0 73.7181 110.478
49 29 0 15.3265 20.3114
49 30 0 68.7906 73.5443
49 31 0 63.5988 79.9081
49 32 0 89.7825 125.826
49 33 0 68.4542 81.8665
49 34 0 16.5429 24.0881
49 35 0 65.919 69.5881
49 36 0 54.9086 74.2337
49 37 0 11.7934 12.5639
49 38 0 95.1452 98.312
49 39 0 46.6216 57.7095
49 40 0 55.0133 79.5665
49 41 0 61.6715 83.5079
49 42 0 23.3618 32.5733
49 43 0 4.12204 4.29521
49 44 1 5.32012 7.84566
49 45 0 50.6007 60.8838
49 46 0 21.5791 26.4649
49 47 0 34.892 37.4944
49 48 0 45.4565 65.6342
49 50 1 13.7448 15.6164
49 51 0 35.7495 52.5562
49 52 1 51.2841 55.4273
49 53 0 15.8442 16.3335
49 54 0 49.396 74.025
49 55 0 25.1977 27.1544
49 56 0 29.6396 40.7675
49 57 0 44.3109 54.3874
49 58 0 31.8515 37.6807
49 59 0 36.9909 37.6764
49 60 1 41.6972 55.5866
50 1 0 57.8595 76.5283
50 2 0 8.70593 10.3812
50 3 1 76.1632 83.3474
50 4 0 8.62404 11.8907
50 5 0 68.4316 92.3718
50 6 0 99.0993 124.692
50 7 1 52.783 74.3822
50 8 0 4.33227 5.07541
50 9 0 46.6303 55.3054
50 10 1 34.7625 39.1693
50 11 0 54.3825 63.2623
50 12 0 43.6028 51.2881
50 13 1 7.12882 9.55992
50 14 1 8.82527 9.69841
50 15 0 25.2357 36.4086
50 16 0 18.1821 18.2699
50 17 0 12.4214 18.2849
50 18 0 13.1452 17.2464
50 19 1 45.5668 67.8421
50 20 0 10.6488 15.5071
50 21 0 96.274 129.21
50 22 0 31.1061 43.6061
50 23 0 85.7164 127.038
50 24 0 92.386 124.891
50 25 0 75.7347 101.211
50 26 0 30.1725 30.8125
50 27 0 24.2218 27.1605
50 28 0 6.69665 7.25155
50 29 0 36.0008 40.3102
50 30 1 73.7229 104.652
50 31 0 31.1975 31.5681
50 32 0 59.7089 74.8479
50 33 1 32.951 37.2731
50 34 0 53.2727 57.9281
50 35 0 61.3081 64.5319
50 36 0 51.2227 65.8803
50 37 0 20.9419 26.6394
50 38 0 92.8691 94.3805
50 39 0 92.6251 116.069
50 40 0 7.64271 8.79119
50 41 0 23.0643 23.1893
50 42 0 27.8945 31.9942
50 43 1 65.6305 69.8805
50 44 0 26.2643 37.1944
50 45 0 78.4961 112.638
50 46 0 34.0309 42.0203
50 47 0 99.7647 101.494
50 48 0 24.5029 32.2033
50 49 0 30.7895 40.8624
50 51 1 72.85 78.6173
50 52 0 38.0943 53.503
50 53 0 1.45847 1.49144
50 54 0 27.7114 39.2667
50 55 0 59.1488 78.6473
50 56 0 14.1351 19.6184
50 57 0 76.739 89.1324
50 58 0 50.2862 62.0531
50 59 0 43.3541 55.6484
50 60 0 5.48731 8.1101
51 1 1 70.5486 105.273
51 2 1 42.2586 46.6601
51 3 0 49.9619 70.0185
51 4 0 65.6999 66.0064
51 5 0 83.8079 113.871
51 6 0 20.4942 22.6255
51 7 0 90.433 108.525
51 8 0 76.0787 112.067
51 9 1 39.1353 52.8325
51 10 0 34.5536 48.7454
51 11 0 41.2113 55.2653
51 12 0 89.0128 95.4978
51 13 0 97.8559 125.063
51 14 1 22.2334 23.4595
51 15 0 76.5768 94.6039
51 16 0 63.9523 90.5021
51 17 0 41.1124 50.7598
51 18 0 86.5664 100.719
51 19 1 96.0548 110.524
51 20 0 17.28 24.0429
51 21 0 51.2641 68.0854
51 22 1 46.5491 66.5046
51 23 0 51.6828 74.7379
51 24 0 91.4029 133.193
51 25 0 51.0258 54.8057
51 26 0 41.7998 46.9829
51 27 0 42.2142 53.4238
51 28 0 41.0381 55.63
51 29 0 27.88 36.9617
51 30 0 32.7516 41.7798
51 31 0 86.2035 90.4895
51 32 0 94.3226 107.481
51 33 0 79.7954 89.3284
51 34 0 14.0409 20.4569
51 35 0 9.43887 11.748
51 36 0 33.0706 46.9816
51 37 0 86.5643 113.403
51 38 0 86.2154 110.49
51 39 0 79.3155 83.4936
51 40 0 59.3311 65.5804
51 41 0 56.8995 83.3583
51 42 0 37.8529 50.789
51 43 0 46.7621 60.8078
51 44 0 9.13559 9.3576
51 45 0 91.3745 128.974
51 46 0 29.9794 36.6176
51 47 0 26.0988 31.0199
51 48 0 52.2988 74.2623
51 49 0 63.4819 93.2672
51 50 0 57.1097 73.7745
51 52 1 22.6667 27.8264
51 53 0 87.3174 108.606
51 54 0 55.2602 67.7912
51 55 0 44.9756 66.2148
51 56 1 99.8377 122.24
51 57 0 64.1035 87.0388
51 58 1 60.1442 68.3495
51 59 0 4.913 6.20372
51 60 0 10.3152 10.4819
52 1 0 73.2327 83.2434
52 2 0 52.3909 57.9207
52 3 1 73.586 80.5892
52 4 1 48.2334 68.9574
52 5 0 37.8598 37.9442
52 6 0 27.3398 37.7139
52 7 1 10.9641 16.0989
52 8 0 86.5918 88.5535
52 9 0 13.1159 17.6906
52 10 0 78.4003 107.394
52 11 0 58.1506 73.2367
52 12 0 44.2529 63.95
52 13 0 8.90228 11.6038
52 14 0 72.4759 91.7652
52 15 0 86.1189 121.87
52 16 1 15.5234 20.586
52 17 0 2.5246 3.59905
52 18 0 42.6389 47.7786
52 19 0 79.7675 114.731
52 20 0 30.9255 31.2411
52 21 1 20.5516 29.0928
52 22 0 29.4638 34.131
52 23 0 75.4815 98.0427
52 24 0 43.0628 43.2541
52 25 1 24.4617 28.489
52 26 0 13.6618 19.594
52 27 1 76.9149 99.7119
52 28 0 65.762 79.3648
52 29 0 9.59537 12.7033
52 30 0 87.6668 114.127
52 31 0 21.3699 30.6961
52 32 0 17.4398 20.6315
52 33 0 21.7464 28.4816
52 34 0 72.9801 108.115
52 35 0 85.1627 110.189
52 36 0 29.4982 41.7158
52 37 0 10.5769 11.1322
52 38 0 49.9745 73.514
52 39 0 0.963167 1.28735
52 40 0 8.12902 10.1572
52 41 0 92.5974 128.929
52 42 0 2.06584 2.53824
52 43 0 8.02352 8.26168
52 44 0 51.3438 69.0302
52 45 0 58.6831 58.9018
52 46 0 64.3954 89.666
52 47 0 67.3639 98.5027
52 48 0 10.0167 11.8871
52 49 0 56.5642 83.0178
52 50 0 51.281 54.7401
52 51 0 16.8472 18.5146
52 53 1 76.7424 92.3942
52 54 0 88.7263 99.0968
52 55 0 21.5489 31.824
52 56 0 4.92041 6.09054
52 57 0 51.9418 63.9343
52 58 0 68.197 101.545
52 59 0 16.2601 22.6291
52 60 0 86.9095 86.9305
53 1 0 77.8761 96.8667
53 2 1 22.7925 26.1427
53 3 0 2.03312 2.18067
53 4 0 76.0615 94.9276
53 5 0 11.3065 12.7372
53 6 0 82.7365 89.3302
53 7 0 69.4371 91.4701
53 8 0 68.0781 97.949
53 9 0 2.4089 2.42533
53 10 0 26.5561 27.1781
53 11 1 48.4672 54.8742
53 12 0 73.9459 75.645
53 13 0 97.3331 101.843
53 14 0 20.6323 25.258
53 15 0 71.189 102.508
53 16 1 98.3313 115.687
53 17 0 73.8239 88.676
53 18 0 31.5567 36.3827
53 19 0 21.3411 27.3599
53 20 0 58.8085 84.2941
53 21 0 51.7861 52.2944
53 22 0 0.672482 0.964692
53 23 0 48.8735 66.1559
53 24 0 26.7288 33.8793
53 25 1 17.3753 20.0815
53 26 1 86.4429 93.9204
53 27 0 45.7792 53.9977
53 28 0 93.7403 123.327
53 29 1 34.4485 43.4745
53 30 0 30.2723 32.0032
53 31 0 63.6554 71.2217
53 32 1 78.9859 102.705
53 33 0 27.9631 30.9598
53 34 1 0.377119 0.47521
53 35 0 45.6267 64.83
53 36 1 10.538 11.3776
53 37 0 14.9959 18.1236
53 38 0 70.624 79.6681
53 39 0 94.0466 109.462
53 40 0 59.1666 62.2599
53 41 0 38.3078 45.6259
53 42 0 87.9424 105.909
53 43 0 74.3542 85.5633
53 44 0 56.3643 57.8406
53 45 0 15.4139 22.2791
53 46 0 68.4996 78.7573
53 47 0 54.2958 64.0094
53 48 0 38.5856 55.9412
53 49 1 60.9705 85.7439
53 50 0 84.9558 85.4564
53 51 1 24.7998 30.2647
53 52 1 28.9657 34.8971
53 54 1 25.3565 34.5842
53 55 0 85.2009 95.6872
53 56 0 64.4154 77.0256
53 57 0 21.1625 24.1526
53 58 0 3.98276 5.88459
53 59 0 73.4397 84.751
53 60 0 74.3411 91.8331
54 1 0 14.021 18.7307
54 2 0 22.3137 31.2344
54 3 1 28.9272 36.0571
54 4 0 79.8343 114.442
54 5 0 78.7818 86.8186
54 6 0 52.9256 70.2215
54 7 1 39.5041 46.7363
54 8 0 94.3981 105.31
54 9 0 90.0646 133.295
54 10 0 31.53 34.4295
54 11 0 15.589 15.9982
54 12 0 99.2014 128.483
54 13 0 41.5932 55.694
54 14 1 61.3972 80.5898
54 15 0 48.68 56.4834
54 16 0 48.7357 53.9791
54 17 1 14.6254 17.8353
54 18 0 24.2243 30.3288
54 19 0 78.2033 114.869
54 20 0 20.1835 22.7434
54 21 1 46.5805 55.5327
54 22 0 18.6701 23.1976
54 23 0 38.2415 42.1908
54 24 1 28.723 34.4106
54 25 0 62.1439 63.7998
54 26 0 19.0287 19.3943
54 27 0 55.1083 70.7334
54 28 0 74.8494 108.833
54 29 0 51.3179 65.4512
54 30 0 23.6526 29.0518
54 31 0 83.949 88.9912
54 32 0 36.2884 45.2275
54 33 0 83.1424 111.875
54 34 0 45.4149 47.1895
54 35 1 5.55761 6.73206
54 36 1 78.1706 106.395
54 37 0 30.199 43.1513
54 38 0 56.7276 69.3382
54 39 0 67.3185 98.1842
54 40 0 25.8687 26.8377
54 41 0 51.4832 72.914
54 42 0 18.2409 25.0058
54 43 0 6.79047 9.16977
54 44 0 65.3666 97.0034
54 45 0 70.2652 81.5834
54 46 0 72.6299 91.04
54 47 0 24.4373 36.1262
54 48 0 74.9655 105.619
54 49 1 52.06 70.9306
54 50 0 90.6631 106.083
54 51 0 11.6192 17.3054
54 52 0 88.7171 103.076
54 53 0 8.6979 12.8147
54 55 1 59.3982 76.9827
54 56 0 20.3307 21.4509
54 57 0 98.8733 102.815
54 58 0 37.9681 38.4445
54 59 0 27.4146 29.8381
54 60 0 95.3466 108.434
55 1 0 47.1237 58.7021
55 2 0 9.55775 10.3149
55 3 0 23.73 32.2565
55 4 0 72.1237 73.4794
55 5 0 82.5484 112.163
55 6 0 1.73258 2.01257
55 7 0 71.5665 100.575
55 8 0 0.895583 1.19682
55 9 0 49.8844 67.1778
55 10 0 79.0117 90.1293
55 11 0 84.3988 92.6741
55 12 0 78.882 87.9837
55 13 0 64.4705 85.5782
55 14 0 97.6617 142.374
55 15 0 25.9299 28.6175
55 16 0 90.8287 133.242
55 17 0 69.6926 93.4362
55 18 0 6.9837 10.1564
55 19 0 4.94742 5.58664
55 20 0 45.8074 67.0059
55 21 0 19.5541 23.4111
55 22 0 40.4311 50.8096
55 23 0 3.3314 3.49101
55 24 0 97.5095 141.276
55 25 0 13.464 18.1819
55 26 0 37.0907 38.7195
55 27 0 88.1955 110.025
55 28 0 29.9077 40.0282
55 29 0 90.9523 91.1428
55 30 0 91.0467 127.263
55 31 0 57.6193 70.9226
55 32 0 34.8748 48.9718
55 33 0 88.5077 91.7222
55 34 0 48.4311 61.5704
55 35 0 30.2234 32.4118
55 36 1 82.1954 86.5619
55 37 0 93.2022 118.007
55 38 0 7.98362 11.6851
55 39 0 62.5928 69.7106
55 40 0 51.8899 64.9399
55 41 0 91.0317 129.01
55 42 0 30.4062 33.999
55 43 0 74.0716 88.5512
55 44 0 20.265 24.863
55 45 0 78.4641 110.484
55 46 0 20.9705 22.0615
55 47 0 35.9616 50.4605
55 48 1 92.6075 100.634
55 49 0 73.2948 96.4959
55 50 0 14.5199 19.8363
55 51 0 79.2699 113.127
55 52 0 6.6173 9.75125
55 53 0 36.9082 37.3626
55 54 1 54.6028 57.3936
55 56 1 15.6694 22.7014
55 57 0 74.8145 79.2207
55 58 0 12.6703 14.6516
55 59 0 49.9532 69.6519
55 60 0 79.9532 97.3458
56 1 0 63.0073 77.4118
56 2 0 64.6528 90.0269
56 3 0 54.1698 55.8155
56 4 0 25.0767 27.5455
56 5 0 90.0512 134.44
56 6 1 54.2084 76.8355
56 7 0 91.6254 110.689
56 8 0 9.30045 10.2736
56 9 0 63.8297 68.8638
56 10 1 31.6113 34.7538
56 11 0 85.6443 117.395
56 12 0 55.3353 77.4748
56 13 0 26.0239 26.8455
56 14 0 47.8391 53.1148
56 15 0 47.0017 65.5521
56 16 0 66.0961 96.3612
56 17 1 40.9648 46.8405
56 18 0 30.0957 32.2203
56 19 0 64.9678 82.8802
56 20 0 44.9441 53.4148
56 21 0 42.8797 56.6871
56 22 0 77.8643 101.593
56 23 0 28.4652 33.8524
56 24 1 65.1716 82.2191
56 25 0 39.8728 57.9256
56 26 0 46.1066 57.9383
56 27 0 42.9302 47.7011
56 28 0 27.8928 31.0167
56 29 0 90.7637 96.299
56 30 0 83.4026 121.072
56 31 0 21.6535 27.7546
56 32 0 17.0438 20.1818
56 33 1 19.632 22.986
56 34 0 71.9482 78.1941
56 35 0 55.6974 76.217
56 36 0 55.4109 62.9606
56 37 0 89.8619 104.173
56 38 0 32.4226 48.2611
56 39 0 75.2009 76.6963
56 40 0 94.7125 104.628
56 41 0 57.5224 80.5719
56 42 0 80.7695 105.153
56 43 1 57.0747 60.0005
56 44 0 79.5438 91.7284
56 45 0 91.8857 116.692
56 46 0 49.5897 57.1129
56 47 0 76.7662 77.0826
56 48 0 26.5916 39.0562
56 49 0 21.1489 28.8478
56 50 1 13.2764 18.5462
56 51 0 6.155 7.64241
56 52 0 13.2598 16.0705
56 53 0 10.1687 13.2582
56 54 0 50.2369 53.6906
56 55 0 55.8918 71.8015
56 57 1 46.9533 47.1611
56 58 0 10.3761 13.7781
56 59 1 11.3434 15.4395
56 60 0 13.1193 15.0007
57 1 0 18.3085 26.3405
57 2 1 33.0168 33.1981
57 3 0 53.3901 66.7601
57 4 0 23.1308 24.0984
57 5 0 32.0117 42.8371
57 6 0 40.8854 44.4433
57 7 0 98.2163 124.84
57 8 0 57.1059 72.2834
57 9 0 23.2711 27.7878
57 10 0 20.7045 21.9926
57 11 1 70.0666 101.577
57 12 0 22.5063 28.4276
57 13 0 3.01886 3.32437
57 14 0 74.9884 93.1131
57 15 0 36.3116 48.7752
57 16 0 85.6384 125.001
57 17 0 0.735135 1.05254
57 18 0 48.7035 55.8966
57 19 0 76.5522 104.01
57 20 0 90.4493 122.291
57 21 0 91.8875 127.889
57 22 0 53.1451 65.8166
57 23 0 60.0952 73.7691
57 24 0 51.3025 55.1945
57 25 0 48.1004 48.7973
57 26 0 72.1077 95.1108
57 27 0 60.0829 79.6926
57 28 0 67.6603 78.3833
57 29 0 10.0302 11.8432
57 30 0 96.8107 133.866
57 31 0 24.6671 35.7277
57 32 0 90.3403 100.132
57 33 0 43.7691 62.8495
57 34 0 48.6284 64.649
57 35 0 57.4828 70.6262
57 36 0 27.3876 30.1672
57 37 0 80.7384 87.0108
57 38 0 16.5677 20.8792
57 39 1 21.9873 26.8989
57 40 0 15.9156 21.7184
57 41 0 78.4951 112.745
57 42 0 98.3922 118.123
57 43 0 52.2239 57.4673
57 44 0 67.2968 84.9067
57 45 0 43.3084 52.3162
57 46 0 30.181 40.2801
57 47 0 32.42 43.9202
57 48 0 79.7186 119.37
57 49 0 67.973 98.0858
57 50 0 61.9183 80.4127
57 51 0 79.3921 112.336
57 52 0 91.6601 111.456
57 53 0 27.5471 27.5561
57 54 0 64.4314 78.9633
57 55 1 82.2541 100.389
57 56 0 53.6902 55.3194
57 58 1 62.9197 70.1009
57 59 0 98.7543 147.336
57 60 0 22.6341 29.2304
58 1 0 67.8264 93.1286
58 2 1 31.3967 31.6446
58 3 0 29.1302 29.8157
58 4 0 1.60226 2.12423
58 5 0 52.8156 59.4845
58 6 0 11.5346 13.5741
58 7 0 84.2477 88.8215
58 8 0 33.3193 49.1693
58 9 0 78.1416 82.8768
58 10 0 25.6627 26.7796
58 11 0 70.4765 97.9235
58 12 0 98.2561 142.604
58 13 0 31.5 33.9296
58 14 0 90.1761 132.792
58 15 0 93.7386 136.838
58 16 0 13.1892 18.5732
58 17 0 97.431 132.646
58 18 0 34.5727 48.8582
58 19 0 13.8833 14.6099
58 20 0 31.5341 32.6742
58 21 1 63.0059 72.3131
58 22 0 97.1638 103.517
58 23 0 93.0617 98.8411
58 24 0 31.8398 40.3844
58 25 0 62.2949 65.5829
58 26 0 84.5199 110.644
58 27 0 35.8216 46.8159
58 28 1 87.57 116.448
58 29 0 40.0328 40.4946
58 30 0 45.1686 53.3769
58 31 0 64.8052 76.8973
58 32 0 90.9436 104.184
58 33 0 26.9504 33.4252
58 34 0 78.9203 100.631
58 35 0 88.9676 114.713
58 36 0 70.5764 77.6433
58 37 0 14.0498 17.3605
58 38 0 88.3954 106.488
58 39 0 89.6545 95.5197
58 40 0 54.9829 73.9206
58 41 0 90.619 126.519
58 42 0 98.2232 115.754
58 43 0 88.4231 117.156
58 44 0 33.8761 49.5193
58 45 0 55.1945 82.6901
58 46 0 36.7248 40.2649
58 47 0 12.4633 17.881
58 48 0 27.7513 32.9411
58 49 0 60.2277 86.3562
58 50 0 54.2045 75.4708
58 51 1 93.0605 119.394
58 52 0 61.5732 90.9289
58 53 0 69.2283 87.9945
58 54 0 23.7158 25.7414
58 55 0 19.7167 20.3158
58 56 0 37.9841 48.1157
58 57 0 76.9947 77.6874
58 59 1 91.5604 128.808
58 60 1 7.86609 10.6439
59 1 0 58.7777 83.4026
59 2 1 99.4386 145.062
59 3 0 55.2858 79.5669
59 4 0 20.3194 22.6184
59 5 0 70.8761 93.3661
59 6 0 23.186 31.1824
59 7 0 86.5812 99.8234
59 8 0 14.6078 19.6684
59 9 0 0.998583 1.37804
59 10 0 75.3885 91.1288
59 11 1 36.11 38.1762
59 12 0 67.6816 79.4176
59 13 0 79.1324 117.316
59 14 1 47.5569 48.2615
59 15 0 81.3232 87.8619
59 16 0 15.8797 19.0648
59 17 0 58.9854 75.1323
59 18 1 86.0964 103.737
59 19 0 71.4065 81.3128
59 20 0 32.0664 34.4707
59 21 0 73.1953 86.5149
59 22 0 12.9517 17.0046
59 23 1 29.28 42.5217
59 24 0 25.0655 36.8101
59 25 0 18.0502 18.4014
59 26 0 10.7557 11.327
59 27 0 24.5682 28.4446
59 28 0 39.6246 46.4878
59 29 0 15.097 17.107
59 30 0 25.4525 36.7247
59 31 0 90.8929 99.2854
59 32 0 83.1918 91.5125
59 33 0 59.0296 69.7098
59 34 0 71.5699 76.0884
59 35 0 91.0439 122.848
59 36 0 17.658 25.7053
59 37 0 37.48 50.9736
59 38 0 56.3618 59.6192
59 39 0 14.3112 17.147
59 40 0 58.2486 59.0092
59 41 0 43.5927 53.3583
59 42 0 60.9925 61.4001
59 43 1 5.41579 7.74171
59 44 0 6.08784 8.83674
59 45 0 34.8742 41.2018
59 46 0 96.6944 128.58
59 47 0 50.5692 55.8651
59 48 0 54.4552 74.9689
59 49 0 27.0237 39.6482
59 50 0 83.74 114.24
59 51 0 77.7185 78.8475
59 52 0 75.9836 77.7479
59 53 0 86.9974 121.47
59 54 0 74.7719 76.3645
59 55 0 14.3705 16.2747
59 56 0 63.0992 69.0805
59 57 0 37.8391 47.3082
59 58 0 80.2557 116.58
59 60 1 72.9927 105.031
60 1 1 67.2705 96.3871
60 2 1 72.0149 90.3548
60 3 0 83.6416 84.1613
60 4 0 70.5175 89.382
60 5 0 29.0571 42.1615
60 6 0 80.5492 115.866
60 7 0 63.4691 81.6942
60 8 0 83.3865 122.741
60 9 0 89.3231 120.829
60 10 1 87.7714 123.718
60 11 0 23.4844 24.8405
60 12 0 26.4045 30.1647
60 13 0 87.8604 98.3755
60 14 0 2.53104 2.59067
60 15 1 8.65568 10.3239
60 16 0 4.86619 5.15527
60 17 0 31.1278 41.648
60 18 0 52.9002 69.1044
60 19 1 97.4637 141.238
60 20 0 22.7421 25.4953
60 21 0 39.1407 43.8673
60 22 0 76.222 82.3558
60 23 0 64.4712 94.5563
60 24 1 84.6067 109.548
60 25 0 67.0475 81.3903
60 26 0 64.5809 80.0525
60 27 0 68.4176 93.6506
60 28 0 75.4249 112.851
60 29 0 87.6164 88.0031
60 30 0 48.5303 55.8368
60 31 0 30.116 37.3823
60 32 1 62.8233 77.5242
60 33 0 66.6064 73.8786
60 34 0 53.1576 70.6749
60 35 1 24.7744 28.9154
60 36 0 26.6353 34.9111
60 37 0 37.3921 46.1207
60 38 0 65.5007 83.8702
60 39 1 79.2739 109.436
60 40 1 94.2693 131.834
60 41 0 70.3336 73.5944
60 42 0 52.7074 72.172
60 43 0 70.5692 98.879
60 44 0 57.4669 77.3358
60 45 0 7.84947 9.8596
60 46 0 57.7544 79.5979
60 47 0 57.1977 58.2607
60 48 0 45.9257 50.3726
60 49 0 50.1361 73.9193
60 50 0 46.7432 63.0416
60 51 0 4.0493 4.91989
60 52 0 78.1676 100.456
60 53 0 97.053 112.031
60 54 1 55.8652 58.9195
60 55 0 50.333 55.1191
60 56 0 56.6662 68.8622
60 57 0 72.4641 80.8843
60 58 0 10.7984 10.9668
60 59 0 25.7825 32.7908
7.3792 23.8318 10.8013 17.261 35.183 39.204 29.1257 17.7987 36.8704 27.1739 23.2196 1.10256 28.6404 1.62602 4.99559 12.1727 0.880883 3.09225 8.89386 24.3909 22.6163 26.0132 39.2395 16.0542 22.1795 0.961557 34.1297 11.953 32.2505 36.3993 19.0248 38.7798 24.8705 9.14551 4.0798 17.3685 6.98854 0.92001 14.9061 25.506 2.53138 18.3188 0.14869 30.7119 9.32202 22.7307 28.6454 11.5291 2.56709 24.4859 8.24792 14.6906 15.0447 38.8375 33.9982 7.30425 15.7572 21.5534 22.2987 32.7673 