20
100
3
50
1 2 1 67.5356 41.4092
1 3 0 19.9483 38.9462
1 4 0 62.2544 87.9247
1 5 0 69.338 7.9584
1 6 0 8.13362 16.9865
1 7 0 70.8551 4.58396
1 8 0 62.5308 4.69446
1 9 0 87.2931 17.4586
1 10 0 48.7836 15.0424
1 11 1 61.7107 68.4501
1 12 1 44.622 8.22616
1 13 1 51.8321 56.0609
1 14 0 55.2691 51.8953
1 15 1 27.2039 19.044
1 16 0 33.3626 96.7263
1 17 0 57.2532 6.30441
1 18 0 1.71737 12.4101
1 19 0 41.4737 88.4254
1 20 1 46.927 24.1659
2 1 1 17.2568 65.4553
2 3 1 12.8665 20.8027
2 4 0 13.4624 99.2457
2 5 0 57.5807 15.9303
2 6 0 47.1332 86.0779
2 7 1 69.6592 73.3975
2 8 0 48.2127 62.1239
2 9 1 84.7159 31.802
2 10 0 41.3052 72.2304
2 11 0 36.2271 85.374
2 12 0 63.3281 35.758
2 13 1 11.4263 86.2708
2 14 0 56.4617 90.9295
2 15 0 58.6711 27.3918
2 16 0 18.6173 99.7401
2 17 0 61.4969 24.7167
2 18 1 35.724 36.222
2 19 0 41.7184 52.4682
2 20 1 8.85594 26.2628
3 1 0 55.682 48.9722
3 2 0 41.1975 27.8772
3 4 1 68.2118 68.6127
3 5 0 63.7774 0.53623
3 6 1 61.0754 60.9527
3 7 0 76.1855 80.5677
3 8 1 84.6538 73.9946
3 9 0 91.8373 68.816
3 10 1 97.4784 11.7126
3 11 0 35.5743 54.943
3 12 0 50.3779 77.0171
3 13 1 46.6735 53.0412
3 14 1 78.8218 88.3053
3 15 0 76.6854 27.2944
3 16 1 21.0945 72.4895
3 17 0 6.73794 73.5472
3 18 0 31.7589 35.9497
3 19 1 81.4689 36.5555
3 20 0 3.07282 96.1482
4 1 0 71.1274 22.192
4 2 0 20.6769 77.6424
4 3 0 99.7007 95.8876
4 5 1 98.9544 19.3416
4 6 0 59.5393 10.6399
4 7 0 23.4439 53.2949
4 8 0 25.6015 27.3098
4 9 1 7.15068 42.3119
4 10 0 69.1997 57.1519
4 11 0 27.194 93.0214
4 12 0 80.7934 37.0173
4 13 0 87.1308 62.6097
4 14 0 36.0035 83.1019
4 15 0 77.5471 14.7015
4 16 0 8.02045 11.0311
4 17 0 95.264 3.18325
4 18 0 8.18318 26.9641
4 19 0 22.8282 70.6069
4 20 0 66.0368 7.91654
5 1 0 37.4248 81.0528
5 2 1 95.8958 70.0112
5 3 0 72.8868 38.8484
5 4 0 84.8238 52.0988
5 6 1 5.96515 16.2392
5 7 0 72.617 13.3597
5 8 0 48.6667 33.0042
5 9 0 16.1416 1.68197
5 10 0 88.4855 85.4659
5 11 0 9.12905 33.637
5 12 1 7.69015 8.14666
5 13 0 7.68208 25.0086
5 14 0 12.7391 63.6544
5 15 1 59.1753 13.2097
5 16 1 0.225411 95.9367
5 17 1 77.4729 43.1469
5 18 1 21.2544 90.374
5 19 0 50.3814 93.0828
5 20 1 34.6722 0.114327
6 1 0 22.7641 20.9574
6 2 0 48.302 77.4917
6 3 0 9.23273 15.7936
6 4 1 6.13175 38.6741
6 5 1 74.3432 62.5299
6 7 1 40.9396 16.0409
6 8 0 36.8282 27.9332
6 9 0 89.9098 71.1525
6 10 0 48.8849 50.9051
6 11 0 19.949 40.0473
6 12 0 98.7062 72.9848
6 13 1 87.2429 6.93141
6 14 0 81.1127 10.7676
6 15 0 27.1139 1.56997
6 16 0 91.4933 23.6972
6 17 0 10.9123 22.9914
6 18 0 94.1881 48.0325
6 19 0 96.7602 62.1272
6 20 0 27.3787 24.9193
7 1 0 50.2928 81.8207
7 2 0 54.9229 75.1734
7 3 0 72.6564 9.72975
7 4 1 78.841 40.5625
7 5 0 72.0504 60.2771
7 6 0 64.7693 59.1429
7 8 1 55.1136 58.8517
7 9 0 44.7233 77.3209
7 10 1 36.365 42.0397
7 11 1 0.403696 71.5219
7 12 0 27.5173 96.0994
7 13 0 10.6782 48.7399
7 14 0 16.1973 60.9781
7 15 0 74.4838 80.3878
7 16 1 8.03228 19.8162
7 17 1 82.0793 78.9141
7 18 0 16.6061 4.45272
7 19 0 50.1602 86.5273
7 20 0 67.7601 31.8367
8 1 0 11.6215 78.6286
8 2 0 62.4056 35.2112
8 3 0 91.3885 21.4918
8 4 0 71.5188 36.7963
8 5 0 2.4092 52.4483
8 6 0 86.6615 42.8131
8 7 1 93.7271 17.9959
8 9 1 19.9418 34.6053
8 10 0 4.25746 65.9059
8 11 1 7.63247 22.6266
8 12 0 16.0804 14.7611
8 13 0 73.5896 9.04675
8 14 0 42.2988 31.7749
8 15 1 60.338 87.462
8 16 0 72.5724 95.7598
8 17 0 44.9852 94.4302
8 18 0 58.5685 81.3777
8 19 0 80.2301 89.8996
8 20 1 77.2183 69.3508
9 1 0 83.1855 56.9343
9 2 0 63.234 63.942
9 3 0 98.5797 54.8294
9 4 0 28.5493 0.896686
9 5 0 41.8838 33.1617
9 6 0 66.9963 60.2649
9 7 0 37.402 73.0829
9 8 0 60.3312 76.7021
9 10 1 20.7029 47.3286
9 11 0 42.2441 88.9554
9 12 0 47.3274 99.3396
9 13 0 25.6741 74.9972
9 14 0 28.7524 68.7962
9 15 0 3.71555 1.10644
9 16 1 96.943 43.7225
9 17 0 55.5545 84.3377
9 18 0 27.8669 35.2531
9 19 1 28.8064 74.2697
9 20 0 49.6819 79.5189
10 1 0 42.4245 11.5757
10 2 1 63.2202 62.0583
10 3 0 44.4431 10.3259
10 4 0 6.00983 96.2749
10 5 0 3.63459 15.1981
10 6 0 22.8045 47.2537
10 7 0 13.1743 57.0269
10 8 1 56.2968 95.8924
10 9 0 7.23593 8.96066
10 11 1 98.896 79.4207
10 12 0 86.5112 6.19363
10 13 0 25.9195 95.3053
10 14 1 81.6477 39.2759
10 15 1 68.0435 13.8621
10 16 0 31.4548 1.81093
10 17 0 38.7824 44.0635
10 18 0 67.9781 31.8512
10 19 0 75.2821 44.3333
10 20 0 20.0868 28.3245
11 1 1 89.0202 96.6566
11 2 0 84.9245 36.559
11 3 1 49.2542 22.3059
11 4 0 51.7692 46.3168
11 5 0 20.9935 25.2262
11 6 0 83.2513 21.2588
11 7 0 93.6797 97.8858
11 8 0 28.9896 39.2919
11 9 0 52.6062 47.3286
11 10 1 93.6823 36.2492
11 12 1 1.09514 35.2251
11 13 0 76.0889 82.5068
11 14 0 39.1137 88.048
11 15 0 18.3295 50.5825
11 16 0 53.3852 80.65
11 17 0 93.3112 62.242
11 18 0 12.5659 92.5177
11 19 0 49.2848 89.1927
11 20 0 66.5493 74.8346
12 1 0 64.3267 95.8116
12 2 1 42.9402 51.0681
12 3 0 85.3301 45.597
12 4 1 37.9405 27.1841
12 5 0 48.3096 83.8065
12 6 1 45.6013 93.5667
12 7 0 96.6873 95.3684
12 8 0 54.591 98.4293
12 9 1 34.2533 24.9164
12 10 1 66.8482 53.4912
12 11 0 20.6341 34.994
12 13 1 40.0389 39.9118
12 14 0 95.9282 69.5651
12 15 0 41.4277 74.1086
12 16 0 2.67796 94.074
12 17 1 68.1954 79.8684
12 18 0 59.9124 49.2411
12 19 0 11.2145 80.0608
12 20 0 14.9862 59.2702
13 1 0 17.6263 39.6703
13 2 0 97.3343 1.77351
13 3 0 6.89292 92.5908
13 4 0 28.272 15.6113
13 5 0 94.0938 51.9685
13 6 0 22.4088 1.64631
13 7 0 73.1094 65.4221
13 8 0 94.5956 63.8981
13 9 0 42.957 48.1944
13 10 0 25.0244 55.0133
13 11 1 14.6542 40.0278
13 12 1 84.3023 45.955
13 14 1 94.9323 7.30804
13 15 0 5.70741 9.44185
13 16 0 74.6459 45.0175
13 17 0 62.5695 55.3413
13 18 0 96.5195 28.5425
13 19 0 41.1019 77.1435
13 20 0 24.4372 51.5897
14 1 0 78.352 93.7156
14 2 0 14.2274 48.4035
14 3 0 66.1118 90.0713
14 4 0 25.3979 56.0802
14 5 1 15.9454 28.5588
14 6 0 68.6297 88.0852
14 7 0 34.8145 7.28439
14 8 0 61.5286 11.1819
14 9 0 63.2158 33.5602
14 10 1 73.3774 49.2488
14 11 0 47.6214 17.7192
14 12 0 66.0229 63.1575
14 13 0 52.7812 3.92039
14 15 1 70.8431 78.2976
14 16 0 24.3634 7.90216
14 17 0 59.8055 22.3225
14 18 0 16.3133 27.479
14 19 0 36.595 65.9492
14 20 1 94.182 50.2318
15 1 0 53.3164 10.2451
15 2 0 75.6929 74.7192
15 3 0 59.5673 26.2471
15 4 0 45.9995 34.6271
15 5 0 47.3399 46.8908
15 6 0 39.2561 27.5814
15 7 0 97.7285 20.1485
15 8 0 58.8471 35.564
15 9 0 28.9837 35.454
15 10 1 30.5553 31.1494
15 11 0 21.1563 89.2367
15 12 0 47.9561 0.382122
15 13 0 49.1664 26.0945
15 14 0 99.0398 73.5289
15 16 1 93.7291 75.5452
15 17 1 95.5684 47.5522
15 18 0 94.6946 74.7173
15 19 1 6.44593 27.4219
15 20 0 42.6507 35.3381
16 1 1 89.4484 27.6166
16 2 1 5.29767 57.8273
16 3 0 98.8248 11.5634
16 4 1 61.4919 44.4484
16 5 0 28.8951 46.3871
16 6 0 73.7182 22.977
16 7 0 42.3954 96.5392
16 8 1 84.5912 35.4947
16 9 0 8.44862 3.68076
16 10 0 63.1275 35.5879
16 11 0 77.7201 56.1425
16 12 0 1.54869 28.7255
16 13 0 85.8705 52.7919
16 14 0 77.6949 91.1849
16 15 1 31.4186 88.7022
16 17 1 50.5247 92.4649
16 18 0 32.8838 12.0625
16 19 0 96.5915 25.1278
16 20 0 36.673 62.5317
17 1 0 44.13 17.7804
17 2 0 39.1949 61.404
17 3 0 40.3103 95.6622
17 4 0 5.20273 33.0431
17 5 0 39.2227 5.19591
17 6 0 42.3121 86.2066
17 7 0 5.91883 72.1177
17 8 0 39.6093 17.683
17 9 0 14.0011 21.6512
17 10 1 68.5271 99.3831
17 11 0 76.8806 48.3505
17 12 0 72.0769 28.6602
17 13 0 83.7214 71.8906
17 14 0 26.3739 79.8976
17 15 0 27.8358 70.2777
17 16 0 28.7547 21.2835
17 18 1 82.4715 80.2316
17 19 0 39.8899 58.9051
17 20 0 2.4697 70.0794
18 1 0 52.3365 17.3992
18 2 1 9.69543 39.6884
18 3 0 67.822 13.3906
18 4 0 13.8561 17.9743
18 5 0 8.30689 76.1395
18 6 0 18.6781 52.3965
18 7 0 13.3185 65.4913
18 8 0 18.0116 90.6064
18 9 1 69.1326 35.0817
18 10 0 56.737 74.8657
18 11 0 35.7185 15.6993
18 12 0 58.2785 42.0768
18 13 1 53.688 92.3388
18 14 1 4.83736 97.9726
18 15 0 27.4113 91.0341
18 16 0 79.9923 4.55457
18 17 0 13.8876 22.813
18 19 1 1.39754 7.75853
18 20 1 50.9438 57.7555
19 1 1 12.8816 63.8573
19 2 0 15.3641 90.4974
19 3 0 68.6957 89.8997
19 4 0 88.4345 91.2171
19 5 0 24.153 35.2295
19 6 0 78 43.5988
19 7 1 80.2885 43.4941
19 8 0 31.1665 29.2385
19 9 0 30.0028 14.6853
19 10 1 73.7828 20.6011
19 11 1 9.01052 27.9938
19 12 0 21.4476 19.1641
19 13 0 56.2929 3.01006
19 14 0 61.3466 18.3516
19 15 0 40.8413 30.4423
19 16 0 17.1968 26.5494
19 17 1 92.6466 90.0532
19 18 0 31.5884 86.354
19 20 1 32.562 27.37
20 1 1 35.1175 34.927
20 2 0 35.0367 88.2626
20 3 0 75.8545 17.3037
20 4 0 85.3542 83.1631
20 5 0 20.2459 8.77703
20 6 0 92.1652 88.0441
20 7 1 42.5379 27.0488
20 8 0 46.2251 22.5764
20 9 0 86.9998 33.8399
20 10 0 63.8185 97.5738
20 11 1 22.8673 48.6306
20 12 1 12.0358 10.443
20 13 0 23.7259 25.2287
20 14 0 88.7599 15.7536
20 15 0 64.1228 8.88912
20 16 0 91.2113 56.8559
20 17 0 79.1003 56.6967
20 18 0 48.6091 2.45617
20 19 0 61.7041 40.7823
25.9358 25.6005 39.9711 36.8247 26.9841 20.0863 23.0991 2.81839 19.3061 1.46317 21.5352 33.475 1.77184 28.3603 32.9633 6.47602 5.66116 13.9391 20.5105 28.2755 