20
300
4
50
1 2 1 75.7086 28.3305
1 3 1 89.0614 87.9736
1 4 0 64.5271 71.7531
1 5 1 99.1318 0.508154
1 6 1 4.3938 4.92655
1 7 1 93.7714 56.0803
1 8 1 29.303 21.9777
1 9 1 95.1241 91.6158
1 10 1 74.3858 84.96
1 11 1 95.4105 78.7965
1 12 1 49.7244 21.7803
1 13 1 78.805 44.9825
1 14 1 32.1262 67.4713
1 15 1 47.7746 58.2849
1 16 1 86.8077 23.0155
1 17 1 63.9074 7.41369
1 18 1 6.15471 77.4102
1 19 1 98.4158 66.7019
1 20 1 42.1431 4.73096
2 1 1 30.1729 76.0996
2 3 1 33.6588 32.2142
2 4 0 89.6035 72.0984
2 5 1 20.8726 75.1352
2 6 1 36.2917 98.4526
2 7 0 0.424602 4.00976
2 8 1 30.9962 84.7027
2 9 0 27.2286 47.5654
2 10 1 6.12196 46.3369
2 11 1 93.0447 69.1857
2 12 0 4.06849 60.2964
2 13 1 64.869 72.4373
2 14 1 37.4483 59.4151
2 15 0 94.4304 86.0845
2 16 1 27.1248 30.1871
2 17 0 32.0143 33.5801
2 18 1 53.4283 7.63726
2 19 1 51.4234 65.6738
2 20 0 26.3081 75.5926
3 1 1 81.1472 88.9491
3 2 1 76.1938 81.1186
3 4 1 66.8544 1.84135
3 5 1 39.0615 1.03386
3 6 1 79.1596 9.63652
3 7 0 47.8389 29.2381
3 8 1 55.8786 70.6286
3 9 1 67.0467 3.14667
3 10 1 51.1433 95.2419
3 11 1 53.6424 33.5201
3 12 1 8.58336 54.171
3 13 1 27.2844 5.15901
3 14 1 68.5041 97.4822
3 15 1 60.5398 68.251
3 16 1 54.1341 80.1086
3 17 0 34.3121 5.57693
3 18 1 41.1297 47.5681
3 19 1 28.2161 54.2892
3 20 1 79.7365 58.9842
4 1 1 57.4494 13.2828
4 2 1 31.879 39.5329
4 3 1 95.7194 73.6566
4 5 1 89.2146 43.9915
4 6 1 69.5106 37.9903
4 7 1 69.7356 53.2016
4 8 1 89.6179 74.4068
4 9 1 88.171 59.0463
4 10 1 85.2355 55.5703
4 11 1 21.5171 77.7448
4 12 1 64.5799 84.8991
4 13 0 45.8156 66.9525
4 14 1 60.9752 97.3386
4 15 0 30.1085 77.3129
4 16 0 79.6442 90.2153
4 17 1 80.4304 99.09
4 18 1 62.5386 24.3259
4 19 0 3.19987 90.8239
4 20 1 95.7366 31.422
5 1 1 40.1627 46.4425
5 2 1 64.8514 77.6261
5 3 1 92.4723 45.1622
5 4 1 53.3644 95.4444
5 6 1 93.755 18.9341
5 7 0 32.1148 23.9882
5 8 1 4.83828 19.0424
5 9 0 81.5215 90.5527
5 10 1 45.5036 41.3594
5 11 1 80.1775 41.2533
5 12 0 85.8745 74.151
5 13 1 59.9784 56.2749
5 14 1 43.9617 12.6451
5 15 0 46.743 69.8074
5 16 0 17.6782 15.9396
5 17 1 35.6844 80.3931
5 18 1 22.0279 69.2944
5 19 1 14.7848 6.75349
5 20 1 97.3011 52.8161
6 1 0 1.7807 20.5265
6 2 1 91.1929 59.2597
6 3 1 4.76165 11.161
6 4 1 90.4242 60.8828
6 5 1 52.6721 80.881
6 7 1 54.6264 83.3169
6 8 1 29.1251 95.5608
6 9 1 64.0544 31.8436
6 10 1 43.6845 92.6576
6 11 0 56.1421 45.0165
6 12 1 66.5328 25.5805
6 13 1 56.5378 93.9166
6 14 1 93.1394 6.14288
6 15 1 75.8831 30.2512
6 16 1 28.7473 57.6674
6 17 1 16.7955 38.3193
6 18 0 85.9764 62.3477
6 19 1 77.1831 19.3154
6 20 0 43.4369 67.5694
7 1 0 78.6117 9.69979
7 2 1 9.30429 32.6542
7 3 1 84.1906 43.4394
7 4 1 59.8409 55.7239
7 5 1 15.9408 26.4527
7 6 1 40.0097 33.41
7 8 1 27.5172 64.3286
7 9 1 92.1019 52.5225
7 10 0 35.2022 62.1507
7 11 1 5.64964 71.6685
7 12 1 6.22964 7.97373
7 13 0 7.81169 14.4263
7 14 1 14.4786 10.4429
7 15 1 1.49319 58.2758
7 16 1 79.6962 90.5111
7 17 1 79.2417 77.7875
7 18 0 80.8881 34.8025
7 19 1 86.0448 33.9401
7 20 0 43.3607 81.7465
8 1 1 60.5628 14.0005
8 2 1 27.9196 0.831209
8 3 1 84.8837 61.008
8 4 1 49.2378 22.0362
8 5 1 51.967 19.1503
8 6 1 9.51841 32.609
8 7 1 16.6375 86.8528
8 9 1 16.8671 31.2117
8 10 1 35.4207 11.3637
8 11 1 19.3852 70.1349
8 12 1 57.2085 63.2074
8 13 1 42.6688 11.9422
8 14 1 40.1435 88.2327
8 15 0 55.3946 47.2028
8 16 1 16.9801 67.6322
8 17 1 91.1461 59.2466
8 18 1 40.2641 56.753
8 19 1 0.744145 58.7557
8 20 1 45.1646 7.35968
9 1 1 15.9333 27.5719
9 2 1 2.27274 15.5163
9 3 1 70.0302 22.0736
9 4 1 7.93629 29.7369
9 5 1 15.6995 94.5849
9 6 1 26.7463 22.3337
9 7 0 43.0456 1.08461
9 8 1 92.3901 90.5082
9 10 1 95.9707 27.0517
9 11 0 16.9439 40.6227
9 12 1 38.0596 19.746
9 13 1 52.3038 87.2388
9 14 1 48.9703 7.69725
9 15 1 54.2006 2.50733
9 16 1 6.84252 55.6701
9 17 0 7.26709 70.0075
9 18 0 9.81058 50.8097
9 19 1 44.4955 13.1744
9 20 1 97.2646 46.3736
10 1 0 72.4588 10.8606
10 2 1 17.9763 55.4454
10 3 1 23.4665 85.7318
10 4 1 53.4243 96.0901
10 5 1 27.388 3.30209
10 6 1 67.8615 63.1946
10 7 1 81.8315 57.289
10 8 1 41.3713 94.193
10 9 1 47.6395 17.0651
10 11 1 14.2871 13.4802
10 12 1 61.6318 11.6248
10 13 1 92.6068 56.047
10 14 0 77.478 81.4378
10 15 1 64.0364 35.1176
10 16 0 82.1728 94.0255
10 17 1 93.2968 5.88751
10 18 1 93.4377 15.4228
10 19 1 31.9289 11.8105
10 20 1 76.8781 98.7823
11 1 0 7.49384 28.1382
11 2 1 86.4766 29.119
11 3 1 67.606 79.5173
11 4 1 16.9211 34.7242
11 5 1 39.2012 5.11049
11 6 1 1.02486 79.8511
11 7 1 25.3931 18.7464
11 8 1 98.6028 51.4021
11 9 0 84.1121 28.6911
11 10 1 78.5763 47.398
11 12 1 46.2366 70.6747
11 13 1 6.92474 93.6353
11 14 1 50.1164 85.5126
11 15 1 24.7751 24.943
11 16 1 54.6228 98.2957
11 17 1 3.57974 81.0067
11 18 1 91.1237 41.0014
11 19 1 29.8463 13.4713
11 20 1 44.4422 57.7457
12 1 1 64.7418 19.159
12 2 1 49.0021 57.8923
12 3 1 85.1527 42.3282
12 4 0 6.57079 23.4598
12 5 1 14.622 48.5143
12 6 1 41.1246 21.8142
12 7 1 39.2744 10.6866
12 8 0 71.693 32.0986
12 9 1 81.1571 22.9195
12 10 1 83.394 16.8407
12 11 1 12.3391 10.0046
12 13 1 14.9816 54.7204
12 14 1 54.2401 33.4128
12 15 1 11.7416 10.1678
12 16 1 70.337 60.1115
12 17 1 19.7859 31.6329
12 18 0 12.4904 9.74197
12 19 1 47.8995 33.2775
12 20 0 95.528 49.4705
13 1 1 61.6672 41.6116
13 2 0 80.9183 65.3785
13 3 0 42.2976 61.422
13 4 1 95.6682 95.7012
13 5 1 71.0307 91.9545
13 6 1 46.9212 85.6747
13 7 0 91.359 34.6194
13 8 1 50.3585 70.1411
13 9 1 51.3734 93.2218
13 10 1 42.5299 67.533
13 11 1 69.5402 54.9032
13 12 1 87.0174 78.1168
13 14 1 95.3424 71.2714
13 15 1 62.8778 33.7824
13 16 1 75.5635 39.2433
13 17 1 68.4328 58.0362
13 18 1 35.3069 9.44638
13 19 0 92.8311 50.3385
13 20 1 20.851 47.6229
14 1 1 3.88839 62.9101
14 2 0 41.6583 55.822
14 3 0 41.7386 41.1076
14 4 1 85.288 29.2173
14 5 0 36.6084 98.8827
14 6 1 7.83025 80.0616
14 7 1 91.0284 95.652
14 8 1 3.08354 81.5593
14 9 0 44.2431 68.9061
14 10 1 58.2957 15.2466
14 11 0 25.5068 89.1023
14 12 0 94.4443 47.0727
14 13 1 54.54 57.7439
14 15 1 15.9931 16.7692
14 16 1 2.63412 36.9108
14 17 0 44.9083 86.4303
14 18 0 74.2046 27.6246
14 19 0 72.8648 57.8432
14 20 1 50.7621 54.9786
15 1 1 99.1992 25.8214
15 2 0 24.6809 58.0581
15 3 1 32.5586 81.7626
15 4 0 26.5287 86.9747
15 5 1 38.0971 82.9153
15 6 1 77.4888 74.0698
15 7 1 56.8479 51.3126
15 8 1 56.1383 35.7504
15 9 1 30.6145 29.0405
15 10 1 75.3828 82.652
15 11 1 45.2593 99.4614
15 12 1 79.0118 31.7454
15 13 1 92.0432 50.3131
15 14 1 62.8098 78.8213
15 16 1 53.9599 77.5425
15 17 0 14.0578 95.9218
15 18 0 13.8768 14.874
15 19 1 63.5782 40.8134
15 20 1 96.7165 40.0597
16 1 0 96.7532 12.9027
16 2 1 77.4387 37.1196
16 3 1 71.2388 49.6002
16 4 1 1.28141 54.7305
16 5 1 41.6183 83.3159
16 6 1 36.2481 67.924
16 7 1 57.9499 69.8007
16 8 1 73.2287 83.658
16 9 1 58.1973 81.9185
16 10 1 30.6584 60.6792
16 11 0 4.72846 99.7252
16 12 1 65.335 99.1764
16 13 1 95.7088 57.3502
16 14 0 11.5587 53.5178
16 15 1 52.2158 30.6528
16 17 1 25.0887 1.43292
16 18 1 31.6822 14.3146
16 19 0 99.1451 35.3044
16 20 1 68.6261 61.3563
17 1 1 42.2091 19.6381
17 2 1 35.5817 66.2682
17 3 0 21.5405 3.71737
17 4 1 54.5004 61.0127
17 5 1 70.0698 84.7028
17 6 1 5.35212 91.5095
17 7 1 58.9405 81.4702
17 8 1 97.6968 35.29
17 9 1 43.6441 73.7898
17 10 1 56.7938 47.4492
17 11 0 46.2126 15.0908
17 12 1 9.83985 82.2142
17 13 1 86.9561 14.5388
17 14 1 21.1077 94.4435
17 15 1 31.8255 54.7294
17 16 1 41.2771 34.3132
17 18 1 64.9383 26.729
17 19 1 12.748 90.1858
17 20 1 59.4155 50.1847
18 1 0 13.0001 43.4593
18 2 1 45.1116 69.7427
18 3 1 10.9018 77.7986
18 4 0 26.3122 63.1734
18 5 1 87.5196 1.78002
18 6 1 1.51779 30.6231
18 7 0 53.0395 83.003
18 8 1 70.813 12.5461
18 9 0 76.5186 62.9986
18 10 0 66.306 46.5265
18 11 1 26.4745 70.5041
18 12 1 5.24978 30.3874
18 13 1 48.7919 3.26289
18 14 1 2.01231 38.3421
18 15 1 70.182 64.862
18 16 1 52.8569 78.9439
18 17 1 49.2981 20.4421
18 19 1 18.0362 71.5061
18 20 1 97.4976 56.4531
19 1 1 95.6293 18.4036
19 2 1 54.9228 80.6467
19 3 1 91.99 72.4764
19 4 1 65.3892 70.9461
19 5 1 33.8338 46.5485
19 6 0 79.7385 9.7017
19 7 1 78.3224 4.8513
19 8 1 17.3139 1.20705
19 9 0 44.4367 35.1072
19 10 1 29.7096 53.9877
19 11 0 90.5491 66.5502
19 12 1 33.1213 86.502
19 13 1 24.7348 87.1819
19 14 0 98.566 8.73773
19 15 1 46.9769 85.9234
19 16 0 8.61791 54.9805
19 17 0 64.7387 98.546
19 18 1 21.8138 84.7163
19 20 1 40.5372 91.0416
20 1 1 82.0459 66.372
20 2 1 95.2145 63.242
20 3 1 40.5193 28.5519
20 4 0 88.5178 7.78254
20 5 1 30.5273 56.7872
20 6 1 89.4348 39.9184
20 7 1 22.1627 86.9298
20 8 0 57.2502 4.9096
20 9 1 79.7412 42.3726
20 10 1 95.1437 0.323103
20 11 1 24.9865 56.7783
20 12 1 54.1038 22.2791
20 13 0 8.01098 15.6792
20 14 0 95.856 7.87171
20 15 1 60.6766 55.8293
20 16 1 91.0299 57.0583
20 17 1 40.5796 57.82
20 18 1 48.4871 8.15849
20 19 1 91.9555 45.4486
29.9433 36.1525 4.16332 2.6568 18.14 21.2497 18.6516 16.3652 9.20413 17.1366 4.38363 2.50538 27.9988 33.5762 19.4997 13.738 0.582032 36.5888 15.4724 7.25903 