20
150
3
50
1 2 1 6.99822 78.8454
1 3 1 5.56438 4.95021
1 4 1 32.965 55.6872
1 5 1 52.1468 94.0312
1 6 0 80.8303 32.4294
1 7 1 37.7568 54.0356
1 8 0 62.5732 89.3027
1 9 0 49.3004 17.2646
1 10 1 91.7047 53.9698
1 11 1 19.0545 78.6858
1 12 0 3.19684 35.44
1 13 0 40.0569 78.5562
1 14 1 44.9281 14.202
1 15 0 92.0037 30.1856
1 16 1 22.4525 19.6886
1 17 0 2.3028 44.82
1 18 0 17.7633 55.4539
1 19 0 83.0391 69.3827
1 20 0 63.4989 7.48367
2 1 0 7.21658 67.241
2 3 1 39.2646 76.6344
2 4 0 51.4753 14.3069
2 5 1 2.16677 94.2992
2 6 0 33.4844 10.5722
2 7 0 35.7352 65.7676
2 8 0 41.6518 61.5057
2 9 0 20.8522 97.5202
2 10 0 59.8665 45.6926
2 11 0 15.9712 46.3866
2 12 0 71.5945 37.8573
2 13 1 25.9521 2.28156
2 14 0 17.0154 1.97398
2 15 1 51.1731 76.1896
2 16 0 88.3384 4.05267
2 17 1 28.1241 39.5365
2 18 0 16.2028 74.9376
2 19 0 20.1596 28.5538
2 20 0 50.1497 86.2026
3 1 1 21.9156 76.8328
3 2 1 41.0801 38.0036
3 4 1 9.16827 26.0847
3 5 1 41.869 9.04257
3 6 0 89.5412 41.1234
3 7 1 36.2122 55.7816
3 8 0 91.1664 18.8111
3 9 0 35.3211 7.45799
3 10 0 35.5746 79.3864
3 11 0 5.22752 19.5034
3 12 0 76.5664 94.7887
3 13 0 53.5034 2.72063
3 14 1 43.918 19.03
3 15 0 45.9175 35.7401
3 16 0 28.0682 92.8375
3 17 1 19.2091 27.108
3 18 0 4.02728 77.877
3 19 0 3.52652 32.5307
3 20 0 96.4427 86.4151
4 1 0 41.6009 8.0938
4 2 0 87.7177 13.491
4 3 0 71.4128 13.2149
4 5 1 14.268 83.4475
4 6 0 78.7445 70.2116
4 7 0 16.9242 57.77
4 8 1 47.0461 3.39369
4 9 0 89.0238 53.7084
4 10 0 56.695 40.6435
4 11 0 43.2627 47.5183
4 12 1 19.995 2.81575
4 13 0 46.5875 2.62295
4 14 1 42.8212 3.67033
4 15 0 77.9586 63.7973
4 16 1 70.2785 20.2547
4 17 1 73.3677 84.0018
4 18 1 47.9767 20.2483
4 19 0 30.5188 16.3911
4 20 0 77.5832 92.1265
5 1 0 49.6155 43.1679
5 2 0 31.995 38.1495
5 3 0 19.3614 43.5862
5 4 0 50.1969 35.0782
5 6 1 91.7162 41.9633
5 7 1 2.27912 43.9534
5 8 1 3.08259 68.0178
5 9 1 56.3213 40.3802
5 10 0 33.9548 58.9007
5 11 1 80.8398 45.461
5 12 0 50.9376 62.9945
5 13 1 30.1567 81.1576
5 14 1 39.4282 42.413
5 15 0 74.9086 82.4396
5 16 0 56.9841 84.813
5 17 0 55.0166 84.2981
5 18 0 71.2755 79.3033
5 19 0 86.872 47.4103
5 20 1 43.689 78.3961
6 1 0 28.5208 45.8914
6 2 1 77.3579 31.4101
6 3 0 70.1352 26.0834
6 4 0 86.514 23.0822
6 5 0 40.8901 21.4506
6 7 1 53.592 93.253
6 8 0 88.9443 77.5234
6 9 1 28.9126 41.7282
6 10 0 4.04138 25.1669
6 11 0 13.0754 79.8508
6 12 0 23.7848 0.635373
6 13 0 81.3643 87.1725
6 14 1 88.0136 51.3856
6 15 0 51.6317 59.518
6 16 1 57.6354 70.485
6 17 1 41.369 13.8243
6 18 1 95.0226 39.8122
6 19 0 58.9469 90.6431
6 20 0 93.2632 19.4768
7 1 0 81.1541 41.4327
7 2 1 29.146 66.059
7 3 0 73.4644 49.2111
7 4 1 21.0711 96.1624
7 5 0 75.1015 24.0864
7 6 0 23.5162 52.9685
7 8 1 74.0478 38.1288
7 9 0 7.67514 21.7384
7 10 1 6.64531 65.0354
7 11 0 86.3643 10.0641
7 12 0 61.5217 25.5632
7 13 1 65.9934 54.1073
7 14 0 91.1658 41.2291
7 15 1 61.677 49.5414
7 16 1 63.5841 95.1502
7 17 0 44.1032 90.021
7 18 0 59.4174 73.0346
7 19 0 59.2131 17.758
7 20 1 40.814 89.7532
8 1 0 3.00831 87.7723
8 2 0 92.8277 47.1601
8 3 0 2.52628 45.3582
8 4 0 14.9757 78.7216
8 5 1 15.9007 81.9896
8 6 1 7.76644 38.2308
8 7 1 24.6364 9.17642
8 9 1 94.5769 41.6278
8 10 0 20.8628 50.3329
8 11 0 96.0581 30.9854
8 12 0 93.1309 59.2139
8 13 0 96.7617 72.2502
8 14 1 72.9578 88.8394
8 15 0 60.6049 20.3169
8 16 1 37.6343 28.0527
8 17 0 45.0777 40.2608
8 18 0 53.6168 51.0014
8 19 0 21.2859 31.7274
8 20 0 50.4119 74.3369
9 1 1 33.1049 0.908275
9 2 0 64.6058 98.4752
9 3 0 23.1983 68.8839
9 4 1 51.7239 0.566955
9 5 0 9.24981 20.9158
9 6 0 95.975 74.0009
9 7 0 27.5447 45.0361
9 8 1 96.6054 46.7459
9 10 1 62.0213 81.4714
9 11 0 82.855 90.5486
9 12 0 16.2108 65.37
9 13 0 5.39037 16.6911
9 14 1 16.9344 23.9452
9 15 0 86.3205 83.0387
9 16 1 64.5186 28.0448
9 17 0 81.2615 32.2864
9 18 0 87.8257 22.0411
9 19 0 55.6395 55.364
9 20 0 74.587 63.2624
10 1 0 44.5578 28.851
10 2 1 73.8368 42.3017
10 3 1 87.0443 32.2623
10 4 0 65.5451 56.0181
10 5 0 16.664 57.2471
10 6 1 31.8775 65.4609
10 7 0 61.5566 51.6576
10 8 0 21.0679 0.578452
10 9 0 82.9422 4.60374
10 11 1 86.118 80.8157
10 12 1 85.3128 57.8027
10 13 0 4.71751 58.7373
10 14 0 88.2627 78.3599
10 15 0 52.1225 7.97753
10 16 0 91.3081 0.0659236
10 17 0 1.06667 75.4686
10 18 0 73.391 46.2763
10 19 0 38.6211 70.424
10 20 0 44.2717 86.5892
11 1 1 53.9648 73.4609
11 2 0 23.0908 13.1293
11 3 1 11.2109 28.8167
11 4 0 82.409 9.38304
11 5 0 55.8064 89.477
11 6 0 94.3001 48.3863
11 7 0 21.105 66.481
11 8 0 49.8397 43.1484
11 9 0 61.8659 0.734816
11 10 0 40.8788 8.21663
11 12 1 58.9935 57.07
11 13 1 19.0656 94.3421
11 14 0 30.0857 35.6035
11 15 0 85.8337 24.7748
11 16 1 87.2134 96.9214
11 17 1 36.404 32.2774
11 18 1 2.74493 50.06
11 19 1 17.2301 5.9068
11 20 0 64.5044 0.767541
12 1 0 51.8275 76.9942
12 2 1 95.5122 96.9086
12 3 0 82.8839 1.65712
12 4 0 62.6402 12.2174
12 5 1 40.3998 66.773
12 6 1 78.0582 84.0739
12 7 0 48.7097 3.2909
12 8 0 50.498 45.7495
12 9 0 98.6016 42.1941
12 10 0 31.6852 30.6823
12 11 1 24.998 97.8561
12 13 1 38.0415 77.4559
12 14 0 74.9825 37.9083
12 15 0 86.4865 37.9723
12 16 1 41.7761 34.8875
12 17 0 31.2312 8.47132
12 18 1 10.4561 42.1971
12 19 1 14.694 64.4626
12 20 1 81.9662 97.671
13 1 1 13.1877 45.6267
13 2 1 56.9684 81.214
13 3 0 34.0887 7.44638
13 4 0 38.0645 0.714658
13 5 0 14.7469 17.8224
13 6 1 85.5248 98.4385
13 7 0 95.9047 75.4157
13 8 0 97.6268 88.4057
13 9 0 88.2512 52.9809
13 10 1 52.579 76.7089
13 11 0 1.82592 68.6096
13 12 1 30.9047 65.1844
13 14 1 4.81858 5.53391
13 15 0 96.0583 15.5281
13 16 1 66.0644 71.9104
13 17 0 57.1966 12.4098
13 18 1 16.0703 41.7127
13 19 0 63.9995 11.251
13 20 0 45.4736 24.6586
14 1 0 23.3768 47.5093
14 2 0 50.6058 50.4304
14 3 0 88.1589 9.10809
14 4 1 8.20421 79.021
14 5 0 14.9535 90.4254
14 6 1 7.24866 20.9561
14 7 1 45.0999 74.9755
14 8 0 86.5619 80.4977
14 9 0 28.1589 52.4979
14 10 0 97.7982 27.067
14 11 0 43.6966 10.0825
14 12 1 69.4639 95.314
14 13 0 37.1965 50.0345
14 15 1 45.3927 2.54917
14 16 0 77.8298 6.40038
14 17 0 30.5968 15.0504
14 18 0 66.9045 26.47
14 19 1 95.6256 3.6431
14 20 0 61.1171 29.6737
15 1 0 19.3569 22.5469
15 2 0 28.7684 41.828
15 3 0 22.7989 37.7816
15 4 0 45.5567 54.3241
15 5 0 63.5256 58.378
15 6 0 60.6941 75.5343
15 7 1 92.1448 79.738
15 8 0 74.2796 79.5574
15 9 1 50.9785 92.2707
15 10 0 70.7035 56.6767
15 11 0 7.34526 31.6559
15 12 1 6.47217 51.1916
15 13 1 40.4869 87.2957
15 14 0 20.5633 86.3398
15 16 1 75.0772 91.0614
15 17 1 68.9438 92.3682
15 18 1 31.3346 57.2391
15 19 0 93.6765 32.6481
15 20 0 0.559919 16.3603
16 1 1 87.3861 71.2674
16 2 0 85.1696 56.315
16 3 0 72.6808 13.3966
16 4 1 10.5547 57.2459
16 5 0 21.9942 40.9308
16 6 0 20.5586 20.364
16 7 1 18.068 79.2987
16 8 0 51.6666 92.9251
16 9 1 93.6831 18.2908
16 10 0 64.203 30.7569
16 11 1 87.2894 90.5725
16 12 0 46.7484 32.5759
16 13 0 27.9519 57.1209
16 14 1 86.1618 27.0893
16 15 1 0.419247 31.5376
16 17 1 72.9399 83.7621
16 18 1 99.5494 53.7464
16 19 0 14.7892 55.3717
16 20 1 94.1576 24.6503
17 1 0 77.497 52.3008
17 2 1 38.839 68.275
17 3 1 16.5716 57.3514
17 4 0 2.60501 52.9074
17 5 1 84.5391 90.6419
17 6 0 92.8711 89.406
17 7 1 72.4147 17.7981
17 8 0 70.2859 47.1864
17 9 0 67.0427 3.26811
17 10 0 80.7388 52.0373
17 11 1 94.831 47.2131
17 12 0 83.8109 17.7719
17 13 0 68.0303 38.0209
17 14 1 77.9686 58.4611
17 15 0 9.70011 4.31649
17 16 0 26.2644 92.8052
17 18 1 24.9932 29.6336
17 19 0 25.3505 61.3782
17 20 1 36.4807 47.1292
18 1 0 51.7681 57.9007
18 2 0 82.458 87.0236
18 3 1 19.1883 17.38
18 4 0 66.4844 36.4787
18 5 1 97.7059 25.9119
18 6 0 95.8424 14.4268
18 7 1 11.0204 24.4795
18 8 1 60.596 8.68035
18 9 0 49.0671 35.7623
18 10 0 41.0425 86.7622
18 11 0 62.8611 46.8588
18 12 0 74.588 12.405
18 13 1 9.23469 96.6796
18 14 0 63.6471 51.1506
18 15 0 40.5936 76.9952
18 16 1 29.7683 40.2685
18 17 1 60.7438 97.6133
18 19 1 22.9657 61.9388
18 20 0 91.4327 84.9472
19 1 0 5.37926 83.4122
19 2 0 31.3019 33.0948
19 3 1 87.4079 71.1143
19 4 0 73.44 31.7154
19 5 1 56.421 62.7716
19 6 0 79.7258 5.30434
19 7 1 17.5231 5.93319
19 8 1 16.5401 73.2421
19 9 1 78.372 43.8674
19 10 0 37.6854 8.15464
19 11 0 20.8233 89.1125
19 12 0 88.4977 98.4315
19 13 1 14.1218 53.4652
19 14 1 22.3727 97.6325
19 15 1 18.7125 44.5007
19 16 1 98.0296 37.4702
19 17 1 40.5148 4.71729
19 18 1 84.2414 80.3478
19 20 1 89.3005 23.3985
20 1 1 90.476 14.9855
20 2 0 90.8858 8.6223
20 3 1 0.807928 61.1509
20 4 0 93.3891 13.9605
20 5 0 65.8953 13.5998
20 6 0 80.219 15.6255
20 7 1 83.613 56.0056
20 8 0 46.2244 30.3299
20 9 0 46.2845 93.246
20 10 0 12.008 19.0633
20 11 0 40.6982 79.5357
20 12 1 24.2721 89.5121
20 13 0 30.0877 63.262
20 14 0 77.4854 54.7018
20 15 1 43.8544 99.6782
20 16 0 17.7287 58.5174
20 17 0 83.688 9.13589
20 18 0 98.2395 72.0546
20 19 1 44.8088 6.24963
1.81006 5.29182 12.117 18.9508 21.0166 26.5606 9.62297 8.21839 10.1283 6.95696 32.1179 5.22721 1.39551 13.3326 39.3773 1.70898 23.5605 10.0983 11.6852 14.3605 