20
150
3
50
1 2 1 19.7355 5.92881
1 3 0 57.6146 16.0266
1 4 0 93.4472 64.1977
1 5 1 73.9506 86.0556
1 6 0 54.4375 17.1572
1 7 0 4.24059 32.6672
1 8 0 28.1306 55.4917
1 9 0 35.2115 37.8122
1 10 0 93.9771 11.5938
1 11 0 95.7858 67.3093
1 12 0 60.2889 73.1839
1 13 0 47.9238 35.5109
1 14 1 60.7642 80.4525
1 15 1 1.58497 29.9857
1 16 0 39.6631 45.5862
1 17 1 68.5613 27.0906
1 18 1 9.14716 64.6055
1 19 0 90.6641 37.0623
1 20 0 4.07449 35.0232
2 1 0 31.0956 57.328
2 3 1 28.0358 69.7132
2 4 0 71.4864 80.57
2 5 0 87.8188 34.6949
2 6 1 9.38707 11.6403
2 7 1 84.1774 70.2339
2 8 0 44.8905 62.4292
2 9 1 71.1703 3.12704
2 10 0 61.4326 9.45634
2 11 0 8.96423 7.69939
2 12 0 48.1927 66.8587
2 13 1 38.6154 20.7862
2 14 1 91.6229 32.711
2 15 0 74.3226 69.7009
2 16 0 79.9797 3.7149
2 17 1 72.3594 31.0102
2 18 0 75.9848 17.5507
2 19 0 42.2677 12.8381
2 20 1 47.6253 60.7163
3 1 0 43.8946 36.4033
3 2 0 6.96495 43.2741
3 4 1 71.876 48.286
3 5 0 99.0741 24.4087
3 6 1 97.7178 54.7102
3 7 1 33.2706 62.7756
3 8 1 85.5219 91.971
3 9 1 71.6573 28.4598
3 10 0 59.9285 5.33774
3 11 0 18.7163 66.8832
3 12 0 66.9857 44.8781
3 13 0 5.80997 74.5637
3 14 0 40.4641 53.8725
3 15 1 36.5078 25.1219
3 16 0 81.7017 91.9196
3 17 0 83.2395 47.7227
3 18 1 81.5415 95.0198
3 19 0 68.3442 94.0486
3 20 0 43.1504 49.4669
4 1 0 26.261 71.848
4 2 0 36.2029 83.0527
4 3 0 22.9179 69.0534
4 5 1 97.8523 85.139
4 6 0 79.5461 5.37353
4 7 1 76.236 55.6867
4 8 1 38.3487 42.2984
4 9 1 3.9521 30.856
4 10 0 29.0298 75.7575
4 11 0 80.335 49.7368
4 12 1 94.8127 86.441
4 13 0 75.5936 40.1842
4 14 0 17.8442 8.64892
4 15 1 46.4535 27.3603
4 16 0 35.7135 9.16658
4 17 0 32.338 58.8561
4 18 1 31.3878 38.7522
4 19 0 52.668 57.6105
4 20 1 82.9306 5.26963
5 1 0 61.5981 76.5665
5 2 0 97.956 83.5521
5 3 1 11.245 16.0192
5 4 1 2.97395 11.4348
5 6 1 61.9176 44.7284
5 7 0 6.76512 48.5263
5 8 0 36.6683 60.0193
5 9 0 17.5434 31.8811
5 10 0 28.1973 98.3449
5 11 1 71.8384 21.6297
5 12 0 83.3104 65.788
5 13 0 81.5233 25.7243
5 14 1 46.8491 93.9853
5 15 1 11.5379 90.8244
5 16 0 88.7514 62.7519
5 17 0 51.866 24.4093
5 18 1 39.0779 97.8119
5 19 1 8.00634 1.10487
5 20 1 62.8425 92.5639
6 1 0 83.8339 52.3596
6 2 0 93.2211 70.8205
6 3 1 87.0932 33.9185
6 4 0 33.9491 34.2834
6 5 1 90.8692 10.8198
6 7 1 99.5844 68.3846
6 8 0 49.4252 15.7831
6 9 0 68.1523 9.88371
6 10 0 79.4918 51.6226
6 11 1 88.3275 56.8303
6 12 0 15.2034 16.2557
6 13 0 59.632 75.5693
6 14 0 1.41982 2.65863
6 15 0 44.464 0.260286
6 16 0 66.5377 72.7552
6 17 0 42.3464 80.8557
6 18 0 18.9442 96.2394
6 19 0 0.289107 63.4529
6 20 1 87.537 8.38838
7 1 0 80.3342 10.9957
7 2 1 15.9565 93.3608
7 3 0 51.1376 74.6211
7 4 0 22.831 22.8043
7 5 1 5.4056 83.4496
7 6 1 62.5139 83.5432
7 8 1 93.7199 54.0332
7 9 1 5.03685 53.9657
7 10 0 10.6523 67.7059
7 11 0 54.3035 79.0489
7 12 1 18.625 72.006
7 13 0 30.7316 38.7439
7 14 1 70.3887 66.628
7 15 0 22.6541 3.15383
7 16 1 20.3909 10.0138
7 17 0 51.1402 25.8829
7 18 1 5.28473 67.2555
7 19 1 64.4371 41.3423
7 20 0 32.5412 1.24168
8 1 0 8.40156 96.3065
8 2 0 0.222332 5.41344
8 3 1 13.7249 40.4503
8 4 0 77.6523 26.6104
8 5 0 1.7807 0.0990176
8 6 0 15.79 57.8641
8 7 1 10.3728 59.798
8 9 1 19.843 14.4321
8 10 1 4.58375 21.0436
8 11 0 61.184 69.5136
8 12 0 2.83141 46.4099
8 13 0 87.3631 35.7803
8 14 0 77.6824 25.8958
8 15 0 45.046 1.32939
8 16 0 35.0187 42.9843
8 17 0 20.4011 11.1179
8 18 0 2.19716 47.7956
8 19 1 25.79 60.2399
8 20 1 95.6882 88.8228
9 1 0 46.2844 20.0314
9 2 1 78.8193 7.84585
9 3 0 84.6392 26.2942
9 4 1 53.0023 65.421
9 5 1 39.0826 83.6096
9 6 1 20.3427 21.7659
9 7 0 53.9369 13.6278
9 8 0 31.4994 70.1736
9 10 1 18.0966 85.6198
9 11 1 12.1868 44.4075
9 12 1 22.779 7.22958
9 13 1 42.673 42.9641
9 14 1 32.1087 67.1946
9 15 0 16.5296 64.1882
9 16 1 55.4483 24.0815
9 17 0 10.812 68.1852
9 18 1 20.3842 79.3816
9 19 0 39.3949 6.50416
9 20 0 92.3448 21.4236
10 1 1 81.7257 20.8417
10 2 1 82.5614 95.8964
10 3 0 37.6511 21.942
10 4 0 72.7274 2.20762
10 5 0 96.3368 31.5385
10 6 0 8.94422 48.8101
10 7 0 59.1192 33.1283
10 8 0 59.0233 85.2303
10 9 0 77.9296 37.1386
10 11 1 60.1224 17.2902
10 12 0 85.4481 25.0907
10 13 0 49.5995 97.5656
10 14 0 89.9412 38.0615
10 15 0 73.6946 74.8379
10 16 0 26.5194 15.3761
10 17 1 98.6142 86.3359
10 18 1 78.1871 76.4749
10 19 0 13.0812 99.2427
10 20 1 82.8432 57.9863
11 1 0 2.20408 36.7221
11 2 1 17.7247 13.6861
11 3 0 56.24 37.8422
11 4 0 25.1689 75.1994
11 5 1 35.8466 67.04
11 6 0 16.5439 3.46896
11 7 0 81.7831 79.4892
11 8 0 93.542 2.77963
11 9 1 29.6209 22.1685
11 10 0 36.1671 24.39
11 12 1 36.2124 65.5388
11 13 0 2.89426 66.758
11 14 1 59.6348 15.7413
11 15 1 75.4412 5.65254
11 16 0 24.2695 63.2415
11 17 0 96.9993 44.1489
11 18 0 73.3022 87.7445
11 19 0 33.5953 68.7698
11 20 0 71.0333 46.9462
12 1 1 60.9474 61.5187
12 2 0 81.004 88.0745
12 3 0 89.6975 11.7819
12 4 0 21.7667 39.8068
12 5 1 58.9917 10.7274
12 6 0 61.9935 31.0198
12 7 0 91.8827 68.9346
12 8 0 74.7889 17.956
12 9 1 47.3349 60.01
12 10 0 43.8355 71.408
12 11 0 25.544 51.5102
12 13 1 19.2942 16.5355
12 14 0 0.613842 32.4773
12 15 1 40.6486 10.3217
12 16 0 67.0894 91.7727
12 17 1 59.37 13.1099
12 18 0 16.8381 97.4005
12 19 1 64.7026 42.0063
12 20 1 20.633 66.3164
13 1 0 79.5496 9.99346
13 2 0 72.3746 44.2582
13 3 0 29.5185 64.6299
13 4 1 76.3017 26.5911
13 5 1 33.7651 2.22871
13 6 0 57.0195 55.6464
13 7 1 66.822 33.7183
13 8 0 4.8472 78.1367
13 9 0 27.6245 0.104459
13 10 0 23.4676 4.05581
13 11 1 90.6423 88.1791
13 12 0 45.3579 54.5505
13 14 1 36.9413 36.5772
13 15 0 43.0559 17.9626
13 16 0 29.4285 34.5676
13 17 0 0.401429 42.3207
13 18 0 89.2919 94.1534
13 19 1 0.0238361 97.6096
13 20 0 99.2883 65.1392
14 1 0 25.5933 78.6595
14 2 0 72.1884 74.4929
14 3 0 65.3061 76.0539
14 4 1 34.5864 95.4136
14 5 0 29.5749 57.7997
14 6 1 65.1038 0.340213
14 7 0 46.2755 1.67984
14 8 0 50.2787 52.7972
14 9 0 18.944 1.46157
14 10 0 93.3273 62.4949
14 11 0 7.66647 45.3139
14 12 0 97.446 0.718668
14 13 1 13.2215 46.102
14 15 1 52.4744 33.0738
14 16 0 37.3489 14.6412
14 17 1 52.3644 29.5035
14 18 1 90.2675 24.1478
14 19 1 38.6836 86.0987
14 20 1 43.9119 13.8197
15 1 0 4.74149 41.4901
15 2 0 33.7913 70.367
15 3 0 15.5685 90.9205
15 4 0 96.109 47.7259
15 5 1 11.9093 85.784
15 6 0 13.3848 95.2839
15 7 0 48.6292 68.6855
15 8 1 17.142 24.3495
15 9 0 78.1362 68.6854
15 10 0 52.4463 49.8484
15 11 0 48.8694 57.6524
15 12 1 62.4823 97.6529
15 13 0 98.5509 39.3188
15 14 0 95.9657 50.0084
15 16 1 66.5793 96.0602
15 17 0 4.16118 6.10757
15 18 1 60.6992 33.5105
15 19 0 72.0977 11.2775
15 20 0 24.3795 53.3052
16 1 0 71.2386 78.5223
16 2 0 27.494 39.4976
16 3 0 13.0317 12.447
16 4 1 98.1473 91.5999
16 5 1 45.5372 77.4593
16 6 0 5.84642 44.4796
16 7 0 13.0749 72.8704
16 8 0 99.2779 36.8504
16 9 0 63.6202 26.9394
16 10 0 23.7968 30.4221
16 11 0 99.5826 24.4225
16 12 1 73.7062 1.97092
16 13 1 13.5539 98.4574
16 14 0 43.4208 3.70753
16 15 0 64.596 17.5418
16 17 1 30.3579 12.6567
16 18 0 89.2856 36.3087
16 19 0 47.9812 45.6673
16 20 1 8.20325 62.4376
17 1 1 23.0854 36.5981
17 2 0 39.5711 24.7977
17 3 0 20.6227 73.0206
17 4 0 23.1706 89.4416
17 5 1 94.1591 71.0049
17 6 0 44.556 19.2168
17 7 0 65.2366 30.0528
17 8 0 9.99365 71.6293
17 9 1 53.0303 77.1914
17 10 1 25.1924 53.4398
17 11 1 63.5985 20.0075
17 12 1 85.0105 56.151
17 13 1 39.5393 83.9846
17 14 0 31.7365 93.3899
17 15 1 71.5445 12.8133
17 16 1 83.9331 3.46432
17 18 1 59.7016 30.9478
17 19 1 50.6642 30.3065
17 20 0 94.9606 36.7905
18 1 0 13.8835 40.1383
18 2 0 67.9008 58.844
18 3 0 80.0686 91.2122
18 4 0 63.2118 42.7364
18 5 1 45.663 40.7639
18 6 0 40.7083 57.2421
18 7 1 9.47879 90.5035
18 8 1 72.0709 69.6125
18 9 0 50.0725 61.7748
18 10 0 71.0735 44.466
18 11 1 79.727 74.7691
18 12 0 71.5527 15.0574
18 13 1 5.59185 71.3265
18 14 1 31.1325 18.8914
18 15 1 0.288257 29.1432
18 16 0 55.0969 38.7004
18 17 0 29.0512 48.7291
18 19 1 19.2738 24.2509
18 20 0 94.9637 4.85602
19 1 0 32.0141 84.2981
19 2 0 19.9726 25.2599
19 3 1 68.2391 29.73
19 4 1 59.414 14.0971
19 5 1 98.0705 16.3258
19 6 0 71.7528 66.9241
19 7 0 45.5119 25.1987
19 8 0 35.7317 23.4717
19 9 1 26.3788 86.9041
19 10 1 3.63216 64.6044
19 11 0 18.5347 97.765
19 12 0 40.4373 79.6135
19 13 0 50.7896 66.6186
19 14 1 32.3737 42.0389
19 15 0 75.1135 67.2009
19 16 0 46.8148 56.8227
19 17 0 37.718 45.6498
19 18 1 70.8595 4.46987
19 20 1 42.6738 29.7048
20 1 1 40.7987 88.8821
20 2 0 3.97341 37.0214
20 3 1 27.9148 37.0708
20 4 0 26.8833 98.7145
20 5 0 59.5912 28.0302
20 6 0 2.49779 48.2643
20 7 0 84.3997 82.0204
20 8 0 58.1336 33.8682
20 9 0 2.97484 24.5071
20 10 1 96.9249 78.5105
20 11 1 80.3857 48.3761
20 12 0 82.3017 43.0046
20 13 0 71.6489 18.9324
20 14 1 56.5324 49.3196
20 15 1 60.2721 94.0129
20 16 1 48.2059 88.9759
20 17 1 50.3044 9.07947
20 18 0 36.1966 22.6933
20 19 0 26.318 9.31695
20.5375 17.985 28.8391 25.0845 19.5848 33.115 12.9751 7.05287 1.46743 2.79402 32.8713 25.7556 12.1964 14.5369 31.9425 33.7153 36.4865 27.5901 17.5633 5.57992 