20
150
3
50
1 2 1 75.8101 79.8835
1 3 0 90.5884 71.0673
1 4 1 84.7804 93.6864
1 5 0 86.0369 3.06622
1 6 0 5.76883 95.6212
1 7 0 40.5357 6.28238
1 8 0 71.8833 32.1005
1 9 0 3.30819 59.704
1 10 1 86.6567 83.4636
1 11 1 56.8089 33.4649
1 12 0 76.2547 10.7103
1 13 1 67.7673 95.0612
1 14 1 40.1364 35.8031
1 15 0 39.6198 38.5814
1 16 1 32.4043 49.8767
1 17 0 55.5369 51.4269
1 18 0 83.7246 48.8071
1 19 0 86.4429 47.761
1 20 0 15.9949 26.3553
2 1 0 46.4331 26.8724
2 3 1 62.5185 44.8473
2 4 0 11.4999 39.7952
2 5 0 74.7014 73.5317
2 6 1 90.0858 9.85274
2 7 0 64.527 29.9925
2 8 0 22.6237 38.6877
2 9 1 34.8427 83.0346
2 10 0 38.8796 54.8674
2 11 1 18.3889 23.8046
2 12 1 15.9054 28.6625
2 13 1 90.2979 12.8272
2 14 0 18.8192 31.5047
2 15 1 40.6831 55.9844
2 16 0 0.529738 30.2826
2 17 1 24.3077 67.9305
2 18 1 96.6383 6.95907
2 19 0 49.4818 42.7388
2 20 1 12.3355 5.16361
3 1 1 35.759 99.9331
3 2 1 99.7107 24.4767
3 4 1 79.8252 25.3681
3 5 0 61.3898 92.666
3 6 1 94.041 67.8589
3 7 1 17.0732 72.9866
3 8 0 35.9655 63.0635
3 9 1 23.0733 34.6834
3 10 1 21.7598 86.6468
3 11 1 43.9173 44.8811
3 12 0 49.159 61.7828
3 13 1 48.6416 8.75557
3 14 1 18.0945 86.4268
3 15 0 82.3416 38.2126
3 16 0 54.8835 87.0178
3 17 0 90.7512 21.3079
3 18 1 87.0723 36.9288
3 19 1 27.0163 87.7514
3 20 0 26.744 77.1462
4 1 0 43.7916 13.8877
4 2 1 51.3785 8.54522
4 3 0 78.8116 73.3517
4 5 1 37.5433 7.36093
4 6 0 81.8031 2.54582
4 7 0 29.3803 4.52406
4 8 0 45.9215 64.219
4 9 0 36.6268 46.0991
4 10 1 15.219 38.9599
4 11 0 38.4162 21.9269
4 12 0 65.2963 37.267
4 13 1 94.8293 96.5125
4 14 0 92.4426 83.4882
4 15 1 7.0349 7.72477
4 16 0 84.3096 61.4567
4 17 0 35.1993 99.8021
4 18 0 89.2569 29.4364
4 19 0 71.5621 80.8457
4 20 0 59.0106 87.9089
5 1 1 25.9228 84.7925
5 2 0 5.74383 26.0651
5 3 1 72.7385 93.5061
5 4 0 2.11928 57.2235
5 6 1 18.6874 58.9419
5 7 1 3.34559 45.1642
5 8 0 65.438 75.3439
5 9 1 35.6115 46.7877
5 10 1 81.0267 84.0329
5 11 1 1.0818 63.2658
5 12 0 22.1093 42.7417
5 13 0 85.9887 75.0142
5 14 0 35.583 41.4844
5 15 0 98.0915 59.8406
5 16 1 93.6658 13.1224
5 17 0 47.4135 15.2022
5 18 0 14.5358 80.8627
5 19 0 40.207 34.6082
5 20 0 58.8526 79.1524
6 1 0 9.71114 0.263022
6 2 1 19.0232 3.1588
6 3 1 12.7001 89.8699
6 4 1 27.4961 59.9935
6 5 1 15.1226 71.6238
6 7 1 79.8907 10.9746
6 8 0 23.2828 8.40202
6 9 1 91.4705 8.50319
6 10 0 53.0164 48.8173
6 11 1 85.8869 52.7174
6 12 0 45.436 18.833
6 13 0 96.1855 76.0276
6 14 0 23.2491 40.6267
6 15 0 61.7756 12.5229
6 16 0 72.3325 60.0821
6 17 0 16.8276 55.8015
6 18 1 85.3323 74.4738
6 19 0 57.7457 87.5496
6 20 0 38.0168 89.0972
7 1 0 26.4377 73.8801
7 2 1 47.1504 48.5972
7 3 0 23.6406 50.4003
7 4 0 37.1408 77.4644
7 5 0 42.2612 13.3227
7 6 0 91.6931 96.5851
7 8 1 25.5826 7.46402
7 9 0 50.075 72.6394
7 10 1 47.799 39.8634
7 11 0 10.0263 36.6826
7 12 0 48.6424 20.6088
7 13 0 7.0635 44.9642
7 14 0 78.754 27.8326
7 15 1 46.6331 50.2115
7 16 1 32.0743 44.8338
7 17 1 61.7951 58.4961
7 18 1 92.5488 4.67567
7 19 1 19.9436 38.995
7 20 1 32.6763 82.1853
8 1 1 42.2612 81.9192
8 2 0 47.5469 87.4238
8 3 1 94.8958 88.1253
8 4 0 73.2396 2.34068
8 5 0 67.1679 83.2831
8 6 0 54.6934 32.0041
8 7 0 95.0739 19.5915
8 9 1 46.5072 44.763
8 10 0 25.0933 68.1145
8 11 1 67.9512 55.1542
8 12 0 46.0818 55.7773
8 13 1 50.8287 69.8019
8 14 0 56.1972 55.2084
8 15 1 96.263 60.1241
8 16 0 92.2159 6.54821
8 17 1 56.5204 29.6512
8 18 0 36.5207 50.7428
8 19 0 55.6404 32.0205
8 20 1 88.9701 27.9103
9 1 1 15.6841 23.5932
9 2 0 91.3676 23.7865
9 3 1 80.0176 74.5425
9 4 0 84.859 48.3538
9 5 0 15.1744 83.5869
9 6 1 56.7474 22.3257
9 7 0 56.2331 35.1279
9 8 0 85.0325 89.1669
9 10 1 79.2429 32.8262
9 11 1 88.8323 10.3403
9 12 0 41.0294 21.25
9 13 1 36.477 88.6192
9 14 1 9.4654 73.6474
9 15 0 16.2489 94.6701
9 16 0 80.9071 47.8539
9 17 0 36.5096 19.6576
9 18 1 93.7229 57.6055
9 19 1 5.3364 99.8656
9 20 0 30.1682 47.7212
10 1 1 94.5675 96.9573
10 2 0 20.4189 50.3527
10 3 0 39.1194 64.0632
10 4 1 4.18576 16.6395
10 5 1 62.8772 9.81445
10 6 1 34.7176 54.0821
10 7 0 51.3243 27.8481
10 8 0 17.0042 90.1573
10 9 0 27.7671 75.067
10 11 1 85.1047 60.5842
10 12 1 42.1093 43.3372
10 13 1 31.3259 14.6425
10 14 0 80.4032 79.9268
10 15 0 81.4691 72.8734
10 16 1 18.5388 50.4254
10 17 0 63.6088 87.7398
10 18 0 21.8964 64.0136
10 19 0 11.6235 42.3147
10 20 0 1.27493 54.2606
11 1 0 13.9401 31.2245
11 2 0 43.7106 39.9336
11 3 0 15.5289 58.3559
11 4 0 95.0263 39.2069
11 5 1 58.3526 64.3157
11 6 0 44.3148 0.767448
11 7 0 73.4228 45.2325
11 8 0 72.098 31.1606
11 9 1 97.8993 57.2954
11 10 0 84.422 53.9989
11 12 1 3.16593 23.9652
11 13 1 91.2311 92.0275
11 14 1 6.69738 4.94706
11 15 0 13.3328 41.147
11 16 0 18.3264 98.5006
11 17 1 82.5037 36.2223
11 18 0 19.3064 9.67892
11 19 0 31.4661 20.7849
11 20 0 94.6832 52.7321
12 1 0 11.0291 30.3371
12 2 0 98.672 17.7358
12 3 0 54.4904 82.3538
12 4 0 99.0743 85.9661
12 5 0 73.6717 93.7243
12 6 1 93.0538 74.4459
12 7 0 14.3181 24.45
12 8 1 8.5404 83.434
12 9 0 44.9461 75.0932
12 10 1 11.0072 75.7989
12 11 0 15.3908 48.0513
12 13 1 17.1654 98.3003
12 14 0 38.5588 44.4367
12 15 0 49.9727 82.9129
12 16 0 69.0471 7.63063
12 17 0 49.3963 68.1466
12 18 0 2.19284 17.0328
12 19 0 80.5019 18.235
12 20 0 40.996 96.7284
13 1 0 7.18857 0.416312
13 2 0 6.1536 78.8412
13 3 1 4.10033 63.7011
13 4 0 21.275 99.2934
13 5 0 94.4607 25.3358
13 6 0 21.0041 90.9719
13 7 0 28.4049 8.67897
13 8 0 76.8048 33.4309
13 9 0 22.2211 7.00625
13 10 0 91.7197 69.2576
13 11 1 89.6962 6.43945
13 12 0 17.1019 76.4602
13 14 1 1.25073 76.8375
13 15 0 79.7003 97.653
13 16 0 22.6485 17.1476
13 17 1 51.7878 14.7698
13 18 0 86.0394 58.6103
13 19 0 19.8459 85.9243
13 20 1 66.973 91.7004
14 1 1 17.7886 59.2889
14 2 0 23.4784 96.2426
14 3 0 72.0521 35.5694
14 4 0 23.4301 47.5521
14 5 0 40.4492 33.4399
14 6 0 90.8373 13.1717
14 7 1 98.125 79.3358
14 8 0 38.1403 17.2387
14 9 0 88.5352 37.3523
14 10 0 87.4114 1.25133
14 11 1 31.8648 15.4291
14 12 0 0.897023 78.0797
14 13 0 76.2701 69.8273
14 15 1 59.5133 73.7369
14 16 0 83.3615 67.3991
14 17 1 58.5229 43.4109
14 18 1 66.7764 20.5536
14 19 0 57.7235 45.0022
14 20 0 42.4762 18.3391
15 1 0 53.7615 45.4989
15 2 0 99.9309 40.1831
15 3 0 36.1954 59.4097
15 4 1 12.7617 67.8262
15 5 0 77.8897 27.0707
15 6 0 62.9798 98.9682
15 7 0 39.9249 87.5848
15 8 0 35.7442 75.3318
15 9 1 53.0361 51.562
15 10 0 79.3498 51.3643
15 11 1 71.1175 51.5968
15 12 1 55.0256 87.9346
15 13 1 84.8079 39.9618
15 14 0 83.7416 96.2355
15 16 1 77.5038 76.705
15 17 0 5.92222 37.5945
15 18 1 69.0503 32.6552
15 19 1 93.457 51.5962
15 20 1 11.5331 17.3144
16 1 0 15.0222 56.5584
16 2 1 69.4865 46.9116
16 3 0 15.5428 31.133
16 4 1 7.2399 80.2058
16 5 0 69.6151 84.9316
16 6 1 80.9644 49.1196
16 7 1 50.2525 32.4492
16 8 0 38.2192 13.4451
16 9 1 24.2362 10.7069
16 10 1 65.7576 8.54674
16 11 0 97.1296 35.5386
16 12 0 65.8745 0.409046
16 13 1 57.8405 74.8385
16 14 0 56.8159 6.5584
16 15 0 56.3081 73.1852
16 17 1 45.8481 25.8007
16 18 0 23.4733 90.8595
16 19 0 46.6685 52.7725
16 20 0 9.1705 71.853
17 1 0 96.5994 3.01918
17 2 1 0.372879 76.9832
17 3 0 78.239 90.1428
17 4 0 68.3413 3.72063
17 5 1 80.3032 12.9423
17 6 0 0.0420634 61.0971
17 7 1 39.0076 29.8723
17 8 0 6.17877 73.3846
17 9 1 88.5593 26.0312
17 10 0 53.5898 47.4125
17 11 0 32.1543 7.53992
17 12 0 45.5809 81.2832
17 13 0 30.4846 26.0328
17 14 0 15.3934 10.5479
17 15 0 69.1139 58.6049
17 16 1 6.86078 5.91107
17 18 1 59.0005 50.7488
17 19 1 45.7254 63.3109
17 20 0 16.0578 31.1726
18 1 0 0.99778 45.4685
18 2 0 30.996 77.6103
18 3 0 83.1675 94.2547
18 4 0 78.5964 35.3439
18 5 0 61.0181 24.1612
18 6 0 69.6921 53.4045
18 7 1 88.6554 29.1354
18 8 1 70.8847 76.1354
18 9 0 95.7399 67.3009
18 10 0 58.7755 64.1096
18 11 0 10.8782 55.2732
18 12 0 91.4445 16.9434
18 13 0 27.2798 32.8866
18 14 0 73.7801 23.4284
18 15 0 30.3068 55.109
18 16 0 89.0989 40.6976
18 17 1 0.743362 24.1144
18 19 1 75.0672 50.225
18 20 0 59.8791 77.6733
19 1 1 53.8166 82.0373
19 2 1 12.5728 35.0737
19 3 0 96.0605 52.5945
19 4 0 87.2509 15.0605
19 5 1 17.9139 38.3382
19 6 1 92.3235 29.4707
19 7 1 88.3041 67.9647
19 8 1 83.8989 0.939496
19 9 0 86.0519 89.2422
19 10 0 21.3518 39.1686
19 11 0 52.077 37.4338
19 12 0 12.4892 79.0762
19 13 1 61.432 75.4493
19 14 0 94.8927 21.794
19 15 0 88.2621 80.8854
19 16 0 33.9164 62.6467
19 17 0 21.4206 90.1077
19 18 0 16.74 96.6743
19 20 1 16.837 84.2723
20 1 1 49.2867 92.2401
20 2 0 14.6177 61.734
20 3 0 3.45024 50.9339
20 4 0 77.6623 34.1961
20 5 0 28.94 36.8274
20 6 0 53.804 28.0456
20 7 0 61.7602 56.322
20 8 0 62.0164 90.1181
20 9 1 73.1884 75.6159
20 10 0 44.7465 3.85476
20 11 0 30.344 31.4203
20 12 1 54.8914 52.0171
20 13 0 59.5926 29.3064
20 14 1 76.6354 49.2587
20 15 1 75.692 78.9047
20 16 1 72.1553 61.7694
20 17 1 11.5452 88.5184
20 18 1 0.381796 58.3627
20 19 1 88.509 64.3933
6.56393 38.8562 34.6841 0.96254 16.4644 0.825484 9.15749 16.4194 29.8979 37.1051 31.327 21.2492 36.6156 0.315616 14.6614 38.6242 1.56016 21.5405 27.8192 30.7274 