20
300
4
50
1 2 1 34.5518 67.0606
1 3 1 51.5168 54.1948
1 4 1 83.1174 95.0306
1 5 1 48.2451 35.037
1 6 1 6.59701 77.466
1 7 0 83.4184 1.48621
1 8 1 27.6456 6.29176
1 9 1 74.5109 14.6829
1 10 0 50.472 17.5159
1 11 1 73.2509 87.979
1 12 1 9.65883 63.3169
1 13 1 53.1288 7.28238
1 14 1 91.098 18.5041
1 15 1 88.7674 33.56
1 16 1 4.23554 86.8679
1 17 0 99.8662 46.9895
1 18 1 46.3152 41.5074
1 19 1 39.3529 8.15725
1 20 1 13.3303 91.0307
2 1 1 58.56 78.7458
2 3 1 15.6072 65.0388
2 4 1 22.6811 57.9099
2 5 1 73.0482 88.0011
2 6 1 67.6941 42.3072
2 7 1 28.2046 15.1075
2 8 1 66.8805 98.6752
2 9 1 58.3156 4.52653
2 10 1 0.878718 72.1402
2 11 0 18.5964 56.7603
2 12 1 2.40014 82.7547
2 13 1 34.5951 76.1402
2 14 1 36.4297 87.2787
2 15 1 34.8325 45.2784
2 16 0 29.9705 17.0932
2 17 1 10.2543 53.2385
2 18 1 35.5593 17.694
2 19 1 13.445 56.4766
2 20 0 46.9732 22.317
3 1 1 39.4989 24.5114
3 2 0 0.483292 44.0604
3 4 1 42.7852 41.9578
3 5 1 34.1419 28.6933
3 6 1 4.64727 88.0571
3 7 1 79.8195 58.0311
3 8 1 51.665 74.9892
3 9 1 36.0069 25.4193
3 10 1 35.6834 79.3696
3 11 1 61.1837 80.7491
3 12 1 20.0783 29.1825
3 13 1 22.7636 33.3055
3 14 1 77.9577 78.6842
3 15 1 71.7238 71.0255
3 16 0 83.6096 67.3024
3 17 1 77.6888 53.1337
3 18 1 59.9931 2.20338
3 19 1 91.0066 93.8906
3 20 1 33.1094 82.7203
4 1 1 69.9557 81.9243
4 2 1 3.6953 72.8222
4 3 0 45.8971 18.5518
4 5 1 26.12 69.598
4 6 0 68.6171 67.0477
4 7 1 43.2691 71.3809
4 8 1 61.3001 90.032
4 9 1 54.6765 64.9327
4 10 1 45.2807 92.4842
4 11 1 14.2455 33.83
4 12 1 31.4206 77.2708
4 13 0 50.7365 1.10323
4 14 0 83.7009 27.3017
4 15 1 6.91476 99.6328
4 16 1 58.5576 22.5234
4 17 1 23.2662 23.2799
4 18 1 53.4218 11.6053
4 19 1 46.957 26.4379
4 20 1 85.691 7.29185
5 1 0 54.3814 11.5091
5 2 0 56.8177 8.70043
5 3 1 71.6952 77.4201
5 4 0 27.8354 90.1876
5 6 1 47.7214 4.33018
5 7 1 35.3836 51.5158
5 8 1 14.3566 50.5678
5 9 0 24.04 81.8354
5 10 1 81.9216 22.1391
5 11 0 2.90829 50.7829
5 12 1 10.839 6.91864
5 13 0 44.9298 26.5959
5 14 0 6.71292 28.0703
5 15 1 79.5783 66.905
5 16 1 91.9548 67.9985
5 17 0 48.5364 32.5695
5 18 0 24.5675 22.026
5 19 1 66.8243 9.76896
5 20 1 50.6729 98.8592
6 1 1 5.71208 54.0734
6 2 0 29.4112 98.9009
6 3 1 69.563 71.6113
6 4 1 51.6376 50.3788
6 5 1 42.7141 86.8352
6 7 1 57.0029 47.6065
6 8 1 38.7905 93.3608
6 9 1 7.99136 62.8977
6 10 1 0.843041 41.8792
6 11 1 38.6453 84.3656
6 12 0 53.9109 81.5202
6 13 1 84.7051 6.2479
6 14 1 91.6692 94.8344
6 15 1 13.5657 59.2713
6 16 1 67.8983 23.8662
6 17 1 30.0376 63.3263
6 18 0 63.5509 53.5366
6 19 1 17.2151 71.6788
6 20 1 39.5059 5.65086
7 1 1 90.0477 23.9499
7 2 1 69.2259 97.727
7 3 1 0.813705 4.92685
7 4 0 99.7674 30.5765
7 5 0 24.0567 25.196
7 6 1 25.2115 72.1088
7 8 1 34.3939 25.0582
7 9 0 5.79329 69.0745
7 10 1 96.4755 42.7876
7 11 1 88.198 90.0164
7 12 1 47.6131 70.4786
7 13 1 98.395 49.0638
7 14 0 23.0179 25.7884
7 15 0 62.133 33.4176
7 16 1 89.7783 82.3385
7 17 1 34.4785 8.51573
7 18 0 86.2453 39.3685
7 19 1 3.90055 1.77458
7 20 1 25.2863 82.2281
8 1 1 69.5123 11.9475
8 2 1 32.9277 24.6845
8 3 1 40.18 99.6743
8 4 0 80.1956 26.044
8 5 1 68.9959 12.085
8 6 1 47.2582 88.0763
8 7 1 80.95 1.66446
8 9 1 10.0078 1.68907
8 10 1 11.2043 97.8154
8 11 1 5.6732 83.8714
8 12 1 29.3089 23.4955
8 13 0 21.3193 97.5606
8 14 1 88.06 74.6343
8 15 1 32.7921 34.8032
8 16 1 67.9477 79.9481
8 17 1 36.9799 33.4305
8 18 1 36.1211 11.966
8 19 1 6.08793 33.8059
8 20 1 84.2595 74.8593
9 1 1 15.8945 93.6423
9 2 0 46.4973 36.7902
9 3 1 54.555 46.7394
9 4 0 31.0349 65.545
9 5 1 50.1611 97.1116
9 6 1 75.937 64.7524
9 7 1 16.4369 65.9857
9 8 1 73.4052 95.1557
9 10 1 56.5428 88.2629
9 11 1 4.49538 76.4561
9 12 1 45.8342 96.9459
9 13 1 20.7166 21.1231
9 14 1 58.3577 42.5788
9 15 1 49.2935 15.1366
9 16 1 47.6704 20.255
9 17 0 27.1833 3.58113
9 18 1 94.4932 21.9893
9 19 1 87.0848 26.231
9 20 1 87.382 82.0083
10 1 0 1.65531 78.8378
10 2 1 15.6318 48.6985
10 3 1 40.1731 59.7913
10 4 1 96.2543 0.0825173
10 5 1 25.2455 25.9698
10 6 1 64.07 21.0743
10 7 1 12.6939 99.6282
10 8 0 14.163 19.9324
10 9 1 47.807 36.7945
10 11 1 59.5257 48.2169
10 12 0 21.6715 82.2887
10 13 1 46.7597 96.2702
10 14 1 20.5835 76.7824
10 15 0 88.1004 83.5259
10 16 1 18.4679 90.4381
10 17 0 76.6963 13.309
10 18 1 67.266 65.6928
10 19 1 77.7953 98.1244
10 20 1 3.5697 5.29886
11 1 0 75.559 51.3016
11 2 0 36.6082 74.0178
11 3 1 19.7564 73.9341
11 4 0 81.4435 33.1148
11 5 1 35.085 22.7866
11 6 1 95.3677 25.3419
11 7 0 85.6125 80.8376
11 8 1 20.7619 13.3743
11 9 1 45.2806 18.2173
11 10 1 2.72395 33.7178
11 12 1 91.9111 43.3866
11 13 1 52.1241 88.0565
11 14 1 86.7833 88.0894
11 15 1 4.08307 45.1815
11 16 1 73.4974 60.8298
11 17 1 88.7697 25.7005
11 18 1 20.1876 10.3459
11 19 1 24.168 59.4468
11 20 1 22.9084 59.8739
12 1 0 7.21204 73.4544
12 2 1 79.6632 59.7809
12 3 1 95.7848 47.6555
12 4 0 10.3293 75.1943
12 5 1 49.5082 44.958
12 6 1 74.2977 94.7914
12 7 1 88.0187 93.3626
12 8 1 30.0633 9.82933
12 9 1 16.3733 30.6821
12 10 0 92.4855 74.2053
12 11 1 65.6234 45.6196
12 13 1 97.8097 24.7168
12 14 0 25.9251 57.5005
12 15 1 88.8263 22.4726
12 16 0 22.7113 37.1249
12 17 1 12.7675 72.2183
12 18 1 92.8288 80.1923
12 19 0 35.5215 83.8038
12 20 1 38.6452 9.78688
13 1 1 34.6395 15.112
13 2 1 55.6004 89.9465
13 3 1 84.0017 65.4486
13 4 1 30.918 16.3086
13 5 1 8.95409 30.6106
13 6 1 84.0138 87.7599
13 7 1 58.594 11.0827
13 8 1 90.0236 95.2491
13 9 1 54.5046 51.1457
13 10 0 57.2534 15.9477
13 11 1 76.8031 5.0014
13 12 1 70.2681 15.6254
13 14 1 74.0113 72.8236
13 15 1 56.103 96.6293
13 16 1 96.4891 62.7451
13 17 1 19.006 67.1211
13 18 1 19.0519 78.088
13 19 1 85.843 73.2313
13 20 1 97.376 46.0599
14 1 0 38.3573 92.2822
14 2 1 75.5576 5.42721
14 3 1 9.83939 4.91594
14 4 1 33.8976 62.4602
14 5 0 89.7946 28.0797
14 6 1 29.4756 1.11446
14 7 1 89.1051 73.8011
14 8 1 13.1677 73.4201
14 9 1 1.89092 77.9407
14 10 1 50.1885 78.2753
14 11 1 32.9623 48.47
14 12 1 0.0424328 34.9124
14 13 1 21.9118 71.8568
14 15 1 93.0154 48.9028
14 16 1 80.7732 57.8918
14 17 1 19.4097 58.3152
14 18 1 62.8086 92.6108
14 19 0 10.6819 98.0521
14 20 1 47.7004 87.0731
15 1 1 17.0855 16.8751
15 2 1 91.3629 22.2258
15 3 1 28.2586 4.31795
15 4 1 9.94542 68.1831
15 5 1 21.9933 22.4001
15 6 1 1.89653 52.5513
15 7 1 64.8005 57.3412
15 8 1 38.6281 9.04304
15 9 0 80.2798 1.18661
15 10 0 41.6634 27.4634
15 11 1 72.374 38.087
15 12 0 5.51892 46.0369
15 13 1 31.0191 72.2436
15 14 1 52.7347 41.2912
15 16 1 70.6205 86.525
15 17 0 2.26129 7.93781
15 18 1 70.6093 74.8309
15 19 1 5.50889 53.7149
15 20 1 15.3448 55.4318
16 1 1 97.0264 70.6033
16 2 1 81.8457 19.5003
16 3 1 62.0025 57.879
16 4 1 38.4178 83.4756
16 5 1 16.0146 35.5563
16 6 0 15.1298 86.7031
16 7 1 17.1516 87.2826
16 8 1 97.2998 53.3922
16 9 1 67.0686 29.8887
16 10 1 95.9324 58.6041
16 11 1 73.8315 89.8123
16 12 1 81.1159 58.3652
16 13 0 57.8806 81.3927
16 14 1 75.0418 74.8921
16 15 1 61.9116 29.4086
16 17 1 87.2108 63.8061
16 18 0 24.9409 66.5986
16 19 1 66.6907 53.6441
16 20 0 83.1503 12.1844
17 1 1 22.1987 44.2056
17 2 1 28.4438 0.735034
17 3 0 0.593882 82.2183
17 4 1 87.8588 64.2735
17 5 1 52.6981 44.0118
17 6 1 81.371 77.6064
17 7 0 52.1785 9.72593
17 8 1 36.9901 22.3524
17 9 1 96.0705 95.6326
17 10 1 6.59205 28.8431
17 11 0 89.6152 5.07314
17 12 0 45.6141 29.0685
17 13 1 18.758 55.9143
17 14 1 36.9095 24.5982
17 15 1 62.0206 62.0925
17 16 0 40.1908 53.8489
17 18 1 11.999 63.4921
17 19 1 18.8449 54.9559
17 20 0 85.1841 70.9213
18 1 1 86.1622 39.3991
18 2 0 22.0191 28.2026
18 3 1 64.0544 37.1979
18 4 0 30.9107 12.0636
18 5 1 62.159 1.43167
18 6 1 83.0936 31.5419
18 7 1 92.9038 49.1846
18 8 0 86.0348 80.7635
18 9 1 75.0186 63.7507
18 10 1 22.0051 25.5214
18 11 0 37.9067 43.079
18 12 1 53.8537 26.4228
18 13 1 56.463 80.9016
18 14 1 41.1984 70.1136
18 15 1 99.8501 80.7759
18 16 1 71.1003 52.0151
18 17 1 42.1077 97.274
18 19 1 72.2328 77.46
18 20 1 92.5618 67.585
19 1 0 23.6505 6.42141
19 2 1 25.549 59.3699
19 3 1 71.4675 87.2353
19 4 1 78.6403 74.7025
19 5 1 86.9722 89.6296
19 6 0 94.3292 67.5187
19 7 1 79.8229 52
19 8 1 94.3313 79.4449
19 9 1 61.9119 79.6144
19 10 1 75.3232 33.9818
19 11 0 91.16 7.40629
19 12 1 69.889 63.2562
19 13 1 86.3208 99.0707
19 14 1 26.2785 30.4759
19 15 0 63.0562 51.6357
19 16 1 97.1731 16.6915
19 17 1 80.1439 10.7784
19 18 1 53.9763 35.6218
19 20 1 52.8237 12.5884
20 1 1 34.0074 51.4911
20 2 1 79.4945 42.7924
20 3 0 32.2125 38.6429
20 4 1 7.79468 1.18115
20 5 1 83.2494 94.9847
20 6 1 56.8765 87.9607
20 7 0 99.9279 23.6707
20 8 1 95.0337 92.6964
20 9 1 80.1947 86.3121
20 10 1 5.21311 80.2478
20 11 0 4.82639 32.9524
20 12 1 87.6344 31.0484
20 13 1 98.861 98.1283
20 14 1 34.7376 5.72964
20 15 1 88.6049 52.3673
20 16 1 60.2014 76.463
20 17 0 33.0756 98.593
20 18 1 16.6844 79.4177
20 19 1 89.5622 76.0411
7.91419 11.2388 11.2265 35.1371 20.3026 17.6014 13.446 19.0999 15.7921 5.25846 0.346865 29.0263 20.4567 34.6627 37.0737 15.3923 30.4102 22.1344 28.1641 23.5402 