20
100
4
50
1 2 1 20.291 26.8234
1 3 1 86.8233 87.1374
1 4 0 46.5477 62.082
1 5 0 3.23654 17.169
1 6 0 70.9633 28.8441
1 7 1 87.0521 40.6137
1 8 0 46.2011 69.055
1 9 1 1.24028 94.231
1 10 0 76.2068 61.6161
1 11 0 8.69237 28.5403
1 12 0 55.3165 21.5339
1 13 0 56.6978 47.1339
1 14 0 31.8628 74.6824
1 15 0 95.8238 34.7222
1 16 0 29.6527 85.5149
1 17 1 34.4332 95.7773
1 18 0 27.7656 30.8109
1 19 1 30.3879 85.3289
1 20 0 23.0528 12.7576
2 1 0 82.215 6.8163
2 3 1 98.1929 14.2521
2 4 0 93.5337 38.7955
2 5 0 73.6447 20.8904
2 6 0 70.1843 22.576
2 7 0 81.4301 53.6564
2 8 0 27.8817 8.19223
2 9 0 65.6569 35.9777
2 10 0 4.67878 67.0026
2 11 1 45.3193 48.7166
2 12 1 13.4995 35.3625
2 13 0 18.8274 8.43314
2 14 0 19.447 33.6293
2 15 0 46.9903 92.3501
2 16 0 4.55714 20.6173
2 17 1 8.55938 18.6505
2 18 1 41.5603 76.285
2 19 1 44.4181 53.3401
2 20 0 57.4983 38.4265
3 1 1 96.2947 21.8491
3 2 0 37.0871 86.375
3 4 1 98.1864 59.6739
3 5 0 41.8553 38.9888
3 6 0 26.9862 82.2393
3 7 1 16.7039 17.4527
3 8 0 11.3736 4.26022
3 9 0 80.4125 60.675
3 10 0 48.6261 45.6201
3 11 0 22.8418 57.057
3 12 0 7.27327 49.8259
3 13 1 31.1672 81.7956
3 14 1 94.7461 49.1896
3 15 0 28.0079 7.49763
3 16 0 67.1984 83.9517
3 17 0 43.2801 12.6039
3 18 0 78.2274 93.2541
3 19 0 7.09528 22.3589
3 20 0 7.51454 20.2681
4 1 0 92.5953 96.6689
4 2 1 61.4692 17.4819
4 3 0 36.1507 30.112
4 5 1 62.2668 68.5789
4 6 0 33.6869 35.7281
4 7 0 24.2838 39.435
4 8 0 1.70807 37.3743
4 9 0 85.7483 78.3943
4 10 0 96.5201 76.8485
4 11 0 77.638 1.44802
4 12 0 71.4072 8.07103
4 13 0 33.1226 34.1403
4 14 0 55.7712 76.4576
4 15 1 4.59905 24.8218
4 16 1 18.2562 62.8945
4 17 1 4.30471 24.6687
4 18 0 77.53 19.2441
4 19 0 76.0142 33.3324
4 20 0 26.7398 74.0786
5 1 0 20.904 37.7561
5 2 0 65.5619 73.6625
5 3 0 96.519 33.367
5 4 0 16.0931 37.4447
5 6 1 50.372 41.3569
5 7 0 18.0784 26.9845
5 8 0 29.6552 34.5032
5 9 0 96.9523 74.2575
5 10 0 2.66426 86.5133
5 11 0 65.3795 13.3944
5 12 0 13.3097 12.7603
5 13 0 73.3115 78.294
5 14 0 12.1041 66.1644
5 15 1 49.1942 17.426
5 16 0 14.2518 77.9223
5 17 0 9.0305 38.8659
5 18 0 49.3586 99.8386
5 19 0 45.8484 49.1346
5 20 0 57.3413 33.5654
6 1 0 34.8562 28.2427
6 2 0 75.5055 39.6759
6 3 1 15.0522 22.2086
6 4 1 73.2766 35.2352
6 5 0 75.6027 23.4766
6 7 1 71.4417 96.0084
6 8 0 70.3586 5.47855
6 9 0 53.1347 92.0727
6 10 0 33.7287 62.1564
6 11 0 16.2512 65.5168
6 12 0 85.9798 35.5766
6 13 0 32.7016 36.9738
6 14 0 68.1554 36.6043
6 15 0 18.4664 7.90222
6 16 0 87.7174 51.5008
6 17 0 85.1563 15.9908
6 18 0 65.8092 75.9013
6 19 0 88.8684 73.7444
6 20 0 97.6515 70.9228
7 1 0 58.6352 5.0414
7 2 0 20.8604 79.1535
7 3 1 30.0716 34.1072
7 4 0 62.2038 52.9942
7 5 0 33.4775 60.9299
7 6 1 54.5183 30.1867
7 8 1 59.4443 15.2874
7 9 0 25.2549 87.9118
7 10 1 82.4972 93.84
7 11 0 91.3915 1.98008
7 12 0 70.425 80.2494
7 13 0 35.4097 50.3424
7 14 0 0.139623 34.3188
7 15 0 81.1119 4.22647
7 16 1 9.21001 37.2018
7 17 0 60.2184 12.6043
7 18 0 13.736 21.5793
7 19 0 48.3986 97.6996
7 20 0 90.895 60.1271
8 1 0 64.7427 95.7681
8 2 0 47.689 9.25522
8 3 0 53.4404 40.4808
8 4 0 80.4162 3.80695
8 5 1 36.3824 29.4729
8 6 0 78.5044 73.7323
8 7 0 15.6515 19.3742
8 9 1 55.3309 35.2316
8 10 0 23.1877 51.6127
8 11 1 47.1331 37.5698
8 12 0 97.1573 63.545
8 13 0 51.8417 48.0476
8 14 0 30.3615 55.7002
8 15 0 44.4651 36.8943
8 16 0 43.2708 25.4298
8 17 0 65.3067 85.3408
8 18 0 97.1498 99.6953
8 19 1 1.31197 70.7641
8 20 1 23.2425 24.9852
9 1 0 47.3887 18.5637
9 2 1 61.2008 48.8711
9 3 0 96.9538 68.5457
9 4 0 7.17719 40.0771
9 5 0 78.4612 99.1338
9 6 1 35.5058 87.4244
9 7 1 54.8364 16.4745
9 8 0 85.1935 65.4312
9 10 1 67.9807 44.903
9 11 0 86.3333 45.8407
9 12 1 77.07 59.2085
9 13 1 63.0656 85.2982
9 14 1 86.0539 42.3513
9 15 0 30.9641 25.6892
9 16 0 15.2953 57.3342
9 17 1 3.33512 17.1424
9 18 1 55.3178 97.9479
9 19 0 84.8859 11.7595
9 20 0 86.5857 87.1008
10 1 0 51.4581 12.8829
10 2 0 50.3164 55.3382
10 3 1 28.767 47.3567
10 4 1 45.8786 1.57496
10 5 0 52.2388 52.4176
10 6 0 86.9833 98.685
10 7 1 56.4365 46.3779
10 8 0 2.70775 16.9463
10 9 0 27.0538 56.509
10 11 1 31.1081 23.6364
10 12 0 28.2698 80.9464
10 13 0 82.2542 82.3667
10 14 0 65.5599 0.45826
10 15 0 82.8932 68.9093
10 16 0 41.3994 41.9397
10 17 1 77.3062 22.542
10 18 0 13.4636 59.1424
10 19 0 81.1822 6.37639
10 20 1 7.59241 2.63364
11 1 0 40.0195 90.3073
11 2 0 49.0209 83.6859
11 3 1 50.5046 56.3688
11 4 0 47.5256 74.4423
11 5 1 27.0439 24.0286
11 6 1 47.5428 72.3136
11 7 1 10.7167 5.95295
11 8 0 11.6252 0.251904
11 9 0 92.1787 35.3281
11 10 1 72.9813 68.0168
11 12 1 5.59796 95.2462
11 13 1 28.5942 93.5445
11 14 0 46.0428 33.4462
11 15 0 30.2938 35.8797
11 16 0 22.888 32.9467
11 17 0 93.2558 11.228
11 18 1 51.7731 72.987
11 19 0 27.1857 99.7133
11 20 0 15.0948 23.77
12 1 1 26.8318 51.2465
12 2 0 61.0566 59.1077
12 3 0 51.8464 23.6155
12 4 0 78.5661 56.1306
12 5 0 62.2057 8.7877
12 6 0 5.96753 52.0875
12 7 0 86.3285 86.6467
12 8 0 62.5431 93.0862
12 9 0 99.3308 11.3412
12 10 0 33.0005 38.1857
12 11 1 54.6566 96.5974
12 13 1 52.3686 71.7285
12 14 1 96.2987 13.2539
12 15 0 95.6881 0.518164
12 16 0 73.3907 77.0115
12 17 1 50.7992 76.0169
12 18 0 81.048 90.1641
12 19 0 92.5516 59.6934
12 20 0 68.1132 31.7126
13 1 0 68.5209 75.4232
13 2 0 10.4068 87.358
13 3 0 46.93 72.6396
13 4 0 98.2562 86.8337
13 5 0 31.9366 85.7053
13 6 0 58.9712 72.7681
13 7 0 61.6079 48.4127
13 8 0 14.9055 94.8336
13 9 1 78.4715 29.7914
13 10 1 51.8541 33.7433
13 11 1 56.9972 69.5793
13 12 1 43.7165 34.8699
13 14 1 42.6234 53.3649
13 15 1 7.23319 27.3668
13 16 0 90.6849 64.0767
13 17 0 12.1265 9.66417
13 18 1 31.3499 26.498
13 19 0 79.2017 10.2752
13 20 1 51.6824 13.0469
14 1 0 26.2053 58.4115
14 2 0 71.0898 4.18486
14 3 0 30.9799 81.1017
14 4 0 10.4948 6.62559
14 5 0 27.7649 44.7258
14 6 0 19.0949 3.21107
14 7 0 9.1179 4.1677
14 8 0 79.2879 74.9129
14 9 0 28.603 18.1627
14 10 0 73.1093 68.4659
14 11 0 77.6437 34.7363
14 12 0 11.4314 19.3041
14 13 1 48.4293 48.3682
14 15 1 12.2199 94.2684
14 16 1 28.185 40.7256
14 17 0 17.0151 2.31881
14 18 0 46.16 21.6035
14 19 0 79.1403 61.0599
14 20 0 75.4339 6.64034
15 1 1 93.7662 75.0713
15 2 0 77.2343 19.14
15 3 0 9.9216 30.1814
15 4 0 92.1172 74.3381
15 5 1 92.1716 86.5631
15 6 0 41.7225 13.8584
15 7 0 49.2045 38.338
15 8 0 4.91471 51.8909
15 9 0 17.1572 3.14587
15 10 0 4.51966 60.5335
15 11 0 8.55446 59.144
15 12 0 37.5841 47.2782
15 13 0 41.5081 33.7601
15 14 1 58.8871 0.484274
15 16 1 44.2571 94.0528
15 17 0 61.941 4.20565
15 18 1 68.1591 45.3525
15 19 0 7.23695 23.3281
15 20 1 74.9671 41.4546
16 1 0 72.6777 84.2907
16 2 0 61.0531 67.5863
16 3 0 32.7627 55.1733
16 4 0 9.38058 7.0215
16 5 0 6.76752 33.0999
16 6 0 26.677 98.3248
16 7 0 51.9034 14.3962
16 8 1 30.0719 12.2656
16 9 0 14.6013 22.8261
16 10 0 71.5387 20.4907
16 11 0 28.4211 76.4307
16 12 1 36.9758 9.24475
16 13 1 82.8456 4.16375
16 14 0 73.9621 73.6012
16 15 0 20.2621 97.9457
16 17 1 71.3092 28.7634
16 18 1 60.0538 71.0474
16 19 0 45.6367 39.1932
16 20 0 59.4891 47.7653
17 1 0 0.967431 12.4292
17 2 0 44.1868 57.155
17 3 1 59.6101 53.3773
17 4 0 66.3008 96.6802
17 5 0 42.7695 74.0331
17 6 0 94.1213 47.3369
17 7 0 52.2705 62.6232
17 8 0 18.1197 94.4852
17 9 0 74.88 82.0469
17 10 0 47.5187 57.3953
17 11 0 15.857 1.74918
17 12 0 54.9494 44.3861
17 13 0 29.034 14.8581
17 14 0 23.9197 26.0699
17 15 0 86.9083 79.0339
17 16 0 61.194 46.4791
17 18 1 97.5016 53.5864
17 19 0 1.55246 98.3865
17 20 0 16.7232 90.5563
18 1 0 23.9964 26.0364
18 2 1 46.0919 3.80816
18 3 0 66.5115 11.5754
18 4 0 83.9865 7.72308
18 5 0 86.1039 27.1084
18 6 0 66.5797 94.3219
18 7 0 69.4243 65.5839
18 8 0 36.9846 93.0723
18 9 0 17.8251 76.2586
18 10 0 85.7056 80.07
18 11 0 13.8778 3.73553
18 12 0 52.7673 67.8469
18 13 0 45.645 42.5178
18 14 0 3.08618 87.7407
18 15 1 4.59842 89.3196
18 16 0 7.80478 51.4215
18 17 1 82.9466 91.2801
18 19 1 91.1177 60.9129
18 20 0 29.8363 40.0639
19 1 0 86.8475 29.468
19 2 0 63.5444 36.2488
19 3 1 87.7154 97.5999
19 4 1 4.13827 10.1439
19 5 1 32.3424 3.00522
19 6 0 15.8232 71.6542
19 7 0 67.7851 34.0549
19 8 0 43.3804 80.1616
19 9 0 61.355 46.0572
19 10 0 4.40766 83.0771
19 11 0 67.3643 68.0019
19 12 0 82.5002 59.6771
19 13 0 92.9134 68.5202
19 14 0 35.7642 65.9055
19 15 0 39.8446 96.5058
19 16 1 79.0764 66.0585
19 17 1 41.7094 72.1812
19 18 0 80.878 61.8943
19 20 1 76.5172 23.3926
20 1 1 10.7876 4.07057
20 2 0 40.0775 84.1233
20 3 0 48.2863 4.74599
20 4 0 4.29305 22.4072
20 5 0 58.7582 50.5874
20 6 0 79.5591 39.4529
20 7 0 28.1254 18.6415
20 8 0 88.4668 66.0234
20 9 0 37.6788 36.9027
20 10 0 2.74457 82.3134
20 11 0 57.7993 97.6752
20 12 0 65.2104 41.953
20 13 0 12.7886 93.5891
20 14 0 96.1228 85.1151
20 15 0 93.7256 45.5532
20 16 0 47.7114 82.4719
20 17 0 28.0217 41.3605
20 18 0 84.0613 94.9472
20 19 0 79.3269 49.5887
12.6748 24.1932 35.8469 32.6174 2.90449 26.4285 33.8575 9.3369 36.7272 15.4176 39.3897 22.4198 10.335 37.8799 36.9293 34.8319 14.534 6.73589 13.0617 7.36446 