20
300
4
100
1 2 1 52.7884 66.4985
1 3 1 70.9319 4.44533
1 4 1 57.806 73.9497
1 5 1 56.6756 72.4032
1 6 1 6.56157 78.9075
1 7 1 15.2755 54.6747
1 8 0 69.2758 62.4581
1 9 1 81.0678 19.3644
1 10 0 0.764228 45.33
1 11 0 53.3618 39.8755
1 12 1 57.8429 43.8289
1 13 1 80.3369 46.6547
1 14 1 70.3763 38.1111
1 15 1 12.9809 26.0688
1 16 1 30.7082 81.189
1 17 0 3.46111 88.1446
1 18 1 74.2758 84.091
1 19 0 57.7765 76.3833
1 20 0 83.1353 40.2939
2 1 0 59.3975 99.5713
2 3 1 65.4 1.45922
2 4 1 47.0783 79.3642
2 5 1 53.3442 44.5896
2 6 1 81.8934 33.1707
2 7 0 56.8303 32.0467
2 8 0 47.8227 13.5526
2 9 1 52.3829 43.0416
2 10 1 34.7404 48.5388
2 11 1 64.7334 1.61442
2 12 1 62.2629 65.0547
2 13 1 46.4287 71.0262
2 14 1 46.1683 20.1469
2 15 0 67.072 77.8156
2 16 1 6.59442 9.04076
2 17 1 22.8911 58.4498
2 18 0 8.97687 12.7116
2 19 0 43.2865 74.2506
2 20 1 26.5105 98.2024
3 1 1 83.3216 48.0251
3 2 0 4.55099 91.4944
3 4 1 94.1963 14.4503
3 5 1 64.7887 25.6395
3 6 1 45.4957 95.3974
3 7 0 79.2795 71.0994
3 8 1 55.4478 43.9609
3 9 1 99.6849 83.4065
3 10 0 2.56633 73.6722
3 11 1 13.8324 22.7246
3 12 1 89.9856 5.20291
3 13 1 81.7291 7.84667
3 14 1 15.0763 53.654
3 15 0 0.146123 46.0224
3 16 1 89.3616 9.3303
3 17 1 55.8857 78.6634
3 18 0 3.12379 74.6465
3 19 1 14.3921 74.7883
3 20 0 54.3651 94.662
4 1 1 82.5208 59.7971
4 2 1 71.2295 98.7195
4 3 1 10.7092 31.842
4 5 1 44.7434 27.0301
4 6 1 84.6605 98.9207
4 7 0 22.5502 17.725
4 8 1 16.172 5.19271
4 9 1 87.5183 20.746
4 10 1 87.8612 50.7253
4 11 1 62.3498 99.1195
4 12 1 45.842 82.8393
4 13 1 0.366708 14.3437
4 14 1 26.503 62.4501
4 15 1 86.3042 65.2417
4 16 1 63.2689 96.9622
4 17 1 52.5665 39.1329
4 18 1 51.0383 48.1257
4 19 1 0.770063 69.1852
4 20 1 36.0797 10.6628
5 1 0 3.06096 26.5912
5 2 1 50.8692 76.4017
5 3 0 42.4496 40.5316
5 4 1 46.4917 3.03818
5 6 1 98.7548 43.37
5 7 1 1.55229 29.8978
5 8 1 14.1315 35.5132
5 9 1 36.3538 75.114
5 10 1 58.9822 89.0269
5 11 1 88.4764 18.1873
5 12 0 12.569 79.9822
5 13 1 41.8404 42.112
5 14 1 24.7206 63.3421
5 15 1 60.7779 63.0497
5 16 1 46.817 30.483
5 17 0 78.3357 91.044
5 18 1 88.4217 95.0529
5 19 1 23.1206 54.2908
5 20 1 59.9199 96.504
6 1 1 73.6014 99.0568
6 2 1 49.3811 77.0812
6 3 1 22.6361 40.9722
6 4 1 23.5306 14.5255
6 5 0 60.2509 26.9121
6 7 1 61.1315 69.2356
6 8 0 49.3319 37.4066
6 9 1 25.2669 76.0779
6 10 1 91.3149 30.3119
6 11 1 49.1884 89.2015
6 12 1 54.6749 20.0567
6 13 1 88.7828 62.9012
6 14 1 37.4917 27.946
6 15 1 11.7728 12.0032
6 16 1 35.7143 42.1533
6 17 1 7.91078 52.1506
6 18 1 2.08523 80.7722
6 19 1 85.693 43.3816
6 20 0 29.4306 73.6327
7 1 0 87.7901 83.5696
7 2 1 17.636 6.89754
7 3 1 93.4707 19.5292
7 4 1 38.2259 57.4502
7 5 1 54.5696 65.4326
7 6 1 93.1587 65.3806
7 8 1 46.7017 93.4479
7 9 1 18.1389 9.84108
7 10 1 33.7291 92.5016
7 11 1 44.3805 46.9163
7 12 1 27.8853 62.7518
7 13 1 21.3922 33.5706
7 14 1 47.3736 3.81639
7 15 0 61.8964 61.1152
7 16 1 43.4137 11.5109
7 17 1 44.3779 23.0921
7 18 1 37.0147 66.4021
7 19 1 44.1754 87.2736
7 20 0 95.2239 90.1
8 1 1 21.0241 27.4741
8 2 1 91.0112 51.1985
8 3 0 72.076 44.0803
8 4 1 84.3711 30.4256
8 5 1 72.3825 29.531
8 6 1 57.2075 23.6925
8 7 1 64.7423 2.64214
8 9 1 43.7277 45.3521
8 10 0 37.4305 84.7459
8 11 1 28.5596 98.8038
8 12 1 14.9097 15.8523
8 13 1 88.2575 92.7021
8 14 1 86.9301 8.70615
8 15 1 81.4201 4.44338
8 16 1 86.0766 44.9872
8 17 1 79.4891 84.0032
8 18 1 21.2259 76.2185
8 19 0 72.9274 95.1466
8 20 1 88.6509 21.8966
9 1 1 38.9409 81.5448
9 2 1 21.0998 46.9896
9 3 1 48.2326 24.2548
9 4 0 25.9491 17.2258
9 5 1 5.89582 70.8917
9 6 1 86.9984 21.0357
9 7 1 60.0443 79.93
9 8 0 26.2294 58.3401
9 10 1 14.8603 14.4792
9 11 1 99.5085 94.7172
9 12 1 71.8799 74.6842
9 13 1 45.8251 62.776
9 14 0 1.08791 50.5288
9 15 1 61.6319 33.0984
9 16 0 38.1772 37.1479
9 17 1 16.9793 78.3599
9 18 1 68.7784 23.9443
9 19 1 32.9586 1.04944
9 20 1 57.8709 24.2699
10 1 1 55.0773 8.47193
10 2 1 32.1695 83.3598
10 3 1 22.8695 48.3724
10 4 0 37.523 51.4846
10 5 1 80.613 18.5848
10 6 1 64.5177 37.8963
10 7 1 83.4308 75.6546
10 8 1 73.6812 53.5179
10 9 1 30.9779 48.4514
10 11 1 90.0314 87.7398
10 12 1 82.6868 95.6712
10 13 1 76.2056 1.28382
10 14 1 7.53727 66.8593
10 15 1 56.0339 6.43177
10 16 1 31.6706 16.5849
10 17 1 87.9159 54.534
10 18 1 13.3098 28.178
10 19 1 43.4398 99.7074
10 20 1 25.0707 43.8133
11 1 1 57.4367 23.3086
11 2 1 66.8728 42.3107
11 3 1 51.1122 21.8696
11 4 1 8.42058 58.8043
11 5 1 0.554057 31.3172
11 6 1 63.6814 54.9693
11 7 1 26.5113 96.5708
11 8 1 33.5014 8.96728
11 9 1 1.23615 35.9174
11 10 0 70.0581 69.1696
11 12 1 14.4557 16.0234
11 13 1 19.5464 62.926
11 14 1 71.6407 51.4678
11 15 1 57.2758 24.5882
11 16 1 58.0748 31.8432
11 17 1 3.00035 54.2714
11 18 1 34.7371 39.9418
11 19 1 63.5565 52.2766
11 20 0 66.4445 79.5112
12 1 1 62.9797 33.433
12 2 1 74.4003 28.6829
12 3 1 86.9525 65.5876
12 4 1 95.6813 20.7044
12 5 1 84.4334 58.7469
12 6 1 81.9625 59.8295
12 7 0 98.4265 99.7403
12 8 0 92.1956 30.8946
12 9 0 89.761 47.3488
12 10 1 76.0231 86.9142
12 11 1 54.7272 41.0569
12 13 1 56.5148 27.5018
12 14 1 26.9297 4.32463
12 15 1 32.9926 7.14559
12 16 1 6.6112 70.8415
12 17 1 0.622958 19.2855
12 18 1 7.78903 51.0782
12 19 1 21.0059 35.5656
12 20 1 37.0052 32.8387
13 1 1 10.1728 0.42526
13 2 1 83.3712 13.051
13 3 1 83.8005 94.6273
13 4 1 75.0272 2.17593
13 5 1 66.6889 64.8861
13 6 0 45.8923 90.7212
13 7 0 44.7946 76.8241
13 8 1 3.77011 13.2997
13 9 0 25.9235 40.8223
13 10 1 18.3185 79.4733
13 11 1 61.9089 51.5738
13 12 1 93.1386 60.8251
13 14 1 12.3982 78.846
13 15 1 31.3307 3.05098
13 16 1 79.6228 75.9366
13 17 1 20.8976 20.6855
13 18 0 24.5842 86.7413
13 19 0 3.03953 42.0884
13 20 1 46.5265 60.7784
14 1 0 64.2046 49.0439
14 2 1 48.2124 6.71399
14 3 1 65.1728 13.4748
14 4 1 6.11339 61.6565
14 5 1 85.8727 87.3427
14 6 1 5.48485 66.1545
14 7 0 3.16071 48.6009
14 8 1 44.6669 68.4503
14 9 1 83.9118 32.2968
14 10 1 81.5871 80.4435
14 11 1 17.6417 14.4621
14 12 1 29.0646 33.852
14 13 1 10.5664 7.27592
14 15 1 16.7713 58.344
14 16 1 25.679 71.2877
14 17 1 62.916 71.5111
14 18 1 79.3183 34.1427
14 19 1 72.235 31.0508
14 20 1 75.7769 97.0849
15 1 1 33.6567 55.9468
15 2 0 65.1319 73.1591
15 3 1 54.3119 77.084
15 4 1 41.1188 78.6296
15 5 1 15.8763 86.4217
15 6 1 96.1078 30.7272
15 7 1 44.0355 88.5382
15 8 1 75.9396 3.99292
15 9 1 41.2759 94.1044
15 10 1 66.1139 99.7725
15 11 0 68.3646 61.2203
15 12 1 62.8806 50.808
15 13 1 77.7812 77.7562
15 14 1 38.5197 85.6823
15 16 1 22.0292 46.8224
15 17 1 9.15659 45.2559
15 18 1 70.4543 91.9692
15 19 1 45.9929 43.3879
15 20 1 91.7557 81.1482
16 1 1 61.3047 63.1018
16 2 1 88.6155 66.1833
16 3 1 19.8707 10.978
16 4 1 54.0673 35.0867
16 5 1 68.5944 86.9566
16 6 0 33.5593 17.046
16 7 1 24.8812 89.3271
16 8 1 48.2279 71.4078
16 9 1 47.7289 35.8031
16 10 1 64.8618 9.99025
16 11 0 30.9308 0.393288
16 12 1 86.2739 64.0197
16 13 0 59.4067 38.1552
16 14 1 64.2365 84.6871
16 15 1 18.5258 6.18728
16 17 1 54.581 92.4253
16 18 0 1.25714 68.4457
16 19 1 94.8286 74.5939
16 20 1 59.2367 47.2533
17 1 1 19.6001 12.1325
17 2 1 26.9293 13.7357
17 3 1 84.5573 90.25
17 4 0 64.7045 53.2298
17 5 1 64.6552 30.151
17 6 1 12.7322 50.394
17 7 1 26.7411 13.4404
17 8 1 80.9207 60.2652
17 9 0 20.2529 61.1975
17 10 1 93.4123 24.6856
17 11 0 86.2536 44.4296
17 12 1 34.4745 26.5109
17 13 1 85.9601 95.9775
17 14 1 72.8908 54.4806
17 15 1 90.1792 53.816
17 16 0 22.1293 20.8225
17 18 1 78.3241 87.2096
17 19 1 20.4439 54.5051
17 20 1 0.269393 63.0387
18 1 1 22.0382 50.8636
18 2 1 19.6475 39.638
18 3 1 17.0196 65.238
18 4 1 59.469 2.08332
18 5 0 89.1096 55.2538
18 6 1 55.3888 65.7644
18 7 1 12.8055 95.6489
18 8 1 64.678 31.5417
18 9 1 89.9485 42.9517
18 10 0 72.6877 67.2356
18 11 1 10.4394 87.6908
18 12 1 5.36441 76.8581
18 13 1 59.7011 44.774
18 14 1 75.4134 84.827
18 15 0 96.1928 96.434
18 16 1 95.5898 19.0972
18 17 1 61.0086 91.9171
18 19 1 60.5804 54.2393
18 20 1 67.096 31.2006
19 1 0 28.7348 85.3418
19 2 0 63.5429 99.6018
19 3 0 48.7109 54.9748
19 4 1 32.44 51.4226
19 5 1 46.1984 14.3786
19 6 1 17.355 96.4553
19 7 1 83.1272 7.44859
19 8 1 4.34496 70.4338
19 9 1 18.2909 33.7132
19 10 0 92.9063 66.9542
19 11 0 27.6892 71.2332
19 12 0 43.6616 2.98282
19 13 0 1.00927 53.7771
19 14 0 48.0636 83.4215
19 15 1 37.5695 42.9822
19 16 1 43.1344 99.4092
19 17 0 71.6076 32.9615
19 18 1 9.30668 32.2168
19 20 1 57.9566 7.90343
20 1 1 15.1815 50.027
20 2 1 33.132 65.9335
20 3 1 30.841 68.2236
20 4 0 75.7643 58.6478
20 5 0 0.229726 57.8946
20 6 1 8.25856 38.7585
20 7 1 6.38451 60.4519
20 8 1 74.1716 90.8165
20 9 0 16.9826 0.663499
20 10 0 4.83991 61.5725
20 11 1 73.3745 65.2074
20 12 0 25.1803 15.3182
20 13 0 40.4398 43.7292
20 14 1 33.483 44.8909
20 15 0 99.6035 83.138
20 16 0 35.489 97.6941
20 17 0 75.3014 80.6382
20 18 1 69.8863 27.8895
20 19 1 90.8435 50.5085
2.49289 19.8914 23.1964 7.71806 3.11575 24.1691 33.5386 36.0652 22.3513 16.4636 34.3658 23.9533 27.4471 32.263 34.5938 31.2975 12.9332 11.971 20.5535 3.54458 