20
100
2
50
1 2 1 26.1792 82.3159
1 3 1 58.0392 57.1773
1 4 0 89.9906 29.96
1 5 0 51.1571 30.786
1 6 0 13.2941 82.2128
1 7 0 32.9738 9.13553
1 8 0 50.087 22.5119
1 9 0 57.2876 30.2366
1 10 0 46.7382 50.9329
1 11 0 65.4517 32.7872
1 12 1 99.9791 11.2221
1 13 1 97.4872 93.5693
1 14 0 71.9218 14.1682
1 15 1 48.0505 45.079
1 16 0 90.1747 53.8428
1 17 0 28.5213 17.9935
1 18 1 63.0852 87.3138
1 19 0 79.7032 83.3923
1 20 0 97.2293 28.5925
2 1 1 89.3681 91.6252
2 3 1 83.8676 27.9273
2 4 0 97.9324 53.3785
2 5 1 29.7053 34.9176
2 6 1 51.6501 79.0867
2 7 0 46.7193 17.5397
2 8 0 15.8255 60.1502
2 9 0 93.5499 28.4437
2 10 0 39.4132 26.5873
2 11 0 32.6893 52.9955
2 12 1 76.8815 44.7548
2 13 0 58.0123 53.1288
2 14 0 11.1511 95.9413
2 15 0 93.7561 42.6114
2 16 1 29.4471 80.5562
2 17 1 82.5718 42.9579
2 18 1 39.7203 86.9584
2 19 0 87.6038 44.6973
2 20 0 56.8873 32.9335
3 1 0 41.366 93.3803
3 2 0 49.0929 74.774
3 4 1 38.2928 13.1937
3 5 0 81.0945 83.3851
3 6 0 63.4575 28.2934
3 7 0 4.16729 89.8942
3 8 0 3.90202 40.7082
3 9 0 98.0386 62.4851
3 10 0 79.0375 90.6045
3 11 0 5.32441 78.1712
3 12 0 35.5878 10.3268
3 13 0 97.8216 41.9664
3 14 0 24.4729 24.0521
3 15 0 72.3579 98.7917
3 16 0 9.60259 68.6153
3 17 0 38.6614 61.5608
3 18 1 97.1384 43.3009
3 19 0 45.2556 92.9147
3 20 1 62.7473 7.61443
4 1 0 87.3087 54.7926
4 2 0 72.199 86.1227
4 3 0 43.5404 87.6703
4 5 1 30.1599 40.8748
4 6 0 27.816 43.3106
4 7 0 47.3283 76.323
4 8 0 51.4744 13.5497
4 9 0 84.6589 63.5193
4 10 0 97.5091 8.17101
4 11 0 51.7804 72.5084
4 12 0 85.6265 75.6522
4 13 0 24.328 55.6448
4 14 0 10.1591 49.0422
4 15 0 83.679 82.1273
4 16 0 3.95556 69.4831
4 17 0 96.3327 95.6486
4 18 1 82.5327 46.7774
4 19 0 48.5554 74.0631
4 20 0 74.6288 47.2458
5 1 0 36.0418 91.7312
5 2 0 64.2319 21.6084
5 3 1 51.645 8.12177
5 4 0 16.4361 96.9208
5 6 1 73.7366 17.2681
5 7 0 46.6541 94.0376
5 8 0 73.8235 40.4222
5 9 1 39.9494 2.54723
5 10 0 93.2856 36.9236
5 11 1 92.1545 85.0267
5 12 1 50.6624 51.8734
5 13 0 39.976 88.0427
5 14 0 25.6054 35.7665
5 15 0 78.3706 24.4988
5 16 0 15.648 75.7187
5 17 0 76.075 59.5181
5 18 0 60.275 43.0085
5 19 0 1.2872 60.9303
5 20 0 31.3377 31.047
6 1 0 57.2238 1.80747
6 2 0 84.9462 30.0485
6 3 0 42.2185 79.2216
6 4 0 53.8986 30.0773
6 5 0 11.8699 29.3221
6 7 1 15.8928 37.8841
6 8 0 10.3342 70.7045
6 9 0 84.6324 50.4338
6 10 0 19.2003 59.4906
6 11 0 68.0208 78.4958
6 12 1 22.1765 17.2262
6 13 0 66.6852 3.56931
6 14 0 52.299 73.5515
6 15 0 2.64358 84.193
6 16 0 79.8558 26.8073
6 17 0 16.0604 51.0316
6 18 0 26.7666 4.5166
6 19 0 58.6491 50.1821
6 20 1 50.6051 99.1781
7 1 0 11.8882 98.6598
7 2 0 66.7707 91.0788
7 3 0 6.49205 23.4627
7 4 1 20.4149 81.1867
7 5 0 80.2554 54.7576
7 6 0 76.2837 21.3418
7 8 1 14.7843 26.791
7 9 0 33.3657 56.4229
7 10 1 36.7913 33.7604
7 11 0 15.6065 78.8724
7 12 1 18.1725 44.0581
7 13 0 99.4252 76.4493
7 14 0 80.9256 4.48807
7 15 1 93.3393 86.5068
7 16 1 82.4479 50.9882
7 17 1 38.4366 19.4616
7 18 0 30.58 55.3361
7 19 1 90.6395 83.6887
7 20 0 10.9773 42.2358
8 1 0 24.8199 7.3885
8 2 1 88.7134 17.3617
8 3 1 54.5359 11.2067
8 4 0 43.2192 9.91211
8 5 0 99.9847 74.5188
8 6 1 46.9535 10.6171
8 7 0 4.5009 37.9952
8 9 1 98.1032 66.4936
8 10 0 19.8744 82.9263
8 11 0 10.4238 20.6745
8 12 0 18.3792 65.2016
8 13 0 85.9015 91.6938
8 14 0 57.7389 29.1244
8 15 0 95.5667 78.1749
8 16 0 75.0127 39.2661
8 17 0 53.0409 48.187
8 18 0 90.0532 31.4169
8 19 0 60.6918 16.0968
8 20 0 83.3153 84.4871
9 1 0 96.0138 49.0661
9 2 0 64.1097 11.269
9 3 0 98.3959 14.354
9 4 1 97.9862 21.9725
9 5 1 2.58246 93.6779
9 6 1 4.65736 25.9326
9 7 0 21.0609 10.9433
9 8 1 54.3895 54.9751
9 10 1 29.0487 77.0129
9 11 1 74.1913 42.9046
9 12 0 67.3187 96.7037
9 13 0 47.5234 89.4491
9 14 0 73.1587 59.1579
9 15 0 80.9389 23.6816
9 16 0 46.6479 38.6865
9 17 0 28.9443 58.9642
9 18 0 78.5614 35.3912
9 19 0 11.3661 67.1138
9 20 0 24.5236 85.583
10 1 0 98.8791 73.1256
10 2 1 3.43638 85.8401
10 3 0 15.5605 85.181
10 4 0 15.0227 89.4695
10 5 0 19.8824 23.6113
10 6 0 24.9104 19.7024
10 7 0 30.0089 27.586
10 8 0 23.8738 99.463
10 9 1 85.4815 60.7859
10 11 1 50.432 74.7765
10 12 0 89.0417 36.8531
10 13 0 23.8085 0.875755
10 14 1 72.0812 78.005
10 15 0 94.5529 98.7583
10 16 0 66.5351 82.0783
10 17 0 39.2881 93.3913
10 18 0 3.54461 3.24861
10 19 0 45.512 98.2298
10 20 1 29.2571 79.2675
11 1 0 88.1045 82.0408
11 2 0 86.8276 48.6315
11 3 0 69.322 22.0596
11 4 1 71.0179 3.08056
11 5 0 27.2814 98.5254
11 6 0 39.7927 89.3322
11 7 0 43.8115 94.8476
11 8 0 98.8073 38.9673
11 9 0 59.5196 37.6889
11 10 0 48.7065 85.3732
11 12 1 62.7238 67.2481
11 13 0 54.9475 18.8187
11 14 0 68.2973 74.9592
11 15 0 95.0166 80.5697
11 16 0 72.6183 5.63229
11 17 0 45.9971 97.5183
11 18 1 21.5323 20.2975
11 19 0 99.6362 91.4913
11 20 0 93.6679 50.2468
12 1 0 33.5109 53.5946
12 2 0 24.886 69.3162
12 3 1 12.2417 84.6971
12 4 1 71.8171 63.5151
12 5 1 17.7528 37.4145
12 6 0 67.8035 34.5629
12 7 0 0.0739342 28.455
12 8 1 55.1803 50.0376
12 9 0 16.8382 45.0293
12 10 0 45.2481 45.6086
12 11 0 70.4577 10.5579
12 13 1 86.6235 67.3091
12 14 0 81.0928 91.741
12 15 1 46.9371 45.686
12 16 0 8.81872 46.2645
12 17 0 26.2397 95.3613
12 18 0 71.5147 52.0489
12 19 1 98.4685 81.907
12 20 0 32.9253 61.8192
13 1 0 59.5004 90.4231
13 2 0 77.1529 40.2185
13 3 0 92.1633 74.8441
13 4 1 75.5154 94.8794
13 5 1 83.0497 91.4393
13 6 0 10.6186 13.2561
13 7 0 20.6661 97.8397
13 8 0 82.2058 78.9561
13 9 0 23.0268 38.7329
13 10 0 80.3725 13.3587
13 11 0 2.47219 42.4875
13 12 0 62.3191 31.2869
13 14 1 23.0679 86.7484
13 15 0 87.4121 3.13362
13 16 0 84.191 84.2553
13 17 0 54.7562 21.6293
13 18 1 96.9615 14.4074
13 19 1 48.0066 51.9341
13 20 1 50.131 19.9454
14 1 0 49.9546 3.61528
14 2 1 67.7582 63.8633
14 3 0 83.9925 66.7536
14 4 0 67.0629 4.55841
14 5 0 74.101 11.3405
14 6 0 70.3142 67.9642
14 7 0 35.3155 20.1037
14 8 0 59.5237 13.4653
14 9 0 8.23967 61.9649
14 10 0 51.796 22.9106
14 11 1 12.0819 70.5894
14 12 0 12.0362 93.5148
14 13 0 32.5426 17.0133
14 15 1 70.9763 43.9686
14 16 0 18.886 38.1979
14 17 0 91.6912 62.0308
14 18 0 16.2857 35.3429
14 19 0 32.1039 25.2504
14 20 1 52.3974 39.4944
15 1 0 47.8272 98.4495
15 2 1 60.1163 83.8743
15 3 0 18.8114 50.6577
15 4 0 10.8535 44.8512
15 5 0 42.9912 83.959
15 6 0 28.2751 80.7857
15 7 1 53.5425 80.6546
15 8 0 26.2161 7.55258
15 9 0 35.1303 55.5117
15 10 1 17.4938 8.19263
15 11 1 25.7474 55.3291
15 12 0 88.4254 15.9704
15 13 0 88.3728 40.3656
15 14 0 54.2957 4.20774
15 16 1 67.137 58.845
15 17 0 86.2626 37.3773
15 18 0 56.7601 33.2136
15 19 0 36.2863 39.9943
15 20 0 65.0906 79.2362
16 1 0 61.047 36.1906
16 2 0 79.4791 66.4397
16 3 0 35.8448 55.6583
16 4 1 80.902 61.3404
16 5 0 3.98204 41.324
16 6 0 40.6913 57.056
16 7 0 39.5229 12.6951
16 8 0 48.255 93.9094
16 9 0 2.15859 81.5444
16 10 0 43.7561 2.61276
16 11 0 43.6391 96.8359
16 12 0 52.2957 11.9425
16 13 1 63.8188 30.9488
16 14 0 19.3629 80.4654
16 15 0 4.60033 19.3288
16 17 1 17.6693 95.5834
16 18 0 78.2975 51.5173
16 19 0 42.9351 64.6701
16 20 0 52.9341 0.138044
17 1 0 63.8514 74.1448
17 2 0 49.6757 19.4729
17 3 1 97.5619 17.5408
17 4 1 13.9744 48.1513
17 5 0 16.235 8.08742
17 6 0 97.5318 14.6166
17 7 1 83.9582 26.93
17 8 0 15.9271 21.4615
17 9 1 20.7247 13.2085
17 10 0 0.0619819 58.3087
17 11 0 22.1707 77.2135
17 12 0 97.5639 15.5697
17 13 0 20.0874 40.7327
17 14 1 21.6249 7.82872
17 15 0 16.8769 3.74596
17 16 0 27.6862 22.2706
17 18 1 22.6544 87.3546
17 19 0 72.9975 76.0554
17 20 0 15.4709 68.6078
18 1 0 84.8528 52.9206
18 2 0 53.0137 60.0416
18 3 0 6.28804 84.6973
18 4 0 63.0004 71.4693
18 5 0 83.0502 81.621
18 6 1 8.58736 17.277
18 7 0 77.5935 95.2638
18 8 0 13.5374 25.3204
18 9 1 60.3264 94.1814
18 10 0 33.0757 57.4676
18 11 0 36.0662 94.4885
18 12 1 26.1464 48.5935
18 13 1 19.2333 98.5782
18 14 0 49.3934 19.4193
18 15 0 23.9117 6.33312
18 16 1 35.718 25.6186
18 17 0 83.1064 57.6039
18 19 1 52.3566 51.971
18 20 0 14.2606 18.482
19 1 0 73.59 8.67243
19 2 0 13.1945 17.2338
19 3 0 68.9871 4.53367
19 4 0 42.6376 68.45
19 5 0 89.6892 46.7197
19 6 0 47.0414 10.2611
19 7 0 76.8347 95.55
19 8 1 58.2123 89.8535
19 9 1 0.462956 58.8929
19 10 0 50.1739 48.1999
19 11 0 10.1963 67.021
19 12 0 63.5984 0.139578
19 13 1 14.3117 13.1799
19 14 0 19.2905 92.0995
19 15 0 29.409 4.92297
19 16 0 70.7826 51.6452
19 17 0 14.6681 8.18733
19 18 0 26.2109 97.4051
19 20 1 20.8095 39.2233
20 1 1 26.9311 5.53456
20 2 0 43.44 18.0612
20 3 0 27.4315 87.6035
20 4 0 17.8628 53.708
20 5 1 54.1274 36.5196
20 6 1 24.3791 59.8294
20 7 0 60.2756 27.2717
20 8 0 26.4641 49.2086
20 9 0 50.0438 86.3243
20 10 0 74.2127 55.2085
20 11 0 65.4798 32.6425
20 12 1 19.5529 51.6336
20 13 0 65.45 54.138
20 14 0 24.9502 38.3441
20 15 0 17.4409 48.3207
20 16 0 85.406 88.8464
20 17 1 5.17726 12.3301
20 18 0 41.7304 12.8474
20 19 1 20.1196 31.2079
11.0805 13.3611 6.67555 13.4125 26.018 5.62217 35.3176 33.6726 13.5977 21.6029 39.0262 8.54162 18.3872 6.82092 4.84213 30.1074 31.781 32.4902 5.20729 19.8025 