20
100
5
50
1 2 1 81.1905 33.3997
1 3 0 54.931 32.3447
1 4 1 56.0417 43.4169
1 5 0 98.0215 89.7765
1 6 0 81.2075 44.2923
1 7 0 24.8943 52.376
1 8 0 39.0659 49.0451
1 9 1 44.1622 75.8595
1 10 0 39.2586 91.1029
1 11 1 78.4263 14.913
1 12 1 57.283 22.8902
1 13 0 82.5231 73.8011
1 14 0 26.8463 91.8353
1 15 1 73.2694 90.5875
1 16 0 20.1874 51.0549
1 17 1 18.2921 10.0033
1 18 1 85.5669 64.5215
1 19 1 18.5772 48.856
1 20 0 1.40735 25.9376
2 1 0 34.783 44.264
2 3 1 7.17793 30.2193
2 4 0 94.8565 45.8792
2 5 0 10.3719 18.2827
2 6 1 67.9363 17.7907
2 7 0 52.3521 11.4773
2 8 0 53.3908 48.5759
2 9 0 47.183 90.2186
2 10 0 36.7315 50.1568
2 11 0 9.39836 85.5803
2 12 0 75.1684 76.4266
2 13 1 13.392 33.9793
2 14 0 15.2674 7.71501
2 15 0 21.1312 1.73945
2 16 0 46.2546 8.19614
2 17 0 11.6557 93.4227
2 18 0 73.2271 83.3968
2 19 0 72.7463 48.82
2 20 0 86.5162 40.0298
3 1 0 53.4057 6.41782
3 2 0 53.8365 44.6832
3 4 1 52.9203 13.7939
3 5 0 59.4308 3.8474
3 6 1 26.7577 53.9189
3 7 0 46.8241 18.1302
3 8 0 48.8564 98.1831
3 9 0 30.4596 57.1849
3 10 0 6.78088 90.8038
3 11 0 11.4393 90.5714
3 12 1 29.2906 81.2102
3 13 0 26.719 77.948
3 14 0 25.8296 34.0015
3 15 0 51.5466 63.8599
3 16 0 85.5688 15.9035
3 17 0 91.7929 6.04144
3 18 1 35.0301 5.35856
3 19 0 35.1742 46.332
3 20 0 61.0069 20.1362
4 1 0 54.5383 18.9771
4 2 1 15.8775 32.3431
4 3 1 89.8941 81.7697
4 5 1 97.2337 65.3645
4 6 0 4.36469 3.80128
4 7 0 88.1126 1.12076
4 8 1 7.07077 54.6168
4 9 0 66.6332 61.2367
4 10 1 56.0457 90.5575
4 11 1 91.4104 42.7601
4 12 1 23.5771 66.1362
4 13 0 55.5113 52.5507
4 14 0 80.3392 0.42879
4 15 0 58.274 3.23521
4 16 0 39.4054 10.3411
4 17 0 38.4569 63.5295
4 18 0 14.8799 5.70657
4 19 0 51.7048 77.9416
4 20 1 73.2227 59.9918
5 1 1 77.4494 51.6213
5 2 0 27.823 44.3799
5 3 0 44.1526 36.576
5 4 0 18.5865 20.9409
5 6 1 97.2808 99.0405
5 7 0 44.3039 38.4382
5 8 0 12.1092 58.1552
5 9 0 4.32195 31.1372
5 10 0 14.8784 72.0828
5 11 1 44.1668 93.5612
5 12 0 61.7916 22.3623
5 13 0 83.0482 63.259
5 14 1 86.1931 38.9777
5 15 1 53.8004 96.0632
5 16 0 16.504 28.3314
5 17 0 19.5312 67.71
5 18 0 1.85928 66.7665
5 19 0 50.4736 98.8398
5 20 0 11.8119 43.7315
6 1 1 31.7975 73.7114
6 2 0 60.649 1.69734
6 3 0 73.3898 92.6208
6 4 0 22.7333 27.2279
6 5 0 84.5669 3.54723
6 7 1 82.5565 13.2131
6 8 0 62.0426 66.6154
6 9 0 79.8396 0.750474
6 10 0 83.0668 3.84181
6 11 0 77.3026 24.2387
6 12 0 78.5059 18.7722
6 13 1 64.2628 24.2534
6 14 1 52.7926 46.9481
6 15 0 88.9324 40.915
6 16 1 60.804 71.8127
6 17 0 25.16 99.6202
6 18 0 47.8736 79.4194
6 19 0 63.615 68.2549
6 20 0 97.2629 98.8237
7 1 0 28.3847 41.9092
7 2 0 38.9749 16.0903
7 3 0 86.5558 88.1268
7 4 1 55.7901 26.7593
7 5 1 51.5063 37.2538
7 6 0 97.6596 87.578
7 8 1 32.2287 2.39774
7 9 0 16.2063 29.8454
7 10 0 66.083 65.2823
7 11 0 68.0598 4.557
7 12 0 59.7907 11.5992
7 13 0 73.9772 63.8567
7 14 1 63.3191 79.1379
7 15 0 6.04548 68.6205
7 16 0 20.1868 4.51263
7 17 0 57.642 70.6696
7 18 0 3.75527 29.3831
7 19 0 48.4157 42.1062
7 20 0 8.62177 44.7227
8 1 0 8.46892 29.4394
8 2 0 5.7803 34.9693
8 3 0 19.3542 95.2846
8 4 0 22.9297 98.9389
8 5 0 4.59664 43.7761
8 6 0 23.543 14.2813
8 7 0 33.7581 26.6816
8 9 1 43.0465 26.234
8 10 0 92.7721 18.2782
8 11 0 61.1879 54.0855
8 12 0 42.6587 74.1864
8 13 0 96.0749 56.5302
8 14 0 60.4733 33.4246
8 15 0 30.2752 40.2871
8 16 1 76.7577 89.5579
8 17 0 20.0394 47.9935
8 18 0 86.823 28.5248
8 19 0 28.1393 0.971748
8 20 1 58.4321 37.9629
9 1 0 79.0039 7.28748
9 2 1 1.73721 14.5428
9 3 0 88.7302 26.5674
9 4 0 65.2034 32.1675
9 5 1 86.2408 32.707
9 6 0 2.90993 43.6143
9 7 0 85.7476 28.608
9 8 1 74.6371 99.3184
9 10 1 25.7378 94.8707
9 11 0 34.0518 10.9338
9 12 0 5.62865 43.7196
9 13 1 71.9038 73.5222
9 14 0 24.263 66.0195
9 15 0 86.8868 21.6923
9 16 0 60.1014 57.4038
9 17 0 30.0981 90.4524
9 18 0 7.15916 80.6292
9 19 0 49.451 91.5048
9 20 0 86.1192 69.384
10 1 0 36.1897 79.8557
10 2 1 0.678055 7.72661
10 3 0 25.9392 20.6237
10 4 1 99.8043 11.1835
10 5 0 42.0663 97.2147
10 6 0 36.0854 36.8344
10 7 0 10.9821 15.0063
10 8 0 87.048 22.7717
10 9 0 69.2813 85.5791
10 11 1 87.2631 54.7509
10 12 0 41.7108 58.1047
10 13 0 89.947 60.688
10 14 1 60.4049 45.0637
10 15 0 40.3823 87.0605
10 16 0 67.3665 8.56869
10 17 0 2.24565 13.9153
10 18 0 76.4626 1.41098
10 19 1 67.9274 44.1324
10 20 0 97.2285 30.9166
11 1 0 92.4192 87.7156
11 2 1 30.6914 82.6684
11 3 0 5.10261 81.9087
11 4 0 3.47302 13.1527
11 5 1 63.1066 49.3311
11 6 1 87.7313 34.6938
11 7 0 5.83269 84.1376
11 8 0 32.5157 57.4081
11 9 1 10.7695 99.3991
11 10 1 24.1472 61.2414
11 12 1 80.4526 7.37869
11 13 1 10.6376 60.1624
11 14 0 66.3797 34.645
11 15 0 3.89971 28.7799
11 16 0 72.8256 62.1784
11 17 0 70.9724 88.378
11 18 0 34.0127 31.7138
11 19 0 33.5387 25.4045
11 20 0 57.6551 24.3198
12 1 0 24.0144 14.4052
12 2 1 44.0253 57.1192
12 3 0 88.6698 13.9497
12 4 0 29.3195 47.4882
12 5 0 13.992 2.29242
12 6 0 78.8058 78.2665
12 7 0 85.4412 66.5767
12 8 0 15.0904 17.7552
12 9 1 67.1161 39.9808
12 10 1 75.1098 33.761
12 11 0 46.5523 14.1414
12 13 1 48.8376 86.7852
12 14 0 31.3185 14.6582
12 15 0 9.6342 22.1238
12 16 0 10.9999 51.5111
12 17 0 91.7148 84.8176
12 18 0 38.6023 28.1111
12 19 0 71.6248 74.4601
12 20 0 66.1961 98.0495
13 1 0 1.39841 52.6468
13 2 0 18.7509 43.6303
13 3 0 55.6734 34.755
13 4 0 37.9955 69.1238
13 5 0 96.3111 25.3505
13 6 0 51.89 69.177
13 7 1 90.0781 48.2017
13 8 1 54.7759 92.4146
13 9 0 35.5512 61.1724
13 10 0 39.366 66.4169
13 11 0 9.04398 9.71064
13 12 1 59.5723 84.4863
13 14 1 17.7288 86.8446
13 15 0 79.0421 35.1589
13 16 1 19.7425 90.2748
13 17 0 5.08333 68.1986
13 18 0 70.388 53.9271
13 19 1 0.742424 74.3916
13 20 0 25.454 57.2094
14 1 0 6.77649 34.7916
14 2 0 53.0087 41.905
14 3 0 45.1403 31.7421
14 4 0 59.7572 70.4779
14 5 0 16.6238 73.7449
14 6 1 72.9095 62.5027
14 7 1 11.4694 75.319
14 8 0 51.1281 0.69882
14 9 0 69.907 12.1912
14 10 0 82.1884 53.1526
14 11 0 64.2839 92.965
14 12 0 91.5231 0.833802
14 13 0 10.7691 79.5501
14 15 1 73.513 18.0528
14 16 0 61.4321 6.78516
14 17 0 89.4807 25.2388
14 18 1 52.8991 26.6183
14 19 0 79.4 97.9931
14 20 1 89.4025 12.0836
15 1 0 12.1211 99.2064
15 2 0 5.6853 67.2465
15 3 0 47.7588 69.4587
15 4 0 88.4633 41.5012
15 5 0 68.577 77.551
15 6 1 77.9155 8.89984
15 7 0 3.01421 38.2696
15 8 0 40.1236 38.2323
15 9 0 76.031 61.2251
15 10 0 65.0348 13.7058
15 11 0 56.7466 62.6132
15 12 0 21.9254 84.3939
15 13 1 0.630176 76.4349
15 14 1 40.5529 83.2784
15 16 1 75.144 82.756
15 17 0 82.4377 68.4723
15 18 0 61.7812 0.110796
15 19 0 45.7138 84.8092
15 20 0 26.2265 76.2398
16 1 0 57.4778 62.9005
16 2 0 99.8665 80.715
16 3 0 42.4436 87.6725
16 4 0 23.6036 97.7253
16 5 0 56.3599 26.602
16 6 0 44.6704 69.362
16 7 0 99.5623 62.1406
16 8 0 74.9314 0.807299
16 9 0 56.1306 14.5205
16 10 1 33.7115 68.268
16 11 0 3.03991 12.3648
16 12 0 41.5085 12.2286
16 13 1 72.7047 92.5745
16 14 0 8.02089 5.66935
16 15 0 29.1884 14.3451
16 17 1 2.21605 61.4985
16 18 0 67.8749 42.1257
16 19 1 14.1408 96.3934
16 20 1 45.1063 15.7896
17 1 0 78.8503 89.4472
17 2 0 79.233 5.88031
17 3 0 83.9564 99.0992
17 4 0 37.341 30.2883
17 5 1 88.8544 64.3224
17 6 0 48.7246 99.2492
17 7 0 51.3446 57.3131
17 8 0 20.157 82.0654
17 9 1 88.228 97.5732
17 10 0 15.6038 59.1871
17 11 0 73.6451 56.9208
17 12 0 59.1386 82.6334
17 13 0 71.0703 68.4274
17 14 0 75.6805 84.9701
17 15 1 86.6804 46.7925
17 16 0 12.2476 13.6052
17 18 1 5.89239 40.5304
17 19 0 6.82164 9.53774
17 20 0 42.9557 0.0411562
18 1 0 73.3004 7.13712
18 2 1 29.1339 59.7288
18 3 0 57.0009 91.3503
18 4 1 33.3927 91.7117
18 5 0 51.4885 57.7045
18 6 1 96.7557 18.7281
18 7 0 14.3297 57.1792
18 8 0 75.4273 72.9766
18 9 0 84.2869 11.0837
18 10 0 52.5771 59.3679
18 11 0 31.7423 36.3398
18 12 1 38.6763 73.1944
18 13 0 33.0491 63.0207
18 14 0 0.27164 45.4132
18 15 0 38.8279 51.4443
18 16 0 65.4483 12.5919
18 17 0 30.3445 24.3643
18 19 1 56.1902 24.6064
18 20 1 7.07155 44.9776
19 1 1 14.5014 55.9062
19 2 0 15.3065 7.68968
19 3 1 36.3653 38.3571
19 4 1 63.1353 38.2439
19 5 0 99.253 94.7572
19 6 0 37.6753 6.67919
19 7 0 93.5265 0.136536
19 8 0 40.7869 96.5097
19 9 0 24.8579 27.5523
19 10 0 47.4725 54.9976
19 11 0 53.5727 6.82455
19 12 0 65.8945 71.3411
19 13 0 81.0123 43.889
19 14 0 55.2777 62.3792
19 15 0 71.1501 67.3563
19 16 1 31.599 28.8917
19 17 0 90.1035 61.6794
19 18 0 11.1189 43.3878
19 20 1 64.9113 72.6886
20 1 1 20.7388 35.4638
20 2 0 73.2737 64.4157
20 3 0 87.4622 40.1949
20 4 0 9.29431 84.401
20 5 0 88.1143 83.2184
20 6 0 81.5889 64.0048
20 7 0 88.7398 5.51524
20 8 0 34.8623 14.4676
20 9 1 81.4316 46.0787
20 10 0 31.5014 30.5375
20 11 1 17.0097 33.2124
20 12 0 2.65731 99.2468
20 13 0 68.7388 59.0934
20 14 0 19.815 22.8515
20 15 0 83.5064 65.9822
20 16 0 54.4138 19.5891
20 17 0 95.0021 98.6009
20 18 0 93.5274 72.2922
20 19 0 64.2405 72.8619
8.10824 2.81792 26.1585 31.7614 31.8191 12.6728 6.84969 26.5446 10.0553 35.5238 39.4046 13.7971 8.11603 0.804304 13.3028 27.2716 9.40021 39.7676 27.1453 39.1441 