20
100
4
50
1 2 1 63.3609 86.2859
1 3 0 92.4477 7.56002
1 4 0 23.4344 26.0212
1 5 1 51.3782 67.1045
1 6 0 74.7471 27.0099
1 7 0 43.3792 50.997
1 8 0 20.1877 38.8588
1 9 0 36.0847 42.7569
1 10 0 68.6571 46.5483
1 11 1 88.4111 56.0034
1 12 1 64.8956 67.975
1 13 0 24.8684 6.0621
1 14 0 75.0756 46.9419
1 15 1 66.535 24.9637
1 16 0 88.8649 35.2449
1 17 0 52.4608 74.7816
1 18 0 94.8556 62.8196
1 19 0 73.4089 31.7402
1 20 0 38.22 49.2019
2 1 1 74.8673 13.0908
2 3 1 94.2018 85.7005
2 4 0 95.0712 0.605448
2 5 0 21.7044 62.951
2 6 0 27.7138 29.5223
2 7 0 75.1687 50.2782
2 8 1 45.4242 68.0273
2 9 0 18.5821 89.0269
2 10 0 79.8254 83.3086
2 11 1 34.6865 6.92942
2 12 0 85.6363 75.7631
2 13 0 53.581 36.3306
2 14 0 21.1745 95.1006
2 15 0 75.1195 40.405
2 16 0 81.9974 34.9923
2 17 1 89.4611 85.4339
2 18 0 86.3399 80.3873
2 19 1 74.0014 11.1993
2 20 1 44.8106 32.3373
3 1 0 29.5364 82.1087
3 2 1 31.413 68.6319
3 4 1 30.5772 46.7877
3 5 0 31.0588 76.7927
3 6 0 43.8771 48.3956
3 7 0 18.8035 0.880779
3 8 0 35.586 69.4976
3 9 1 48.1034 26.5131
3 10 1 39.4947 75.3781
3 11 1 22.0768 65.1542
3 12 0 27.402 65.1494
3 13 1 34.1157 35.3321
3 14 0 4.87206 62.3453
3 15 0 94.4008 75.7903
3 16 0 85.3142 19.1489
3 17 0 7.28825 55.7536
3 18 1 16.7973 54.2565
3 19 0 18.415 53.8117
3 20 0 90.1405 13.6546
4 1 0 10.2462 3.24718
4 2 0 60.1991 74.3805
4 3 0 32.464 56.5377
4 5 1 21.8799 27.0722
4 6 0 27.9426 28.3108
4 7 0 30.9686 60.8619
4 8 0 42.6488 24.6756
4 9 1 64.2546 17.8792
4 10 0 9.36678 61.2724
4 11 1 28.1305 14.3035
4 12 0 40.2156 78.3856
4 13 0 12.0919 94.3549
4 14 0 36.0416 88.1196
4 15 1 2.13767 85.3316
4 16 0 54.3073 37.4781
4 17 0 41.2468 61.9994
4 18 0 3.34303 57.2277
4 19 0 42.0965 51.7981
4 20 0 9.956 6.2869
5 1 0 43.0368 95.7844
5 2 0 30.4991 7.22243
5 3 1 46.1491 69.7416
5 4 0 98.3005 21.8081
5 6 1 91.3382 47.3757
5 7 0 63.8826 46.4098
5 8 0 86.2562 65.3576
5 9 0 13.9899 27.3078
5 10 0 42.6929 90.0625
5 11 0 92.4139 87.3652
5 12 0 17.8357 18.5847
5 13 0 58.6314 93.7739
5 14 0 58.2788 47.7935
5 15 0 38.9825 53.829
5 16 0 27.4911 92.96
5 17 0 42.8893 5.45193
5 18 1 32.2164 70.2558
5 19 1 23.9899 61.7091
5 20 0 57.901 98.9341
6 1 1 79.4538 6.89002
6 2 0 0.240858 64.5423
6 3 0 16.087 41.7376
6 4 0 17.5545 16.0336
6 5 1 13.2992 62.1844
6 7 1 97.6056 78.2813
6 8 0 39.1717 73.2259
6 9 0 79.378 2.75194
6 10 0 37.0025 9.94953
6 11 0 18.7312 23.2624
6 12 1 19.8734 99.0595
6 13 1 36.2707 97.554
6 14 0 29.5587 16.7388
6 15 0 0.399256 49.3907
6 16 0 0.500583 28.4132
6 17 0 78.1822 80.2531
6 18 0 75.4584 0.141767
6 19 0 93.1118 0.990324
6 20 0 60.8269 62.7748
7 1 0 51.8489 17.5277
7 2 0 15.0113 47.6406
7 3 0 12.1672 96.3599
7 4 0 99.0476 32.393
7 5 0 30.3379 71.5239
7 6 0 31.5332 41.6488
7 8 1 93.8718 39.9573
7 9 0 16.2798 26.6057
7 10 1 92.5663 83.1477
7 11 0 45.6787 2.77882
7 12 0 10.3016 55.2618
7 13 0 75.8777 39.8333
7 14 0 76.6641 81.5387
7 15 0 39.8193 9.30929
7 16 1 89.6517 89.5411
7 17 0 94.0519 63.5533
7 18 0 21.6396 85.7081
7 19 1 61.5097 71.1062
7 20 0 3.21805 49.6669
8 1 0 30.4772 56.4039
8 2 0 98.3136 84.9203
8 3 1 76.474 12.2118
8 4 0 43.2538 44.3786
8 5 1 18.7715 4.11387
8 6 0 90.861 73.3112
8 7 0 95.5656 82.6739
8 9 1 93.9389 81.9893
8 10 0 93.5968 62.5253
8 11 0 27.1371 26.7158
8 12 0 6.56386 20.7419
8 13 0 8.70745 45.0181
8 14 0 98.9653 24.3571
8 15 0 42.4642 71.733
8 16 0 64.1234 43.1583
8 17 0 64.6719 50.864
8 18 1 76.3944 55.6774
8 19 1 95.0832 71.2468
8 20 0 68.9871 30.6963
9 1 0 32.7435 20.5264
9 2 0 56.1698 87.6314
9 3 0 73.4105 92.9986
9 4 0 93.6585 8.21087
9 5 0 66.5051 65.9364
9 6 0 44.7424 3.62142
9 7 0 71.0187 69.8819
9 8 0 32.3415 18.4552
9 10 1 61.2379 80.3193
9 11 0 1.38385 87.6874
9 12 1 7.92715 76.977
9 13 0 10.5988 22.0377
9 14 0 11.7653 10.5213
9 15 0 72.5868 18.6246
9 16 0 55.8776 15.8064
9 17 0 82.6713 85.8365
9 18 0 84.6578 93.8906
9 19 0 40.0006 58.2171
9 20 0 67.2257 63.0022
10 1 0 11.5348 33.2008
10 2 0 65.8562 26.5574
10 3 0 76.979 6.44301
10 4 0 24.7527 27.8155
10 5 1 32.885 50.0817
10 6 0 23.0988 73.8769
10 7 0 14.0407 5.51928
10 8 0 97.5948 51.039
10 9 0 33.2163 58.1527
10 11 1 16.7626 30.9073
10 12 0 96.5785 76.5832
10 13 0 18.9821 0.538534
10 14 0 22.6053 61.2406
10 15 0 49.2039 9.68693
10 16 0 27.7808 12.839
10 17 1 50.7407 26.2732
10 18 1 85.726 91.5375
10 19 0 28.7029 51.8075
10 20 0 44.121 88.9606
11 1 0 65.6484 62.8667
11 2 1 89.5132 82.0269
11 3 1 62.7022 77.7255
11 4 1 21.7831 19.6365
11 5 1 71.8272 33.2943
11 6 0 51.9024 26.9084
11 7 0 95.4255 24.1547
11 8 1 9.38727 51.1342
11 9 0 86.6121 69.6385
11 10 0 16.6308 12.8944
11 12 1 99.8662 49.8672
11 13 0 34.0193 61.8065
11 14 0 61.9131 16.3405
11 15 0 8.52546 54.2334
11 16 1 5.98397 7.17478
11 17 0 58.2938 22.9506
11 18 1 97.9138 84.4761
11 19 0 87.2428 1.206
11 20 0 61.8542 31.3213
12 1 1 35.1433 13.794
12 2 0 80.7859 51.36
12 3 0 31.5569 89.469
12 4 0 89.2566 13.9388
12 5 1 77.8364 22.154
12 6 0 48.0879 84.7057
12 7 0 50.4432 49.4116
12 8 0 93.9274 86.5187
12 9 0 37.6709 89.0468
12 10 1 10.3872 55.3051
12 11 1 34.5548 44.4798
12 13 1 75.8444 11.5317
12 14 0 52.7299 34.5484
12 15 0 48.6721 42.982
12 16 0 30.8591 13.1596
12 17 1 14.6489 12.147
12 18 0 70.3299 54.5274
12 19 0 47.3609 3.91425
12 20 0 71.9952 58.5821
13 1 0 45.1107 60.6052
13 2 0 4.19616 19.5897
13 3 0 58.9681 66.3506
13 4 0 76.6137 95.6596
13 5 0 51.1638 69.2109
13 6 0 9.85732 5.91726
13 7 1 51.6808 20.0616
13 8 0 6.51072 22.8654
13 9 1 53.9037 54.1316
13 10 0 64.7915 33.7669
13 11 0 96.1812 5.01114
13 12 0 32.4315 52.4945
13 14 1 56.1231 77.2462
13 15 0 89.2031 48.9267
13 16 0 83.867 10.3744
13 17 0 73.3161 8.07603
13 18 1 78.6064 71.6478
13 19 0 10.9096 13.087
13 20 0 25.5894 76.0938
14 1 0 98.9406 66.4944
14 2 0 47.0109 99.5394
14 3 0 61.5029 28.8123
14 4 0 80.6721 71.1144
14 5 0 4.62294 89.3993
14 6 0 75.9122 9.96632
14 7 1 60.4395 17.0315
14 8 0 78.3413 43.8594
14 9 0 82.0645 86.8071
14 10 1 70.795 61.8736
14 11 0 72.2831 67.741
14 12 0 52.0143 41.3367
14 13 0 81.2044 67.9875
14 15 1 97.8164 45.3701
14 16 1 85.8554 91.013
14 17 0 12.1604 68.5411
14 18 0 96.5128 3.04279
14 19 0 49.0486 61.5699
14 20 0 71.8259 6.59236
15 1 0 43.1968 48.7231
15 2 1 65.7807 71.1678
15 3 0 24.8276 77.7213
15 4 0 19.0865 45.4478
15 5 0 16.841 38.6554
15 6 0 84.3291 45.5201
15 7 0 17.3882 39.2657
15 8 1 96.5072 39.2848
15 9 1 27.4125 69.1295
15 10 0 99.5053 19.6806
15 11 1 89.936 75.8034
15 12 0 47.7105 71.544
15 13 0 22.1781 77.6668
15 14 0 23.4678 31.4451
15 16 1 23.5826 23.6517
15 17 1 79.4613 27.434
15 18 0 71.0773 35.1332
15 19 0 46.765 42.0407
15 20 0 38.072 91.2955
16 1 1 75.668 80.8079
16 2 1 69.9677 54.7369
16 3 0 33.0759 82.8602
16 4 0 60.5871 83.0695
16 5 0 46.8978 93.5455
16 6 0 72.3704 50.4307
16 7 1 8.93142 73.7055
16 8 0 2.17107 72.7053
16 9 0 87.3449 56.9102
16 10 0 53.9953 76.139
16 11 0 13.64 5.51697
16 12 0 53.0239 28.2545
16 13 0 10.3095 34.6688
16 14 1 99.0199 51.5748
16 15 1 82.2329 13.5811
16 17 1 0.837423 45.6453
16 18 0 53.519 60.3718
16 19 0 28.0563 84.2748
16 20 0 49.633 19.0581
17 1 0 90.6824 46.1791
17 2 0 34.2602 76.6676
17 3 0 78.8103 52.8167
17 4 1 86.4243 60.0592
17 5 1 93.6412 51.9215
17 6 0 65.5452 40.5508
17 7 1 35.863 59.7595
17 8 0 98.5164 37.641
17 9 1 4.9215 22.9801
17 10 0 57.623 86.0902
17 11 0 87.7202 55.7034
17 12 0 87.8784 65.4485
17 13 0 35.8093 69.8032
17 14 0 42.8223 97.9833
17 15 0 79.1785 40.1225
17 16 0 46.2402 8.1877
17 18 1 22.2671 90.9246
17 19 1 7.02008 8.74716
17 20 0 0.746922 6.39454
18 1 0 15.6985 88.8559
18 2 0 34.2119 61.3305
18 3 0 17.6502 25.7874
18 4 0 17.6342 17.9956
18 5 0 50.5919 88.3972
18 6 0 93.8341 76.0329
18 7 1 99.9435 17.031
18 8 0 13.7396 44.593
18 9 1 41.6906 97.3533
18 10 0 51.4733 16.4373
18 11 0 13.0565 51.663
18 12 0 88.9158 31.5477
18 13 0 46.2597 14.8085
18 14 0 74.7871 15.7441
18 15 1 98.4709 17.0853
18 16 0 87.326 72.5664
18 17 0 58.3931 89.353
18 19 1 8.48328 83.7338
18 20 0 66.0298 45.3003
19 1 0 53.0507 0.651027
19 2 0 78.5592 72.6593
19 3 0 11.8924 55.8044
19 4 0 69.8519 40.0235
19 5 0 60.2177 61.689
19 6 0 63.943 84.1435
19 7 0 15.7162 4.32438
19 8 0 97.5435 73.1052
19 9 0 99.8856 99.4502
19 10 0 83.6013 41.805
19 11 0 74.5645 17.3529
19 12 0 19.5752 24.2508
19 13 1 22.9129 10.6805
19 14 0 52.0358 81.7807
19 15 0 69.0765 96.2679
19 16 1 93.252 59.4641
19 17 0 13.0074 15.3624
19 18 0 44.0461 12.1183
19 20 1 81.1667 41.844
20 1 1 68.6757 7.8744
20 2 0 19.439 1.67645
20 3 0 8.93885 73.5705
20 4 0 36.4896 66.8496
20 5 0 87.3417 39.1071
20 6 1 77.5487 72.5659
20 7 0 14.6701 37.9086
20 8 1 30.513 33.2318
20 9 0 6.39061 77.1531
20 10 0 50.1145 44.0264
20 11 0 61.4046 79.8223
20 12 1 86.8348 89.4726
20 13 0 55.119 14.7412
20 14 0 44.4498 46.4332
20 15 0 32.0949 94.3521
20 16 0 77.5124 72.053
20 17 1 84.9364 27.3247
20 18 1 17.2528 0.252549
20 19 0 57.0229 69.9612
22.525 25.0226 14.1381 34.9241 15.7277 0.0718411 32.1713 10.2503 4.93395 30.8667 34.5453 7.67076 20.7741 15.3827 2.38646 29.43 0.132285 29.31 37.8546 12.7938 