20
100
3
100
1 2 1 48.4041 80.9037
1 3 0 4.64137 23.7413
1 4 1 26.5368 53.1066
1 5 0 16.8443 24.5405
1 6 0 41.6106 79.7453
1 7 0 31.1011 49.4365
1 8 0 63.1186 65.2777
1 9 1 27.0806 9.97795
1 10 0 90.4728 36.3435
1 11 0 53.6368 69.7731
1 12 0 53.7018 37.3319
1 13 0 76.8503 17.0527
1 14 0 57.3562 2.92071
1 15 0 43.867 66.3512
1 16 0 68.8007 42.3374
1 17 0 27.4262 27.8235
1 18 0 63.4688 35.0657
1 19 0 20.2037 98.8124
1 20 1 41.2306 20.1355
2 1 0 93.58 7.55729
2 3 1 32.6546 51.8072
2 4 0 30.4949 79.4921
2 5 1 99.3348 53.3743
2 6 1 85.8017 21.6101
2 7 0 45.3326 2.50013
2 8 0 86.9774 51.74
2 9 0 78.0409 63.6545
2 10 0 19.4324 21.4651
2 11 0 39.6611 33.4771
2 12 1 22.8452 22.7605
2 13 1 63.19 23.4874
2 14 1 19.3514 62.8001
2 15 0 23.1652 44.344
2 16 0 12.5801 29.2933
2 17 0 26.913 69.3237
2 18 0 61.3922 4.21246
2 19 0 81.2967 51.7324
2 20 1 13.5984 7.13657
3 1 0 70.7242 19.7609
3 2 1 28.7833 88.9205
3 4 1 86.3879 19.1181
3 5 0 70.1785 61.892
3 6 0 29.1262 99.8829
3 7 0 21.6713 62.6764
3 8 0 76.7804 92.2777
3 9 0 89.3927 76.6369
3 10 0 20.5615 35.9627
3 11 0 46.3192 70.8909
3 12 0 34.234 0.811946
3 13 1 27.225 50.3663
3 14 0 62.029 62.0717
3 15 0 20.7038 42.8067
3 16 0 16.0209 9.53146
3 17 0 77.0806 23.2473
3 18 0 86.7753 81.3466
3 19 0 23.8211 36.3913
3 20 0 48.5733 99.1919
4 1 1 7.4737 53.0026
4 2 1 5.90614 98.0769
4 3 1 10.4772 92.4485
4 5 1 0.697953 50.6752
4 6 0 66.4757 82.7109
4 7 0 57.8336 86.2522
4 8 0 0.719163 26.0508
4 9 1 43.0969 95.2264
4 10 0 84.3161 63.8614
4 11 1 68.6662 14.5476
4 12 1 29.3801 35.0751
4 13 0 97.5871 40.8575
4 14 1 10.3575 66.175
4 15 1 27.3649 94.7944
4 16 0 15.2973 66.137
4 17 0 72.5166 75.7753
4 18 0 75.9305 14.9342
4 19 0 8.07834 29.4277
4 20 0 26.5771 78.6161
5 1 1 55.7875 40.9967
5 2 1 22.2359 58.8728
5 3 0 83.7896 63.7836
5 4 0 88.3597 64.1179
5 6 1 49.3732 79.3207
5 7 0 52.5273 53.4744
5 8 0 59.0798 32.1315
5 9 1 90.5135 87.0389
5 10 0 37.516 38.2165
5 11 1 36.8842 1.40899
5 12 1 51.9024 71.317
5 13 0 49.4614 18.2573
5 14 0 29.7822 39.5699
5 15 0 49.1089 37.3172
5 16 0 77.4962 90.8466
5 17 0 30.6475 46.4432
5 18 1 78.2483 11.6308
5 19 0 66.6408 3.62383
5 20 0 62.2746 46.3713
6 1 0 1.15609 90.1415
6 2 1 59.9658 17.545
6 3 1 40.5193 31.5832
6 4 0 37.8204 31.1455
6 5 1 52.977 79.3094
6 7 1 68.5387 56.4012
6 8 1 3.35816 12.8351
6 9 0 80.8905 7.1922
6 10 0 46.4451 39.5527
6 11 1 63.5538 18.3672
6 12 0 33.6513 50.8631
6 13 0 31.1138 24.8147
6 14 0 41.3843 5.71109
6 15 1 44.3618 50.6438
6 16 0 45.9926 98.5164
6 17 0 39.0528 21.5831
6 18 1 85.0458 26.1399
6 19 0 72.689 3.90707
6 20 0 1.57853 80.7903
7 1 0 8.36865 13.902
7 2 1 92.6783 68.8316
7 3 0 21.7495 24.4441
7 4 1 30.3869 64.6624
7 5 1 79.1261 23.0336
7 6 0 33.2805 48.1279
7 8 1 72.974 79.1674
7 9 0 10.6131 60.235
7 10 0 26.6113 43.4724
7 11 0 44.0881 43.4469
7 12 0 59.8213 62.183
7 13 0 51.8565 28.2062
7 14 0 64.7767 35.1885
7 15 0 98.1433 97.2515
7 16 0 72.989 4.26804
7 17 1 5.87683 96.0469
7 18 1 91.5888 55.3654
7 19 1 34 26.9906
7 20 0 34.749 40.1973
8 1 0 48.264 37.9625
8 2 0 19.2841 8.15348
8 3 0 38.3952 53.3907
8 4 0 16.5093 57.6895
8 5 0 12.0966 44.8783
8 6 0 71.8472 71.115
8 7 0 61.8491 15.6392
8 9 1 50.4984 55.9705
8 10 0 27.6219 51.5322
8 11 0 36.0259 42.3695
8 12 0 74.7738 9.50474
8 13 1 73.9607 8.38642
8 14 0 1.5274 16.2106
8 15 0 73.6243 24.6166
8 16 0 71.0226 49.5113
8 17 0 26.9039 36.0709
8 18 0 76.2154 31.0331
8 19 1 7.93368 72.0685
8 20 1 4.09556 28.7247
9 1 1 57.9195 99.7028
9 2 1 98.5672 95.5254
9 3 0 93.4119 9.04133
9 4 1 52.9192 34.1678
9 5 0 10.4109 51.5764
9 6 0 32.9571 36.6152
9 7 0 12.3862 3.93882
9 8 0 57.7956 95.5084
9 10 1 52.7995 41.1512
9 11 0 68.7546 91.08
9 12 0 75.0529 5.27103
9 13 1 98.4849 69.2501
9 14 1 64.3335 74.4585
9 15 0 41.5656 5.43967
9 16 0 71.9009 88.567
9 17 1 62.4011 29.4312
9 18 1 73.1203 24.5104
9 19 0 79.3452 72.6161
9 20 0 41.58 3.85914
10 1 0 80.0844 60.6439
10 2 1 86.1009 46.1517
10 3 1 72.3336 51.5901
10 4 0 68.9466 99.6347
10 5 0 68.3987 47.0505
10 6 0 30.3321 59.5647
10 7 0 8.92138 4.64674
10 8 1 35.513 8.73473
10 9 1 50.8165 5.88689
10 11 1 34.7905 2.07364
10 12 0 48.8105 90.5173
10 13 1 23.2572 42.3471
10 14 1 2.54994 38.3043
10 15 1 76.5254 35.5159
10 16 0 77.6488 60.5444
10 17 0 83.1851 12.6946
10 18 0 56.8654 70.2157
10 19 0 0.782461 45.5943
10 20 0 53.9468 97.8103
11 1 1 88.1122 40.4648
11 2 1 18.9943 1.3232
11 3 0 83.6667 63.0709
11 4 0 63.3029 85.7529
11 5 0 28.4096 62.5059
11 6 0 27.8016 69.9347
11 7 0 13.6073 28.2321
11 8 0 19.7459 27.4252
11 9 1 42.87 87.2022
11 10 0 97.4378 91.9299
11 12 1 50.8104 72.4066
11 13 1 58.8299 41.6915
11 14 0 31.4431 34.8487
11 15 0 69.9764 39.0204
11 16 0 23.4152 33.9087
11 17 0 18.7097 40.8937
11 18 0 29.3955 80.7441
11 19 1 87.3506 99.4396
11 20 0 60.6197 97.8065
12 1 1 55.6 12.3413
12 2 0 53.3413 80.8433
12 3 0 93.0609 14.6375
12 4 0 53.9578 78.8438
12 5 1 74.2589 92.7122
12 6 0 54.1927 37.3416
12 7 0 28.7629 66.7051
12 8 0 67.7607 26.0163
12 9 0 39.7767 84.1265
12 10 0 85.8767 60.1796
12 11 0 54.9031 15.052
12 13 1 68.8078 85.8447
12 14 0 96.9721 14.4069
12 15 0 70.7567 91.9963
12 16 0 53.6291 46.91
12 17 0 86.7859 92.0933
12 18 0 67.2807 70.0818
12 19 0 41.7113 43.9913
12 20 0 8.6218 96.7453
13 1 0 61.3999 86.8431
13 2 0 55.9703 81.968
13 3 0 34.0243 52.7517
13 4 0 51.8651 98.5506
13 5 0 6.67393 20.6429
13 6 0 10.377 32.9232
13 7 0 92.9911 69.4852
13 8 1 68.9254 48.2341
13 9 0 37.5935 64.0468
13 10 0 41.094 66.6415
13 11 0 96.5794 30.3917
13 12 0 25.811 62.3421
13 14 1 63.3696 73.369
13 15 0 27.2022 81.7981
13 16 0 44.3817 29.6741
13 17 0 87.8271 18.3501
13 18 0 7.99327 58.9976
13 19 1 47.4858 67.2555
13 20 0 46.4758 51.9913
14 1 0 77.3465 33.3298
14 2 1 91.6085 44.6222
14 3 0 87.3064 71.2428
14 4 0 46.1389 65.7976
14 5 0 58.7117 92.0687
14 6 0 10.243 34.0899
14 7 0 94.6384 51.1136
14 8 0 39.6052 98.6108
14 9 0 7.68941 72.1468
14 10 0 94.905 70.9993
14 11 0 2.87401 99.2498
14 12 0 22.8024 43.6461
14 13 0 9.34851 38.4075
14 15 1 74.9618 44.5286
14 16 0 18.7992 66.5199
14 17 1 23.2017 92.0447
14 18 0 69.2268 95.2733
14 19 0 59.3091 77.9613
14 20 0 78.4923 56.3579
15 1 0 36.8275 85.8626
15 2 0 15.9902 96.3842
15 3 1 20.4181 29.9473
15 4 0 34.1381 82.0123
15 5 0 35.194 84.9933
15 6 1 63.7616 42.2584
15 7 1 40.2678 48.9277
15 8 0 3.53556 59.5548
15 9 0 66.2424 10.8212
15 10 1 56.6845 6.85026
15 11 0 25.2174 37.3908
15 12 0 80.2212 15.888
15 13 0 29.6165 80.9178
15 14 0 21.1663 3.76313
15 16 1 44.2755 93.6724
15 17 0 4.05655 68.1401
15 18 0 32.315 95.5714
15 19 0 64.7589 36.7249
15 20 0 44.5484 54.7654
16 1 0 83.3513 72.6624
16 2 0 16.4293 59.5276
16 3 0 40.7924 39.9333
16 4 0 35.9755 27.8638
16 5 1 3.1442 65.5052
16 6 0 84.8522 37.8742
16 7 0 61.665 99.5497
16 8 0 6.28279 81.8974
16 9 0 82.4698 62.565
16 10 0 32.8013 63.001
16 11 1 10.3516 66.3024
16 12 0 19.9502 42.9407
16 13 0 23.014 29.786
16 14 1 58.747 35.9947
16 15 0 68.3462 16.2483
16 17 1 55.1434 88.2775
16 18 0 94.8376 33.3156
16 19 0 14.5132 59.1252
16 20 0 26.2166 62.0659
17 1 0 93.9774 99.0599
17 2 0 0.295946 89.4436
17 3 0 22.8878 16.3958
17 4 1 95.6901 0.218883
17 5 0 73.0598 4.10364
17 6 0 94.8078 11.4277
17 7 0 92.8402 59.5458
17 8 0 37.262 35.0904
17 9 1 20.0631 99.0242
17 10 0 98.49 64.8641
17 11 0 96.9527 45.1431
17 12 0 1.97951 32.3196
17 13 0 16.8674 63.7607
17 14 1 91.9285 70.4754
17 15 1 18.8208 80.3345
17 16 0 35.0748 21.8785
17 18 1 72.8324 1.85101
17 19 0 64.822 1.815
17 20 0 79.903 86.2496
18 1 1 77.6289 30.1321
18 2 0 68.0988 80.2106
18 3 0 11.0846 79.8504
18 4 0 13.8428 2.61294
18 5 0 73.959 96.95
18 6 0 15.3692 9.92268
18 7 0 24.9139 24.3175
18 8 0 90.9141 46.3388
18 9 0 66.3219 80.8366
18 10 0 14.2046 15.6879
18 11 0 76.421 87.7969
18 12 0 32.1363 71.3088
18 13 0 92.373 99.7073
18 14 0 18.6074 95.1088
18 15 0 27.3437 4.93939
18 16 0 28.5698 4.71972
18 17 0 9.28322 73.0908
18 19 1 7.42908 17.874
18 20 0 13.4462 34.3873
19 1 0 98.8446 15.7724
19 2 0 69.6202 99.4955
19 3 0 61.3509 28.4079
19 4 0 90.785 85.7323
19 5 0 76.8066 39.1495
19 6 0 81.9138 57.0232
19 7 0 84.7737 26.8302
19 8 0 77.4206 32.1154
19 9 0 81.29 20.3075
19 10 0 41.4341 12.7235
19 11 0 41.6684 36.3343
19 12 0 29.3334 21.2035
19 13 0 85.6258 80.5827
19 14 0 83.2124 42.7818
19 15 0 41.3893 78.7598
19 16 1 6.9186 64.9943
19 17 0 22.7962 7.79435
19 18 0 7.25404 86.729
19 20 1 80.9262 13.1517
20 1 1 99.4545 53.875
20 2 0 7.1183 84.8976
20 3 0 61.8831 85.3759
20 4 0 37.721 73.9577
20 5 0 25.0034 8.87127
20 6 0 66.4774 72.2012
20 7 0 35.1282 52.848
20 8 0 93.7174 17.3168
20 9 0 77.0204 66.6852
20 10 0 50.1304 19.6816
20 11 0 5.25064 39.0293
20 12 0 1.31953 84.7098
20 13 0 7.26646 6.89313
20 14 0 16.8768 16.8065
20 15 0 87.7234 13.5637
20 16 0 62.4142 67.4993
20 17 1 47.9087 64.3879
20 18 0 67.9216 91.1627
20 19 0 47.9128 45.2516
14.07 16.1641 12.8397 5.92278 25.5305 32.4436 1.34566 7.31942 1.89723 31.3237 17.7302 13.6295 23.9835 21.8419 0.95992 30.4768 38.9127 17.5364 13.0851 1.29425 