20
150
2
50
1 2 1 31.4371 30.1708
1 3 0 40.0747 26.0777
1 4 1 49.1768 63.3787
1 5 1 95.7572 72.424
1 6 0 92.5951 60.3532
1 7 0 19.6022 46.4581
1 8 1 62.5586 80.619
1 9 1 8.94349 21.4595
1 10 0 31.9699 74.8541
1 11 0 36.629 21.2407
1 12 0 67.2697 52.1567
1 13 0 43.2507 15.1223
1 14 1 68.9154 48.3924
1 15 1 16.4905 30.9166
1 16 1 14.3689 81.7412
1 17 0 23.0701 6.4936
1 18 0 59.9602 46.4254
1 19 0 61.0695 94.5135
1 20 1 69.3715 41.8491
2 1 1 49.5801 66.6237
2 3 1 93.6496 21.4308
2 4 0 51.8556 1.00626
2 5 0 69.4316 39.6849
2 6 1 30.2133 72.1828
2 7 1 70.3724 98.3876
2 8 0 0.685675 99.0436
2 9 1 62.8227 48.7025
2 10 1 87.5413 73.0169
2 11 0 23.3505 8.8623
2 12 0 5.90631 73.1732
2 13 0 46.0638 28.3256
2 14 1 76.178 94.2165
2 15 0 76.1959 87.8881
2 16 1 90.34 56.7267
2 17 0 77.2292 84.4079
2 18 0 43.5819 22.9218
2 19 0 29.092 77.425
2 20 0 24.1425 6.70235
3 1 0 90.6395 68.5307
3 2 0 67.3206 37.5909
3 4 1 9.21062 79.7586
3 5 1 6.60494 89.0255
3 6 0 20.4441 31.8301
3 7 0 36.49 19.7715
3 8 0 2.86977 96.628
3 9 1 53.5255 27.3981
3 10 1 14.9123 24.9261
3 11 1 70.5238 2.80943
3 12 0 62.4415 27.1964
3 13 0 27.4546 70.3799
3 14 0 14.7436 5.33151
3 15 1 7.50188 64.0759
3 16 1 3.90083 32.8685
3 17 1 77.714 15.933
3 18 1 45.7604 69.8304
3 19 1 38.6083 1.66685
3 20 0 22.9205 55.5636
4 1 0 85.2161 39.1841
4 2 0 45.8125 66.1767
4 3 1 86.7892 3.63338
4 5 1 37.9939 10.6904
4 6 1 66.7791 28.6184
4 7 0 94.6984 61.9758
4 8 0 30.6272 92.0387
4 9 0 9.93546 18.5149
4 10 0 95.298 39.8506
4 11 1 11.7535 5.78061
4 12 1 37.145 45.4683
4 13 0 73.7603 89.8969
4 14 1 91.5791 87.8334
4 15 0 27.8214 29.9928
4 16 0 8.71376 72.4364
4 17 0 61.9835 94.8749
4 18 1 12.8761 11.6184
4 19 1 52.1784 79.0131
4 20 0 56.6253 67.8996
5 1 0 28.8344 54.7894
5 2 0 40.8245 3.13594
5 3 0 95.1752 84.7157
5 4 0 95.1825 31.0051
5 6 1 92.3348 46.6683
5 7 1 35.5631 17.0423
5 8 0 89.4979 54.3014
5 9 0 81.7544 17.1046
5 10 1 53.2509 44.0584
5 11 1 94.0981 45.0731
5 12 1 90.5177 40.8926
5 13 0 28.715 34.7675
5 14 0 89.7404 79.7506
5 15 0 52.6464 53.8427
5 16 1 79.564 89.3534
5 17 0 10.2618 88.7256
5 18 1 32.7179 17.6432
5 19 0 95.9791 62.3872
5 20 0 11.9922 38.9477
6 1 0 70.3788 44.1533
6 2 0 84.0907 81.9088
6 3 0 12.8772 96.6308
6 4 0 94.5606 76.4293
6 5 0 34.4636 18.1191
6 7 1 27.8641 58.0116
6 8 0 8.22978 3.23859
6 9 1 17.847 77.8208
6 10 1 30.8828 33.4359
6 11 1 28.2681 64.0233
6 12 0 37.2285 3.01446
6 13 0 64.2276 13.2268
6 14 0 3.38414 85.2132
6 15 1 57.2603 33.4147
6 16 0 31.522 49.4811
6 17 0 56.3774 92.2609
6 18 1 36.5864 94.7614
6 19 1 75.1772 74.0128
6 20 0 73.1235 24.6133
7 1 0 90.7976 74.8828
7 2 1 47.7215 37.9053
7 3 0 94.2289 17.9191
7 4 1 27.0283 56.4343
7 5 1 31.8744 18.4067
7 6 0 8.45516 49.0585
7 8 1 29.2273 90.7668
7 9 0 99.7129 71.7899
7 10 0 70.6532 68.9244
7 11 0 23.4299 69.3602
7 12 1 56.3031 36.3746
7 13 1 5.83082 98.7559
7 14 0 39.7178 43.178
7 15 1 97.5831 40.608
7 16 0 99.8398 12.7119
7 17 1 11.4644 84.4405
7 18 0 88.6822 91.7739
7 19 0 1.27673 9.99401
7 20 1 88.9626 76.4708
8 1 1 17.4476 0.443237
8 2 1 45.7689 41.1783
8 3 0 34.4165 8.49586
8 4 1 98.5667 27.8041
8 5 0 81.4553 70.8163
8 6 1 86.6885 48.2695
8 7 0 63.5091 80.1077
8 9 1 41.757 28.9479
8 10 0 67.3718 1.37303
8 11 0 79.5211 78.4468
8 12 1 80.2505 31.3078
8 13 0 56.7889 43.9594
8 14 0 35.7569 66.7886
8 15 0 42.1204 34.9745
8 16 1 70.0303 65.8481
8 17 0 7.71724 15.964
8 18 1 16.189 44.8849
8 19 0 88.8841 80.7233
8 20 1 10.0904 98.1211
9 1 0 19.1002 8.80041
9 2 0 61.2229 3.09265
9 3 0 53.9534 31.6177
9 4 0 72.5728 21.9837
9 5 0 81.7703 74.7458
9 6 1 38.9424 53.3714
9 7 0 71.1794 7.89062
9 8 0 39.6321 18.5828
9 10 1 33.8599 72.2579
9 11 1 85.0429 46.3708
9 12 0 5.15335 91.0627
9 13 1 66.6431 8.62259
9 14 0 98.5576 70.8868
9 15 0 17.3522 13.0897
9 16 0 97.2442 11.0853
9 17 0 33.0069 19.9404
9 18 0 52.7951 85.5722
9 19 0 58.0223 9.9666
9 20 0 50.1589 99.1041
10 1 0 62.3682 2.05382
10 2 0 76.5 20.4957
10 3 0 10.6373 43.4477
10 4 1 68.8303 54.8107
10 5 0 58.217 54.6124
10 6 0 21.8389 72.2544
10 7 0 31.0511 37.0911
10 8 0 81.3708 7.03221
10 9 0 49.2624 27.0409
10 11 1 73.6291 90.7183
10 12 0 27.5798 4.58303
10 13 0 79.2567 62.1884
10 14 0 51.3923 7.16475
10 15 0 46.6684 29.0726
10 16 0 74.4893 48.6304
10 17 0 67.4237 98.4846
10 18 0 62.7318 43.7926
10 19 0 12.3961 89.3202
10 20 0 34.5754 90.9888
11 1 0 20.4147 55.4991
11 2 1 90.4677 78.9156
11 3 0 83.7252 64.7799
11 4 0 49.2224 28.1098
11 5 0 80.4771 22.5599
11 6 0 89.6908 43.1098
11 7 0 45.0782 66.4826
11 8 0 79.4009 90.2895
11 9 0 39.5481 52.4186
11 10 0 52.8202 12.186
11 12 1 20.7094 13.1663
11 13 1 24.8673 44.9455
11 14 0 3.57207 85.4794
11 15 0 38.1426 25.1859
11 16 0 80.6097 98.6257
11 17 0 51.5369 46.1186
11 18 0 6.98654 19.3555
11 19 1 96.0908 93.6971
11 20 0 88.6401 99.2286
12 1 1 84.4133 16.3331
12 2 0 27.7169 94.4594
12 3 0 90.069 79.6773
12 4 0 12.0266 87.5463
12 5 1 7.50332 75.819
12 6 0 90.44 38.5124
12 7 1 76.5182 89.987
12 8 0 38.1528 23.8998
12 9 0 19.93 2.90513
12 10 0 86.9604 21.9131
12 11 1 30.6199 51.5607
12 13 1 12.901 10.344
12 14 1 74.0184 57.8596
12 15 1 90.2986 25.855
12 16 1 96.8095 87.4348
12 17 1 25.6448 7.12128
12 18 0 28.1535 49.2294
12 19 1 23.3601 39.3534
12 20 1 43.707 25.7815
13 1 0 10.1172 78.5881
13 2 1 40.9397 49.0643
13 3 0 65.5326 49.2556
13 4 0 76.3674 94.3755
13 5 0 77.7625 97.5337
13 6 0 6.50385 16.1314
13 7 1 74.3498 20.3545
13 8 0 97.304 67.7046
13 9 0 9.52108 84.7966
13 10 0 5.6479 29.4587
13 11 0 84.3053 99.1515
13 12 1 29.232 58.2438
13 14 1 84.4166 21.7866
13 15 0 26.4487 74.4956
13 16 0 58.9131 34.9753
13 17 1 73.2963 29.3764
13 18 1 59.7667 45.8952
13 19 0 56.2407 11.172
13 20 1 36.0878 74.0543
14 1 0 8.33134 42.9744
14 2 0 32.5912 26.5476
14 3 0 22.7457 62.4215
14 4 1 91.3289 10.0166
14 5 1 13.3874 44.9861
14 6 0 2.356 56.8718
14 7 0 41.0168 53.9267
14 8 0 24.3274 35.7344
14 9 0 80.4464 70.1676
14 10 0 62.7408 77.1432
14 11 1 70.3044 84.5258
14 12 0 8.22118 48.8916
14 13 0 33.9391 69.2232
14 15 1 2.44155 26.0101
14 16 0 35.213 41.343
14 17 1 81.7358 50.9455
14 18 1 65.2843 40.473
14 19 1 52.9857 39.1124
14 20 0 95.9847 17.2142
15 1 0 26.3021 3.37803
15 2 0 95.3247 73.0773
15 3 0 2.09615 81.713
15 4 1 44.2426 16.206
15 5 0 34.4768 90.3083
15 6 0 85.8932 51.5722
15 7 1 15.648 38.8896
15 8 1 47.2368 18.9499
15 9 0 1.94797 60.168
15 10 0 23.7837 51.7179
15 11 0 20.8487 82.5498
15 12 0 29.1501 86.0959
15 13 0 32.7718 57.8734
15 14 0 40.3922 82.7831
15 16 1 23.1202 22.7492
15 17 0 63.381 87.8042
15 18 1 37.9641 89.4795
15 19 0 95.0416 61.1707
15 20 1 13.6743 15.4811
16 1 1 71.6454 15.0901
16 2 0 30.5881 25.6002
16 3 1 41.6481 29.6316
16 4 0 25.562 6.84577
16 5 1 29.9348 12.0812
16 6 1 33.0371 39.9108
16 7 1 79.9902 14.5468
16 8 0 4.78092 62.8403
16 9 0 87.7054 91.1822
16 10 0 87.5901 10.7346
16 11 1 11.303 17.648
16 12 0 26.274 13.8686
16 13 1 27.0022 8.58224
16 14 0 48.641 79.8547
16 15 1 62.6456 17.4745
16 17 1 62.2599 45.0814
16 18 0 36.0221 59.8529
16 19 1 66.2835 97.4907
16 20 0 48.0619 67.9213
17 1 0 79.57 46.7096
17 2 1 74.6377 47.4768
17 3 0 23.2901 78.6917
17 4 1 50.1667 55.9609
17 5 1 6.16458 36.1096
17 6 0 35.2181 93.4047
17 7 0 20.4454 94.5565
17 8 0 45.0968 33.6799
17 9 1 33.3055 71.5204
17 10 1 87.349 70.9252
17 11 1 27.2884 86.2096
17 12 0 8.78084 89.7187
17 13 0 94.1001 95.9539
17 14 0 0.300374 10.655
17 15 1 84.8077 10.4626
17 16 1 32.4186 12.692
17 18 1 8.08713 81.6065
17 19 0 67.3554 57.3594
17 20 0 25.1533 1.55634
18 1 0 59.5209 80.5669
18 2 0 3.19353 5.11093
18 3 1 33.7461 11.0429
18 4 1 38.8411 14.7723
18 5 0 26.4176 78.6176
18 6 0 10.8216 62.0767
18 7 0 63.3277 43.1097
18 8 1 32.9807 18.3221
18 9 1 3.33613 34.1738
18 10 0 41.1259 78.5736
18 11 1 54.8121 61.265
18 12 0 63.8395 80.879
18 13 0 37.0511 30.2047
18 14 1 70.0148 28.6416
18 15 0 31.8577 22.4392
18 16 0 18.6223 25.879
18 17 0 36.0304 57.4659
18 19 1 6.44 71.9571
18 20 0 73.6051 98.1904
19 1 0 53.3958 44.7289
19 2 1 45.0577 44.8902
19 3 0 10.7373 70.6445
19 4 1 67.678 25.5493
19 5 0 80.7468 92.6264
19 6 1 20.0127 78.7654
19 7 0 38.1038 27.4244
19 8 0 70.2781 8.36135
19 9 1 51.563 7.762
19 10 0 91.1724 48.0084
19 11 0 63.2 69.6618
19 12 0 84.4475 0.791834
19 13 0 92.1544 50.0602
19 14 0 60.8584 90.0941
19 15 0 77.8272 50.5726
19 16 0 10.2358 36.9419
19 17 1 11.567 19.3597
19 18 0 72.3347 88.1309
19 20 1 46.8534 48.7529
20 1 1 66.4849 88.2088
20 2 1 6.37925 17.5039
20 3 0 64.9767 39.4427
20 4 0 49.6998 9.17526
20 5 1 52.0866 76.8304
20 6 0 74.5916 41.0221
20 7 1 89.4597 33.3515
20 8 0 69.933 13.8413
20 9 1 76.4488 15.1223
20 10 0 61.3835 58.2156
20 11 1 79.53 71.5387
20 12 1 16.0692 26.0958
20 13 0 0.0463944 4.80443
20 14 0 57.1781 23.496
20 15 0 22.1648 8.16283
20 16 1 23.5313 51.4957
20 17 1 43.9656 49.0075
20 18 1 4.49353 76.8782
20 19 0 84.445 88.8925
14.3857 32.3372 11.3824 4.02196 14.1127 20.6512 22.9113 36.5136 10.7016 10.0173 21.3423 20.5207 0.443359 24.4523 4.15363 19.8243 15.9423 10.4649 19.1971 29.1581 