20
150
5
100
1 2 1 96.9645 54.88
1 3 0 28.1625 23.0283
1 4 0 44.6592 89.5064
1 5 0 67.3344 94.6072
1 6 1 0.493917 34.561
1 7 0 1.26474 61.2658
1 8 0 50.9647 41.2962
1 9 0 32.7043 96.986
1 10 0 41.4532 63.7857
1 11 0 17.4134 17.6842
1 12 0 74.2638 46.7384
1 13 1 38.138 28.8726
1 14 0 51.2278 37.5004
1 15 1 25.0965 51.3595
1 16 0 97.471 8.96199
1 17 1 18.3965 26.8369
1 18 0 66.6411 44.5364
1 19 1 90.6855 71.9376
1 20 0 0.861445 98.9814
2 1 1 64.1533 77.1236
2 3 1 9.25258 1.79785
2 4 1 21.98 10.335
2 5 0 31.7773 52.9716
2 6 0 97.6711 11.8646
2 7 0 68.4059 38.112
2 8 1 78.3157 49.5515
2 9 0 8.16495 22.2075
2 10 0 80.2845 17.086
2 11 1 56.7763 72.8192
2 12 1 69.5997 7.42923
2 13 1 88.8994 7.86435
2 14 0 10.5673 76.8246
2 15 0 49.5763 68.786
2 16 0 74.365 57.2159
2 17 0 36.1884 97.9074
2 18 1 70.1666 63.0136
2 19 1 82.3715 15.6823
2 20 1 79.5052 46.7201
3 1 0 38.3593 87.3926
3 2 0 19.1673 48.3857
3 4 1 28.2512 55.4858
3 5 0 90.4387 46.8862
3 6 0 17.9975 24.9001
3 7 0 97.1309 29.4548
3 8 1 19.3927 96.2628
3 9 0 74.1788 17.7536
3 10 0 69.6935 9.12687
3 11 0 3.00022 91.7097
3 12 1 8.18847 95.4102
3 13 1 38.9682 85.5087
3 14 0 83.0591 92.82
3 15 0 24.7626 43.2418
3 16 0 42.1874 57.7543
3 17 1 57.7478 80.8153
3 18 0 5.19917 7.98528
3 19 0 64.5167 14.4787
3 20 0 23.6519 65.3926
4 1 1 42.1067 82.2401
4 2 1 87.9723 36.6164
4 3 0 49.1226 84.8994
4 5 1 46.8533 86.3001
4 6 1 3.68244 45.8823
4 7 1 71.0073 95.2456
4 8 0 9.09562 65.451
4 9 0 24.7522 82.7258
4 10 0 79.1624 72.696
4 11 1 84.9755 24.5717
4 12 0 22.6443 8.92899
4 13 0 35.9321 68.0526
4 14 1 37.8535 93.6205
4 15 0 63.1622 72.7761
4 16 1 19.1396 18.3404
4 17 0 89.022 43.9052
4 18 1 86.7188 53.1894
4 19 0 12.6388 88.4224
4 20 1 26.4299 64.5515
5 1 0 40.2254 80.0101
5 2 1 0.55832 83.9274
5 3 0 70.0688 28.9474
5 4 0 43.4348 69.5356
5 6 1 67.1352 59.0686
5 7 0 33.4359 16.1292
5 8 1 43.9471 51.9112
5 9 0 9.94892 47.9461
5 10 1 83.9595 15.7321
5 11 1 48.0754 70.6479
5 12 0 82.3481 46.2915
5 13 1 32.8456 70.755
5 14 1 89.7709 23.4508
5 15 0 87.1424 46.7539
5 16 0 2.854 36.7855
5 17 0 90.5979 2.14469
5 18 0 19.8352 45.8106
5 19 0 98.1488 60.5789
5 20 0 46.8608 4.18027
6 1 0 79.711 89.5135
6 2 1 11.5674 36.3366
6 3 0 2.26292 49.404
6 4 0 44.3387 84.6815
6 5 0 51.9224 63.3756
6 7 1 42.7371 29.7616
6 8 0 79.3924 33.108
6 9 1 59.0081 43.6225
6 10 1 50.5248 48.3499
6 11 0 82.3671 55.4776
6 12 0 95.9376 79.4631
6 13 1 83.7116 21.4851
6 14 1 14.5692 79.7969
6 15 0 67.1676 27.2084
6 16 0 3.91443 76.1937
6 17 0 11.4264 65.168
6 18 1 49.9578 50.8067
6 19 0 36.199 79.3708
6 20 0 7.99075 65.7941
7 1 0 8.68899 14.388
7 2 1 52.5326 59.6527
7 3 0 22.7949 1.14853
7 4 0 19.9921 33.1564
7 5 0 25.8455 23.9646
7 6 0 85.8931 19.906
7 8 1 78.4185 18.8177
7 9 0 54.5317 32.3984
7 10 0 61.6997 80.9449
7 11 1 56.4361 56.7803
7 12 0 13.4422 0.283849
7 13 0 28.5104 71.5524
7 14 0 82.5995 53.8954
7 15 1 75.8272 66.7119
7 16 1 17.914 6.94725
7 17 0 4.32242 92.8788
7 18 1 86.3259 20.7377
7 19 0 60.347 38.5049
7 20 1 35.9772 2.6852
8 1 0 25.6175 64.9589
8 2 1 61.5613 93.6899
8 3 0 16.722 69.998
8 4 0 74.8135 64.0736
8 5 0 92.0753 48.1979
8 6 0 52.6214 14.0755
8 7 1 84.0821 62.4334
8 9 1 79.8352 41.3354
8 10 0 83.0889 73.6011
8 11 1 23.5712 69.3075
8 12 1 68.6228 25.2028
8 13 0 73.5816 0.76157
8 14 1 2.1952 33.5008
8 15 0 40.0751 52.0251
8 16 1 4.49162 46.8291
8 17 0 90.7025 59.2908
8 18 0 94.7749 83.6416
8 19 0 64.9596 66.0756
8 20 0 83.6853 5.50875
9 1 1 41.4266 3.35081
9 2 1 30.193 90.9886
9 3 0 39.1748 62.291
9 4 0 35.6744 62.6869
9 5 0 46.4862 84.1565
9 6 0 44.6558 95.0618
9 7 1 41.5678 53.9406
9 8 1 24.0852 85.0601
9 10 1 74.5366 39.9514
9 11 0 6.92046 74.0128
9 12 0 15.5402 74.8411
9 13 0 6.95182 16.2307
9 14 0 20.9329 79.3385
9 15 0 43.664 85.4575
9 16 0 85.3362 18.6427
9 17 1 36.7 3.92206
9 18 0 56.1576 45.0984
9 19 0 54.7437 45.2857
9 20 1 21.1085 80.421
10 1 1 65.4454 18.1022
10 2 0 24.4233 89.4125
10 3 0 45.99 17.027
10 4 0 29.2786 68.2571
10 5 0 99.215 3.84905
10 6 0 86.116 56.6538
10 7 0 63.8191 17.2663
10 8 0 86.2615 84.1613
10 9 0 17.1248 42.869
10 11 1 19.3244 2.93793
10 12 0 14.392 58.7384
10 13 1 49.1388 74.1858
10 14 0 89.7677 89.4451
10 15 1 99.9777 96.566
10 16 0 1.1315 99.6832
10 17 1 12.1221 62.8835
10 18 0 60.8036 33.1792
10 19 1 16.6486 15.9894
10 20 0 2.85293 41.1903
11 1 0 76.0975 77.8707
11 2 1 59.5392 99.7021
11 3 0 62.5704 40.1481
11 4 1 17.0391 64.1588
11 5 0 21.1559 69.1299
11 6 0 75.4443 55.1153
11 7 0 5.29092 75.7969
11 8 0 79.2055 33.9109
11 9 1 25.2836 66.923
11 10 0 92.9325 98.593
11 12 1 84.8911 18.8602
11 13 0 75.7662 56.8617
11 14 1 9.88938 63.8173
11 15 0 71.1526 83.589
11 16 0 51.3704 85.4765
11 17 1 81.8899 44.2845
11 18 1 81.7233 35.4036
11 19 0 76.9343 73.6095
11 20 1 96.4485 76.8771
12 1 0 40.08 42.4032
12 2 1 6.01869 51.7305
12 3 0 10.7969 34.4169
12 4 0 10.0262 14.2654
12 5 0 25.7058 28.6823
12 6 0 48.0672 84.5793
12 7 0 44.154 53.9262
12 8 1 80.7752 46.0905
12 9 1 63.6847 37.6102
12 10 1 55.6238 33.3253
12 11 0 70.0253 71.0263
12 13 1 37.5979 28.5576
12 14 0 23.3907 47.7703
12 15 1 96.1969 17.8045
12 16 0 98.3771 74.2043
12 17 0 85.0108 59.1803
12 18 0 92.4137 28.1325
12 19 1 65.4253 73.338
12 20 0 95.6058 19.499
13 1 0 4.46408 98.8831
13 2 1 27.853 33.012
13 3 0 8.14704 84.7469
13 4 0 2.30216 75.4434
13 5 0 66.8772 43.1379
13 6 0 55.0608 19.4482
13 7 1 46.8406 58.2487
13 8 0 19.1305 20.2727
13 9 0 2.4698 17.8271
13 10 1 36.3685 74.0655
13 11 0 8.25377 38.9575
13 12 0 31.5545 85.166
13 14 1 30.434 22.0893
13 15 0 88.2669 41.556
13 16 1 95.8104 34.1237
13 17 1 77.1662 10.4102
13 18 0 91.8783 7.7756
13 19 1 36.691 85.5578
13 20 1 57.8585 19.3791
14 1 1 68.7396 51.0238
14 2 0 45.262 66.6772
14 3 1 33.7918 39.1583
14 4 0 62.7651 98.2638
14 5 0 65.7748 86.6193
14 6 1 31.5744 31.6106
14 7 1 85.2015 42.2018
14 8 0 49.0056 99.6634
14 9 0 27.3766 74.6339
14 10 0 31.5542 36.6156
14 11 0 94.2527 43.5554
14 12 0 4.28807 17.2698
14 13 1 33.0833 56.7404
14 15 1 80.8243 79.1196
14 16 1 26.1139 52.78
14 17 0 96.8861 63.6075
14 18 0 27.8247 4.29309
14 19 0 74.7766 51.9233
14 20 0 78.0818 10.272
15 1 1 69.5933 86.192
15 2 1 49.6933 72.0695
15 3 0 82.995 9.63246
15 4 0 34.0746 31.5814
15 5 0 73.5831 72.3518
15 6 0 31.0387 19.391
15 7 0 84.4932 51.5177
15 8 0 5.74064 87.5011
15 9 0 71.2485 72.962
15 10 1 35.1117 41.6552
15 11 1 72.4339 90.6751
15 12 0 62.3235 68.6139
15 13 0 24.4277 50.6782
15 14 1 92.3654 56.5804
15 16 1 18.0957 16.2233
15 17 1 69.6497 77.2397
15 18 0 18.072 51.6948
15 19 1 79.2988 64.8305
15 20 0 39.9402 41.9985
16 1 0 53.5807 11.6214
16 2 0 24.2446 4.15352
16 3 0 0.498092 68.0245
16 4 0 20.7151 67.9201
16 5 0 38.9195 23.0873
16 6 0 33.8063 53.9537
16 7 0 95.6424 76.4187
16 8 1 90.0441 56.3516
16 9 0 77.5037 6.64413
16 10 0 67.0218 29.6264
16 11 0 14.7197 22.8797
16 12 0 92.0714 35.966
16 13 0 71.436 92.7941
16 14 1 74.4962 20.064
16 15 0 19.9419 98.8907
16 17 1 39.999 0.90541
16 18 1 73.359 72.2059
16 19 1 43.4003 0.565932
16 20 1 62.2509 32.4507
17 1 0 63.8425 8.14194
17 2 0 11.926 76.5234
17 3 0 95.041 36.648
17 4 1 81.7079 83.3632
17 5 0 42.0239 54.897
17 6 0 79.6083 80.9506
17 7 0 76.964 57.2327
17 8 0 10.33 42.8319
17 9 0 90.4589 79.8358
17 10 0 65.271 30.7108
17 11 0 83.0363 29.3378
17 12 1 33.697 68.8368
17 13 0 44.5458 41.6227
17 14 1 70.5412 65.7611
17 15 0 58.4663 28.9187
17 16 0 96.42 39.3446
17 18 1 45.9396 91.7221
17 19 0 45.9144 85.1376
17 20 0 20.7404 88.137
18 1 1 29.2356 46.5759
18 2 1 70.736 68.5777
18 3 1 84.0842 69.4552
18 4 0 18.6045 64.8746
18 5 0 58.385 17.2238
18 6 1 2.64248 33.424
18 7 1 89.2093 14.919
18 8 1 65.9855 35.5238
18 9 0 15.8164 47.4443
18 10 1 30.0319 14.5715
18 11 1 68.0743 14.7368
18 12 0 52.8636 42.709
18 13 0 32.0448 46.931
18 14 0 85.1458 44.1984
18 15 0 59.9101 45.9631
18 16 1 76.3779 57.9987
18 17 0 75.0184 55.8913
18 19 1 68.8647 65.1464
18 20 1 25.1285 7.30028
19 1 1 34.1662 43.5709
19 2 1 24.0832 12.1738
19 3 1 36.0915 99.4653
19 4 0 36.5871 51.2638
19 5 1 22.1807 90.6844
19 6 0 96.3719 3.90752
19 7 0 12.1215 14.0907
19 8 0 33.8291 9.66931
19 9 0 78.2707 24.3441
19 10 0 6.16261 80.5131
19 11 0 8.98543 46.693
19 12 1 27.5458 84.5602
19 13 1 14.814 73.6299
19 14 1 25.62 98.3617
19 15 0 46.8237 51.7641
19 16 0 83.998 99.9788
19 17 0 34.3565 86.6366
19 18 0 97.9537 93.3885
19 20 1 41.8108 1.92737
20 1 1 26.7758 25.9037
20 2 1 53.3489 23.2795
20 3 1 82.1881 91.807
20 4 0 5.74176 44.075
20 5 0 8.61413 68.4198
20 6 1 77.7502 2.48291
20 7 0 58.4461 31.6065
20 8 1 46.0053 71.0963
20 9 0 34.6466 30.2259
20 10 1 90.3367 34.124
20 11 0 99.7057 25.4454
20 12 0 16.4221 10.9872
20 13 0 77.7377 28.2615
20 14 1 69.8815 38.1472
20 15 1 6.27697 21.9501
20 16 1 84.3916 61.3928
20 17 1 66.4867 93.4392
20 18 0 3.24518 28.5459
20 19 1 12.4225 8.4191
31.8737 23.2521 0.996593 32.7954 16.7784 27.0459 0.844696 24.8344 3.12412 16.89 17.883 27.7751 9.1481 30.5764 1.82907 20.7593 21.8641 32.2847 30.1605 32.4547 