20
300
5
100
1 2 1 95.0461 43.1174
1 3 1 0.407343 49.4144
1 4 1 48.2182 87.6178
1 5 1 0.548938 49.0191
1 6 0 99.9774 67.1769
1 7 1 92.5407 41.4379
1 8 1 68.4069 92.5964
1 9 0 80.2047 72.6916
1 10 1 18.9814 36.4321
1 11 0 14.4337 5.9177
1 12 0 51.1108 29.7113
1 13 1 16.498 73.6366
1 14 1 39.072 62.249
1 15 1 20.0901 77.1558
1 16 1 82.4336 46.5981
1 17 1 63.8619 57.0236
1 18 1 27.3725 17.8224
1 19 1 24.2824 86.7703
1 20 0 49.5641 61.7332
2 1 0 20.8281 31.2685
2 3 1 62.1972 49.8332
2 4 1 25.9996 20.3239
2 5 1 90.7054 88.6802
2 6 0 18.4086 42.5073
2 7 1 98.5775 72.0734
2 8 1 33.3503 35.2729
2 9 0 86.925 18.434
2 10 1 60.3469 45.9602
2 11 1 27.2767 26.5752
2 12 1 39.5095 31.3762
2 13 0 91.3498 49.1518
2 14 1 35.6316 72.8152
2 15 1 81.1088 97.8148
2 16 1 65.3408 64.2591
2 17 1 50.3892 53.1154
2 18 1 47.73 67.6277
2 19 1 54.6402 84.2608
2 20 0 49.403 62.5208
3 1 1 4.85561 38.0611
3 2 1 48.2856 57.6619
3 4 1 34.1145 59.8507
3 5 1 6.48864 81.7784
3 6 1 23.9795 1.50413
3 7 1 85.0333 57.7932
3 8 1 54.5835 37.9934
3 9 1 8.21245 85.7106
3 10 0 3.7335 53.1494
3 11 1 24.7766 10.6374
3 12 1 48.9032 88.7744
3 13 0 20.7456 36.4325
3 14 1 38.2744 72.9998
3 15 0 63.1593 43.966
3 16 0 77.363 63.2812
3 17 1 72.8682 79.9718
3 18 1 20.0471 26.9129
3 19 0 40.219 67.9395
3 20 0 61.0015 36.711
4 1 1 84.9726 46.8162
4 2 1 16.5067 6.86231
4 3 1 59.6069 15.0805
4 5 1 61.1774 47.5723
4 6 1 79.459 8.54667
4 7 1 29.3733 90.9428
4 8 0 27.3382 37.857
4 9 0 72.0807 47.0153
4 10 1 13.401 51.0315
4 11 1 78.5522 92.9575
4 12 1 86.9454 13.3514
4 13 0 48.2291 75.537
4 14 1 47.5302 29.1621
4 15 1 4.80411 48.0178
4 16 0 66.9825 11.6158
4 17 1 92.8819 14.1911
4 18 1 18.0803 65.9859
4 19 1 85.8916 51.7774
4 20 1 17.6179 26.2384
5 1 0 98.2703 98.6763
5 2 0 12.7034 35.7612
5 3 1 30.9141 22.8167
5 4 1 92.0666 58.7426
5 6 1 17.5659 63.1146
5 7 1 3.19695 34.9216
5 8 1 81.2126 78.132
5 9 1 72.7088 27.4468
5 10 0 98.283 23.1596
5 11 1 31.1571 64.6288
5 12 1 30.1188 29.3719
5 13 0 39.4993 41.1711
5 14 1 59.1543 20.4556
5 15 1 74.7933 5.50583
5 16 1 80.49 19.5066
5 17 1 62.9607 64.1136
5 18 0 51.4491 77.3783
5 19 1 39.2399 25.4026
5 20 1 53.3929 97.8575
6 1 1 28.0903 42.8558
6 2 1 62.957 62.1684
6 3 1 15.6738 72.3762
6 4 1 41.6087 39.6268
6 5 1 50.9181 96.163
6 7 1 64.6786 65.8544
6 8 1 16.7943 40.192
6 9 1 61.6646 57.9775
6 10 1 74.7954 16.5005
6 11 1 19.927 6.8283
6 12 1 30.2826 86.7623
6 13 1 35.0258 86.0335
6 14 1 76.4044 4.98235
6 15 1 4.23713 57.7272
6 16 0 17.5679 42.7166
6 17 1 74.5503 61.8109
6 18 1 47.3381 55.9751
6 19 0 42.6716 31.6841
6 20 1 96.9917 59.2615
7 1 1 94.7307 34.5109
7 2 0 2.85 53.8964
7 3 1 57.24 17.4644
7 4 1 74.5297 38.3685
7 5 1 50.5029 94.1002
7 6 1 39.3309 27.5142
7 8 1 28.6728 80.9673
7 9 0 74.0962 36.3359
7 10 0 0.169775 62.9913
7 11 1 31.4845 56.2741
7 12 1 60.0704 99.968
7 13 1 67.7246 53.3267
7 14 1 40.9396 95.2052
7 15 1 64.8529 16.1748
7 16 1 79.3999 14.136
7 17 0 13.2633 99.1337
7 18 1 57.0257 89.8056
7 19 0 60.0167 9.50478
7 20 1 55.0095 66.6745
8 1 1 10.8284 14.2913
8 2 1 21.012 62.3242
8 3 1 11.7079 19.5451
8 4 1 21.0557 20.5543
8 5 0 82.4805 90.9574
8 6 1 90.9115 88.6039
8 7 1 7.43728 86.6437
8 9 1 38.6356 83.603
8 10 1 75.3329 27.5727
8 11 1 81.9014 49.7423
8 12 1 53.1762 23.1528
8 13 0 46.4581 91.6569
8 14 1 96.2069 4.95769
8 15 1 14.6089 68.8424
8 16 1 34.6565 4.08397
8 17 0 35.1926 8.1526
8 18 1 59.5087 59.0233
8 19 1 82.867 89.9024
8 20 1 88.7178 23.8473
9 1 1 73.6217 52.8476
9 2 0 60.3648 7.52205
9 3 1 91.7991 14.8728
9 4 0 31.8768 74.6168
9 5 1 1.3301 73.217
9 6 1 51.6393 63.3758
9 7 1 53.4168 66.5372
9 8 1 79.8564 99.82
9 10 1 44.5336 79.3299
9 11 1 47.1142 93.7927
9 12 1 1.53298 24.2645
9 13 0 32.0049 77.5066
9 14 1 62.4937 98.4567
9 15 1 74.7141 54.9607
9 16 1 58.73 63.4869
9 17 1 49.2344 36.3357
9 18 0 65.036 73.3246
9 19 0 60.7822 57.5377
9 20 1 78.0275 67.5833
10 1 1 15.713 94.3271
10 2 1 21.7201 30.8676
10 3 1 18.0611 97.5523
10 4 1 21.3242 84.6805
10 5 0 95.2801 1.4312
10 6 0 48.9476 13.6281
10 7 0 4.55241 39.8027
10 8 1 17.6487 54.2262
10 9 1 72.6991 25.6654
10 11 1 53.1168 72.0271
10 12 1 7.10584 44.6013
10 13 1 8.97558 80.4183
10 14 1 15.2176 0.477829
10 15 1 62.6203 55.4913
10 16 1 12.3969 35.1979
10 17 1 50.4503 63.8094
10 18 0 52.5028 58.4913
10 19 1 81.2752 13.3433
10 20 1 67.9092 41.5669
11 1 1 22.3213 24.9171
11 2 1 9.03478 91.6247
11 3 1 62.6693 9.10383
11 4 1 49.7605 17.3463
11 5 1 52.647 13.8729
11 6 1 92.554 70.4459
11 7 1 19.4956 20.6646
11 8 1 54.237 20.7833
11 9 1 27.7848 34.0833
11 10 1 92.5398 23.9008
11 12 1 46.2848 60.496
11 13 1 53.3328 84.3096
11 14 1 87.1071 23.8175
11 15 1 19.9796 50.9885
11 16 1 6.79402 52.7529
11 17 1 24.6303 64.2007
11 18 1 75.4641 78.1741
11 19 0 76.8502 49.1487
11 20 1 10.4278 63.1197
12 1 1 24.1614 54.3045
12 2 1 84.3821 23.6574
12 3 1 32.2332 70.9385
12 4 1 54.0536 89.5183
12 5 1 48.0474 72.4804
12 6 1 52.7216 32.4788
12 7 1 92.2815 97.7956
12 8 1 97.6837 85.0796
12 9 1 83.0674 59.0323
12 10 1 55.2418 72.4323
12 11 1 64.4321 57.6566
12 13 1 54.7318 73.8339
12 14 1 84.6483 37.0878
12 15 1 48.1889 10.3872
12 16 1 10.1827 20.0988
12 17 0 1.5987 38.103
12 18 0 60.478 14.7936
12 19 1 71.6143 62.5804
12 20 0 20.1829 75.27
13 1 1 44.0475 35.9008
13 2 1 33.0546 80.4949
13 3 1 11.2194 95.0208
13 4 1 92.4246 56.6734
13 5 1 87.2443 34.8471
13 6 1 16.45 70.7534
13 7 1 51.9216 36.9662
13 8 0 40.173 75.2434
13 9 1 71.2272 94.2983
13 10 1 65.6159 81.4805
13 11 1 84.2489 83.4516
13 12 1 81.8162 29.4383
13 14 1 29.5529 78.4197
13 15 0 97.463 51.8642
13 16 0 15.4092 21.4586
13 17 0 82.7066 99.3755
13 18 1 4.3052 90.3199
13 19 1 38.6537 91.0964
13 20 1 22.296 17.1436
14 1 1 69.343 32.9721
14 2 1 57.4862 33.658
14 3 1 71.9762 20.69
14 4 0 69.2945 9.67568
14 5 0 33.0084 14.787
14 6 1 96.0718 90.9836
14 7 1 61.4002 13.695
14 8 1 67.4044 25.772
14 9 1 49.7635 71.6597
14 10 1 75.01 15.6896
14 11 1 60.1655 72.4532
14 12 1 76.2892 62.8774
14 13 1 89.7058 61.1528
14 15 1 3.67643 95.4333
14 16 0 84.2102 72.9475
14 17 1 74.4026 6.06703
14 18 1 29.6611 10.1038
14 19 1 71.3818 36.1174
14 20 1 14.2415 99.8386
15 1 1 41.5228 19.1336
15 2 0 76.4004 65.8557
15 3 1 66.4837 63.4578
15 4 1 92.8603 68.588
15 5 1 88.4498 88.9029
15 6 1 91.7694 78.718
15 7 1 63.8753 25.1388
15 8 1 96.345 7.55465
15 9 1 99.5761 32.9168
15 10 1 14.2108 36.7505
15 11 1 4.67059 94.8239
15 12 1 36.8462 87.8508
15 13 1 63.2053 28.4169
15 14 1 92.0664 97.6447
15 16 1 20.2549 7.20707
15 17 1 6.53044 84.275
15 18 1 7.03185 69.6197
15 19 0 92.9605 70.978
15 20 1 70.6634 30.1607
16 1 0 70.5304 78.729
16 2 1 93.0511 2.36521
16 3 1 72.3147 42.0732
16 4 1 84.179 83.9631
16 5 1 73.4803 93.0821
16 6 1 92.1121 50.6868
16 7 0 38.1027 8.36019
16 8 1 21.4089 52.9359
16 9 1 28.1962 67.5472
16 10 1 97.291 17.31
16 11 1 10.2178 27.6436
16 12 1 78.5975 52.0548
16 13 0 79.2124 52.1662
16 14 1 21.0398 85.8394
16 15 1 62.7774 6.72719
16 17 1 29.9012 57.324
16 18 0 0.400423 43.4507
16 19 1 80.6906 24.4768
16 20 1 15.3611 9.38519
17 1 1 31.1617 29.1483
17 2 1 13.1268 54.1082
17 3 1 43.2352 26.5252
17 4 1 98.6652 93.9481
17 5 1 3.11853 59.5568
17 6 1 22.816 58.434
17 7 1 19.4343 36.9813
17 8 1 73.6645 47.9717
17 9 1 42.8728 14.5698
17 10 1 85.5003 93.8364
17 11 1 75.9398 35.1268
17 12 1 66.7526 71.5304
17 13 1 11.6597 10.3798
17 14 0 49.2545 41.3916
17 15 1 68.3904 44.2803
17 16 0 86.3739 71.2708
17 18 1 92.2875 95.9534
17 19 0 63.9369 11.4187
17 20 1 79.4909 15.3772
18 1 1 68.9738 49.9977
18 2 0 9.48641 11.0519
18 3 1 86.1657 41.1655
18 4 1 83.1343 43.9881
18 5 0 28.2467 7.84712
18 6 1 53.8743 69.2879
18 7 1 21.0279 86.5077
18 8 0 76.4815 73.5806
18 9 1 4.77696 8.05065
18 10 1 34.4715 13.4419
18 11 0 62.3014 68.9837
18 12 1 84.6532 18.4388
18 13 0 73.3088 44.1003
18 14 1 24.8167 2.8508
18 15 1 38.816 88.1969
18 16 1 87.8838 71.3202
18 17 1 51.444 0.898512
18 19 1 43.6454 10.4342
18 20 0 93.516 31.6815
19 1 1 79.7556 10.3378
19 2 1 10.3947 25.7861
19 3 1 39.2142 15.3885
19 4 1 48.8963 90.266
19 5 1 86.0818 75.5516
19 6 0 56.7552 48.1569
19 7 0 72.4299 9.08144
19 8 1 85.1873 91.1638
19 9 1 74.843 68.7705
19 10 0 58.9322 95.2763
19 11 0 86.8661 56.473
19 12 1 73.97 81.9285
19 13 1 13.7096 81.5202
19 14 1 65.8943 87.1553
19 15 1 77.3894 0.636344
19 16 1 40.6506 8.3875
19 17 1 16.8485 11.0479
19 18 1 39.8065 30.4337
19 20 1 25.74 22.0704
20 1 1 8.59152 18.2568
20 2 0 86.2957 1.29254
20 3 1 40.8087 34.0371
20 4 1 74.6766 86.918
20 5 0 72.5698 91.458
20 6 1 7.63589 82.5524
20 7 0 40.3976 19.4081
20 8 0 36.7519 63.4015
20 9 0 35.3589 91.451
20 10 1 23.2645 77.7795
20 11 1 18.5885 70.1472
20 12 1 88.8937 58.2219
20 13 1 99.4031 70.9816
20 14 1 2.7441 78.7119
20 15 1 20.0091 34.5485
20 16 0 81.998 14.7427
20 17 1 1.42046 66.56
20 18 1 3.19442 94.5141
20 19 1 15.2279 34.7576
23.6804 38.0881 30.9423 33.3851 11.4014 35.6248 34.6984 16.9128 26.618 19.5982 23.9866 23.4524 5.57864 10.6909 30.9904 18.4867 8.78489 10.3432 7.9984 12.7694 