20
300
2
100
1 2 1 42.0939 60.3675
1 3 1 10.2368 11.5176
1 4 1 50.692 72.5331
1 5 0 15.337 17.4503
1 6 0 15.6699 21.1506
1 7 1 92.2991 131.993
1 8 1 64.1517 93.7355
1 9 1 42.4942 45.5846
1 10 1 71.7721 81.6308
1 11 1 5.15476 5.77817
1 12 1 42.9271 61.8019
1 13 1 29.4754 37.8454
1 14 1 55.0464 57.8586
1 15 0 25.0102 29.0423
1 16 1 29.7449 40.835
1 17 1 24.5462 32.7788
1 18 1 79.9898 119.064
1 19 1 7.61517 9.0458
1 20 1 87.5527 100.951
2 1 1 98.0458 130.195
2 3 1 85.7696 126.433
2 4 0 34.277 50.089
2 5 1 48.4864 66.9435
2 6 1 36.9753 43.7091
2 7 1 73.8691 108.344
2 8 1 72.161 74.9022
2 9 1 57.8495 63.4441
2 10 1 52.3303 75.64
2 11 1 37.5602 48.1914
2 12 1 94.2909 104.21
2 13 1 64.656 71.3541
2 14 1 67.7701 85.9726
2 15 1 42.8412 43.3543
2 16 1 27.8054 35.706
2 17 1 84.8115 92.4427
2 18 1 11.4649 16.2894
2 19 1 74.0904 100.327
2 20 1 75.9099 84.4293
3 1 1 22.3665 23.504
3 2 1 95.1685 97.3564
3 4 1 78.823 114.527
3 5 1 96.7748 110.191
3 6 1 95.5407 123.287
3 7 1 30.6372 44.4844
3 8 0 26.9171 34.215
3 9 1 4.57081 4.816
3 10 1 81.4975 109.734
3 11 1 80.3631 100.371
3 12 1 86.4241 100.534
3 13 1 21.5612 24.4107
3 14 0 73.0439 95.0395
3 15 1 78.3323 100.793
3 16 1 4.84063 5.16166
3 17 1 49.9465 66.4214
3 18 1 24.1682 34.333
3 19 1 46.1829 47.2401
3 20 1 67.9317 78.3158
4 1 1 80.1541 116.612
4 2 1 54.2716 68.0753
4 3 1 48.3004 62.1283
4 5 1 18.3059 26.7022
4 6 0 92.3754 130.199
4 7 0 53.0544 60.1702
4 8 1 39.2478 49.5202
4 9 1 38.1872 46.7914
4 10 0 41.5334 60.8587
4 11 1 49.9556 60.0851
4 12 1 32.6047 35.9695
4 13 0 90.4994 111.112
4 14 1 6.02834 7.31
4 15 1 43.4997 55.7008
4 16 1 55.2331 79.5013
4 17 1 75.8096 87.3813
4 18 1 31.6205 41.9294
4 19 1 51.8588 58.8631
4 20 1 99.8418 119.252
5 1 1 87.6573 104.911
5 2 0 90.3166 108.058
5 3 1 21.2956 30.3193
5 4 1 29.7109 37.3413
5 6 1 18.6527 25.876
5 7 1 55.8201 62.5914
5 8 1 21.3579 29.1393
5 9 1 67.5378 81.7889
5 10 1 15.2717 18.2008
5 11 1 74.3019 90.4888
5 12 1 50.4405 73.7207
5 13 1 83.1445 104.569
5 14 0 51.1278 62.2488
5 15 1 38.3152 38.9494
5 16 0 52.0471 62.4439
5 17 1 1.53205 1.65333
5 18 0 38.7272 51.5975
5 19 1 49.1431 65.4446
5 20 1 2.13315 2.87491
6 1 1 88.0456 100.715
6 2 0 14.3849 15.0262
6 3 1 1.67074 2.13628
6 4 1 83.3951 91.8164
6 5 1 63.9794 77.5124
6 7 1 92.6746 111.342
6 8 1 68.7273 82.7218
6 9 1 64.3245 77.0599
6 10 1 56.6447 83.4871
6 11 1 18.1198 22.6262
6 12 0 3.36062 4.78479
6 13 1 51.833 75.815
6 14 1 47.2653 49.7709
6 15 0 36.341 40.7523
6 16 1 94.9579 103.713
6 17 1 74.7191 97.2115
6 18 1 80.1653 113.123
6 19 1 70.6893 101.894
6 20 1 27.1556 31.9188
7 1 0 99.289 141.618
7 2 1 9.55681 11.5858
7 3 1 53.0069 73.2167
7 4 1 8.39988 11.7527
7 5 0 93.4912 107.911
7 6 1 4.59085 6.2814
7 8 1 90.1867 118.048
7 9 1 20.7586 28.0086
7 10 0 71.956 103.939
7 11 1 68.2405 76.2854
7 12 1 58.412 84.2743
7 13 1 9.20227 12.1936
7 14 0 34.7762 43.3559
7 15 1 63.2705 64.9973
7 16 0 30.9936 39.7792
7 17 1 7.41207 10.2555
7 18 1 53.8613 63.0193
7 19 1 81.9701 82.5152
7 20 1 88.413 94.4886
8 1 1 4.33807 6.11977
8 2 1 55.588 78.1037
8 3 1 63.5465 75.4388
8 4 0 86.7541 120.952
8 5 0 56.4366 81.3304
8 6 0 16.7403 22.4895
8 7 1 62.6236 83.6345
8 9 1 2.36095 3.28944
8 10 1 68.3042 92.1766
8 11 1 67.223 91.2985
8 12 0 48.1241 51.9128
8 13 1 76.811 108.63
8 14 1 62.8218 89.8611
8 15 1 80.4153 90.7041
8 16 1 17.3047 25.6237
8 17 1 39.9775 54.7393
8 18 1 83.0747 91.4677
8 19 0 26.2605 26.3366
8 20 1 13.9259 19.0246
9 1 1 66.8236 94.0597
9 2 1 21.3724 24.2653
9 3 1 9.94731 13.8307
9 4 1 20.3438 24.6702
9 5 1 24.5071 36.7263
9 6 1 69.021 89.368
9 7 0 39.651 52.0833
9 8 0 68.4655 77.6492
9 10 1 76.1387 96.8409
9 11 1 51.13 65.7295
9 12 1 17.6078 22.7119
9 13 1 48.0436 67.3915
9 14 1 6.51223 9.25788
9 15 1 62.5075 72.8992
9 16 1 41.6222 52.1853
9 17 1 57.7689 84.6734
9 18 0 37.3536 48.8903
9 19 0 47.4854 60.7528
9 20 1 93.6967 107.851
10 1 1 84.2242 84.9773
10 2 1 0.457309 0.477283
10 3 1 1.46059 1.53744
10 4 1 55.3219 75.6605
10 5 1 34.4866 37.491
10 6 1 88.3042 99.5459
10 7 0 60.1209 83.7882
10 8 1 55.6669 66.882
10 9 0 56.1026 81.3645
10 11 1 66.2051 67.0202
10 12 1 9.46634 12.3326
10 13 1 91.4747 101.901
10 14 1 70.2189 88.9702
10 15 1 20.4419 22.2571
10 16 1 15.4029 19.6557
10 17 1 94.8372 126.203
10 18 1 87.5926 124.478
10 19 0 17.8721 19.225
10 20 0 90.5809 135.054
11 1 1 90.9888 119.908
11 2 1 83.8216 119.044
11 3 0 68.8139 96.6399
11 4 1 88.816 91.8502
11 5 1 81.7303 112.095
11 6 1 91.3718 106.946
11 7 1 41.1669 51.5858
11 8 1 3.84508 4.42594
11 9 1 51.6353 72.228
11 10 1 20.6991 26.6153
11 12 1 0.725924 1.04804
11 13 1 94.9935 109.711
11 14 0 47.9497 60.3621
11 15 1 28.534 39.6708
11 16 1 73.6619 105.633
11 17 1 84.3855 121.98
11 18 1 70.5978 87.7993
11 19 1 86.0782 123.182
11 20 0 35.9246 49.166
12 1 1 16.512 22.7529
12 2 1 49.1094 70.4846
12 3 0 60.7616 75.7169
12 4 1 76.3871 96.8087
12 5 1 0.602172 0.665007
12 6 1 36.3089 44.7613
12 7 0 67.581 70.7503
12 8 1 74.3168 85.2813
12 9 1 25.7414 28.5409
12 10 1 85.9877 112.455
12 11 1 29.819 35.0755
12 13 1 90.3358 133.481
12 14 1 16.2662 23.5935
12 15 1 34.6907 47.2005
12 16 0 18.9446 22.9758
12 17 1 98.5253 115.574
12 18 1 52.051 58.0051
12 19 1 61.0454 77.0771
12 20 0 12.4546 16.8237
13 1 1 42.7253 50.4117
13 2 1 68.0903 84.4204
13 3 1 2.60832 3.84265
13 4 1 73.1968 101.734
13 5 1 38.0503 50.0932
13 6 1 93.4476 96.2765
13 7 0 36.8101 42.7834
13 8 1 96.396 132.096
13 9 1 43.3724 62.8513
13 10 1 82.3156 122.491
13 11 1 86.1627 101.461
13 12 1 90.3126 101.825
13 14 1 51.0649 75.4034
13 15 1 87.7992 99.2874
13 16 1 11.845 15.4137
13 17 1 96.8574 107.842
13 18 1 93.8574 123.94
13 19 1 28.3324 40.9056
13 20 1 84.0363 115.329
14 1 1 36.4127 49.9792
14 2 1 3.01623 4.38859
14 3 0 82.9534 86.3486
14 4 1 34.6607 43.4963
14 5 1 43.1868 55.6102
14 6 1 61.899 89.3108
14 7 1 41.3397 60.723
14 8 1 75.4786 85.0052
14 9 1 25.1843 32.7986
14 10 0 11.6315 16.8656
14 11 0 63.1123 75.8929
14 12 0 77.575 90.5133
14 13 1 81.148 113.093
14 15 1 35.1886 40.3682
14 16 1 38.4944 50.6225
14 17 1 55.1963 78.5201
14 18 0 5.75317 8.0533
14 19 1 94.2679 113.294
14 20 1 82.3558 95.5217
15 1 0 1.85271 2.59389
15 2 1 39.9061 55.9225
15 3 1 90.9213 120.112
15 4 0 83.4297 109.886
15 5 1 60.1652 79.9799
15 6 1 69.1863 88.1281
15 7 0 85.2044 87.7484
15 8 0 87.5297 89.2087
15 9 1 77.769 90.8472
15 10 1 23.1612 24.96
15 11 1 76.9334 90.7902
15 12 0 10.639 11.6666
15 13 0 25.6309 31.6999
15 14 0 54.0088 54.8924
15 16 1 78.1989 115.89
15 17 0 69.6048 69.67
15 18 1 24.673 33.3206
15 19 1 9.31752 12.2458
15 20 1 60.9673 72.7174
16 1 1 35.5283 36.8433
16 2 0 72.499 102.42
16 3 1 97.6055 125.503
16 4 0 80.8644 103.613
16 5 0 3.82916 4.96336
16 6 1 88.079 110.227
16 7 1 29.8751 41.5256
16 8 1 54.1581 56.5183
16 9 1 7.75139 10.7054
16 10 1 31.8949 47.6745
16 11 1 45.8668 62.5019
16 12 1 47.9843 50.8223
16 13 1 47.2965 66.4529
16 14 1 54.4769 65.4738
16 15 1 63.8551 69.3371
16 17 1 99.6077 126.046
16 18 1 53.5578 60.0745
16 19 1 55.5734 82.267
16 20 1 75.5531 92.0355
17 1 1 3.17584 3.66321
17 2 1 50.2049 69.0114
17 3 1 88.8664 92.4765
17 4 0 93.0574 95.98
17 5 0 10.7788 14.6948
17 6 0 6.72609 9.1162
17 7 0 13.0646 13.652
17 8 0 77.5869 84.4116
17 9 1 45.8167 52.2853
17 10 1 91.477 126.939
17 11 1 81.4321 110.128
17 12 1 58.8288 60.7546
17 13 0 24.2273 28.9707
17 14 1 68.8601 87.777
17 15 0 56.7126 58.6365
17 16 1 96.5787 97.4763
17 18 1 14.3441 19.6064
17 19 1 9.7192 13.38
17 20 1 28.9463 30.8163
18 1 1 15.176 17.5994
18 2 1 37.3612 42.6733
18 3 1 45.3185 61.2747
18 4 1 2.77838 3.54741
18 5 0 97.1134 138.076
18 6 1 76.3596 113.153
18 7 0 50.6338 64.7645
18 8 1 33.4394 49.6399
18 9 1 77.2233 81.3449
18 10 1 53.4058 73.4103
18 11 1 20.6846 30.7211
18 12 1 27.297 28.7458
18 13 1 45.3744 47.0889
18 14 1 79.8283 101.229
18 15 1 45.4424 51.4977
18 16 0 66.7217 83.039
18 17 1 78.4544 116.394
18 19 1 96.2998 103.28
18 20 0 11.5696 15.3211
19 1 0 30.128 35.7551
19 2 1 61.1143 83.7518
19 3 1 58.3296 61.9704
19 4 1 73.6307 76.4921
19 5 1 67.5822 76.9872
19 6 0 65.9042 67.9115
19 7 1 35.8155 43.4662
19 8 1 56.5943 81.3268
19 9 0 44.3231 49.1515
19 10 1 72.4321 73.2272
19 11 1 38.379 44.9073
19 12 1 85.0366 109.714
19 13 1 78.9034 93.0842
19 14 1 52.5846 59.5026
19 15 1 91.3068 126.161
19 16 1 89.8294 94.4757
19 17 1 15.7542 18.5251
19 18 1 60.189 76.796
19 20 1 22.8538 24.0587
20 1 1 97.9558 132.027
20 2 0 19.2809 19.8269
20 3 0 75.9257 89.192
20 4 1 96.159 135.281
20 5 1 62.4721 79.4146
20 6 1 43.3794 56.9292
20 7 0 50.3681 64.3511
20 8 0 58.2023 59.975
20 9 1 54.2675 71.3386
20 10 1 44.6228 49.3955
20 11 0 73.467 98.7078
20 12 1 59.6648 70.8545
20 13 0 5.82523 7.0161
20 14 1 41.449 47.2842
20 15 1 4.63697 5.953
20 16 1 54.3705 75.952
20 17 1 31.6127 32.1399
20 18 0 93.0443 109.042
20 19 1 6.47037 6.68882
5.37662 36.3664 33.111 39.5666 14.4524 39.6795 12.33 18.7251 35.5667 0.526973 3.66823 35.0467 11.37 38.457 8.42985 12.5103 17.4139 4.93087 33.5207 39.3105 