20
100
5
50
1 2 1 81.1905 89.9902
1 3 0 54.931 68.0207
1 4 1 56.0417 77.9181
1 5 0 98.0215 117.759
1 6 0 81.2075 87.5969
1 7 0 24.8943 27.1386
1 8 0 39.0659 51.6319
1 9 1 44.1622 57.1817
1 10 0 39.2586 48.0902
1 11 1 78.4263 100.089
1 12 1 57.283 79.2235
1 13 0 82.5231 101.296
1 14 0 26.8463 36.5557
1 15 1 73.2694 74.7651
1 16 0 20.1874 27.155
1 17 1 18.2921 20.1493
1 18 1 85.5669 127.925
1 19 1 18.5772 21.7188
1 20 0 1.40735 1.62809
2 1 0 34.783 45.2366
2 3 1 7.17793 7.21527
2 4 0 94.8565 130.688
2 5 0 10.3719 14.2615
2 6 1 67.9363 86.1076
2 7 0 52.3521 52.5729
2 8 0 53.3908 78.4272
2 9 0 47.183 57.6919
2 10 0 36.7315 51.7862
2 11 0 9.39836 9.55085
2 12 0 75.1684 107.135
2 13 1 13.392 13.5781
2 14 0 15.2674 22.7206
2 15 0 21.1312 21.9683
2 16 0 46.2546 64.6699
2 17 0 11.6557 13.8809
2 18 0 73.2271 96.4314
2 19 0 72.7463 76.6993
2 20 0 86.5162 102.118
3 1 0 53.4057 73.4949
3 2 0 53.8365 78.4567
3 4 1 52.9203 65.7716
3 5 0 59.4308 85.222
3 6 1 26.7577 36.9787
3 7 0 46.8241 60.1498
3 8 0 48.8564 62.2932
3 9 0 30.4596 33.0204
3 10 0 6.78088 8.05038
3 11 0 11.4393 13.5406
3 12 1 29.2906 36.06
3 13 0 26.719 32.0845
3 14 0 25.8296 32.3807
3 15 0 51.5466 72.3863
3 16 0 85.5688 113.037
3 17 0 91.7929 110.089
3 18 1 35.0301 41.7544
3 19 0 35.1742 50.682
3 20 0 61.0069 73.8004
4 1 0 54.5383 70.6596
4 2 1 15.8775 19.0273
4 3 1 89.8941 130.377
4 5 1 97.2337 137.182
4 6 0 4.36469 4.66485
4 7 0 88.1126 105.946
4 8 1 7.07077 7.81027
4 9 0 66.6332 71.8924
4 10 1 56.0457 56.505
4 11 1 91.4104 93.1079
4 12 1 23.5771 31.1977
4 13 0 55.5113 65.2166
4 14 0 80.3392 103.184
4 15 0 58.274 68.5842
4 16 0 39.4054 49.1719
4 17 0 38.4569 48.374
4 18 0 14.8799 18.6181
4 19 0 51.7048 54.7007
4 20 1 73.2227 102.923
5 1 1 77.4494 101.97
5 2 0 27.823 28.0328
5 3 0 44.1526 58.8326
5 4 0 18.5865 25.8364
5 6 1 97.2808 111.107
5 7 0 44.3039 49.3273
5 8 0 12.1092 12.8334
5 9 0 4.32195 5.776
5 10 0 14.8784 17.4657
5 11 1 44.1668 46.2519
5 12 0 61.7916 83.966
5 13 0 83.0482 87.7986
5 14 1 86.1931 128.873
5 15 1 53.8004 59.124
5 16 0 16.504 19.3924
5 17 0 19.5312 27.8424
5 18 0 1.85928 2.04526
5 19 0 50.4736 71.5551
5 20 0 11.8119 16.1259
6 1 1 31.7975 37.0008
6 2 0 60.649 69.3627
6 3 0 73.3898 105.029
6 4 0 22.7333 29.3589
6 5 0 84.5669 89.556
6 7 1 82.5565 94.7539
6 8 0 62.0426 89.7182
6 9 0 79.8396 101.625
6 10 0 83.0668 102.938
6 11 0 77.3026 112.985
6 12 0 78.5059 88.0846
6 13 1 64.2628 82.8697
6 14 1 52.7926 75.7868
6 15 0 88.9324 105.068
6 16 1 60.804 81.5241
6 17 0 25.16 33.3432
6 18 0 47.8736 54.1363
6 19 0 63.615 75.0952
6 20 0 97.2629 136.303
7 1 0 28.3847 40.8513
7 2 0 38.9749 49.0338
7 3 0 86.5558 115.088
7 4 1 55.7901 64.734
7 5 1 51.5063 65.3212
7 6 0 97.6596 113.123
7 8 1 32.2287 34.337
7 9 0 16.2063 22.4839
7 10 0 66.083 75.3885
7 11 0 68.0598 100.914
7 12 0 59.7907 79.0179
7 13 0 73.9772 101.989
7 14 1 63.3191 86.6478
7 15 0 6.04548 6.60491
7 16 0 20.1868 29.3846
7 17 0 57.642 68.695
7 18 0 3.75527 4.89002
7 19 0 48.4157 59.6007
7 20 0 8.62177 10.722
8 1 0 8.46892 9.7673
8 2 0 5.7803 7.06161
8 3 0 19.3542 26.6066
8 4 0 22.9297 26.6623
8 5 0 4.59664 5.19942
8 6 0 23.543 34.9501
8 7 0 33.7581 41.2047
8 9 1 43.0465 55.9051
8 10 0 92.7721 99.2572
8 11 0 61.1879 78.4148
8 12 0 42.6587 56.7057
8 13 0 96.0749 144.001
8 14 0 60.4733 73.3932
8 15 0 30.2752 35.5791
8 16 1 76.7577 102.636
8 17 0 20.0394 22.2311
8 18 0 86.823 117.459
8 19 0 28.1393 29.8134
8 20 1 58.4321 82.3082
9 1 0 79.0039 80.1677
9 2 1 1.73721 2.60404
9 3 0 88.7302 102.427
9 4 0 65.2034 90.3869
9 5 1 86.2408 112.924
9 6 0 2.90993 4.03538
9 7 0 85.7476 93.4862
9 8 1 74.6371 106.552
9 10 1 25.7378 30.9617
9 11 0 34.0518 46.0188
9 12 0 5.62865 7.23076
9 13 1 71.9038 84.6105
9 14 0 24.263 24.495
9 15 0 86.8868 118.545
9 16 0 60.1014 83.0452
9 17 0 30.0981 38.0047
9 18 0 7.15916 9.79246
9 19 0 49.451 68.6789
9 20 0 86.1192 88.5866
10 1 0 36.1897 37.5732
10 2 1 0.678055 0.731443
10 3 0 25.9392 28.5357
10 4 1 99.8043 122.196
10 5 0 42.0663 53.317
10 6 0 36.0854 45.8751
10 7 0 10.9821 11.017
10 8 0 87.048 97.2325
10 9 0 69.2813 88.2364
10 11 1 87.2631 106.614
10 12 0 41.7108 42.7904
10 13 0 89.947 107.286
10 14 1 60.4049 86.1767
10 15 0 40.3823 55.3424
10 16 0 67.3665 87.4734
10 17 0 2.24565 2.95417
10 18 0 76.4626 92.5167
10 19 1 67.9274 101.778
10 20 0 97.2285 135.852
11 1 0 92.4192 133.536
11 2 1 30.6914 40.5521
11 3 0 5.10261 6.79073
11 4 0 3.47302 4.74054
11 5 1 63.1066 92.1034
11 6 1 87.7313 104.16
11 7 0 5.83269 8.24986
11 8 0 32.5157 47.2817
11 9 1 10.7695 14.8732
11 10 1 24.1472 33.4748
11 12 1 80.4526 89.7014
11 13 1 10.6376 12.0379
11 14 0 66.3797 69.8008
11 15 0 3.89971 5.33248
11 16 0 72.8256 106.742
11 17 0 70.9724 88.989
11 18 0 34.0127 35.1051
11 19 0 33.5387 42.9846
11 20 0 57.6551 86.424
12 1 0 24.0144 33.0978
12 2 1 44.0253 50.7497
12 3 0 88.6698 132.398
12 4 0 29.3195 42.4094
12 5 0 13.992 14.5523
12 6 0 78.8058 116.265
12 7 0 85.4412 91.1411
12 8 0 15.0904 19.8295
12 9 1 67.1161 69.6847
12 10 1 75.1098 84.6562
12 11 0 46.5523 51.0522
12 13 1 48.8376 53.6977
12 14 0 31.3185 43.4285
12 15 0 9.6342 10.5828
12 16 0 10.9999 14.6501
12 17 0 91.7148 111.13
12 18 0 38.6023 52.1577
12 19 0 71.6248 89.6273
12 20 0 66.1961 98.0593
13 1 0 1.39841 1.60814
13 2 0 18.7509 26.7193
13 3 0 55.6734 78.7151
13 4 0 37.9955 41.6234
13 5 0 96.3111 130.627
13 6 0 51.89 71.2203
13 7 1 90.0781 113.042
13 8 1 54.7759 55.6149
13 9 0 35.5512 36.5192
13 10 0 39.366 43.1225
13 11 0 9.04398 12.1518
13 12 1 59.5723 82.5577
13 14 1 17.7288 22.8415
13 15 0 79.0421 79.9307
13 16 1 19.7425 21.182
13 17 0 5.08333 5.93855
13 18 0 70.388 101.076
13 19 1 0.742424 1.07105
13 20 0 25.454 33.5022
14 1 0 6.77649 7.63998
14 2 0 53.0087 74.8275
14 3 0 45.1403 61.2198
14 4 0 59.7572 62.1779
14 5 0 16.6238 18.5856
14 6 1 72.9095 96.2443
14 7 1 11.4694 14.9084
14 8 0 51.1281 57.6483
14 9 0 69.907 104.37
14 10 0 82.1884 110.692
14 11 0 64.2839 74.4398
14 12 0 91.5231 129.949
14 13 0 10.7691 12.4963
14 15 1 73.513 109.045
14 16 0 61.4321 87.392
14 17 0 89.4807 132.862
14 18 1 52.8991 59.4325
14 19 0 79.4 112.676
14 20 1 89.4025 110.682
15 1 0 12.1211 16.6487
15 2 0 5.6853 7.57609
15 3 0 47.7588 57.5982
15 4 0 88.4633 117.191
15 5 0 68.577 100.08
15 6 1 77.9155 93.2741
15 7 0 3.01421 3.42525
15 8 0 40.1236 57.0452
15 9 0 76.031 107.044
15 10 0 65.0348 65.3439
15 11 0 56.7466 59.8434
15 12 0 21.9254 24.1995
15 13 1 0.630176 0.760572
15 14 1 40.5529 60.3227
15 16 1 75.144 95.3549
15 17 0 82.4377 113.249
15 18 0 61.7812 78.7861
15 19 0 45.7138 49.2359
15 20 0 26.2265 31.1972
16 1 0 57.4778 69.5436
16 2 0 99.8665 140.497
16 3 0 42.4436 58.4294
16 4 0 23.6036 26.6314
16 5 0 56.3599 63.9066
16 6 0 44.6704 61.4618
16 7 0 99.5623 130.653
16 8 0 74.9314 101.26
16 9 0 56.1306 72.6743
16 10 1 33.7115 49.9335
16 11 0 3.03991 3.65777
16 12 0 41.5085 59.7834
16 13 1 72.7047 88.9561
16 14 0 8.02089 10.7846
16 15 0 29.1884 42.5788
16 17 1 2.21605 2.51332
16 18 0 67.8749 80.6684
16 19 1 14.1408 17.8205
16 20 1 45.1063 49.1442
17 1 0 78.8503 84.1666
17 2 0 79.233 87.2792
17 3 0 83.9564 124.555
17 4 0 37.341 48.4936
17 5 1 88.8544 90.8473
17 6 0 48.7246 69.3535
17 7 0 51.3446 53.1123
17 8 0 20.157 25.061
17 9 1 88.228 92.0169
17 10 0 15.6038 19.3669
17 11 0 73.6451 89.7914
17 12 0 59.1386 76.0355
17 13 0 71.0703 95.699
17 14 0 75.6805 79.8099
17 15 1 86.6804 102.145
17 16 0 12.2476 14.9039
17 18 1 5.89239 8.61815
17 19 0 6.82164 7.12095
17 20 0 42.9557 57.8603
18 1 0 73.3004 99.8443
18 2 1 29.1339 41.7763
18 3 0 57.0009 71.4207
18 4 1 33.3927 41.2458
18 5 0 51.4885 58.3456
18 6 1 96.7557 125.005
18 7 0 14.3297 17.2992
18 8 0 75.4273 93.3339
18 9 0 84.2869 96.053
18 10 0 52.5771 62.2568
18 11 0 31.7423 44.8106
18 12 1 38.6763 42.7801
18 13 0 33.0491 37.8799
18 14 0 0.27164 0.390034
18 15 0 38.8279 47.7062
18 16 0 65.4483 85.8951
18 17 0 30.3445 41.9118
18 19 1 56.1902 66.3964
18 20 1 7.07155 7.60433
19 1 1 14.5014 16.4817
19 2 0 15.3065 19.6507
19 3 1 36.3653 45.3579
19 4 1 63.1353 65.5537
19 5 0 99.253 144.317
19 6 0 37.6753 38.4105
19 7 0 93.5265 121.02
19 8 0 40.7869 59.9672
19 9 0 24.8579 29.7681
19 10 0 47.4725 48.1963
19 11 0 53.5727 60.844
19 12 0 65.8945 70.3875
19 13 0 81.0123 98.8062
19 14 0 55.2777 58.587
19 15 0 71.1501 87.9265
19 16 1 31.599 34.982
19 17 0 90.1035 110.782
19 18 0 11.1189 13.7562
19 20 1 64.9113 82.618
20 1 1 20.7388 25.9862
20 2 0 73.2737 78.543
20 3 0 87.4622 127.117
20 4 0 9.29431 9.64696
20 5 0 88.1143 119.309
20 6 0 81.5889 111.551
20 7 0 88.7398 89.4142
20 8 0 34.8623 49.9095
20 9 1 81.4316 122.051
20 10 0 31.5014 43.5019
20 11 1 17.0097 19.5616
20 12 0 2.65731 3.13479
20 13 0 68.7388 80.6842
20 14 0 19.815 25.2472
20 15 0 83.5064 123.879
20 16 0 54.4138 64.9042
20 17 0 95.0021 113.791
20 18 0 93.5274 105.226
20 19 0 64.2405 77.2914
8.10824 2.81792 26.1585 31.7614 31.8191 12.6728 6.84969 26.5446 10.0553 35.5238 39.4046 13.7971 8.11603 0.804304 13.3028 27.2716 9.40021 39.7676 27.1453 39.1441 