20
100
2
50
1 2 1 91.7289 113.189
1 3 0 26.2667 33.3674
1 4 0 30.5514 35.0218
1 5 0 29.0437 33.3821
1 6 0 37.3735 50.0355
1 7 0 11.9914 15.4928
1 8 0 59.154 60.5923
1 9 0 76.8736 97.3229
1 10 0 45.669 58.6217
1 11 0 55.0168 76.9606
1 12 0 83.93 102.369
1 13 0 35.8993 53.5292
1 14 1 23.9865 28.3941
1 15 1 2.03738 2.56935
1 16 0 61.5069 76.25
1 17 0 30.9602 34.585
1 18 1 36.3434 39.5554
1 19 0 36.4449 39.4035
1 20 0 16.2323 18.543
2 1 1 66.5029 77.5566
2 3 1 6.79701 9.94194
2 4 0 2.12568 2.23636
2 5 1 15.6984 18.9967
2 6 0 55.5812 80.4524
2 7 0 88.4646 100.14
2 8 0 31.2754 32.8471
2 9 0 38.5576 50.9168
2 10 0 63.969 67.5448
2 11 0 37.0355 40.5159
2 12 0 16.6511 23.1523
2 13 0 16.9159 23.1323
2 14 1 31.4939 44.0843
2 15 0 47.7019 52.0235
2 16 0 19.7758 28.9921
2 17 0 30.5391 31.3001
2 18 0 15.6373 16.7439
2 19 0 17.5216 24.6422
2 20 1 29.1919 42.5811
3 1 0 7.35582 10.1761
3 2 0 94.8832 98.9244
3 4 1 85.6898 105.226
3 5 1 68.1261 78.9974
3 6 1 53.3233 70.5356
3 7 1 4.93239 6.99679
3 8 0 87.7318 106.409
3 9 0 98.7236 129.524
3 10 0 64.2485 96.1874
3 11 0 79.3539 79.5259
3 12 1 8.56513 11.7181
3 13 0 73.5679 98.3921
3 14 0 28.9093 30.6421
3 15 0 36.1798 50.139
3 16 0 0.329118 0.476761
3 17 0 2.57731 3.843
3 18 0 73.2895 87.4369
3 19 0 13.9377 18.6309
3 20 0 39.1029 49.0292
4 1 0 26.4877 34.5326
4 2 1 3.87308 4.23826
4 3 0 48.6947 54.8921
4 5 1 49.216 69.4731
4 6 0 62.7958 73.2116
4 7 0 71.6858 94.3033
4 8 0 94.8432 119.758
4 9 0 56.071 68.3783
4 10 1 27.301 38.7128
4 11 0 34.1745 35.4251
4 12 0 85.0024 100.169
4 13 0 78.9466 112.756
4 14 1 22.6855 25.9209
4 15 1 29.2209 35.9447
4 16 1 50.2201 67.2435
4 17 0 76.1725 106.913
4 18 1 57.2134 69.8633
4 19 0 37.1903 48.7224
4 20 1 8.27648 8.66128
5 1 1 75.8264 84.0179
5 2 0 73.9499 103.751
5 3 0 23.6125 28.6168
5 4 0 88.7488 110.782
5 6 1 55.4572 62.2159
5 7 1 55.824 57.8041
5 8 0 44.6467 49.725
5 9 0 85.4929 114.595
5 10 0 78.9286 85.4549
5 11 1 52.3644 53.3486
5 12 1 17.9493 24.6534
5 13 0 28.5617 29.2045
5 14 1 0.304513 0.344638
5 15 0 77.1716 90.447
5 16 0 25.8462 30.006
5 17 1 34.7169 36.8091
5 18 0 7.85957 11.4486
5 19 0 95.8247 105.035
5 20 0 72.7766 87.6348
6 1 0 96.3756 105.04
6 2 0 77.8782 115.143
6 3 0 85.5393 116.438
6 4 0 68.4132 77.7084
6 5 0 55.2762 68.5467
6 7 1 7.98137 8.73342
6 8 0 83.3092 95.6969
6 9 0 24.0576 25.5904
6 10 0 84.8088 119.408
6 11 1 42.8812 50.3609
6 12 0 28.0707 41.3521
6 13 1 58.6846 68.5566
6 14 0 75.3381 81.3928
6 15 0 8.79958 10.3986
6 16 1 94.5986 107.243
6 17 1 13.2569 16.8467
6 18 0 94.4157 114.96
6 19 0 68.9173 77.607
6 20 0 37.5244 42.635
7 1 0 69.4374 102.227
7 2 0 53.3195 75.7912
7 3 0 93.2831 131.056
7 4 0 59.071 80.017
7 5 0 1.38742 1.49649
7 6 0 27.0414 30.7555
7 8 1 93.4959 130.256
7 9 0 71.6564 98.9756
7 10 0 59.1634 80.2359
7 11 0 28.4519 34.8364
7 12 0 25.7171 38.1226
7 13 0 88.9621 89.0675
7 14 0 82.025 109.194
7 15 0 18.3366 25.7544
7 16 0 46.3156 50.06
7 17 0 53.1545 75.7776
7 18 0 59.9971 87.7953
7 19 0 42.7272 47.0984
7 20 0 73.8391 104.889
8 1 1 99.4117 140.481
8 2 0 97.1067 106.371
8 3 0 33.857 50.1139
8 4 0 87.0101 130.201
8 5 0 84.9273 109.711
8 6 0 31.2203 37.0458
8 7 0 52.5152 60.5082
8 9 1 16.8316 21.3358
8 10 0 30.4378 30.9494
8 11 0 95.1633 98.8762
8 12 1 85.4378 92.8501
8 13 0 19.4975 25.4662
8 14 0 63.3728 88.8475
8 15 1 78.1006 117.062
8 16 0 18.369 25.3115
8 17 0 71.0305 75.6718
8 18 0 44.4648 56.805
8 19 0 67.3818 81.712
8 20 1 5.02132 5.07688
9 1 0 70.4506 91.4931
9 2 0 7.47728 11.1475
9 3 1 28.1828 40.9353
9 4 0 9.4915 11.5834
9 5 0 41.4968 42.3597
9 6 0 30.4023 41.6997
9 7 0 55.8629 72.378
9 8 0 86.4111 102.919
9 10 1 60.7861 82.2598
9 11 0 11.3118 12.9073
9 12 0 87.231 94.674
9 13 0 17.8473 20.3321
9 14 0 30.7495 38.3288
9 15 1 65.9402 76.3179
9 16 1 18.9134 26.0476
9 17 0 50.0236 50.6293
9 18 1 10.194 13.8166
9 19 0 5.0811 5.83903
9 20 0 77.3001 79.8755
10 1 0 42.6091 59.8425
10 2 0 92.2512 109.439
10 3 0 4.72687 5.80476
10 4 0 12.3948 17.1705
10 5 0 81.6929 83.3711
10 6 1 54.6814 66.2939
10 7 1 56.7334 61.4867
10 8 0 19.0666 27.6946
10 9 0 34.9493 38.2304
10 11 1 11.9887 15.0508
10 12 0 21.0937 30.0822
10 13 0 76.1373 81.6965
10 14 0 19.1648 19.5538
10 15 0 30.4874 33.8799
10 16 0 21.3329 23.7901
10 17 0 6.26883 8.07509
10 18 1 55.7242 70.8364
10 19 0 67.1418 78.187
10 20 0 42.5677 55.0364
11 1 1 3.37198 4.29088
11 2 1 59.7556 64.4321
11 3 0 6.37265 6.3735
11 4 0 39.7542 50.0891
11 5 0 41.6112 59.0153
11 6 0 90.2309 127.765
11 7 0 99.9973 119.547
11 8 0 34.162 34.3756
11 9 0 59.7136 61.0964
11 10 0 71.1106 83.9551
11 12 1 94.2147 125.135
11 13 0 23.6527 35.028
11 14 0 82.7146 89.2275
11 15 0 88.6923 107.276
11 16 1 57.8354 68.4806
11 17 1 51.9412 59.5955
11 18 0 93.0375 134.181
11 19 0 72.9375 90.2114
11 20 1 88.1498 129.703
12 1 1 71.7926 102.889
12 2 0 55.5774 61.4588
12 3 0 48.8504 69.3977
12 4 0 2.8725 3.95513
12 5 1 90.8127 106.205
12 6 0 14.9836 20.0039
12 7 1 86.1192 122.33
12 8 0 98.0191 111.69
12 9 0 40.1022 41.177
12 10 0 55.5676 80.4953
12 11 0 39.1517 41.72
12 13 1 70.6205 96.8298
12 14 1 1.823 2.35225
12 15 0 85.0564 103.146
12 16 0 88.6272 98.984
12 17 1 91.9499 107.385
12 18 0 43.437 61.3225
12 19 0 24.8919 33.5907
12 20 0 30.572 38.62
13 1 0 60.178 71.7331
13 2 0 26.4506 39.1304
13 3 0 23.2879 32.6673
13 4 0 32.8179 37.2198
13 5 1 97.7168 140.984
13 6 1 56.8004 79.5867
13 7 0 18.0758 25.7296
13 8 0 6.42716 7.65005
13 9 0 55.98 72.7352
13 10 0 46.2981 55.3847
13 11 0 18.3351 21.7521
13 12 0 84.6142 86.9989
13 14 1 50.8707 52.6577
13 15 0 99.5784 144.7
13 16 1 11.4049 16.5404
13 17 0 21.2727 23.3252
13 18 0 11.3845 15.4281
13 19 0 30.8107 33.3545
13 20 0 69.6378 84.2292
14 1 0 57.4785 85.66
14 2 1 82.2267 90.4562
14 3 0 23.9229 23.9693
14 4 1 60.9401 86.1633
14 5 0 2.23527 2.3984
14 6 1 41.3295 44.1934
14 7 0 84.4727 114.303
14 8 0 71.932 78.5958
14 9 0 28.8387 29.2684
14 10 0 89.6475 122.628
14 11 1 96.7629 109.743
14 12 0 51.6648 55.4718
14 13 1 20.4556 22.6389
14 15 1 40.056 52.1491
14 16 1 32.6423 38.354
14 17 1 83.5195 112.569
14 18 0 22.24 30.0439
14 19 0 87.3137 101.168
14 20 0 64.7492 92.8902
15 1 0 47.4649 57.3738
15 2 0 22.5968 32.0444
15 3 1 71.8353 83.1611
15 4 0 5.6879 8.09718
15 5 0 11.1722 12.4569
15 6 0 72.8381 103.246
15 7 0 39.9581 55.9286
15 8 0 5.19044 5.39757
15 9 1 31.2238 45.6859
15 10 1 76.4354 88.6894
15 11 0 2.26134 3.2829
15 12 1 54.1789 62.6844
15 13 0 69.6237 90.9466
15 14 0 56.5021 74.9805
15 16 1 10.1443 11.1597
15 17 0 78.5874 111.251
15 18 0 19.8515 25.0452
15 19 1 94.1439 103.329
15 20 0 21.6443 21.7687
16 1 0 93.5122 104.711
16 2 0 93.4304 105.701
16 3 0 27.2135 36.5822
16 4 0 68.1949 83.7856
16 5 1 28.0056 38.8169
16 6 0 82.3676 84.9352
16 7 0 28.3794 34.6827
16 8 0 16.9497 19.9382
16 9 0 62.3533 65.9711
16 10 0 80.5708 98.3134
16 11 1 78.937 80.8658
16 12 0 71.3363 79.3075
16 13 0 5.81736 5.86004
16 14 0 84.7633 122.561
16 15 0 36.4606 47.6204
16 17 1 73.2442 81.5535
16 18 1 18.6176 26.6613
16 19 0 6.42615 6.8682
16 20 0 10.1785 11.2776
17 1 0 76.3003 97.4873
17 2 0 6.36874 9.24227
17 3 1 4.23159 5.57306
17 4 0 43.1713 50.6666
17 5 0 84.8376 99.6967
17 6 1 80.44 119.475
17 7 0 49.2028 69.9487
17 8 0 54.1894 60.0084
17 9 0 28.1731 36.9736
17 10 0 89.2846 106.015
17 11 0 49.5514 72.5966
17 12 0 10.2331 10.8403
17 13 0 20.3955 24.7754
17 14 0 66.7298 81.2113
17 15 0 52.8085 73.0027
17 16 0 95.8585 131.537
17 18 1 4.35362 4.55915
17 19 1 91.1201 134.847
17 20 0 77.7999 112.494
18 1 0 87.8234 91.602
18 2 0 6.77852 8.38737
18 3 0 47.7474 71.3539
18 4 0 26.5578 36.5913
18 5 0 53.107 79.5135
18 6 0 72.4004 74.5574
18 7 1 39.385 55.7181
18 8 0 5.9371 8.56429
18 9 0 22.9853 34.1696
18 10 1 62.043 85.5019
18 11 0 60.5059 73.9372
18 12 0 28.9466 37.8318
18 13 0 70.4472 72.5931
18 14 0 51.5763 69.9393
18 15 0 46.2043 60.7833
18 16 0 66.1607 73.7974
18 17 0 56.0226 57.2731
18 19 1 66.0657 77.3965
18 20 0 29.7076 37.0005
19 1 0 94.0945 121.527
19 2 0 33.9835 38.1933
19 3 0 35.7844 48.4577
19 4 0 55.87 80.7953
19 5 0 94.8788 133.724
19 6 1 94.5724 130.863
19 7 0 46.8357 56.9008
19 8 0 60.429 65.4698
19 9 1 6.33629 9.37222
19 10 0 65.8397 80.2518
19 11 0 74.6358 102.132
19 12 0 56.143 83.7581
19 13 0 6.40488 6.68887
19 14 0 96.4457 97.0126
19 15 0 67.3286 94.8241
19 16 0 62.0576 74.6695
19 17 1 63.1699 63.7354
19 18 0 92.6134 116.304
19 20 1 46.2063 68.4571
20 1 1 91.3586 96.3352
20 2 1 52.252 61.3075
20 3 1 36.8156 53.73
20 4 0 31.4278 39.3955
20 5 1 78.2371 83.8964
20 6 0 20.0577 28.8201
20 7 0 89.7814 102.367
20 8 0 28.0523 36.5076
20 9 0 22.297 29.5539
20 10 0 73.0606 80.7412
20 11 0 1.34774 1.48334
20 12 0 15.2096 16.6371
20 13 1 99.4773 145.246
20 14 0 97.3303 131.474
20 15 0 10.6857 15.5136
20 16 0 57.7789 61.5869
20 17 0 72.2985 83.1159
20 18 1 17.148 20.2385
20 19 0 43.5178 59.7236
6.10453 9.53016 31.2749 15.818 16.1975 13.6149 36.9182 30.2829 1.66756 31.9659 16.9176 17.2016 21.6678 14.6027 5.72083 3.56523 37.4565 15.0102 26.3019 1.12757 