20
100
3
100
1 2 1 12.2857 17.6028
1 3 0 84.0395 103.396
1 4 0 87.5723 123.479
1 5 0 71.1658 71.4202
1 6 0 68.6826 86.5262
1 7 0 34.3976 47.4622
1 8 0 51.4467 70.1618
1 9 0 41.6213 41.6279
1 10 0 17.6952 23.7162
1 11 0 76.1584 91.4432
1 12 0 18.8867 24.9266
1 13 1 88.6807 98.8241
1 14 1 2.91089 3.98226
1 15 1 50.8682 55.0515
1 16 0 92.9946 108.088
1 17 0 48.4274 54.2461
1 18 0 56.0245 72.4455
1 19 1 32.1694 40.3512
1 20 0 73.9615 94.5596
2 1 0 83.6423 91.6386
2 3 1 23.2932 25.3393
2 4 0 26.4877 35.3119
2 5 1 76.8407 94.1877
2 6 1 57.1134 69.9397
2 7 0 51.3748 55.857
2 8 0 77.264 101.817
2 9 0 78.6548 79.1031
2 10 1 89.2873 106.235
2 11 0 29.642 36.6579
2 12 0 41.6836 59.1559
2 13 0 60.0649 87.2538
2 14 0 19.3881 20.2236
2 15 1 5.55302 6.98588
2 16 1 56.5965 65.2291
2 17 1 51.2278 72.092
2 18 0 86.3314 116.556
2 19 0 41.8839 49.1699
2 20 0 93.3068 121.082
3 1 1 76.6553 107.63
3 2 0 71.2965 96.8754
3 4 1 93.9769 106.268
3 5 0 28.7904 34.6127
3 6 1 75.5693 88.496
3 7 0 56.0325 62.2095
3 8 0 73.8789 96.4603
3 9 1 9.29438 12.0332
3 10 0 13.0518 18.6946
3 11 0 60.9399 90.5658
3 12 0 6.82133 9.93771
3 13 0 68.6484 95.0121
3 14 0 89.1647 108.33
3 15 0 56.0942 65.901
3 16 0 13.2538 17.3929
3 17 0 74.4634 74.932
3 18 0 57.0458 57.788
3 19 0 23.1488 24.5101
3 20 0 16.4666 21.7173
4 1 1 10.1004 13.4823
4 2 1 42.3212 43.9103
4 3 0 38.6378 48.1761
4 5 1 6.4945 9.14334
4 6 0 53.0651 67.686
4 7 0 61.9368 65.3173
4 8 0 11.0164 14.9693
4 9 1 25.9731 27.9001
4 10 0 54.8449 70.8178
4 11 0 95.3643 120.911
4 12 0 92.222 99.8319
4 13 0 84.8608 93.8399
4 14 1 71.6986 95.8073
4 15 0 37.4453 49.2419
4 16 0 91.0093 103.587
4 17 0 65.6053 85.3436
4 18 0 48.7381 52.9025
4 19 0 45.8305 48.5724
4 20 0 29.2312 39.8177
5 1 0 74.5624 89.9692
5 2 1 5.53376 6.60662
5 3 0 60.4048 68.4774
5 4 0 36.5132 44.7052
5 6 1 51.984 74.8172
5 7 0 95.8729 98.6609
5 8 1 24.0177 30.3801
5 9 0 35.7547 37.1852
5 10 0 72.9842 95.1829
5 11 0 21.8896 27.9375
5 12 0 55.6867 76.1018
5 13 0 50.6648 73.1258
5 14 0 18.6373 22.6904
5 15 0 29.7035 43.586
5 16 0 58.108 61.6266
5 17 0 5.89253 8.71414
5 18 0 99.2606 125.405
5 19 0 65.2031 76.0992
5 20 0 63.8885 70.8547
6 1 0 76.1506 77.3741
6 2 1 69.8586 73.8579
6 3 0 78.8248 100.761
6 4 0 79.8213 80.5302
6 5 0 45.3155 60.4612
6 7 1 63.8956 67.3151
6 8 0 69.133 101.079
6 9 0 62.4112 81.6068
6 10 0 72.4206 99.0629
6 11 0 12.8 16.0513
6 12 0 88.0589 113.294
6 13 1 42.5653 46.5285
6 14 0 29.9041 34.3335
6 15 0 20.0963 28.2986
6 16 1 46.1213 58.9862
6 17 1 92.2692 137.602
6 18 0 12.0524 18.0127
6 19 0 77.7782 78.3774
6 20 0 93.911 133.876
7 1 0 36.7202 50.2049
7 2 0 27.0133 33.6962
7 3 0 17.4898 25.6673
7 4 0 25.3299 34.7184
7 5 0 32.9617 33.6035
7 6 1 82.133 86.9012
7 8 1 96.1047 110.109
7 9 0 17.5603 19.7713
7 10 0 86.7196 124.936
7 11 0 28.2489 33.1008
7 12 0 96.1654 129.214
7 13 0 72.3839 101.063
7 14 0 55.8733 63.9186
7 15 0 81.9751 103.764
7 16 0 32.0437 44.2143
7 17 1 55.812 67.5897
7 18 1 79.7533 94.3132
7 19 0 18.1884 26.6063
7 20 0 56.8181 64.9495
8 1 1 58.4858 79.1508
8 2 0 28.8316 40.849
8 3 1 89.4235 105.669
8 4 0 1.74675 2.07835
8 5 0 93.668 101.412
8 6 0 31.3498 32.0131
8 7 1 49.3256 49.7229
8 9 1 57.4689 81.5928
8 10 0 72.2691 91.6128
8 11 0 89.3768 132.392
8 12 0 22.5647 28.3959
8 13 0 29.0523 42.1744
8 14 0 25.9667 27.1283
8 15 1 95.9574 107.241
8 16 0 41.1589 44.6988
8 17 1 57.6722 76.8936
8 18 0 56.1623 61.7778
8 19 0 15.5918 22.3951
8 20 0 62.0635 90.7818
9 1 0 19.9593 21.5405
9 2 1 51.8871 66.7627
9 3 0 55.9306 69.2802
9 4 0 72.7668 89.3972
9 5 0 20.0115 23.4219
9 6 0 74.1164 99.5815
9 7 0 15.9933 22.699
9 8 0 98.5202 102.698
9 10 1 96.2623 132.419
9 11 1 6.00637 6.74204
9 12 1 70.9425 78.8623
9 13 0 92.4686 92.5793
9 14 0 8.46192 11.6238
9 15 1 46.1069 59.1665
9 16 0 67.0811 84.7186
9 17 0 64.4221 79.4058
9 18 0 17.4923 21.8884
9 19 0 55.1173 61.1358
9 20 1 37.3723 51.4178
10 1 1 35.8918 37.9109
10 2 0 30.6948 42.3872
10 3 0 48.0135 67.0103
10 4 1 39.9351 58.9519
10 5 0 98.6976 106.362
10 6 0 55.8427 76.4846
10 7 0 29.1385 29.2618
10 8 0 37.5081 45.126
10 9 0 69.8851 98.2468
10 11 1 26.7283 34.0507
10 12 0 80.7643 101.543
10 13 1 51.5796 73.4293
10 14 0 73.9179 74.4803
10 15 0 16.5381 16.6566
10 16 0 5.70769 8.04862
10 17 0 40.0208 59.5178
10 18 0 23.339 34.5334
10 19 0 17.4806 21.8164
10 20 1 96.0301 98.7484
11 1 0 63.0535 66.3151
11 2 0 21.8305 28.2682
11 3 0 99.4298 109.106
11 4 1 58.5257 66.2193
11 5 1 80.3816 95.2677
11 6 0 35.9939 39.8143
11 7 0 87.0493 107.02
11 8 0 41.8153 50.9634
11 9 0 49.1212 72.3411
11 10 0 99.3913 118.965
11 12 1 11.4081 12.3074
11 13 0 58.1408 80.885
11 14 0 4.76587 5.28227
11 15 1 77.0817 87.6232
11 16 0 32.4994 45.5718
11 17 0 19.5597 22.6308
11 18 1 90.083 127.06
11 19 1 32.5292 36.1299
11 20 0 16.0892 18.014
12 1 1 61.545 86.6819
12 2 0 81.3217 92.3604
12 3 0 13.6877 15.5507
12 4 0 92.3414 98.5262
12 5 0 40.7529 50.3646
12 6 0 18.5086 24.9009
12 7 0 91.6752 106.753
12 8 1 23.9018 28.6164
12 9 1 68.4454 93.3146
12 10 0 39.5443 58.1918
12 11 0 11.9634 16.4922
12 13 1 28.912 31.5614
12 14 0 73.2202 108.717
12 15 0 18.742 26.0798
12 16 1 75.1605 78.9402
12 17 0 75.1542 102.967
12 18 0 5.85275 8.48549
12 19 0 9.49457 11.4419
12 20 0 55.2553 61.6175
13 1 0 41.6569 42.1028
13 2 0 17.6697 20.3838
13 3 0 71.536 72.2049
13 4 0 59.1464 82.7001
13 5 0 93.2831 118.84
13 6 1 23.323 26.7907
13 7 0 89.0044 90.2131
13 8 0 94.658 116.898
13 9 1 86.7637 97.3711
13 10 0 36.8131 54.1779
13 11 0 87.1207 110.878
13 12 0 81.0563 99.8668
13 14 1 44.7795 59.1009
13 15 0 56.2765 63.7458
13 16 0 3.87158 4.63049
13 17 1 58.6865 77.4145
13 18 0 60.6594 84.0202
13 19 0 84.5743 102.738
13 20 0 30.0372 31.3632
14 1 0 26.4034 36.5504
14 2 0 60.3507 78.5795
14 3 0 64.3409 94.9963
14 4 1 37.5254 52.8641
14 5 0 58.0624 81.4541
14 6 0 69.0286 96.609
14 7 1 96.1625 107.068
14 8 1 52.2212 71.861
14 9 1 49.2187 52.8591
14 10 0 73.8529 74.3324
14 11 0 61.7166 84.6919
14 12 0 64.11 84.3644
14 13 0 95.9419 136.887
14 15 1 20.8373 28.4213
14 16 0 10.8464 10.8496
14 17 0 43.7907 54.4303
14 18 0 32.2164 40.1356
14 19 0 17.4149 22.9725
14 20 0 95.4243 136.126
15 1 0 70.3635 94.3653
15 2 1 84.9902 116.568
15 3 0 78.1592 105.962
15 4 0 35.3401 44.7377
15 5 0 12.4668 18.1201
15 6 1 64.5737 66.1665
15 7 0 24.9105 28.3637
15 8 0 17.1376 19.2166
15 9 0 70.2107 82.3334
15 10 0 63.5082 87.3163
15 11 1 86.5568 103.521
15 12 0 82.7983 114.248
15 13 0 39.8899 57.2361
15 14 0 95.4858 110.945
15 16 1 20.1922 22.5574
15 17 0 58.3664 74.6339
15 18 0 30.058 34.5844
15 19 1 99.1348 133.581
15 20 0 46.0915 67.2098
16 1 1 89.8388 128.905
16 2 0 31.6804 42.5655
16 3 0 84.3866 85.8035
16 4 1 7.21333 7.23711
16 5 0 33.5965 35.4182
16 6 1 58.1285 70.6929
16 7 0 74.8867 77.3054
16 8 1 58.4678 78.5041
16 9 0 19.0044 24.7288
16 10 1 85.1892 102.183
16 11 0 65.3906 86.2013
16 12 0 31.9574 45.4607
16 13 0 41.1328 45.4433
16 14 0 68.0012 72.1093
16 15 0 96.5406 138.86
16 17 1 67.2255 72.6996
16 18 0 70.4285 104.192
16 19 1 46.1612 55.1226
16 20 1 7.2243 8.79867
17 1 0 19.0897 27.8074
17 2 0 34.3347 36.6403
17 3 0 70.9414 74.8869
17 4 0 5.91133 8.32167
17 5 0 2.64586 3.36917
17 6 0 61.5715 83.9497
17 7 0 67.7411 87.5303
17 8 0 61.9507 91.4789
17 9 0 62.0293 68.6375
17 10 0 78.567 99.2216
17 11 0 91.4856 124.429
17 12 1 69.597 100.188
17 13 0 36.8272 38.8279
17 14 0 97.7393 132.199
17 15 0 24.7282 26.8716
17 16 0 59.3836 75.6105
17 18 1 6.71037 9.46646
17 19 0 5.29337 5.99011
17 20 0 54.1113 76.4512
18 1 0 89.7702 90.7877
18 2 0 18.8468 24.1093
18 3 0 65.7454 97.5236
18 4 0 26.327 32.0926
18 5 1 12.0167 14.3801
18 6 0 4.86027 4.86485
18 7 0 64.6221 66.6247
18 8 0 82.1248 85.4855
18 9 0 34.4552 41.9164
18 10 0 25.3779 33.842
18 11 0 61.5337 62.1118
18 12 1 23.1649 26.0491
18 13 0 72.0547 87.2693
18 14 0 33.018 44.278
18 15 1 83.0688 92.7881
18 16 0 29.9835 30.5908
18 17 0 21.439 24.1332
18 19 1 34.226 44.7467
18 20 0 83.8713 116.958
19 1 0 24.9179 36.0494
19 2 0 25.6916 27.6503
19 3 1 45.1985 56.4769
19 4 0 51.6395 57.9133
19 5 0 80.0302 119.947
19 6 1 26.5077 32.8472
19 7 1 9.2805 12.186
19 8 0 32.9128 39.6197
19 9 1 60.8357 87.2353
19 10 1 51.8014 73.2569
19 11 0 36.7216 42.8241
19 12 0 32.2452 39.4248
19 13 1 55.0589 72.2981
19 14 0 3.61525 3.79409
19 15 0 83.6533 110.382
19 16 0 65.5277 91.1598
19 17 0 36.3616 45.3043
19 18 0 18.6459 25.7756
19 20 1 75.586 75.7842
20 1 1 2.1754 3.20434
20 2 0 47.9658 53.1109
20 3 1 68.0882 83.7779
20 4 0 21.9885 29.4182
20 5 0 23.943 33.3445
20 6 1 85.326 91.6669
20 7 1 63.883 89.1474
20 8 0 11.0564 16.4121
20 9 0 96.2417 122.559
20 10 0 91.1645 123.225
20 11 0 14.9314 18.0241
20 12 0 75.7617 105.87
20 13 0 68.8288 80.8233
20 14 0 51.3016 69.278
20 15 0 74.2797 94.5668
20 16 0 98.5235 119.922
20 17 0 26.1482 33.6682
20 18 0 64.3737 88.1446
20 19 0 39.692 46.0737
17.5153 27.5829 28.6351 1.48899 8.4517 1.34399 11.5092 20.4709 21.1749 15.6279 26.0634 14.0654 39.2271 28.1247 25.3711 20.5355 18.6318 32.1819 0.557075 11.9412 