20
300
3
50
1 2 1 59.2642 67.8073
1 3 1 81.7931 83.633
1 4 1 7.32455 10.4107
1 5 1 67.3879 74.6079
1 6 1 51.1359 59.328
1 7 1 11.4845 13.8929
1 8 1 59.1812 71.5773
1 9 1 93.971 104.98
1 10 1 29.6286 32.6258
1 11 1 78.5727 95.7953
1 12 1 13.1737 15.3372
1 13 1 63.5872 93.4309
1 14 0 88.6967 101.722
1 15 1 96.7828 108.52
1 16 1 38.6761 44.094
1 17 0 98.0073 105.481
1 18 1 50.8281 62.9086
1 19 1 2.74341 2.92805
1 20 0 99.0573 102.493
2 1 1 56.9769 77.8951
2 3 1 4.92358 7.07824
2 4 1 76.5261 103.448
2 5 1 21.3139 27.9039
2 6 0 50.6769 62.9854
2 7 1 11.4603 15.8685
2 8 1 8.47221 9.24248
2 9 1 62.1593 64.124
2 10 1 99.7802 116.077
2 11 1 17.0075 23.3935
2 12 1 10.8751 11.638
2 13 1 57.5617 77.5216
2 14 1 45.3192 57.8116
2 15 1 90.3553 115.147
2 16 1 71.8948 102.792
2 17 0 52.6868 63.3079
2 18 1 69.2781 95.7855
2 19 1 17.6986 21.8157
2 20 1 80.6146 110.57
3 1 1 41.3313 45.0352
3 2 1 3.77253 3.81686
3 4 1 56.3082 83.3576
3 5 1 11.7103 14.6625
3 6 0 89.6479 89.979
3 7 1 60.5354 65.4738
3 8 1 71.5288 107.017
3 9 1 43.2728 58.8037
3 10 1 58.5424 79.8124
3 11 1 1.04264 1.16839
3 12 1 12.7993 19.1075
3 13 1 55.6885 71.7532
3 14 0 27.6477 34.9413
3 15 0 62.7357 92.8232
3 16 1 54.4 77.0458
3 17 1 48.0708 50.4711
3 18 1 59.9603 65.4824
3 19 0 14.8218 18.1578
3 20 1 71.5623 96.4055
4 1 1 9.48921 13.1275
4 2 1 23.6924 32.0304
4 3 1 26.2863 36.7774
4 5 1 65.1233 86.9282
4 6 1 79.5697 80.4479
4 7 0 51.1488 51.3625
4 8 1 44.96 61.8733
4 9 0 14.8129 19.7879
4 10 1 85.601 96.2451
4 11 1 9.2864 13.8296
4 12 1 38.9821 39.131
4 13 0 55.2839 58.0753
4 14 1 27.3848 30.7002
4 15 1 26.6012 26.9953
4 16 0 99.6588 118.577
4 17 1 84.2138 92.1023
4 18 1 69.9983 89.3599
4 19 0 96.5786 141.074
4 20 1 35.3338 37.6386
5 1 1 81.6232 98.681
5 2 1 96.3518 143.293
5 3 0 11.5114 16.9046
5 4 1 96.2684 117.235
5 6 1 83.1121 99.0804
5 7 0 56.7456 60.2116
5 8 0 52.1336 74.4979
5 9 1 87.3087 105.309
5 10 1 36.8059 37.5856
5 11 1 71.42 90.7721
5 12 1 84.8939 88.8273
5 13 1 81.495 82.4254
5 14 1 83.9849 109.945
5 15 1 50.9501 72.1775
5 16 1 83.1607 86.1471
5 17 0 18.1909 21.9272
5 18 1 85.6697 90.5453
5 19 1 8.48164 10.8211
5 20 1 96.7804 144.109
6 1 1 63.796 84.3994
6 2 0 85.7518 127.562
6 3 1 77.564 84.4844
6 4 1 91.3179 98.0283
6 5 1 79.3397 109.946
6 7 1 28.6572 40.5374
6 8 1 72.303 94.4696
6 9 0 18.5902 26.0235
6 10 1 76.5918 106.11
6 11 1 0.88796 1.05763
6 12 0 10.1786 10.7057
6 13 1 89.0679 115.75
6 14 0 97.3829 135.537
6 15 1 89.6827 119.702
6 16 1 41.6573 51.6199
6 17 1 85.2354 112.862
6 18 1 20.3606 21.3281
6 19 1 80.298 81.675
6 20 1 72.2242 72.5572
7 1 0 63.4627 65.3258
7 2 1 92.6174 115.232
7 3 0 23.9408 26.3826
7 4 0 19.003 26.165
7 5 1 79.8644 103.592
7 6 0 80.9068 99.1893
7 8 1 8.21009 11.312
7 9 1 18.256 19.6394
7 10 1 18.058 20.5949
7 11 0 25.8605 37.3261
7 12 0 64.9783 70.1721
7 13 1 11.1638 12.232
7 14 1 86.9246 105.014
7 15 1 38.4649 44.7158
7 16 0 87.7113 120.23
7 17 0 76.0358 83.315
7 18 1 0.131386 0.160285
7 19 1 98.7174 145.458
7 20 1 34.7222 39.3751
8 1 1 85.8975 111.921
8 2 1 56.9875 62.2803
8 3 1 34.8416 36.3585
8 4 1 26.2225 30.7731
8 5 1 67.6933 85.0172
8 6 0 11.9416 13.6217
8 7 1 59.7821 66.8213
8 9 1 34.4135 50.6364
8 10 0 12.1623 14.5799
8 11 1 86.9026 110.721
8 12 1 22.3227 32.6016
8 13 1 72.4056 105.207
8 14 1 0.589705 0.780526
8 15 1 35.2126 41.4349
8 16 1 98.3284 146.168
8 17 0 18.5355 20.9166
8 18 1 37.3159 49.9053
8 19 1 65.8667 91.1055
8 20 1 3.73576 5.22058
9 1 1 22.6188 29.339
9 2 1 63.2553 78.5884
9 3 1 20.7925 23.9901
9 4 1 20.9853 21.787
9 5 1 56.4625 73.6528
9 6 1 76.8973 92.9928
9 7 0 93.9272 123.29
9 8 1 29.1957 40.0445
9 10 1 79.6169 101.175
9 11 1 9.54952 13.4453
9 12 1 5.94524 6.77259
9 13 0 78.1045 113.707
9 14 1 6.59723 6.72296
9 15 1 43.2395 55.9491
9 16 1 34.4225 41.1672
9 17 1 16.3275 17.7652
9 18 1 35.7123 36.4651
9 19 1 21.6679 29.5112
9 20 1 64.9916 97.447
10 1 0 17.4961 22.5798
10 2 1 72.7129 93.2421
10 3 0 32.0788 33.3193
10 4 1 29.3139 38.4746
10 5 1 21.251 29.1555
10 6 1 83.1262 120.477
10 7 1 86.9683 113.034
10 8 0 21.5722 27.5055
10 9 0 27.1309 33.5447
10 11 1 91.6783 94.5923
10 12 1 29.379 38.6504
10 13 1 91.2553 130.927
10 14 1 51.2668 67.2705
10 15 1 18.6112 23.1671
10 16 1 6.79521 7.23133
10 17 1 44.3489 65.6098
10 18 1 97.8813 111.97
10 19 1 21.874 28.6057
10 20 1 96.0046 103.11
11 1 1 65.8788 94.1645
11 2 1 17.1225 22.1018
11 3 1 28.2249 40.1631
11 4 0 40.7254 41.2915
11 5 1 71.9059 89.797
11 6 0 7.06432 10.5302
11 7 1 75.3583 99.0618
11 8 1 77.5418 115.53
11 9 0 89.4108 100.433
11 10 1 54.5959 59.8531
11 12 1 1.57118 1.74911
11 13 0 48.8407 64.8173
11 14 1 56.6461 76.8259
11 15 0 13.9113 14.738
11 16 1 12.8667 17.9766
11 17 1 91.5336 108.834
11 18 1 71.9143 83.1795
11 19 1 97.3105 106.801
11 20 1 95.3615 129.993
12 1 1 50.0824 55.4578
12 2 1 63.2313 89.8325
12 3 1 16.7065 20.5867
12 4 1 4.64403 4.79178
12 5 1 34.752 39.6008
12 6 1 86.2904 88.7441
12 7 1 93.9725 126.125
12 8 1 65.5881 76.1805
12 9 1 71.4543 75.4822
12 10 0 79.152 93.3493
12 11 1 25.0176 32.288
12 13 1 70.6171 99.2077
12 14 1 17.3887 19.657
12 15 1 32.7828 46.5893
12 16 1 29.9513 37.8857
12 17 0 52.2327 55.6685
12 18 1 38.4228 52.9854
12 19 1 88.157 116.39
12 20 1 68.3638 75.7167
13 1 1 34.95 46.9107
13 2 1 27.5526 33.2725
13 3 1 23.487 27.4689
13 4 1 1.57776 1.80285
13 5 1 85.5221 116.879
13 6 1 76.6708 87.6595
13 7 1 26.9214 38.3939
13 8 0 58.2458 87.1284
13 9 1 61.6643 86.1522
13 10 1 71.9295 90.8609
13 11 0 16.7979 16.8742
13 12 1 44.2402 51.8659
13 14 1 0.382758 0.487081
13 15 0 34.213 42.7893
13 16 1 45.4512 63.2741
13 17 0 33.0079 36.7087
13 18 1 33.1423 36.6407
13 19 1 48.5133 52.3417
13 20 1 45.8938 54.4271
14 1 1 22.6066 24.2478
14 2 1 37.058 49.0116
14 3 0 15.3245 22.489
14 4 1 4.87748 6.92469
14 5 1 80.367 115.783
14 6 1 51.9381 73.923
14 7 0 23.0222 24.303
14 8 0 13.6606 16.477
14 9 1 91.9256 113.073
14 10 1 75.8741 102.912
14 11 0 3.86936 4.56065
14 12 1 93.7999 128.141
14 13 1 6.48777 8.08769
14 15 1 22.679 25.4799
14 16 0 35.6187 42.8582
14 17 0 93.9663 140.034
14 18 1 33.2357 49.6679
14 19 0 62.7575 80.5456
14 20 1 39.913 54.0843
15 1 1 33.5682 43.5893
15 2 1 34.2116 44.439
15 3 0 44.1535 44.3544
15 4 1 80.0924 86.65
15 5 1 95.4895 103.673
15 6 1 45.0904 53.4274
15 7 1 89.6901 123.101
15 8 1 80.6735 104.52
15 9 1 21.4485 29.6957
15 10 1 40.5575 54.8769
15 11 1 22.9811 23.4918
15 12 1 57.4271 80.6935
15 13 0 36.8838 51.4923
15 14 1 77.7382 95.0178
15 16 1 6.98132 8.4248
15 17 1 92.984 134.714
15 18 1 40.4026 50.2619
15 19 0 50.2134 56.777
15 20 1 92.4874 93.0264
16 1 1 86.5122 96.1748
16 2 1 18.6532 24.2274
16 3 1 44.3208 65.8631
16 4 1 34.4518 45.1302
16 5 0 15.2337 19.446
16 6 1 43.1749 44.3482
16 7 1 75.0876 109.315
16 8 0 32.0482 45.1082
16 9 1 87.9151 90.2258
16 10 1 35.1287 42.5582
16 11 1 72.4075 99.1042
16 12 1 72.3177 85.1884
16 13 1 64.6341 68.1266
16 14 1 95.0034 132.172
16 15 0 84.8996 113.996
16 17 1 80.2353 103.723
16 18 1 8.26837 8.9814
16 19 0 31.5872 33.1933
16 20 1 24.1953 34.5076
17 1 0 37.4304 50.473
17 2 1 67.7018 95.3833
17 3 1 66.7087 67.2488
17 4 1 17.6062 19.1102
17 5 1 50.1751 56.9025
17 6 1 36.3719 48.6814
17 7 1 99.9296 130.757
17 8 1 81.9336 83.0218
17 9 1 89.51 115.84
17 10 1 49.9416 72.1389
17 11 1 65.6024 81.6611
17 12 1 2.76461 3.2097
17 13 1 63.2613 92.8836
17 14 1 79.7285 85.4234
17 15 1 72.9185 88.1026
17 16 1 5.94412 7.50499
17 18 1 63.6392 67.6305
17 19 1 9.45744 10.0219
17 20 1 70.0027 100.943
18 1 1 37.4097 49.5939
18 2 1 84.7528 106.368
18 3 1 36.9291 48.8063
18 4 0 95.0717 97.6596
18 5 1 64.7966 69.1021
18 6 1 59.1225 85.5852
18 7 1 92.7539 138.099
18 8 1 2.70518 3.64379
18 9 1 96.4366 114.851
18 10 1 68.9551 100.001
18 11 1 53.6321 62.0731
18 12 1 90.7846 124.433
18 13 1 48.7541 66.7625
18 14 1 21.7397 23.746
18 15 1 66.5645 93.1208
18 16 0 7.73535 10.1113
18 17 0 41.0533 55.7424
18 19 1 74.1326 92.6641
18 20 1 7.77131 11.4246
19 1 0 73.8242 75.8141
19 2 1 65.3213 92.7177
19 3 0 29.1622 37.9763
19 4 0 98.1272 100.831
19 5 1 40.2561 58.0863
19 6 0 9.9266 10.3293
19 7 1 71.884 82.574
19 8 1 91.2364 108.442
19 9 0 67.5071 93.0308
19 10 1 46.7052 50.0049
19 11 1 93.2928 95.5362
19 12 0 63.7317 89.8833
19 13 1 9.83348 11.1508
19 14 1 46.4597 58.0253
19 15 1 69.0992 71.6234
19 16 1 65.9658 94.9518
19 17 1 39.4877 41.9087
19 18 1 56.4911 65.1746
19 20 1 71.3493 103.151
20 1 1 69.3993 71.9862
20 2 1 76.5782 103.894
20 3 0 26.1275 28.199
20 4 1 32.3161 37.7036
20 5 0 82.7951 107.038
20 6 1 84.0626 107.134
20 7 1 77.5085 94.5035
20 8 0 39.1854 57.7766
20 9 0 91.8742 134.198
20 10 1 50.3748 64.7048
20 11 0 48.2513 56.2343
20 12 0 92.1208 126.809
20 13 1 37.5607 52.3182
20 14 1 66.9089 97.1548
20 15 1 93.6034 138.39
20 16 1 73.3918 91.4784
20 17 1 47.6387 62.2868
20 18 1 22.4652 32.6664
20 19 1 36.5264 50.984
30.4206 7.95123 29.748 39.7614 3.6687 23.6316 22.7503 35.2396 13.2644 12.2263 36.5774 20.9946 36.311 28.348 19.7685 29.3701 32.9541 16.3357 36.8609 8.19463 