20
100
3
50
1 2 1 14.4832 18.1217
1 3 0 13.0763 18.1049
1 4 1 84.5831 104.584
1 5 0 56.5846 68.0446
1 6 0 86.6752 109.801
1 7 0 82.1782 109.202
1 8 0 77.3215 83.9155
1 9 0 37.0143 46.4731
1 10 0 56.6633 82.3574
1 11 0 69.4235 84.0003
1 12 0 24.5107 31.0992
1 13 0 42.8229 51.3371
1 14 1 20.684 28.384
1 15 0 93.6057 123.787
1 16 0 86.2075 112.309
1 17 1 99.9344 132.741
1 18 1 82.1566 92.2789
1 19 0 97.0666 112.857
1 20 0 54.6791 62.3115
2 1 0 98.9742 123.408
2 3 1 92.5636 129.046
2 4 0 50.2186 60.2364
2 5 0 49.8051 60.6403
2 6 0 49.7874 66.9982
2 7 0 34.3927 35.0416
2 8 0 93.2881 139.725
2 9 0 71.7041 94.7908
2 10 0 17.2375 17.7654
2 11 0 25.2381 29.5854
2 12 0 13.4143 16.3384
2 13 0 87.8849 118.809
2 14 0 83.8982 113.184
2 15 0 91.9414 112.745
2 16 1 49.4788 59.0021
2 17 0 37.625 53.396
2 18 0 72.8556 104.884
2 19 0 4.86253 6.49452
2 20 0 14.6921 21.3976
3 1 0 3.94004 4.63438
3 2 0 33.132 38.4573
3 4 1 86.1159 108.535
3 5 0 23.2317 28.2979
3 6 0 10.979 15.4058
3 7 0 51.8872 72.3044
3 8 0 30.7987 32.5618
3 9 1 48.7068 55.506
3 10 0 5.12072 5.80423
3 11 0 39.5902 46.3134
3 12 1 63.867 82.3007
3 13 0 19.8949 29.1864
3 14 0 20.0289 25.2435
3 15 0 87.8612 115.523
3 16 0 20.1805 23.4009
3 17 0 82.4934 118.588
3 18 0 74.0623 103.252
3 19 0 12.5979 14.0906
3 20 0 49.1664 60.3149
4 1 0 66.2226 90.778
4 2 1 77.5854 107.395
4 3 0 97.7446 115.49
4 5 1 47.7195 65.5748
4 6 0 71.0582 94.6276
4 7 0 89.9124 93.4954
4 8 1 66.1208 76.1371
4 9 1 75.0118 76.4411
4 10 1 22.8293 23.7545
4 11 0 59.1324 73.2669
4 12 1 41.3442 44.289
4 13 0 23.3466 33.7373
4 14 0 87.0568 111.425
4 15 0 25.3442 36.2229
4 16 0 77.105 106.207
4 17 0 0.136078 0.16722
4 18 0 18.5206 23.6004
4 19 0 57.8495 70.0048
4 20 0 64.3712 91.3731
5 1 0 20.1397 23.8758
5 2 0 91.7352 129.348
5 3 0 65.836 75.4598
5 4 0 59.7013 83.6402
5 6 1 87.4758 121.274
5 7 0 39.5692 53.8591
5 8 0 49.3973 53.7603
5 9 0 75.5134 94.7241
5 10 0 89.451 121.699
5 11 0 91.5666 94.9286
5 12 0 32.785 36.5536
5 13 0 93.2124 99.1898
5 14 0 12.4832 18.4268
5 15 1 38.2264 40.5645
5 16 0 98.6165 141.917
5 17 0 91.8438 118.848
5 18 0 39.4536 54.7541
5 19 0 98.5657 98.953
5 20 0 94.2192 136.268
6 1 1 77.2265 108.834
6 2 1 39.4377 58.6826
6 3 0 4.0561 4.16643
6 4 0 2.94814 3.62621
6 5 0 2.45449 2.72813
6 7 1 99.5701 132.824
6 8 0 70.8663 104.331
6 9 0 53.9711 66.8295
6 10 0 14.9523 21.3351
6 11 1 66.6015 98.8238
6 12 0 17.7128 21.1478
6 13 1 52.5474 55.4494
6 14 0 70.9351 85.7679
6 15 0 4.46899 6.58507
6 16 0 93.786 114.275
6 17 1 49.5294 71.0018
6 18 0 46.834 50.8389
6 19 0 69.976 76.3816
6 20 0 89.7481 91.9482
7 1 1 30.1429 42.7002
7 2 0 6.15019 6.87454
7 3 1 95.8017 105.037
7 4 0 39.6798 42.2857
7 5 0 94.847 125.449
7 6 0 13.9542 16.0386
7 8 1 98.9921 128.723
7 9 0 76.0519 95.4889
7 10 0 41.0481 41.7457
7 11 0 74.1473 79.2878
7 12 1 7.69719 9.72715
7 13 0 75.071 110.967
7 14 0 80.3354 104.54
7 15 1 78.514 93.6099
7 16 0 97.8634 122.2
7 17 0 82.8988 107.226
7 18 0 93.4794 125.359
7 19 0 41.7983 61.2406
7 20 0 97.5814 138.359
8 1 0 45.551 54.9912
8 2 1 33.6827 42.2096
8 3 0 4.97052 5.78875
8 4 0 14.9946 22.1741
8 5 0 59.5099 71.9734
8 6 0 89.1817 132.062
8 7 1 53.2175 71.8971
8 9 1 96.4954 126.207
8 10 1 83.3878 123.02
8 11 0 74.8399 102.39
8 12 0 50.6551 56.7569
8 13 1 32.2003 37.3079
8 14 0 90.5483 108.318
8 15 0 96.5173 142.568
8 16 0 38.573 49.675
8 17 1 28.9453 34.7468
8 18 0 26.1626 34.1986
8 19 0 38.7451 49.8112
8 20 0 40.5818 43.9816
9 1 0 70.8489 71.1979
9 2 0 4.81069 6.42555
9 3 1 45.0745 49.9011
9 4 0 47.1346 66.6179
9 5 0 98.2944 106.356
9 6 1 80.4217 93.5683
9 7 0 89.7808 131.489
9 8 0 83.9537 101.872
9 10 1 10.5218 11.1355
9 11 0 24.5099 25.589
9 12 1 5.47626 5.69992
9 13 0 55.349 62.1393
9 14 0 67.0985 80.6123
9 15 0 66.1138 67.3178
9 16 0 43.4427 63.9754
9 17 0 86.6294 116.175
9 18 1 93.1873 114.464
9 19 0 34.0624 38.954
9 20 0 6.16314 6.7266
10 1 0 91.6537 91.7529
10 2 0 37.6036 54.2845
10 3 0 56.7528 74.1036
10 4 0 64.1699 69.1287
10 5 0 2.84344 3.2254
10 6 0 82.6137 94.5874
10 7 0 5.22305 5.50586
10 8 0 20.399 28.7259
10 9 1 89.6194 103.609
10 11 1 78.9594 94.2256
10 12 0 97.1337 115.612
10 13 0 38.4124 46.1671
10 14 0 87.762 89.1941
10 15 0 41.3879 51.0915
10 16 1 12.3708 18.1096
10 17 0 85.6083 86.0031
10 18 1 16.8464 20.1
10 19 0 74.2864 93.0109
10 20 1 34.2019 41.6697
11 1 0 3.54736 5.31993
11 2 1 5.04926 5.95892
11 3 0 23.4776 30.9866
11 4 0 19.0511 27.8944
11 5 0 62.9584 89.3565
11 6 1 71.7382 105.634
11 7 0 43.9314 65.1448
11 8 0 51.0008 65.3465
11 9 0 31.0708 39.9716
11 10 0 58.5398 61.0869
11 12 1 67.2487 78.7954
11 13 0 41.2693 54.6068
11 14 1 75.6155 90.7585
11 15 0 41.7146 51.7505
11 16 0 16.1742 22.3341
11 17 0 16.5069 19.3235
11 18 0 11.8007 15.6953
11 19 0 69.3648 83.6715
11 20 0 73.3479 103.173
12 1 1 32.2962 46.7029
12 2 0 2.75025 3.99436
12 3 0 4.74709 5.3867
12 4 0 87.6157 119.948
12 5 0 10.6429 14.6312
12 6 0 13.085 16.3098
12 7 0 66.6048 74.4786
12 8 0 27.2813 32.1098
12 9 0 5.63362 7.88888
12 10 1 47.7049 53.9021
12 11 0 71.0977 82.0826
12 13 1 8.88575 10.7874
12 14 1 60.9295 67.6637
12 15 1 48.9734 49.762
12 16 0 33.8993 45.4563
12 17 0 46.9619 67.7093
12 18 1 87.4037 89.6251
12 19 0 14.9709 17.2011
12 20 0 97.263 104.599
13 1 0 56.8895 61.0694
13 2 0 93.5126 132.421
13 3 0 45.7659 64.7798
13 4 0 58.1256 73.3107
13 5 0 52.4301 52.709
13 6 0 17.3633 18.565
13 7 0 34.5162 35.139
13 8 0 63.8037 74.7567
13 9 1 42.7782 55.3249
13 10 0 42.6615 55.2243
13 11 0 43.4473 49.9953
13 12 0 18.4263 22.4027
13 14 1 23.192 24.1085
13 15 0 56.6436 71.4141
13 16 0 14.7864 15.4618
13 17 0 21.6578 27.5946
13 18 0 38.5867 47.6312
13 19 0 41.7213 44.8988
13 20 0 90.809 134.428
14 1 1 92.925 95.6095
14 2 0 98.3282 145.997
14 3 1 3.01377 3.54112
14 4 1 89.2811 101.853
14 5 0 76.3292 103.017
14 6 0 40.3429 58.1984
14 7 0 26.6695 37.4513
14 8 1 92.3963 108.54
14 9 0 2.63938 3.44226
14 10 0 95.5672 130.481
14 11 0 83.8392 92.866
14 12 0 84.3937 113.636
14 13 0 50.5695 52.9287
14 15 1 39.8193 58.4021
14 16 0 77.5064 102.169
14 17 0 7.95963 10.1082
14 18 0 27.4304 31.8557
14 19 0 50.2281 69.8975
14 20 1 17.7339 18.4624
15 1 0 27.4758 39.8827
15 2 1 27.903 30.8325
15 3 0 78.9419 100.889
15 4 1 84.1885 110.325
15 5 0 86.8269 115.084
15 6 0 0.102203 0.121129
15 7 1 81.5257 114.97
15 8 0 61.1664 78.3115
15 9 0 85.7942 97.7356
15 10 0 23.4543 34.5501
15 11 0 42.6341 44.652
15 12 0 35.1222 44.5834
15 13 1 67.5994 97.0304
15 14 1 98.994 122.06
15 16 1 57.3433 63.8184
15 17 0 51.4333 60.6144
15 18 0 66.4801 69.6302
15 19 0 46.9198 48.4113
15 20 0 25.0997 32.2404
16 1 1 77.209 78.4188
16 2 0 68.5496 68.5664
16 3 0 86.1832 100.29
16 4 1 68.1621 85.8771
16 5 0 22.0259 24.8425
16 6 1 0.219079 0.28919
16 7 1 97.1902 141.113
16 8 0 80.9407 118.666
16 9 1 51.0181 69.0178
16 10 0 62.9789 75.796
16 11 0 43.1632 57.1555
16 12 1 82.0524 112.179
16 13 0 75.6981 89.8418
16 14 1 63.6415 83.6652
16 15 1 0.379764 0.43297
16 17 1 30.021 35.8725
16 18 1 24.299 31.969
16 19 0 61.7853 82.7475
16 20 0 70.2672 86.2459
17 1 0 45.4357 64.9029
17 2 0 90.7607 100.886
17 3 0 83.2559 93.249
17 4 0 41.0525 51.1272
17 5 1 82.6882 117.161
17 6 0 3.7967 5.21918
17 7 0 4.68459 5.71013
17 8 0 35.7818 53.536
17 9 0 54.3432 58.4176
17 10 0 24.1175 32.0034
17 11 0 19.3953 26.3462
17 12 0 43.4597 53.5668
17 13 1 11.1028 15.2606
17 14 0 64.6039 74.684
17 15 1 31.5834 34.3224
17 16 1 93.2781 136.675
17 18 1 85.4376 119.143
17 19 0 88.9721 93.8359
17 20 0 98.2631 101.851
18 1 1 72.8534 88.6467
18 2 0 89.2216 105.111
18 3 0 76.2886 101.922
18 4 0 68.7232 88.0026
18 5 0 54.4096 68.4472
18 6 1 81.1787 110.009
18 7 0 46.4213 53.4254
18 8 0 65.3184 76.1762
18 9 0 36.2953 47.8258
18 10 0 50.2994 52.4382
18 11 0 2.67153 3.62212
18 12 0 21.5603 25.1566
18 13 0 66.9112 71.921
18 14 0 33.8904 50.7097
18 15 1 15.0679 19.6207
18 16 0 53.203 69.1555
18 17 0 96.6518 130.735
18 19 1 78.7187 106.33
18 20 0 26.3115 30.3229
19 1 0 64.669 95.1761
19 2 0 8.99402 10.703
19 3 1 13.0974 18.9548
19 4 0 47.8358 68.001
19 5 0 81.8129 113.931
19 6 0 4.03616 5.06871
19 7 0 6.73832 9.25919
19 8 0 96.0244 103.101
19 9 1 40.9519 57.408
19 10 0 76.7794 104.737
19 11 1 43.3768 57.3449
19 12 0 11.1446 15.3364
19 13 0 32.1019 43.5636
19 14 0 30.2462 33.0289
19 15 0 92.2425 119.825
19 16 0 45.6361 59.5755
19 17 0 16.8923 22.0711
19 18 1 31.7177 35.2704
19 20 1 82.797 91.7668
20 1 1 31.943 45.9353
20 2 0 69.3788 81.1352
20 3 0 85.9919 102.254
20 4 0 51.013 63.9648
20 5 1 47.7705 71.6183
20 6 0 7.38573 8.92679
20 7 0 86.4275 110.499
20 8 1 66.2043 86.2183
20 9 0 89.405 96.3954
20 10 0 69.1523 81.6843
20 11 1 66.0716 96.5662
20 12 0 6.76645 7.546
20 13 1 29.6311 38.0006
20 14 1 44.4135 64.9487
20 15 0 17.9572 18.6039
20 16 1 6.68587 7.38318
20 17 0 14.5645 18.0539
20 18 0 81.877 82.7678
20 19 0 47.9271 71.8274
12.1379 31.253 26.1725 15.8171 19.9217 35.4185 38.2581 6.63192 22.8616 29.9651 28.302 4.01853 6.76265 18.4768 23.5966 19.323 33.607 8.92041 7.26634 27.4974 