20
300
2
100
1 2 1 48.5186 65.1922
1 3 1 30.7748 35.0482
1 4 1 57.555 62.5754
1 5 1 11.7539 11.9454
1 6 1 55.1239 71.3614
1 7 1 25.6273 29.9622
1 8 1 33.6744 37.3018
1 9 1 24.7863 34.1968
1 10 1 86.0409 112.482
1 11 0 50.5394 66.4757
1 12 1 51.9445 70.205
1 13 0 59.1765 65.2841
1 14 0 77.5823 85.9038
1 15 1 65.9443 76.6715
1 16 1 52.969 53.7446
1 17 1 79.1308 98.6353
1 18 1 9.04696 10.6002
1 19 0 78.1162 82.4173
1 20 1 24.1102 33.5535
2 1 0 83.6477 88.9074
2 3 1 97.4772 131.307
2 4 0 51.8703 60.6048
2 5 1 51.9493 62.5624
2 6 1 85.7933 119.745
2 7 1 67.4695 95.5813
2 8 1 19.3165 25.5096
2 9 1 98.4564 122.812
2 10 1 46.7654 48.7568
2 11 0 55.9386 58.4093
2 12 1 65.9902 83.412
2 13 1 74.0044 82.9849
2 14 1 62.9549 65.7001
2 15 1 85.1253 98.4496
2 16 0 61.0861 87.7763
2 17 0 34.1435 46.257
2 18 1 98.9697 118.096
2 19 1 61.4266 67.7514
2 20 1 60.3974 60.9241
3 1 1 9.62348 13.5223
3 2 0 25.5052 36.6623
3 4 1 28.7893 32.5833
3 5 1 53.5537 77.6822
3 6 1 76.4022 107.22
3 7 1 49.2182 52.4267
3 8 1 17.7993 22.8901
3 9 1 49.5737 70.2091
3 10 0 68.8684 76.9656
3 11 1 96.016 97.7708
3 12 1 87.8325 96.2014
3 13 0 5.16829 6.54324
3 14 1 89.5655 130.88
3 15 1 96.2976 130.944
3 16 1 45.8259 65.3881
3 17 1 96.3216 110.467
3 18 0 3.61725 5.15751
3 19 1 74.3467 79.6301
3 20 1 84.6685 122.752
4 1 1 83.088 116.658
4 2 0 92.7858 137.456
4 3 1 17.5634 22.5997
4 5 1 29.4726 42.0992
4 6 1 73.8157 80.0785
4 7 0 28.4894 38.3135
4 8 1 69.1521 101.598
4 9 0 62.8113 77.2239
4 10 1 23.8343 29.1152
4 11 1 10.8522 13.7409
4 12 1 39.5828 52.7916
4 13 1 31.6626 46.5448
4 14 1 99.8091 124.485
4 15 1 92.1646 103.786
4 16 1 91.9027 136.826
4 17 1 25.1475 32.2985
4 18 0 68.7355 70.3046
4 19 1 90.9552 103.818
4 20 0 54.293 75.1858
5 1 1 20.5142 25.1113
5 2 0 91.3763 117.22
5 3 1 6.6729 9.18253
5 4 1 25.7541 34.2671
5 6 1 15.453 22.3668
5 7 1 16.3408 18.5306
5 8 0 9.20824 10.7627
5 9 1 51.9207 64.3396
5 10 1 37.816 47.5472
5 11 0 16.731 20.579
5 12 1 44.1853 44.6715
5 13 1 95.1221 121.233
5 14 1 17.8444 24.9846
5 15 0 76.3586 95.1869
5 16 1 81.8688 92.4061
5 17 0 62.5925 70.2728
5 18 0 49.8245 72.1818
5 19 1 58.6737 74.1673
5 20 1 50.8017 61.921
6 1 1 49.4992 57.1121
6 2 1 42.3828 55.1449
6 3 1 82.3348 107.154
6 4 1 56.5763 71.5606
6 5 1 27.1599 28.4349
6 7 1 94.7448 96.1229
6 8 0 11.2775 15.6485
6 9 1 68.2047 72.0813
6 10 1 62.6529 75.4307
6 11 1 78.0771 90.8655
6 12 1 60.2521 76.3543
6 13 1 41.8837 50.1617
6 14 0 68.344 95.6774
6 15 1 21.837 27.6791
6 16 1 51.1292 62.3291
6 17 1 76.5144 112.301
6 18 1 1.82234 1.86662
6 19 1 0.263019 0.390652
6 20 1 35.713 39.0254
7 1 1 13.2516 15.0395
7 2 1 20.5595 25.1485
7 3 0 12.1505 14.1514
7 4 1 29.3105 42.428
7 5 1 43.7184 60.2049
7 6 1 28.1644 28.2539
7 8 1 40.2587 59.0489
7 9 1 32.6636 39.8033
7 10 1 98.0947 128.036
7 11 1 77.1955 104.058
7 12 1 80.3377 85.1715
7 13 1 11.9608 16.5505
7 14 1 2.72841 3.59601
7 15 1 29.0665 31.4758
7 16 1 2.01091 2.47182
7 17 0 70.5465 80.5983
7 18 1 76.5068 101.224
7 19 1 87.3114 122.877
7 20 1 21.8161 26.6402
8 1 0 46.3975 68.3524
8 2 1 58.8274 68.3103
8 3 1 97.357 120.755
8 4 1 19.9076 28.3938
8 5 1 43.0701 58.6089
8 6 1 39.5134 54.3567
8 7 1 79.2436 89.5052
8 9 1 82.5079 99.3029
8 10 1 58.0496 68.0147
8 11 1 78.2777 103.931
8 12 1 11.6631 13.4619
8 13 0 54.2554 78.1861
8 14 1 51.434 64.6186
8 15 1 13.3326 14.0927
8 16 1 76.8874 97.9569
8 17 1 71.8229 107.428
8 18 1 7.32265 9.06965
8 19 1 22.9696 32.6952
8 20 1 0.486 0.623201
9 1 1 2.24355 3.25594
9 2 1 37.6584 53.1188
9 3 1 11.0259 12.8709
9 4 1 9.25574 12.6125
9 5 1 8.46674 10.4367
9 6 1 63.0444 89.9189
9 7 1 13.9824 14.1481
9 8 0 9.02824 12.5468
9 10 1 28.211 41.4534
9 11 0 74.2014 109.822
9 12 1 38.8109 46.6209
9 13 0 72.2426 78.638
9 14 1 16.2303 20.3784
9 15 0 41.6826 62.0687
9 16 1 21.9031 29.8973
9 17 1 0.555582 0.803422
9 18 1 24.4167 32.0913
9 19 1 6.6712 9.17272
9 20 1 36.2558 47.1993
10 1 1 21.1803 24.6791
10 2 1 11.9226 15.4752
10 3 1 81.4282 94.847
10 4 1 25.2204 29.6698
10 5 1 27.4911 28.5766
10 6 1 78.6329 92.1668
10 7 1 7.60453 9.03082
10 8 1 20.6363 25.6701
10 9 1 34.0173 40.4546
10 11 1 77.5313 85.2243
10 12 0 37.5729 51.9136
10 13 1 82.5704 104.263
10 14 1 28.8201 40.9269
10 15 1 72.3577 90.951
10 16 1 61.129 69.1786
10 17 1 28.0852 40.303
10 18 1 83.7814 101.529
10 19 1 15.7265 19.1076
10 20 1 94.3872 111.18
11 1 1 75.6726 94.8615
11 2 1 57.9844 75.4899
11 3 1 78.8248 85.3121
11 4 0 13.4856 16.7115
11 5 1 87.198 119.901
11 6 1 50.4714 56.3802
11 7 1 38.7641 57.0572
11 8 0 44.1373 49.184
11 9 0 78.8528 102.807
11 10 1 4.10215 4.22186
11 12 1 28.3411 41.4252
11 13 1 15.8789 22.8156
11 14 1 71.7878 85.303
11 15 1 86.9107 124.071
11 16 1 86.855 103.656
11 17 0 7.13155 7.40222
11 18 1 52.5405 67.9296
11 19 1 71.763 85.4662
11 20 1 37.1933 52.9278
12 1 1 34.5948 47.8494
12 2 1 94.7031 116.728
12 3 1 37.8954 52.4344
12 4 0 21.459 29.3036
12 5 1 47.8575 58.8593
12 6 1 85.563 127.171
12 7 1 60.0101 78.7887
12 8 0 67.1515 69.3014
12 9 1 59.1308 67.5301
12 10 1 14.0182 16.5032
12 11 1 44.8793 52.0819
12 13 1 16.4938 18.6603
12 14 1 55.961 58.4622
12 15 1 61.2089 85.4886
12 16 1 5.50368 7.49391
12 17 1 5.77259 8.27371
12 18 1 53.0678 61.4631
12 19 0 86.3291 112.411
12 20 1 97.0855 118.035
13 1 0 12.912 15.0208
13 2 0 36.3504 44.3137
13 3 1 75.6695 79.4122
13 4 1 8.0927 11.8578
13 5 1 90.3306 107.958
13 6 0 44.8565 62.1969
13 7 1 41.9174 42.5482
13 8 1 66.0086 81.5191
13 9 1 11.7084 17.4381
13 10 1 19.837 25.4857
13 11 1 74.4612 102.744
13 12 1 77.3111 100.183
13 14 1 89.2982 119.464
13 15 1 36.8827 46.6376
13 16 1 83.3472 109.598
13 17 0 84.9629 119.578
13 18 1 39.1826 46.6191
13 19 0 3.97301 4.29292
13 20 1 11.1526 16.4538
14 1 1 62.9691 79.8775
14 2 1 35.1037 49.2038
14 3 1 60.5268 89.7189
14 4 1 35.53 40.643
14 5 1 12.297 16.1612
14 6 1 55.3187 78.5634
14 7 1 80.8613 99.9407
14 8 1 8.18741 11.7379
14 9 1 63.0414 90.857
14 10 1 41.775 43.0738
14 11 1 51.2521 57.0884
14 12 0 41.5445 62.1504
14 13 1 24.5022 25.725
14 15 1 83.8839 121.855
14 16 1 73.9213 82.5051
14 17 1 50.5899 53.9345
14 18 1 8.04483 11.737
14 19 0 81.2594 91.5242
14 20 1 14.1776 19.7721
15 1 1 5.43162 7.90249
15 2 1 29.7112 44.5076
15 3 1 99.926 115.808
15 4 0 42.1316 48.1992
15 5 1 9.42754 13.6716
15 6 1 12.4495 15.7655
15 7 1 17.8516 20.2844
15 8 0 0.427254 0.43693
15 9 1 22.9045 26.1153
15 10 1 48.6383 50.0639
15 11 1 69.6018 78.4702
15 12 1 32.4385 48.2449
15 13 1 40.8512 45.7869
15 14 1 61.6896 67.6262
15 16 1 64.6625 65.5326
15 17 1 26.6868 30.8006
15 18 1 14.8917 21.4185
15 19 1 70.8409 92.1858
15 20 1 52.7572 73.9879
16 1 0 0.412616 0.464063
16 2 0 6.78406 9.87172
16 3 1 34.8339 37.1772
16 4 0 42.84 60.2722
16 5 0 66.6015 98.6408
16 6 1 94.2323 101.737
16 7 0 77.6643 112.475
16 8 1 52.7176 69.993
16 9 1 80.8694 92.9345
16 10 1 7.06737 8.32733
16 11 1 81.4931 93.7133
16 12 1 53.0833 70.0792
16 13 1 70.309 103.589
16 14 1 79.5728 118.567
16 15 1 83.5333 86.7015
16 17 1 50.8212 75.8687
16 18 1 31.9601 36.3058
16 19 0 90.3116 135.446
16 20 0 15.7649 18.1391
17 1 0 8.98476 12.1402
17 2 1 44.608 62.1273
17 3 0 87.7165 94.0393
17 4 1 58.1452 74.4025
17 5 1 64.1705 69.4396
17 6 0 25.2901 31.2175
17 7 1 55.4871 81.8347
17 8 1 38.1809 46.5071
17 9 0 30.0131 44.299
17 10 0 30.4994 32.6905
17 11 1 85.4064 120.432
17 12 1 95.2538 114.486
17 13 1 81.3149 93.4367
17 14 0 14.9316 19.1362
17 15 1 51.9176 77.3912
17 16 1 71.787 94.3319
17 18 1 5.86433 6.85399
17 19 1 23.2005 26.5928
17 20 0 19.6353 26.6359
18 1 1 22.4877 27.339
18 2 1 22.3553 32.1747
18 3 0 26.9927 30.5308
18 4 1 1.79722 1.96963
18 5 0 72.7364 105.487
18 6 0 82.6442 99.2914
18 7 0 49.2352 70.3473
18 8 1 10.3857 13.8076
18 9 1 31.2732 43.3871
18 10 1 23.8745 30.0963
18 11 1 66.4769 86.1266
18 12 1 41.4519 49.8011
18 13 1 74.6023 101.582
18 14 1 20.6729 21.0591
18 15 1 26.0086 27.9035
18 16 1 76.6967 99.1078
18 17 1 58.7119 59.9539
18 19 1 28.7173 41.6615
18 20 1 25.5084 35.0554
19 1 1 1.76701 1.85601
19 2 1 41.9837 56.2251
19 3 1 90.165 115.2
19 4 1 21.4727 23.4169
19 5 0 81.0735 101.833
19 6 1 88.2736 95.4036
19 7 1 20.1234 26.3293
19 8 1 14.119 15.716
19 9 1 95.8886 141.269
19 10 1 60.6741 81.238
19 11 1 71.7947 92.3091
19 12 0 97.1907 134.516
19 13 0 3.88896 4.45958
19 14 1 68.5799 76.3043
19 15 1 67.7509 80.7458
19 16 1 78.0296 81.0174
19 17 1 98.0684 125.633
19 18 1 92.5545 127.916
19 20 1 3.91391 5.54373
20 1 1 62.8773 67.6956
20 2 0 35.3187 42.0346
20 3 0 54.7376 77.3642
20 4 0 84.57 122.361
20 5 1 20.025 25.8229
20 6 1 31.9359 36.5322
20 7 1 64.1293 78.0698
20 8 1 28.3676 35.5539
20 9 0 66.5939 74.4758
20 10 1 44.0164 45.4147
20 11 1 92.3735 131.948
20 12 1 69.3038 90.9657
20 13 1 87.7428 87.9048
20 14 0 34.3269 43.7573
20 15 1 61.6056 83.0501
20 16 0 91.7646 94.8672
20 17 1 44.691 47.9774
20 18 0 17.3823 24.8018
20 19 0 47.0835 67.3175
22.2883 32.1882 0.162784 25.4121 10.8852 30.3994 21.5711 26.889 23.2736 23.6432 0.897525 20.8862 19.26 15.9162 26.7614 7.47551 25.2484 34.9815 24.93 33.892 