20
150
5
100
1 2 1 75.8551 90.0856
1 3 1 32.2505 40.2249
1 4 1 55.2439 81.2905
1 5 0 80.9363 83.5523
1 6 0 39.9869 40.1351
1 7 1 0.664441 0.834821
1 8 1 11.2384 14.2018
1 9 0 4.94538 5.84953
1 10 1 69.6774 70.4981
1 11 0 82.7688 86.478
1 12 0 9.45409 10.7259
1 13 0 27.2658 40.7607
1 14 0 97.5686 137.462
1 15 0 23.9727 31.6547
1 16 0 23.3974 27.2063
1 17 0 72.6794 106.097
1 18 1 95.5348 118.567
1 19 1 73.1095 107.997
1 20 1 15.6206 19.29
2 1 0 64.7058 67.135
2 3 1 11.115 12.2511
2 4 1 61.7409 86.2834
2 5 0 60.2275 75.6956
2 6 1 94.7029 121.269
2 7 1 35.4144 49.1027
2 8 0 94.9535 96.0761
2 9 0 70.5946 94.2144
2 10 1 15.2122 20.3706
2 11 1 81.0155 118.888
2 12 1 42.2485 56.9603
2 13 0 37.2186 40.3435
2 14 0 82.9244 118.58
2 15 1 71.0812 103.1
2 16 0 47.6416 65.4373
2 17 1 75.4312 90.9604
2 18 0 94.4469 117.347
2 19 0 9.65953 13.2152
2 20 1 20.3186 25.592
3 1 0 96.3825 138.488
3 2 1 14.9424 17.3585
3 4 1 36.8695 46.8113
3 5 0 44.8845 56.893
3 6 1 17.0144 24.9849
3 7 1 34.2149 43.3454
3 8 1 69.5824 93.6968
3 9 0 16.346 17.5825
3 10 1 54.3779 66.1966
3 11 1 70.9372 73.5296
3 12 0 90.9365 105.627
3 13 1 46.6444 53.5571
3 14 0 88.99 121.733
3 15 0 68.397 92.5655
3 16 1 82.6275 93.6448
3 17 0 73.9523 81.8103
3 18 0 9.27477 10.3941
3 19 0 5.89473 8.62408
3 20 0 55.7455 62.8208
4 1 1 95.8201 133.878
4 2 0 81.7006 117.016
4 3 1 60.8592 83.6525
4 5 1 60.3273 89.8606
4 6 0 20.6297 28.1873
4 7 0 65.2574 72.9897
4 8 0 27.9397 41.762
4 9 1 78.4775 105.482
4 10 0 18.4313 20.7281
4 11 1 69.2447 99.2632
4 12 1 48.4692 53.3375
4 13 0 26.4081 39.5603
4 14 0 73.6516 78.4818
4 15 1 22.9563 33.0219
4 16 0 22.676 25.1602
4 17 1 95.0867 111.015
4 18 0 73.4594 79.42
4 19 0 58.5289 82.2569
4 20 0 97.7566 144.629
5 1 0 70.9926 105.118
5 2 1 54.6732 75.777
5 3 0 91.5972 97.9052
5 4 0 21.7256 29.6454
5 6 1 4.88432 6.32293
5 7 1 68.6376 94.1225
5 8 0 84.5696 95.4223
5 9 1 66.6117 77.8754
5 10 0 85.7668 95.8684
5 11 0 81.8864 85.4485
5 12 0 32.4698 36.6931
5 13 0 28.9755 30.483
5 14 1 84.2848 116.658
5 15 0 59.8132 82.1893
5 16 0 26.3921 36.6219
5 17 0 7.50631 9.56461
5 18 1 21.3583 25.0273
5 19 0 50.9614 72.8808
5 20 0 63.0774 85.6901
6 1 0 59.8782 73.6255
6 2 1 22.1197 26.8613
6 3 0 22.0542 30.3915
6 4 0 32.6468 34.0708
6 5 0 80.0824 92.1884
6 7 1 48.5948 58.8182
6 8 0 92.2061 111.338
6 9 0 7.37496 10.3427
6 10 1 3.15171 4.18719
6 11 0 15.5938 20.558
6 12 0 41.8727 60.3194
6 13 1 74.5668 96.1868
6 14 0 17.732 24.4751
6 15 0 50.2621 68.2374
6 16 0 42.8363 49.0811
6 17 1 67.6585 93.8286
6 18 0 64 64.0508
6 19 0 50.4224 72.3934
6 20 1 84.9287 106.14
7 1 0 47.7753 66.4849
7 2 0 35.0005 39.0888
7 3 1 86.7013 129.261
7 4 0 74.5096 104.799
7 5 0 37.0291 43.7223
7 6 0 33.4995 42.917
7 8 1 94.212 108.724
7 9 1 65.3131 74.4852
7 10 0 81.4905 98.2112
7 11 0 25.3181 32.1777
7 12 1 65.4432 69.1469
7 13 1 55.8574 59.657
7 14 0 90.7543 135.398
7 15 0 52.9035 64.058
7 16 0 10.2204 10.6413
7 17 0 54.0243 64.7745
7 18 0 76.6607 98.3241
7 19 1 41.0314 44.4261
7 20 1 95.8719 98.9512
8 1 0 5.29874 5.56056
8 2 1 6.81265 9.222
8 3 0 49.093 65.4772
8 4 0 82.8187 95.6491
8 5 0 96.0077 124.548
8 6 0 59.4679 61.4135
8 7 0 60.6435 84.7069
8 9 1 7.41451 9.39311
8 10 0 85.9716 101.34
8 11 0 25.3887 30.1721
8 12 1 0.946383 1.39362
8 13 1 56.9362 84.4943
8 14 1 21.8733 22.0144
8 15 1 70.7588 104.571
8 16 0 18.4538 26.7121
8 17 1 48.2409 48.3158
8 18 1 23.9744 31.1975
8 19 0 95.5039 108.586
8 20 1 79.9113 80.488
9 1 0 85.3668 101.487
9 2 0 37.219 38.4204
9 3 0 89.0518 109.269
9 4 0 45.7657 54.1382
9 5 0 41.6699 49.2393
9 6 1 19.5014 29.1222
9 7 1 39.4782 48.1242
9 8 0 71.1166 94.8778
9 10 1 59.0305 69.3242
9 11 1 77.2023 81.3789
9 12 0 87.0423 89.8794
9 13 0 56.0472 68.7537
9 14 0 25.8278 35.5394
9 15 1 40.1567 50.3481
9 16 1 66.189 89.6975
9 17 0 19.2944 25.325
9 18 0 18.3475 23.1104
9 19 1 87.5235 91.5054
9 20 0 98.1289 110.833
10 1 0 23.8772 30.7227
10 2 0 83.5839 89.723
10 3 0 38.221 55.1796
10 4 1 7.06756 7.26065
10 5 1 53.3193 69.847
10 6 0 99.8252 131.363
10 7 0 37.4414 38.2167
10 8 0 85.5357 116.067
10 9 0 0.470032 0.530496
10 11 1 0.128974 0.160565
10 12 0 90.8514 131.916
10 13 1 36.2048 45.8379
10 14 1 9.91256 12.7899
10 15 0 4.96787 6.45867
10 16 0 77.2765 90.6571
10 17 1 17.0108 22.4254
10 18 0 71.5632 83.9244
10 19 1 38.4486 47.6077
10 20 0 12.9386 18.1329
11 1 0 39.0775 42.6174
11 2 0 45.6327 66.3663
11 3 0 52.0118 63.5059
11 4 0 93.3337 129.503
11 5 0 98.7072 106.748
11 6 0 93.9852 121.023
11 7 0 94.8115 129.425
11 8 0 1.39396 1.59045
11 9 0 75.0282 90.68
11 10 0 92.5364 124.903
11 12 1 34.1062 39.7579
11 13 0 20.9678 25.2778
11 14 0 30.8723 35.9314
11 15 0 45.072 50.8129
11 16 1 59.0069 85.9231
11 17 1 95.0209 101.604
11 18 0 28.3295 30.8398
11 19 0 8.43544 10.2509
11 20 1 58.3113 71.1876
12 1 0 6.84433 9.52519
12 2 0 52.075 69.9785
12 3 0 28.7084 34.6818
12 4 0 90.8402 118.332
12 5 0 27.8494 38.0852
12 6 0 62.3613 66.8503
12 7 1 74.0833 110.683
12 8 0 8.56126 10.6301
12 9 0 40.6992 58.1547
12 10 0 62.6893 84.3657
12 11 1 5.86521 8.69818
12 13 1 65.1235 85.5845
12 14 0 19.162 23.1372
12 15 1 18.469 27.4756
12 16 1 59.0928 69.4195
12 17 0 24.2721 28.2991
12 18 0 78.1129 115.555
12 19 1 23.6942 34.8202
12 20 0 38.8887 56.269
13 1 0 2.01458 2.58379
13 2 1 66.1567 68.5583
13 3 1 84.4666 105.279
13 4 0 0.439748 0.484855
13 5 1 80.8807 88.132
13 6 1 97.7007 130.843
13 7 0 98.7268 111.994
13 8 0 58.3473 61.8103
13 9 0 88.638 110.473
13 10 0 62.8689 80.1252
13 11 0 94.865 121.37
13 12 0 32.6406 43.4285
13 14 1 67.9129 100.198
13 15 0 61.9076 82.1377
13 16 0 33.4344 36.2337
13 17 0 55.5688 64.9685
13 18 0 37.5614 52.6667
13 19 1 86.6116 114.558
13 20 0 81.3703 121.914
14 1 0 43.0543 51.2611
14 2 1 89.214 114.142
14 3 0 9.38043 12.1814
14 4 0 55.0069 59.8438
14 5 0 38.8602 49.9419
14 6 0 23.5495 23.5868
14 7 1 59.7243 59.8834
14 8 1 30.7572 31.5184
14 9 0 45.0894 49.6281
14 10 1 74.4991 89.635
14 11 0 32.6225 37.3036
14 12 1 36.1123 47.9162
14 13 0 72.5683 108.422
14 15 1 56.1234 78.2685
14 16 0 75.9072 108.36
14 17 0 1.95512 2.91033
14 18 0 90.9804 105.546
14 19 0 12.0315 16.1158
14 20 1 75.604 82.6004
15 1 0 34.2623 44.7671
15 2 0 3.36674 4.19512
15 3 0 0.54505 0.651788
15 4 0 46.6705 69.7114
15 5 0 37.0385 45.0037
15 6 0 84.8188 92.1301
15 7 0 96.7334 118.999
15 8 1 6.5958 9.04477
15 9 0 87.0464 99.6371
15 10 1 76.1432 94.7796
15 11 1 87.0011 120.087
15 12 0 52.5874 60.4213
15 13 0 32.1811 34.4183
15 14 0 27.0187 32.4116
15 16 1 49.5033 54.3861
15 17 0 7.24005 9.07842
15 18 0 43.7052 44.04
15 19 1 90.8066 129.679
15 20 0 91.3944 91.7871
16 1 0 22.0703 23.9632
16 2 1 35.2292 46.3619
16 3 0 5.87113 6.4109
16 4 0 3.89656 5.6075
16 5 1 90.4036 124.888
16 6 0 85.8794 112.67
16 7 0 21.0515 22.8118
16 8 1 95.2773 140.429
16 9 1 39.3374 46.3227
16 10 1 71.8472 84.7675
16 11 1 73.014 79.6346
16 12 0 49.4913 59.8731
16 13 1 95.5818 106.471
16 14 0 10.82 11.5265
16 15 1 66.4358 90
16 17 1 25.1258 28.2985
16 18 1 49.7504 71.5899
16 19 0 78.9309 97.6612
16 20 0 6.94106 9.79637
17 1 0 43.6096 51.4008
17 2 0 46.6188 69.8256
17 3 0 1.24388 1.68769
17 4 0 89.4449 102.663
17 5 1 59.3399 60.5345
17 6 1 74.1304 84.6576
17 7 0 80.6616 108.297
17 8 1 49.2741 61.8011
17 9 0 55.1823 57.3496
17 10 1 60.6494 72.0636
17 11 0 97.2803 125.307
17 12 0 43.8076 45.0119
17 13 1 0.332004 0.391429
17 14 0 79.99 80.8669
17 15 0 55.5595 76.7044
17 16 1 41.1563 53.5678
17 18 1 91.4258 114.658
17 19 1 35.6187 44.3288
17 20 0 67.3702 69.1471
18 1 1 59.4198 74.1728
18 2 0 13.7798 18.288
18 3 0 54.3104 68.5609
18 4 1 55.7138 78.5646
18 5 1 27.6671 35.3959
18 6 0 3.73387 5.57431
18 7 0 13.1766 15.3157
18 8 0 10.6103 14.5967
18 9 0 7.07202 9.88845
18 10 0 50.2403 51.0728
18 11 1 13.027 13.3776
18 12 0 46.4266 67.5282
18 13 0 98.0976 99.3933
18 14 0 96.3585 107.328
18 15 0 92.4143 132.257
18 16 0 35.9428 52.9879
18 17 1 89.8137 98.1746
18 19 1 26.6942 27.8885
18 20 0 43.9876 62.2258
19 1 1 61.693 72.0612
19 2 0 6.76567 9.92436
19 3 0 84.0581 120.7
19 4 1 97.8396 125.065
19 5 0 73.4767 81.4092
19 6 1 60.5079 65.6239
19 7 0 97.8764 106.761
19 8 0 25.2129 26.396
19 9 1 17.6625 25.7221
19 10 0 68.2694 70.3332
19 11 0 98.9175 111.183
19 12 0 52.7978 64.9403
19 13 0 64.3071 74.6157
19 14 0 56.9588 59.7379
19 15 1 93.3814 117.522
19 16 1 98.2517 120.382
19 17 0 43.1338 59.0262
19 18 0 81.3591 97.6196
19 20 1 1.0498 1.08211
20 1 1 40.9066 56.8008
20 2 0 30.0909 35.6442
20 3 1 89.2388 127.129
20 4 0 9.49848 10.2803
20 5 0 91.3419 108.675
20 6 1 51.3033 70.5462
20 7 1 49.1213 57.5529
20 8 0 87.9539 126.096
20 9 1 29.2022 37.7964
20 10 1 30.3046 42.9339
20 11 1 47.7482 51.4998
20 12 1 86.5317 114.005
20 13 1 24.9209 37.2052
20 14 1 43.5513 64.6454
20 15 1 27.8533 36.2863
20 16 0 72.0236 100.305
20 17 1 53.9222 66.0655
20 18 1 58.1184 73.5505
20 19 0 49.6907 64.1667
26.2439 0.781796 4.98869 4.03723 18.1402 23.8692 14.7537 1.10718 11.4439 19.6124 13.7862 17.3811 25.4885 16.6342 30.4103 32.8801 6.21225 26.9046 32.5378 13.9267 