20
100
2
50
1 2 1 85.3485 92.9074
1 3 0 56.5095 58.248
1 4 0 30.5532 41.708
1 5 0 73.9357 78.5842
1 6 1 36.2401 38.7124
1 7 0 16.4685 23.2526
1 8 0 66.9691 76.4487
1 9 0 94.4578 141.684
1 10 0 97.0027 108.369
1 11 0 91.0234 99.4553
1 12 1 43.6737 58.7035
1 13 1 86.237 102.874
1 14 1 37.5801 43.1027
1 15 0 14.7087 14.8677
1 16 1 97.9947 113.236
1 17 0 31.2041 42.1547
1 18 0 86.1812 128.764
1 19 0 66.5045 75.3439
1 20 0 8.92457 11.0593
2 1 0 78.9961 80.1024
2 3 1 36.8 51.5707
2 4 0 7.19354 7.57269
2 5 0 36.2888 39.3215
2 6 0 40.9722 41.7633
2 7 1 5.19227 7.43174
2 8 1 56.2282 56.8342
2 9 0 11.5798 15.7723
2 10 0 23.8219 35.6009
2 11 0 84.6361 121.996
2 12 0 12.7876 12.8097
2 13 0 73.846 84.8367
2 14 0 47.6234 51.2493
2 15 0 86.1136 94.1824
2 16 1 55.4109 77.6157
2 17 0 94.4085 106.567
2 18 0 95.2955 142.895
2 19 0 41.0084 48.4705
2 20 1 19.3979 26.4926
3 1 1 27.995 39.9024
3 2 0 12.5958 15.4172
3 4 1 47.3794 50.8849
3 5 0 99.1875 102.613
3 6 0 29.9584 31.9305
3 7 0 10.5737 10.999
3 8 0 23.7355 25.6372
3 9 0 22.7379 33.8173
3 10 0 34.1872 40.7932
3 11 0 43.7726 62.0865
3 12 0 32.2027 41.9017
3 13 0 5.61078 6.94535
3 14 0 20.8541 21.5233
3 15 1 45.0784 59.4802
3 16 0 0.385745 0.40643
3 17 0 72.6933 75.0912
3 18 1 92.2472 127.228
3 19 1 59.9196 80.9133
3 20 0 2.34531 3.42
4 1 1 76.5551 98.0545
4 2 0 35.1426 39.2661
4 3 0 89.9399 124.986
4 5 1 86.9169 103.603
4 6 1 44.6307 58.2678
4 7 0 30.123 40.3879
4 8 0 12.0628 17.3263
4 9 0 39.9497 59.8546
4 10 0 40.5054 51.0669
4 11 0 35.8107 39.1875
4 12 0 64.5544 90.596
4 13 1 39.02 58.3031
4 14 1 70.2374 91.0846
4 15 0 87.4584 128.598
4 16 0 0.234115 0.323255
4 17 1 43.5412 63.4477
4 18 0 58.3891 85.6211
4 19 1 8.23979 12.2044
4 20 0 19.0807 27.7549
5 1 0 45.7684 57.0481
5 2 0 34.7768 43.433
5 3 0 79.6632 88.1704
5 4 0 5.476 7.36862
5 6 1 72.6907 81.6809
5 7 0 61.1052 63.6828
5 8 0 40.3429 56.9601
5 9 0 78.3015 113.044
5 10 0 31.6315 40.7663
5 11 0 83.2203 85.837
5 12 1 29.8084 32.5993
5 13 0 93.6753 98.5341
5 14 0 94.4511 103.872
5 15 0 28.0513 40.6772
5 16 0 33.484 36.9151
5 17 0 35.0885 49.7493
5 18 0 26.0744 28.4947
5 19 0 11.9533 16.6022
5 20 0 0.62092 0.656515
6 1 0 82.6265 88.5403
6 2 1 32.5976 36.1572
6 3 0 99.3841 100.168
6 4 0 2.95712 3.48354
6 5 0 18.6041 20.5391
6 7 1 65.81 96.3345
6 8 0 21.5706 24.5194
6 9 0 12.8272 16.4434
6 10 0 66.4283 79.2881
6 11 0 1.0917 1.57881
6 12 0 98.3817 133.22
6 13 0 3.8654 5.23413
6 14 0 30.8163 30.9877
6 15 0 67.3159 99.9699
6 16 0 61.9727 70.2545
6 17 1 93.4164 98.9729
6 18 0 78.1745 99.5879
6 19 0 28.6092 31.2698
6 20 1 62.9094 79.9875
7 1 1 99.4989 138.002
7 2 0 76.0744 86.0585
7 3 0 96.6481 130.53
7 4 0 79.0511 117.191
7 5 0 12.7245 16.6078
7 6 1 50.9051 62.9494
7 8 1 69.03 88.8304
7 9 0 13.7724 16.3772
7 10 0 54.6971 70.4274
7 11 0 8.93324 8.96631
7 12 0 36.2595 52.5923
7 13 1 48.0144 48.4429
7 14 1 75.5863 89.0449
7 15 0 44.3141 59.7568
7 16 0 86.531 87.1095
7 17 0 72.201 103.333
7 18 1 89.2838 97.1582
7 19 0 65.3598 89.1961
7 20 0 65.8045 80.9491
8 1 0 18.2526 19.3161
8 2 0 68.2215 100.365
8 3 0 16.9318 23.1257
8 4 0 72.062 102.316
8 5 0 83.783 88.56
8 6 0 78.4715 113.774
8 7 1 65.0535 70.3773
8 9 1 93.5846 128.676
8 10 0 96.6688 144.662
8 11 0 87.2056 92.6503
8 12 0 48.1992 68.943
8 13 1 70.4237 100.309
8 14 1 79.7198 99.6572
8 15 0 15.2769 22.8457
8 16 0 50.5624 69.9173
8 17 0 28.0377 34.8489
8 18 0 78.3963 107.555
8 19 1 43.8382 55.7332
8 20 0 3.9298 5.5473
9 1 0 82.7847 92.6627
9 2 0 90.7012 111.409
9 3 0 29.9264 31.3917
9 4 0 60.6334 65.8149
9 5 1 71.3808 96.1277
9 6 1 38.3854 43.6591
9 7 0 49.0884 68.7039
9 8 0 26.9672 36.118
9 10 1 75.9588 80.358
9 11 0 11.7691 14.5004
9 12 0 6.7007 8.22975
9 13 1 74.7676 108.331
9 14 0 72.7905 98.4226
9 15 0 69.1923 75.2361
9 16 0 39.9926 56.3556
9 17 0 55.7221 72.5524
9 18 0 2.9318 3.7521
9 19 0 74.5568 92.105
9 20 0 14.2391 21.289
10 1 0 88.7071 109.589
10 2 0 41.1229 57.8204
10 3 1 3.86288 4.74015
10 4 1 14.5272 18.3005
10 5 1 42.3817 62.9919
10 6 0 43.8935 56.2278
10 7 0 21.9382 26.3382
10 8 1 84.483 102.89
10 9 0 56.2817 58.2696
10 11 1 35.1268 51.3454
10 12 0 19.6924 27.4103
10 13 0 48.1675 56.0586
10 14 0 21.4777 24.2472
10 15 0 14.553 15.2684
10 16 0 97.1837 115.927
10 17 0 76.923 99.296
10 18 1 86.5856 119.965
10 19 0 76.077 109.967
10 20 1 7.69258 10.7955
11 1 0 20.6622 26.0208
11 2 0 28.1328 38.3292
11 3 0 63.4293 83.0002
11 4 0 58.3345 59.0571
11 5 0 25.3343 27.7151
11 6 0 40.2681 47.5282
11 7 0 24.7807 31.7736
11 8 0 94.4022 95.7339
11 9 1 72.8896 75.8251
11 10 0 96.3195 143.463
11 12 1 63.9943 65.0985
11 13 0 30.4576 32.4686
11 14 0 51.7779 64.0241
11 15 1 0.566838 0.775087
11 16 0 65.5023 66.2714
11 17 1 52.2901 64.6189
11 18 1 94.808 127.019
11 19 1 88.9744 125.786
11 20 1 9.34396 9.86184
12 1 0 76.0436 82.3537
12 2 1 72.9503 88.0445
12 3 0 16.4211 21.4675
12 4 1 68.5591 92.6633
12 5 1 46.5085 67.5053
12 6 0 1.56691 2.34229
12 7 0 37.4533 40.8799
12 8 0 17.7078 25.1264
12 9 0 14.7164 21.0635
12 10 1 28.0984 36.9515
12 11 1 88.4189 125.732
12 13 1 43.8758 51.0198
12 14 0 96.0284 123.818
12 15 0 9.41333 13.4085
12 16 0 70.2349 96.5169
12 17 0 16.3221 18.0581
12 18 0 63.7184 88.1182
12 19 0 78.1541 85.2873
12 20 0 39.9846 54.0839
13 1 0 55.6608 82.3788
13 2 0 90.0497 109.112
13 3 0 76.508 92.0298
13 4 1 68.8919 78.8648
13 5 0 1.77312 2.21254
13 6 0 49.7786 62.7056
13 7 0 92.3085 102.225
13 8 0 74.913 93.8743
13 9 1 65.5985 83.9849
13 10 1 12.8021 18.6176
13 11 0 14.6948 17.6839
13 12 1 53.8609 54.1993
13 14 1 74.5187 88.8292
13 15 0 90.7418 98.6832
13 16 0 35.562 37.8093
13 17 0 29.2357 37.3041
13 18 1 39.3166 49.1092
13 19 0 39.8315 57.2168
13 20 0 95.4907 132.693
14 1 1 11.3245 11.7504
14 2 0 30.4101 44.9519
14 3 0 19.2417 20.9636
14 4 0 93.244 137.273
14 5 0 44.162 63.469
14 6 0 37.8837 42.985
14 7 0 11.8381 14.7722
14 8 0 77.334 79.4903
14 9 0 37.3907 40.616
14 10 0 29.9113 38.2605
14 11 0 52.8537 72.0918
14 12 0 35.7654 51.028
14 13 0 86.6247 88.046
14 15 1 41.7408 54.5829
14 16 0 66.7104 85.1294
14 17 0 39.0549 46.1236
14 18 0 85.9964 122.688
14 19 0 6.8738 7.96733
14 20 0 14.8729 21.5092
15 1 0 40.8408 45.4861
15 2 0 4.76727 6.57375
15 3 0 17.5758 20.4981
15 4 0 0.857548 0.881534
15 5 0 89.3244 113.426
15 6 1 27.8815 33.2279
15 7 0 74.9793 105.63
15 8 1 68.5455 98.5501
15 9 1 23.4555 25.8763
15 10 0 90.6361 117.001
15 11 1 28.6935 40.4476
15 12 0 2.07033 2.99975
15 13 0 68.833 70.7163
15 14 0 25.6553 26.238
15 16 1 24.9534 25.755
15 17 0 99.8406 147.102
15 18 0 49.6107 68.7501
15 19 1 67.2201 93.398
15 20 0 28.1966 28.6863
16 1 0 49.0342 68.2172
16 2 0 52.4617 70.134
16 3 0 96.0299 106.985
16 4 0 62.7999 69.968
16 5 0 96.6594 134.256
16 6 1 47.3779 65.066
16 7 0 2.03619 2.9466
16 8 0 92.3821 95.2559
16 9 0 21.1653 25.8735
16 10 0 12.7821 18.2848
16 11 0 80.66 120.637
16 12 1 65.5881 76.3777
16 13 0 80.4797 99.4661
16 14 0 38.3406 51.0246
16 15 1 16.645 17.8913
16 17 1 12.3432 16.3128
16 18 0 42.297 50.1233
16 19 0 53.0178 70.489
16 20 0 22.2436 29.5998
17 1 1 18.2193 22.11
17 2 0 31.8357 36.7444
17 3 1 70.4887 97.3867
17 4 0 65.1648 80.0831
17 5 0 89.9577 133.343
17 6 0 75.9463 90.4492
17 7 0 85.6123 88.9307
17 8 1 52.3318 75.0892
17 9 1 39.5236 51.5447
17 10 0 88.9827 119.633
17 11 0 38.7307 41.9468
17 12 0 10.7003 15.7335
17 13 0 25.0437 28.7653
17 14 0 25.1234 31.3215
17 15 1 54.063 72.6421
17 16 1 11.172 12.517
17 18 1 98.355 142.712
17 19 0 62.9039 86.4126
17 20 0 37.0821 42.4962
18 1 0 74.5467 93.4411
18 2 1 90.458 91.0877
18 3 1 39.7123 56.9634
18 4 0 43.8737 47.4254
18 5 0 51.0493 56.6205
18 6 1 52.3598 70.0593
18 7 0 82.6187 123.231
18 8 0 58.5812 79.607
18 9 0 0.760898 0.922323
18 10 0 40.1895 57.5505
18 11 0 6.99906 7.46335
18 12 1 41.0532 51.4708
18 13 0 8.9391 9.41418
18 14 0 89.1137 114.776
18 15 0 5.96222 8.20076
18 16 0 70.7978 98.6768
18 17 0 94.3617 109.942
18 19 1 73.1133 96.4952
18 20 0 42.7325 50.6546
19 1 0 34.5501 49.4944
19 2 0 14.6453 14.8407
19 3 0 64.7075 79.6209
19 4 0 7.55725 9.91213
19 5 0 83.9936 90.9662
19 6 0 33.7384 47.2218
19 7 0 49.479 68.3584
19 8 0 41.14 48.3203
19 9 0 73.3323 87.5407
19 10 0 30.5393 34.0479
19 11 0 81.7101 90.3129
19 12 0 96.8091 129.505
19 13 0 54.3952 76.325
19 14 0 43.3895 48.1598
19 15 0 61.4936 61.7907
19 16 0 55.5447 82.8957
19 17 0 16.4511 22.5607
19 18 1 15.9427 20.9457
19 20 1 64.3849 80.3963
20 1 1 41.7425 56.9063
20 2 0 93.3518 112.042
20 3 0 64.1295 86.3957
20 4 0 10.7862 14.2829
20 5 0 47.4572 49.1682
20 6 1 93.786 133.051
20 7 0 52.4315 65.4435
20 8 0 73.2869 99.0985
20 9 0 23.0824 27.0127
20 10 0 19.6781 28.319
20 11 0 25.047 37.3653
20 12 0 37.3739 42.1742
20 13 0 96.3203 120.897
20 14 1 75.1976 86.7602
20 15 0 46.54 54.7671
20 16 0 33.2351 38.1201
20 17 0 70.268 88.5
20 18 0 6.40533 6.82675
20 19 1 66.8946 81.6795
19.511 21.7028 20.1899 35.4222 29.5805 28.5587 2.51274 12.8308 16.9161 12.2381 6.31004 8.93949 3.00862 5.37975 7.04483 20.7886 8.46864 10.3928 5.68655 35.156 