20
150
3
50
1 2 1 19.7355 27.9637
1 3 0 57.6146 72.5357
1 4 0 93.4472 108.262
1 5 1 73.9506 83.3735
1 6 0 54.4375 73.8182
1 7 0 4.24059 6.14027
1 8 0 28.1306 35.5459
1 9 0 35.2115 37.2946
1 10 0 93.9771 94.09
1 11 0 95.7858 129.639
1 12 0 60.2889 61.1166
1 13 0 47.9238 55.4295
1 14 1 60.7642 78.4213
1 15 1 1.58497 2.07691
1 16 0 39.6631 59.4446
1 17 1 68.5613 102.018
1 18 1 9.14716 10.5817
1 19 0 90.6641 97.3989
1 20 0 4.07449 5.97949
2 1 0 31.0956 46.2776
2 3 1 28.0358 33.7832
2 4 0 71.4864 75.5689
2 5 0 87.8188 96.0126
2 6 1 9.38707 11.2972
2 7 1 84.1774 117.569
2 8 0 44.8905 67.2487
2 9 1 71.1703 88.2568
2 10 0 61.4326 67.0381
2 11 0 8.96423 12.8748
2 12 0 48.1927 66.4202
2 13 1 38.6154 55.733
2 14 1 91.6229 112.794
2 15 0 74.3226 80.6531
2 16 0 79.9797 94.0076
2 17 1 72.3594 86.8249
2 18 0 75.9848 100.652
2 19 0 42.2677 42.7832
2 20 1 47.6253 52.549
3 1 0 43.8946 65.5656
3 2 0 6.96495 10.2509
3 4 1 71.876 105.167
3 5 0 99.0741 114.252
3 6 1 97.7178 120.305
3 7 1 33.2706 40.396
3 8 1 85.5219 126.536
3 9 1 71.6573 83.733
3 10 0 59.9285 72.2407
3 11 0 18.7163 26.7396
3 12 0 66.9857 89.2899
3 13 0 5.80997 7.60669
3 14 0 40.4641 48.2458
3 15 1 36.5078 53.679
3 16 0 81.7017 107.634
3 17 0 83.2395 89.3409
3 18 1 81.5415 119.822
3 19 0 68.3442 82.55
3 20 0 43.1504 61.4119
4 1 0 26.261 34.5397
4 2 0 36.2029 52.5784
4 3 0 22.9179 32.6358
4 5 1 97.8523 143.821
4 6 0 79.5461 106.75
4 7 1 76.236 105.75
4 8 1 38.3487 47.092
4 9 1 3.9521 4.61449
4 10 0 29.0298 43.2863
4 11 0 80.335 117.533
4 12 1 94.8127 125.005
4 13 0 75.5936 92.1681
4 14 0 17.8442 18.5744
4 15 1 46.4535 55.6171
4 16 0 35.7135 46.5181
4 17 0 32.338 35.0881
4 18 1 31.3878 41.4479
4 19 0 52.668 63.7498
4 20 1 82.9306 116.715
5 1 0 61.5981 66.2144
5 2 0 97.956 121.35
5 3 1 11.245 13.1958
5 4 1 2.97395 4.45906
5 6 1 61.9176 63.605
5 7 0 6.76512 9.64991
5 8 0 36.6683 45.6974
5 9 0 17.5434 23.9983
5 10 0 28.1973 35.5283
5 11 1 71.8384 73.5432
5 12 0 83.3104 110.116
5 13 0 81.5233 120.312
5 14 1 46.8491 63.026
5 15 1 11.5379 14.5091
5 16 0 88.7514 113.181
5 17 0 51.866 76.5882
5 18 1 39.0779 53.3028
5 19 1 8.00634 11.9584
5 20 1 62.8425 87.5969
6 1 0 83.8339 108.325
6 2 0 93.2211 136.724
6 3 1 87.0932 122.964
6 4 0 33.9491 47.8494
6 5 1 90.8692 107.58
6 7 1 99.5844 127.74
6 8 0 49.4252 64.385
6 9 0 68.1523 75.8103
6 10 0 79.4918 86.8441
6 11 1 88.3275 91.0234
6 12 0 15.2034 18.2799
6 13 0 59.632 81.6196
6 14 0 1.41982 1.58095
6 15 0 44.464 47.4777
6 16 0 66.5377 68.0772
6 17 0 42.3464 58.5828
6 18 0 18.9442 27.7607
6 19 0 0.289107 0.307378
6 20 1 87.537 87.5632
7 1 0 80.3342 115.077
7 2 1 15.9565 18.7829
7 3 0 51.1376 70.052
7 4 0 22.831 23.1226
7 5 1 5.4056 5.80757
7 6 1 62.5139 92.2517
7 8 1 93.7199 100.343
7 9 1 5.03685 6.91897
7 10 0 10.6523 10.8309
7 11 0 54.3035 55.7297
7 12 1 18.625 22.5633
7 13 0 30.7316 39.2394
7 14 1 70.3887 91.4691
7 15 0 22.6541 28.8383
7 16 1 20.3909 29.3771
7 17 0 51.1402 69.6322
7 18 1 5.28473 7.67703
7 19 1 64.4371 94.6417
7 20 0 32.5412 48.2725
8 1 0 8.40156 10.7494
8 2 0 0.222332 0.227233
8 3 1 13.7249 18.5659
8 4 0 77.6523 116.451
8 5 0 1.7807 2.52846
8 6 0 15.79 22.7548
8 7 1 10.3728 15.1758
8 9 1 19.843 29.0453
8 10 1 4.58375 6.73052
8 11 0 61.184 75.3291
8 12 0 2.83141 3.75438
8 13 0 87.3631 127.137
8 14 0 77.6824 86.386
8 15 0 45.046 51.0228
8 16 0 35.0187 46.8097
8 17 0 20.4011 28.8738
8 18 0 2.19716 2.58243
8 19 1 25.79 27.4404
8 20 1 95.6882 125.45
9 1 0 46.2844 58.9826
9 2 1 78.8193 117.436
9 3 0 84.6392 104.187
9 4 1 53.0023 57.0865
9 5 1 39.0826 51.3693
9 6 1 20.3427 22.1741
9 7 0 53.9369 62.5628
9 8 0 31.4994 40.1279
9 10 1 18.0966 23.4728
9 11 1 12.1868 15.0672
9 12 1 22.779 25.0654
9 13 1 42.673 50.0398
9 14 1 32.1087 33.6042
9 15 0 16.5296 19.1598
9 16 1 55.4483 61.5875
9 17 0 10.812 10.9882
9 18 1 20.3842 27.1128
9 19 0 39.3949 46.6305
9 20 0 92.3448 107.751
10 1 1 81.7257 99.1565
10 2 1 82.5614 87.859
10 3 0 37.6511 45.3289
10 4 0 72.7274 105.28
10 5 0 96.3368 106.86
10 6 0 8.94422 12.732
10 7 0 59.1192 64.0462
10 8 0 59.0233 84.1666
10 9 0 77.9296 106.099
10 11 1 60.1224 66.3611
10 12 0 85.4481 106.101
10 13 0 49.5995 49.7985
10 14 0 89.9412 113.029
10 15 0 73.6946 81.1368
10 16 0 26.5194 29.022
10 17 1 98.6142 139.965
10 18 1 78.1871 110.919
10 19 0 13.0812 17.5231
10 20 1 82.8432 107.641
11 1 0 2.20408 2.63147
11 2 1 17.7247 20.6634
11 3 0 56.24 71.8265
11 4 0 25.1689 34.0651
11 5 1 35.8466 47.2045
11 6 0 16.5439 21.3012
11 7 0 81.7831 116.08
11 8 0 93.542 100.924
11 9 1 29.6209 39.885
11 10 0 36.1671 48.4
11 12 1 36.2124 45.7949
11 13 0 2.89426 3.85438
11 14 1 59.6348 80.6049
11 15 1 75.4412 106.143
11 16 0 24.2695 35.5754
11 17 0 96.9993 104.459
11 18 0 73.3022 89.7692
11 19 0 33.5953 48.3495
11 20 0 71.0333 76.5921
12 1 1 60.9474 63.3314
12 2 0 81.004 120.765
12 3 0 89.6975 125.228
12 4 0 21.7667 25.8635
12 5 1 58.9917 77.7601
12 6 0 61.9935 73.1468
12 7 0 91.8827 120.736
12 8 0 74.7889 85.9902
12 9 1 47.3349 48.3225
12 10 0 43.8355 63.5723
12 11 0 25.544 35.3915
12 13 1 19.2942 25.6944
12 14 0 0.613842 0.752039
12 15 1 40.6486 59.3486
12 16 0 67.0894 78.1689
12 17 1 59.37 71.9515
12 18 0 16.8381 18.7888
12 19 1 64.7026 75.4393
12 20 1 20.633 29.928
13 1 0 79.5496 91.4153
13 2 0 72.3746 84.7432
13 3 0 29.5185 30.7287
13 4 1 76.3017 77.0722
13 5 1 33.7651 34.1414
13 6 0 57.0195 70.8129
13 7 1 66.822 70.6587
13 8 0 4.8472 5.17466
13 9 0 27.6245 30.2288
13 10 0 23.4676 25.0703
13 11 1 90.6423 127.575
13 12 0 45.3579 61.3741
13 14 1 36.9413 40.5242
13 15 0 43.0559 51.1255
13 16 0 29.4285 35.9117
13 17 0 0.401429 0.444593
13 18 0 89.2919 122.679
13 19 1 0.0238361 0.0288015
13 20 0 99.2883 140.209
14 1 0 25.5933 26.8114
14 2 0 72.1884 79.9407
14 3 0 65.3061 71.1599
14 4 1 34.5864 44.0721
14 5 0 29.5749 34.9504
14 6 1 65.1038 89.087
14 7 0 46.2755 46.6159
14 8 0 50.2787 61.2127
14 9 0 18.944 21.1884
14 10 0 93.3273 131.426
14 11 0 7.66647 9.00356
14 12 0 97.446 101.991
14 13 1 13.2215 18.2048
14 15 1 52.4744 54.1429
14 16 0 37.3489 47.5348
14 17 1 52.3644 78.4938
14 18 1 90.2675 109.188
14 19 1 38.6836 46.1613
14 20 1 43.9119 51.757
15 1 0 4.74149 5.6023
15 2 0 33.7913 38.9124
15 3 0 15.5685 21.8529
15 4 0 96.109 109.371
15 5 1 11.9093 16.0671
15 6 0 13.3848 19.2138
15 7 0 48.6292 67.5656
15 8 1 17.142 19.7951
15 9 0 78.1362 102.23
15 10 0 52.4463 77.3754
15 11 0 48.8694 52.2743
15 12 1 62.4823 93.5824
15 13 0 98.5509 122.914
15 14 0 95.9657 141.408
15 16 1 66.5793 83.832
15 17 0 4.16118 4.70456
15 18 1 60.6992 83.8342
15 19 0 72.0977 102.767
15 20 0 24.3795 26.7068
16 1 0 71.2386 85.9385
16 2 0 27.494 39.3176
16 3 0 13.0317 17.3436
16 4 1 98.1473 134.136
16 5 1 45.5372 62.9397
16 6 0 5.84642 6.46676
16 7 0 13.0749 14.4738
16 8 0 99.2779 129.015
16 9 0 63.6202 88.9008
16 10 0 23.7968 34.7499
16 11 0 99.5826 118.679
16 12 1 73.7062 91.014
16 13 1 13.5539 15.4674
16 14 0 43.4208 60.2197
16 15 0 64.596 77.1997
16 17 1 30.3579 39.7828
16 18 0 89.2856 113.149
16 19 0 47.9812 62.6529
16 20 1 8.20325 9.90353
17 1 1 23.0854 26.3206
17 2 0 39.5711 55.1283
17 3 0 20.6227 21.8994
17 4 0 23.1706 26.1125
17 5 1 94.1591 102.251
17 6 0 44.556 48.0342
17 7 0 65.2366 70.3966
17 8 0 9.99365 14.9256
17 9 1 53.0303 73.1612
17 10 1 25.1924 34.7014
17 11 1 63.5985 73.1319
17 12 1 85.0105 118.76
17 13 1 39.5393 54.0004
17 14 0 31.7365 32.8226
17 15 1 71.5445 89.0031
17 16 1 83.9331 94.9317
17 18 1 59.7016 76.8876
17 19 1 50.6642 53.0204
17 20 0 94.9606 132.602
18 1 0 13.8835 18.18
18 2 0 67.9008 86.2635
18 3 0 80.0686 85.1602
18 4 0 63.2118 83.7879
18 5 1 45.663 51.5401
18 6 0 40.7083 50.1998
18 7 1 9.47879 13.6182
18 8 1 72.0709 95.8323
18 9 0 50.0725 58.9121
18 10 0 71.0735 78.6803
18 11 1 79.727 98.9473
18 12 0 71.5527 75.2895
18 13 1 5.59185 5.60832
18 14 1 31.1325 45.5451
18 15 1 0.288257 0.42287
18 16 0 55.0969 63.0117
18 17 0 29.0512 40.4885
18 19 1 19.2738 26.9345
18 20 0 94.9637 114.948
19 1 0 32.0141 37.883
19 2 0 19.9726 20.3925
19 3 1 68.2391 86.076
19 4 1 59.414 84.3978
19 5 1 98.0705 98.5063
19 6 0 71.7528 95.7272
19 7 0 45.5119 59.0569
19 8 0 35.7317 46.7802
19 9 1 26.3788 26.7128
19 10 1 3.63216 5.28965
19 11 0 18.5347 25.3714
19 12 0 40.4373 51.4396
19 13 0 50.7896 68.6057
19 14 1 32.3737 43.8069
19 15 0 75.1135 77.9742
19 16 0 46.8148 65.862
19 17 0 37.718 42.3331
19 18 1 70.8595 96.9507
19 20 1 42.6738 62.3868
20 1 1 40.7987 49.3426
20 2 0 3.97341 5.39273
20 3 1 27.9148 30.4989
20 4 0 26.8833 36.3162
20 5 0 59.5912 87.3723
20 6 0 2.49779 3.3545
20 7 0 84.3997 96.9816
20 8 0 58.1336 66.8685
20 9 0 2.97484 3.89973
20 10 1 96.9249 125.21
20 11 1 80.3857 106.218
20 12 0 82.3017 111.024
20 13 0 71.6489 106.538
20 14 1 56.5324 67.7814
20 15 1 60.2721 83.949
20 16 1 48.2059 68.4421
20 17 1 50.3044 53.2288
20 18 0 36.1966 46.0729
20 19 0 26.318 38.6769
20.5375 17.985 28.8391 25.0845 19.5848 33.115 12.9751 7.05287 1.46743 2.79402 32.8713 25.7556 12.1964 14.5369 31.9425 33.7153 36.4865 27.5901 17.5633 5.57992 