20
150
2
50
1 2 1 31.4371 46.9279
1 3 0 40.0747 46.9278
1 4 1 49.1768 72.0312
1 5 1 95.7572 127.627
1 6 0 92.5951 114.372
1 7 0 19.6022 20.3548
1 8 1 62.5586 93.0126
1 9 1 8.94349 9.41143
1 10 0 31.9699 41.2772
1 11 0 36.629 52.4078
1 12 0 67.2697 70.5099
1 13 0 43.2507 49.7736
1 14 1 68.9154 95.3283
1 15 1 16.4905 23.9759
1 16 1 14.3689 18.6983
1 17 0 23.0701 33.9688
1 18 0 59.9602 68.6823
1 19 0 61.0695 70.4195
1 20 1 69.3715 84.0489
2 1 1 49.5801 59.1261
2 3 1 93.6496 135.296
2 4 0 51.8556 62.872
2 5 0 69.4316 81.1748
2 6 1 30.2133 41.7701
2 7 1 70.3724 86.9973
2 8 0 0.685675 1.01637
2 9 1 62.8227 86.0105
2 10 1 87.5413 97.0548
2 11 0 23.3505 33.3909
2 12 0 5.90631 8.6929
2 13 0 46.0638 60.3434
2 14 1 76.178 101.623
2 15 0 76.1959 112.462
2 16 1 90.34 100.746
2 17 0 77.2292 84.9394
2 18 0 43.5819 48.6458
2 19 0 29.092 42.4332
2 20 0 24.1425 24.4339
3 1 0 90.6395 113.158
3 2 0 67.3206 79.6488
3 4 1 9.21062 9.62717
3 5 1 6.60494 8.93273
3 6 0 20.4441 25.5415
3 7 0 36.49 47.028
3 8 0 2.86977 3.60535
3 9 1 53.5255 76.9104
3 10 1 14.9123 20.3824
3 11 1 70.5238 78.0857
3 12 0 62.4415 90.289
3 13 0 27.4546 39.4094
3 14 0 14.7436 18.3672
3 15 1 7.50188 9.31966
3 16 1 3.90083 4.67081
3 17 1 77.714 86.7624
3 18 1 45.7604 48.179
3 19 1 38.6083 39.1094
3 20 0 22.9205 31.5139
4 1 0 85.2161 105.498
4 2 0 45.8125 47.3323
4 3 1 86.7892 101.341
4 5 1 37.9939 53.8058
4 6 1 66.7791 70.2185
4 7 0 94.6984 99.543
4 8 0 30.6272 44.9774
4 9 0 9.93546 12.9458
4 10 0 95.298 136.914
4 11 1 11.7535 16.8797
4 12 1 37.145 45.1451
4 13 0 73.7603 103.912
4 14 1 91.5791 96.3194
4 15 0 27.8214 36.4393
4 16 0 8.71376 10.9254
4 17 0 61.9835 66.5538
4 18 1 12.8761 19.1903
4 19 1 52.1784 68.6424
4 20 0 56.6253 69.1888
5 1 0 28.8344 29.6668
5 2 0 40.8245 52.0314
5 3 0 95.1752 96.146
5 4 0 95.1825 125.917
5 6 1 92.3348 96.9727
5 7 1 35.5631 50.9066
5 8 0 89.4979 118.168
5 9 0 81.7544 109.068
5 10 1 53.2509 55.0103
5 11 1 94.0981 99.1618
5 12 1 90.5177 99.2155
5 13 0 28.715 30.6423
5 14 0 89.7404 108.969
5 15 0 52.6464 75.8167
5 16 1 79.564 85.4315
5 17 0 10.2618 14.208
5 18 1 32.7179 46.8775
5 19 0 95.9791 141.874
5 20 0 11.9922 15.492
6 1 0 70.3788 105.303
6 2 0 84.0907 99.5269
6 3 0 12.8772 15.6417
6 4 0 94.5606 114.27
6 5 0 34.4636 34.7763
6 7 1 27.8641 30.556
6 8 0 8.22978 11.9698
6 9 1 17.847 19.6843
6 10 1 30.8828 33.6869
6 11 1 28.2681 37.0233
6 12 0 37.2285 48.1629
6 13 0 64.2276 88.5661
6 14 0 3.38414 4.849
6 15 1 57.2603 67.7679
6 16 0 31.522 38.9716
6 17 0 56.3774 60.1077
6 18 1 36.5864 44.0902
6 19 1 75.1772 111.828
6 20 0 73.1235 99.264
7 1 0 90.7976 93.8675
7 2 1 47.7215 54.7148
7 3 0 94.2289 138.698
7 4 1 27.0283 31.7135
7 5 1 31.8744 39.5764
7 6 0 8.45516 9.80445
7 8 1 29.2273 39.1113
7 9 0 99.7129 103.125
7 10 0 70.6532 72.9229
7 11 0 23.4299 24.7701
7 12 1 56.3031 83.1045
7 13 1 5.83082 7.32687
7 14 0 39.7178 56.0892
7 15 1 97.5831 143.828
7 16 0 99.8398 129.892
7 17 1 11.4644 13.9184
7 18 0 88.6822 95.7834
7 19 0 1.27673 1.37318
7 20 1 88.9626 96.8261
8 1 1 17.4476 24.3581
8 2 1 45.7689 52.0744
8 3 0 34.4165 39.5956
8 4 1 98.5667 139.541
8 5 0 81.4553 97.4813
8 6 1 86.6885 91.0242
8 7 0 63.5091 79.9874
8 9 1 41.757 50.839
8 10 0 67.3718 86.2637
8 11 0 79.5211 86.9158
8 12 1 80.2505 80.4324
8 13 0 56.7889 77.4556
8 14 0 35.7569 51.5005
8 15 0 42.1204 46.5968
8 16 1 70.0303 81.8996
8 17 0 7.71724 8.90766
8 18 1 16.189 22.5042
8 19 0 88.8841 133.235
8 20 1 10.0904 13.1938
9 1 0 19.1002 27.5716
9 2 0 61.2229 65.3468
9 3 0 53.9534 68.7619
9 4 0 72.5728 85.5812
9 5 0 81.7703 104.886
9 6 1 38.9424 45.2447
9 7 0 71.1794 103.825
9 8 0 39.6321 40.6394
9 10 1 33.8599 38.0333
9 11 1 85.0429 102.055
9 12 0 5.15335 5.22301
9 13 1 66.6431 93.6159
9 14 0 98.5576 107.835
9 15 0 17.3522 18.9158
9 16 0 97.2442 105.023
9 17 0 33.0069 44.681
9 18 0 52.7951 58.1353
9 19 0 58.0223 66.9425
9 20 0 50.1589 69.2821
10 1 0 62.3682 75.662
10 2 0 76.5 96.4007
10 3 0 10.6373 14.268
10 4 1 68.8303 84.7102
10 5 0 58.217 58.8033
10 6 0 21.8389 29.1757
10 7 0 31.0511 31.5485
10 8 0 81.3708 112.979
10 9 0 49.2624 67.4205
10 11 1 73.6291 86.4338
10 12 0 27.5798 28.6259
10 13 0 79.2567 108.743
10 14 0 51.3923 70.2614
10 15 0 46.6684 55.1006
10 16 0 74.4893 97.8635
10 17 0 67.4237 76.8151
10 18 0 62.7318 67.8953
10 19 0 12.3961 17.3315
10 20 0 34.5754 44.9821
11 1 0 20.4147 29.4306
11 2 1 90.4677 96.9781
11 3 0 83.7252 125.113
11 4 0 49.2224 69.1973
11 5 0 80.4771 103.623
11 6 0 89.6908 133.836
11 7 0 45.0782 51.1263
11 8 0 79.4009 87.5167
11 9 0 39.5481 57.3686
11 10 0 52.8202 63.3241
11 12 1 20.7094 30.8586
11 13 1 24.8673 26.5657
11 14 0 3.57207 4.55103
11 15 0 38.1426 41.8627
11 16 0 80.6097 82.0931
11 17 0 51.5369 71.1191
11 18 0 6.98654 7.37279
11 19 1 96.0908 114.848
11 20 0 88.6401 118.661
12 1 1 84.4133 113.802
12 2 0 27.7169 28.4499
12 3 0 90.069 119.245
12 4 0 12.0266 17.7917
12 5 1 7.50332 7.90702
12 6 0 90.44 106.99
12 7 1 76.5182 94.4537
12 8 0 38.1528 43.162
12 9 0 19.93 27.974
12 10 0 86.9604 105.991
12 11 1 30.6199 37.2965
12 13 1 12.901 13.3536
12 14 1 74.0184 104.724
12 15 1 90.2986 119.314
12 16 1 96.8095 104.179
12 17 1 25.6448 30.0397
12 18 0 28.1535 37.9355
12 19 1 23.3601 24.5234
12 20 1 43.707 58.1852
13 1 0 10.1172 12.8742
13 2 1 40.9397 54.3533
13 3 0 65.5326 97.0216
13 4 0 76.3674 102.383
13 5 0 77.7625 83.5954
13 6 0 6.50385 9.1934
13 7 1 74.3498 76.1701
13 8 0 97.304 139.351
13 9 0 9.52108 10.1619
13 10 0 5.6479 7.60324
13 11 0 84.3053 94.3001
13 12 1 29.232 35.3393
13 14 1 84.4166 93.3577
13 15 0 26.4487 31.7926
13 16 0 58.9131 65.504
13 17 1 73.2963 99.6556
13 18 1 59.7667 74.9324
13 19 0 56.2407 63.1876
13 20 1 36.0878 48.5838
14 1 0 8.33134 9.32504
14 2 0 32.5912 33.0638
14 3 0 22.7457 27.8158
14 4 1 91.3289 91.4491
14 5 1 13.3874 14.0189
14 6 0 2.356 2.46311
14 7 0 41.0168 58.5064
14 8 0 24.3274 26.9667
14 9 0 80.4464 99.9702
14 10 0 62.7408 68.4343
14 11 1 70.3044 97.7526
14 12 0 8.22118 11.1405
14 13 0 33.9391 40.6546
14 15 1 2.44155 3.15538
14 16 0 35.213 42.5786
14 17 1 81.7358 92.8013
14 18 1 65.2843 76.0256
14 19 1 52.9857 65.6611
14 20 0 95.9847 114.582
15 1 0 26.3021 28.1863
15 2 0 95.3247 136.542
15 3 0 2.09615 2.76318
15 4 1 44.2426 54.9835
15 5 0 34.4768 47.134
15 6 0 85.8932 104.567
15 7 1 15.648 22.028
15 8 1 47.2368 56.6607
15 9 0 1.94797 2.39499
15 10 0 23.7837 30.4833
15 11 0 20.8487 22.4203
15 12 0 29.1501 39.9165
15 13 0 32.7718 35.9175
15 14 0 40.3922 51.3168
15 16 1 23.1202 30.5319
15 17 0 63.381 73.7896
15 18 1 37.9641 53.7843
15 19 0 95.0416 113.108
15 20 1 13.6743 18.5642
16 1 1 71.6454 83.4346
16 2 0 30.5881 39.0203
16 3 1 41.6481 53.7357
16 4 0 25.562 28.7702
16 5 1 29.9348 44.8859
16 6 1 33.0371 35.1653
16 7 1 79.9902 112.581
16 8 0 4.78092 5.60128
16 9 0 87.7054 127.795
16 10 0 87.5901 100.29
16 11 1 11.303 14.6786
16 12 0 26.274 33.957
16 13 1 27.0022 37.9156
16 14 0 48.641 62.0595
16 15 1 62.6456 92.0708
16 17 1 62.2599 91.3253
16 18 0 36.0221 44.4269
16 19 1 66.2835 72.1267
16 20 0 48.0619 71.1547
17 1 0 79.57 108.644
17 2 1 74.6377 87.842
17 3 0 23.2901 27.2167
17 4 1 50.1667 65.6126
17 5 1 6.16458 6.82772
17 6 0 35.2181 47.6709
17 7 0 20.4454 29.1292
17 8 0 45.0968 48.034
17 9 1 33.3055 43.3751
17 10 1 87.349 124.863
17 11 1 27.2884 36.2032
17 12 0 8.78084 10.7668
17 13 0 94.1001 133.639
17 14 0 0.300374 0.4266
17 15 1 84.8077 109.02
17 16 1 32.4186 36.0361
17 18 1 8.08713 12.1212
17 19 0 67.3554 73.0714
17 20 0 25.1533 26.1334
18 1 0 59.5209 63.3822
18 2 0 3.19353 3.69076
18 3 1 33.7461 48.991
18 4 1 38.8411 39.2931
18 5 0 26.4176 35.5088
18 6 0 10.8216 13.0615
18 7 0 63.3277 80.7231
18 8 1 32.9807 33.9577
18 9 1 3.33613 3.51917
18 10 0 41.1259 56.4611
18 11 1 54.8121 61.2889
18 12 0 63.8395 90.0333
18 13 0 37.0511 48.2585
18 14 1 70.0148 92.2563
18 15 0 31.8577 32.7518
18 16 0 18.6223 26.2478
18 17 0 36.0304 53.7941
18 19 1 6.44 7.89128
18 20 0 73.6051 86.4403
19 1 0 53.3958 78.0758
19 2 1 45.0577 64.6963
19 3 0 10.7373 11.2982
19 4 1 67.678 76.3942
19 5 0 80.7468 105.382
19 6 1 20.0127 23.8316
19 7 0 38.1038 54.5132
19 8 0 70.2781 98.1781
19 9 1 51.563 60.0092
19 10 0 91.1724 123.495
19 11 0 63.2 81.778
19 12 0 84.4475 114.441
19 13 0 92.1544 106.56
19 14 0 60.8584 83.5157
19 15 0 77.8272 81.8127
19 16 0 10.2358 13.1333
19 17 1 11.567 14.2318
19 18 0 72.3347 100.843
19 20 1 46.8534 55.8838
20 1 1 66.4849 89.444
20 2 1 6.37925 6.64279
20 3 0 64.9767 75.267
20 4 0 49.6998 66.6405
20 5 1 52.0866 76.6301
20 6 0 74.5916 98.2496
20 7 1 89.4597 107.114
20 8 0 69.933 74.2175
20 9 1 76.4488 92.8395
20 10 0 61.3835 61.4797
20 11 1 79.53 98.0381
20 12 1 16.0692 17.5798
20 13 0 0.0463944 0.0566872
20 14 0 57.1781 75.1628
20 15 0 22.1648 23.612
20 16 1 23.5313 28.4334
20 17 1 43.9656 50.485
20 18 1 4.49353 5.6608
20 19 0 84.445 120.364
14.3857 32.3372 11.3824 4.02196 14.1127 20.6512 22.9113 36.5136 10.7016 10.0173 21.3423 20.5207 0.443359 24.4523 4.15363 19.8243 15.9423 10.4649 19.1971 29.1581 