20
100
4
50
1 2 1 63.2132 76.5888
1 3 0 37.985 51.5691
1 4 0 35.1428 40.018
1 5 0 96.8096 104.409
1 6 1 5.04426 7.52885
1 7 0 15.1562 16.7334
1 8 0 23.9158 28.4679
1 9 0 57.7695 70.7763
1 10 1 24.8885 27.285
1 11 0 47.1815 56.5963
1 12 1 26.0304 32.7024
1 13 0 36.3155 49.6902
1 14 0 15.5115 20.0925
1 15 0 65.6838 72.0755
1 16 1 43.8436 52.2965
1 17 0 52.1055 69.0565
1 18 0 32.271 47.3844
1 19 0 0.192657 0.222107
1 20 0 61.9281 74.3789
2 1 0 69.1817 96.7712
2 3 1 70.2461 98.1219
2 4 0 55.9062 71.2879
2 5 0 92.9052 137.563
2 6 0 76.499 97.3643
2 7 0 29.4985 31.0313
2 8 1 78.5217 98.3424
2 9 0 57.9162 67.6878
2 10 1 79.3414 112.675
2 11 0 45.7873 53.8516
2 12 0 5.24614 6.82711
2 13 0 52.4285 62.0227
2 14 0 71.7947 89.5263
2 15 0 57.0084 78.9122
2 16 0 47.2623 54.3298
2 17 0 58.6146 68.6838
2 18 0 33.8819 44.2148
2 19 1 53.2279 75.6723
2 20 1 40.0454 44.4039
3 1 0 22.8664 23.1234
3 2 1 91.513 110.062
3 4 1 79.1136 86.0129
3 5 0 37.6524 40.5941
3 6 0 73.0641 98.2586
3 7 0 39.5844 42.8928
3 8 0 27.8898 28.5383
3 9 0 36.3596 38.1776
3 10 0 94.9675 133.018
3 11 0 1.78214 2.17697
3 12 1 1.55389 2.14446
3 13 0 56.4871 83.5733
3 14 1 46.3875 60.5645
3 15 0 24.4106 33.4271
3 16 0 88.3339 104.313
3 17 0 15.9967 23.1414
3 18 0 70.0346 83.7616
3 19 1 85.7937 112.593
3 20 0 94.1149 100.011
4 1 0 17.7995 25.5298
4 2 0 15.9699 19.6996
4 3 0 87.3803 111.17
4 5 1 16.2882 21.5156
4 6 0 1.3664 1.50182
4 7 0 77.9453 86.5473
4 8 0 44.8632 61.3481
4 9 0 68.0597 101.66
4 10 1 91.4265 98.5836
4 11 1 28.2265 36.7244
4 12 0 16.5792 18.1978
4 13 0 49.3816 60.4819
4 14 1 52.7248 59.0395
4 15 0 81.0606 119.244
4 16 1 28.5017 35.8608
4 17 1 20.5086 23.0703
4 18 0 90.5726 114.527
4 19 0 64.8727 75.1186
4 20 0 13.5374 15.7918
5 1 0 19.0273 23.5256
5 2 0 29.8676 31.7468
5 3 0 84.2821 105.723
5 4 0 58.6575 62.1938
5 6 1 88.2369 97.9928
5 7 0 85.1486 126.282
5 8 0 65.1282 71.7339
5 9 1 92.9611 128.921
5 10 0 3.82701 4.7339
5 11 0 69.2319 74.5025
5 12 0 5.96534 6.10221
5 13 0 97.6693 138.766
5 14 0 79.6918 116.603
5 15 0 17.3549 20.2419
5 16 0 88.2059 120.913
5 17 1 14.3525 18.8105
5 18 1 97.19 122.231
5 19 0 73.6324 82.1693
5 20 0 44.6307 48.1955
6 1 0 96.1324 112.956
6 2 1 2.02817 2.95413
6 3 0 57.3866 58.071
6 4 0 50.0972 65.513
6 5 0 88.6843 91.151
6 7 1 95.3661 137.785
6 8 1 56.5894 70.9077
6 9 0 21.475 31.7774
6 10 1 72.9158 91.7613
6 11 0 57.5215 59.1068
6 12 0 63.3923 87.8646
6 13 0 44.5338 54.1324
6 14 0 63.2925 94.3685
6 15 0 57.9922 82.8777
6 16 0 73.1872 99.7288
6 17 0 91.4127 115.798
6 18 0 80.3949 114.748
6 19 0 39.6357 47.1531
6 20 0 8.95985 9.13796
7 1 1 48.5746 69.9069
7 2 1 77.235 105.586
7 3 0 96.0074 109.496
7 4 0 75.2046 90.2799
7 5 1 53.6726 68.2166
7 6 0 33.068 41.4588
7 8 1 97.1094 111.659
7 9 0 17.7044 20.2138
7 10 1 58.0302 62.0275
7 11 1 88.2084 122.724
7 12 0 70.3587 90.1748
7 13 1 27.9903 36.4972
7 14 0 83.2995 104.958
7 15 0 50.47 73.8795
7 16 0 30.2059 32.7527
7 17 0 95.6596 113.355
7 18 0 75.4063 81.7286
7 19 1 53.0703 68.0135
7 20 0 63.2103 66.893
8 1 0 12.3572 13.5231
8 2 0 98.3302 117.401
8 3 0 22.9111 27.194
8 4 0 78.6378 110.335
8 5 0 7.175 9.40987
8 6 0 57.8844 68.7118
8 7 1 1.38144 1.63903
8 9 1 51.1049 75.8497
8 10 0 73.1716 88.2089
8 11 0 18.9683 26.8008
8 12 1 33.789 48.9103
8 13 0 36.9481 44.4116
8 14 0 85.9596 122.207
8 15 1 22.5587 22.7037
8 16 1 20.767 23.385
8 17 0 39.5797 57.7992
8 18 0 90.2456 109.849
8 19 0 17.8448 19.2755
8 20 0 66.6747 97.5177
9 1 0 96.9717 107.264
9 2 0 74.7021 92.4583
9 3 0 58.2459 73.6317
9 4 0 16.2715 21.0417
9 5 0 13.6228 16.7981
9 6 0 17.872 24.4524
9 7 1 61.7406 61.9443
9 8 0 9.57633 9.96706
9 10 1 73.8521 82.856
9 11 0 19.2164 28.1274
9 12 0 85.5336 87.0418
9 13 1 80.9419 105.499
9 14 0 31.5599 35.5619
9 15 0 15.6884 19.6617
9 16 0 32.1598 45.2535
9 17 1 79.126 87.0261
9 18 1 63.7639 86.2828
9 19 0 95.693 125.188
9 20 1 86.4471 108.404
10 1 0 71.9679 96.2223
10 2 0 30.5352 32.6172
10 3 0 75.8426 92.2269
10 4 0 17.0806 22.5181
10 5 0 70.5908 77.3854
10 6 0 17.3706 23.1438
10 7 1 70.8045 78.0842
10 8 1 10.6736 12.4676
10 9 0 60.448 87.1033
10 11 1 38.4397 42.8332
10 12 1 63.5035 85.1309
10 13 1 38.4772 52.7455
10 14 0 85.619 104.259
10 15 0 56.8453 71.132
10 16 0 70.1768 104.994
10 17 0 31.15 31.3904
10 18 0 62.142 79.4426
10 19 0 56.3991 76.268
10 20 0 54.4135 75.3275
11 1 0 52.0579 55.7017
11 2 1 17.6449 17.7811
11 3 0 91.2793 131.484
11 4 0 0.785814 1.07384
11 5 1 75.0327 109.935
11 6 0 19.7817 28.7813
11 7 0 5.90658 8.56479
11 8 1 33.663 36.6661
11 9 1 19.627 28.226
11 10 0 58.5466 69.203
11 12 1 92.2727 136.234
11 13 0 45.3743 59.7
11 14 0 75.38 77.3945
11 15 0 41.6885 52.3165
11 16 0 2.8398 3.57893
11 17 1 6.57117 9.32629
11 18 0 27.4479 34.3394
11 19 1 47.4775 58.7324
11 20 0 63.1138 68.4102
12 1 0 99.1507 113.851
12 2 0 97.3772 118.433
12 3 0 30.5906 44.2164
12 4 0 79.2707 105.356
12 5 0 71.4904 80.946
12 6 0 27.6599 39.6151
12 7 0 1.84056 2.14689
12 8 0 83.4832 123.791
12 9 0 53.6064 61.8276
12 10 0 4.50883 5.24365
12 11 0 72.5192 90.8646
12 13 1 35.3967 37.7224
12 14 0 74.688 83.5733
12 15 0 30.4695 34.6349
12 16 0 12.6851 18.3608
12 17 0 50.1833 73.2767
12 18 0 79.8511 109.534
12 19 0 98.6885 134.589
12 20 1 0.736372 0.921055
13 1 0 66.5362 72.4561
13 2 0 58.4338 74.038
13 3 0 64.0015 78.3284
13 4 1 67.8961 94.2685
13 5 0 44.8473 54.367
13 6 1 1.86906 2.062
13 7 0 94.4038 136.323
13 8 0 87.098 128.887
13 9 0 38.2314 46.2487
13 10 0 26.0807 31.2117
13 11 0 85.4981 109.387
13 12 0 88.3602 98.836
13 14 1 34.3812 40.771
13 15 0 76.2126 87.5823
13 16 1 13.3291 13.3705
13 17 0 22.9519 33.1231
13 18 0 89.92 96.656
13 19 0 31.9313 35.1493
13 20 1 27.5607 28.7981
14 1 0 10.5988 15.7795
14 2 0 0.0348438 0.0509605
14 3 0 68.9883 101.033
14 4 0 57.5287 79.7951
14 5 1 48.1409 66.7697
14 6 0 34.2755 41.6905
14 7 0 86.8732 91.6849
14 8 0 34.1484 45.9433
14 9 1 9.07612 11.7761
14 10 0 1.70178 2.24926
14 11 0 74.0247 77.3285
14 12 0 5.05084 6.2831
14 13 0 77.5112 104.989
14 15 1 22.9626 33.573
14 16 0 35.3553 40.05
14 17 0 86.4686 89.8461
14 18 0 42.4171 55.8989
14 19 0 22.216 32.5307
14 20 1 7.1796 9.55716
15 1 0 70.788 89.6862
15 2 1 33.6211 41.6659
15 3 0 4.19889 5.98025
15 4 0 39.7408 40.0973
15 5 1 69.0968 100.222
15 6 1 33.2516 41.4397
15 7 0 59.8624 89.6879
15 8 0 2.85028 4.09309
15 9 0 33.4973 44.7959
15 10 1 54.6094 77.31
15 11 0 59.8249 72.4532
15 12 0 20.5695 21.8689
15 13 0 12.8496 14.7392
15 14 0 97.0212 103.963
15 16 1 7.35547 10.0699
15 17 0 59.8877 73.3867
15 18 1 22.1974 24.389
15 19 1 35.0366 39.1626
15 20 0 67.6046 74.0736
16 1 0 89.1953 100.032
16 2 0 15.8855 22.1965
16 3 0 57.2229 84.2703
16 4 0 69.4407 72.11
16 5 0 1.37173 1.66389
16 6 1 11.7119 16.2852
16 7 1 9.35765 12.927
16 8 0 71.5376 104.976
16 9 0 79.0756 89.339
16 10 0 49.4856 60.9544
16 11 0 90.3795 107.612
16 12 0 6.36909 8.86704
16 13 0 28.5494 40.0459
16 14 1 89.4819 114.624
16 15 1 79.3266 118.626
16 17 1 88.4358 121.669
16 18 0 73.437 108.959
16 19 0 44.7836 65.0223
16 20 0 5.04756 5.84185
17 1 0 12.4931 14.8841
17 2 0 92.8618 127.926
17 3 0 29.6842 41.2443
17 4 0 49.341 65.0033
17 5 0 2.46798 2.80831
17 6 0 23.0138 25.2565
17 7 0 93.4466 105.005
17 8 0 4.0597 5.2801
17 9 0 40.3771 53.7788
17 10 0 23.3534 30.7727
17 11 0 91.1657 101.795
17 12 0 22.3933 24.1539
17 13 1 82.5253 115.918
17 14 1 73.586 95.3795
17 15 1 61.8427 81.5775
17 16 0 31.8911 39.0269
17 18 1 68.3605 90.9414
17 19 0 72.7796 97.0888
17 20 0 48.0502 70.9208
18 1 0 84.3295 107.953
18 2 0 13.4258 14.9736
18 3 0 67.7944 77.0647
18 4 0 34.641 38.8558
18 5 0 57.5934 74.5012
18 6 0 12.8624 13.2712
18 7 0 89.4408 130.567
18 8 1 78.4829 82.9872
18 9 0 56.0864 68.2363
18 10 0 83.6629 91.8911
18 11 1 33.9495 48.657
18 12 0 40.1239 53.5773
18 13 0 61.1402 72.3251
18 14 0 80.5165 82.675
18 15 0 72.9658 80.5585
18 16 1 11.3456 16.8136
18 17 0 18.082 20.8391
18 19 1 89.6317 114.874
18 20 1 14.6827 16.4348
19 1 1 45.6069 47.3371
19 2 1 22.5576 23.6242
19 3 0 3.01145 3.61732
19 4 0 25.3461 29.9763
19 5 1 77.8015 100.504
19 6 0 31.7491 39.0338
19 7 0 6.5435 8.32224
19 8 1 42.5804 48.8389
19 9 0 62.9461 77.268
19 10 0 4.88423 6.2718
19 11 0 63.5188 86.7078
19 12 0 32.2666 38.7229
19 13 0 4.30603 5.25271
19 14 0 4.96421 6.49754
19 15 0 11.2478 15.9353
19 16 0 81.9043 84.6693
19 17 0 61.2189 73.3817
19 18 0 77.7885 91.3596
19 20 1 31.3015 45.6377
20 1 1 93.3844 111.86
20 2 0 2.89778 4.02398
20 3 0 20.904 21.6834
20 4 1 72.1823 81.1558
20 5 0 12.6722 16.7088
20 6 0 47.3235 57.42
20 7 0 85.0737 116.426
20 8 0 29.9975 35.7414
20 9 0 97.7535 125.101
20 10 0 20.1055 24.4594
20 11 0 2.02788 2.26139
20 12 0 56.6967 59.6134
20 13 0 3.79875 4.45539
20 14 0 41.3476 58.0512
20 15 0 47.6368 50.4287
20 16 0 27.7207 34.5681
20 17 0 33.7318 35.08
20 18 0 42.4266 44.3553
20 19 1 31.2753 39.5008
32.7949 19.517 7.32815 32.1662 3.16477 34.8814 22.3463 4.19727 10.405 31.5256 28.6702 5.35911 17.7247 31.9876 21.5836 35.6066 19.5543 22.4637 31.4029 14.7957 