20
100
4
100
1 2 1 41.5626 50.5852
1 3 1 87.0908 128.95
1 4 0 91.5089 94.351
1 5 0 52.8737 65.5815
1 6 0 96.6802 100.119
1 7 1 80.4528 94.0893
1 8 0 45.9624 53.2631
1 9 0 12.618 14.7444
1 10 0 10.6069 13.9231
1 11 0 9.47008 10.0077
1 12 1 78.9679 84.9358
1 13 1 50.3723 61.4948
1 14 0 81.2724 112.639
1 15 0 4.34611 5.22949
1 16 0 60.998 64.1401
1 17 0 0.403825 0.494371
1 18 1 46.3113 58.5104
1 19 1 7.96603 8.48766
1 20 0 67.6097 101.253
2 1 1 98.7719 114.989
2 3 1 62.9499 63.5206
2 4 0 79.4091 114.309
2 5 0 81.4008 86.7166
2 6 0 82.1818 105.939
2 7 0 20.8492 22.9068
2 8 0 5.81961 7.9238
2 9 0 29.4376 33.8017
2 10 0 35.3338 39.8666
2 11 0 32.0311 35.5007
2 12 1 82.0737 114.429
2 13 0 11.856 16.1899
2 14 0 14.2835 16.7522
2 15 1 85.1299 105.032
2 16 0 79.9531 81.6141
2 17 1 98.1806 123.172
2 18 0 64.7636 75.479
2 19 0 4.04582 4.88474
2 20 0 97.7994 113.855
3 1 1 54.4965 79.2129
3 2 0 82.9353 123.56
3 4 1 89.9199 125.417
3 5 0 71.9969 81.3225
3 6 0 86.4487 123.083
3 7 0 0.342009 0.420088
3 8 0 29.7982 35.7196
3 9 0 13.8194 13.9051
3 10 0 90.4445 135.061
3 11 0 43.7787 55.5214
3 12 0 18.6862 22.2376
3 13 0 92.9578 105.872
3 14 1 72.2426 87.9124
3 15 0 88.0283 101.241
3 16 1 14.8592 19.5719
3 17 0 56.2394 63.9732
3 18 0 82.2803 86.4817
3 19 0 85.3267 95.7674
3 20 0 92.1286 93.0385
4 1 0 92.9086 132.94
4 2 0 72.8358 75.062
4 3 0 15.339 20.4394
4 5 1 79.9819 91.5465
4 6 0 48.1379 70.7606
4 7 0 90.8709 114.11
4 8 0 50.7426 51.4459
4 9 0 98.2318 111.757
4 10 0 53.1018 72.7651
4 11 0 48.33 71.4076
4 12 0 34.4556 36.1278
4 13 0 61.9748 64.2532
4 14 0 58.0014 68.7226
4 15 0 86.8697 117.206
4 16 0 40.9575 45.0617
4 17 0 63.6985 84.5042
4 18 0 22.6077 25.5204
4 19 0 28.5617 35.3372
4 20 0 72.4342 79.9167
5 1 0 31.343 43.2642
5 2 0 10.7498 13.0208
5 3 0 79.5972 95.5746
5 4 1 1.37648 1.9284
5 6 1 66.8622 87.7891
5 7 1 15.3962 22.8779
5 8 0 82.4283 98.2288
5 9 0 89.364 108.611
5 10 1 2.71496 4.07102
5 11 1 62.2277 62.7518
5 12 0 81.4088 82.0227
5 13 0 87.456 120.854
5 14 0 36.3561 41.4363
5 15 0 30.7658 40.0614
5 16 0 69.1795 74.4979
5 17 0 55.8106 57.2082
5 18 0 75.4203 104.334
5 19 1 2.92738 3.27835
5 20 1 66.3183 91.4679
6 1 0 68.2704 73.7213
6 2 0 94.98 104.516
6 3 0 45.4424 46.9461
6 4 0 38.6565 51.2746
6 5 1 41.779 61.6344
6 7 1 82.0755 87.8063
6 8 1 86.7889 121.291
6 9 0 61.3781 79.2296
6 10 0 12.1013 16.7788
6 11 0 45.4603 56.9035
6 12 1 82.3613 98.5082
6 13 1 96.9233 102.775
6 14 0 82.3158 110.636
6 15 0 66.7325 98.3215
6 16 0 29.3038 39.6035
6 17 0 42.7691 56.1744
6 18 0 83.5325 98.5787
6 19 0 89.6732 97.9724
6 20 1 73.1342 82.5447
7 1 0 99.0726 103.733
7 2 0 72.493 104.548
7 3 0 78.2456 109.719
7 4 1 51.2978 68.0389
7 5 0 81.5724 91.1577
7 6 1 56.9683 80.9469
7 8 1 45.9442 64.8056
7 9 1 58.8128 67.8264
7 10 0 97.3855 101.636
7 11 0 73.7096 92.2529
7 12 0 37.0858 51.5454
7 13 0 31.2844 32.1265
7 14 1 13.6815 14.3531
7 15 0 21.1155 31.5149
7 16 0 63.1462 90.0863
7 17 1 21.6022 21.9934
7 18 0 15.4873 22.995
7 19 0 71.2748 77.2297
7 20 0 19.9605 29.585
8 1 0 61.0499 85.0436
8 2 0 48.0398 62.2964
8 3 0 87.6082 129.135
8 4 0 65.9117 74.2528
8 5 0 36.9592 55.1562
8 6 1 36.1607 44.8834
8 7 1 11.5762 15.3509
8 9 1 60.8894 80.6808
8 10 1 34.7263 49.3498
8 11 0 61.9667 92.5712
8 12 0 90.9404 91.5292
8 13 1 95.3917 121.455
8 14 0 9.257 11.1004
8 15 0 59.018 87.3329
8 16 0 74.1466 84.1834
8 17 1 55.479 59.6003
8 18 0 75.3234 102.327
8 19 1 59.7746 86.97
8 20 0 61.3199 80.7407
9 1 0 18.7185 26.0634
9 2 1 0.100726 0.142325
9 3 1 32.0935 42.1977
9 4 0 52.9286 66.6034
9 5 0 34.9969 37.1408
9 6 1 35.8518 53.6542
9 7 0 89.4217 131.375
9 8 0 87.7226 126.551
9 10 1 57.1156 62.8724
9 11 1 19.8169 22.4395
9 12 0 36.1834 43.6853
9 13 0 10.3402 13.0752
9 14 0 74.1437 107.545
9 15 0 62.4803 63.9967
9 16 0 1.41825 1.83842
9 17 0 87.134 105.125
9 18 0 89.4596 129.608
9 19 0 41.1982 52.6128
9 20 1 77.959 84.1081
10 1 1 80.3188 94.1232
10 2 1 0.472125 0.520973
10 3 0 71.486 101.451
10 4 0 73.1086 109.198
10 5 0 95.4447 102.694
10 6 0 9.53832 10.495
10 7 0 65.0381 76.4452
10 8 0 95.8268 137.927
10 9 0 21.1663 29.2235
10 11 1 81.3742 117.273
10 12 1 93.1813 98.7677
10 13 0 3.12427 4.57804
10 14 0 37.3322 53.4267
10 15 0 99.2899 119.508
10 16 0 13.1398 16.6348
10 17 0 66.5005 84.1859
10 18 0 54.5375 58.1798
10 19 0 6.91856 10.3041
10 20 0 10.5206 11.1819
11 1 1 41.2104 60.9234
11 2 1 70.4051 79.1041
11 3 0 42.2447 60.0333
11 4 0 34.3816 44.5006
11 5 0 59.0543 78.087
11 6 1 18.4981 21.5209
11 7 0 36.5733 42.2641
11 8 0 56.0367 69.6442
11 9 1 28.5949 30.2161
11 10 0 73.1468 89.5625
11 12 1 33.0988 39.0382
11 13 0 61.8737 69.6565
11 14 0 38.5834 57.7992
11 15 0 58.1595 65.2475
11 16 0 9.40324 12.1245
11 17 0 73.2929 103.835
11 18 0 89.7007 121.277
11 19 0 69.4395 80.5821
11 20 0 51.6901 71.1611
12 1 0 11.2209 12.5336
12 2 0 34.3718 51.245
12 3 0 54.5148 58.579
12 4 1 41.4703 53.7478
12 5 0 54.8019 60.0902
12 6 0 68.2212 79.1681
12 7 0 53.9316 76.8723
12 8 0 21.1991 26.9453
12 9 1 33.1774 48.8985
12 10 0 15.1882 19.7629
12 11 0 12.5516 14.7154
12 13 1 98.3332 119.83
12 14 0 25.7936 30.5052
12 15 0 12.3807 16.8664
12 16 0 54.6746 81.8177
12 17 0 38.9638 57.65
12 18 1 53.3876 74.0299
12 19 0 5.68515 6.42156
12 20 0 99.3607 113.736
13 1 0 73.5515 109.561
13 2 0 87.2471 98.5043
13 3 0 64.7748 82.1202
13 4 1 22.6756 25.3239
13 5 0 68.1007 70.8438
13 6 0 93.0469 118.445
13 7 0 33.42 37.4548
13 8 0 8.11434 9.13009
13 9 0 93.6677 107.534
13 10 1 34.5171 37.1395
13 11 0 54.2358 69.7911
13 12 0 12.0527 16.808
13 14 1 91.6695 129.006
13 15 0 75.8691 101.427
13 16 0 44.6048 56.8155
13 17 0 86.8373 112.537
13 18 0 27.6464 39.0449
13 19 0 80.7002 103.71
13 20 0 86.5138 125.228
14 1 0 94.8055 131.546
14 2 1 8.54008 12.3207
14 3 0 25.6605 36.1349
14 4 0 96.0581 100.204
14 5 0 17.1356 23.9557
14 6 1 40.2067 57.9592
14 7 0 50.3845 56.414
14 8 0 28.0213 30.1396
14 9 0 95.9446 142.355
14 10 0 40.5078 42.7624
14 11 0 80.1667 82.1087
14 12 0 48.485 54.3277
14 13 1 44.9627 55.2014
14 15 1 53.1419 55.7266
14 16 0 94.7754 111.225
14 17 0 52.7035 71.1892
14 18 1 61.3897 77.7477
14 19 0 29.4076 42.2995
14 20 1 90.0474 121.74
15 1 0 61.7201 84.1669
15 2 0 63.594 66.4607
15 3 0 33.1858 47.2625
15 4 0 29.5071 30.0524
15 5 0 23.5429 27.1505
15 6 0 55.2299 80.4673
15 7 1 52.9884 71.3367
15 8 0 69.3618 75.603
15 9 0 30.37 44.7505
15 10 1 27.556 32.5914
15 11 0 76.8402 92.0458
15 12 1 64.9114 83.5119
15 13 0 19.6709 27.9204
15 14 0 64.2475 83.1216
15 16 1 89.7656 108.735
15 17 0 85.5981 111.742
15 18 0 88.0953 115.434
15 19 0 72.2806 75.5116
15 20 0 42.0437 45.2997
16 1 0 93.5575 114.816
16 2 1 26.4393 27.6972
16 3 0 69.1879 93.5735
16 4 0 20.3877 26.4852
16 5 0 57.3921 73.2089
16 6 0 86.2161 127.301
16 7 1 19.2483 21.5505
16 8 0 34.983 49.5429
16 9 0 32.5338 47.6015
16 10 0 8.14111 8.25363
16 11 0 97.3461 109.504
16 12 1 47.8338 52.9578
16 13 0 45.4147 50.2403
16 14 0 84.7167 119.331
16 15 0 95.2259 131.859
16 17 1 41.4359 45.3586
16 18 1 23.8499 25.9939
16 19 1 33.5654 35.7684
16 20 1 67.145 78.9315
17 1 0 48.8864 59.1793
17 2 1 62.2962 85.8775
17 3 0 48.0942 68.9822
17 4 0 23.2994 25.8246
17 5 0 13.6313 17.0219
17 6 1 30.5732 44.3646
17 7 1 56.6472 58.6282
17 8 1 59.9093 82.4681
17 9 0 93.5943 130.632
17 10 1 45.8083 52.322
17 11 0 12.1859 17.0456
17 12 0 4.82967 4.84124
17 13 0 69.7238 78.5865
17 14 0 12.6278 14.4016
17 15 0 66.3702 73.0612
17 16 1 45.1909 52.3898
17 18 1 39.1778 46.1078
17 19 0 87.327 103.741
17 20 0 8.28767 9.72586
18 1 0 5.76238 8.07375
18 2 0 59.9259 63.6234
18 3 0 35.9806 51.5168
18 4 0 6.87018 10.0139
18 5 1 84.8976 97.1123
18 6 0 35.6747 45.1194
18 7 0 0.664207 0.901494
18 8 0 90.2516 106.116
18 9 0 6.08823 8.20191
18 10 0 74.6827 95.1684
18 11 0 24.9375 31.468
18 12 0 61.4902 90.9027
18 13 1 91.8308 121.388
18 14 0 25.2186 28.482
18 15 0 99.7925 137.289
18 16 1 48.3526 61.2743
18 17 0 59.2347 67.352
18 19 1 90.9159 128.628
18 20 0 99.0397 136.503
19 1 0 71.8835 103.239
19 2 0 50.3396 50.5372
19 3 0 88.3632 88.6976
19 4 0 8.43361 9.18391
19 5 0 63.3351 91.8707
19 6 1 88.9275 112.963
19 7 1 76.4879 94.8132
19 8 0 23.3826 31.825
19 9 0 56.8636 73.6198
19 10 0 83.782 84.8449
19 11 0 40.2412 50.1709
19 12 0 57.7697 79.3317
19 13 0 77.0508 81.1635
19 14 0 76.0364 97.9556
19 15 0 23.7937 25.8773
19 16 0 44.5991 54.413
19 17 1 63.9293 81.7438
19 18 0 21.5614 28.0879
19 20 1 7.08628 10.3308
20 1 1 31.5715 46.1178
20 2 1 0.960623 1.03215
20 3 0 44.3273 61.6043
20 4 0 10.1018 12.4651
20 5 0 64.9824 80.74
20 6 0 81.5004 82.7393
20 7 0 93.4648 121.023
20 8 0 54.3584 70.3146
20 9 0 33.5925 42.6917
20 10 1 79.9758 83.0602
20 11 0 4.91137 5.7434
20 12 0 43.711 64.5807
20 13 0 91.0403 131.029
20 14 0 3.11844 4.20309
20 15 0 53.4799 73.2056
20 16 0 11.6085 17.268
20 17 0 16.3366 22.1386
20 18 0 14.3381 20.8243
20 19 0 93.7816 93.7981
33.6263 12.9199 13.6287 17.9968 11.4346 7.64273 6.2735 0.81475 29.3647 29.6455 21.8859 7.24165 4.05656 15.434 39.9357 30.4708 24.1002 16.4367 11.3068 28.2527 