20
300
4
100
1 2 1 49.4511 72.2802
1 3 1 91.6301 131.134
1 4 1 8.26127 9.84809
1 5 1 33.5429 36.6278
1 6 0 32.661 46.2822
1 7 1 52.716 77.1807
1 8 1 81.6707 89.8796
1 9 1 24.237 25.4295
1 10 1 20.8307 25.0152
1 11 1 43.3872 52.6409
1 12 1 55.0498 72.5654
1 13 1 50.5264 75.0462
1 14 1 95.9307 101.079
1 15 1 1.90591 2.24692
1 16 0 96.5557 118.041
1 17 1 40.1536 56.8697
1 18 0 57.0608 80.0319
1 19 1 20.4636 28.061
1 20 1 12.8708 16.9985
2 1 1 54.0757 56.9747
2 3 1 44.069 57.9461
2 4 1 10.5149 11.4852
2 5 1 11.0952 12.5372
2 6 0 17.7952 21.4975
2 7 0 26.2744 26.4738
2 8 1 4.40593 6.3236
2 9 1 10.5821 13.8594
2 10 0 84.72 102.079
2 11 1 50.3952 72.175
2 12 1 69.8364 70.5407
2 13 1 15.3588 17.5438
2 14 0 41.246 60.2044
2 15 1 18.7371 19.4354
2 16 1 89.5818 105.995
2 17 1 26.6881 34.319
2 18 1 1.13597 1.35621
2 19 1 61.3019 68.1171
2 20 0 60.745 74.924
3 1 1 11.5345 12.7903
3 2 1 56.3474 76.5207
3 4 1 86.9426 124.335
3 5 1 31.03 32.3109
3 6 1 21.2414 21.9792
3 7 1 13.7959 17.5819
3 8 1 79.3575 85.5942
3 9 0 24.2037 29.3446
3 10 1 54.9243 57.8623
3 11 1 68.0098 98.9439
3 12 1 95.0986 95.8536
3 13 1 0.607702 0.771909
3 14 1 86.78 96.572
3 15 1 67.1932 88.648
3 16 1 21.0159 24.2398
3 17 1 51.1109 71.8205
3 18 1 21.5437 24.3505
3 19 1 15.8555 20.6559
3 20 1 11.68 17.43
4 1 1 23.2703 24.0144
4 2 1 51.5857 66.7085
4 3 1 82.7634 108.019
4 5 1 52.0886 63.3627
4 6 1 36.0187 50.2422
4 7 1 31.2716 42.5169
4 8 0 97.1974 141.532
4 9 0 39.9034 53.3953
4 10 1 13.6443 17.6713
4 11 1 20.3177 29.8405
4 12 1 5.25293 6.6481
4 13 1 92.2149 125.244
4 14 0 0.312494 0.394537
4 15 1 20.4587 27.9983
4 16 1 68.1646 70.2341
4 17 1 21.9323 29.4742
4 18 0 90.1551 118.772
4 19 0 5.17618 7.29999
4 20 0 41.8061 53.2055
5 1 1 61.6417 80.359
5 2 1 59.5837 82.648
5 3 0 59.4541 78.0694
5 4 1 45.0102 57.7237
5 6 1 76.1258 111.303
5 7 1 29.33 32.5652
5 8 0 15.8714 22.2668
5 9 1 86.026 96.7724
5 10 1 49.558 53.4929
5 11 0 77.1762 99.4328
5 12 0 33.4997 33.7773
5 13 1 50.0233 60.9161
5 14 0 6.11327 7.12122
5 15 1 46.4249 65.4815
5 16 0 22.5855 28.8805
5 17 1 53.6956 78.1048
5 18 1 0.084549 0.119245
5 19 0 14.3438 16.0435
5 20 1 91.3291 110.562
6 1 1 34.3972 51.2718
6 2 1 45.7934 53.8491
6 3 1 29.1253 40.882
6 4 1 29.7026 43.8977
6 5 1 57.0419 83.4516
6 7 1 86.2396 108.367
6 8 1 78.7054 99.6975
6 9 1 79.0713 87.5958
6 10 1 87.34 89.4122
6 11 1 42.2435 46.0487
6 12 1 63.4949 87.4694
6 13 1 88.7791 104.821
6 14 1 61.971 66.425
6 15 1 86.4177 114.483
6 16 0 25.6549 37.3116
6 17 1 96.0009 130.245
6 18 1 13.6562 19.6582
6 19 0 21.4324 27.6237
6 20 1 94.7958 96.5476
7 1 1 46.0441 59.0063
7 2 1 57.7888 71.7763
7 3 1 15.9832 21.5858
7 4 1 12.1901 12.428
7 5 1 39.3223 41.8797
7 6 1 97.8516 130.978
7 8 1 81.2734 97.4459
7 9 1 66.6733 84.0123
7 10 1 46.2101 64.7858
7 11 0 35.5748 51.7389
7 12 1 93.881 119.45
7 13 1 49.9634 56.993
7 14 1 2.16471 3.18973
7 15 0 38.509 41.9891
7 16 1 15.8541 23.0143
7 17 0 5.19017 5.5426
7 18 1 29.4129 36.146
7 19 0 2.70816 4.0135
7 20 1 45.5902 58.5107
8 1 1 68.0837 74.0804
8 2 0 93.1022 110.833
8 3 0 15.1778 18.8059
8 4 1 63.0377 84.169
8 5 1 61.596 85.3732
8 6 0 77.351 80.849
8 7 1 82.269 90.8325
8 9 1 95.6022 108.664
8 10 1 2.90724 3.74903
8 11 1 68.3354 80.5222
8 12 1 57.7289 60.5964
8 13 1 6.28936 9.09303
8 14 1 78.5926 108.407
8 15 1 23.8368 28.9931
8 16 0 8.58946 9.02149
8 17 0 89.7038 110.211
8 18 1 44.3671 48.569
8 19 1 13.117 13.3261
8 20 1 31.2504 36.9777
9 1 0 51.3309 54.5171
9 2 1 86.8499 100.539
9 3 1 39.0022 45.5837
9 4 0 34.7445 38.5625
9 5 0 83.2274 103.736
9 6 1 57.7231 67.4053
9 7 1 80.3885 109.843
9 8 1 51.0491 62.4699
9 10 1 63.0058 90.7528
9 11 1 25.5866 31.2016
9 12 1 10.546 13.3758
9 13 1 31.1606 32.6088
9 14 1 88.1102 101.177
9 15 1 62.3189 85.1185
9 16 1 33.6185 34.7422
9 17 1 88.7104 106.43
9 18 1 74.943 100.073
9 19 1 22.8099 25.7091
9 20 1 82.6828 116.839
10 1 1 48.6759 66.3099
10 2 1 62.0245 63.5161
10 3 1 66.3064 72.2824
10 4 0 47.0447 62.1581
10 5 1 54.4473 68.4625
10 6 1 45.0037 48.764
10 7 1 94.1589 119.741
10 8 0 17.6917 24.4156
10 9 1 50.4368 64.5912
10 11 1 91.7468 113.818
10 12 0 50.3321 58.0046
10 13 1 24.6402 29.4856
10 14 1 54.1038 63.1723
10 15 0 88.3797 90.0074
10 16 1 55.486 76.0973
10 17 1 38.3914 46.884
10 18 1 13.7833 16.1082
10 19 0 28.422 41.0565
10 20 1 30.6465 37.3215
11 1 0 11.7429 13.401
11 2 1 38.4382 45.9066
11 3 0 89.7158 93.7644
11 4 0 44.8758 53.4712
11 5 1 97.6932 143.709
11 6 1 60.211 76.023
11 7 1 95.8762 142.328
11 8 1 29.8642 40.3018
11 9 1 63.1377 94.4386
11 10 1 77.956 105.52
11 12 1 6.14854 7.10605
11 13 0 27.6648 41.0766
11 14 1 58.0191 81.6671
11 15 0 95.7531 121.645
11 16 1 35.2439 49.0572
11 17 0 55.7951 73.052
11 18 0 28.3983 33.8402
11 19 1 43.9674 44.8765
11 20 0 55.2466 67.8104
12 1 1 54.3424 75.1121
12 2 0 94.1453 135.969
12 3 1 16.4207 22.2097
12 4 1 28.085 38.5264
12 5 1 78.3719 89.3015
12 6 1 21.6043 25.8806
12 7 1 75.0074 80.6403
12 8 1 16.7941 22.2915
12 9 1 53.9905 68.9232
12 10 1 99.9249 131.974
12 11 1 29.0149 30.1146
12 13 1 10.8916 14.3763
12 14 1 55.8181 57.9756
12 15 1 19.5988 22.382
12 16 1 67.1829 67.4671
12 17 1 90.9957 98.6865
12 18 0 63.0739 90.755
12 19 0 60.3211 81.3829
12 20 1 53.4144 72.1917
13 1 1 78.0137 87.9475
13 2 0 43.4698 60.0905
13 3 1 65.9626 87.2477
13 4 0 54.0384 78.8569
13 5 0 40.4306 50.6881
13 6 1 34.1895 41.7871
13 7 1 1.44036 1.89451
13 8 1 44.9424 56.1356
13 9 1 95.442 123.093
13 10 1 37.7553 52.639
13 11 0 71.6938 79.9285
13 12 1 84.3981 95.2631
13 14 1 17.0908 19.009
13 15 0 97.2523 126.367
13 16 0 96.3703 138.475
13 17 1 95.8415 118.894
13 18 1 77.5722 111.84
13 19 1 37.9615 56.9312
13 20 0 7.72772 8.53616
14 1 1 49.1975 52.4353
14 2 1 64.9365 94.8935
14 3 1 56.1866 77.8987
14 4 1 58.0634 73.303
14 5 1 95.7944 115.923
14 6 1 55.7755 65.4541
14 7 1 7.2891 9.27648
14 8 1 99.4237 148.686
14 9 1 75.7647 106.241
14 10 1 19.1325 27.6353
14 11 1 75.442 97.3421
14 12 1 49.5962 56.5676
14 13 1 13.8467 14.4321
14 15 1 32.7452 38.1153
14 16 1 57.7319 84.1436
14 17 1 7.90252 11.5387
14 18 1 48.1122 65.2925
14 19 1 55.7294 61.2607
14 20 0 1.56184 1.64989
15 1 1 99.8221 123.831
15 2 1 21.0299 30.4829
15 3 1 63.8503 66.9971
15 4 1 21.4915 24.1136
15 5 1 44.6149 57.037
15 6 0 10.4537 15.3086
15 7 1 8.09651 8.80832
15 8 1 52.2098 72.8847
15 9 1 83.1782 115.802
15 10 1 23.309 23.4136
15 11 1 75.2507 100.005
15 12 1 32.0852 33.8973
15 13 1 49.889 56.9449
15 14 1 89.9504 134.914
15 16 1 34.0022 46.3445
15 17 1 59.0451 78.3721
15 18 0 84.8725 108.205
15 19 1 46.1378 57.7206
15 20 1 48.2164 60.3086
16 1 1 70.2249 77.4808
16 2 1 79.7374 85.9554
16 3 1 48.0733 72.0169
16 4 1 18.2805 23.4548
16 5 1 18.7288 24.6463
16 6 1 41.2709 48.4004
16 7 0 44.5535 52.1164
16 8 1 5.0228 6.31962
16 9 1 26.69 28.3935
16 10 1 18.0311 24.6479
16 11 1 40.5685 52.1961
16 12 1 60.4153 65.9636
16 13 1 28.8297 39.3679
16 14 0 95.0498 107.902
16 15 1 17.578 22.5635
16 17 1 10.5975 10.6172
16 18 1 73.5316 81.9168
16 19 1 53.0287 56.2115
16 20 1 47.7306 52.5444
17 1 1 46.8579 55.6955
17 2 1 8.01893 9.47866
17 3 1 46.2693 49.1648
17 4 0 41.0054 51.8969
17 5 0 34.3433 38.4909
17 6 0 10.2962 12.6644
17 7 1 48.0039 50.0554
17 8 1 41.0151 50.1781
17 9 1 1.51304 2.10527
17 10 1 8.15878 11.5632
17 11 1 77.5164 98.3048
17 12 1 75.4007 104.952
17 13 1 27.9206 36.3377
17 14 0 27.4787 29.624
17 15 1 12.9685 16.9726
17 16 1 43.2083 45.2811
17 18 1 57.4401 73.8791
17 19 1 12.9061 14.7732
17 20 1 68.2681 72.4286
18 1 1 10.1778 13.6578
18 2 1 88.3763 96.2143
18 3 1 70.1677 99.3499
18 4 1 40.4949 50.7501
18 5 0 84.8097 96.9858
18 6 1 12.0667 14.408
18 7 1 60.7775 80.9956
18 8 1 96.8114 118.725
18 9 1 9.78188 14.6148
18 10 0 64.9424 69.3342
18 11 1 43.0128 54.3941
18 12 1 81.4428 81.5562
18 13 0 7.98084 10.1071
18 14 1 95.1703 124.734
18 15 1 85.6575 99.4122
18 16 1 68.2016 86.55
18 17 1 61.6981 82.0959
18 19 1 1.2982 1.79091
18 20 1 9.25413 12.7581
19 1 1 23.0684 29.5359
19 2 1 9.13968 11.4965
19 3 1 54.2281 71.2783
19 4 1 96.4484 144.131
19 5 1 11.2573 13.6471
19 6 0 45.4946 46.7172
19 7 1 18.891 22.3622
19 8 0 15.8118 23.4536
19 9 1 4.0287 5.68883
19 10 1 74.1077 78.3429
19 11 0 1.24487 1.26733
19 12 1 29.6932 44.3197
19 13 1 8.75884 10.1669
19 14 0 93.2653 94.0548
19 15 1 23.1187 32.5292
19 16 1 12.066 14.0172
19 17 0 67.9045 88.8684
19 18 0 18.7701 18.8716
19 20 1 24.6888 28.9215
20 1 1 59.1297 61.6292
20 2 1 34.1955 34.9605
20 3 1 29.5822 44.1737
20 4 0 92.3076 99.018
20 5 0 25.5702 38.0667
20 6 1 62.3709 73.5837
20 7 1 69.9034 100.014
20 8 1 48.9392 55.7935
20 9 1 40.4535 56.1158
20 10 1 21.3583 21.7331
20 11 1 36.309 51.9222
20 12 1 83.3614 92.3478
20 13 1 59.0184 60.1169
20 14 1 84.1514 84.9712
20 15 1 82.4564 121.765
20 16 0 44.7882 51.7173
20 17 1 70.6372 99.1739
20 18 1 96.4105 129.776
20 19 1 94.6194 104.551
37.5309 36.6089 32.3201 16.5494 26.0801 18.4724 32.3564 18.8333 12.386 8.57012 12.526 9.10052 37.616 13.5731 3.17298 17.0573 11.4283 11.1273 21.6569 1.21924 