40
500
5
50
1 2 1 77.8522 106.367
1 3 0 3.60767 4.68241
1 4 0 53.7411 60.8884
1 5 0 15.3867 17.9708
1 6 0 5.02077 5.88219
1 7 1 47.0827 64.1781
1 8 0 61.5859 63.4565
1 9 1 71.8474 74.3519
1 10 0 79.6683 80.4838
1 11 0 36.6825 51.2534
1 12 0 20.0615 24.7633
1 13 1 93.1356 108.826
1 14 0 74.5453 75.128
1 15 1 27.1191 28.9275
1 16 0 49.0692 60.4987
1 17 0 18.3349 21.444
1 18 0 62.2919 92.6956
1 19 0 54.5514 54.8445
1 20 0 18.8528 23.4902
1 21 0 38.4836 43.2146
1 22 1 1.83125 2.08762
1 23 1 32.805 44.6672
1 24 0 90.8978 125.062
1 25 0 93.737 96.3555
1 26 0 59.7541 61.1115
1 27 0 21.0937 27.015
1 28 1 30.3655 36.9639
1 29 1 79.5769 116.761
1 30 1 28.0872 32.7316
1 31 0 74.2337 79.1805
1 32 0 38.1314 46.1623
1 33 0 52.2574 68.2397
1 34 0 70.4934 105.582
1 35 0 46.1967 68.4127
1 36 0 67.0891 88.1661
1 37 0 3.67113 4.69231
1 38 1 75.3863 96.431
1 39 0 73.0616 88.0317
1 40 0 47.5616 49.7027
2 1 0 45.3795 58.9123
2 3 1 68.4418 72.0168
2 4 1 12.7255 16.6074
2 5 1 58.3076 77.6653
2 6 0 26.6773 35.9609
2 7 0 20.0659 21.5796
2 8 1 72.9352 95.7442
2 9 0 18.504 24.7368
2 10 1 93.0518 119.073
2 11 0 87.039 103.964
2 12 1 79.2229 113.862
2 13 0 67.4612 88.4356
2 14 0 80.3576 82.4651
2 15 0 60.4324 89.8424
2 16 1 64.8999 70.6804
2 17 1 33.5055 41.6067
2 18 1 2.30617 2.64606
2 19 1 89.9627 100.011
2 20 0 13.4524 17.5999
2 21 0 69.611 95.297
2 22 1 94.7784 121.492
2 23 1 24.3752 30.2398
2 24 1 38.4247 41.1745
2 25 1 70.1244 83.604
2 26 0 3.45932 4.98423
2 27 0 76.9577 87.5685
2 28 0 27.3231 37.9117
2 29 0 62.1621 70.6366
2 30 1 12.1474 15.7684
2 31 0 22.8684 29.8433
2 32 1 11.0704 13.1853
2 33 1 28.4499 31.127
2 34 1 21.1857 29.9334
2 35 0 59.1957 87.2711
2 36 0 52.0296 75.75
2 37 0 1.47526 1.79283
2 38 0 87.4552 103.271
2 39 0 80.7021 94.6663
2 40 0 5.07599 7.55656
3 1 0 71.3796 100.348
3 2 1 49.793 61.6766
3 4 1 40.8348 46.3535
3 5 0 9.77687 11.6742
3 6 0 74.7871 76.2759
3 7 0 1.60066 1.88417
3 8 0 95.6457 129.739
3 9 1 3.68762 5.52818
3 10 0 24.5136 34.5056
3 11 1 57.9803 84.3781
3 12 0 32.6271 42.4757
3 13 0 44.1773 59.9957
3 14 1 33.1094 49.5117
3 15 0 14.9577 17.121
3 16 0 50.9492 64.4686
3 17 0 63.384 74.374
3 18 1 60.6619 85.6258
3 19 0 80.7359 101.947
3 20 0 83.6452 99.6626
3 21 0 66.0714 72.2626
3 22 1 87.3151 124.388
3 23 1 17.9142 21.9889
3 24 1 2.28656 2.83239
3 25 0 95.0758 129.647
3 26 0 39.501 48.9121
3 27 0 59.4484 61.9088
3 28 1 76.2356 77.5593
3 29 1 77.1146 107.97
3 30 0 38.0945 45.9944
3 31 0 1.89803 2.39532
3 32 0 52.2391 57.0823
3 33 0 90.5766 94.7414
3 34 1 59.5437 79.1611
3 35 0 0.192663 0.221719
3 36 0 39.4222 50.814
3 37 0 54.9735 76.9713
3 38 0 21.7963 27.4662
3 39 0 21.5584 23.9649
3 40 0 63.144 77.9778
4 1 1 21.7395 23.5152
4 2 0 60.8456 65.8266
4 3 0 14.784 16.1937
4 5 1 90.9236 113.719
4 6 0 30.2006 31.2502
4 7 0 46.232 63.7105
4 8 0 94.2795 137.743
4 9 0 81.7994 88.0275
4 10 0 82.8021 105.552
4 11 0 40.8484 49.4131
4 12 1 77.8509 80.2346
4 13 0 54.9268 69.6504
4 14 0 34.2752 49.4086
4 15 0 56.2632 58.9004
4 16 1 24.0861 33.3611
4 17 0 21.3497 31.0123
4 18 0 20.325 20.76
4 19 0 18.4505 25.3697
4 20 0 20.0071 28.7878
4 21 1 96.9201 123.902
4 22 1 50.4302 67.916
4 23 0 69.2345 73.2975
4 24 0 0.872479 1.13614
4 25 0 74.1406 85.7381
4 26 0 42.8687 63.0426
4 27 0 84.0271 86.7883
4 28 1 38.5782 46.7851
4 29 1 81.8251 101.111
4 30 0 6.16789 6.44812
4 31 0 93.7896 118.797
4 32 0 15.0497 15.4442
4 33 1 5.5108 7.79678
4 34 1 70.4735 74.9416
4 35 0 53.8938 66.2904
4 36 1 55.5245 75.15
4 37 0 42.9082 43.3349
4 38 0 93.5507 138.793
4 39 0 59.8801 73.3787
4 40 0 2.42194 3.37409
5 1 0 93.2995 130.698
5 2 0 75.7901 88.9276
5 3 0 43.146 60.5424
5 4 0 53.2323 71.0001
5 6 1 77.7319 88.7054
5 7 0 67.3621 97.3841
5 8 1 55.6931 79.1325
5 9 1 80.4753 86.6477
5 10 1 91.1217 99.3458
5 11 1 95.9581 100.46
5 12 1 48.5356 56.019
5 13 0 63.7594 86.7088
5 14 0 31.8451 34.5709
5 15 1 1.04586 1.0711
5 16 0 74.6294 91.9805
5 17 0 84.7143 94.6095
5 18 1 33.7533 37.8162
5 19 0 54.2496 70.0938
5 20 0 17.8681 18.9019
5 21 1 36.4563 39.2565
5 22 1 61.6135 70.5787
5 23 1 4.82386 6.85896
5 24 1 73.5086 95.5098
5 25 0 97.2012 112.269
5 26 0 43.8446 44.2913
5 27 0 14.2985 15.3207
5 28 0 37.5483 56.2599
5 29 1 63.7905 84.2625
5 30 0 4.00751 4.82386
5 31 0 58.7286 73.9872
5 32 0 48.2486 58.8959
5 33 0 86.0537 95.233
5 34 0 60.3769 65.303
5 35 0 34.263 34.2841
5 36 0 54.5301 81.1835
5 37 1 86.9499 98.0739
5 38 0 0.98819 1.23682
5 39 0 73.1003 99.8317
5 40 0 51.6646 55.607
6 1 0 96.6594 142.172
6 2 0 99.5291 148.477
6 3 0 27.5557 31.4657
6 4 0 65.5608 96.8101
6 5 0 71.0851 104.095
6 7 1 97.8436 127.458
6 8 0 79.4172 93.1392
6 9 0 9.70804 12.8018
6 10 0 39.9264 48.1681
6 11 0 54.3149 72.6123
6 12 0 1.98664 2.71869
6 13 0 22.1149 24.6545
6 14 0 39.5025 46.0602
6 15 0 6.12183 8.51444
6 16 0 28.1132 28.5579
6 17 1 64.2505 85.9551
6 18 1 57.3367 64.2819
6 19 0 59.1261 78.4819
6 20 0 89.4031 123.46
6 21 1 24.0861 32.2432
6 22 1 76.0831 76.8502
6 23 1 14.7071 16.7107
6 24 0 61.5014 66.3988
6 25 0 8.5096 9.16762
6 26 1 64.8109 70.4929
6 27 0 62.0211 70.9315
6 28 0 70.4083 103.533
6 29 0 58.384 67.1561
6 30 0 98.6558 104.632
6 31 0 32.8795 35.9841
6 32 0 20.8962 27.4995
6 33 1 21.5234 24.2741
6 34 1 39.5605 48.7207
6 35 0 29.3398 43.8828
6 36 0 4.80837 6.19177
6 37 0 13.2226 14.2812
6 38 0 16.5449 24.813
6 39 0 67.3821 83.9851
6 40 0 81.7825 98.9471
7 1 1 27.4987 39.8215
7 2 0 32.395 47.3583
7 3 0 57.6272 71.0768
7 4 0 39.6001 44.2506
7 5 0 29.2842 42.6276
7 6 0 80.2263 90.4297
7 8 1 52.1536 63.9397
7 9 0 10.3459 10.9558
7 10 0 80.7108 83.0105
7 11 0 32.97 41.5524
7 12 0 92.8185 131.218
7 13 0 63.1046 75.8485
7 14 1 45.5753 55.7863
7 15 0 29.2593 40.6712
7 16 0 40.8421 57.9695
7 17 0 55.5114 65.707
7 18 0 89.549 101.981
7 19 0 8.70772 12.5619
7 20 0 26.2677 38.0584
7 21 1 72.636 94.0709
7 22 0 84.513 107.251
7 23 0 89.3926 106.608
7 24 0 33.3755 46.1032
7 25 1 64.3675 79.3535
7 26 0 85.8475 114.588
7 27 0 70.8769 80.8682
7 28 1 87.4719 115.012
7 29 1 56.4828 67.8148
7 30 0 1.34196 1.89897
7 31 0 49.2697 73.7963
7 32 0 57.488 58.4547
7 33 1 56.4924 65.9802
7 34 0 92.9456 95.1269
7 35 0 24.1558 28.8927
7 36 0 50.7197 74.8417
7 37 0 80.4889 86.1893
7 38 1 93.2209 104.372
7 39 0 22.0687 28.3517
7 40 1 9.06148 11.5971
8 1 0 41.2916 44.6646
8 2 1 82.84 122.049
8 3 0 68.0831 82.5483
8 4 0 4.02618 5.36815
8 5 1 62.7486 92.5596
8 6 1 65.0298 67.5588
8 7 0 66.2191 97.6864
8 9 1 91.2616 110.984
8 10 0 52.9109 59.4146
8 11 1 96.3748 112.998
8 12 1 82.8036 88.3741
8 13 1 53.1359 73.6169
8 14 1 78.8716 86.2977
8 15 0 71.8304 99.0278
8 16 0 6.23226 8.244
8 17 0 58.4915 68.2551
8 18 0 36.147 48.3763
8 19 0 90.5536 126.489
8 20 1 27.613 39.4533
8 21 0 87.3424 127.921
8 22 0 45.6272 68.3483
8 23 1 39.1494 55.9608
8 24 0 54.3667 62.5825
8 25 0 10.8546 13.9596
8 26 0 76.5094 110.872
8 27 0 45.5594 57.0849
8 28 1 12.3447 14.634
8 29 0 22.1057 24.796
8 30 0 74.1099 104.789
8 31 0 63.2755 83.0707
8 32 0 45.0862 50.1111
8 33 0 16.3542 19.8387
8 34 0 35.7413 46.6313
8 35 0 29.8324 40.1862
8 36 0 83.9878 119.283
8 37 1 81.4786 118.892
8 38 1 18.8795 25.5491
8 39 0 94.0637 95.2348
8 40 0 57.0644 69.7669
9 1 0 25.8898 37.513
9 2 1 65.9604 69.7862
9 3 0 64.222 76.0128
9 4 0 48.9067 63.9224
9 5 0 18.6763 21.6777
9 6 0 48.7824 56.4854
9 7 0 9.23529 10.2064
9 8 0 65.1329 79.3367
9 10 1 63.4989 84.3799
9 11 0 32.0955 44.9346
9 12 1 91.3408 114.92
9 13 1 95.7058 127.146
9 14 1 3.07009 4.55106
9 15 0 67.4789 69.6537
9 16 1 69.7272 71.2001
9 17 1 95.0832 111.318
9 18 1 25.0553 31.719
9 19 0 72.8666 107.942
9 20 0 58.5142 64.6519
9 21 0 98.981 144.666
9 22 0 59.6988 68.8778
9 23 0 84.0119 116.451
9 24 0 7.07237 8.35059
9 25 0 21.7072 21.9189
9 26 0 65.3123 84.0055
9 27 0 89.3686 92.11
9 28 0 93.3162 129.384
9 29 0 92.4213 97.0786
9 30 1 24.5408 32.9542
9 31 1 2.38344 3.04274
9 32 0 4.72982 6.38925
9 33 1 29.0944 33.6823
9 34 0 21.867 24.9328
9 35 0 46.197 53.8226
9 36 0 74.6206 82.4441
9 37 1 52.5342 53.3978
9 38 1 27.7537 32.9417
9 39 1 80.9039 116.267
9 40 0 33.5096 33.5592
10 1 0 17.2959 22.057
10 2 0 17.5773 21.2025
10 3 0 42.5148 54.6677
10 4 0 88.4247 88.8834
10 5 0 27.4484 27.8431
10 6 1 93.8287 136.33
10 7 1 74.563 76.5764
10 8 0 25.5243 34.7207
10 9 0 4.08037 5.29632
10 11 1 78.8422 80.1018
10 12 1 73.1689 79.5418
10 13 1 99.3603 120.501
10 14 0 61.5796 84.5878
10 15 0 68.8656 94.6895
10 16 0 0.337631 0.389901
10 17 0 27.3743 37.5361
10 18 0 47.8404 69.0444
10 19 1 22.2539 24.1614
10 20 0 47.2855 65.4947
10 21 0 64.6165 81.1811
10 22 0 33.5829 44.0248
10 23 0 0.514221 0.741717
10 24 0 24.0464 33.0133
10 25 0 9.93909 10.4851
10 26 0 65.3598 65.8731
10 27 0 38.1032 40.1404
10 28 0 77.3363 87.0788
10 29 0 29.7505 33.1734
10 30 0 91.856 101.63
10 31 0 57.8597 59.7148
10 32 0 42.837 61.6568
10 33 0 78.6015 106.77
10 34 1 49.3836 63.6581
10 35 0 46.3104 53.0996
10 36 0 63.1478 79.0167
10 37 0 0.906022 1.33602
10 38 1 10.6389 12.0774
10 39 0 43.1011 45.7839
10 40 0 94.5609 129.07
11 1 1 78.7172 90.7827
11 2 0 85.523 91.7322
11 3 1 96.044 135.633
11 4 0 35.3169 43.857
11 5 1 86.1023 97.5155
11 6 1 3.88596 4.89935
11 7 1 53.9819 66.8765
11 8 1 91.1122 102.909
11 9 0 1.41918 1.54425
11 10 0 66.7047 89.9576
11 12 1 11.359 16.2559
11 13 1 6.04216 6.53738
11 14 1 75.8514 89.271
11 15 1 12.5658 13.2821
11 16 0 15.9122 23.4901
11 17 1 45.9974 54.4151
11 18 0 7.63275 8.42858
11 19 1 47.1319 65.1256
11 20 1 84.3939 111.916
11 21 0 9.00671 10.0652
11 22 0 30.5995 34.4254
11 23 1 93.7824 138.624
11 24 0 3.05528 3.96301
11 25 1 71.1633 83.8546
11 26 1 94.5394 131.635
11 27 1 64.0492 93.3235
11 28 0 83.5822 108.691
11 29 0 23.5942 26.3359
11 30 0 8.05278 9.60488
11 31 0 73.7847 83.7314
11 32 0 90.4718 125.67
11 33 0 55.6556 81.0357
11 34 0 33.957 44.5291
11 35 0 0.964517 1.1108
11 36 0 74.8159 107.649
11 37 1 81.6962 96.0154
11 38 1 57.2575 85.2358
11 39 0 52.1744 77.3474
11 40 0 86.4339 112.634
12 1 1 66.4707 88.8841
12 2 1 41.6495 62.3273
12 3 0 50.6536 65.8424
12 4 0 11.7173 15.1232
12 5 0 50.057 53.0981
12 6 0 8.96369 12.3974
12 7 1 39.3992 56.01
12 8 0 27.5131 37.6275
12 9 1 48.5729 52.1896
12 10 0 86.2954 109.764
12 11 0 32.1967 37.3602
12 13 1 14.6579 17.1175
12 14 0 70.2458 82.8581
12 15 1 31.4223 32.7288
12 16 0 90.1488 133.087
12 17 1 67.4306 80.3024
12 18 1 30.0509 33.8603
12 19 0 98.9923 120.667
12 20 0 58.853 81.3217
12 21 1 16.6604 17.2335
12 22 0 21.0356 24.5076
12 23 0 23.0299 24.4321
12 24 0 27.592 39.8719
12 25 0 49.7618 59.2275
12 26 0 45.7998 52.5668
12 27 0 45.4888 54.1489
12 28 0 31.9926 35.3234
12 29 0 93.5852 125.625
12 30 0 15.0039 19.0844
12 31 0 44.6215 65.1526
12 32 0 99.8244 138.875
12 33 0 81.3702 86.7917
12 34 0 54.8829 57.2927
12 35 0 6.04484 6.92368
12 36 0 8.28452 10.9902
12 37 1 49.8251 66.4271
12 38 1 26.8717 27.0353
12 39 1 84.3891 107.626
12 40 0 56.9519 74.2825
13 1 1 89.1795 116.119
13 2 0 86.1707 117.53
13 3 0 95.2051 133.92
13 4 1 31.1266 35.8601
13 5 0 31.2002 35.8518
13 6 1 86.2373 117.333
13 7 0 11.7037 12.9702
13 8 0 52.6831 68.0505
13 9 1 45.0259 52.7185
13 10 0 13.05 13.1853
13 11 0 73.5773 102.752
13 12 0 32.2458 35.2245
13 14 1 19.4539 21.5075
13 15 0 93.5627 114.812
13 16 1 72.254 74.735
13 17 0 78.8805 116.097
13 18 1 71.1492 74.5217
13 19 0 53.8224 67.0751
13 20 0 22.0273 24.2061
13 21 0 8.41223 11.1056
13 22 1 66.3664 81.4169
13 23 0 71.4245 79.5503
13 24 0 66.1941 71.5078
13 25 1 91.985 136.725
13 26 1 39.7404 55.6307
13 27 0 10.9984 13.9563
13 28 1 36.6135 43.5353
13 29 0 11.4898 11.9996
13 30 0 49.9412 54.982
13 31 0 25.0859 31.7173
13 32 1 61.9382 75.8007
13 33 1 42.0714 46.601
13 34 0 65.0151 85.6673
13 35 0 55.6528 78.708
13 36 0 25.0168 32.8452
13 37 1 28.2313 33.0854
13 38 0 90.7268 117.797
13 39 0 27.5658 37.6135
13 40 0 87.9689 96.5701
14 1 1 45.446 62.2234
14 2 1 5.53553 6.14312
14 3 1 12.7189 12.9699
14 4 0 35.722 36.0214
14 5 0 62.4636 74.9057
14 6 0 83.6846 124.62
14 7 0 83.8176 92.5551
14 8 1 63.9676 81.8932
14 9 0 79.7471 118.638
14 10 1 76.9659 89.958
14 11 1 37.9705 44.9598
14 12 1 97.5873 144.861
14 13 1 30.9861 44.7997
14 15 1 58.586 60.7297
14 16 0 12.3844 17.8628
14 17 0 26.3925 33.0822
14 18 0 54.5518 70.4301
14 19 0 8.76349 9.77722
14 20 1 21.0503 26.6196
14 21 0 18.9528 23.975
14 22 0 10.665 15.6007
14 23 0 30.753 43.8068
14 24 1 34.3405 38.2622
14 25 0 43.8285 48.4376
14 26 1 68.6218 73.8008
14 27 0 29.2811 31.2933
14 28 0 41.9947 42.2697
14 29 0 87.5457 104.785
14 30 1 52.5001 61.1361
14 31 0 63.3668 65.6784
14 32 0 98.377 124.156
14 33 0 11.7471 14.1281
14 34 0 9.34979 13.3984
14 35 1 55.9238 60.2938
14 36 0 75.9003 90.6568
14 37 0 94.3695 107.683
14 38 0 3.84282 5.20213
14 39 0 26.14 38.6612
14 40 0 65.0191 92.7065
15 1 1 71.0604 78.4004
15 2 0 92.1598 128.109
15 3 0 60.307 66.2406
15 4 0 87.8601 119.844
15 5 0 66.2278 86.7943
15 6 1 8.51901 9.75001
15 7 1 20.7074 24.0956
15 8 0 46.8084 54.0878
15 9 0 83.2158 104.189
15 10 0 3.02245 3.1578
15 11 0 46.5302 56.8444
15 12 1 84.7845 125.527
15 13 1 44.7395 62.2312
15 14 0 16.1127 17.6363
15 16 1 68.3115 77.2991
15 17 1 46.2861 57.8199
15 18 1 50.804 58.2711
15 19 0 90.9009 109.706
15 20 1 11.3889 13.9372
15 21 0 98.0437 100.21
15 22 0 12.7505 14.2194
15 23 1 35.2998 47.4708
15 24 0 84.47 87.2086
15 25 0 6.98821 7.38031
15 26 1 30.7493 31.1466
15 27 0 79.0577 98.7548
15 28 1 22.7521 28.4067
15 29 0 57.5963 60.4987
15 30 0 80.2898 87.8918
15 31 1 39.6576 53.2132
15 32 0 64.3476 94.488
15 33 0 67.405 76.6737
15 34 0 90.8933 95.432
15 35 1 44.0702 62.0632
15 36 0 43.7528 58.0602
15 37 0 42.5183 62.424
15 38 0 22.8397 23.269
15 39 0 24.9727 30.4186
15 40 1 18.6626 18.7317
16 1 0 63.0847 82.8976
16 2 1 62.5544 83.4339
16 3 0 90.6232 113.07
16 4 1 20.3752 29.4795
16 5 0 3.78323 5.35432
16 6 0 40.706 49.415
16 7 0 80.5092 108.615
16 8 0 53.1393 64.7416
16 9 1 29.4567 39.5516
16 10 1 85.4132 90.8177
16 11 0 87.789 93.3793
16 12 1 96.8573 123.266
16 13 0 75.1675 109.491
16 14 1 79.1322 107.842
16 15 1 37.4002 38.0305
16 17 1 62.243 69.3264
16 18 0 13.2219 15.1443
16 19 0 79.5278 82.6082
16 20 0 73.8029 81.1739
16 21 0 16.8666 24.9323
16 22 1 17.8432 24.6418
16 23 1 15.6221 20.5182
16 24 0 8.32373 11.3869
16 25 0 70.3805 104.605
16 26 0 76.2011 106.246
16 27 0 24.393 31.0335
16 28 0 71.652 72.125
16 29 1 25.5686 32.0362
16 30 0 45.3661 67.558
16 31 1 5.1812 7.50885
16 32 0 90.532 128.937
16 33 0 94.4049 140.303
16 34 0 63.3739 80.1611
16 35 0 3.9327 5.57866
16 36 0 6.74613 8.34439
16 37 1 30.1556 44.1182
16 38 1 32.2964 46.5652
16 39 0 4.28888 4.45872
16 40 1 98.7111 110.318
17 1 1 71.1894 71.535
17 2 0 80.1772 117.832
17 3 1 96.9179 106.687
17 4 0 24.4655 30.4062
17 5 0 3.31887 4.73428
17 6 0 61.1664 64.3073
17 7 0 54.567 55.657
17 8 1 85.1153 126.275
17 9 1 6.27681 7.44691
17 10 0 36.6428 41.2875
17 11 1 5.78757 8.06256
17 12 0 89.746 92.3349
17 13 0 82.1564 99.3801
17 14 0 73.2013 95.5659
17 15 0 99.5487 122.292
17 16 1 14.9403 18.4842
17 18 1 2.38943 2.53942
17 19 0 94.4378 99.169
17 20 0 16.6315 22.0673
17 21 0 60.2662 70.6303
17 22 0 60.2168 73.1401
17 23 1 56.7423 67.1781
17 24 1 15.4194 18.2147
17 25 1 76.1419 93.3977
17 26 0 31.7132 47.2285
17 27 0 41.7065 43.6362
17 28 0 71.5319 98.0644
17 29 0 91.8724 122.052
17 30 0 62.2385 87.0542
17 31 0 68.6356 101.299
17 32 0 52.3271 53.2649
17 33 1 53.3197 72.5645
17 34 1 63.6647 90.4626
17 35 0 59.13 62.2029
17 36 0 58.8164 73.8678
17 37 0 93.8539 106.558
17 38 1 90.4267 134.827
17 39 0 23.7016 28.7452
17 40 1 1.68916 2.27718
18 1 1 26.2742 34.113
18 2 1 39.0319 43.2887
18 3 0 12.5997 14.0007
18 4 0 27.4338 28.2641
18 5 0 81.2788 101.688
18 6 0 52.8999 65.977
18 7 0 1.16926 1.32469
18 8 0 21.4602 27.3624
18 9 1 80.5195 107.87
18 10 0 99.9057 144.181
18 11 0 67.286 72.6861
18 12 0 40.6557 41.6768
18 13 1 27.3824 38.8597
18 14 0 57.3786 59.1628
18 15 0 2.22136 2.51969
18 16 0 80.9405 85.2294
18 17 1 20.6489 23.3638
18 19 1 68.5802 72.2879
18 20 0 13.0635 19.3649
18 21 0 83.8732 104.819
18 22 0 62.0857 88.816
18 23 0 35.0116 39.3275
18 24 0 18.7356 20.4584
18 25 1 0.97321 1.45177
18 26 1 95.7184 137.032
18 27 0 34.4705 36.5974
18 28 0 28.05 29.2032
18 29 0 68.9768 99.1597
18 30 0 15.8402 21.0134
18 31 1 36.721 54.599
18 32 0 47.673 62.3692
18 33 0 79.302 100.488
18 34 0 39.9563 43.0327
18 35 0 53.1614 78.8857
18 36 0 51.8105 75.11
18 37 0 74.1168 88.3301
18 38 0 89.0562 123.636
18 39 1 45.8269 48.5199
18 40 0 8.40166 12.5835
19 1 0 43.2629 61.658
19 2 0 27.1952 30.1749
19 3 1 40.5461 41.828
19 4 0 20.6313 22.4145
19 5 1 46.3446 62.5276
19 6 0 17.8132 24.1046
19 7 0 39.1924 54.6951
19 8 0 35.0323 45.7539
19 9 0 7.20771 8.83521
19 10 1 85.9382 128.668
19 11 1 12.0154 14.9423
19 12 0 88.3365 108.228
19 13 0 69.5197 96.0976
19 14 0 58.6267 81.385
19 15 0 93.324 111.041
19 16 0 25.4082 27.6417
19 17 0 36.5345 38.0603
19 18 1 67.7068 69.0182
19 20 1 21.5594 23.5844
19 21 1 88.674 101.545
19 22 0 57.8559 70.3599
19 23 0 64.4939 80.9228
19 24 0 79.1988 88.0057
19 25 0 43.4355 58.6381
19 26 0 63.3567 67.6888
19 27 0 46.7058 48.9731
19 28 0 44.6097 58.4429
19 29 0 85.1096 123.894
19 30 1 86.2376 104.905
19 31 1 92.6808 107.465
19 32 1 48.7447 72.8102
19 33 0 39.9205 57.9391
19 34 0 58.0751 65.4441
19 35 0 17.7573 20.7788
19 36 0 55.9147 74.428
19 37 1 49.4431 51.1371
19 38 0 68.6024 89.8606
19 39 1 61.9959 62.589
19 40 0 21.814 25.4594
20 1 0 49.062 71.8872
20 2 0 60.2378 77.4301
20 3 0 87.216 95.5531
20 4 0 85.9278 118.86
20 5 1 99.9991 112.297
20 6 0 46.1932 64.406
20 7 0 37.3054 45.104
20 8 0 89.2463 119.895
20 9 0 84.5551 97.5842
20 10 0 84.1493 119.811
20 11 1 10.6695 11.3426
20 12 0 94.7378 134.565
20 13 1 64.589 76.376
20 14 0 28.9454 40.8787
20 15 1 54.8784 60.603
20 16 0 30.3005 33.0734
20 17 1 93.2425 105.516
20 18 0 89.1277 123.035
20 19 0 86.5141 93.7458
20 21 1 24.1048 25.1303
20 22 0 12.859 16.6985
20 23 1 77.8313 106.666
20 24 0 79.5778 98.0626
20 25 1 84.4008 113.706
20 26 0 98.1984 105.458
20 27 1 96.5177 104.087
20 28 1 20.9893 24.5816
20 29 0 39.9267 45.2035
20 30 0 0.470707 0.547483
20 31 0 69.5582 99.9583
20 32 0 84.3411 126.163
20 33 0 20.5388 26.4518
20 34 0 58.1967 60.9654
20 35 1 11.1672 11.4059
20 36 0 95.2889 102.354
20 37 1 86.9672 101.267
20 38 0 79.2257 80.4577
20 39 0 65.6559 70.4868
20 40 0 17.1528 20.8679
21 1 0 86.9239 88.4419
21 2 0 70.1204 82.6292
21 3 0 17.9257 21.7759
21 4 1 17.1085 17.4831
21 5 0 79.5902 116.977
21 6 0 13.3591 18.3489
21 7 1 68.2825 77.6998
21 8 0 27.2218 39.0673
21 9 1 52.3049 70.9159
21 10 1 89.7285 119.306
21 11 1 24.1505 24.2702
21 12 0 8.86347 9.2073
21 13 1 47.9435 62.8764
21 14 0 48.1891 65.7755
21 15 0 35.9801 36.2674
21 16 0 95.8878 104.986
21 17 0 53.9519 71.5176
21 18 0 26.0217 27.5335
21 19 1 79.4306 96.3601
21 20 0 40.9053 47.0424
21 22 1 78.6891 83.7877
21 23 1 72.967 107.471
21 24 0 66.8751 86.5473
21 25 0 28.4274 38.1601
21 26 0 45.8845 51.6439
21 27 1 72.541 87.1845
21 28 0 39.0674 39.1804
21 29 0 11.1468 16.6221
21 30 0 20.3102 24.9534
21 31 0 76.7228 112.315
21 32 1 24.4164 30.7505
21 33 0 2.6525 3.86684
21 34 0 43.5067 44.5025
21 35 1 56.3442 60.9799
21 36 0 27.222 27.2681
21 37 0 80.6374 96.039
21 38 0 80.8317 117.586
21 39 0 45.5348 47.2589
21 40 1 53.886 64.8919
22 1 1 31.1763 34.2476
22 2 0 89.7813 101.195
22 3 1 50.2054 71.117
22 4 0 89.2813 129.403
22 5 0 5.1648 5.80625
22 6 1 89.5891 124.224
22 7 0 21.6218 29.0791
22 8 0 77.5295 101.78
22 9 1 38.668 54.4101
22 10 1 53.7305 80.456
22 11 0 33.2995 37.0717
22 12 0 64.5521 95.9963
22 13 1 66.4779 97.1517
22 14 0 6.09209 7.6773
22 15 0 97.5048 117.343
22 16 0 45.6052 63.1034
22 17 0 57.8707 81.5429
22 18 0 96.9076 111.406
22 19 0 6.39548 7.8129
22 20 0 80.5043 114.606
22 21 0 2.60355 3.22726
22 23 1 49.8563 68.7681
22 24 0 18.1264 24.4024
22 25 0 72.145 106.006
22 26 0 62.5843 79.5229
22 27 0 97.9577 100.08
22 28 0 17.6613 20.3482
22 29 0 98.2583 144.726
22 30 0 32.9012 40.4391
22 31 0 23.0795 28.3792
22 32 1 93.0646 107.741
22 33 0 81.1045 96.718
22 34 0 12.8154 14.519
22 35 0 95.8903 119.725
22 36 0 35.4395 49.8986
22 37 0 51.7285 58.8627
22 38 0 4.73146 4.80165
22 39 0 10.4127 14.0176
22 40 1 49.0199 57.0544
23 1 0 1.28508 1.37906
23 2 1 88.5019 112.481
23 3 0 63.1446 69.3819
23 4 1 8.78401 10.2556
23 5 0 33.5463 47.6391
23 6 0 87.6811 105.912
23 7 0 97.9024 117.71
23 8 0 27.5116 31.8527
23 9 0 26.2299 38.7444
23 10 1 67.4482 69.2447
23 11 1 74.6957 87.6848
23 12 0 26.9536 37.641
23 13 0 2.37857 2.39548
23 14 0 14.357 15.9166
23 15 0 7.85285 10.2701
23 16 0 17.2712 21.3207
23 17 0 70.9304 94.3623
23 18 0 51.9831 55.6851
23 19 0 89.379 101.38
23 20 0 24.9082 27.0365
23 21 1 56.2313 74.8814
23 22 0 24.4912 31.2376
23 24 1 8.64708 10.3458
23 25 0 85.5433 111.62
23 26 1 41.8428 43.3315
23 27 1 17.9209 23.4302
23 28 0 26.4039 34.8741
23 29 1 31.5159 41.6468
23 30 0 76.6243 85.4219
23 31 0 39.0841 57.8418
23 32 0 85.7157 109.814
23 33 1 10.5038 11.4374
23 34 0 17.1728 20.584
23 35 0 48.6412 69.8082
23 36 1 22.8366 31.1983
23 37 0 70.9321 81.4915
23 38 0 69.5133 78.1348
23 39 0 31.7441 32.5242
23 40 0 24.8154 30.0395
24 1 0 49.8085 50.78
24 2 0 94.0114 112.152
24 3 0 82.8941 113.167
24 4 1 76.5026 95.405
24 5 0 72.4169 105.365
24 6 0 55.6169 60.4046
24 7 1 1.4084 2.05234
24 8 0 87.1766 123.224
24 9 0 68.3889 85.8697
24 10 1 76.5996 99.9446
24 11 0 46.0869 62.0971
24 12 0 88.8182 112.76
24 13 1 39.8747 50.8083
24 14 1 10.702 12.9726
24 15 0 11.4832 13.3332
24 16 1 3.86722 5.52294
24 17 0 92.7302 127.033
24 18 0 78.7367 95.8046
24 19 0 28.2149 40.4624
24 20 0 64.9078 74.9719
24 21 0 45.6665 55.1167
24 22 1 64.8037 96.0142
24 23 0 82.9216 87.1265
24 25 1 1.33215 1.63529
24 26 0 57.0971 84.7898
24 27 0 66.7708 70.2507
24 28 0 40.6625 45.9937
24 29 0 37.2255 55.3392
24 30 0 8.74972 12.6797
24 31 0 53.0321 67.6571
24 32 1 9.48057 12.389
24 33 0 96.3539 122.117
24 34 1 4.60738 6.28206
24 35 0 20.7473 30.3451
24 36 0 71.4785 105.164
24 37 0 23.6355 34.8972
24 38 0 69.8647 81.1711
24 39 0 22.5616 23.7948
24 40 0 92.7286 130.229
25 1 0 99.2726 122.116
25 2 0 31.8538 45.6854
25 3 0 41.1775 42.1927
25 4 0 21.2446 24.9892
25 5 0 87.566 111.623
25 6 0 55.0243 82.2245
25 7 0 22.0121 30.9661
25 8 0 15.2434 17.0518
25 9 0 77.812 80.262
25 10 1 14.7894 16.1594
25 11 1 23.5407 25.9939
25 12 0 23.4976 32.6292
25 13 0 15.4707 22.5434
25 14 0 51.6461 62.6476
25 15 1 60.5058 65.706
25 16 0 14.4642 18.5284
25 17 0 68.113 84.5501
25 18 0 79.837 103.288
25 19 1 74.9616 101.872
25 20 0 82.6692 119.192
25 21 0 66.1575 81.1405
25 22 0 42.023 44.5455
25 23 0 40.3824 53.648
25 24 1 93.0091 99.2657
25 26 1 0.574309 0.830751
25 27 0 56.4672 59.0179
25 28 1 44.5279 58.7955
25 29 1 62.9964 75.6542
25 30 0 79.8873 94.9098
25 31 1 80.1517 111.368
25 32 0 49.5892 69.5381
25 33 0 15.7973 17.3919
25 34 0 98.9703 100.386
25 35 0 14.311 19.9797
25 36 0 89.7032 99.0512
25 37 0 20.8743 30.5773
25 38 0 6.95668 8.16846
25 39 0 21.5779 27.6092
25 40 1 88.3686 107.814
26 1 1 41.4939 49.7486
26 2 0 2.79242 3.58194
26 3 0 32.4664 37.8247
26 4 1 24.3018 34.3624
26 5 0 15.2656 17.5054
26 6 1 45.1682 61.5418
26 7 0 5.77399 7.07353
26 8 1 52.406 64.3764
26 9 0 75.7893 82.3844
26 10 0 47.8938 69.1712
26 11 1 41.7708 62.0459
26 12 0 68.7539 95.0092
26 13 0 90.0943 129.414
26 14 0 83.0766 112.971
26 15 0 1.12178 1.58132
26 16 0 47.1447 47.2363
26 17 1 89.0406 121.365
26 18 0 5.6045 6.77134
26 19 0 91.9227 100.293
26 20 0 21.1783 27.0059
26 21 0 44.1294 48.0593
26 22 0 7.88314 10.305
26 23 1 11.3372 16.7832
26 24 0 20.6343 29.4455
26 25 0 44.4314 58.3586
26 27 1 62.8492 88.1648
26 28 1 43.4194 64.5538
26 29 1 4.84751 6.70479
26 30 0 69.6308 100.128
26 31 0 72.1072 87.7191
26 32 0 9.57941 12.6255
26 33 0 98.8173 131.396
26 34 0 27.8304 33.4878
26 35 1 12.1869 13.6195
26 36 0 27.5669 27.811
26 37 1 91.0238 134.464
26 38 0 84.1581 103.765
26 39 0 94.8605 98.0115
26 40 0 43.0078 62.1557
27 1 0 60.9703 76.4373
27 2 1 91.4494 123.45
27 3 1 59.383 81.4588
27 4 1 37.8052 55.5029
27 5 0 32.1545 47.4072
27 6 0 60.2005 79.1346
27 7 0 49.6851 60.0269
27 8 1 30.1617 41.3206
27 9 0 78.8649 84.4887
27 10 1 45.9179 47.9552
27 11 1 17.7849 23.8107
27 12 1 41.3713 55.1778
27 13 0 13.6513 19.2453
27 14 1 23.8179 28.0813
27 15 0 89.7081 90.4932
27 16 1 28.4447 36.1001
27 17 0 16.9339 17.7766
27 18 0 39.5832 41.5396
27 19 0 57.6772 82.4769
27 20 0 10.3086 11.5971
27 21 0 36.9863 39.609
27 22 0 57.4476 74.6517
27 23 0 53.8185 58.2302
27 24 0 34.2193 46.0436
27 25 0 81.2459 85.5896
27 26 1 8.74266 9.27945
27 28 1 50.1662 58.0253
27 29 0 45.3805 60.8277
27 30 1 37.814 43.1438
27 31 1 91.5543 104.388
27 32 0 92.1312 131.023
27 33 1 79.159 113.031
27 34 0 69.7816 71.9667
27 35 0 85.185 108.461
27 36 1 31.7451 38.6854
27 37 0 99.433 101.805
27 38 0 16.2962 20.4653
27 39 0 56.3213 56.5443
27 40 0 76.4058 113.171
28 1 0 10.6556 12.6098
28 2 0 27.6198 29.5285
28 3 1 29.5329 43.6134
28 4 1 31.1927 37.2479
28 5 0 84.8987 126.815
28 6 1 42.5277 52.0142
28 7 0 74.2288 80.3008
28 8 0 3.66678 5.10569
28 9 0 28.16 35.6121
28 10 0 92.9518 123.046
28 11 0 25.3082 32.8207
28 12 0 70.9219 73.592
28 13 1 65.5169 88.94
28 14 0 56.8192 77.2607
28 15 0 35.5441 36.0417
28 16 1 6.76958 9.482
28 17 0 19.8438 26.5738
28 18 0 23.0867 32.6421
28 19 1 33.1914 46.9899
28 20 0 63.3513 78.3173
28 21 0 3.96655 5.53933
28 22 1 11.6637 17.3787
28 23 0 33.883 48.1707
28 24 0 25.4327 36.9743
28 25 0 82.3422 122.838
28 26 1 14.4101 14.6982
28 27 0 64.1895 84.4574
28 29 1 52.5386 53.1487
28 30 0 90.726 110.55
28 31 1 60.5749 67.7104
28 32 0 99.182 118.013
28 33 0 46.0538 55.9606
28 34 0 31.8463 44.4989
28 35 0 31.2034 38.0273
28 36 0 31.193 35.523
28 37 1 56.7125 80.1879
28 38 0 65.7631 69.223
28 39 1 53.704 56.6504
28 40 0 52.6982 76.909
29 1 1 92.1074 113.932
29 2 0 49.6809 57.9642
29 3 0 28.9339 33.6757
29 4 1 67.8169 93.8305
29 5 0 36.1401 39.5478
29 6 0 80.7236 104.806
29 7 0 54.975 60.6285
29 8 0 7.25589 8.72263
29 9 0 21.4472 31.2101
29 10 1 62.4066 70.0523
29 11 0 87.6328 129.442
29 12 0 47.0418 49.3347
29 13 0 74.395 76.3476
29 14 0 90.3381 126.487
29 15 1 83.4588 85.7918
29 16 0 17.3633 23.4791
29 17 1 26.6636 28.3558
29 18 0 35.5576 42.04
29 19 0 20.613 23.1931
29 20 0 83.0147 108.74
29 21 0 66.2893 95.5843
29 22 0 42.8465 63.2883
29 23 1 10.1678 13.1789
29 24 1 61.5119 72.6807
29 25 0 28.0409 31.3028
29 26 1 73.882 106.398
29 27 0 96.6855 117.571
29 28 0 43.8397 58.342
29 30 1 39.3929 57.1698
29 31 1 41.2613 53.39
29 32 0 22.5121 31.9362
29 33 0 67.3782 86.9577
29 34 1 76.1482 100.278
29 35 0 90.4346 113.314
29 36 0 93.8696 102.365
29 37 1 1.77969 2.41872
29 38 0 19.7614 26.7587
29 39 1 14.2643 18.9544
29 40 0 24.6653 31.9118
30 1 0 11.9381 16.5378
30 2 0 61.5486 87.2205
30 3 0 48.149 57.6069
30 4 0 91.3605 91.8068
30 5 0 66.2982 71.777
30 6 0 44.1129 56.7608
30 7 1 11.3158 14.0742
30 8 0 90.8001 100.23
30 9 0 1.16723 1.47612
30 10 0 56.1748 66.5638
30 11 0 74.8622 100.499
30 12 0 4.86713 5.14014
30 13 1 93.5242 116.708
30 14 1 49.2908 60.7941
30 15 1 87.8206 98.8425
30 16 0 50.7233 54.5635
30 17 0 49.7094 57.3568
30 18 0 68.4643 87.8276
30 19 1 17.6664 20.799
30 20 0 24.6727 25.7075
30 21 0 9.16825 10.7074
30 22 1 9.54263 13.7095
30 23 0 14.5147 18.773
30 24 0 25.6506 33.4942
30 25 0 41.013 59.3006
30 26 0 44.3334 54.6757
30 27 1 19.2904 25.3056
30 28 0 30.4829 32.2429
30 29 0 57.5381 68.0245
30 31 1 44.3495 61.2578
30 32 0 10.0117 14.3857
30 33 0 61.3162 81.0749
30 34 0 76.9732 95.1216
30 35 0 6.28611 6.88091
30 36 0 97.231 130.87
30 37 1 80.8856 88.2131
30 38 0 43.0282 47.1121
30 39 1 2.91605 3.45494
30 40 1 30.8438 45.0704
31 1 0 24.6608 27.2637
31 2 0 43.1961 49.272
31 3 0 91.1551 106.869
31 4 0 14.8491 15.604
31 5 0 41.1206 59.8703
31 6 0 47.1654 69.9317
31 7 0 9.5702 10.2432
31 8 1 25.5745 28.8806
31 9 1 14.5655 19.2446
31 10 0 76.9017 109.199
31 11 1 37.6076 48.9784
31 12 1 76.8635 80.2933
31 13 1 62.8182 93.3003
31 14 0 49.4811 70.0805
31 15 1 48.4976 66.1392
31 16 0 4.49505 5.06625
31 17 0 38.3599 42.0686
31 18 1 85.0285 91.788
31 19 0 40.4897 48.6364
31 20 1 6.08793 6.92715
31 21 0 88.3029 95.2548
31 22 1 79.3598 102.867
31 23 0 65.8827 94.9827
31 24 0 46.3702 65.0203
31 25 0 43.5727 59.3644
31 26 0 86.8893 125.992
31 27 0 19.8425 23.957
31 28 0 67.3187 93.0806
31 29 0 92.5527 104.889
31 30 1 8.40584 11.8468
31 32 1 25.3111 32.1303
31 33 0 24.2272 29.4614
31 34 0 46.3466 60.2946
31 35 0 33.8641 42.1656
31 36 0 25.588 27.8606
31 37 0 8.66148 12.5711
31 38 0 89.9123 106.661
31 39 0 18.5566 18.8544
31 40 0 43.8652 52.8848
32 1 0 72.6669 91.2323
32 2 0 71.3119 91.7357
32 3 0 55.8522 78.0266
32 4 0 92.5847 102.326
32 5 0 65.7042 76.8939
32 6 0 7.29254 10.7743
32 7 1 99.3347 135.449
32 8 1 95.3332 132.192
32 9 0 7.07778 7.48132
32 10 0 79.6431 95.7898
32 11 1 81.1562 112.436
32 12 0 8.08357 8.37155
32 13 0 58.4761 63.2068
32 14 0 74.0513 86.5703
32 15 0 79.4362 108.477
32 16 1 60.5275 78.3398
32 17 0 30.2753 41.5656
32 18 1 53.0878 60.9226
32 19 0 99.5722 110.39
32 20 0 60.9036 65.9201
32 21 1 93.8967 103.564
32 22 0 6.35797 9.02601
32 23 0 85.0011 107.981
32 24 0 39.5265 43.9767
32 25 0 92.7499 109.197
32 26 0 97.2263 107.158
32 27 1 44.6613 65.7309
32 28 1 99.5049 138.167
32 29 0 10.1389 14.9211
32 30 0 98.9126 140.894
32 31 0 55.6106 67.6212
32 33 1 22.2951 26.3677
32 34 1 73.4618 88.2526
32 35 0 40.4677 58.8896
32 36 1 78.8999 112.345
32 37 1 40.7029 44.0274
32 38 0 54.2952 72.7446
32 39 1 42.7332 50.1325
32 40 0 96.2709 113.285
33 1 0 57.1822 78.7206
33 2 0 13.3004 17.9264
33 3 0 86.789 126.42
33 4 1 44.8253 47.2808
33 5 0 4.60853 5.75578
33 6 0 46.7435 47.1055
33 7 0 61.4872 82.8619
33 8 0 22.7618 22.9026
33 9 1 64.5415 81.293
33 10 1 11.5847 16.5591
33 11 0 46.9605 54.5071
33 12 1 48.2649 68.9862
33 13 0 62.6738 77.262
33 14 0 16.9265 21.1096
33 15 1 56.1551 73.7472
33 16 0 25.1953 35.9234
33 17 0 87.4516 95.3855
33 18 0 52.7495 73.2425
33 19 1 13.3602 17.6182
33 20 0 72.4729 89.8331
33 21 0 49.0672 68.0589
33 22 1 58.2405 74.5651
33 23 0 93.3761 100.267
33 24 0 70.4236 92.3929
33 25 1 84.5321 122.727
33 26 1 74.1409 100.547
33 27 0 50.1023 60.085
33 28 0 86.7635 111.355
33 29 0 69.1471 97.0201
33 30 0 87.5748 100.647
33 31 1 17.5913 18.9697
33 32 0 22.247 28.8426
33 34 1 55.8501 79.7613
33 35 0 5.42844 7.91214
33 36 0 15.1473 21.7269
33 37 0 34.6195 43.6128
33 38 0 35.2302 39.8946
33 39 0 55.1837 69.2571
33 40 1 38.4074 41.9892
34 1 0 72.0289 103.935
34 2 1 56.0392 81.4013
34 3 0 72.032 91.1053
34 4 0 41.8845 57.167
34 5 0 56.9639 77.3169
34 6 0 7.97189 11.8021
34 7 1 62.072 71.7227
34 8 1 33.9511 34.4055
34 9 0 11.8634 14.8228
34 10 1 83.4214 91.5667
34 11 1 84.5289 119.943
34 12 1 94.6193 137.682
34 13 1 91.9791 97.0133
34 14 0 83.5716 123.974
34 15 0 71.6295 76.581
34 16 0 66.0293 83.2275
34 17 1 81.9349 108.949
34 18 0 32.4846 46.9833
34 19 0 5.99471 7.88523
34 20 0 13.08 19.314
34 21 0 36.3215 47.3932
34 22 0 73.1524 80.6646
34 23 1 35.9033 50.2809
34 24 0 72.3557 105.38
34 25 1 82.85 119.38
34 26 1 71.6094 80.0371
34 27 0 68.5252 89.8415
34 28 0 3.47305 4.89986
34 29 0 42.4629 59.6038
34 30 0 26.5054 33.8712
34 31 0 35.7157 36.375
34 32 1 60.7502 80.2884
34 33 0 35.9794 36.8004
34 35 1 74.1484 87.4266
34 36 0 28.8693 30.512
34 37 0 17.5382 18.3462
34 38 0 24.8491 34.6857
34 39 1 72.8699 105.18
34 40 0 25.1243 29.3497
35 1 1 53.5358 57.4238
35 2 0 52.8313 62.6495
35 3 1 51.0974 74.4892
35 4 0 38.5548 44.367
35 5 0 41.1818 53.9141
35 6 0 30.5262 43.5611
35 7 0 64.5617 89.1717
35 8 0 47.2614 49.3409
35 9 1 69.0788 76.1388
35 10 0 60.4643 73.9706
35 11 0 59.3066 76.6903
35 12 1 76.759 109.213
35 13 0 78.5223 111.718
35 14 1 89.3078 118.159
35 15 0 54.1831 80.6677
35 16 0 96.7358 139.797
35 17 0 38.1427 52.2689
35 18 1 71.4471 98.7492
35 19 1 55.1968 68.8661
35 20 0 3.98191 4.84048
35 21 0 72.9119 90.3716
35 22 1 14.3235 14.6507
35 23 0 74.503 92.0702
35 24 0 99.8081 133.645
35 25 0 65.7073 68.8315
35 26 1 23.8456 25.3036
35 27 0 33.3025 39.5148
35 28 0 39.5218 53.9791
35 29 0 19.9652 21.2172
35 30 1 21.7949 25.6779
35 31 0 21.955 32.6015
35 32 0 15.2584 21.6403
35 33 1 74.286 91.5213
35 34 0 24.7002 30.8567
35 36 1 89.891 100.135
35 37 0 15.8389 17.6671
35 38 1 89.191 100.805
35 39 0 68.5385 95.997
35 40 0 99.2215 119.269
36 1 0 37.0857 48.7576
36 2 0 65.5726 83.1915
36 3 0 63.2222 64.5876
36 4 0 6.01326 8.80529
36 5 1 34.6344 38.6171
36 6 0 23.437 25.4391
36 7 0 72.2359 101.657
36 8 0 3.91338 5.65255
36 9 1 63.5731 68.9351
36 10 0 64.9053 96.0383
36 11 0 56.6746 58.3283
36 12 1 69.2966 93.8648
36 13 1 54.7031 80.2029
36 14 0 94.9446 113.224
36 15 1 24.009 29.3667
36 16 0 8.25805 10.9083
36 17 0 88.8937 91.0446
36 18 0 71.2035 71.9604
36 19 0 39.6016 50.2948
36 20 0 5.09442 5.95006
36 21 1 78.2148 78.6624
36 22 0 63.1592 80.9958
36 23 0 29.8801 33.4657
36 24 0 90.9064 115.695
36 25 1 64.3323 90.4002
36 26 1 27.0226 27.9386
36 27 0 34.7591 41.664
36 28 1 73.4639 110.127
36 29 0 93.1087 113.332
36 30 1 6.01446 8.9506
36 31 0 28.4895 28.5395
36 32 0 68.7991 99.6355
36 33 0 77.651 95.4277
36 34 0 98.7186 118.378
36 35 0 20.4096 26.2998
36 37 1 60.7473 72.1724
36 38 0 92.9309 96.2409
36 39 0 75.2985 97.9651
36 40 1 19.0552 27.7012
37 1 0 79.1726 101.426
37 2 0 23.0753 26.4227
37 3 0 40.2696 48.1919
37 4 1 81.0334 107.881
37 5 0 24.9273 34.4917
37 6 0 52.8586 75.1554
37 7 0 89.8418 115.622
37 8 0 79.8285 90.1278
37 9 0 59.1527 74.7179
37 10 0 94.9509 136.444
37 11 1 52.8673 57.2169
37 12 0 83.1033 95.1866
37 13 0 5.70955 6.6176
37 14 1 41.9115 55.5219
37 15 0 11.1853 11.9803
37 16 1 53.1309 69.7263
37 17 0 84.6226 85.5179
37 18 0 77.6068 95.4371
37 19 0 54.2311 57.3385
37 20 0 73.1391 102.519
37 21 0 24.0778 25.72
37 22 1 78.6805 80.088
37 23 0 59.7464 61.2333
37 24 0 42.2289 49.0041
37 25 0 48.3178 65.0556
37 26 0 75.4361 87.9756
37 27 0 84.5243 93.2173
37 28 1 48.1219 58.6807
37 29 0 69.5973 74.5286
37 30 1 42.299 58.2355
37 31 1 73.0035 74.2667
37 32 1 10.152 10.4601
37 33 0 77.2579 107.582
37 34 1 22.6497 26.1325
37 35 1 25.0711 36.595
37 36 0 99.6851 131.356
37 38 1 0.298099 0.299246
37 39 0 43.2351 58.3831
37 40 0 40.4321 41.6684
38 1 0 95.0592 121.835
38 2 1 71.0658 77.4451
38 3 0 8.34417 9.84051
38 4 1 11.2739 12.9812
38 5 0 68.8633 80.2262
38 6 1 54.6212 76.2697
38 7 1 93.9795 97.1174
38 8 0 79.8628 119.785
38 9 1 69.8723 72.4695
38 10 0 7.0459 7.93617
38 11 0 17.7744 21.4477
38 12 0 27.225 39.979
38 13 0 64.866 81.4428
38 14 0 85.0598 117.481
38 15 0 73.7446 106.959
38 16 1 42.9921 61.883
38 17 1 27.2966 39.7734
38 18 0 95.783 114.287
38 19 1 24.6621 36.9554
38 20 0 60.675 68.0134
38 21 0 44.4025 55.3834
38 22 0 81.5097 111.107
38 23 0 14.0232 15.5324
38 24 0 98.7924 123.637
38 25 1 3.15904 4.1643
38 26 0 87.514 97.5544
38 27 0 17.7105 18.6851
38 28 0 83.6792 113.926
38 29 1 50.1417 54.2051
38 30 0 3.28518 3.58152
38 31 0 12.8861 13.02
38 32 0 31.3908 44.5518
38 33 1 47.4508 62.7645
38 34 0 25.0496 25.8026
38 35 0 5.91812 6.63582
38 36 1 96.4896 115.513
38 37 0 65.8356 90.9217
38 39 1 69.5502 83.5128
38 40 1 74.5114 106.313
39 1 0 6.9021 8.38612
39 2 0 13.8088 14.4539
39 3 0 99.8807 124.17
39 4 0 85.37 121.434
39 5 1 87.4818 114.691
39 6 1 74.3557 86.5058
39 7 0 37.5492 53.6446
39 8 0 73.8668 75.7623
39 9 0 66.1773 94.3522
39 10 1 41.3688 53.9523
39 11 1 3.53459 4.51614
39 12 0 48.9396 62.7859
39 13 0 87.6091 108.665
39 14 0 76.0439 102.999
39 15 1 85.9916 92.3545
39 16 0 96.5887 140.213
39 17 0 27.4613 33.2026
39 18 1 46.9476 47.7743
39 19 1 16.5178 21.9759
39 20 0 85.9726 109.968
39 21 1 32.6382 44.2095
39 22 0 94.7871 108.087
39 23 0 50.1823 60.8641
39 24 0 34.6758 35.7383
39 25 1 8.28965 12.2139
39 26 1 89.8681 111.914
39 27 0 15.1116 17.8082
39 28 0 12.3213 13.0809
39 29 0 35.1286 36.5465
39 30 1 88.6061 128.385
39 31 0 93.7539 105.357
39 32 1 15.2503 16.335
39 33 0 21.1611 28.241
39 34 1 61.5889 79.116
39 35 0 54.1226 62.1271
39 36 1 20.362 23.3822
39 37 0 33.0484 48.7295
39 38 1 74.9399 103.224
39 40 1 89.904 120.79
40 1 1 32.9626 41.0982
40 2 1 75.4836 106.993
40 3 0 80.7897 91.4737
40 4 0 96.2798 103.834
40 5 0 2.36058 2.78254
40 6 1 13.2342 17.0702
40 7 0 74.227 86.2308
40 8 0 52.9519 66.7067
40 9 0 10.9769 13.7965
40 10 1 54.189 64.8251
40 11 0 93.4648 130.409
40 12 0 41.3729 54.3559
40 13 0 55.9225 62.9762
40 14 0 10.1784 12.1601
40 15 1 28.4471 36.0809
40 16 1 5.97027 8.82688
40 17 0 63.2906 73.2344
40 18 0 25.4886 31.9858
40 19 0 13.2656 17.9368
40 20 0 57.416 68.6026
40 21 0 57.2661 77.4119
40 22 1 46.8836 53.3032
40 23 0 54.6233 55.9505
40 24 0 78.2827 116.734
40 25 0 97.9319 113.554
40 26 0 84.7132 117.744
40 27 1 6.38275 7.06814
40 28 0 3.02813 3.03315
40 29 0 58.6694 78.0489
40 30 0 72.4421 87.153
40 31 1 90.5643 120.547
40 32 0 24.9114 37.1624
40 33 0 99.4677 124.802
40 34 0 40.0279 52.758
40 35 1 42.1851 43.8668
40 36 0 60.0451 63.0055
40 37 0 44.3323 48.5607
40 38 0 38.8737 52.641
40 39 0 98.1743 118.827
29.0172 12.7128 10.2679 12.9117 1.15675 8.00194 39.9841 6.59206 33.2511 33.5995 38.3035 36.8746 23.2871 21.8261 30.7599 29.8596 1.66366 11.0555 1.55494 13.0458 13.8896 4.37836 6.73462 22.907 32.8914 7.26422 19.9233 1.6406 39.0227 11.9821 11.1653 19.9416 15.9077 14.9218 19.4543 2.47044 0.915105 1.76101 29.479 13.676 