40
500
2
100
1 2 1 48.2694 55.7879
1 3 0 11.6778 16.8908
1 4 1 45.9769 63.5175
1 5 0 85.7319 119.141
1 6 0 9.78911 11.772
1 7 1 81.1608 82.5868
1 8 0 43.1516 63.1015
1 9 1 10.7028 15.9029
1 10 1 29.2719 29.3091
1 11 0 90.4643 112.793
1 12 0 17.8607 23.1043
1 13 0 67.7036 90.6229
1 14 1 25.7766 31.8302
1 15 0 63.7855 83.6473
1 16 0 86.8021 126.383
1 17 0 28.9659 40.4429
1 18 0 68.5627 86.0243
1 19 0 83.4321 112.087
1 20 0 47.5402 59.9195
1 21 0 27.4815 33.2572
1 22 0 42.5817 52.6033
1 23 0 10.0427 14.7765
1 24 1 87.8841 121.227
1 25 0 33.1334 33.14
1 26 0 96.4865 134.117
1 27 0 17.6175 24.3821
1 28 0 73.3554 98.8471
1 29 0 86.2774 114.117
1 30 1 49.0448 54.4695
1 31 1 7.55171 11.0883
1 32 1 63.2967 92.6868
1 33 0 69.9916 102.809
1 34 0 35.9069 47.1966
1 35 1 11.6624 12.9782
1 36 0 9.57843 11.9766
1 37 0 91.918 98.6258
1 38 0 64.6686 76.8021
1 39 0 94.9594 128.937
1 40 1 16.3688 22.2763
2 1 0 10.5083 11.2682
2 3 1 39.0217 40.1076
2 4 1 8.02548 9.70721
2 5 1 55.905 56.5506
2 6 0 55.045 74.8557
2 7 0 4.04878 4.45203
2 8 0 23.9966 26.2756
2 9 0 66.0623 93.1278
2 10 0 15.6476 18.5958
2 11 0 88.9135 116.254
2 12 0 84.7349 107.672
2 13 0 86.2635 93.4894
2 14 1 25.9272 30.9002
2 15 0 21.5561 26.4337
2 16 0 8.71739 13.0536
2 17 0 50.9433 68.0246
2 18 0 80.4367 100.478
2 19 0 72.0777 78.5247
2 20 1 13.1366 19.4031
2 21 0 47.9073 51.9194
2 22 0 30.449 45.0934
2 23 0 96.2896 127.891
2 24 1 58.9034 63.6742
2 25 1 17.4662 24.7365
2 26 1 51.7949 66.3353
2 27 0 24.4057 31.6343
2 28 0 85.4727 122.059
2 29 1 57.789 85.8681
2 30 0 94.4127 130.904
2 31 0 38.0493 41.5105
2 32 0 89.8525 119.101
2 33 0 16.3995 16.9253
2 34 0 94.0249 127.037
2 35 0 93.5359 101.022
2 36 0 54.2863 68.8878
2 37 0 47.8498 50.4064
2 38 0 56.1692 80.3365
2 39 1 75.4576 103.49
2 40 1 78.3677 83.8064
3 1 0 86.6105 126.097
3 2 1 73.4949 105.304
3 4 1 89.8589 126.724
3 5 0 60.8419 85.0547
3 6 0 98.9775 134.752
3 7 0 81.4918 114.714
3 8 0 38.1155 40.2507
3 9 1 57.0334 61.5335
3 10 0 28.0832 32.4566
3 11 1 59.2857 84.7272
3 12 0 92.8628 107.482
3 13 0 28.8972 39.4084
3 14 0 35.5529 38.3568
3 15 0 72.9394 108.352
3 16 0 50.243 63.0555
3 17 0 76.767 94.3061
3 18 0 4.21012 4.53286
3 19 0 12.2678 15.4856
3 20 1 69.9063 102.361
3 21 0 83.4339 117.462
3 22 0 58.5129 59.099
3 23 0 76.0033 89.1223
3 24 0 13.2295 17.3198
3 25 0 11.5283 11.5957
3 26 0 90.3735 118.356
3 27 0 51.0066 68.5452
3 28 1 20.3554 28.0553
3 29 0 14.592 21.2818
3 30 1 43.7566 52.0363
3 31 1 70.044 100.774
3 32 0 7.36541 10.7033
3 33 0 48.0291 65.3887
3 34 0 16.354 21.4726
3 35 0 69.9589 77.4508
3 36 0 46.7678 59.5367
3 37 0 12.9557 17.7562
3 38 1 31.7732 41.8349
3 39 0 39.8832 51.487
3 40 0 26.4231 39.4686
4 1 0 45.8128 57.0553
4 2 1 69.5819 88.1934
4 3 0 2.50905 2.68401
4 5 1 46.6502 47.6504
4 6 0 91.0769 122.232
4 7 0 88.1474 102.063
4 8 0 52.6129 68.0374
4 9 0 64.9886 79.7754
4 10 0 34.2507 41.2985
4 11 1 91.8978 110.077
4 12 0 5.6585 6.85543
4 13 0 48.0984 69.7453
4 14 0 39.3454 44.7252
4 15 0 26.3372 30.3401
4 16 0 48.634 49.2621
4 17 0 13.5197 14.5347
4 18 1 62.4973 92.7726
4 19 0 67.7682 73.8849
4 20 0 40.3434 56.8635
4 21 0 26.2157 32.418
4 22 0 7.18972 10.7218
4 23 0 25.819 37.5225
4 24 1 3.2848 3.44346
4 25 0 80.5863 108.535
4 26 1 59.4363 79.166
4 27 1 56.3169 73.891
4 28 0 32.9922 43.651
4 29 1 33.0566 34.5469
4 30 1 61.98 84.2775
4 31 0 80.9475 119.993
4 32 0 60.8604 87.9416
4 33 1 55.2998 74.7576
4 34 0 62.0101 67.5777
4 35 1 69.08 97.8767
4 36 0 30.159 35.2514
4 37 0 92.929 116.137
4 38 0 82.3871 115.605
4 39 0 90.4762 92.1347
4 40 1 2.35224 2.94402
5 1 1 82.2981 117.082
5 2 0 6.76131 7.09211
5 3 1 7.64782 10.5114
5 4 0 84.7885 106.176
5 6 1 93.3055 124.75
5 7 0 79.9671 81.393
5 8 1 24.2381 34.6435
5 9 0 22.3701 30.8783
5 10 0 98.6342 121.826
5 11 0 80.0178 106.584
5 12 0 57.7973 59.6641
5 13 0 83.9687 96.5575
5 14 0 31.2974 32.1637
5 15 0 97.0997 130.883
5 16 0 0.790742 0.790874
5 17 1 10.043 12.0486
5 18 0 16.7462 18.0605
5 19 0 77.8249 101.889
5 20 0 99.5385 118.658
5 21 0 42.453 55.4374
5 22 0 92.819 124.596
5 23 0 15.61 18.6486
5 24 1 77.8281 114.396
5 25 0 2.52959 3.6545
5 26 0 8.05885 8.63185
5 27 0 40.9401 59.5478
5 28 0 78.798 99.6538
5 29 1 90.0046 100.733
5 30 1 37.4017 53.5669
5 31 0 57.2989 61.4671
5 32 1 7.27264 8.2908
5 33 0 76.5036 93.2524
5 34 0 8.31935 8.76111
5 35 0 63.4956 84.5258
5 36 1 9.64676 11.8187
5 37 0 45.0615 46.3146
5 38 0 8.4968 11.3276
5 39 1 94.3163 102.077
5 40 1 98.419 146.629
6 1 1 14.7545 20.5544
6 2 0 40.0255 40.2242
6 3 1 0.208442 0.284557
6 4 1 23.2389 25.627
6 5 0 44.9099 63.4718
6 7 1 40.92 54.27
6 8 1 95.9979 127.391
6 9 0 3.86479 5.164
6 10 0 32.2223 39.5928
6 11 0 8.79681 12.7282
6 12 0 13.3935 15.0886
6 13 0 64.1795 93.0732
6 14 0 73.774 84.4824
6 15 1 22.7536 32.3005
6 16 1 75.5141 76.8328
6 17 0 71.095 92.1935
6 18 1 7.15611 10.3248
6 19 0 13.8714 14.1529
6 20 1 36.3219 49.1697
6 21 1 4.58369 6.3445
6 22 0 30.5997 34.1828
6 23 1 72.8018 88.9173
6 24 0 63.5212 65.8064
6 25 1 62.5194 68.5899
6 26 0 54.9603 77.0579
6 27 1 27.8258 32.3179
6 28 0 36.8318 45.3014
6 29 1 26.4046 28.1686
6 30 0 87.1974 107.797
6 31 0 80.3017 82.7967
6 32 1 36.1943 53.7588
6 33 0 26.1339 28.678
6 34 1 32.65 44.6245
6 35 0 88.7912 128.424
6 36 0 17.0408 22.2609
6 37 0 48.9024 73.0112
6 38 0 37.6497 44.8326
6 39 0 64.3781 67.8005
6 40 0 16.9498 23.4693
7 1 1 72.6295 91.2242
7 2 1 92.4766 135.731
7 3 1 57.9068 84.5448
7 4 1 38.1426 53.8018
7 5 0 73.1933 106.303
7 6 0 21.9067 27.8934
7 8 1 3.25909 4.10979
7 9 0 81.2802 90.0694
7 10 0 31.2513 46.5712
7 11 0 51.5851 68.8282
7 12 0 34.0638 50.2767
7 13 1 62.0708 91.1955
7 14 0 68.6325 69.3886
7 15 0 18.1829 23.4229
7 16 0 47.1126 47.2508
7 17 0 84.5822 120.639
7 18 1 47.9945 68.1616
7 19 0 55.1833 66.3778
7 20 1 76.0687 113.625
7 21 0 33.9504 40.1926
7 22 1 96.4978 100.525
7 23 0 84.657 110.504
7 24 0 65.0959 69.5591
7 25 0 59.4423 68.2905
7 26 1 38.7385 42.0551
7 27 0 81.1345 117.119
7 28 1 44.0147 64.4541
7 29 0 64.7057 96.99
7 30 0 53.4195 70.1962
7 31 0 21.0631 30.14
7 32 0 63.5885 71.4974
7 33 0 75.9022 109.879
7 34 0 7.4387 8.94354
7 35 0 83.2767 112.378
7 36 0 37.7023 44.3216
7 37 1 63.1123 85.0533
7 38 0 90.9533 131.368
7 39 1 86.4085 102.982
7 40 1 98.7775 114.822
8 1 1 55.57 58.1508
8 2 0 89.0763 130.09
8 3 0 90.2703 92.9318
8 4 0 40.2666 48.1266
8 5 0 64.2101 86.9715
8 6 0 79.4597 106.335
8 7 0 28.9561 33.8913
8 9 1 51.3086 63.0155
8 10 0 24.4658 25.9152
8 11 1 42.0245 60.6818
8 12 1 47.9612 48.0906
8 13 0 67.0328 86.8636
8 14 0 77.6857 94.4321
8 15 1 23.8641 25.8098
8 16 1 15.9539 22.0335
8 17 0 63.9171 74.3606
8 18 0 30.7264 33.5322
8 19 0 88.649 124.071
8 20 0 60.2107 61.3232
8 21 0 21.1735 30.8876
8 22 1 4.73558 6.90641
8 23 0 13.2467 17.1856
8 24 0 30.8221 44.7663
8 25 0 77.0589 88.1354
8 26 0 76.1701 107.583
8 27 0 63.2666 88.7184
8 28 0 31.4736 35.4322
8 29 1 22.2371 23.6872
8 30 1 90.6771 103.965
8 31 0 78.6328 114.09
8 32 0 18.2477 19.7438
8 33 0 9.56336 9.7054
8 34 0 18.7917 25.4385
8 35 1 65.3339 71.6582
8 36 1 45.7118 67.0669
8 37 0 65.9175 66.2132
8 38 0 40.3806 53.4726
8 39 0 61.5298 68.5634
8 40 0 92.2393 111.657
9 1 1 0.789632 0.927497
9 2 0 5.4747 6.45887
9 3 0 66.9939 78.4692
9 4 0 4.80985 5.6269
9 5 0 25.1007 29.4003
9 6 0 81.2133 117.164
9 7 0 71.3489 83.4241
9 8 1 4.61613 4.67144
9 10 1 81.0281 93.2745
9 11 0 30.1527 35.8518
9 12 1 93.6671 123.197
9 13 0 87.2984 88.6935
9 14 1 81.9469 117.232
9 15 0 15.4022 19.1217
9 16 1 66.6683 85.7092
9 17 0 67.93 86.4602
9 18 0 78.6646 99.4434
9 19 0 72.7421 101.87
9 20 0 27.7171 29.0724
9 21 0 86.7395 90.7245
9 22 1 27.4715 36.3772
9 23 1 27.55 35.3066
9 24 1 12.9109 17.8044
9 25 0 65.757 76.0377
9 26 0 16.0747 19.4577
9 27 0 60.647 85.3871
9 28 0 63.687 71.5557
9 29 0 85.1892 92.6346
9 30 0 32.4158 46.6426
9 31 1 78.1179 108.967
9 32 0 21.3212 31.3476
9 33 1 56.6005 65.5835
9 34 0 67.56 88.3539
9 35 1 66.3174 92.9007
9 36 0 89.2174 121.488
9 37 1 28.1426 30.1005
9 38 1 76.8253 76.8467
9 39 1 47.2798 53.2904
9 40 0 81.2602 105.411
10 1 0 12.8438 19.2391
10 2 0 34.3527 35.7459
10 3 0 31.0018 41.2453
10 4 0 76.9386 108.993
10 5 0 6.89427 9.21242
10 6 1 44.0123 57.1182
10 7 0 75.0464 85.0292
10 8 0 59.525 86.1483
10 9 0 27.407 35.1909
10 11 1 39.3169 53.922
10 12 0 39.0768 58.3354
10 13 1 22.4385 26.7804
10 14 1 27.9289 36.0777
10 15 1 53.2981 73.2999
10 16 0 38.653 52.3704
10 17 1 23.4781 25.0879
10 18 1 96.0595 109.468
10 19 0 80.807 110.07
10 20 1 66.763 70.0789
10 21 0 76.0738 80.9433
10 22 1 75.7115 94.9379
10 23 1 86.4049 128.456
10 24 1 94.7838 118.104
10 25 0 93.1918 100.186
10 26 0 3.38118 4.71023
10 27 0 86.0278 108.112
10 28 0 87.6727 121.029
10 29 1 72.6112 72.9224
10 30 0 86.1979 93.6137
10 31 1 91.5588 107.593
10 32 0 68.8548 93.1147
10 33 0 77.211 79.183
10 34 1 6.77025 9.82951
10 35 0 37.0187 51.6534
10 36 0 54.7023 73.8069
10 37 1 31.4679 41.1578
10 38 0 7.3368 10.392
10 39 0 6.78427 8.46283
10 40 1 2.45215 3.166
11 1 1 24.8959 34.7361
11 2 1 75.9203 78.4401
11 3 0 14.899 17.5445
11 4 0 87.6782 95.9901
11 5 0 28.0547 39.4961
11 6 0 72.7632 87.2657
11 7 0 16.1555 16.9071
11 8 0 96.872 105.595
11 9 0 14.4981 18.3429
11 10 1 83.7308 108.19
11 12 1 84.4241 88.3099
11 13 0 25.4927 34.381
11 14 0 83.7268 110.95
11 15 0 12.9311 17.2096
11 16 1 4.3204 5.94371
11 17 0 42.5115 49.277
11 18 0 36.6146 44.1109
11 19 1 23.2292 33.1913
11 20 1 55.6054 61.112
11 21 1 12.538 13.6055
11 22 0 93.0928 132.44
11 23 0 56.3672 64.5113
11 24 0 56.9221 66.208
11 25 0 98.6917 145.998
11 26 0 69.1541 80.5359
11 27 0 63.052 72.0998
11 28 1 28.9817 31.9332
11 29 0 9.55908 12.5648
11 30 1 94.8448 111.254
11 31 0 57.0063 80.7544
11 32 0 10.5954 10.692
11 33 0 30.2741 38.2966
11 34 0 88.0782 102.905
11 35 0 62.8954 90.3116
11 36 1 50.8055 53.0261
11 37 0 33.249 46.6991
11 38 1 26.7212 38.6256
11 39 1 23.1787 34.071
11 40 0 13.8605 17.6309
12 1 1 45.2094 51.5804
12 2 0 72.8551 88.0608
12 3 1 96.8675 112.957
12 4 1 16.4897 22.7339
12 5 0 52.0234 75.0186
12 6 0 12.5999 13.55
12 7 0 73.246 87.5202
12 8 0 54.7042 68.1625
12 9 1 53.9683 71.5663
12 10 0 3.69793 4.88198
12 11 1 10.6375 14.0635
12 13 1 45.6926 59.5721
12 14 0 52.6274 64.6224
12 15 1 96.7573 98.7149
12 16 0 12.9868 17.9267
12 17 0 0.435117 0.639852
12 18 0 17.853 18.8876
12 19 1 68.6974 95.582
12 20 0 51.442 58.6702
12 21 0 7.72183 7.8855
12 22 0 13.3169 15.7774
12 23 0 97.8788 146.319
12 24 1 77.4706 115.207
12 25 1 59.9681 85.8129
12 26 0 82.8437 112.482
12 27 0 64.2645 89.2051
12 28 0 25.6627 36.1525
12 29 0 1.6735 2.27543
12 30 0 49.0207 61.1071
12 31 0 72.0743 95.7109
12 32 0 13.0127 14.4765
12 33 1 62.6137 77.22
12 34 0 33.438 36.4863
12 35 0 65.6811 78.9351
12 36 0 69.9717 96.1765
12 37 1 48.4233 59.1968
12 38 0 87.6418 111.428
12 39 0 25.3184 32.2029
12 40 1 92.4841 118.455
13 1 0 35.0746 40.1195
13 2 0 88.3985 96.7517
13 3 1 31.2288 41.3968
13 4 0 90.2318 121.629
13 5 0 92.8887 138.625
13 6 0 64.3671 89.9528
13 7 0 19.2851 28.4972
13 8 0 31.2047 45.6872
13 9 0 79.7764 105.097
13 10 0 73.7997 106.077
13 11 1 96.4261 117.163
13 12 1 80.8293 94.4954
13 14 1 72.0972 79.5839
13 15 0 15.0287 21.6537
13 16 1 32.8922 39.0551
13 17 0 25.021 31.872
13 18 0 61.9602 87.9379
13 19 0 91.2918 117.137
13 20 0 75.7099 87.9923
13 21 0 37.5434 40.0198
13 22 0 80.4055 88.0378
13 23 0 83.2912 114.54
13 24 0 41.2646 54.8217
13 25 0 84.9282 107.094
13 26 0 16.322 21.4748
13 27 0 90.0916 92.387
13 28 1 1.66431 2.41514
13 29 0 80.1266 92.6881
13 30 1 60.3172 70.1652
13 31 0 9.79638 10.12
13 32 0 29.4551 42.4163
13 33 0 68.7804 86.3388
13 34 0 59.5451 65.6984
13 35 0 49.6459 54.6253
13 36 1 74.1912 94.2801
13 37 0 56.9493 80.5637
13 38 1 42.9491 48.1942
13 39 0 38.2182 42.7135
13 40 0 39.6656 52.2629
14 1 0 18.3454 23.9383
14 2 0 19.4979 28.6884
14 3 0 14.5695 14.6901
14 4 0 47.3722 54.4506
14 5 1 59.9594 63.9031
14 6 0 33.9597 37.0332
14 7 0 85.0379 119.753
14 8 0 32.7911 48.6722
14 9 0 65.8782 75.23
14 10 0 27.8372 29.1911
14 11 0 32.612 44.6093
14 12 0 59.4448 70.2536
14 13 0 4.88284 6.5205
14 15 1 23.6045 30.4494
14 16 0 26.5647 27.1774
14 17 0 14.9297 21.2142
14 18 0 67.5204 84.0917
14 19 0 87.9702 115.129
14 20 0 1.11999 1.54662
14 21 1 4.14937 4.98955
14 22 0 92.4974 110.313
14 23 0 47.6957 68.9923
14 24 0 14.9524 22.2748
14 25 1 80.1334 111.359
14 26 0 21.613 29.1898
14 27 0 37.066 47.3793
14 28 1 18.3134 20.4322
14 29 0 66.9505 78.8749
14 30 0 1.96553 2.59074
14 31 0 37.6362 54.6503
14 32 0 31.7467 42.2271
14 33 1 23.993 25.7323
14 34 0 38.4434 55.1357
14 35 0 91.8809 112.651
14 36 0 22.4415 33.437
14 37 0 67.6714 97.065
14 38 0 92.9684 136.298
14 39 0 65.8245 76.779
14 40 0 90.56 123.004
15 1 0 34.6664 37.0473
15 2 0 88.4376 111.569
15 3 1 59.6018 66.9595
15 4 1 50.5737 55.7588
15 5 0 15.1672 20.8111
15 6 1 63.7764 91.9471
15 7 0 38.229 40.3889
15 8 0 52.8569 72.956
15 9 1 62.1797 78.3307
15 10 1 59.4908 59.892
15 11 1 47.5303 64.777
15 12 1 74.1515 81.6471
15 13 0 37.3722 45.1751
15 14 0 26.8067 36.8392
15 16 1 70.9641 102.73
15 17 0 37.3317 53.3149
15 18 0 14.2493 21.0184
15 19 0 53.8538 74.0448
15 20 1 51.1752 68.8737
15 21 1 32.4774 32.7211
15 22 0 42.4982 53.1724
15 23 1 35.2781 46.7224
15 24 0 6.24562 7.00744
15 25 1 51.0872 68.9123
15 26 0 35.2938 51.0344
15 27 0 18.9946 21.8089
15 28 1 53.477 70.7158
15 29 0 1.94177 2.90056
15 30 0 19.182 24.1957
15 31 0 97.9535 125.76
15 32 0 48.2976 61.3662
15 33 1 88.8888 114.9
15 34 0 39.8024 55.1385
15 35 0 89.304 94.6156
15 36 1 58.8129 74.1677
15 37 0 14.1807 16.0955
15 38 1 70.1673 96.734
15 39 1 2.21374 2.4326
15 40 1 33.7078 49.7954
16 1 0 82.6912 117.013
16 2 0 51.0048 63.657
16 3 0 73.5614 83.5533
16 4 0 54.3473 61.4318
16 5 1 4.21454 5.59778
16 6 1 41.5168 44.9387
16 7 1 91.5404 107.024
16 8 0 41.4005 49.1168
16 9 0 68.2468 79.4059
16 10 1 18.9718 27.3616
16 11 0 27.1059 33.376
16 12 0 87.3783 108.976
16 13 0 14.5153 17.4356
16 14 1 81.3848 120.219
16 15 0 66.1854 82.567
16 17 1 15.3247 17.3904
16 18 0 82.9308 96.8404
16 19 0 18.1526 18.8882
16 20 1 67.2935 81.9878
16 21 1 90.2297 127.511
16 22 1 28.7212 40.2907
16 23 0 73.4895 83.1682
16 24 0 2.86932 3.53513
16 25 0 42.178 55.3859
16 26 0 16.5233 18.8257
16 27 0 66.605 66.8482
16 28 1 29.9446 35.9066
16 29 1 72.834 75.9835
16 30 0 21.3014 30.5099
16 31 0 94.8392 112.6
16 32 0 86.576 87.3077
16 33 0 48.8298 67.202
16 34 0 78.1376 108.246
16 35 0 90.5428 119.381
16 36 1 78.4835 93.775
16 37 0 90.2574 101.97
16 38 0 55.9698 63.5371
16 39 1 24.6184 25.0002
16 40 0 12.8988 15.0767
17 1 0 55.8851 81.4949
17 2 0 10.2452 11.4934
17 3 1 98.6359 133.6
17 4 0 69.1901 87.8481
17 5 0 34.976 46.1617
17 6 0 46.1176 62.6961
17 7 0 9.29421 13.6822
17 8 0 90.5489 114.633
17 9 0 24.3774 35.7504
17 10 0 91.8492 136.26
17 11 0 24.2825 31.491
17 12 0 67.5894 72.4518
17 13 0 37.5828 38.4386
17 14 0 68.5505 83.9404
17 15 0 27.5401 37.4114
17 16 1 62.4352 66.7257
17 18 1 46.3273 51.3214
17 19 0 46.2218 57.6287
17 20 0 68.4486 84.4826
17 21 0 50.2032 63.4411
17 22 0 78.8007 92.8904
17 23 0 84.5317 105.154
17 24 0 53.8365 64.3799
17 25 1 36.1844 47.8124
17 26 0 38.9627 43.8002
17 27 0 67.2012 96.7977
17 28 0 94.8086 138.429
17 29 0 5.09632 6.77565
17 30 1 60.8954 88.3843
17 31 0 30.0678 37.3464
17 32 1 53.7885 59.8639
17 33 0 51.5903 62.9224
17 34 0 47.6566 48.4026
17 35 0 29.4931 37.2972
17 36 0 67.6869 73.6471
17 37 1 0.958025 1.33192
17 38 1 12.4916 12.775
17 39 1 51.9435 54.4628
17 40 0 58.7574 63.7276
18 1 0 16.7895 23.6014
18 2 1 22.3679 25.2233
18 3 1 66.7536 77.466
18 4 0 45.1213 60.0977
18 5 0 15.5587 15.9307
18 6 0 9.06385 10.0252
18 7 1 50.2807 57.1187
18 8 0 96.8676 98.0664
18 9 0 1.52992 1.71701
18 10 0 53.96 61.5197
18 11 1 12.9029 19.0439
18 12 1 13.3633 16.0746
18 13 0 74.5911 100.855
18 14 1 22.9544 29.5311
18 15 1 47.3582 70.4947
18 16 0 35.3789 50.0469
18 17 1 78.4656 115.792
18 19 1 20.4016 25.0289
18 20 1 95.0381 106.297
18 21 0 55.8919 66.6323
18 22 1 67.8333 83.4866
18 23 0 49.7068 68.9161
18 24 0 26.6123 27.785
18 25 0 65.7066 71.6782
18 26 1 80.7194 84.9085
18 27 0 11.7417 12.2199
18 28 0 6.36026 8.03319
18 29 0 96.8789 110.923
18 30 1 14.9428 18.9309
18 31 0 52.103 70.0349
18 32 0 42.8843 60.4808
18 33 0 49.9356 57.2566
18 34 1 51.6062 59.804
18 35 1 30.2912 45.3231
18 36 0 12.6284 14.5355
18 37 0 78.243 113.062
18 38 0 23.3855 32.0844
18 39 0 70.2283 84.5827
18 40 1 43.8709 48.9309
19 1 1 22.8603 25.3814
19 2 0 49.0475 67.4896
19 3 0 28.8262 43.0571
19 4 0 60.3783 82.26
19 5 0 98.1834 120.682
19 6 0 44.7658 67.0248
19 7 1 85.5953 110.711
19 8 0 18.424 24.7975
19 9 0 6.87495 7.83368
19 10 0 45.5373 54.1923
19 11 0 78.0642 78.3824
19 12 0 20.946 24.5592
19 13 0 82.6596 119.662
19 14 0 60.3955 64.2934
19 15 0 75.5772 103.23
19 16 0 47.7858 70.8304
19 17 0 69.9534 74.3722
19 18 1 41.4759 44.657
19 20 1 13.4407 15.6863
19 21 0 77.5075 106.101
19 22 0 31.5178 33.846
19 23 0 85.4326 118.532
19 24 0 25.6119 26.7819
19 25 0 45.4927 48.0319
19 26 1 15.5023 17.7282
19 27 0 40.791 42.035
19 28 0 86.8716 93.0101
19 29 0 99.0654 111.993
19 30 1 26.3746 31.867
19 31 0 91.6379 124.717
19 32 1 75.1036 89.0305
19 33 1 74.4486 87.7195
19 34 0 95.5299 139.536
19 35 1 60.5705 63.151
19 36 0 71.9957 89.0041
19 37 0 58.7683 77.9742
19 38 0 53.5495 75.8118
19 39 1 8.75711 11.3156
19 40 0 98.1029 130.791
20 1 1 40.6147 57.4605
20 2 1 71.9641 102.424
20 3 1 70.8674 104.877
20 4 1 80.5192 82.031
20 5 0 68.7421 84.8267
20 6 0 96.604 111.502
20 7 0 19.0551 23.9334
20 8 0 35.9863 39.0613
20 9 0 72.8215 88.7063
20 10 1 86.7772 105.708
20 11 0 41.8659 47.7485
20 12 0 17.9355 22.9577
20 13 1 59.2728 79.8726
20 14 1 68.0411 81.7923
20 15 0 44.2577 44.5715
20 16 0 58.3458 67.7837
20 17 0 9.31795 11.4215
20 18 1 28.1156 39.8152
20 19 0 12.0747 12.8707
20 21 1 15.0287 16.5901
20 22 0 17.464 19.5198
20 23 1 95.669 97.1179
20 24 0 39.4902 55.3424
20 25 0 75.3952 88.3097
20 26 1 92.9112 108.447
20 27 1 38.9476 58.1656
20 28 0 74.0314 106.223
20 29 1 56.6196 57.6946
20 30 0 6.75509 8.67001
20 31 0 32.7929 39.8638
20 32 0 57.0595 59.8023
20 33 1 40.9954 41.2778
20 34 0 42.5534 58.2722
20 35 1 25.5556 37.6407
20 36 1 49.6592 55.3965
20 37 1 19.1873 25.5192
20 38 0 12.289 17.8764
20 39 0 21.4479 24.4953
20 40 1 1.49779 1.96967
21 1 0 75.7522 82.1205
21 2 1 46.1776 66.8163
21 3 0 26.7214 38.5273
21 4 0 34.7904 41.458
21 5 1 41.6586 61.6338
21 6 0 12.5623 14.2233
21 7 0 67.4914 95.0302
21 8 1 6.81423 7.85153
21 9 1 9.52891 13.5348
21 10 0 73.3265 104.783
21 11 0 77.6784 103.281
21 12 0 4.13357 5.79974
21 13 0 51.3084 68.9169
21 14 0 81.66 88.7611
21 15 0 22.0011 27.4097
21 16 1 1.00375 1.08319
21 17 1 57.631 58.3342
21 18 1 62.1958 87.1786
21 19 0 59.8245 61.4885
21 20 0 91.9344 93.5524
21 22 1 13.1456 19.3309
21 23 1 82.4708 116.561
21 24 1 84.9544 88.7479
21 25 0 5.61329 8.38473
21 26 0 50.003 64.9466
21 27 1 0.147852 0.208106
21 28 0 23.6528 29.8525
21 29 1 28.8822 30.1369
21 30 0 6.47799 8.6353
21 31 0 75.6852 79.2643
21 32 0 53.4093 73.5817
21 33 0 67.3784 81.6392
21 34 0 86.7563 123.539
21 35 1 36.3748 54.4715
21 36 0 64.8697 70.7874
21 37 0 43.5225 56.3176
21 38 0 65.3943 84.8893
21 39 0 68.3618 82.9379
21 40 0 12.2556 16.7651
22 1 0 38.9387 40.3384
22 2 0 79.4418 110.721
22 3 1 94.7667 112.975
22 4 0 23.5482 31.5042
22 5 0 30.4738 34.1672
22 6 1 73.2359 88.6239
22 7 0 43.3125 58.5713
22 8 0 56.6593 71.3289
22 9 1 32.7121 46.6506
22 10 1 52.345 65.5737
22 11 0 22.5268 23.138
22 12 1 22.0492 26.0932
22 13 0 71.5997 88.8708
22 14 0 63.8124 69.0398
22 15 0 72.4888 83.2033
22 16 0 81.2448 120.548
22 17 0 63.7934 82.858
22 18 0 40.0864 49.636
22 19 0 36.679 53.2132
22 20 0 47.2879 50.9831
22 21 0 22.1873 28.5961
22 23 1 54.953 76.8399
22 24 0 94.979 102.748
22 25 0 76.2374 109.92
22 26 1 77.9023 109.606
22 27 0 51.5725 56.3269
22 28 0 88.0093 119.156
22 29 0 67.5949 98.2695
22 30 0 19.6358 21.8865
22 31 0 99.1942 103.797
22 32 0 38.943 55.1662
22 33 1 88.4293 103.123
22 34 1 3.21202 3.53945
22 35 1 52.0035 65.5446
22 36 0 8.31815 9.69618
22 37 1 76.5131 86.9956
22 38 0 79.3246 112.485
22 39 0 65.1805 82.2159
22 40 0 87.8437 116.454
23 1 0 9.9218 14.7598
23 2 1 18.4469 27.4658
23 3 1 28.0254 35.0717
23 4 0 2.11607 2.8584
23 5 0 8.09963 9.18442
23 6 1 19.5221 25.7596
23 7 1 77.5389 77.9322
23 8 0 8.66486 9.09828
23 9 0 65.4894 96.7184
23 10 0 84.2373 108.205
23 11 0 8.73662 13.0469
23 12 1 59.8457 74.0822
23 13 0 40.7306 43.2762
23 14 0 81.4796 92.6273
23 15 1 15.6298 22.4789
23 16 1 0.886877 1.31426
23 17 0 60.0206 87.5002
23 18 0 74.1436 109.908
23 19 0 32.651 35.9967
23 20 0 13.2557 14.7158
23 21 1 41.4654 45.6823
23 22 1 30.7422 38.5583
23 24 1 30.3079 35.8382
23 25 0 70.8876 73.3063
23 26 0 64.0114 77.2054
23 27 0 26.1031 38.0975
23 28 1 5.74523 6.96666
23 29 1 55.6742 55.6901
23 30 0 3.61398 4.38198
23 31 0 69.1455 96.7264
23 32 0 97.7525 130.334
23 33 0 96.3717 129.807
23 34 1 40.1709 52.0724
23 35 0 18.957 25.3661
23 36 0 80.9504 89.4986
23 37 0 7.84331 7.91737
23 38 0 90.7107 92.0058
23 39 0 59.6166 81.1394
23 40 0 86.9091 90.0164
24 1 1 80.4931 103.228
24 2 1 43.6793 47.6462
24 3 1 26.3325 34.0921
24 4 0 89.8357 115.872
24 5 0 75.5606 93.1878
24 6 0 32.9125 41.2178
24 7 0 45.3867 54.7351
24 8 0 72.8924 106.477
24 9 1 80.9273 105.243
24 10 1 14.0796 20.1732
24 11 0 13.6506 14.2639
24 12 0 65.9689 66.808
24 13 0 84.4575 99.6466
24 14 1 43.5839 44.43
24 15 0 36.2868 48.6074
24 16 0 31.038 42.7113
24 17 0 22.4488 22.7538
24 18 0 2.74754 2.93375
24 19 1 61.7652 90.1505
24 20 0 4.81606 5.40346
24 21 1 71.4978 80.9886
24 22 1 63.8878 72.9151
24 23 0 26.9108 34.4259
24 25 1 99.5806 147.18
24 26 0 61.769 70.9836
24 27 0 73.8407 87.9737
24 28 0 10.9192 13.2225
24 29 0 46.8198 50.6073
24 30 1 3.07675 4.53032
24 31 0 4.53227 4.97047
24 32 0 40.4772 42.4577
24 33 0 53.9345 65.5613
24 34 0 28.1413 38.2815
24 35 0 4.79926 5.42234
24 36 1 77.6473 109.761
24 37 0 73.7368 73.9292
24 38 0 77.0048 111.115
24 39 0 38.5421 50.2584
24 40 1 18.3168 25.6054
25 1 1 23.0893 27.8641
25 2 0 61.1772 67.4698
25 3 0 59.932 76.3507
25 4 0 81.4005 108.646
25 5 0 84.9124 104.74
25 6 0 25.1316 33.9129
25 7 0 37.0172 47.3735
25 8 0 20.0931 28.3409
25 9 1 77.631 107.293
25 10 0 93.0277 104.704
25 11 0 6.78317 8.46993
25 12 0 18.4391 19.0181
25 13 1 66.5415 87.0838
25 14 1 19.2018 25.4092
25 15 1 23.5833 32.4972
25 16 0 62.5562 78.8136
25 17 1 50.4574 53.3157
25 18 1 16.5716 22.8086
25 19 0 30.3748 34.3806
25 20 0 79.8259 111.328
25 21 0 18.3891 22.9145
25 22 1 18.0284 21.0134
25 23 0 68.9178 71.1478
25 24 1 48.6333 59.6369
25 26 1 50.4242 65.4501
25 27 0 15.3935 18.3101
25 28 0 39.8536 54.3914
25 29 0 17.2765 21.6614
25 30 0 1.29095 1.30016
25 31 0 25.0954 32.2514
25 32 0 4.24277 5.68669
25 33 0 34.1904 47.3643
25 34 1 94.9487 138.758
25 35 0 52.0886 74.1716
25 36 0 95.3319 131.916
25 37 0 85.9495 120.196
25 38 0 98.6913 114.61
25 39 0 79.411 108.624
25 40 1 6.86434 9.76874
26 1 0 1.10254 1.63062
26 2 0 70.0329 87.2037
26 3 0 97.0748 138.21
26 4 0 64.7838 93.7668
26 5 1 36.6821 39.3073
26 6 0 8.24797 10.6622
26 7 0 12.4259 14.6294
26 8 0 19.4839 20.4781
26 9 0 60.5998 88.5415
26 10 0 98.8139 130.453
26 11 0 36.9333 51.0085
26 12 0 2.89856 4.29849
26 13 0 42.2504 47.8981
26 14 0 87.2863 113.68
26 15 0 4.68048 5.84098
26 16 0 54.1883 61.3691
26 17 0 57.1426 57.2555
26 18 0 27.2156 31.9054
26 19 1 43.0865 60.6721
26 20 0 79.6498 116.305
26 21 0 22.0749 24.1921
26 22 1 0.00813245 0.00898451
26 23 0 89.7412 100.713
26 24 1 72.5753 96.707
26 25 0 76.5748 104.219
26 27 1 37.5679 51.0616
26 28 0 28.0941 38.5415
26 29 0 58.0373 58.6321
26 30 1 52.9635 58.6315
26 31 0 52.8887 66.5418
26 32 1 11.3781 14.5624
26 33 1 55.2245 56.3054
26 34 0 61.2098 67.3837
26 35 0 34.5067 43.6875
26 36 0 80.9954 113.279
26 37 1 15.8451 19.566
26 38 1 77.7099 98.4031
26 39 0 19.7117 23.9308
26 40 0 57.8172 60.1293
27 1 1 55.5311 74.6765
27 2 0 38.6853 49.8378
27 3 0 50.8636 66.278
27 4 0 31.7002 37.9721
27 5 1 43.4334 52.6137
27 6 0 32.3089 35.2379
27 7 1 39.1906 41.987
27 8 0 27.5175 34.9454
27 9 1 64.0421 68.0282
27 10 1 94.7493 114.673
27 11 0 0.303723 0.441203
27 12 0 58.2073 75.7671
27 13 0 13.8369 19.4681
27 14 0 43.3467 59.4843
27 15 0 75.9742 96.4487
27 16 1 77.7406 84.7049
27 17 0 83.2659 97.0075
27 18 0 65.1692 83.0712
27 19 1 81.952 114.736
27 20 1 18.5291 25.6498
27 21 1 39.1907 50.9167
27 22 0 73.7157 105.506
27 23 1 88.6726 105.367
27 24 0 90.7056 126.263
27 25 0 40.9116 44.1239
27 26 0 13.5291 19.1217
27 28 1 89.9166 109.086
27 29 0 12.7645 16.5652
27 30 0 85.3154 113.649
27 31 0 74.2122 74.4374
27 32 1 45.7853 62.5765
27 33 0 65.6527 77.8789
27 34 0 8.45842 9.6209
27 35 0 16.0799 24.1176
27 36 0 28.3831 33.6985
27 37 0 3.49895 5.0087
27 38 0 84.1472 95.6851
27 39 0 96.3548 97.4609
27 40 1 67.4077 101.057
28 1 0 94.2606 135.74
28 2 0 68.5198 91.7515
28 3 0 11.7957 14.8557
28 4 0 85.5321 96.1321
28 5 1 84.9394 100.669
28 6 0 92.3607 130.392
28 7 0 32.2361 41.424
28 8 0 98.9156 126.997
28 9 0 54.857 71.2814
28 10 0 57.0195 75.661
28 11 0 56.2076 81.6654
28 12 1 6.59579 8.53806
28 13 0 37.6377 40.685
28 14 1 35.1131 51.7312
28 15 0 13.5856 16.264
28 16 0 65.9181 65.9331
28 17 0 54.3381 58.9834
28 18 0 32.4048 45.7004
28 19 1 7.34329 7.75827
28 20 0 27.9441 31.7196
28 21 0 39.6848 43.0273
28 22 0 56.2807 79.3609
28 23 0 55.4788 78.1209
28 24 0 89.7891 128.766
28 25 1 35.5962 41.8305
28 26 0 9.28904 9.75996
28 27 0 41.8383 54.7047
28 29 1 6.92017 9.72931
28 30 0 71.0209 94.6761
28 31 0 2.44166 2.88794
28 32 0 21.2207 26.7036
28 33 1 86.9943 123.672
28 34 0 6.34301 7.79384
28 35 0 34.681 36.0035
28 36 0 5.72803 6.68924
28 37 0 49.2987 56.0712
28 38 0 36.2205 39.6818
28 39 1 86.9896 105.282
28 40 0 60.6297 73.5598
29 1 0 83.0495 102.359
29 2 0 63.0195 66.0691
29 3 1 18.2953 19.1831
29 4 0 76.1848 106.407
29 5 0 49.6768 70.977
29 6 1 46.3678 58.0881
29 7 1 2.20112 2.2543
29 8 0 51.6051 53.4357
29 9 0 86.4961 114.188
29 10 0 63.3269 69.2009
29 11 0 83.0345 93.4339
29 12 0 24.1675 35.6165
29 13 1 8.06558 11.0597
29 14 0 3.34307 4.76357
29 15 0 33.7982 38.9025
29 16 0 85.931 125.728
29 17 1 19.6568 21.5107
29 18 0 27.3137 28.7702
29 19 0 75.6055 92.7919
29 20 1 11.2016 13.8175
29 21 0 60.6826 81.6188
29 22 1 35.207 47.8014
29 23 0 3.00847 4.00788
29 24 0 53.8668 77.8955
29 25 0 74.2679 108.925
29 26 1 75.7602 90.218
29 27 0 24.8202 28.809
29 28 0 39.1558 53.1633
29 30 1 97.9112 137.765
29 31 0 18.7009 20.4902
29 32 1 60.0292 83.1798
29 33 0 96.4883 113.205
29 34 0 51.1129 61.4438
29 35 1 39.806 56.8767
29 36 0 47.9255 62.7619
29 37 0 64.6438 68.9856
29 38 0 72.0798 95.3768
29 39 0 29.9468 44.8347
29 40 0 37.8205 49.4292
30 1 0 23.002 26.0368
30 2 1 28.848 34.7771
30 3 0 41.2294 49.4577
30 4 1 48.5093 70.6509
30 5 1 94.5205 136.848
30 6 0 90.541 100.703
30 7 0 20.4204 22.4787
30 8 0 47.9383 56.6634
30 9 1 68.4128 80.8398
30 10 1 82.5364 83.4324
30 11 0 45.3287 46.5974
30 12 0 68.3616 92.2468
30 13 0 39.0063 46.3487
30 14 0 42.2004 56.0633
30 15 1 84.4808 123.311
30 16 0 82.8195 94.7695
30 17 1 78.1987 116.906
30 18 1 33.0005 43.3232
30 19 0 7.72195 8.90058
30 20 0 90.7183 109.211
30 21 1 96.5809 135.65
30 22 0 14.4325 14.6795
30 23 0 20.8296 21.6411
30 24 1 65.1905 83.923
30 25 0 5.84584 5.8985
30 26 0 3.11821 4.48548
30 27 0 84.1718 91.0794
30 28 1 69.3608 103.933
30 29 0 83.7301 96.4423
30 31 1 88.1852 98.5049
30 32 0 66.6844 85.3502
30 33 1 66.5638 80.0443
30 34 0 20.0064 26.6673
30 35 1 41.34 54.0413
30 36 0 96.5171 128.031
30 37 1 4.96605 5.90128
30 38 0 17.6386 25.2863
30 39 0 90.401 127.039
30 40 0 92.427 95.4693
31 1 0 28.8692 31.1061
31 2 0 4.98509 7.38544
31 3 0 37.5443 49.1874
31 4 1 38.4778 52.7251
31 5 0 10.4411 11.9245
31 6 0 52.6802 57.0569
31 7 1 21.8851 31.2039
31 8 0 62.3553 71.8676
31 9 0 69.7144 94.0083
31 10 1 67.1585 86.7687
31 11 1 47.4831 61.3121
31 12 0 56.3657 68.684
31 13 0 19.8057 27.35
31 14 1 48.952 72.8722
31 15 0 23.503 24.4359
31 16 0 53.2264 62.1171
31 17 0 93.3736 104.778
31 18 0 21.4345 25.1939
31 19 0 86.9308 125.769
31 20 0 62.5733 68.6155
31 21 0 1.14938 1.7121
31 22 0 52.4131 75.8856
31 23 0 34.697 47.8517
31 24 0 78.7706 105.532
31 25 0 47.5757 52.079
31 26 0 45.5743 48.0246
31 27 1 84.9924 102.206
31 28 0 76.1486 102.575
31 29 0 15.8701 19.2177
31 30 0 7.22707 10.388
31 32 1 32.414 32.9742
31 33 1 5.15191 6.24733
31 34 1 47.4987 57.9273
31 35 0 27.6904 30.6285
31 36 0 99.4541 113.934
31 37 0 75.4204 108.422
31 38 0 51.6152 75.7222
31 39 0 72.9812 95.0128
31 40 1 50.9515 65.6649
32 1 0 28.666 29.7396
32 2 1 50.0177 65.0491
32 3 0 9.96201 13.9878
32 4 1 69.3422 97.9119
32 5 1 43.2202 54.5882
32 6 0 35.4682 43.1748
32 7 1 94.7127 99.784
32 8 1 13.2408 14.1016
32 9 0 64.3744 87.1522
32 10 0 29.912 34.1695
32 11 1 31.4202 41.6537
32 12 0 84.0209 100.835
32 13 1 52.2927 62.5902
32 14 1 78.5831 79.4839
32 15 0 36.2901 50.4289
32 16 0 2.09503 2.60361
32 17 0 30.5273 41.0057
32 18 0 46.7051 68.6992
32 19 0 92.0004 125.977
32 20 1 99.1441 144.085
32 21 0 2.22552 3.06211
32 22 1 6.13613 9.03999
32 23 0 38.6538 56.1131
32 24 0 83.9691 84.9452
32 25 0 17.7698 23.5108
32 26 0 96.4665 117.517
32 27 0 11.2227 16.124
32 28 1 45.3722 48.9567
32 29 0 69.0441 93.7224
32 30 1 70.0854 98.7933
32 31 0 70.5567 94.7725
32 33 1 28.1591 42.1622
32 34 0 29.9797 34.101
32 35 0 95.7804 106.97
32 36 0 35.2868 48.8718
32 37 1 55.031 62.551
32 38 1 52.3829 54.9178
32 39 0 57.0575 61.6789
32 40 0 15.1953 18.8096
33 1 0 19.9766 24.749
33 2 0 15.2898 22.7852
33 3 1 96.6642 120.447
33 4 1 98.4407 112.224
33 5 0 36.5825 41.8109
33 6 1 93.3407 128.466
33 7 1 24.9442 27.2879
33 8 1 67.1656 79.8491
33 9 1 2.7324 3.16051
33 10 1 42.4163 57.3338
33 11 1 25.674 29.805
33 12 1 87.7076 110.292
33 13 1 65.355 87.5818
33 14 0 47.0189 50.7725
33 15 0 55.0537 74.4569
33 16 0 77.2541 90.3639
33 17 1 4.28563 4.73588
33 18 1 89.9745 100.05
33 19 0 85.3372 113.736
33 20 0 51.1187 65.5968
33 21 0 9.34789 12.9619
33 22 0 13.1524 17.0402
33 23 0 30.9533 40.4154
33 24 1 80.3712 98.7394
33 25 0 64.9941 92.2868
33 26 0 62.6563 80.249
33 27 1 55.0965 71.8396
33 28 1 39.6154 46.5322
33 29 1 0.858025 1.04193
33 30 0 14.7791 19.6349
33 31 0 36.7757 41.7511
33 32 1 53.8683 61.6309
33 34 1 92.7065 98.3065
33 35 0 63.8588 69.3068
33 36 0 7.57082 8.77854
33 37 0 25.5154 33.1345
33 38 0 17.9857 19.6051
33 39 1 91.821 92.0531
33 40 1 85.3439 89.4343
34 1 0 46.9556 67.1646
34 2 0 64.4636 78.6759
34 3 0 74.8997 111.096
34 4 0 90.1357 105.919
34 5 0 58.4784 74.398
34 6 0 9.91829 12.2529
34 7 0 64.6414 82.2282
34 8 0 56.5235 74.6896
34 9 1 60.5272 62.7738
34 10 0 76.4172 92.0568
34 11 0 16.3888 22.4632
34 12 0 38.9858 56.5314
34 13 0 77.3369 84.3728
34 14 0 78.5996 93.7122
34 15 0 67.1896 71.856
34 16 0 73.9165 94.5051
34 17 0 90.779 103.364
34 18 0 35.0452 50.617
34 19 0 0.753114 0.873926
34 20 1 0.880253 1.29998
34 21 0 76.1584 102.512
34 22 0 32.9915 36.5745
34 23 0 73.0956 87.6758
34 24 0 73.5528 75.5964
34 25 0 84.7041 119.887
34 26 0 5.44099 6.80382
34 27 1 47.1565 58.0563
34 28 0 46.7279 64.46
34 29 0 53.3347 64.9377
34 30 0 57.5839 63.2184
34 31 1 30.4084 33.7579
34 32 0 88.7825 129.783
34 33 0 21.8814 22.4935
34 35 1 21.6719 29.6764
34 36 1 34.8028 36.0124
34 37 0 81.0362 90.8269
34 38 0 88.9017 128.6
34 39 0 90.866 131.572
34 40 0 1.2186 1.79765
35 1 1 93.4353 131.958
35 2 1 85.1621 109.05
35 3 0 39.0336 48.8522
35 4 0 99.4962 140.282
35 5 1 18.6145 23.307
35 6 0 24.0019 27.4238
35 7 0 84.874 123.658
35 8 1 97.6612 108.833
35 9 1 96.479 139.853
35 10 0 32.5352 43.2314
35 11 0 15.0226 20.5652
35 12 0 94.419 99.4693
35 13 0 53.1802 58.7737
35 14 1 76.365 92.8809
35 15 1 67.919 90.3662
35 16 1 70.7487 85.591
35 17 0 25.6592 30.4587
35 18 0 4.46475 5.7778
35 19 0 37.5071 49.4978
35 20 0 92.4494 99.2021
35 21 0 91.7949 133.988
35 22 0 42.3544 49.3339
35 23 0 12.1488 13.799
35 24 0 80.9729 96.2692
35 25 1 49.4185 64.002
35 26 1 82.6265 101.551
35 27 1 20.8242 31.1799
35 28 0 90.5772 112.761
35 29 1 76.9313 84.6333
35 30 0 86.2824 119.342
35 31 1 28.6291 42.4894
35 32 0 86.0291 123.481
35 33 0 11.6264 14.6427
35 34 0 42.3386 46.9287
35 36 1 47.9233 55.8091
35 37 1 83.3907 108.348
35 38 0 83.2355 124.359
35 39 1 17.9397 18.2619
35 40 0 22.86 25.9881
36 1 0 7.32603 7.89433
36 2 1 39.9598 56.6951
36 3 1 74.5964 74.7268
36 4 0 77.1102 80.0424
36 5 0 6.82523 10.0819
36 6 0 85.7133 92.0279
36 7 1 88.5745 88.7475
36 8 1 2.93371 4.37782
36 9 1 20.1637 26.9808
36 10 0 46.9152 58.1976
36 11 0 38.8896 52.3944
36 12 0 83.6125 121.83
36 13 0 12.5028 16.4926
36 14 1 62.717 88.1998
36 15 0 10.8009 14.3072
36 16 0 71.811 77.7208
36 17 0 93.1097 104.683
36 18 0 49.8414 55.0591
36 19 1 16.6743 22.749
36 20 0 34.9216 49.93
36 21 0 30.3415 36.1044
36 22 1 5.38398 6.83004
36 23 0 5.07375 6.70532
36 24 1 74.9393 83.4436
36 25 0 74.9045 76.6961
36 26 0 35.9358 45.6027
36 27 0 14.3034 16.2935
36 28 1 72.9073 86.0685
36 29 0 72.3156 94.1657
36 30 0 50.3147 67.9994
36 31 0 82.4136 86.5647
36 32 0 4.76426 5.78755
36 33 0 5.00006 6.68191
36 34 0 35.0748 49.8637
36 35 0 8.95035 10.3771
36 37 1 75.8604 76.8334
36 38 0 20.2388 23.2061
36 39 1 20.5817 22.7984
36 40 0 27.1404 40.554
37 1 0 95.0321 107.449
37 2 0 84.3741 119.061
37 3 0 58.4599 76.3879
37 4 1 67.2093 85.3727
37 5 0 48.1283 50.8026
37 6 0 61.3211 63.1545
37 7 1 73.48 91.8776
37 8 1 39.8551 49.3437
37 9 0 45.6122 67.1022
37 10 0 2.7891 4.18233
37 11 0 65.3787 87.6344
37 12 1 53.5327 67.0514
37 13 0 14.3716 19.1736
37 14 0 28.503 40.278
37 15 1 97.1366 135.588
37 16 1 68.9387 76.9837
37 17 0 57.4461 72.7356
37 18 1 51.9921 61.5683
37 19 0 44.8895 46.9588
37 20 0 67.2393 80.2335
37 21 0 31.7105 46.3877
37 22 0 99.1053 104.652
37 23 0 62.2086 68.6981
37 24 0 65.9923 74.9539
37 25 1 36.4304 47.1261
37 26 0 53.4259 59.8468
37 27 1 18.9631 20.5737
37 28 1 48.6036 62.7492
37 29 0 58.9794 66.779
37 30 1 10.0946 14.9462
37 31 0 24.2374 34.3821
37 32 1 27.9101 36.2225
37 33 0 80.9761 84.3761
37 34 0 84.7732 90.3851
37 35 1 60.5783 62.6027
37 36 0 86.7182 93.6506
37 38 1 59.6305 83.2999
37 39 0 84.9985 90.5923
37 40 0 69.5002 75.0338
38 1 0 40.1922 59.776
38 2 0 71.9443 82.3201
38 3 0 32.6395 33.6098
38 4 1 85.2198 109.869
38 5 1 58.4334 82.2557
38 6 0 15.6876 23.1505
38 7 0 23.735 28.5111
38 8 0 35.0078 38.8221
38 9 0 38.625 48.368
38 10 1 8.2739 10.1778
38 11 1 29.0185 41.6475
38 12 1 27.5101 29.5192
38 13 0 76.5672 81.2865
38 14 0 43.6144 61.7062
38 15 0 26.9223 36.4444
38 16 0 59.4325 65.7659
38 17 1 95.5173 97.516
38 18 0 65.4336 80.9202
38 19 0 75.8207 96.809
38 20 0 82.8082 118.545
38 21 0 43.0923 64.5094
38 22 0 57.0438 79.6258
38 23 0 53.2799 60.7774
38 24 0 69.8908 99.2316
38 25 1 90.4509 120.605
38 26 1 38.7735 54.3163
38 27 1 27.3223 29.9563
38 28 0 34.9559 46.0971
38 29 0 72.8641 91.3224
38 30 0 59.4667 70.0434
38 31 1 4.28545 5.22163
38 32 0 1.5561 1.57515
38 33 0 90.7822 118.138
38 34 0 96.9037 133.81
38 35 0 88.385 106.939
38 36 1 59.3111 71.6122
38 37 1 75.4528 102.645
38 39 1 55.1813 59.3345
38 40 0 34.5066 39.8691
39 1 0 96.9683 123.798
39 2 0 21.9456 27.2728
39 3 1 65.1736 74.1865
39 4 0 64.2471 91.4995
39 5 0 86.6572 114.568
39 6 0 74.847 75.2078
39 7 0 46.3588 59.0237
39 8 0 10.3252 13.6996
39 9 1 61.4051 65.6122
39 10 0 51.6841 52.2675
39 11 0 89.2364 91.5538
39 12 1 40.3697 50.8714
39 13 0 42.2217 61.9008
39 14 0 68.2915 84.6702
39 15 0 72.2044 83.9303
39 16 0 95.5472 117.089
39 17 0 25.5825 32.9184
39 18 0 20.1581 26.7911
39 19 0 54.9904 76.0071
39 20 0 79.7852 97.5555
39 21 0 64.5297 93.997
39 22 0 47.7498 51.245
39 23 1 23.8184 34.9116
39 24 1 90.9197 124.524
39 25 0 32.1367 42.1666
39 26 0 56.3738 60.3811
39 27 0 94.1381 127.75
39 28 0 33.8178 36.2139
39 29 0 16.1319 20.958
39 30 1 75.4486 107.877
39 31 0 79.5702 91.1768
39 32 0 12.6038 15.3915
39 33 0 12.8534 15.8477
39 34 0 58.8193 85.6667
39 35 1 28.6473 39.223
39 36 0 88.4786 100.413
39 37 0 37.0721 53.213
39 38 1 50.4373 50.4599
39 40 1 54.5356 80.4043
40 1 1 68.4663 98.5164
40 2 0 72.7093 107.079
40 3 1 24.6108 32.205
40 4 0 63.3799 77.8645
40 5 0 32.6349 44.938
40 6 0 88.4637 99.7999
40 7 0 84.8114 96.041
40 8 1 31.5402 32.5708
40 9 0 88.4563 103.78
40 10 1 85.6131 90.1223
40 11 1 98.7415 136.549
40 12 0 0.219606 0.230556
40 13 1 36.4955 53.3949
40 14 0 25.16 28.2505
40 15 0 76.027 83.2639
40 16 1 4.6906 5.43118
40 17 0 53.8856 58.4061
40 18 1 26.5365 37.5989
40 19 0 41.8102 53.2731
40 20 0 20.7754 30.5038
40 21 1 85.1055 92.772
40 22 0 56.681 73.4288
40 23 0 63.0385 85.5208
40 24 0 6.33596 6.63198
40 25 1 6.56801 7.04276
40 26 0 48.1998 59.0567
40 27 1 94.2973 102.758
40 28 0 74.974 92.9535
40 29 0 61.9686 77.4933
40 30 0 39.9075 51.9414
40 31 0 71.4953 87.3712
40 32 0 52.9755 77.1044
40 33 1 64.935 84.1282
40 34 0 49.4228 73.5037
40 35 0 13.3487 16.7826
40 36 0 76.6147 90.9392
40 37 1 3.34051 4.45603
40 38 0 43.8733 48.8165
40 39 0 61.7519 63.0177
6.14562 22.9544 25.7404 37.4977 24.8246 23.2167 30.7042 27.4241 10.1551 27.5144 25.8234 5.58493 24.2988 34.1609 5.89664 33.3361 22.6124 22.1474 14.8128 9.03937 33.7071 32.1561 34.8204 5.67632 1.84876 14.3873 16.5769 38.8667 7.70692 18.0238 9.45842 7.52419 12.8193 18.7426 13.3603 5.28555 10.2082 10.7012 31.4575 3.23222 