40
300
3
50
1 2 1 23.7965 35.6264
1 3 0 0.161519 0.225213
1 4 1 47.2824 48.8918
1 5 0 35.6736 48.2649
1 6 0 11.6242 17.4361
1 7 0 17.8389 22.0774
1 8 0 38.4415 39.1084
1 9 1 57.9445 85.755
1 10 0 55.007 69.8322
1 11 1 70.7083 89.2094
1 12 0 51.1117 56.9142
1 13 0 68.4363 80.1291
1 14 0 61.0881 86.9125
1 15 0 2.28687 3.35631
1 16 0 13.0128 15.9385
1 17 0 14.6482 15.5198
1 18 0 94.2017 113.761
1 19 0 79.057 83.5745
1 20 0 2.46553 3.06734
1 21 0 94.7697 139.179
1 22 0 7.65261 9.31867
1 23 0 8.48469 11.737
1 24 0 57.7718 62.2996
1 25 0 49.8463 50.2009
1 26 0 6.85196 7.07185
1 27 1 70.8597 75.0274
1 28 0 63.3102 86.7277
1 29 0 13.9125 16.9306
1 30 0 47.8853 50.0304
1 31 0 49.5297 69.8516
1 32 1 86.872 104.772
1 33 1 45.0319 52.7543
1 34 0 28.8766 38.8234
1 35 1 86.7106 88.9628
1 36 0 7.28589 9.05831
1 37 0 45.2289 52.9541
1 38 1 54.0007 64.8935
1 39 1 66.7022 92.8291
1 40 1 30.2577 40.9147
2 1 0 90.5235 111.055
2 3 1 67.16 70.4495
2 4 0 58.1695 79.7548
2 5 0 39.3318 45.6835
2 6 0 57.8241 84.7833
2 7 0 25.4513 30.1594
2 8 0 45.8883 55.2763
2 9 0 46.5124 53.3638
2 10 0 45.2769 52.6778
2 11 1 68.1208 84.4197
2 12 0 46.0538 67.679
2 13 0 5.74072 6.32325
2 14 0 2.23785 2.43445
2 15 0 10.7451 15.1625
2 16 0 11.035 14.186
2 17 0 73.597 95.9855
2 18 0 73.6218 76.3061
2 19 1 27.1223 32.4312
2 20 0 88.9775 123.631
2 21 0 5.52307 7.77538
2 22 0 6.40847 9.56596
2 23 0 32.9236 34.0636
2 24 1 35.42 41.4151
2 25 0 60.9039 78.8974
2 26 0 41.4289 58.195
2 27 0 34.7164 43.749
2 28 0 98.8008 134.022
2 29 0 4.11785 5.80738
2 30 0 88.2746 114.915
2 31 0 4.72352 5.76751
2 32 0 9.93575 13.1895
2 33 0 44.0428 64.6702
2 34 0 87.1545 115.539
2 35 0 27.7702 40.655
2 36 0 53.4066 59.0168
2 37 0 33.8882 49.2138
2 38 0 8.54399 10.3535
2 39 0 30.3629 38.6056
2 40 0 55.0072 80.7299
3 1 0 95.7122 104.289
3 2 0 93.6608 122.608
3 4 1 86.3649 117.843
3 5 0 20.2373 21.3676
3 6 0 26.2954 31.403
3 7 0 27.6311 34.0049
3 8 0 9.61334 12.7249
3 9 0 6.94769 7.10585
3 10 0 25.2656 25.9593
3 11 0 71.4794 94.5237
3 12 0 62.3334 82.2396
3 13 0 44.3396 62.3607
3 14 0 35.058 51.1948
3 15 0 68.9112 96.4001
3 16 0 79.4788 95.4252
3 17 0 17.4755 18.0159
3 18 0 65.4583 92.9429
3 19 0 38.1491 48.4403
3 20 0 60.3408 85.1488
3 21 0 0.254343 0.326415
3 22 0 7.19186 10.6469
3 23 0 98.4948 120.248
3 24 0 90.2606 114.453
3 25 1 90.1961 91.5814
3 26 0 4.46621 4.7096
3 27 0 25.316 30.7258
3 28 0 2.62864 3.60363
3 29 0 19.3305 21.7765
3 30 1 10.2166 12.6668
3 31 1 54.1678 79.96
3 32 0 29.8738 33.5275
3 33 0 39.1878 57.3905
3 34 0 4.7202 6.57475
3 35 0 65.7677 91.8777
3 36 1 84.345 105.439
3 37 0 1.00157 1.11759
3 38 0 91.649 112.495
3 39 0 56.1258 59.4856
3 40 0 86.4875 128.273
4 1 0 69.8168 83.1958
4 2 0 82.3643 117.556
4 3 0 56.8926 76.1289
4 5 1 57.179 62.1744
4 6 0 51.4905 70.1405
4 7 0 54.3304 77.1458
4 8 1 1.45466 1.63948
4 9 0 94.0117 131.839
4 10 0 88.7283 108.508
4 11 0 63.6679 68.0922
4 12 0 41.2153 42.0065
4 13 1 15.3072 17.3102
4 14 0 71.5825 105.931
4 15 0 92.7143 108.81
4 16 0 54.0668 60.3471
4 17 0 49.0739 66.7669
4 18 1 1.58306 1.64809
4 19 0 85.4924 126.384
4 20 0 48.4913 59.4412
4 21 1 65.2154 95.1369
4 22 0 51.3478 71.5095
4 23 0 51.2613 63.7219
4 24 0 82.3267 88.1861
4 25 0 48.5186 59.7686
4 26 0 37.1529 51.1846
4 27 0 79.5015 115.084
4 28 1 96.7811 101.508
4 29 0 71.5452 102.115
4 30 0 27.4042 27.6626
4 31 1 57.9456 76.6752
4 32 0 6.55389 9.35403
4 33 0 88.3377 114.371
4 34 0 59.99 86.7248
4 35 0 32.327 39.4073
4 36 0 35.3796 48.0412
4 37 0 53.9998 71.6323
4 38 0 20.3228 30.2126
4 39 1 44.5601 56.1766
4 40 0 74.7355 89.28
5 1 0 44.1038 57.7113
5 2 0 98.3394 102.163
5 3 0 92.4677 104.573
5 4 0 81.5922 115.969
5 6 1 0.389196 0.529936
5 7 1 74.866 97.4328
5 8 0 89.6184 117.566
5 9 0 52.7482 63.7125
5 10 1 64.9442 70.0561
5 11 0 29.3617 34.8482
5 12 1 96.1848 116.842
5 13 0 50.0917 63.0615
5 14 0 57.3509 69.3171
5 15 1 82.8895 94.2904
5 16 0 96.7519 104.872
5 17 0 27.7213 33.1753
5 18 0 21.9184 27.4274
5 19 0 67.2109 80.1175
5 20 0 80.9102 83.0649
5 21 0 74.2697 78.0255
5 22 0 72.3201 78.3477
5 23 0 95.4027 127.355
5 24 0 75.9174 76.1757
5 25 0 85.3001 86.4445
5 26 0 72.3054 97.2068
5 27 0 33.0949 40.0284
5 28 0 63.5197 93.4747
5 29 0 96.61 127.558
5 30 0 26.4183 29.5381
5 31 0 44.5 46.5541
5 32 0 16.1532 21.8516
5 33 0 9.53106 13.3272
5 34 0 22.3649 27.1104
5 35 0 11.4508 12.7572
5 36 0 50.8912 67.1951
5 37 0 12.0384 16.1547
5 38 1 92.0669 135.226
5 39 1 62.6999 89.0988
5 40 0 67.1967 99.8305
6 1 0 52.93 66.5056
6 2 0 67.7404 73.1112
6 3 0 44.9535 65.3399
6 4 1 51.4896 54.8587
6 5 0 32.6588 48.8305
6 7 1 91.7904 111.048
6 8 0 56.887 81.8177
6 9 0 29.3736 31.699
6 10 0 24.7056 30.1275
6 11 0 28.9637 29.8335
6 12 0 61.631 79.2333
6 13 1 39.2791 48.4593
6 14 0 78.0479 112.475
6 15 0 12.0188 14.8923
6 16 0 13.4621 15.9251
6 17 0 74.6788 89.1002
6 18 1 99.7067 103.909
6 19 0 86.7592 122.552
6 20 0 99.9226 107.642
6 21 0 77.2549 78.2401
6 22 0 85.2545 102.341
6 23 0 22.2849 26.5217
6 24 1 32.777 48.3407
6 25 0 56.8688 62.2823
6 26 0 89.2165 104.189
6 27 0 84.0279 112.07
6 28 0 82.8985 87.4866
6 29 0 40.8176 49.5034
6 30 0 3.26499 4.59526
6 31 0 51.7868 71.8861
6 32 0 26.9029 33.8659
6 33 0 65.9815 91.5592
6 34 0 96.341 124.057
6 35 0 74.5919 94.1889
6 36 1 35.9718 40.946
6 37 0 75.8475 109.079
6 38 1 12.2618 16.8048
6 39 0 71.5434 106.428
6 40 0 94.74 126.423
7 1 0 57.0759 61.0076
7 2 0 83.3651 89.8937
7 3 0 22.0981 27.0483
7 4 0 95.1968 102.619
7 5 0 82.2491 103.323
7 6 0 37.0412 52.0098
7 8 1 99.6695 138.796
7 9 0 41.8821 56.8639
7 10 0 2.8506 3.75782
7 11 0 88.4496 114.545
7 12 0 17.2452 24.8899
7 13 0 85.1461 87.3301
7 14 0 83.4709 100.502
7 15 0 85.154 88.8023
7 16 0 0.939092 1.23816
7 17 0 14.2399 17.8765
7 18 0 30.3883 41.4607
7 19 0 82.877 90.8105
7 20 0 83.3246 115.31
7 21 0 94.2637 103.181
7 22 0 2.05183 2.59577
7 23 0 21.433 28.77
7 24 0 36.4193 44.6075
7 25 0 83.1412 96.05
7 26 0 90.6684 105.826
7 27 0 95.9594 106.896
7 28 0 63.0835 73.9883
7 29 0 54.5077 77.1682
7 30 0 68.3368 72.8187
7 31 0 57.4199 58.5776
7 32 0 60.8043 86.2982
7 33 0 13.9408 19.0771
7 34 0 24.7581 34.9345
7 35 0 50.6457 56.5698
7 36 0 78.4236 100.32
7 37 0 94.6091 112.272
7 38 1 70.5479 77.9455
7 39 0 62.7942 63.8266
7 40 0 98.8544 99.8403
8 1 0 10.8013 13.0525
8 2 0 37.3751 48.6065
8 3 0 40.5435 42.006
8 4 0 3.41437 3.71461
8 5 0 10.0422 12.7881
8 6 0 24.0513 26.0823
8 7 0 69.3938 70.495
8 9 1 64.507 91.5844
8 10 0 72.5979 75.3997
8 11 1 74.3955 92.9114
8 12 1 63.3357 94.5303
8 13 0 71.6168 98.448
8 14 1 91.8123 131.207
8 15 1 81.4108 89.2096
8 16 0 14.0704 17.7822
8 17 0 89.8478 118.862
8 18 1 29.2176 41.7809
8 19 1 9.28746 11.0957
8 20 1 23.7313 25.9553
8 21 0 20.5088 25.5306
8 22 1 16.7276 24.407
8 23 0 59.5943 87.764
8 24 0 45.0089 48.7457
8 25 1 3.3276 3.49301
8 26 1 28.1644 35.6752
8 27 0 97.5343 118.448
8 28 0 52.5034 68.6764
8 29 1 2.13581 2.97678
8 30 0 43.9232 45.1428
8 31 0 27.7191 37.4263
8 32 0 65.6844 77.0933
8 33 0 64.0876 81.652
8 34 1 26.2607 26.8435
8 35 0 27.3103 30.6058
8 36 0 83.3793 94.2914
8 37 0 16.9738 22.2027
8 38 0 8.40782 8.62203
8 39 0 58.9287 73.919
8 40 0 19.7385 24.7704
9 1 0 49.4739 57.6076
9 2 0 63.4649 85.4089
9 3 0 95.126 103.878
9 4 0 94.5448 97.9801
9 5 0 83.2443 116.256
9 6 0 65.2154 77.718
9 7 1 25.536 30.6556
9 8 1 55.7961 63.4653
9 10 1 3.16697 3.17225
9 11 0 75.6012 89.0527
9 12 0 2.45953 3.27491
9 13 1 40.0728 40.1826
9 14 1 34.4338 45.3256
9 15 0 29.3708 31.5301
9 16 0 28.8934 39.3689
9 17 0 22.6371 31.0615
9 18 0 14.128 17.8146
9 19 0 79.4022 89.8638
9 20 0 96.5904 115.511
9 21 0 87.7409 99.6473
9 22 0 13.4169 13.539
9 23 1 14.2036 19.4216
9 24 0 12.4775 15.028
9 25 0 58.5423 67.4865
9 26 0 68.5454 79.6155
9 27 0 4.14679 5.84231
9 28 0 34.5772 40.8261
9 29 0 63.2905 80.1079
9 30 0 21.2467 28.1765
9 31 0 42.0066 60.7068
9 32 0 37.6697 47.0158
9 33 0 64.4531 93.6811
9 34 1 60.9433 65.5772
9 35 0 10.17 10.4524
9 36 0 6.69153 7.51654
9 37 1 42.3317 58.4217
9 38 0 20.5278 30.6671
9 39 0 73.5896 100.589
9 40 0 83.4251 104.556
10 1 0 61.44 61.6356
10 2 0 82.8896 88.2641
10 3 0 14.5251 18.7169
10 4 0 10.1212 11.5103
10 5 0 25.4594 34.8028
10 6 0 93.5107 101.761
10 7 0 13.8226 14.3909
10 8 0 78.2648 79.3636
10 9 0 19.5293 19.6088
10 11 1 72.0702 97.1608
10 12 0 10.8535 16.0933
10 13 1 96.3446 139.636
10 14 0 29.1299 41.4494
10 15 0 61.4895 67.9494
10 16 0 23.8705 30.588
10 17 0 54.4662 70.8059
10 18 0 34.5519 35.5831
10 19 0 31.6274 40.9747
10 20 1 30.1228 38.971
10 21 0 83.4717 96.3614
10 22 0 91.6688 122.358
10 23 0 49.8348 69.9127
10 24 0 4.40445 6.45603
10 25 0 81.5155 95.2912
10 26 0 17.2986 21.4158
10 27 0 74.5607 109.635
10 28 1 73.8119 87.5035
10 29 0 61.6398 63.711
10 30 1 8.62447 8.99336
10 31 0 96.2918 132.396
10 32 0 54.7857 81.4742
10 33 0 75.4164 91.7121
10 34 0 38.7276 57.2511
10 35 1 10.9036 11.3647
10 36 0 57.1104 69.3869
10 37 0 64.4747 67.2667
10 38 0 56.4695 69.2814
10 39 0 97.9944 103.905
10 40 0 11.2 13.3061
11 1 0 31.3321 46.2093
11 2 0 9.56687 12.5153
11 3 0 62.505 84.9083
11 4 0 92.3801 123.34
11 5 0 38.2369 40.572
11 6 1 18.2681 19.5517
11 7 0 19.7454 27.6723
11 8 0 92.7786 131.036
11 9 1 92.2972 111.436
11 10 1 56.2992 68.5
11 12 1 21.8327 27.9841
11 13 0 27.4978 36.489
11 14 1 64.018 65.2842
11 15 0 59.3141 61.6015
11 16 0 60.7492 78.6193
11 17 0 26.5868 39.37
11 18 0 85.9258 116.297
11 19 0 36.8966 46.2139
11 20 1 23.2766 33.0681
11 21 0 51.4533 74.8814
11 22 0 38.4982 53.1499
11 23 0 38.388 55.9611
11 24 0 56.1081 79.1106
11 25 1 90.0272 91.8747
11 26 0 86.2505 118.806
11 27 0 14.0168 18.5971
11 28 0 73.9003 110.758
11 29 1 80.0873 90.2658
11 30 1 43.0531 44.9
11 31 0 76.9342 101.651
11 32 0 87.0363 87.3634
11 33 0 13.7831 14.4982
11 34 1 51.7317 68.0198
11 35 0 41.962 58.9031
11 36 0 90.4558 112.21
11 37 0 39.5974 58.1098
11 38 0 8.22848 8.36515
11 39 0 43.9968 55.0183
11 40 0 14.2699 16.3649
12 1 1 52.3912 54.1339
12 2 0 39.5875 50.7932
12 3 0 60.6643 65.1507
12 4 0 2.06953 2.68511
12 5 0 94.4407 140.918
12 6 1 53.7925 62.4255
12 7 1 96.0576 138.094
12 8 0 26.4703 28.7775
12 9 0 82.52 117.839
12 10 1 31.9343 45.6818
12 11 0 12.2547 15.7873
12 13 1 47.7443 55.4107
12 14 0 47.2671 67.4816
12 15 0 79.4936 113.86
12 16 0 85.4698 127.081
12 17 1 61.3942 62.7254
12 18 0 62.5488 88.1964
12 19 0 55.4805 64.1005
12 20 0 86.506 122.506
12 21 0 17.0941 21.8153
12 22 0 86.5013 108.136
12 23 1 46.1403 48.7618
12 24 0 73.6839 97.2165
12 25 1 54.2563 64.6174
12 26 0 62.804 88.2864
12 27 1 11.6536 12.3583
12 28 0 98.2355 141.395
12 29 0 23.0417 29.062
12 30 0 6.0238 8.63964
12 31 0 18.2859 26.4284
12 32 0 80.472 83.9866
12 33 0 96.3121 133.127
12 34 0 6.2186 7.97351
12 35 1 92.8944 94.8933
12 36 0 20.4475 24.6135
12 37 0 64.1391 91.7146
12 38 0 39.7449 46.4052
12 39 0 33.7635 43.4966
12 40 0 47.2362 61.0461
13 1 0 48.3487 62.6011
13 2 0 22.7109 32.2535
13 3 0 48.1343 58.603
13 4 0 1.77574 2.13228
13 5 0 57.549 64.9203
13 6 0 61.3436 79.5448
13 7 0 99.8162 144.102
13 8 0 88.9063 127.714
13 9 0 38.0949 41.5334
13 10 1 78.0883 100.117
13 11 0 90.4719 118.935
13 12 0 99.7863 107.416
13 14 1 44.9036 66.8909
13 15 0 97.1933 141.674
13 16 0 46.9039 51.433
13 17 0 94.32 121.315
13 18 0 72.0484 101.409
13 19 0 27.4938 35.8685
13 20 0 15.9874 18.5805
13 21 0 75.5234 78.3242
13 22 0 1.56677 2.03761
13 23 0 36.7809 52.1247
13 24 0 80.9666 93.7059
13 25 0 21.8107 29.2144
13 26 0 93.57 110.374
13 27 1 35.6752 49.5286
13 28 0 83.6386 103.645
13 29 1 1.02024 1.41148
13 30 0 88.5574 103.735
13 31 0 32.6678 32.9478
13 32 0 30.8754 43.7583
13 33 1 90.3741 126.111
13 34 1 53.8297 68.3538
13 35 0 87.579 118.602
13 36 0 59.9599 69.9603
13 37 0 8.99162 11.4083
13 38 0 85.326 126.868
13 39 1 92.5327 95.0709
13 40 0 19.9771 23.6127
14 1 0 66.3485 79.7614
14 2 0 25.8869 29.1332
14 3 0 93.1677 109.697
14 4 0 30.4554 36.4069
14 5 0 36.8989 51.2
14 6 0 55.3211 60.7053
14 7 0 45.8278 56.8435
14 8 0 86.5307 87.1954
14 9 0 33.47 38.2474
14 10 0 16.5429 23.7215
14 11 0 69.1028 97.2895
14 12 0 63.3078 92.4626
14 13 1 31.7057 32.1693
14 15 1 92.6572 124.333
14 16 1 47.0876 49.0493
14 17 0 17.5767 20.8188
14 18 1 60.3683 90.499
14 19 0 91.2682 129.825
14 20 0 69.3718 85.4816
14 21 0 9.6178 14.1667
14 22 0 70.5759 102.49
14 23 0 81.3095 95.5323
14 24 0 81.9908 121.604
14 25 0 56.8611 81.2282
14 26 0 76.909 111.511
14 27 0 11.3398 16.2858
14 28 0 68.1983 73.1587
14 29 0 12.9605 18.9918
14 30 0 5.6462 7.57553
14 31 1 18.0779 25.6872
14 32 0 78.2553 78.2825
14 33 0 13.4864 13.6895
14 34 0 16.1388 23.5409
14 35 0 93.5604 96.0177
14 36 1 44.9385 53.4457
14 37 0 39.6784 44.5091
14 38 0 8.3954 10.1654
14 39 0 43.948 57.1231
14 40 0 3.69754 4.16964
15 1 1 45.207 67.6289
15 2 0 56.6346 68.7047
15 3 0 67.1997 86.688
15 4 0 82.0501 117.323
15 5 0 64.1023 71.1797
15 6 0 46.4184 69.1478
15 7 0 97.0725 123.784
15 8 1 22.2418 27.8356
15 9 0 14.1421 14.8398
15 10 0 77.7244 101.293
15 11 0 25.1784 28.059
15 12 0 26.7893 30.2738
15 13 0 42.1013 55.9082
15 14 0 43.2189 46.9693
15 16 1 19.2214 20.9075
15 17 1 64.0693 71.6118
15 18 0 30.7029 31.7232
15 19 1 1.5227 2.11957
15 20 0 92.7811 97.3271
15 21 0 37.8892 42.4378
15 22 0 44.6159 53.0014
15 23 0 23.9755 35.1779
15 24 0 92.3058 122.114
15 25 0 34.066 44.5169
15 26 0 54.7968 65.1013
15 27 0 34.4047 40.1379
15 28 0 91.9637 134.877
15 29 1 10.0628 12.0745
15 30 0 73.629 77.384
15 31 1 28.8388 36.4644
15 32 0 3.43161 3.95106
15 33 0 57.9519 86.9269
15 34 0 98.0278 106.738
15 35 0 56.8806 81.5632
15 36 0 57.7135 76.5489
15 37 0 26.1366 37.3326
15 38 0 95.8113 127.88
15 39 1 10.89 15.5305
15 40 0 56.4594 63.1989
16 1 0 78.4405 89.9341
16 2 1 69.6482 92.5353
16 3 0 9.48158 11.5682
16 4 0 24.8941 29.0805
16 5 0 52.0622 59.298
16 6 0 95.7478 99.1677
16 7 0 39.6338 54.0939
16 8 0 46.8142 53.1508
16 9 0 6.0125 7.32516
16 10 1 8.55939 11.1447
16 11 1 60.2699 62.644
16 12 0 36.3447 48.7517
16 13 0 22.0721 28.357
16 14 0 11.9935 12.2981
16 15 0 74.315 103.695
16 17 1 83.2681 123.797
16 18 0 41.3596 59.8653
16 19 0 89.4147 130.492
16 20 1 27.607 38.6334
16 21 0 49.2854 71.2842
16 22 0 32.3305 33.8953
16 23 0 25.1302 31.3316
16 24 1 91.9815 97.9817
16 25 0 66.1901 74.4782
16 26 0 52.7364 61.7162
16 27 0 74.3888 108.444
16 28 0 93.81 135.649
16 29 0 53.3973 72.1777
16 30 0 63.3916 73.1376
16 31 0 85.1314 107.987
16 32 0 74.8802 96.8522
16 33 0 75.7293 101.939
16 34 0 87.7279 129.918
16 35 1 94.3412 126.124
16 36 0 82.2125 89.9844
16 37 0 31.8563 45.3916
16 38 0 32.1 38.9137
16 39 0 94.2908 126.023
16 40 0 89.4122 99.8265
17 1 0 90.4914 95.6589
17 2 0 56.1858 66.7935
17 3 0 44.6937 59.0768
17 4 0 33.9538 50.8885
17 5 0 46.2084 64.2842
17 6 0 8.67799 11.7485
17 7 0 60.8943 67.3962
17 8 1 51.0257 55.5799
17 9 1 26.1781 27.054
17 10 0 4.24788 5.0395
17 11 0 60.9128 68.9852
17 12 0 94.0388 109.453
17 13 0 25.2726 34.4333
17 14 1 65.2078 91.3913
17 15 0 66.6678 69.0463
17 16 1 92.9628 139.114
17 18 1 46.6309 61.2401
17 19 0 34.485 46.9839
17 20 0 88.5335 102.977
17 21 0 14.5763 19.9718
17 22 1 64.6416 67.4553
17 23 0 83.4101 114.901
17 24 1 51.0141 61.519
17 25 0 9.30953 9.92312
17 26 0 89.5933 120.443
17 27 0 86.0496 97.5888
17 28 0 86.2297 95.1819
17 29 0 31.1189 33.3523
17 30 0 69.5489 81.4733
17 31 1 38.9108 41.1672
17 32 0 48.4223 50.4122
17 33 0 32.5776 44.3415
17 34 0 50.9332 57.9665
17 35 0 10.5473 12.9949
17 36 0 93.7641 111.873
17 37 0 78.5064 93.4952
17 38 0 37.9924 45.8732
17 39 0 73.2997 76.4384
17 40 1 62.9065 77.8745
18 1 0 48.9599 53.7048
18 2 0 48.7804 58.6966
18 3 0 89.2299 100.032
18 4 0 65.2128 85.3817
18 5 0 35.1633 40.2613
18 6 0 79.1924 111.909
18 7 0 88.5292 125.272
18 8 0 15.5669 17.2301
18 9 0 34.9586 38.8148
18 10 1 97.3844 137.049
18 11 0 90.6007 106.806
18 12 1 15.0678 19.7558
18 13 0 44.9091 46.3477
18 14 0 57.6355 70.2549
18 15 1 95.7659 119.895
18 16 0 21.3892 21.4195
18 17 0 72.0048 77.8049
18 19 1 63.6817 74.1705
18 20 0 32.9683 40.5168
18 21 1 52.6931 60.9847
18 22 0 13.357 17.9604
18 23 0 88.9118 98.7316
18 24 0 67.6914 85.2223
18 25 1 73.6317 87.7741
18 26 1 98.9685 126.095
18 27 1 55.2786 79.6673
18 28 0 83.8108 121.039
18 29 0 69.5847 90.4962
18 30 1 12.7193 16.6666
18 31 0 81.1846 112.76
18 32 0 40.2817 43.503
18 33 0 10.0955 13.3402
18 34 0 90.8801 112.412
18 35 0 28.7367 41.021
18 36 0 30.0835 32.56
18 37 0 32.8054 44.7934
18 38 0 12.3134 13.1554
18 39 0 63.435 66.7082
18 40 0 63.1113 76.5895
19 1 0 78.2296 111.007
19 2 0 39.7176 48.3824
19 3 0 34.1384 51.039
19 4 0 91.3368 119.912
19 5 0 52.486 64.3599
19 6 0 50.811 73.6754
19 7 0 67.2147 87.7762
19 8 0 75.2052 90.7088
19 9 0 69.5835 92.4373
19 10 0 39.7669 49.7868
19 11 1 25.5931 28.0411
19 12 0 25.649 28.2811
19 13 0 62.9275 84.9909
19 14 0 4.72432 6.26132
19 15 0 47.7516 56.8946
19 16 0 87.5775 97.0182
19 17 1 69.5707 91.1583
19 18 0 27.7643 32.2552
19 20 1 27.2543 28.5583
19 21 0 22.2662 24.741
19 22 0 82.5724 120.361
19 23 0 91.5952 103.89
19 24 0 62.7219 75.7527
19 25 0 58.9509 60.8814
19 26 1 98.7075 137.344
19 27 0 10.9322 15.7549
19 28 1 97.345 140.018
19 29 0 23.6168 29.3324
19 30 1 84.9343 106.681
19 31 0 15.531 21.1617
19 32 0 62.2919 74.2617
19 33 0 61.858 73.6586
19 34 0 36.3538 41.6
19 35 0 86.8778 119.061
19 36 0 53.6647 70.7525
19 37 0 38.1919 47.1262
19 38 0 34.2276 34.8832
19 39 0 42.7478 58.0733
19 40 1 9.00781 10.551
20 1 0 68.1481 72.2281
20 2 1 17.4968 24.9946
20 3 0 13.7108 18.9779
20 4 0 42.4785 54.1966
20 5 0 40.1102 50.8932
20 6 0 32.6861 35.5507
20 7 0 55.7113 60.5548
20 8 0 88.715 104.772
20 9 0 60.7537 68.2916
20 10 0 97.9025 121.615
20 11 0 67.4449 85.1795
20 12 0 18.0921 25.118
20 13 0 74.2934 75.2375
20 14 1 74.2435 81.9842
20 15 1 94.7596 118.163
20 16 0 76.8446 98.1556
20 17 0 68.0447 99.1245
20 18 0 88.4853 114.791
20 19 0 45.0795 61.9895
20 21 1 61.9606 64.9341
20 22 0 51.2562 74.6232
20 23 1 77.0404 115.525
20 24 0 0.186277 0.19422
20 25 0 75.1017 86.7678
20 26 0 30.8038 34.2541
20 27 0 61.0455 72.2771
20 28 0 39.5104 54.2623
20 29 0 73.918 77.9299
20 30 0 24.5831 35.0421
20 31 0 46.1923 49.9178
20 32 0 56.9033 58.6939
20 33 1 94.117 141.026
20 34 1 68.8642 75.5429
20 35 0 86.7687 112.76
20 36 1 47.539 55.1021
20 37 0 76.912 96.7107
20 38 0 7.12652 7.1959
20 39 0 32.4102 44.6097
20 40 0 71.1769 98.2537
21 1 0 84.6449 93.7295
21 2 0 27.5492 40.11
21 3 0 17.5216 20.1051
21 4 0 71.7496 92.6948
21 5 0 98.8074 115.833
21 6 0 62.4376 88.1622
21 7 0 0.602659 0.887542
21 8 0 19.7541 24.1486
21 9 0 28.6379 29.5083
21 10 0 75.4924 100.715
21 11 0 87.1502 121.248
21 12 1 56.5595 70.9467
21 13 0 38.1493 42.0796
21 14 1 28.8941 35.2359
21 15 0 62.4324 77.9511
21 16 1 80.2811 119.188
21 17 0 1.69129 2.34845
21 18 1 83.9545 111.914
21 19 0 90.5866 135.871
21 20 0 6.23888 7.87673
21 22 1 48.8696 60.5822
21 23 0 19.8005 29.3358
21 24 1 23.8807 34.4844
21 25 0 88.0296 93.4363
21 26 0 88.9392 116.69
21 27 1 31.6878 32.1444
21 28 0 36.2051 37.8468
21 29 0 47.9174 50.7909
21 30 0 37.5041 38.5517
21 31 1 98.1879 115.612
21 32 0 99.5228 137.663
21 33 0 99.6564 120.853
21 34 0 25.8128 27.7705
21 35 0 96.1901 103.68
21 36 0 76.0091 107.245
21 37 0 1.26429 1.80078
21 38 0 98.4017 111.76
21 39 1 35.1294 40.0798
21 40 0 48.0791 69.8209
22 1 0 64.7136 66.0344
22 2 0 17.0997 23.9449
22 3 0 66.9445 88.4309
22 4 1 30.7614 36.7483
22 5 1 44.3868 63.2172
22 6 0 13.5204 15.8758
22 7 0 49.1927 50.1884
22 8 0 86.0641 125.236
22 9 1 16.3585 22.1575
22 10 0 59.5567 79.1854
22 11 0 9.53424 12.457
22 12 1 26.8916 39.6509
22 13 0 20.638 22.7642
22 14 0 30.8683 33.3006
22 15 0 34.9601 40.9654
22 16 1 80.2276 92.6367
22 17 0 42.036 61.1195
22 18 0 82.3741 110.528
22 19 0 38.1085 38.8809
22 20 0 41.0781 58.9832
22 21 0 19.5141 20.856
22 23 1 36.9072 46.2567
22 24 0 94.2134 118.476
22 25 0 62.0387 74.7696
22 26 0 24.009 24.3081
22 27 0 3.93477 5.74541
22 28 0 0.607863 0.789189
22 29 0 33.9639 38.7908
22 30 0 36.4579 44.6636
22 31 0 4.65301 6.0767
22 32 0 17.5936 25.7232
22 33 0 84.4484 106.697
22 34 0 46.2893 67.0572
22 35 0 73.948 75.7253
22 36 1 23.7989 29.9441
22 37 1 43.4829 44.7501
22 38 0 15.3065 19.2025
22 39 0 43.4347 63.8891
22 40 0 58.6257 64.5189
23 1 1 51.2464 75.1748
23 2 0 52.117 74.2142
23 3 0 87.388 115.743
23 4 0 58.0252 63.7811
23 5 0 49.9189 56.4845
23 6 0 7.21999 7.325
23 7 0 33.8392 38.1706
23 8 0 81.9297 110.464
23 9 0 72.7146 95.1062
23 10 0 61.2594 85.2643
23 11 0 36.7968 44.1657
23 12 1 93.2689 105.334
23 13 1 89.6065 130.3
23 14 0 76.2918 80.2863
23 15 0 84.4252 113.826
23 16 0 96.4779 111.666
23 17 0 3.12589 4.64284
23 18 0 70.4123 79.3286
23 19 0 53.6922 56.4357
23 20 0 69.3428 83.8546
23 21 0 55.3652 58.0652
23 22 1 22.2714 29.0585
23 24 1 98.6652 99.8744
23 25 0 31.3727 44.4951
23 26 1 85.3328 89.1137
23 27 0 24.3513 35.506
23 28 0 15.2213 19.771
23 29 0 21.544 27.716
23 30 1 55.849 71.7357
23 31 0 50.0455 55.8019
23 32 0 30.5109 39.6974
23 33 1 60.7779 76.1364
23 34 0 9.679 14.3472
23 35 0 19.5817 28.8828
23 36 0 27.9756 33.53
23 37 0 9.35148 13.7819
23 38 1 56.1246 81.6128
23 39 0 86.2566 97.795
23 40 0 83.4462 95.8626
24 1 0 88.7535 104.383
24 2 1 70.6738 90.3173
24 3 0 15.5263 18.9924
24 4 0 75.5892 93.817
24 5 0 14.0536 17.2788
24 6 1 80.2579 82.0429
24 7 0 45.2859 58.3702
24 8 0 29.0213 34.624
24 9 0 19.7511 23.2604
24 10 0 79.4638 99.0374
24 11 0 56.1778 72.9373
24 12 0 13.2408 15.167
24 13 0 45.6629 60.2723
24 14 1 79.4963 106.553
24 15 0 33.1163 34.0803
24 16 0 1.98628 2.51993
24 17 0 95.0248 134.336
24 18 0 65.4143 69.3982
24 19 0 80.1368 95.1194
24 20 0 75.8423 85.3236
24 21 0 94.0112 94.1668
24 22 0 69.4013 73.3141
24 23 1 36.7811 50.5972
24 25 1 79.4377 97.2999
24 26 0 96.1613 98.0853
24 27 0 47.1955 49.7741
24 28 0 26.9385 29.948
24 29 0 48.0011 56.9123
24 30 0 94.0338 128.639
24 31 0 15.7669 16.8296
24 32 0 19.3406 26.9431
24 33 0 63.059 89.3698
24 34 0 27.8156 36.0499
24 35 0 26.6537 27.5839
24 36 0 35.8093 38.5677
24 37 0 8.59701 10.0085
24 38 1 53.9783 78.7288
24 39 1 85.0742 107.468
24 40 0 38.2322 55.9361
25 1 0 13.6976 15.2617
25 2 0 41.6209 53.5176
25 3 0 89.4954 96.8686
25 4 0 83.0628 97.6742
25 5 0 69.3986 71.9676
25 6 0 15.2799 17.817
25 7 0 11.9849 17.7689
25 8 0 28.9748 34.2989
25 9 0 94.2026 121.484
25 10 0 48.8229 49.4251
25 11 0 68.3197 77.0517
25 12 0 68.6342 80.9347
25 13 0 47.3916 61.6886
25 14 0 12.5988 15.7692
25 15 0 35.842 42.4077
25 16 0 43.5354 64.8016
25 17 0 29.9399 43.9963
25 18 0 62.6576 69.9844
25 19 0 53.8904 54.6712
25 20 0 15.4947 15.9629
25 21 1 53.7527 67.9011
25 22 0 48.9865 67.8253
25 23 1 52.4873 59.9663
25 24 0 14.2274 18.7778
25 26 1 66.0847 81.7961
25 27 0 11.0164 12.027
25 28 0 96.88 125.167
25 29 0 71.4763 93.7631
25 30 0 66.0639 92.5311
25 31 0 96.2456 138.045
25 32 0 86.1137 128.142
25 33 0 19.0037 21.3485
25 34 0 85.2831 111.281
25 35 0 70.9401 75.2115
25 36 0 76.795 100.447
25 37 0 82.6112 110.287
25 38 1 67.6722 99.7027
25 39 1 94.2539 119.84
25 40 0 26.0469 33.5722
26 1 0 47.584 52.7709
26 2 0 79.578 103.798
26 3 1 78.4266 107.055
26 4 1 11.8852 13.7575
26 5 0 0.298556 0.387413
26 6 0 22.2449 33.3093
26 7 0 79.7034 88.0515
26 8 0 53.7257 55.308
26 9 0 7.00777 9.65284
26 10 0 99.8938 109.706
26 11 1 17.8305 25.9787
26 12 1 94.9602 123.295
26 13 0 42.3948 62.4926
26 14 0 68.9816 74.4975
26 15 0 7.91829 11.5522
26 16 1 72.5709 104.962
26 17 0 90.0207 116.074
26 18 1 99.9029 114.27
26 19 0 99.6055 138.655
26 20 0 29.5755 43.4417
26 21 0 74.4231 93.7348
26 22 0 33.2488 42.2798
26 23 0 80.9616 115.814
26 24 0 6.21582 8.16341
26 25 0 18.6979 27.8664
26 27 1 47.1164 54.9955
26 28 1 4.68923 5.72517
26 29 0 85.2335 99.1962
26 30 0 78.1227 98.7136
26 31 0 82.7533 101.836
26 32 0 35.5444 48.0641
26 33 0 21.9354 28.4989
26 34 0 82.3292 85.8941
26 35 0 48.8005 63.0667
26 36 0 33.2376 35.3131
26 37 0 57.4188 65.2333
26 38 0 4.11893 5.75258
26 39 0 23.9733 27.4997
26 40 0 25.0058 37.1898
27 1 0 28.9644 34.7602
27 2 0 88.4151 91.4774
27 3 0 12.6037 13.0408
27 4 0 10.5251 10.6045
27 5 0 67.8198 67.9827
27 6 0 94.3204 103.008
27 7 0 9.46492 10.3948
27 8 0 49.6657 65.0156
27 9 1 55.7141 75.8955
27 10 1 69.3564 78.2853
27 11 0 72.6146 106.76
27 12 0 92.923 118.785
27 13 0 32.687 37.8722
27 14 0 86.2021 117.866
27 15 0 18.9595 26.0362
27 16 1 90.4551 104.027
27 17 0 21.8188 26.6845
27 18 0 60.2283 89.4521
27 19 0 55.9249 59.9663
27 20 0 77.2801 86.8808
27 21 0 52.2609 71.054
27 22 0 68.2579 86.5376
27 23 0 31.9516 42.0746
27 24 0 37.1143 55.1806
27 25 0 90.2436 111.231
27 26 1 57.0527 57.6204
27 28 1 76.1759 94.0045
27 29 0 61.4721 77.2928
27 30 0 99.6532 147.737
27 31 1 0.944722 1.12574
27 32 0 46.67 49.5996
27 33 1 22.7807 28.5512
27 34 1 2.51534 3.35709
27 35 0 54.4729 61.6651
27 36 0 71.7654 90.5157
27 37 0 46.3669 61.6983
27 38 0 25.8671 33.6095
27 39 0 75.284 89.9734
27 40 0 77.936 89.8877
28 1 0 34.7091 50.7864
28 2 0 45.615 49.4828
28 3 1 32.208 36.4623
28 4 1 0.437057 0.468857
28 5 0 3.62485 5.06196
28 6 1 4.51613 4.82789
28 7 0 81.572 90.6673
28 8 0 72.8658 98.3532
28 9 0 87.9318 91.405
28 10 0 50.662 54.5192
28 11 0 61.4039 68.6064
28 12 1 70.9099 101.092
28 13 0 22.314 25.5754
28 14 0 48.0754 58.8163
28 15 1 92.6981 103.262
28 16 0 68.9318 96.3157
28 17 0 56.358 83.9606
28 18 1 76.2659 83.6568
28 19 0 55.2868 56.5539
28 20 0 22.8728 33.2546
28 21 1 9.20436 13.7819
28 22 0 84.556 121.353
28 23 0 80.5534 101.2
28 24 0 37.5014 51.0675
28 25 1 94.8362 127.239
28 26 0 10.0411 14.0809
28 27 1 61.2776 81.6783
28 29 1 18.2045 20.2869
28 30 0 20.2459 29.4796
28 31 0 84.4529 101.749
28 32 0 36.5342 48.4913
28 33 0 5.87766 7.43637
28 34 0 80.1277 116.48
28 35 1 29.5296 40.3394
28 36 0 98.7102 141.813
28 37 0 83.052 116.669
28 38 0 6.94793 7.45285
28 39 1 80.8256 102.153
28 40 0 19.9082 27.5687
29 1 0 76.4551 84.9177
29 2 0 14.62 15.0422
29 3 1 9.1539 12.7699
29 4 1 29.7899 31.5154
29 5 0 97.0099 130.565
29 6 0 44.654 58.1826
29 7 0 85.8681 121.678
29 8 0 81.4348 110.257
29 9 1 0.370666 0.380626
29 10 0 54.7618 74.1283
29 11 0 17.5029 18.9875
29 12 0 70.8738 106.229
29 13 1 62.3959 73.5163
29 14 0 69.4304 103.305
29 15 0 61.4954 86.1025
29 16 0 53.8948 69.9857
29 17 0 15.5054 17.2426
29 18 1 20.9801 26.1479
29 19 0 36.4672 52.6384
29 20 1 75.2808 108.556
29 21 0 5.01107 5.81547
29 22 0 44.0305 60.2329
29 23 0 39.0459 55.3587
29 24 0 4.4552 4.76947
29 25 0 49.8033 50.2655
29 26 1 97.6748 99.2386
29 27 0 14.6272 15.1461
29 28 0 21.0648 30.5297
29 30 1 79.039 94.5771
29 31 0 79.362 79.3796
29 32 0 82.9567 115.294
29 33 0 53.6819 80.0365
29 34 0 58.0009 80.7198
29 35 1 87.2919 113.49
29 36 0 45.1689 49.89
29 37 0 44.8448 51.3963
29 38 0 58.8851 75.685
29 39 0 0.038485 0.0528132
29 40 0 32.1661 46.6595
30 1 0 85.9734 101.897
30 2 0 46.8173 58.7087
30 3 1 81.8976 120.276
30 4 0 80.1299 93.3383
30 5 1 52.9113 67.7658
30 6 0 17.4305 24.7936
30 7 0 99.9799 134.351
30 8 0 88.0534 104.789
30 9 0 60.101 84.2897
30 10 0 56.2241 79.3768
30 11 0 43.9995 60.669
30 12 1 85.5038 128.062
30 13 0 44.6472 62.0362
30 14 0 44.8815 46.2329
30 15 1 31.5307 33.0361
30 16 0 79.0174 111.928
30 17 0 35.6086 41.4128
30 18 0 39.5896 46.6236
30 19 1 6.95859 10.1146
30 20 0 12.3172 14.4716
30 21 0 79.0069 79.0245
30 22 0 48.9085 62.571
30 23 0 93.9899 109.939
30 24 0 78.5077 95.0926
30 25 1 21.1651 21.2492
30 26 0 81.0698 88.5133
30 27 0 27.7494 36.6402
30 28 0 20.4578 26.5766
30 29 0 84.3246 126.028
30 31 1 29.7405 37.6267
30 32 0 14.5067 16.0514
30 33 0 13.1779 13.652
30 34 1 25.3809 36.7246
30 35 0 63.8691 67.9598
30 36 0 13.0293 18.8237
30 37 0 76.6611 109.235
30 38 0 7.71404 7.87878
30 39 0 24.2163 25.6748
30 40 0 62.2586 77.6759
31 1 1 84.9437 125.885
31 2 0 23.5278 33.0906
31 3 0 38.9772 45.3239
31 4 0 61.4996 88.5673
31 5 0 90.2136 124.328
31 6 0 43.1894 43.3476
31 7 1 76.8696 114.629
31 8 0 19.2165 27.1351
31 9 0 47.4534 50.735
31 10 0 21.1663 29.0353
31 11 0 23.233 26.1077
31 12 0 16.8775 19.7686
31 13 0 33.5443 42.3629
31 14 0 4.09644 6.0363
31 15 0 53.043 60.2074
31 16 0 74.346 87.4467
31 17 1 73.8419 109.16
31 18 0 48.7067 48.84
31 19 0 77.5532 112.753
31 20 0 82.0684 101.317
31 21 0 49.8253 71.0327
31 22 1 64.552 75.6189
31 23 0 51.0354 69.1834
31 24 1 69.0039 98.9859
31 25 0 9.72548 10.8479
31 26 0 3.05951 4.20996
31 27 0 27.8264 36.1956
31 28 0 43.2469 48.2321
31 29 0 71.6774 106.139
31 30 0 58.6951 74.4796
31 32 1 29.4258 32.5303
31 33 0 83.8178 119.822
31 34 1 47.7094 64.4007
31 35 1 52.3295 54.9538
31 36 0 35.1661 40.832
31 37 0 4.72788 5.64452
31 38 0 93.3581 101.229
31 39 0 19.6027 28.0679
31 40 0 37.4348 40.6867
32 1 1 34.2953 42.9622
32 2 1 21.8476 21.962
32 3 0 65.6264 85.1525
32 4 0 15.9577 19.82
32 5 0 11.6929 16.8559
32 6 0 88.4854 130.603
32 7 0 50.7629 64.0824
32 8 0 5.81509 7.90623
32 9 0 0.452667 0.664736
32 10 0 73.5512 85.0779
32 11 0 13.998 16.6535
32 12 0 52.6994 74.9015
32 13 0 71.0875 90.3742
32 14 1 50.1245 70.9813
32 15 0 4.1571 5.74083
32 16 0 67.0681 79.256
32 17 0 95.9214 124.259
32 18 0 41.2464 49.2803
32 19 0 64.9283 88.9201
32 20 1 1.75697 2.06987
32 21 0 14.0303 18.2378
32 22 0 86.1548 125.483
32 23 0 19.7487 22.8612
32 24 0 27.4824 36.7553
32 25 0 74.7584 105.265
32 26 0 7.4187 8.93433
32 27 1 71.0025 88.0613
32 28 0 68.3502 73.6588
32 29 0 52.0453 72.1935
32 30 0 61.8594 70.4565
32 31 0 13.3903 19.9825
32 33 1 53.5864 63.6232
32 34 0 49.2084 57.1024
32 35 0 47.9506 66.6979
32 36 1 78.4422 109.534
32 37 0 42.968 61.6869
32 38 0 40.4206 56.0637
32 39 0 60.6422 69.7094
32 40 0 21.6119 30.1811
33 1 0 88.1263 125.018
33 2 1 43.4207 46.2215
33 3 0 4.72063 4.72896
33 4 0 70.6344 97.7709
33 5 0 81.2638 98.9785
33 6 0 31.5611 34.9587
33 7 0 37.5872 38.8677
33 8 1 39.6094 40.7569
33 9 0 76.2998 107.679
33 10 0 25.3256 35.9563
33 11 0 38.0704 49.2233
33 12 0 71.048 79.7322
33 13 1 40.7831 56.8633
33 14 0 44.3806 54.8702
33 15 0 36.8777 48.4455
33 16 0 82.3608 117.184
33 17 0 41.5646 55.4773
33 18 1 66.94 71.3353
33 19 1 0.811093 1.16226
33 20 0 26.3309 28.9039
33 21 0 9.43936 13.2974
33 22 0 0.603524 0.70706
33 23 1 34.7231 46.1107
33 24 0 57.1739 85.057
33 25 0 43.2043 44.3048
33 26 0 98.1567 98.3103
33 27 0 78.8983 98.8757
33 28 0 84.6019 121.158
33 29 0 57.279 72.6526
33 30 0 24.5922 35.6024
33 31 0 66.9847 91.9138
33 32 0 19.1905 25.0693
33 34 1 29.3933 34.7067
33 35 1 35.9095 47.6945
33 36 0 13.7814 18.901
33 37 0 30.692 32.4379
33 38 0 90.5102 107.615
33 39 0 66.4154 97.5971
33 40 0 40.4089 57.5321
34 1 0 47.3968 60.174
34 2 0 78.2641 103.756
34 3 0 3.53963 4.17899
34 4 0 5.19074 5.93758
34 5 0 97.6789 122.674
34 6 1 72.894 103.134
34 7 0 49.8316 66.4298
34 8 0 62.5487 73.639
34 9 0 25.8539 28.9059
34 10 0 91.2847 110.665
34 11 0 7.97677 8.38821
34 12 0 19.5979 29.0699
34 13 0 51.5978 66.0936
34 14 0 32.0475 40.2394
34 15 0 76.9546 98.3887
34 16 0 3.42176 4.46032
34 17 0 90.105 93.6082
34 18 0 6.83599 9.13099
34 19 0 53.5631 69.2021
34 20 0 48.5202 61.6447
34 21 0 72.6034 95.1861
34 22 0 6.71581 7.91452
34 23 0 69.3208 82.2018
34 24 0 97.8382 134.707
34 25 0 94.2528 103.54
34 26 0 24.9333 36.4555
34 27 0 15.7756 20.731
34 28 0 50.3124 57.7382
34 29 0 98.4697 102.669
34 30 0 35.9136 50.476
34 31 0 5.17256 5.93899
34 32 0 54.5578 77.3402
34 33 0 74.7068 93.0481
34 35 1 78.6625 114.475
34 36 0 56.0182 73.6634
34 37 0 59.3235 61.1357
34 38 1 76.6238 90.0243
34 39 0 37.5114 53.0032
34 40 1 17.8296 18.0606
35 1 0 80.8654 106.606
35 2 0 47.6468 59.333
35 3 1 96.4314 117.758
35 4 0 99.2788 102.581
35 5 0 68.9744 91.1779
35 6 0 54.8364 67.3857
35 7 0 0.471724 0.651228
35 8 0 59.8747 65.9245
35 9 0 15.2424 18.1357
35 10 0 35.1532 40.1631
35 11 0 52.3365 73.5738
35 12 0 4.56173 6.01542
35 13 0 19.1682 22.009
35 14 0 35.3423 43.8863
35 15 1 4.83442 6.12101
35 16 0 60.1522 66.6133
35 17 0 53.8159 73.2852
35 18 0 62.7531 93.3194
35 19 0 45.3092 59.3241
35 20 0 61.3945 79.4614
35 21 1 56.6088 71.7289
35 22 0 28.2608 36.3845
35 23 0 19.9385 22.0622
35 24 0 77.9085 99.1609
35 25 0 78.607 91.2067
35 26 0 34.076 49.0128
35 27 0 80.2724 102.544
35 28 0 52.4778 68.9854
35 29 0 52.0712 77.6816
35 30 1 95.9641 102.031
35 31 0 90.073 95.7901
35 32 1 53.4461 69.943
35 33 0 24.3593 27.3487
35 34 1 57.7645 59.8149
35 36 1 8.89743 11.3288
35 37 0 67.2372 69.4488
35 38 1 92.403 122.126
35 39 0 72.8419 97.2033
35 40 0 49.7387 73.0367
36 1 0 15.9749 16.3092
36 2 0 97.991 119.718
36 3 0 56.6172 76.2146
36 4 0 94.068 140.171
36 5 0 54.2116 79.9217
36 6 0 7.52005 7.83384
36 7 0 14.8798 21.0195
36 8 0 83.9534 84.7082
36 9 0 22.3299 24.7217
36 10 0 89.4029 105.349
36 11 0 34.6408 35.5291
36 12 0 1.25631 1.62571
36 13 1 91.0367 132.366
36 14 1 8.39035 9.2519
36 15 0 45.7413 51.6722
36 16 0 29.7702 43.6608
36 17 0 63.3416 83.1523
36 18 0 6.30272 8.8758
36 19 0 73.748 105.95
36 20 0 16.5333 20.3204
36 21 0 95.0783 128.709
36 22 0 30.6823 44.1563
36 23 0 14.5279 16.0475
36 24 0 73.3894 77.5065
36 25 0 68.7173 81.5578
36 26 0 84.852 103.387
36 27 0 13.5227 14.7836
36 28 0 42.5624 62.1427
36 29 0 20.6683 20.7845
36 30 0 81.6703 107.87
36 31 0 54.8533 79.8742
36 32 0 77.8215 91.638
36 33 0 33.269 49.5653
36 34 0 94.7937 114.472
36 35 0 5.67427 6.47287
36 37 1 47.8847 57.2263
36 38 0 74.5996 101.903
36 39 0 46.4386 56.9356
36 40 0 81.9191 108.584
37 1 1 31.2593 44.8995
37 2 0 71.8467 92.4783
37 3 0 65.7442 85.7323
37 4 0 92.7301 137.658
37 5 0 52.8217 74.2688
37 6 1 69.1887 74.8573
37 7 0 43.6497 62.1962
37 8 1 94.6468 120.954
37 9 0 27.0968 32.8322
37 10 0 12.2968 13.5917
37 11 0 22.6489 25.2497
37 12 1 19.0309 28.3462
37 13 0 28.246 31.8102
37 14 0 67.4447 92.116
37 15 0 21.2612 26.3204
37 16 1 94.0412 95.6291
37 17 0 35.0161 44.1692
37 18 1 50.0719 66.3124
37 19 0 21.1183 27.5093
37 20 1 13.812 15.662
37 21 0 0.457824 0.634824
37 22 0 57.6577 60.8459
37 23 0 70.4963 102.412
37 24 0 35.3033 44.8672
37 25 0 36.0257 37.2557
37 26 0 81.2069 117.561
37 27 0 97.3818 142.488
37 28 1 80.4588 109.554
37 29 0 31.7131 40.4892
37 30 0 41.164 57.1704
37 31 0 42.5558 61.4385
37 32 0 92.6343 94.1676
37 33 0 37.2536 55.363
37 34 0 43.6266 61.5097
37 35 0 4.26764 5.84392
37 36 0 16.3646 21.2975
37 38 1 50.1021 72.9162
37 39 0 84.72 101.464
37 40 0 14.4226 17.8124
38 1 0 52.309 55.4493
38 2 0 10.8677 11.4134
38 3 1 12.5716 14.8041
38 4 0 47.2954 57.2371
38 5 0 53.6864 70.5246
38 6 0 75.0131 82.033
38 7 0 45.1462 49.0885
38 8 0 82.8762 97.4334
38 9 0 0.758087 0.792174
38 10 0 57.4632 75.6695
38 11 0 84.8187 109.932
38 12 0 52.7606 58.195
38 13 0 93.237 125.039
38 14 0 26.2293 37.7075
38 15 1 15.5478 20.9006
38 16 0 84.3282 104.906
38 17 0 38.0003 55.6737
38 18 0 39.7485 55.1714
38 19 0 34.0271 44.1264
38 20 0 75.367 103.213
38 21 0 83.7683 97.5917
38 22 0 8.97448 12.2
38 23 0 78.3107 104.631
38 24 0 72.9324 101.671
38 25 0 7.42446 9.6953
38 26 0 27.2103 40.1864
38 27 1 35.4796 50.5267
38 28 0 35.9271 41.1547
38 29 0 42.1097 56.5972
38 30 0 26.8148 28.1689
38 31 0 20.2441 22.2478
38 32 0 89.3587 117.571
38 33 0 52.4573 58.3059
38 34 0 33.2874 39.6062
38 35 0 5.18518 6.82199
38 36 0 76.7772 79.2876
38 37 0 47.3402 61.6817
38 39 1 79.2648 106.009
38 40 0 23.0497 24.9474
39 1 0 90.2597 103.717
39 2 0 11.58 12.5041
39 3 0 34.1456 34.6511
39 4 0 13.9989 20.1458
39 5 0 5.81954 6.52436
39 6 0 68.7125 71.6384
39 7 0 66.4672 80.2453
39 8 0 0.962394 1.17832
39 9 0 71.7118 95.9548
39 10 0 47.1638 59.7412
39 11 0 10.1546 12.6727
39 12 0 86.2666 107.98
39 13 0 25.3426 26.6674
39 14 0 38.3403 39.7991
39 15 0 93.9612 128.423
39 16 0 38.0756 43.5423
39 17 1 57.175 76.1262
39 18 1 60.1193 63.6319
39 19 0 47.4527 67.3283
39 20 0 14.9546 18.9174
39 21 0 3.93351 5.20351
39 22 0 10.4838 10.7007
39 23 1 41.6777 55.2138
39 24 0 1.10896 1.54382
39 25 1 27.2766 34.2449
39 26 0 17.3771 17.9017
39 27 1 94.3976 106.521
39 28 0 39.8602 52.4108
39 29 0 29.6483 43.2677
39 30 0 39.8471 51.721
39 31 0 14.6941 21.4184
39 32 0 69.3303 96.7664
39 33 0 38.4373 39.4518
39 34 1 15.8719 17.8355
39 35 0 70.1251 71.6683
39 36 0 46.7069 59.8461
39 37 1 93.5764 108.539
39 38 0 60.9886 75.4847
39 40 1 70.9453 75.5887
40 1 1 61.9874 76.0744
40 2 0 77.1076 111.519
40 3 0 3.21355 4.67884
40 4 0 35.1105 49.8378
40 5 1 38.4007 49.1172
40 6 0 3.22634 4.77
40 7 0 87.0644 126.068
40 8 0 77.6354 83.7754
40 9 0 10.7626 14.3317
40 10 0 2.86075 3.65879
40 11 0 39.286 44.8417
40 12 0 34.344 50.5439
40 13 0 82.8645 107.682
40 14 0 46.1431 48.0222
40 15 0 22.1369 24.9916
40 16 0 50.8001 64.2778
40 17 1 24.443 26.3534
40 18 0 96.9577 125.135
40 19 0 1.69411 2.09025
40 20 0 65.4062 90.0092
40 21 0 47.0477 59.5708
40 22 1 36.6198 45.7267
40 23 0 91.0653 126.378
40 24 0 55.6183 70.1357
40 25 0 92.6569 117.294
40 26 0 78.9681 113.974
40 27 1 50.8866 57.0519
40 28 0 67.8322 101.029
40 29 1 74.9585 80.8156
40 30 0 96.6169 134.415
40 31 0 92.8015 118.655
40 32 0 50.3155 51.484
40 33 0 95.5157 110.913
40 34 0 78.6464 79.0553
40 35 0 52.2458 53.5093
40 36 0 10.0549 13.1511
40 37 0 22.6552 23.5613
40 38 0 56.3525 66.6141
40 39 0 99.5517 140.453
36.4626 15.2946 15.6418 3.28096 36.7171 7.102 14.0432 0.458673 23.0289 26.5927 22.9722 30.0721 7.32662 12.0527 10.6753 34.36 28.1463 20.9162 8.68252 26.4609 21.8399 17.1738 20.1091 13.4365 38.9171 27.3022 23.2848 23.9849 13.2764 3.25112 29.0405 26.653 3.45463 1.30121 16.8541 37.7002 36.786 3.15655 3.01865 2.4944 