40
500
5
100
1 2 1 88.4656 117.692
1 3 0 16.6709 20.7172
1 4 0 52.6982 69.7831
1 5 0 52.7867 72.7384
1 6 0 61.2594 79.129
1 7 0 91.5342 93.0712
1 8 0 78.5699 116.415
1 9 1 64.3254 70.3606
1 10 0 50.823 75.6645
1 11 0 86.5251 112.198
1 12 0 60.5379 71.6062
1 13 1 26.9315 37.2467
1 14 1 85.7246 118.838
1 15 1 62.2358 65.2171
1 16 1 97.2991 118.945
1 17 0 79.7424 108.551
1 18 1 73.7158 86.4839
1 19 1 72.0235 82.9641
1 20 0 76.2396 107.189
1 21 1 65.8114 84.1224
1 22 0 73.3064 89.1626
1 23 0 59.3716 77.2224
1 24 1 43.8433 44.4538
1 25 0 73.2939 77.8433
1 26 1 92.2287 115.145
1 27 0 37.2389 39.4545
1 28 1 51.984 54.8665
1 29 0 0.473745 0.485813
1 30 1 24.4326 33.233
1 31 1 42.1428 50.7901
1 32 0 72.9809 105.016
1 33 0 34.3751 49.13
1 34 0 4.49976 4.89909
1 35 0 53.0814 79.2618
1 36 1 27.4936 39.7079
1 37 1 6.14887 6.23147
1 38 0 65.3199 84.7
1 39 1 41.6672 47.6659
1 40 1 72.723 91.9479
2 1 1 55.3243 75.4906
2 3 1 41.6615 46.6582
2 4 0 47.2859 58.7339
2 5 0 85.6855 124.758
2 6 0 44.0787 49.1664
2 7 1 85.8234 94.1001
2 8 0 39.7099 45.3153
2 9 0 78.9421 107.692
2 10 0 15.4564 18.9449
2 11 0 98.9736 107.605
2 12 0 39.6987 53.6199
2 13 0 47.6286 52.223
2 14 0 2.41207 2.99616
2 15 0 84.7936 114.378
2 16 0 36.6899 40.5614
2 17 1 36.2745 53.5011
2 18 0 17.1452 20.6474
2 19 0 64.4232 77.8507
2 20 0 60.8763 64.0799
2 21 0 29.9304 33.7289
2 22 0 53.945 70.8656
2 23 0 91.139 133.801
2 24 0 73.8742 103.163
2 25 0 33.2832 35.6482
2 26 0 17.2892 24.7477
2 27 0 32.7982 41.7297
2 28 0 55.2735 70.1942
2 29 0 36.2183 37.2834
2 30 0 59.971 89.2239
2 31 0 51.2943 62.4247
2 32 0 32.3445 47.7099
2 33 1 73.4331 84.0854
2 34 0 50.5418 69.1874
2 35 1 60.4845 80.9436
2 36 0 30.3302 42.0396
2 37 0 3.86959 4.27394
2 38 1 10.4576 12.8601
2 39 0 83.0257 86.2732
2 40 0 95.8542 115.054
3 1 1 89.3127 109.088
3 2 1 81.9994 82.9401
3 4 1 62.6491 85.2077
3 5 0 39.0582 53.2472
3 6 1 57.4378 64.5149
3 7 0 87.6174 127.405
3 8 0 20.027 24.0106
3 9 0 93.9657 115.743
3 10 1 66.533 78.0312
3 11 0 11.9053 16.4147
3 12 1 27.0085 35.3708
3 13 1 13.8579 14.7148
3 14 1 86.5833 108.766
3 15 0 2.36313 2.40049
3 16 1 67.6148 67.8453
3 17 0 74.7065 81.1289
3 18 1 43.7606 60.7709
3 19 0 5.1191 5.59385
3 20 1 2.48272 3.46643
3 21 0 88.7877 96.5516
3 22 0 59.9242 67.7139
3 23 0 17.7468 18.7879
3 24 0 82.0654 106.976
3 25 0 94.1255 112.054
3 26 0 25.9282 26.5576
3 27 0 31.0565 31.8444
3 28 0 69.6318 83.8506
3 29 0 55.1158 65.2624
3 30 0 89.4535 128.606
3 31 1 64.8425 94.3851
3 32 1 4.15669 5.83735
3 33 0 67.7168 87.7581
3 34 0 54.5812 69.1654
3 35 1 47.0225 59.6308
3 36 1 57.5991 74.1821
3 37 0 50.9169 60.5243
3 38 0 84.924 108.034
3 39 0 54.0661 70.576
3 40 0 90.7045 101.915
4 1 1 21.625 28.1058
4 2 1 46.6785 49.5251
4 3 0 23.28 29.5458
4 5 1 84.5918 88.6268
4 6 0 70.86 94.3899
4 7 0 48.3041 64.5247
4 8 1 71.2558 92.1678
4 9 1 4.39119 5.63356
4 10 0 60.8084 79.0273
4 11 0 8.71707 9.46566
4 12 0 49.5146 57.073
4 13 1 2.71925 3.94149
4 14 0 16.14 23.5207
4 15 0 7.84108 9.54415
4 16 0 37.9976 48.8678
4 17 0 61.4239 65.9768
4 18 1 92.1841 106.858
4 19 0 83.7579 112.552
4 20 0 85.0404 111.568
4 21 0 37.5263 47.654
4 22 1 31.9801 46.4437
4 23 0 68.0493 73.195
4 24 0 6.98463 8.74056
4 25 0 65.903 73.1318
4 26 0 91.2389 132.041
4 27 0 80.3403 101.588
4 28 0 93.6507 128.809
4 29 1 87.7484 114.044
4 30 0 7.64124 11.1234
4 31 0 52.1679 73.1316
4 32 0 70.6653 102.963
4 33 0 2.41591 2.57785
4 34 1 74.3283 79.7232
4 35 0 45.5003 63.0059
4 36 0 86.1593 120.341
4 37 0 54.6504 58.4232
4 38 1 43.832 55.7032
4 39 0 71.9001 73.3686
4 40 0 88.0866 131.082
5 1 0 41.6694 53.9535
5 2 0 3.87948 4.68454
5 3 0 4.21802 5.85827
5 4 0 48.5163 68.9908
5 6 1 73.1146 75.6955
5 7 0 46.16 60.0839
5 8 0 78.2797 93.4031
5 9 1 86.7847 95.0321
5 10 0 24.304 29.8851
5 11 0 79.3106 79.9615
5 12 1 71.6163 98.1455
5 13 1 19.2177 25.6356
5 14 0 18.2892 27.2127
5 15 0 35.7807 39.6433
5 16 0 45.2092 51.8657
5 17 0 94.5958 113.263
5 18 0 73.4328 87.31
5 19 0 31.915 43.9062
5 20 0 89.962 116.627
5 21 0 10.7542 14.724
5 22 1 91.3685 93.3848
5 23 1 91.0003 124.692
5 24 0 15.4206 22.2772
5 25 0 66.1542 79.7307
5 26 1 85.5529 99.6571
5 27 1 54.7345 68.9503
5 28 1 76.8595 93.9806
5 29 0 58.0836 65.721
5 30 0 95.518 105.445
5 31 0 50.7843 55.6887
5 32 0 54.5141 77.1471
5 33 0 64.6981 87.6269
5 34 1 26.3141 30.4552
5 35 1 80.159 94.067
5 36 0 16.0116 19.0482
5 37 0 80.8281 101.937
5 38 0 95.8004 105.31
5 39 1 64.0994 88.9535
5 40 1 45.9666 62.0422
6 1 0 41.093 59.0008
6 2 0 45.0377 52.511
6 3 0 48.7588 62.5775
6 4 1 4.31845 5.69668
6 5 0 13.4411 20.0982
6 7 1 77.369 97.9986
6 8 0 80.4537 102.509
6 9 0 59.0385 86.4077
6 10 0 86.081 110.501
6 11 0 50.8934 56.9113
6 12 0 18.8163 22.5732
6 13 0 2.62872 3.67948
6 14 0 91.1875 116.577
6 15 1 73.3822 104.595
6 16 0 31.436 40.8855
6 17 0 45.3448 64.192
6 18 0 19.7438 25.5228
6 19 1 26.3905 27.066
6 20 0 61.0695 64.2479
6 21 1 90.2945 98.3628
6 22 0 10.881 15.5318
6 23 0 77.4924 105.945
6 24 0 84.4652 103.71
6 25 0 15.963 22.6607
6 26 0 17.6212 21.8133
6 27 0 43.283 45.814
6 28 0 89.6959 127.754
6 29 0 98.3749 99.4555
6 30 0 5.35833 7.82549
6 31 0 32.0254 43.6222
6 32 0 61.3319 68.7004
6 33 0 59.0408 70.9272
6 34 0 38.8419 45.4625
6 35 0 8.73981 9.46815
6 36 0 37.4698 45.6607
6 37 0 98.3867 136.643
6 38 1 59.8411 74.9011
6 39 0 39.2672 44.9669
6 40 0 45.0826 49.4599
7 1 0 5.9501 6.26987
7 2 0 49.8665 50.5306
7 3 0 33.7497 50.5474
7 4 0 6.03554 6.69367
7 5 0 78.7703 107.717
7 6 0 7.07079 9.93539
7 8 1 38.0563 56.697
7 9 0 37.428 41.2911
7 10 0 61.4827 76.3378
7 11 1 60.6198 61.6099
7 12 1 97.2641 99.6769
7 13 1 40.5581 42.0359
7 14 0 37.9817 51.5046
7 15 1 79.8739 99.5242
7 16 0 12.8656 15.2857
7 17 1 51.4606 74.5509
7 18 0 90.6602 131.585
7 19 1 40.8517 60.643
7 20 0 11.9236 13.8592
7 21 0 87.5037 111.008
7 22 1 0.747298 0.961575
7 23 0 44.3768 60.5782
7 24 1 51.6498 67.7211
7 25 0 19.0676 26.5034
7 26 1 3.3945 4.29952
7 27 0 38.8789 54.4917
7 28 0 40.4082 46.7765
7 29 0 0.405064 0.419872
7 30 0 59.4683 70.5292
7 31 0 18.5067 21.5915
7 32 0 57.2566 67.1139
7 33 0 63.2085 79.1296
7 34 0 99.4139 146.688
7 35 0 42.4097 46.4469
7 36 1 9.20269 12.2995
7 37 0 31.6022 44.1996
7 38 0 3.95895 4.92853
7 39 0 41.447 42.4943
7 40 0 54.1005 74.5638
8 1 0 45.4183 62.9237
8 2 0 84.4587 119.972
8 3 1 73.0614 82.2469
8 4 0 94.9343 124.577
8 5 0 60.0821 88.1959
8 6 0 12.6045 13.5876
8 7 0 47.6301 56.3311
8 9 1 68.7041 84.1667
8 10 1 35.7203 43.5492
8 11 0 58.9098 87.5521
8 12 1 4.88963 6.42254
8 13 0 93.3909 127.24
8 14 0 80.8867 114.486
8 15 1 40.7121 50.2781
8 16 1 21.0298 24.9719
8 17 1 42.9786 47.0516
8 18 0 52.9375 59.404
8 19 1 98.1997 101.749
8 20 0 82.695 123.916
8 21 0 79.8866 99.7232
8 22 0 69.6111 88.1581
8 23 0 6.81279 9.17023
8 24 0 66.3041 68.8409
8 25 0 62.3692 68.0642
8 26 0 1.99403 2.88656
8 27 1 46.9276 67.642
8 28 0 90.0447 105.505
8 29 0 72.4793 101.278
8 30 1 82.926 116.841
8 31 1 29.4662 41.0414
8 32 1 33.9352 35.5782
8 33 1 72.6598 86.1157
8 34 1 61.0934 61.3711
8 35 0 98.3883 147.126
8 36 0 3.2861 3.80805
8 37 0 77.6295 98.678
8 38 0 74.4793 77.5154
8 39 1 87.2858 95.1754
8 40 0 38.8221 44.5337
9 1 1 7.90426 9.73224
9 2 0 85.6982 100.193
9 3 1 36.0952 45.3239
9 4 0 39.8803 57.6652
9 5 1 52.1881 59.9471
9 6 0 5.01596 5.76891
9 7 0 37.0142 51.1155
9 8 1 2.15741 3.16779
9 10 1 13.583 19.4944
9 11 0 69.1438 92.3323
9 12 0 8.73955 9.14848
9 13 0 25.9076 33.6374
9 14 1 51.369 55.3669
9 15 0 29.8434 37.5249
9 16 1 56.7879 79.5206
9 17 1 67.5777 76.782
9 18 1 29.4519 31.6311
9 19 0 96.4371 131.424
9 20 0 36.8538 46.5434
9 21 0 40.193 58.9031
9 22 0 59.6674 86.2822
9 23 0 13.148 19.698
9 24 0 99.6839 136.467
9 25 0 78.1661 82.3168
9 26 0 37.8776 44.6301
9 27 0 93.7134 112.588
9 28 1 18.4369 21.5682
9 29 0 43.6309 65.0891
9 30 0 9.41304 10.279
9 31 0 69.6063 72.595
9 32 0 86.9464 88.4602
9 33 0 29.3867 30.8509
9 34 0 28.7779 31.3174
9 35 1 59.0633 61.9735
9 36 0 18.702 21.8474
9 37 1 65.429 74.6429
9 38 0 80.0133 116.904
9 39 0 29.7024 33.8784
9 40 0 77.7011 90.955
10 1 0 98.4052 132.869
10 2 1 79.9863 89.4455
10 3 0 45.9157 46.8298
10 4 0 55.3542 58.4556
10 5 0 48.2094 70.5266
10 6 0 36.1574 37.3844
10 7 0 52.9121 59.873
10 8 1 57.1367 76.3183
10 9 0 21.5581 27.9158
10 11 1 11.5433 16.9198
10 12 1 97.6374 108.84
10 13 0 12.1851 17.5674
10 14 0 73.9997 107.982
10 15 0 96.1942 143.609
10 16 0 69.9442 91.8262
10 17 0 91.7095 123.496
10 18 0 3.57383 4.07745
10 19 0 78.3566 89.8116
10 20 0 94.2503 101.818
10 21 0 86.6869 103.909
10 22 0 61.8825 78.9268
10 23 1 40.9846 47.1576
10 24 0 65.8593 68.13
10 25 1 23.6823 31.9586
10 26 0 23.396 31.3969
10 27 1 28.3378 31.8424
10 28 1 5.41181 6.52444
10 29 0 75.8647 100.033
10 30 0 56.2689 59.32
10 31 1 65.9672 98.2408
10 32 0 75.4226 95.1996
10 33 0 5.6319 6.81829
10 34 0 36.6696 53.3581
10 35 0 42.3143 55.1601
10 36 0 92.6385 104.196
10 37 1 54.9519 74.4826
10 38 1 69.6767 90.6534
10 39 0 47.1919 65.5858
10 40 0 56.1636 82.9102
11 1 0 22.803 27.5789
11 2 1 72.8349 104.055
11 3 0 63.7346 67.2681
11 4 0 90.0604 108.804
11 5 1 97.82 104.271
11 6 1 12.164 16.5481
11 7 0 41.1652 51.4218
11 8 0 11.9755 12.7967
11 9 1 59.9325 74.345
11 10 0 90.9379 131.228
11 12 1 71.7838 93.6239
11 13 0 49.8042 59.9144
11 14 0 59.016 68.7157
11 15 0 55.3844 75.0645
11 16 1 82.4316 82.8446
11 17 0 96.1716 143.086
11 18 0 65.6147 90.0735
11 19 0 69.6902 85.8592
11 20 0 46.5379 66.4688
11 21 0 64.7391 91.0438
11 22 0 75.8867 91.0674
11 23 0 11.8935 17.0656
11 24 0 1.33797 1.84534
11 25 0 23.7978 31.5749
11 26 0 27.5999 39.6956
11 27 0 64.0243 81.1087
11 28 0 95.6159 127.92
11 29 0 29.7362 40.7939
11 30 0 36.2192 42.4061
11 31 0 79.0749 108.329
11 32 1 57.5157 74.4255
11 33 0 10.0377 10.7345
11 34 0 87.9329 120.07
11 35 0 82.5766 98.8522
11 36 0 66.9322 95.0185
11 37 0 45.214 59.5081
11 38 0 2.1774 2.74521
11 39 0 88.8358 93.9281
11 40 0 38.4411 57.1403
12 1 1 7.46139 10.2949
12 2 1 7.37574 8.05234
12 3 0 48.9371 71.5281
12 4 0 61.8677 73.8492
12 5 0 87.3417 102.603
12 6 0 86.0707 98.2732
12 7 0 48.4375 62.0686
12 8 1 47.6513 52.9289
12 9 0 8.96614 11.868
12 10 0 85.735 118.233
12 11 0 89.023 92.523
12 13 1 43.5212 52.8201
12 14 1 84.9587 90.7933
12 15 0 5.568 8.15023
12 16 0 94.6974 140.444
12 17 1 90.6909 91.7138
12 18 0 51.2244 51.7498
12 19 0 75.764 81.4177
12 20 0 15.707 17.0863
12 21 0 26.5538 33.7132
12 22 0 36.0088 45.6419
12 23 0 24.8512 34.9443
12 24 1 64.0171 80.7905
12 25 0 99.2438 122.826
12 26 0 64.7563 96.7964
12 27 0 25.6519 36.5113
12 28 1 63.2489 69.214
12 29 1 67.606 95.2185
12 30 0 56.6832 72.023
12 31 0 48.0914 49.6647
12 32 0 93.95 122.664
12 33 0 25.2153 25.9691
12 34 1 54.1622 73.1964
12 35 0 3.12768 4.35516
12 36 0 8.02792 10.8572
12 37 0 17.4752 20.4383
12 38 0 0.247709 0.32556
12 39 0 39.8961 45.5933
12 40 0 45.0496 62.982
13 1 1 74.4535 94.6322
13 2 0 28.9907 41.973
13 3 1 41.4556 54.9052
13 4 1 73.7975 96.426
13 5 0 90.3418 113.656
13 6 1 81.414 112.388
13 7 0 80.1545 84.1716
13 8 0 60.5134 63.7536
13 9 0 76.1973 104.567
13 10 1 72.2318 105.879
13 11 0 89.0252 120.976
13 12 0 46.6564 51.8444
13 14 1 74.4992 93.6713
13 15 0 88.5007 92.3493
13 16 1 31.2602 42.372
13 17 0 33.8244 41.3562
13 18 0 88.9412 128.667
13 19 0 62.628 73.5185
13 20 1 4.43518 6.0776
13 21 0 96.9544 101.554
13 22 0 31.0923 35.6461
13 23 0 63.6591 65.8039
13 24 0 23.7909 32.2279
13 25 0 84.5496 109.177
13 26 0 13.8042 16.4225
13 27 0 28.6357 33.2868
13 28 0 98.577 135.524
13 29 0 5.75347 6.26134
13 30 0 53.9005 72.602
13 31 0 86.0532 97.9088
13 32 0 83.118 89.7109
13 33 0 53.6301 71.2849
13 34 1 1.85321 2.25725
13 35 0 61.7023 71.2313
13 36 0 72.8733 102.161
13 37 1 19.2636 28.3438
13 38 0 7.56078 11.3219
13 39 0 12.3949 13.9401
13 40 1 72.3769 106.05
14 1 0 55.0218 73.4995
14 2 0 66.6571 67.6198
14 3 0 42.0294 49.6235
14 4 0 8.63265 10.2666
14 5 0 8.11647 10.9142
14 6 1 51.6006 66.6452
14 7 0 83.5766 84.3391
14 8 0 28.9919 40.4478
14 9 0 35.7461 40.6151
14 10 0 23.7094 29.3155
14 11 0 66.4534 79.146
14 12 0 10.6435 13.2833
14 13 0 13.4816 19.7783
14 15 1 84.1832 85.779
14 16 0 69.834 87.637
14 17 1 27.3578 33.0751
14 18 0 62.3125 77.398
14 19 1 44.6394 51.0123
14 20 0 90.5077 123.907
14 21 1 92.6176 101.376
14 22 1 93.3232 98.0669
14 23 0 54.5963 58.996
14 24 0 69.4479 72.4375
14 25 1 53.2515 69.1114
14 26 1 47.4939 54.495
14 27 0 5.37385 6.64395
14 28 0 75.8852 82.1645
14 29 0 81.8759 117.884
14 30 0 20.6969 23.716
14 31 0 51.6694 65.1651
14 32 0 38.5417 48.7577
14 33 0 30.5425 31.645
14 34 1 99.5308 146.299
14 35 1 84.1064 107.736
14 36 1 17.9165 21.9425
14 37 0 21.584 32.0134
14 38 0 21.9114 31.0797
14 39 0 31.1828 40.8518
14 40 0 87.7144 120.812
15 1 1 63.9528 88.444
15 2 0 58.9886 87.9802
15 3 0 88.0351 130.044
15 4 1 88.8473 107.168
15 5 0 51.8349 74.2999
15 6 0 65.375 81.4126
15 7 0 55.7593 76.3074
15 8 0 64.1081 82.848
15 9 0 34.1066 37.4855
15 10 0 35.1456 51.7209
15 11 0 14.4125 15.5862
15 12 0 79.286 89.6155
15 13 0 61.5858 77.8148
15 14 1 50.262 60.7404
15 16 1 84.8854 116.947
15 17 0 46.8334 59.662
15 18 0 54.0408 78.8872
15 19 0 30.0883 42.9051
15 20 0 26.9464 35.3025
15 21 1 97.9086 98.2144
15 22 0 15.8182 16.4362
15 23 0 59.8729 81.3573
15 24 0 9.95058 12.9215
15 25 0 91.8534 135.429
15 26 0 99.5982 138.688
15 27 0 46.0687 52.6616
15 28 0 73.2723 96.9147
15 29 0 17.8042 19.6926
15 30 0 77.0894 84.0126
15 31 0 0.691255 0.971905
15 32 1 6.05966 7.58805
15 33 1 34.7237 42.7705
15 34 1 47.0452 64.6832
15 35 0 65.4629 88.5842
15 36 0 94.2223 131.556
15 37 0 18.2461 21.1229
15 38 1 50.0406 63.9065
15 39 0 39.318 49.3112
15 40 1 57.5348 79.6649
16 1 0 46.0494 50.5106
16 2 0 75.2551 80.5167
16 3 0 32.7728 42.6012
16 4 0 94.6717 137.279
16 5 0 74.6708 84.5598
16 6 0 12.468 14.3854
16 7 1 22.8526 25.4792
16 8 0 46.9225 48.3138
16 9 1 40.4302 59.383
16 10 1 4.97652 5.61646
16 11 1 96.0886 134.394
16 12 0 45.7144 66.5793
16 13 1 60.27 74.0207
16 14 0 42.2278 46.9615
16 15 0 84.4976 120.25
16 17 1 60.4415 89.22
16 18 0 76.3219 105.991
16 19 0 58.3431 83.0409
16 20 1 40.4153 48.8805
16 21 0 20.1432 26.587
16 22 0 84.0154 103.036
16 23 1 56.8965 77.6741
16 24 1 52.5189 54.6259
16 25 1 2.41001 3.17177
16 26 0 13.2145 17.395
16 27 1 89.302 121.551
16 28 0 89.5979 110.56
16 29 0 38.6149 57.5702
16 30 0 84.768 108.925
16 31 1 42.9031 51.1485
16 32 0 41.8363 42.7127
16 33 0 36.0968 51.5774
16 34 0 71.6679 78.5675
16 35 0 30.152 36.9668
16 36 1 39.387 47.0238
16 37 0 13.901 18.7265
16 38 0 70.2944 89.6422
16 39 0 63.0374 77.055
16 40 1 10.3632 13.5661
17 1 0 55.8244 81.9852
17 2 1 87.4481 106.785
17 3 0 34.7317 45.8664
17 4 0 0.711789 0.978927
17 5 0 20.2993 20.5174
17 6 0 95.0921 123.499
17 7 0 35.765 43.002
17 8 0 86.4934 121.331
17 9 0 53.4829 61.089
17 10 1 93.0656 105.48
17 11 1 83.2092 115.782
17 12 1 12.2899 18.3493
17 13 1 92.7467 114.247
17 14 0 81.0081 98.1907
17 15 1 98.0907 103.185
17 16 1 97.1545 126.705
17 18 1 94.7579 96.6817
17 19 0 0.819856 1.08814
17 20 0 42.286 60.3097
17 21 0 79.4967 108.745
17 22 0 57.1845 71.6403
17 23 0 56.5491 77.9192
17 24 1 80.1112 94.7958
17 25 0 30.2005 35.0499
17 26 0 70.0627 102.472
17 27 1 31.136 43.2031
17 28 0 76.991 104.407
17 29 0 4.69165 6.58695
17 30 0 47.286 60.8558
17 31 0 0.54264 0.67099
17 32 0 23.009 31.2592
17 33 0 40.15 57.0404
17 34 1 44.3889 54.5069
17 35 0 1.77166 1.77896
17 36 0 81.6356 104.303
17 37 1 2.56362 2.71811
17 38 0 49.2541 70.8576
17 39 0 72.6651 87.9007
17 40 1 21.3516 27.2405
18 1 0 96.4896 113.199
18 2 1 0.55471 0.704807
18 3 0 79.015 111.839
18 4 1 39.1133 39.6748
18 5 1 24.8987 32.0255
18 6 1 49.0525 49.3201
18 7 0 5.33613 7.20182
18 8 0 33.1691 41.6819
18 9 0 72.651 79.4542
18 10 0 84.3478 91.593
18 11 0 13.4396 19.6949
18 12 0 44.1323 53.7103
18 13 0 73.1867 107.692
18 14 0 47.0325 68.5759
18 15 1 47.0268 58.169
18 16 0 88.4866 104.448
18 17 0 1.06586 1.48536
18 19 1 78.4955 95.9238
18 20 0 23.4473 29.524
18 21 0 73.6031 96.6184
18 22 0 17.8074 21.8167
18 23 1 91.8428 97.5337
18 24 0 49.7386 71.7196
18 25 0 94.2801 98.0692
18 26 0 81.861 91.022
18 27 0 75.6937 84.3508
18 28 1 92.3088 97.9981
18 29 0 32.4111 45.3022
18 30 1 52.2965 60.1192
18 31 0 20.4153 21.6077
18 32 0 32.8543 47.2745
18 33 0 80.8474 100.607
18 34 0 30.5093 39.8268
18 35 0 29.2433 36.7963
18 36 0 38.9538 55.422
18 37 0 30.864 34.1786
18 38 1 96.7726 105.857
18 39 1 77.8977 114.714
18 40 1 2.79249 3.51594
19 1 1 61.1847 79.8684
19 2 1 22.9669 31.2566
19 3 0 70.467 102.904
19 4 0 88.2209 104.308
19 5 0 65.7441 89.0333
19 6 1 90.1346 123.252
19 7 0 44.0428 48.8672
19 8 1 71.6498 97.7056
19 9 1 77.7559 94.5147
19 10 1 65.0449 72.8751
19 11 0 2.84957 4.03914
19 12 0 9.71514 14.1131
19 13 1 86.7228 124.12
19 14 1 60.2478 76.2838
19 15 0 82.3668 109.639
19 16 1 26.6557 30.9694
19 17 1 77.5954 96.6386
19 18 0 12.8104 13.2653
19 20 1 99.6898 136.677
19 21 0 10.1173 12.1691
19 22 1 16.9394 18.4149
19 23 0 72.6502 79.079
19 24 1 38.28 52.3535
19 25 1 57.2934 75.1914
19 26 0 29.3294 37.9598
19 27 0 30.6044 39.293
19 28 0 25.0734 30.2969
19 29 0 63.9519 67.4842
19 30 1 4.64472 4.6997
19 31 0 80.2613 82.8084
19 32 0 65.005 81.9538
19 33 0 28.3142 36.5974
19 34 1 8.97445 12.1761
19 35 0 51.4511 72.642
19 36 0 1.51923 2.03472
19 37 1 63.7899 81.628
19 38 0 37.6313 37.9678
19 39 0 57.5131 64.1682
19 40 0 22.6706 29.665
20 1 0 38.1137 55.2877
20 2 0 94.0697 119.139
20 3 1 68.1302 71.0268
20 4 0 27.7969 36.6796
20 5 0 33.4996 46.4814
20 6 0 85.3374 95.002
20 7 1 33.709 48.3858
20 8 0 95.1411 104.065
20 9 0 82.0854 120.31
20 10 0 26.7903 26.8683
20 11 0 88.9745 94.1542
20 12 1 82.6612 88.5858
20 13 0 80.2317 89.4305
20 14 0 34.3213 44.2991
20 15 1 98.0467 138.235
20 16 0 46.5216 57.3109
20 17 1 86.5854 90.222
20 18 1 37.0499 42.1792
20 19 0 79.3217 89.843
20 21 1 40.3649 60.4496
20 22 0 8.18005 9.37516
20 23 1 52.2426 73.964
20 24 0 41.135 58.7551
20 25 0 11.9849 13.0867
20 26 0 88.1349 90.9625
20 27 0 39.3804 46.9495
20 28 0 15.8464 21.6448
20 29 0 83.8209 102.328
20 30 1 66.2207 81.7709
20 31 1 9.78693 10.6955
20 32 0 75.1082 112.066
20 33 0 39.1486 52.4809
20 34 1 5.82193 7.96546
20 35 0 77.3865 91.8919
20 36 1 22.7586 32.1459
20 37 0 94.0446 138.125
20 38 1 71.5999 76.7331
20 39 0 49.1055 68.1757
20 40 1 33.4193 47.4015
21 1 1 84.4309 88.0516
21 2 0 40.7163 47.2152
21 3 0 77.5376 106.23
21 4 1 10.0255 13.849
21 5 1 93.1471 118.191
21 6 0 33.3183 44.4775
21 7 0 38.4951 46.4243
21 8 0 3.83224 5.69035
21 9 0 8.43161 9.73531
21 10 0 29.7587 36.8013
21 11 0 69.3611 85.0372
21 12 1 31.0535 41.2733
21 13 0 48.9693 68.3832
21 14 0 15.5732 20.3015
21 15 0 70.312 84.8444
21 16 0 27.4974 31.032
21 17 0 53.8609 70.0298
21 18 0 84.9635 117.38
21 19 1 87.1509 89.1663
21 20 0 66.1116 73.9285
21 22 1 48.4986 59.4201
21 23 0 16.734 24.3447
21 24 1 49.1308 60.8181
21 25 1 77.4962 112.479
21 26 0 24.1216 30.1198
21 27 1 98.5456 144.08
21 28 0 29.7954 40.285
21 29 1 74.1106 108.186
21 30 1 78.0602 110.748
21 31 0 83.9395 111.548
21 32 0 41.2643 57.9979
21 33 0 44.6435 48.9529
21 34 0 72.1271 80.3435
21 35 0 66.8152 87.5165
21 36 1 47.3418 67.5479
21 37 1 82.8633 106.741
21 38 0 30.0735 31.9692
21 39 0 61.4665 66.4449
21 40 1 85.8349 86.6273
22 1 0 36.8803 53.2983
22 2 0 19.3345 26.6775
22 3 0 33.741 48.7018
22 4 0 81.3613 118.905
22 5 1 62.4786 89.2673
22 6 0 86.7146 87.4311
22 7 0 11.5359 15.289
22 8 0 11.9547 15.4681
22 9 0 11.4956 15.7879
22 10 1 6.68841 6.76304
22 11 0 72.2645 80.2564
22 12 1 57.4359 61.7186
22 13 1 29.7373 31.3248
22 14 0 78.1809 114.81
22 15 1 55.1288 79.577
22 16 1 49.3048 71.6982
22 17 1 86.8544 119.138
22 18 1 80.9491 86.9607
22 19 0 71.6147 102.602
22 20 0 75.6682 110.401
22 21 1 63.4039 79.084
22 23 1 70.8964 87.1592
22 24 0 8.71703 9.24287
22 25 0 19.5438 25.7555
22 26 0 68.5542 84.2592
22 27 0 24.4176 35.8283
22 28 1 46.3085 59.2908
22 29 0 79.1074 93.025
22 30 0 98.0252 123.385
22 31 0 56.0458 73.1123
22 32 0 28.4747 34.2503
22 33 0 93.15 107.209
22 34 0 23.0667 33.2879
22 35 0 39.4666 45.299
22 36 0 40.1013 44.5805
22 37 1 95.3909 135.12
22 38 0 55.9964 71.4326
22 39 0 28.1919 37.7829
22 40 1 21.1692 23.2506
23 1 0 80.8242 117.01
23 2 1 93.5582 120.783
23 3 0 90.1651 116.761
23 4 0 43.9404 48.5104
23 5 0 15.6181 18.2609
23 6 1 48.9246 64.9058
23 7 1 74.6554 110.175
23 8 0 73.1655 79.8273
23 9 0 81.1663 90.8755
23 10 0 26.0025 36.8608
23 11 0 55.0336 75.3128
23 12 1 51.8476 75.3952
23 13 0 54.6485 56.846
23 14 1 59.2738 85.8365
23 15 0 92.3302 137.144
23 16 0 23.327 32.6976
23 17 0 4.6942 6.91867
23 18 0 81.9999 116.571
23 19 1 18.7474 19.1607
23 20 1 78.6686 102.714
23 21 0 58.2024 65.8895
23 22 1 86.2289 88.1396
23 24 1 90.8978 132.461
23 25 0 49.2691 51.7711
23 26 0 45.6763 53.226
23 27 1 55.2805 58.2813
23 28 0 56.7255 59.3469
23 29 0 70.9647 106.004
23 30 0 7.55378 10.9797
23 31 0 56.3623 60.3917
23 32 0 92.5824 114.111
23 33 1 12.2051 16.5583
23 34 0 12.139 17.8607
23 35 1 45.9802 47.5329
23 36 0 25.6497 34.0665
23 37 0 7.7265 10.7465
23 38 1 91.4519 107.305
23 39 1 51.1183 67.3895
23 40 0 14.2831 19.2881
24 1 1 99.9313 100.715
24 2 1 32.03 37.1172
24 3 1 82.1986 98.5601
24 4 1 91.5573 117.292
24 5 0 88.0397 102.638
24 6 0 56.3965 76.8854
24 7 0 31.5078 33.3179
24 8 1 25.4006 35.4883
24 9 0 24.1978 29.6709
24 10 1 64.9877 84.5204
24 11 1 28.5682 42.4133
24 12 1 2.1989 2.52715
24 13 1 55.6388 69.1518
24 14 0 93.8176 115.591
24 15 0 25.4865 35.8997
24 16 0 61.233 65.4916
24 17 0 87.867 129.138
24 18 0 14.9128 20.6036
24 19 0 5.11149 5.707
24 20 0 48.2175 58.7823
24 21 1 31.4408 42.4154
24 22 1 86.2058 93.2533
24 23 0 3.50343 4.95262
24 25 1 82.93 120.94
24 26 0 7.17025 10.3183
24 27 1 91.6099 106.441
24 28 0 10.3478 14.9628
24 29 0 89.2591 114.875
24 30 1 77.6086 78.1489
24 31 1 7.07018 7.08632
24 32 0 67.9664 92.1225
24 33 1 13.1278 17.2406
24 34 1 68.3376 77.948
24 35 0 20.7985 24.4422
24 36 0 56.9421 82.9472
24 37 0 39.5006 42.4661
24 38 1 35.6176 45.2127
24 39 0 83.9988 87.8744
24 40 0 70.4271 83.9416
25 1 1 32.6942 48.9004
25 2 1 86.5992 95.6635
25 3 1 72.7517 73.3796
25 4 1 62.0609 87.2852
25 5 1 58.8194 77.926
25 6 1 9.45796 11.6525
25 7 0 72.2152 74.279
25 8 1 33.1078 34.2171
25 9 0 42.1646 54.7399
25 10 0 45.9855 67.2206
25 11 1 77.3204 81.1788
25 12 1 76.2711 95.2643
25 13 0 34.0256 48.7352
25 14 1 47.3509 53.0807
25 15 0 33.3782 49.1667
25 16 1 23.69 27.7775
25 17 0 42.5289 45.8047
25 18 0 26.0987 31.1556
25 19 0 83.5223 87.8596
25 20 0 3.37415 3.86821
25 21 0 38.0462 46.2478
25 22 1 59.9608 60.3979
25 23 0 43.0475 63.8928
25 24 1 3.01657 4.4864
25 26 1 61.042 63.9958
25 27 0 47.8223 49.4605
25 28 0 58.2949 80.2724
25 29 0 99.0719 137.358
25 30 0 8.81332 11.2685
25 31 0 88.3692 117.576
25 32 1 21.0553 24.1618
25 33 0 30.8984 37.9198
25 34 1 42.8265 46.0593
25 35 0 49.3702 53.2334
25 36 0 18.6522 18.6978
25 37 0 4.10293 6.07373
25 38 1 11.9311 12.8584
25 39 0 1.8778 2.26687
25 40 0 64.609 80.8294
26 1 1 82.9799 102.757
26 2 0 40.4184 60.0391
26 3 0 26.1289 31.4992
26 4 1 99.4431 118.974
26 5 0 61.6228 70.9468
26 6 1 76.9571 99.0899
26 7 0 68.4253 88.7035
26 8 0 34.3506 42.0645
26 9 1 62.4927 73.3192
26 10 0 74.4624 93.4649
26 11 0 60.1682 89.719
26 12 1 23.7266 29.8076
26 13 0 14.268 16.1367
26 14 0 60.1615 73.5044
26 15 1 72.5368 86.4896
26 16 1 72.8668 95.1666
26 17 0 85.6922 115.274
26 18 0 83.5174 92.0407
26 19 1 30.2869 40.3711
26 20 0 48.8807 61.2842
26 21 0 69.6741 88.6047
26 22 0 9.30816 11.8617
26 23 0 94.6283 97.8764
26 24 1 70.666 82.0741
26 25 1 69.6671 86.7659
26 27 1 19.649 21.4345
26 28 0 95.475 123.546
26 29 1 21.2891 26.4112
26 30 0 23.5328 31.2585
26 31 0 26.6777 33.9666
26 32 0 38.6734 53.9916
26 33 0 32.4709 42.9682
26 34 0 84.0557 84.7788
26 35 0 41.5277 43.1592
26 36 0 37.8098 43.879
26 37 1 74.9979 93.4621
26 38 1 28.055 39.5503
26 39 0 46.3304 51.6052
26 40 0 41.3419 55.3111
27 1 1 7.49657 11.234
27 2 1 95.5329 116.662
27 3 0 16.1831 19.7162
27 4 0 12.9363 13.7228
27 5 0 71.546 92.8675
27 6 0 93.0646 126.046
27 7 0 11.0176 14.7012
27 8 0 40.8879 48.1277
27 9 1 54.7977 76.5353
27 10 1 30.075 40.6269
27 11 0 56.7782 69.0262
27 12 1 87.7885 115.885
27 13 1 17.302 22.3261
27 14 0 43.6546 56.4817
27 15 0 30.2066 33.013
27 16 0 99.0976 132.551
27 17 0 83.3269 86.2617
27 18 0 72.8986 104.356
27 19 0 39.9366 52.0999
27 20 0 94.8795 135.222
27 21 1 20.9522 28.137
27 22 0 89.0556 107.542
27 23 0 14.1543 20.651
27 24 0 2.90825 3.93032
27 25 0 3.6936 4.27092
27 26 0 36.9324 39.4709
27 28 1 72.9747 101.043
27 29 0 63.841 67.0005
27 30 0 78.2609 113.123
27 31 1 57.9087 60.6592
27 32 0 32.9573 37.422
27 33 1 89.7467 90.1804
27 34 1 64.5566 82.839
27 35 0 52.0188 76.4767
27 36 1 42.3556 54.0868
27 37 0 58.8251 64.5174
27 38 0 71.4247 87.647
27 39 1 78.9208 116.622
27 40 1 80.6968 116.18
28 1 0 48.7849 65.6446
28 2 0 72.0456 102.326
28 3 0 68.546 70.0488
28 4 0 54.7441 65.5495
28 5 0 82.9356 107.011
28 6 0 4.70422 6.43578
28 7 0 0.174014 0.210684
28 8 0 86.0951 101.568
28 9 0 21.1127 30.6363
28 10 0 62.097 91.8343
28 11 0 24.357 34.487
28 12 0 57.9429 78.4994
28 13 1 58.4439 65.033
28 14 0 17.5289 25.9749
28 15 1 90.7395 106.384
28 16 1 22.521 27.7573
28 17 1 90.2968 110.486
28 18 0 56.8677 80.6983
28 19 0 7.99455 9.1364
28 20 1 85.2871 88.6653
28 21 0 30.8038 38.5471
28 22 0 73.8855 76.8223
28 23 1 92.5541 101.271
28 24 0 76.5717 104.569
28 25 1 89.6623 132.547
28 26 1 19.6046 24.415
28 27 0 18.937 22.604
28 29 1 5.42424 7.60922
28 30 0 2.75587 3.32686
28 31 0 17.8456 19.7757
28 32 0 64.4598 77.0798
28 33 0 75.927 86.3319
28 34 1 35.5049 38.2525
28 35 0 24.6578 34.9288
28 36 0 40.044 48.5026
28 37 0 76.0469 95.9836
28 38 1 84.0573 123.811
28 39 0 62.8966 65.4936
28 40 0 46.3845 52.2897
29 1 0 91.0546 114.894
29 2 1 52.4445 61.3999
29 3 0 88.6149 124.188
29 4 0 30.8117 38.5651
29 5 0 67.0184 71.2571
29 6 1 56.7602 75.3289
29 7 1 94.0707 119.583
29 8 0 21.0782 25.5283
29 9 0 67.5962 81.3759
29 10 0 53.1414 67.3622
29 11 0 68.0944 89.1413
29 12 0 13.0751 17.6434
29 13 0 3.09312 3.12139
29 14 0 0.451664 0.515593
29 15 0 29.5399 34.536
29 16 0 21.286 31.5964
29 17 0 89.5111 126.88
29 18 1 91.1597 117.212
29 19 0 41.9434 45.8115
29 20 0 65.143 78.9073
29 21 0 6.89213 7.60709
29 22 0 47.0281 55.218
29 23 1 48.408 69.8683
29 24 0 33.6898 42.6593
29 25 0 34.3581 50.8554
29 26 1 96.8759 139.889
29 27 1 93.5922 96.0569
29 28 0 73.7787 84.8821
29 30 1 20.9135 21.6274
29 31 1 36.2322 49.8504
29 32 1 51.068 62.639
29 33 1 43.1065 52.4156
29 34 0 98.5831 133.889
29 35 0 64.8205 91.6241
29 36 0 86.8424 126.299
29 37 0 0.47998 0.702304
29 38 1 76.3074 98.3301
29 39 0 89.1772 115.853
29 40 0 54.8922 56.3094
30 1 0 53.4379 70.6949
30 2 0 89.7732 97.4959
30 3 0 86.9572 125.305
30 4 0 47.0675 65.3331
30 5 1 24.1088 35.8635
30 6 1 0.129692 0.184799
30 7 1 62.7638 74.2533
30 8 0 38.5225 49.058
30 9 0 79.7299 88.5172
30 10 0 28.0924 31.7007
30 11 1 14.7671 16.021
30 12 1 86.1087 114.572
30 13 0 67.0867 79.8565
30 14 0 30.546 43.305
30 15 1 98.4135 109.778
30 16 0 13.2825 13.4791
30 17 1 86.8949 111.183
30 18 0 42.8601 43.4747
30 19 1 40.8528 55.6043
30 20 0 91.0861 134.92
30 21 1 38.2308 51.9526
30 22 0 95.2983 103.209
30 23 0 73.201 75.4256
30 24 0 45.7184 59.352
30 25 0 36.0589 48.8948
30 26 0 42.5537 58.9475
30 27 0 83.476 85.1298
30 28 0 93.8899 98.8974
30 29 0 72.8512 99.2339
30 31 1 60.7743 87.9562
30 32 0 74.5814 110.601
30 33 0 9.58389 12.3326
30 34 0 11.0746 14.1501
30 35 1 40.3879 53.3032
30 36 0 40.5113 60.2266
30 37 0 38.5211 56.5244
30 38 0 24.1112 26.4156
30 39 0 76.9993 88.9053
30 40 0 70.8804 76.2478
31 1 1 66.8917 90.8132
31 2 1 50.0243 72.8201
31 3 0 0.180928 0.196503
31 4 0 27.0811 38.0525
31 5 0 48.6516 68.2063
31 6 1 25.5535 30.2109
31 7 0 13.3359 16.417
31 8 0 37.3997 41.1426
31 9 0 28.6865 36.5239
31 10 0 57.5969 57.6704
31 11 0 47.1038 50.3565
31 12 1 35.7969 44.5877
31 13 0 7.74511 11.2986
31 14 0 76.3653 103.506
31 15 1 74.3902 101.214
31 16 0 67.9205 88.9099
31 17 0 66.8606 91.696
31 18 0 67.5394 97.6568
31 19 0 34.2182 49.3438
31 20 1 93.6494 113.446
31 21 1 81.2602 81.9713
31 22 1 13.7877 15.8076
31 23 0 99.5007 133.526
31 24 0 31.4296 40.2153
31 25 0 27.1497 39.1579
31 26 0 38.7874 48.9797
31 27 1 36.1236 47.1205
31 28 0 27.4867 31.3686
31 29 0 96.4349 131.511
31 30 0 29.28 33.6688
31 32 1 69.7785 89.2567
31 33 0 76.9124 85.962
31 34 0 22.8101 23.2171
31 35 0 29.3493 30.5764
31 36 0 0.981408 1.03925
31 37 1 21.0991 25.5398
31 38 0 1.75775 2.55594
31 39 0 9.65191 12.3106
31 40 1 98.6755 103.213
32 1 0 34.1857 46.1292
32 2 0 59.7071 64.6858
32 3 0 71.153 98.6315
32 4 0 12.4732 17.1209
32 5 0 31.0551 33.3256
32 6 0 27.1321 38.7425
32 7 0 2.15902 3.15737
32 8 1 21.8618 29.0288
32 9 0 19.6241 28.5923
32 10 1 67.7762 78.8878
32 11 0 4.79724 5.01044
32 12 1 51.3715 61.0417
32 13 1 25.7048 30.3921
32 14 1 56.3049 69.2003
32 15 1 34.9837 44.6187
32 16 1 34.4977 48.0492
32 17 0 22.493 27.5642
32 18 0 87.8162 121.756
32 19 0 16.9731 24.0528
32 20 0 91.1196 118.393
32 21 0 4.53698 5.02398
32 22 0 71.3676 98.739
32 23 1 98.1496 127.98
32 24 0 42.6289 45.0965
32 25 0 33.6773 46.0493
32 26 0 64.6287 93.5473
32 27 1 51.6032 53.3068
32 28 0 74.6989 106.297
32 29 0 94.5209 96.628
32 30 0 86.6723 122.365
32 31 0 75.9381 86.0841
32 33 1 39.0889 52.793
32 34 0 80.6173 100.347
32 35 0 78.9997 84.2701
32 36 0 14.1824 20.2543
32 37 0 21.4336 30.923
32 38 1 15.3412 16.278
32 39 1 55.9468 59.6645
32 40 0 17.9459 18.0028
33 1 0 39.7267 42.3288
33 2 0 30.8094 33.3193
33 3 1 53.8619 68.8277
33 4 0 53.9656 64.7891
33 5 0 19.6758 20.8252
33 6 1 97.9044 115.011
33 7 0 96.4585 129.63
33 8 1 77.3515 93.1593
33 9 0 82.0271 96.5574
33 10 0 53.0209 61.6266
33 11 0 68.7491 95.2941
33 12 1 38.9464 54.1546
33 13 0 87.8753 121.693
33 14 0 17.2095 18.1074
33 15 0 0.142076 0.17401
33 16 0 16.6876 21.0571
33 17 1 72.1834 98.7646
33 18 0 65.8224 88.283
33 19 0 38.2555 45.6283
33 20 1 59.3827 83.4482
33 21 1 14.7497 19.8698
33 22 0 78.7204 110.834
33 23 0 63.1556 89.0742
33 24 1 6.56683 7.32225
33 25 1 69.7045 93.456
33 26 1 66.365 87.2991
33 27 0 65.8814 94.0932
33 28 0 42.3857 54.5359
33 29 1 77.6091 105.368
33 30 0 69.8507 98.4697
33 31 1 33.7623 47.8176
33 32 0 75.6474 98.3263
33 34 1 76.7454 95.0213
33 35 0 99.9755 123.591
33 36 0 49.0875 53.9145
33 37 0 70.2878 96.0216
33 38 0 37.9849 42.6662
33 39 1 68.9055 89.6497
33 40 1 75.9493 84.7983
34 1 0 26.9051 32.771
34 2 0 64.2847 84.2366
34 3 0 43.1861 56.3514
34 4 1 60.4787 78.6125
34 5 0 94.4572 130.271
34 6 0 13.4926 19.0128
34 7 0 42.7173 50.9703
34 8 0 13.3032 14.2369
34 9 0 28.0773 31.1891
34 10 0 45.0456 50.706
34 11 0 69.0206 100.725
34 12 0 48.9657 54.1716
34 13 0 63.0913 75.1855
34 14 0 80.6458 111.603
34 15 0 49.8865 68.7722
34 16 0 18.9862 25.1926
34 17 0 93.8448 136.833
34 18 0 86.8762 109.228
34 19 0 45.9262 50.203
34 20 0 12.8971 15.5949
34 21 0 7.05398 10.3417
34 22 0 29.335 32.3791
34 23 0 21.0043 24.9229
34 24 1 12.4928 16.7978
34 25 0 0.461347 0.519178
34 26 1 87.0065 116.104
34 27 1 78.0277 100.444
34 28 0 66.6059 84.2516
34 29 0 88.0661 92.0394
34 30 0 45.2771 61.5995
34 31 0 10.7434 13.8748
34 32 0 92.1594 105.959
34 33 1 85.894 112.438
34 35 1 44.4822 59.6969
34 36 1 14.8414 19.7261
34 37 0 63.9465 65.7405
34 38 0 1.47179 1.54884
34 39 0 22.8862 27.8481
34 40 1 67.6633 95.8854
35 1 1 86.9184 102.314
35 2 0 30.5914 44.105
35 3 0 64.1329 84.212
35 4 0 6.18456 6.60354
35 5 0 20.6085 24.6894
35 6 0 82.3759 89.0408
35 7 0 80.9177 103.442
35 8 0 36.3803 43.8598
35 9 0 30.0726 36.2667
35 10 0 78.4338 91.9902
35 11 1 11.1527 16.3139
35 12 0 39.1461 44.1277
35 13 0 80.2909 106.164
35 14 1 69.2479 87.2301
35 15 0 62.2966 64.2185
35 16 0 86.7309 114.757
35 17 0 56.3383 59.0046
35 18 0 33.6064 47.3927
35 19 1 11.4357 14.4377
35 20 1 49.8573 71.116
35 21 1 49.9804 69.1725
35 22 0 55.7376 60.384
35 23 0 90.6107 119.178
35 24 1 38.354 39.6799
35 25 1 51.1274 51.3609
35 26 0 84.5861 99.5139
35 27 0 88.2716 123.013
35 28 0 32.7021 36.6771
35 29 0 81.7649 88.9131
35 30 0 25.8768 29.6265
35 31 0 56.2035 74.1061
35 32 0 83.8004 122.125
35 33 1 67.0122 85.7805
35 34 0 36.5238 49.337
35 36 1 94.9549 103.37
35 37 0 67.2683 78.6572
35 38 0 81.4367 94.1141
35 39 0 76.8657 77.5797
35 40 1 92.4785 113.833
36 1 0 27.8712 38.8129
36 2 1 74.5929 80.8923
36 3 0 72.438 91.3513
36 4 0 1.24933 1.74485
36 5 0 43.9683 54.0408
36 6 0 20.1995 21.1685
36 7 0 56.6803 58.6501
36 8 0 80.4118 109.414
36 9 1 98.6727 123.681
36 10 0 93.9111 131.942
36 11 0 74.8315 96.4781
36 12 0 97.449 113.625
36 13 0 99.5148 122.986
36 14 0 78.2643 93.9325
36 15 0 21.967 26.7282
36 16 1 75.084 104.776
36 17 1 85.2914 121.181
36 18 0 41.377 49.9561
36 19 0 17.8244 20.7281
36 20 0 19.0678 24.645
36 21 1 0.62882 0.735068
36 22 0 26.1099 38.2988
36 23 0 34.0514 49.4725
36 24 1 12.0049 16.9179
36 25 0 23.3924 30.7098
36 26 1 35.3175 39.4129
36 27 0 6.28416 8.5596
36 28 0 48.2516 50.0983
36 29 1 81.6912 84.1071
36 30 1 48.7883 66.1852
36 31 0 2.83098 3.84924
36 32 0 13.6162 16.079
36 33 0 93.6459 98.0537
36 34 0 92.3326 97.6177
36 35 0 5.52151 8.17682
36 37 1 96.7243 133.484
36 38 1 44.852 58.4572
36 39 0 28.3335 30.0881
36 40 1 95.4108 98.9209
37 1 0 90.622 133.776
37 2 0 22.7055 29.8603
37 3 0 78.273 86.3442
37 4 1 90.4347 119.609
37 5 0 6.64558 9.42967
37 6 0 19.9145 22.1476
37 7 1 45.3867 48.9072
37 8 0 84.5671 119.425
37 9 1 87.3543 121.023
37 10 1 25.8333 37.627
37 11 1 47.5663 62.0722
37 12 1 15.4926 21.7278
37 13 0 78.4557 112.412
37 14 1 44.7895 49.4726
37 15 0 90.3032 100.18
37 16 0 77.9169 84.1938
37 17 1 81.7985 101.602
37 18 0 80.2413 115.868
37 19 0 64.4087 95.4446
37 20 1 37.2118 44.414
37 21 0 34.3321 43.8924
37 22 1 46.2242 47.5055
37 23 0 16.2878 22.255
37 24 0 46.9501 52.8109
37 25 1 60.5573 84.2528
37 26 0 37.1564 42.0175
37 27 0 66.3505 79.2738
37 28 0 93.6425 101.987
37 29 0 99.9714 133.892
37 30 1 88.8196 89.6721
37 31 0 48.526 57.4535
37 32 0 22.2516 23.1035
37 33 0 92.2797 129.361
37 34 0 84.2934 91.3026
37 35 0 21.1896 27.7439
37 36 0 55.2502 62.892
37 38 1 40.8341 48.1663
37 39 0 63.521 93.8479
37 40 0 43.9678 65.0873
38 1 1 76.3593 82.3606
38 2 1 75.8625 84.7467
38 3 0 86.0679 117.959
38 4 1 80.522 87.9785
38 5 1 32.971 41.1183
38 6 0 53.5061 63.8786
38 7 1 1.55875 1.87262
38 8 0 84.0887 109.111
38 9 0 97.8656 122.493
38 10 0 19.56 24.2105
38 11 0 99.06 138.749
38 12 1 53.4206 73.5216
38 13 0 25.1939 34.5706
38 14 0 33.1505 47.74
38 15 0 23.9439 27.7761
38 16 1 75.6275 109.967
38 17 1 42.6554 53.0982
38 18 0 26.8872 38.5014
38 19 0 11.2148 14.8104
38 20 0 89.7827 110.287
38 21 0 45.4425 57.9936
38 22 1 50.7935 62.1991
38 23 0 48.8155 62.4588
38 24 0 52.5183 70.3437
38 25 1 17.3101 20.78
38 26 0 70.7516 87.5183
38 27 0 91.5058 125.675
38 28 1 72.1093 105.476
38 29 1 27.7609 38.7258
38 30 1 95.0239 140.509
38 31 1 10.7102 15.2125
38 32 0 67.3657 90.1177
38 33 0 80.7392 116.961
38 34 1 95.069 101.682
38 35 0 67.9921 97.0884
38 36 0 95.2704 141.453
38 37 0 85.0292 106.184
38 39 1 43.9754 56.4403
38 40 0 64.4682 64.5025
39 1 0 92.5121 97.3476
39 2 1 55.944 69.6526
39 3 0 10.8771 12.6677
39 4 1 2.03366 2.31056
39 5 0 33.2069 46.1546
39 6 1 87.6617 124.641
39 7 0 14.5989 21.3447
39 8 0 86.1822 100.185
39 9 0 87.1483 106.99
39 10 0 9.78796 10.0017
39 11 0 38.7072 57.7455
39 12 0 23.7668 32.1124
39 13 0 29.7112 42.3661
39 14 1 19.7543 28.7703
39 15 0 39.9975 50.5327
39 16 0 51.2696 61.7905
39 17 1 67.8715 77.0201
39 18 0 85.0497 92.3755
39 19 0 6.23795 7.85725
39 20 0 18.7033 20.1254
39 21 1 15.9331 19.5096
39 22 0 58.429 67.1849
39 23 0 68.5858 75.3117
39 24 0 58.2327 84.5056
39 25 0 99.8777 133.146
39 26 0 37.8004 42.7559
39 27 0 24.8753 27.4957
39 28 1 88.5077 115.72
39 29 0 87.6174 124.087
39 30 0 95.256 134.237
39 31 0 30.5698 40.9186
39 32 0 49.5722 66.5158
39 33 0 31.4731 43.2023
39 34 1 61.2 69.2862
39 35 0 81.9515 88.3735
39 36 1 9.02323 13.1298
39 37 0 49.441 52.5844
39 38 1 62.642 79.2537
39 40 1 58.3571 61.0101
40 1 1 67.8152 81.3576
40 2 1 45.0091 50.6117
40 3 0 79.7878 86.9369
40 4 1 9.72125 14.3169
40 5 0 41.1942 53.8315
40 6 1 96.3703 103.388
40 7 0 94.1195 114.673
40 8 0 77.4008 109.615
40 9 1 56.4465 66.2277
40 10 0 66.4614 85.4408
40 11 0 17.359 20.1255
40 12 0 15.4876 21.7406
40 13 0 85.4947 108.224
40 14 0 16.8569 17.6427
40 15 0 25.6734 37.6137
40 16 1 30.4794 42.8388
40 17 1 8.61918 12.2169
40 18 1 7.59411 9.88599
40 19 0 92.1433 97.8482
40 20 1 48.2884 49.7757
40 21 0 34.1399 38.3199
40 22 0 24.0579 30.6362
40 23 0 68.0011 90.6337
40 24 0 32.488 33.0699
40 25 0 37.8794 44.611
40 26 0 96.5055 125.09
40 27 0 74.9086 84.9246
40 28 1 51.5339 52.9259
40 29 0 79.1729 100.464
40 30 1 80.4745 113.365
40 31 1 66.6544 90.676
40 32 1 32.8029 34.0374
40 33 1 18.463 24.2734
40 34 0 2.78508 3.70191
40 35 0 52.2914 61.1703
40 36 0 71.4623 90.0046
40 37 0 87.1515 107.954
40 38 0 1.67209 1.9167
40 39 0 80.587 80.9745
9.58411 7.40048 22.8799 15.9417 10.3512 18.1705 35.8455 8.18722 9.77833 6.44803 11.9627 39.8821 9.9905 35.8616 20.4182 29.6285 14.0604 32.6238 35.3589 32.0902 15.0653 29.4374 15.1259 6.69178 5.55905 11.596 30.9621 21.3333 12.5216 15.2505 39.4063 19.2425 12.3461 19.4054 11.92 20.2437 19.8307 35.4008 8.32901 8.77943 