40
300
5
100
1 2 1 32.4103 36.7355
1 3 0 43.5756 65.1811
1 4 0 99.1991 109.35
1 5 0 6.74841 7.14368
1 6 0 10.0734 15.0929
1 7 1 56.2553 59.1254
1 8 1 22.3128 23.2737
1 9 1 74.2224 94.6233
1 10 1 45.1527 45.3108
1 11 0 37.1974 47.4169
1 12 0 28.6336 35.1687
1 13 0 81.3149 103.815
1 14 0 74.8055 86.3235
1 15 0 49.0979 69.04
1 16 0 64.1527 93.5111
1 17 0 0.627681 0.935121
1 18 0 43.5667 56.4033
1 19 0 3.16927 3.76244
1 20 0 14.3635 19.7225
1 21 0 60.1299 81.5432
1 22 0 27.9221 35.555
1 23 0 11.4595 12.2997
1 24 0 98.8705 101.603
1 25 0 65.9913 72.1353
1 26 0 61.3966 88.2027
1 27 0 82.0675 108.615
1 28 0 68.1755 97.9229
1 29 1 99.8942 125.75
1 30 0 21.4077 26.1638
1 31 0 38.9019 51.3895
1 32 0 3.51977 3.99569
1 33 0 11.4823 13.3252
1 34 0 95.6519 128.46
1 35 1 49.4394 70.7099
1 36 0 89.0133 89.9521
1 37 0 11.2417 15.8911
1 38 1 93.5239 126.216
1 39 1 41.3584 60.7734
1 40 0 90.225 122.574
2 1 0 57.7971 70.4782
2 3 1 36.423 46.2646
2 4 0 63.3083 79.3739
2 5 0 46.371 58.0773
2 6 1 87.8719 101.63
2 7 0 34.3735 48.0887
2 8 0 86.6546 117.715
2 9 0 1.25749 1.34821
2 10 0 56.94 61.3541
2 11 1 14.8131 15.1171
2 12 0 82.2266 117.159
2 13 0 52.622 52.7167
2 14 0 59.3775 73.9938
2 15 0 22.6128 33.1977
2 16 0 4.5903 5.97635
2 17 0 54.7506 81.3431
2 18 0 38.5392 53.6842
2 19 0 43.2828 51.2369
2 20 0 90.7261 122.459
2 21 0 75.5811 86.7248
2 22 0 19.655 26.1756
2 23 0 81.7423 88.33
2 24 0 52.5932 64.6134
2 25 1 34.2564 36.7244
2 26 0 68.7684 94.503
2 27 1 20.6089 22.1036
2 28 0 62.9002 92.9567
2 29 0 85.516 92.8458
2 30 0 90.8633 116.564
2 31 0 37.4141 46.4039
2 32 0 23.4358 31.3138
2 33 0 33.1442 45.9098
2 34 0 11.0654 15.9436
2 35 0 95.3041 107.656
2 36 0 55.9231 70.6514
2 37 0 95.9121 102.009
2 38 1 22.3893 27.9547
2 39 0 39.5959 42.8201
2 40 0 95.2517 106.133
3 1 0 69.6112 83.9814
3 2 0 76.1868 82.8935
3 4 1 71.8801 87.0616
3 5 0 25.0722 32.9906
3 6 0 7.78221 9.23626
3 7 0 16.5109 17.7205
3 8 0 64.1175 64.5818
3 9 0 88.5989 113.061
3 10 0 33.2343 44.231
3 11 1 87.8034 93.0532
3 12 0 53.383 56.4784
3 13 0 96.3569 109.444
3 14 0 60.9636 71.9659
3 15 0 47.6607 53.7175
3 16 0 0.0688878 0.0774084
3 17 0 38.9997 44.1135
3 18 1 96.7907 123.606
3 19 0 41.8138 43.1983
3 20 0 95.0222 99.8461
3 21 0 58.1583 69.09
3 22 0 68.365 68.9034
3 23 0 17.8767 24.5033
3 24 0 39.7487 44.5881
3 25 0 96.2431 126.239
3 26 1 95.4982 107.672
3 27 0 98.9412 113.175
3 28 0 54.2799 80.4958
3 29 0 43.6629 57.0164
3 30 0 65.764 77.5454
3 31 0 94.1338 123.974
3 32 0 4.35071 5.42891
3 33 0 54.6258 65.1512
3 34 0 6.95834 8.77222
3 35 0 11.563 14.0102
3 36 0 12.0439 16.7564
3 37 0 17.7059 19.6602
3 38 0 7.09725 8.79489
3 39 0 16.9821 22.5201
3 40 0 76.9855 107.494
4 1 1 34.6762 36.7528
4 2 1 61.5362 90.557
4 3 0 64.1999 95.4511
4 5 1 94.1642 108.704
4 6 0 78.8925 117.707
4 7 1 95.9578 111.912
4 8 0 85.8558 115.477
4 9 0 81.8211 102.93
4 10 0 63.2553 75.2465
4 11 0 14.1549 20.4177
4 12 0 9.98111 13.9077
4 13 0 83.4401 92.3784
4 14 0 50.4507 74.2608
4 15 0 31.2555 38.4025
4 16 0 8.41966 11.5725
4 17 1 94.735 109.454
4 18 0 42.6121 58.978
4 19 1 48.8066 68.0123
4 20 0 8.02148 11.3881
4 21 0 78.5472 93.008
4 22 0 77.619 111.824
4 23 0 86.7351 88.5848
4 24 0 81.124 83.3892
4 25 0 83.103 92.1799
4 26 0 13.0516 19.4336
4 27 0 20.4875 20.5684
4 28 0 2.94865 3.55158
4 29 0 17.076 18.3755
4 30 0 10.3639 14.212
4 31 0 33.6237 49.2896
4 32 0 68.613 81.3833
4 33 0 92.5852 123.653
4 34 1 68.0289 68.3087
4 35 1 72.3556 95.6981
4 36 0 58.0172 61.4178
4 37 0 38.4836 53.7269
4 38 0 83.4235 101.375
4 39 0 55.8027 60.4157
4 40 1 1.11179 1.14984
5 1 0 83.4239 113.33
5 2 0 47.1672 56.6372
5 3 0 80.2122 90.5544
5 4 1 51.0297 72.5701
5 6 1 91.8491 93.2322
5 7 0 80.4489 87.6834
5 8 0 0.869199 1.23798
5 9 0 54.831 77.9577
5 10 0 39.6237 40.6194
5 11 0 7.47588 9.28845
5 12 0 26.2976 28.1925
5 13 0 95.8596 132.335
5 14 0 43.0759 46.2404
5 15 1 77.062 110.341
5 16 1 12.1866 12.3345
5 17 1 29.8546 37.1685
5 18 1 23.1016 28.9879
5 19 0 55.4529 79.3079
5 20 0 24.6714 33.5138
5 21 0 1.47323 1.49536
5 22 0 77.1717 97.5831
5 23 0 73.4131 94.2772
5 24 0 9.15641 12.5997
5 25 0 2.83748 2.98619
5 26 0 64.3282 69.2863
5 27 0 24.2768 31.9307
5 28 0 32.8592 45.7248
5 29 1 66.8931 93.5711
5 30 0 4.95681 5.64831
5 31 1 45.8615 54.6628
5 32 0 67.4382 98.0103
5 33 0 61.1905 78.5321
5 34 0 68.0142 86.6564
5 35 0 13.9039 20.1128
5 36 1 76.169 98.0182
5 37 0 64.6167 73.9279
5 38 1 41.8691 49.7563
5 39 0 87.9737 129.518
5 40 0 9.29634 12.298
6 1 0 20.8006 29.8075
6 2 0 72.6295 77.2991
6 3 0 12.2878 17.4794
6 4 1 53.2687 65.7156
6 5 0 60.6077 76.5231
6 7 1 45.3985 55.6911
6 8 0 84.3645 119.458
6 9 0 27.878 40.1903
6 10 0 89.5373 93.6422
6 11 0 19.5629 27.1939
6 12 1 29.7415 35.2936
6 13 0 86.9044 100.514
6 14 0 20.3755 28.5001
6 15 0 75.364 87.5067
6 16 0 69.6513 75.3949
6 17 0 15.1684 22.3063
6 18 1 24.8747 34.771
6 19 0 94.0869 135.085
6 20 0 53.8578 77.0255
6 21 0 35.8079 40.892
6 22 1 57.3433 84.6759
6 23 0 38.3542 46.7285
6 24 0 52.52 73.5456
6 25 0 8.62964 10.148
6 26 0 93.8079 94.506
6 27 0 25.08 29.6096
6 28 0 7.67043 10.0693
6 29 0 44.1709 47.4304
6 30 0 46.0429 53.4594
6 31 0 85.0012 98.3712
6 32 1 58.4445 76.9682
6 33 0 68.7346 79.7437
6 34 0 78.2724 109.873
6 35 0 62.5321 78.2826
6 36 0 29.3596 36.6133
6 37 0 42.3013 56.3714
6 38 0 47.4219 52.6364
6 39 0 12.1438 18.0384
6 40 0 38.1946 40.9667
7 1 0 22.6649 32.662
7 2 0 41.0618 50.445
7 3 0 21.4651 27.1185
7 4 1 77.2812 92.3027
7 5 0 65.1987 67.33
7 6 0 37.8037 42.6915
7 8 1 98.1103 130.281
7 9 0 22.3244 29.8863
7 10 0 8.23419 9.63042
7 11 0 87.8494 90.9219
7 12 0 16.932 19.3433
7 13 0 5.60063 6.32689
7 14 1 28.2076 28.7816
7 15 0 66.9734 89.0864
7 16 0 52.6749 55.2305
7 17 0 29.8116 30.7587
7 18 0 38.0105 51.6915
7 19 0 6.80075 8.51228
7 20 0 78.7669 90.3013
7 21 0 6.70184 8.77837
7 22 0 81.6693 105.567
7 23 1 42.8159 44.1698
7 24 0 92.0151 116.293
7 25 1 18.4008 24.6208
7 26 0 81.8592 115.48
7 27 0 69.5847 75.7463
7 28 0 94.1576 104.708
7 29 1 81.0784 112.527
7 30 0 16.3742 17.4283
7 31 0 1.99316 2.38316
7 32 1 95.2604 111.588
7 33 1 10.3688 14.8418
7 34 1 50.3968 65.405
7 35 0 67.7409 98.7929
7 36 0 42.3971 43.0071
7 37 1 9.34202 11.9565
7 38 0 1.85456 2.56678
7 39 0 37.1339 41.0227
7 40 0 55.8082 80.6909
8 1 0 19.8224 22.6188
8 2 0 0.261503 0.336801
8 3 1 1.09348 1.3452
8 4 0 21.8623 22.9051
8 5 1 41.5673 59.9464
8 6 0 64.4242 76.3251
8 7 0 69.2692 76.7524
8 9 1 35.2079 51.5842
8 10 0 78.1581 108.344
8 11 1 67.8484 69.8934
8 12 0 52.7259 78.5458
8 13 0 0.758775 0.886006
8 14 0 40.1282 45.5798
8 15 0 34.0145 35.8602
8 16 0 17.7046 25.0631
8 17 0 28.1333 36.3546
8 18 0 21.8144 25.7246
8 19 0 34.3867 38.8378
8 20 0 92.6854 121.604
8 21 0 11.3287 16.7577
8 22 0 54.0371 78.0501
8 23 0 3.70926 5.1916
8 24 0 7.99893 10.5983
8 25 0 77.0037 100.471
8 26 0 39.5174 57.1758
8 27 1 98.3465 126.183
8 28 0 95.0863 106.004
8 29 0 9.98715 14.6272
8 30 1 61.4272 82.9831
8 31 1 23.0397 25.0023
8 32 0 14.9925 21.5252
8 33 1 6.45809 8.53053
8 34 0 61.4994 86.6113
8 35 0 94.8198 120.112
8 36 1 46.1409 59.8196
8 37 0 15.2672 17.6214
8 38 0 56.0786 67.8458
8 39 0 7.41544 8.83603
8 40 0 12.2902 16.1118
9 1 0 90.5453 113.576
9 2 0 35.0498 43.9648
9 3 0 85.9739 120.215
9 4 0 95.9139 106.003
9 5 0 43.7827 44.874
9 6 0 55.6834 78.7696
9 7 0 36.1207 46.1723
9 8 0 15.8414 16.4351
9 10 1 86.4238 91.2327
9 11 0 46.1457 69.1081
9 12 1 68.078 76.83
9 13 0 25.0108 26.228
9 14 1 84.7735 87.9418
9 15 0 90.0617 113.426
9 16 0 7.54542 9.31988
9 17 0 81.0473 110.5
9 18 0 64.1712 67.1525
9 19 1 27.8476 38.7089
9 20 0 78.3137 107.135
9 21 0 41.1676 52.8839
9 22 0 37.8787 53.3726
9 23 0 21.3933 31.8066
9 24 1 15.0405 17.1232
9 25 0 70.5382 91.8594
9 26 0 39.8461 45.2169
9 27 0 78.1063 110.899
9 28 0 21.2305 28.1088
9 29 0 33.2354 39.7329
9 30 0 9.49332 12.0377
9 31 0 62.6232 88.2517
9 32 1 3.98088 4.00459
9 33 0 31.2168 37.1219
9 34 0 42.3582 58.6212
9 35 1 17.3903 22.6955
9 36 0 55.3548 75.1838
9 37 0 47.9735 53.5104
9 38 0 64.369 76.2975
9 39 0 19.8404 25.7216
9 40 0 96.5059 137.836
10 1 0 70.6889 85.0376
10 2 1 79.9908 80.0204
10 3 0 72.0008 72.5127
10 4 0 65.3976 77.2502
10 5 0 58.95 82.3798
10 6 0 24.3204 24.783
10 7 0 36.8035 46.8961
10 8 0 25.1595 34.8123
10 9 1 6.60868 8.10507
10 11 1 40.4716 47.3244
10 12 0 4.77524 5.49661
10 13 0 57.7816 70.9335
10 14 0 98.2071 132.35
10 15 0 57.7346 75.2848
10 16 1 99.0261 107.333
10 17 0 31.7959 41.1889
10 18 0 75.0895 110.333
10 19 1 57.3866 70.19
10 20 0 94.2736 114.29
10 21 0 25.4536 25.8046
10 22 0 16.4153 17.9677
10 23 0 32.3668 39.1721
10 24 0 79.448 83.7479
10 25 0 78.4219 91.4513
10 26 1 20.5518 29.7971
10 27 0 71.9715 106.639
10 28 0 37.5619 53.1939
10 29 0 66.474 84.6281
10 30 1 1.59328 1.67495
10 31 0 9.2996 13.0034
10 32 0 91.9556 123.481
10 33 0 63.5962 88.5825
10 34 0 2.68581 3.67557
10 35 0 67.2565 85.1258
10 36 0 51.8455 76.0781
10 37 0 57.2505 61.812
10 38 0 69.7195 100.553
10 39 0 99.4335 135.169
10 40 1 57.1892 77.1904
11 1 0 18.3749 18.8424
11 2 0 45.0055 45.7206
11 3 0 66.1571 92.1326
11 4 0 68.2013 79.7231
11 5 0 60.1813 76.7631
11 6 1 62.1136 63.5098
11 7 0 33.7757 33.9315
11 8 0 7.24225 8.22572
11 9 1 80.1794 82.9082
11 10 0 13.5538 17.2846
11 12 1 90.1564 100.088
11 13 0 23.7798 24.1313
11 14 0 6.87643 8.74953
11 15 0 12.3616 17.0301
11 16 0 29.0308 43.5382
11 17 0 35.9061 40.8687
11 18 0 72.203 80.811
11 19 1 89.9454 102.9
11 20 0 66.9473 79.0633
11 21 0 66.5636 95.8209
11 22 1 23.2823 33.952
11 23 0 83.6854 108.488
11 24 0 98.9986 131.404
11 25 0 38.6884 42.4713
11 26 0 11.5816 15.2452
11 27 0 33.2918 43.0715
11 28 0 94.8957 103.307
11 29 0 75.7772 89.2895
11 30 0 82.803 100.911
11 31 0 36.304 38.1852
11 32 0 73.6587 79.682
11 33 0 81.4891 113.993
11 34 0 28.4175 29.5599
11 35 0 35.793 43.5489
11 36 0 12.8486 17.8898
11 37 0 54.4728 55.3642
11 38 1 88.536 117.318
11 39 0 86.9354 96.185
11 40 0 19.0213 22.0794
12 1 0 99.4401 112.733
12 2 0 61.1901 73.215
12 3 0 68.614 85.2345
12 4 0 5.86408 6.11382
12 5 0 28.8213 29.4978
12 6 0 72.1895 88.6629
12 7 0 46.922 69.963
12 8 0 24.2196 27.9897
12 9 0 57.627 73.6623
12 10 0 36.477 47.8942
12 11 0 89.6862 117.017
12 13 1 69.4501 86.4126
12 14 0 26.5032 35.5223
12 15 0 86.782 96.1829
12 16 0 15.2302 17.8459
12 17 0 55.3869 55.6617
12 18 0 87.5836 104.43
12 19 0 90.01 108.419
12 20 0 27.9708 41.8037
12 21 0 77.0087 109.039
12 22 0 60.4765 62.4698
12 23 0 51.3124 75.2257
12 24 0 59.8333 76.4803
12 25 0 1.25543 1.84896
12 26 1 10.5116 14.3683
12 27 0 35.9064 49.4409
12 28 1 45.6114 47.0542
12 29 1 48.293 49.6135
12 30 0 92.7968 103.22
12 31 0 74.9205 101.77
12 32 0 29.3623 42.5312
12 33 0 65.9683 93.3152
12 34 0 8.24179 8.99919
12 35 0 0.882566 1.13174
12 36 0 23.076 27.6733
12 37 0 36.1972 39.0577
12 38 0 99.4959 122.144
12 39 0 53.9687 74.2818
12 40 1 72.8106 106.552
13 1 0 90.5157 97.5349
13 2 0 4.71911 5.16255
13 3 1 19.7219 24.7474
13 4 0 73.2941 85.7469
13 5 0 80.925 96.3004
13 6 0 61.0195 85.0631
13 7 0 96.9729 133.341
13 8 0 80.5759 82.8648
13 9 0 4.42348 6.08471
13 10 0 56.2477 81.4442
13 11 0 38.9886 45.4749
13 12 0 21.9097 24.201
13 14 1 96.8228 118.423
13 15 0 6.99473 10.381
13 16 0 70.1387 74.237
13 17 1 86.3793 115.745
13 18 0 84.6501 100.945
13 19 0 1.85997 2.14794
13 20 0 20.5496 21.1334
13 21 0 55.3269 71.7447
13 22 0 39.3587 48.4119
13 23 0 1.25597 1.2584
13 24 0 23.601 29.751
13 25 0 9.05385 9.84929
13 26 0 97.3751 145.929
13 27 0 21.7161 28.7833
13 28 1 62.4378 81.4605
13 29 0 45.4764 47.3038
13 30 0 27.2345 31.6775
13 31 0 14.0892 19.7983
13 32 0 15.0457 17.1297
13 33 0 24.5575 34.0443
13 34 0 84.2496 112.921
13 35 0 17.6041 17.822
13 36 0 97.8691 123.732
13 37 0 55.6162 83.4076
13 38 1 92.4297 128.605
13 39 0 47.4737 60.0439
13 40 0 29.7047 40.6555
14 1 0 97.6388 102.466
14 2 0 44.3898 64.8786
14 3 1 22.2919 31.7308
14 4 0 37.3383 48.87
14 5 0 54.9283 61.6672
14 6 0 59.8922 79.5248
14 7 0 54.0562 77.5693
14 8 0 95.662 138.409
14 9 0 35.7885 37.5846
14 10 0 24.6383 30.6385
14 11 0 20.2371 24.3252
14 12 0 41.2479 42.3921
14 13 1 73.9771 83.3336
14 15 1 82.1912 84.4679
14 16 0 44.0978 46.6574
14 17 1 71.5964 104.089
14 18 0 82.668 85.2623
14 19 0 84.7927 125.274
14 20 0 60.4465 65.147
14 21 0 91.9044 134.081
14 22 0 8.77999 10.2594
14 23 0 83.5518 121.615
14 24 0 54.7656 78.7923
14 25 0 37.4552 40.3032
14 26 0 99.8809 113.831
14 27 0 26.4516 27.607
14 28 0 59.1375 81.4852
14 29 0 66.7844 79.1308
14 30 0 14.6588 20.481
14 31 0 37.9685 55.3292
14 32 0 66.7948 79.4921
14 33 0 34.7624 38.1889
14 34 1 74.8959 101.513
14 35 0 43.2533 57.4853
14 36 0 44.0021 48.0316
14 37 0 10.331 14.894
14 38 1 37.6985 53.0174
14 39 0 29.7266 32.1625
14 40 0 76.5173 102.444
15 1 0 68.1226 95.007
15 2 0 14.3136 19.7269
15 3 0 51.9563 68.4161
15 4 0 0.0652688 0.0731575
15 5 0 19.842 24.1566
15 6 0 58.2581 70.1244
15 7 0 30.5013 40.485
15 8 0 5.5968 7.54096
15 9 0 87.103 121.033
15 10 1 45.2747 67.09
15 11 0 95.9208 121.301
15 12 1 8.99624 12.0228
15 13 0 56.5906 60.3114
15 14 0 48.6744 52.0123
15 16 1 88.083 95.7081
15 17 0 6.26264 8.99547
15 18 0 67.1993 92.9446
15 19 0 44.815 64.0893
15 20 0 55.5981 73.5053
15 21 0 35.7277 43.8355
15 22 0 69.1829 92.1036
15 23 0 33.7928 43.5109
15 24 0 78.3011 95.9853
15 25 0 59.0221 68.4173
15 26 1 17.8615 18.6465
15 27 0 51.7906 67.2114
15 28 0 46.2791 56.7184
15 29 0 87.6365 105.861
15 30 1 24.1305 30.7963
15 31 0 98.867 132.233
15 32 1 75.721 103.73
15 33 0 65.4992 82.5384
15 34 1 66.6344 85.327
15 35 0 88.6171 122.892
15 36 0 40.4686 50.6809
15 37 0 66.8475 92.3848
15 38 1 93.0718 110.36
15 39 0 56.4679 82.9695
15 40 0 90.7678 133.51
16 1 0 16.3871 20.3639
16 2 0 35.1685 51.8122
16 3 0 39.501 48.8238
16 4 0 18.1892 21.6928
16 5 0 71.616 89.003
16 6 0 93.5008 109.261
16 7 0 52.1552 57.6811
16 8 0 76.6693 108.289
16 9 1 39.8951 41.3192
16 10 0 13.0604 16.0191
16 11 0 5.35172 6.07474
16 12 0 60.7517 63.5867
16 13 0 31.9543 37.2451
16 14 0 67.6053 70.9953
16 15 0 6.30192 9.13517
16 17 1 70.0069 75.6484
16 18 0 36.1278 50.5542
16 19 0 49.6944 51.909
16 20 0 98.9508 128.303
16 21 0 86.0677 119.342
16 22 0 53.4096 73.595
16 23 0 7.10058 7.3429
16 24 0 50.9814 65.2851
16 25 0 71.1121 83.3852
16 26 0 8.16419 12.0878
16 27 1 82.4727 112.826
16 28 0 19.0299 26.5163
16 29 0 29.6632 36.2857
16 30 1 70.7955 90.4501
16 31 0 44.3157 50.67
16 32 0 80.3618 98.2689
16 33 0 42.2497 58.9956
16 34 0 1.23734 1.51072
16 35 0 13.2403 14.1458
16 36 1 83.8989 102.269
16 37 0 18.9368 24.6057
16 38 1 70.4108 101.034
16 39 0 55.4527 69.5238
16 40 1 25.1135 37.4967
17 1 1 42.2997 62.1973
17 2 0 93.2213 94.349
17 3 0 0.527822 0.574156
17 4 0 69.968 72.1337
17 5 0 32.2229 37.7588
17 6 0 6.73742 9.985
17 7 0 14.4891 19.9241
17 8 0 52.597 56.7617
17 9 0 17.8583 23.2742
17 10 1 6.1841 8.62869
17 11 0 89.211 124.797
17 12 1 58.0424 65.987
17 13 0 17.835 18.5081
17 14 0 9.94114 12.9016
17 15 0 41.2189 49.4449
17 16 0 28.9668 40.5027
17 18 1 36.5126 37.7363
17 19 0 15.5169 21.9923
17 20 0 31.1431 39.6569
17 21 0 7.8326 8.06913
17 22 0 66.4147 71.4956
17 23 0 35.8095 48.5653
17 24 0 26.0883 38.9398
17 25 0 56.3889 57.702
17 26 0 28.7321 36.709
17 27 0 81.9062 93.9155
17 28 0 97.0161 100.038
17 29 1 45.019 52.1454
17 30 0 93.3393 118.867
17 31 0 45.7996 47.0058
17 32 0 29.4984 39.9241
17 33 0 65.6883 89.4211
17 34 1 63.2497 82.6616
17 35 1 16.338 20.2922
17 36 1 99.7841 130.36
17 37 1 6.41575 7.76178
17 38 0 97.3204 108.857
17 39 0 46.6374 58.0875
17 40 0 66.2154 74.2876
18 1 0 64.1065 84.5221
18 2 1 38.0909 48.2899
18 3 0 52.2154 56.8708
18 4 0 22.1759 24.9879
18 5 0 55.7022 76.8351
18 6 0 70.0337 90.7731
18 7 0 97.3621 144.462
18 8 0 21.7753 24.9878
18 9 0 49.1838 55.7634
18 10 0 93.2614 108.375
18 11 0 80.3812 91.4653
18 12 0 52.799 56.8431
18 13 0 61.9623 70.3601
18 14 0 44.0893 61.7146
18 15 0 77.5167 106.346
18 16 0 80.6362 95.695
18 17 0 28.1985 39.438
18 19 1 24.0975 36.0646
18 20 1 99.7071 126.68
18 21 0 14.4471 14.713
18 22 1 66.6081 98.0134
18 23 0 23.6941 32.2557
18 24 0 8.59523 9.8467
18 25 0 34.9451 38.9652
18 26 0 37.1223 43.6154
18 27 0 61.8483 69.0621
18 28 0 98.347 139.966
18 29 0 60.0817 81.6606
18 30 0 36.9968 51.5212
18 31 0 84.348 111.354
18 32 0 62.9624 77.0632
18 33 0 26.2536 36.3944
18 34 0 14.011 15.4592
18 35 0 93.7718 118.311
18 36 0 42.4244 59.3152
18 37 1 47.4985 48.4272
18 38 0 82.3031 85.8888
18 39 0 72.1942 74.0842
18 40 0 56.9823 58.9086
19 1 0 82.0531 95.877
19 2 0 11.7095 15.3407
19 3 0 71.6396 100.418
19 4 0 28.721 33.7246
19 5 1 86.075 120.97
19 6 0 34.0528 47.8835
19 7 0 65.2327 66.9549
19 8 0 68.7004 73.4224
19 9 0 23.1674 30.9026
19 10 0 73.8192 91.4429
19 11 1 1.60747 2.26618
19 12 0 53.5787 54.035
19 13 0 77.1957 108.993
19 14 0 11.2041 13.1044
19 15 0 64.5924 86.5816
19 16 0 45.7932 46.9831
19 17 0 18.6596 21.2793
19 18 0 94.4634 101.681
19 20 1 80.7315 104.42
19 21 0 7.3116 8.85808
19 22 0 78.8637 88.0129
19 23 0 87.9721 95.1871
19 24 0 54.4493 70.5657
19 25 0 81.2997 97.3401
19 26 0 85.73 101.231
19 27 0 72.7679 91.3118
19 28 0 12.4478 15.3294
19 29 0 22.0992 24.9694
19 30 0 17.9873 26.2991
19 31 1 34.3348 42.7091
19 32 0 10.1057 12.3702
19 33 0 46.2333 66.8292
19 34 0 21.029 23.1257
19 35 0 12.1248 16.403
19 36 1 0.434754 0.626807
19 37 0 9.55443 11.5889
19 38 0 85.7503 87.115
19 39 0 38.8033 50.3297
19 40 0 44.5685 49.5549
20 1 1 6.91748 10.2166
20 2 0 47.0953 57.5342
20 3 1 63.3434 83.2061
20 4 0 21.7779 24.1111
20 5 0 62.0685 79.4937
20 6 0 79.6863 96.5559
20 7 0 31.1485 45.0094
20 8 0 35.8346 49.7167
20 9 0 86.9621 121.219
20 10 0 27.2131 33.0666
20 11 0 47.7422 69.828
20 12 0 59.0514 70.9812
20 13 0 16.8255 23.5963
20 14 0 28.9994 34.0783
20 15 0 79.4033 110.649
20 16 0 90.4075 92.9891
20 17 1 12.8874 13.29
20 18 0 3.35598 3.41738
20 19 0 1.70691 1.70701
20 21 1 60.7602 80.5012
20 22 1 14.1602 17.805
20 23 0 1.65174 2.08391
20 24 1 97.0282 106.135
20 25 0 4.81226 5.35372
20 26 0 52.9332 56.1657
20 27 0 31.701 42.0682
20 28 1 92.8244 131.135
20 29 1 68.1935 93.7348
20 30 0 47.0767 63.3284
20 31 0 87.183 123.27
20 32 0 57.1573 85.0986
20 33 0 84.53 124.752
20 34 0 52.1814 71.7637
20 35 0 99.0039 108.247
20 36 0 31.3955 40.0058
20 37 1 57.7417 61.0621
20 38 0 12.4722 14.0966
20 39 0 10.3306 11.7558
20 40 0 75.5256 77.4775
21 1 0 3.6724 5.27205
21 2 0 63.5687 90.4794
21 3 0 77.6027 90.7866
21 4 0 47.0376 67.2884
21 5 1 9.17785 12.1936
21 6 0 44.7884 58.7171
21 7 0 7.88033 8.65869
21 8 1 68.9667 93.4193
21 9 0 5.1131 5.57517
21 10 0 60.8501 76.9312
21 11 0 47.5381 49.3451
21 12 0 52.2978 62.3978
21 13 0 58.6175 62.904
21 14 0 83.91 117.966
21 15 0 24.2184 24.6947
21 16 0 42.2639 43.7354
21 17 0 79.9823 84.0104
21 18 0 85.1171 86.9556
21 19 1 20.6853 22.3137
21 20 0 68.6211 98.8321
21 22 1 1.75906 2.50105
21 23 1 16.3284 22.1055
21 24 0 95.3611 141.424
21 25 0 65.1634 94.5007
21 26 0 7.83522 11.6924
21 27 0 44.0998 64.5726
21 28 0 23.4988 28.2505
21 29 0 33.4317 48.0323
21 30 0 1.50437 1.89391
21 31 1 1.5924 2.25838
21 32 0 9.54588 14.1755
21 33 1 58.5915 62.5498
21 34 0 57.2917 63.2554
21 35 0 10.4019 14.8459
21 36 0 30.5772 45.5106
21 37 0 33.8957 37.7402
21 38 0 32.3323 33.1357
21 39 1 33.1268 42.0545
21 40 0 62.1599 71.9276
22 1 1 43.5022 49.8909
22 2 0 86.7913 91.9136
22 3 0 64.4472 76.0937
22 4 1 27.0394 38.7026
22 5 0 42.1959 43.2704
22 6 0 60.6473 87.6121
22 7 1 53.285 55.644
22 8 0 98.6746 106.784
22 9 0 84.6553 85.4058
22 10 0 98.6891 139.801
22 11 0 72.0025 85.5685
22 12 0 67.3973 73.1417
22 13 0 71.1811 73.1907
22 14 0 84.5095 125.281
22 15 0 45.6474 46.0631
22 16 1 99.6803 100.159
22 17 0 95.2904 113.364
22 18 0 65.3732 96.6521
22 19 0 67.9621 72.4898
22 20 0 44.1504 56.0825
22 21 0 11.9734 14.1335
22 23 1 45.9412 65.6346
22 24 0 10.593 12.8475
22 25 1 36.2882 36.9957
22 26 1 32.1031 40.0407
22 27 0 20.8457 29.6324
22 28 0 63.9895 76.1252
22 29 0 37.7315 40.0759
22 30 1 70.9471 82.1565
22 31 0 36.1014 39.3581
22 32 0 9.07082 9.91154
22 33 0 50.7229 64.8334
22 34 1 51.9996 71.3753
22 35 1 26.0298 28.408
22 36 0 38.5235 57.4384
22 37 0 32.5443 47.6479
22 38 1 53.2513 72.7877
22 39 0 91.8291 125.949
22 40 1 64.0734 91.5706
23 1 0 59.3522 59.8748
23 2 0 24.8902 29.8544
23 3 0 26.6575 35.064
23 4 0 11.4411 17.08
23 5 0 71.084 106.248
23 6 0 71.2999 106.082
23 7 0 20.9974 28.2407
23 8 0 94.1786 102.514
23 9 0 74.7628 90.1918
23 10 1 46.2512 68.7808
23 11 1 55.6001 68.7973
23 12 0 46.8483 55.9007
23 13 0 42.8139 49.117
23 14 0 63.9912 73.9025
23 15 0 44.8436 64.6375
23 16 0 11.794 12.758
23 17 0 46.8627 55.8288
23 18 0 7.09506 9.64102
23 19 0 43.65 57.1322
23 20 0 21.368 28.0159
23 21 0 10.2 11.1277
23 22 0 46.6693 50.1074
23 24 1 2.86251 3.23651
23 25 0 37.5754 51.4916
23 26 0 90.8287 113.171
23 27 0 79.8325 114.219
23 28 0 41.1615 50.568
23 29 0 9.57491 11.6844
23 30 1 72.6758 74.4727
23 31 0 20.6785 29.4985
23 32 0 25.458 28.7374
23 33 0 17.9179 18.9367
23 34 0 63.4953 92.9311
23 35 1 31.8205 32.4101
23 36 0 57.6335 57.8656
23 37 0 85.5597 113.684
23 38 0 56.9175 81.6487
23 39 1 3.47854 4.07139
23 40 0 51.2669 72.5835
24 1 0 83.2279 90.5633
24 2 0 1.17412 1.5963
24 3 0 34.0804 39.4425
24 4 0 9.63905 13.8546
24 5 1 19.44 26.3134
24 6 0 32.316 40.6475
24 7 0 86.2568 109.471
24 8 1 63.844 74.9299
24 9 0 71.4351 72.2973
24 10 0 94.4091 99.1762
24 11 0 31.0478 41.9138
24 12 0 96.5821 114.255
24 13 0 89.3156 98.38
24 14 0 63.6997 79.4665
24 15 0 46.7984 62.6924
24 16 0 61.6585 70.9726
24 17 0 0.0768626 0.0836994
24 18 0 38.7568 57.4451
24 19 0 89.3862 112.942
24 20 0 28.1789 40.7753
24 21 1 26.6394 38.7427
24 22 1 34.9976 36.4761
24 23 0 37.7309 44.7375
24 25 1 5.12117 7.02846
24 26 0 26.7455 33.1971
24 27 0 58.1571 61.1583
24 28 0 25.5088 28.0762
24 29 0 92.181 112.716
24 30 0 14.5258 15.2738
24 31 0 72.3101 76.013
24 32 0 28.2045 34.1908
24 33 0 21.8931 25.1413
24 34 0 2.42268 3.62519
24 35 0 3.14859 3.51688
24 36 0 5.2057 5.42126
24 37 1 78.6742 82.9468
24 38 0 34.5394 41.4992
24 39 0 46.8915 54.6833
24 40 0 41.5215 49.6953
25 1 0 3.98164 4.63794
25 2 0 76.7774 101.28
25 3 1 86.479 115.108
25 4 0 34.179 45.3222
25 5 1 9.71227 11.8914
25 6 0 17.444 18.547
25 7 0 71.8097 91.9342
25 8 1 40.2267 60.1297
25 9 0 5.27589 6.52317
25 10 1 11.3634 16.0469
25 11 0 13.4508 18.5332
25 12 0 66.9714 81.0904
25 13 0 54.0912 62.3004
25 14 0 72.6193 88.8513
25 15 0 88.5091 110.542
25 16 0 62.9572 93.3771
25 17 1 2.41667 3.01434
25 18 1 89.0569 132.019
25 19 0 77.6953 106.016
25 20 0 84.6851 94.8678
25 21 0 3.01654 4.16046
25 22 0 54.3835 68.1074
25 23 0 59.9239 65.1393
25 24 0 7.01512 8.805
25 26 1 71.8969 103.358
25 27 1 41.3386 53.0701
25 28 0 8.48524 11.3985
25 29 1 59.8126 63.5984
25 30 0 4.53738 5.73477
25 31 0 17.4333 25.8954
25 32 0 67.3151 74.8908
25 33 0 2.80002 3.73657
25 34 0 99.3914 142.853
25 35 0 37.5662 39.8554
25 36 0 21.7182 28.2047
25 37 0 81.782 88.4306
25 38 1 87.5254 107.382
25 39 0 23.9704 31.6199
25 40 0 71.9456 72.6936
26 1 0 48.4843 58.0072
26 2 1 20.0338 23.2947
26 3 1 48.8778 56.3481
26 4 0 2.34778 2.70362
26 5 0 27.4765 33.8537
26 6 0 55.5536 73.2112
26 7 0 70.6435 75.5465
26 8 1 65.0575 84.2978
26 9 0 25.1951 30.4096
26 10 0 96.1095 125.266
26 11 1 29.055 41.9425
26 12 0 69.9261 91.0479
26 13 0 33.2515 40.3161
26 14 0 99.0667 99.3656
26 15 0 97.6237 145.422
26 16 0 47.7843 58.6291
26 17 0 48.3227 57.8865
26 18 0 20.9926 30.8833
26 19 0 59.1568 79.5834
26 20 0 85.2416 91.6248
26 21 0 55.5244 64.7291
26 22 0 12.0803 13.8256
26 23 1 1.76296 2.39497
26 24 0 58.9573 65.6158
26 25 0 80.7504 112.648
26 27 1 10.1577 13.6087
26 28 0 61.9698 63.9296
26 29 0 93.3992 138.161
26 30 0 89.9725 103.188
26 31 1 21.139 23.0415
26 32 0 94.3524 128.624
26 33 1 23.8198 33.0955
26 34 0 83.4797 93.5568
26 35 0 89.4937 125.486
26 36 1 1.35745 1.81939
26 37 0 26.7925 36.7528
26 38 0 25.0981 36.3023
26 39 0 78.3384 100.881
26 40 1 23.5034 28.4839
27 1 0 63.744 86.7746
27 2 0 57.4894 65.6355
27 3 0 0.953383 1.25853
27 4 0 71.463 98.1279
27 5 0 19.583 22.698
27 6 0 14.6686 19.818
27 7 1 30.1245 33.4599
27 8 0 38.6517 54.422
27 9 1 62.0009 84.8588
27 10 0 63.4666 65.4247
27 11 0 64.8459 67.298
27 12 1 73.696 83.5096
27 13 0 43.0596 62.3127
27 14 0 76.2915 114.177
27 15 0 70.3014 103.94
27 16 0 45.8289 49.4168
27 17 1 16.91 22.0965
27 18 1 20.9603 29.0003
27 19 0 45.9724 66.4843
27 20 0 96.8634 135.65
27 21 0 35.0606 49.8292
27 22 0 8.08116 8.26886
27 23 1 31.8435 40.3519
27 24 1 32.1442 40.7385
27 25 0 77.9629 79.2419
27 26 0 51.8723 76.6064
27 28 1 39.8027 46.5937
27 29 0 1.86958 1.91644
27 30 1 57.8655 74.7171
27 31 0 64.7562 79.9547
27 32 0 7.85689 10.2117
27 33 0 10.9822 13.8488
27 34 0 70.8454 73.7823
27 35 0 17.9388 22.2065
27 36 0 82.9596 100.599
27 37 0 46.1954 53.0137
27 38 0 65.1547 93.3143
27 39 0 73.011 73.7446
27 40 0 50.7339 74.0327
28 1 0 13.1773 15.2166
28 2 0 57.8418 67.5433
28 3 0 72.3789 72.9545
28 4 0 5.88919 7.39557
28 5 0 59.8156 62.0329
28 6 0 22.0547 22.2043
28 7 0 97.6893 108.568
28 8 0 21.1543 23.1921
28 9 0 1.7948 2.35101
28 10 0 60.1638 69.0881
28 11 0 39.3381 43.7175
28 12 0 98.6232 124.615
28 13 1 39.5124 46.7854
28 14 0 91.102 114.341
28 15 0 83.3761 109.145
28 16 0 99.0983 134.265
28 17 1 51.7757 64.7669
28 18 0 79.642 84.3836
28 19 0 50.8953 69.7367
28 20 1 18.3667 25.3336
28 21 1 26.0605 37.8817
28 22 0 33.3046 33.5079
28 23 0 22.5705 29.5332
28 24 0 56.1992 63.7185
28 25 0 30.2292 44.0225
28 26 1 47.397 69.4472
28 27 0 23.3114 23.8756
28 29 1 85.4296 92.7878
28 30 1 71.4125 79.5525
28 31 1 77.9512 113.705
28 32 0 41.9595 53.1312
28 33 0 84.0335 103.585
28 34 0 87.3487 96.0666
28 35 0 29.4817 43.9811
28 36 0 51.7276 70.9145
28 37 0 34.4686 45.4968
28 38 0 28.7625 40.4407
28 39 0 84.3988 101.025
28 40 0 69.6427 99.975
29 1 0 99.755 145.091
29 2 0 69.3353 82.8812
29 3 0 81.4526 113.242
29 4 0 75.6512 103.765
29 5 1 81.5148 87.1245
29 6 1 27.0811 31.1905
29 7 0 3.79223 4.64173
29 8 0 17.4356 17.5643
29 9 0 13.5244 13.7821
29 10 0 43.2238 57.8169
29 11 0 19.8236 22.2211
29 12 0 85.0723 85.3618
29 13 1 61.6934 68.0306
29 14 0 22.6448 23.2987
29 15 0 15.8533 22.5139
29 16 0 68.8436 100.304
29 17 0 35.6356 36.691
29 18 0 22.2247 23.8492
29 19 0 35.55 50.4764
29 20 0 40.8034 60.4881
29 21 0 82.3504 86.5755
29 22 0 82.2134 100.556
29 23 0 39.7618 47.012
29 24 0 93.9444 137.465
29 25 0 54.842 63.5462
29 26 1 9.66572 12.9498
29 27 0 40.9519 53.688
29 28 0 41.2233 51.3474
29 30 1 84.4332 84.6426
29 31 0 90.7064 135.045
29 32 0 24.3641 32.1292
29 33 1 82.0234 92.7923
29 34 1 77.4 89.4934
29 35 0 52.5901 66.1504
29 36 0 91.3561 133.41
29 37 0 57.8566 72.6816
29 38 0 62.4946 66.8799
29 39 0 2.17383 2.57113
29 40 0 10.1221 12.8538
30 1 0 79.5385 84.4911
30 2 0 88.6972 99.7814
30 3 0 5.69831 8.47406
30 4 0 13.6394 19.8013
30 5 0 53.6135 68.3948
30 6 1 31.3191 36.7148
30 7 0 36.0534 38.6816
30 8 1 68.0455 90.7263
30 9 0 80.0933 97.7463
30 10 0 96.6981 126.448
30 11 0 58.769 79.1921
30 12 1 62.1876 76.3329
30 13 1 86.7862 109.809
30 14 0 37.1606 43.8364
30 15 0 33.1544 39.7398
30 16 0 99.5617 124.205
30 17 0 73.1086 85.6163
30 18 0 46.0533 49.3366
30 19 0 45.8239 61.1009
30 20 0 56.3347 68.3688
30 21 0 84.379 109.796
30 22 0 99.0176 112.348
30 23 0 10.5058 14.8971
30 24 0 96.8226 119.658
30 25 0 18.8424 21.8963
30 26 0 62.4377 92.0722
30 27 0 58.5053 79.2212
30 28 0 84.0277 92.823
30 29 0 44.2451 45.8696
30 31 1 89.4906 107.358
30 32 0 5.61123 6.2124
30 33 1 7.99376 11.4374
30 34 0 95.7185 143.171
30 35 0 11.2526 11.5538
30 36 0 17.779 25.1259
30 37 0 97.9728 105.688
30 38 0 47.5765 69.4469
30 39 0 46.1313 63.0876
30 40 0 2.93318 3.3494
31 1 0 16.0407 18.9197
31 2 0 71.0701 101.034
31 3 1 68.2062 94.6471
31 4 0 26.7801 29.1027
31 5 0 60.8309 86.0206
31 6 0 91.0889 109.62
31 7 0 69.7127 84.509
31 8 0 80.8103 87.4098
31 9 0 93.1766 131.44
31 10 0 16.2583 22.167
31 11 1 16.0517 18.6442
31 12 0 2.19599 2.48044
31 13 1 55.7218 66.1142
31 14 0 7.3362 10.8841
31 15 0 9.41029 10.8
31 16 0 62.1867 62.4697
31 17 0 76.3501 95.0183
31 18 1 27.5803 40.7882
31 19 0 4.44912 5.9365
31 20 0 40.204 55.8357
31 21 0 62.4834 74.4578
31 22 1 2.74943 2.92028
31 23 0 54.1315 54.9053
31 24 0 88.0451 88.752
31 25 0 29.2343 39.2191
31 26 0 30.1994 40.5625
31 27 0 70.2026 73.9648
31 28 0 53.1598 67.0162
31 29 0 87.8279 128.763
31 30 0 22.7804 27.0163
31 32 1 58.7887 76.6738
31 33 0 31.0353 37.9381
31 34 0 94.8315 115.344
31 35 1 82.2608 88.5034
31 36 0 10.0912 10.4478
31 37 1 44.3924 54.9923
31 38 1 81.3682 116.644
31 39 0 38.4237 45.8192
31 40 0 59.8436 86.0775
32 1 0 92.1007 128.786
32 2 0 60.1239 65.7059
32 3 0 66.3604 95.806
32 4 0 79.0983 84.6845
32 5 0 57.3309 76.4549
32 6 0 57.2806 68.5408
32 7 0 95.4161 129.925
32 8 0 68.8962 87.2463
32 9 0 33.0497 33.1868
32 10 0 46.7728 63.3078
32 11 1 22.1385 22.7009
32 12 1 14.1716 15.9452
32 13 0 51.1041 72.9994
32 14 0 42.5221 50.9556
32 15 0 72.7979 91.1791
32 16 0 70.2895 84.1821
32 17 1 27.3557 29.5247
32 18 0 60.0312 73.2992
32 19 0 18.7717 22.2308
32 20 0 22.496 29.2245
32 21 0 24.9359 34.4769
32 22 1 60.5303 85.2903
32 23 1 93.9515 107.827
32 24 0 26.9666 33.4961
32 25 1 12.2148 16.899
32 26 1 86.9889 99.9023
32 27 0 54.1648 73.2638
32 28 0 66.1162 82.3905
32 29 1 95.9652 125.216
32 30 0 69.4764 82.796
32 31 0 26.1565 31.1446
32 33 1 15.7443 18.9201
32 34 0 8.05939 11.0605
32 35 0 73.5375 88.7404
32 36 0 90.4817 94.7365
32 37 0 87.0509 122.482
32 38 0 96.1992 142.893
32 39 0 45.4556 63.8362
32 40 0 14.1266 20.8106
33 1 0 97.9807 141.513
33 2 1 75.0084 86.3775
33 3 0 9.70786 10.443
33 4 0 37.5318 54.619
33 5 1 2.19946 3.05019
33 6 0 36.5555 47.9495
33 7 0 89.2097 114.713
33 8 0 41.4503 60.2215
33 9 0 21.9605 25.9744
33 10 0 33.2467 40.7324
33 11 0 67.6334 100.274
33 12 0 6.20845 8.7496
33 13 0 44.6397 61.7005
33 14 0 31.4864 44.5391
33 15 0 82.7956 106.718
33 16 1 81.371 96.8579
33 17 1 58.2873 87.0972
33 18 0 59.1674 86.4087
33 19 1 17.1839 24.9461
33 20 0 64.776 83.5459
33 21 0 62.278 74.7929
33 22 0 77.9954 109.363
33 23 1 74.9269 84.6473
33 24 0 74.3881 90.0014
33 25 0 62.2876 79.486
33 26 0 29.4507 33.2952
33 27 0 14.2898 15.0543
33 28 0 91.7064 104.236
33 29 0 18.5767 24.0398
33 30 0 33.3845 34.0427
33 31 1 10.1421 15.1194
33 32 0 95.5821 123.168
33 34 1 85.1043 117.81
33 35 0 55.9887 63.9246
33 36 0 19.8968 29.158
33 37 0 42.0516 45.6838
33 38 0 40.407 46.0916
33 39 0 47.8006 59.9392
33 40 0 65.7751 71.7088
34 1 0 45.2325 59.7729
34 2 0 52.9666 74.5286
34 3 0 60.8034 74.7017
34 4 0 21.9698 30.4307
34 5 0 20.0144 21.6521
34 6 1 84.7344 86.8495
34 7 0 32.3642 36.5883
34 8 0 27.189 30.3455
34 9 0 60.6287 75.3414
34 10 0 20.2173 23.4553
34 11 0 91.621 133.137
34 12 0 11.7136 11.7657
34 13 0 65.0301 65.8687
34 14 1 92.9095 97.1664
34 15 0 61.7172 84.1589
34 16 0 33.9006 42.5392
34 17 0 20.9672 23.297
34 18 0 68.0586 96.2917
34 19 0 4.64728 5.29397
34 20 1 22.5652 33.2536
34 21 0 91.6458 106.182
34 22 0 4.38012 6.24939
34 23 0 26.2988 29.2399
34 24 0 94.9625 140.152
34 25 0 61.037 74.22
34 26 0 16.7021 20.1349
34 27 0 70.6924 81.394
34 28 0 71.5393 91.124
34 29 0 95.5402 129.339
34 30 1 51.2294 55.1889
34 31 0 56.2337 82.9719
34 32 0 45.0041 54.6978
34 33 0 6.85763 8.85488
34 35 1 42.7643 48.8707
34 36 0 31.0268 44.8532
34 37 0 46.2664 56.4821
34 38 0 81.678 103.226
34 39 0 33.8381 50.3534
34 40 0 12.2673 13.4189
35 1 0 80.1748 109.408
35 2 0 87.374 106.505
35 3 0 74.4583 110.06
35 4 0 67.4732 76.3099
35 5 0 95.8485 122.362
35 6 0 32.5981 37.2939
35 7 0 59.8605 80.0483
35 8 1 12.9168 16.5276
35 9 0 98.9833 99.6277
35 10 0 9.82775 10.4461
35 11 0 76.032 80.3913
35 12 0 78.5008 94.0642
35 13 0 69.664 96.2624
35 14 0 44.7274 66.849
35 15 1 44.822 62.6156
35 16 0 62.3891 92.6577
35 17 0 63.4066 75.4095
35 18 0 97.2633 143.437
35 19 0 50.8049 73.2162
35 20 0 75.7668 85.3441
35 21 0 59.9595 88.316
35 22 1 16.4135 19.126
35 23 0 92.009 96.8365
35 24 0 17.8901 19.2057
35 25 0 61.7961 61.9195
35 26 0 8.64888 10.3483
35 27 0 62.3658 85.8793
35 28 0 2.90372 3.83912
35 29 0 48.0712 49.2214
35 30 0 67.5257 78.0902
35 31 1 26.2552 27.6823
35 32 0 48.9291 52.0772
35 33 0 67.4643 91.3001
35 34 1 72.2811 75.8014
35 36 1 61.9101 87.959
35 37 0 22.6052 29.7347
35 38 0 3.53531 4.10083
35 39 0 79.1902 92.13
35 40 0 39.8884 57.0273
36 1 0 68.2077 90.4611
36 2 0 77.5604 97.6066
36 3 0 8.74687 10.3432
36 4 0 2.8454 3.10974
36 5 0 25.1007 25.5191
36 6 0 28.2228 28.2248
36 7 0 77.1729 83.9919
36 8 1 21.624 24.9161
36 9 0 76.9201 108.459
36 10 0 19.1846 24.0338
36 11 0 35.7978 44.5735
36 12 0 48.7203 54.9453
36 13 0 40.4699 50.5176
36 14 1 7.56966 9.79402
36 15 0 35.1074 39.0214
36 16 0 22.2072 32.1893
36 17 0 58.6892 60.0694
36 18 0 9.36713 11.5055
36 19 0 76.7194 96.7446
36 20 0 53.6426 75.9757
36 21 0 12.6782 15.1995
36 22 1 74.1923 79.0236
36 23 0 57.9562 79.0843
36 24 1 95.318 103.934
36 25 0 71.3605 96.1174
36 26 0 3.5796 3.68729
36 27 0 89.1539 92.2408
36 28 0 81.447 82.0465
36 29 0 22.8631 31.1548
36 30 0 22.8235 26.73
36 31 0 10.7454 10.7564
36 32 0 77.4296 92.4444
36 33 0 92.8327 128.285
36 34 0 6.87897 9.9741
36 35 0 10.3643 12.6337
36 37 1 80.477 93.2786
36 38 0 9.09785 10.9256
36 39 0 58.0336 61.0842
36 40 0 80.0665 91.9958
37 1 0 96.1955 126.171
37 2 0 76.9578 104.776
37 3 0 48.1829 54.9965
37 4 0 35.9005 39.4357
37 5 0 22.8728 25.6111
37 6 0 97.783 122.54
37 7 0 69.9994 72.3549
37 8 1 30.0795 31.6843
37 9 0 69.5079 84.1092
37 10 0 88.5228 98.9269
37 11 0 20.9538 21.8989
37 12 0 71.3763 103.744
37 13 0 60.8137 66.093
37 14 0 80.2915 94.4442
37 15 0 47.7232 57.0812
37 16 0 99.6541 124.132
37 17 0 40.893 52.3674
37 18 0 80.1438 102.304
37 19 1 36.442 39.391
37 20 0 86.0133 105.388
37 21 0 42.1907 57.6126
37 22 0 64.3943 66.0832
37 23 0 62.3289 73.0541
37 24 0 86.3531 114.842
37 25 0 50.3265 61.0502
37 26 0 22.5268 33.2977
37 27 0 26.0154 32.6041
37 28 0 52.8095 54.8564
37 29 0 25.0097 27.1377
37 30 0 45.5068 64.1943
37 31 1 74.3628 78.5965
37 32 0 48.4727 55.6525
37 33 1 80.5573 105.866
37 34 0 74.982 76.694
37 35 0 39.5986 44.5578
37 36 0 40.7328 51.3814
37 38 1 22.8268 28.5593
37 39 0 37.856 52.1803
37 40 1 98.9618 145.959
38 1 0 26.8855 29.0795
38 2 0 28.6014 30.3513
38 3 1 3.19277 3.45358
38 4 0 46.113 55.3206
38 5 0 3.6556 5.02714
38 6 1 13.67 14.9334
38 7 0 60.1207 84.5146
38 8 0 6.75123 7.17745
38 9 0 56.9994 58.7771
38 10 0 89.6203 110.995
38 11 0 95.3858 122.114
38 12 0 83.8891 90.3824
38 13 0 69.6859 98.7097
38 14 0 60.0515 77.0706
38 15 0 20.8317 30.7793
38 16 0 49.483 62.7678
38 17 0 33.7771 37.7866
38 18 0 55.2724 57.4366
38 19 0 38.434 47.5561
38 20 0 48.0834 50.0993
38 21 0 49.7913 63.2629
38 22 1 1.90563 2.50577
38 23 0 49.6015 70.0971
38 24 0 27.9237 32.969
38 25 1 7.68554 10.2485
38 26 0 19.095 23.7674
38 27 0 87.1333 114.791
38 28 0 67.9256 82.9316
38 29 0 23.319 31.7302
38 30 0 46.2752 60.4593
38 31 0 52.4957 54.7775
38 32 0 32.7976 42.9652
38 33 0 43.1836 58.2991
38 34 0 50.9172 51.4297
38 35 0 18.2811 19.6315
38 36 1 14.8035 15.5413
38 37 0 84.0853 121.347
38 39 1 46.2665 49.438
38 40 1 30.7026 38.2926
39 1 0 70.8522 83.7387
39 2 0 4.46687 5.73739
39 3 0 95.0547 114.557
39 4 0 88.3345 127.925
39 5 1 69.512 76.5325
39 6 0 35.8932 45.8741
39 7 0 65.5052 86.7942
39 8 0 40.4002 53.8053
39 9 0 59.025 85.6724
39 10 0 29.1051 41.7492
39 11 0 10.23 14.8161
39 12 1 71.0324 77.4355
39 13 0 35.3803 50.405
39 14 0 36.9535 38.0637
39 15 0 26.7847 27.6605
39 16 0 0.316558 0.455859
39 17 0 13.7197 19.9644
39 18 0 27.3973 29.4475
39 19 0 41.8502 51.4095
39 20 1 13.8734 16.7697
39 21 1 94.9049 107.878
39 22 1 93.0458 99.8739
39 23 1 10.3563 15.2084
39 24 0 0.596552 0.618167
39 25 0 76.1703 97.6623
39 26 1 23.4485 24.2014
39 27 0 99.0617 142.936
39 28 0 38.1155 46.5678
39 29 0 50.862 72.251
39 30 0 69.4322 101.559
39 31 0 26.2466 31.6881
39 32 0 66.2765 88.4215
39 33 0 94.2821 110.528
39 34 0 29.0042 29.0552
39 35 0 90.7182 108.947
39 36 0 73.9917 105.121
39 37 1 99.1729 99.7131
39 38 1 31.0888 31.5015
39 40 1 14.5309 17.9357
40 1 1 39.8601 53.0298
40 2 1 10.0454 11.4045
40 3 0 78.8356 90.5194
40 4 0 91.319 114.842
40 5 0 15.9793 22.5771
40 6 0 46.2859 68.5122
40 7 0 33.3498 44.8593
40 8 1 49.986 65.7331
40 9 1 87.1482 87.3435
40 10 1 20.4495 27.2201
40 11 0 69.9923 102.108
40 12 0 53.972 56.6239
40 13 0 85.9253 115.174
40 14 0 54.3182 69.9834
40 15 0 84.8711 110.673
40 16 0 28.1797 39.3158
40 17 0 69.6656 91.8764
40 18 0 0.58814 0.819435
40 19 1 89.714 127.827
40 20 0 20.4341 29.6691
40 21 0 26.3581 35.4664
40 22 0 7.90414 9.56609
40 23 0 20.3971 26.5606
40 24 0 29.5851 44.2349
40 25 0 68.7937 73.617
40 26 0 16.163 18.8843
40 27 0 90.7825 94.5703
40 28 1 72.1242 104.759
40 29 0 64.7772 87.5808
40 30 0 77.7206 85.4752
40 31 0 22.5867 32.8174
40 32 1 14.7695 16.411
40 33 0 60.8712 90.7084
40 34 1 74.617 95.1233
40 35 1 67.5714 84.7407
40 36 0 44.8341 54.0498
40 37 0 81.9386 117.156
40 38 0 66.1486 73.1537
40 39 0 11.1386 11.6533
36.4877 10.9051 9.34675 4.96541 6.82083 23.5834 37.0018 3.49293 15.658 23.5464 7.39314 32.9605 14.6826 18.047 23.8573 32.62 24.8428 30.5217 14.3884 13.2834 33.5956 17.4387 2.34518 19.3765 1.39242 38.9305 27.7697 13.9546 16.9559 22.2311 13.8343 29.5401 11.6907 0.985208 1.04145 23.7173 22.7247 10.0035 25.6387 38.4639 