40
500
4
100
1 2 1 2.44511 2.49574
1 3 0 94.958 98.0227
1 4 0 49.7449 71.7188
1 5 0 62.5392 80.2641
1 6 1 56.26 67.7108
1 7 0 23.8126 30.6559
1 8 0 2.51431 3.29036
1 9 0 58.7291 70.4882
1 10 0 21.2247 31.7143
1 11 0 62.3551 77.3669
1 12 1 18.2312 23.594
1 13 0 21.4151 27.4215
1 14 0 2.87166 3.72467
1 15 0 57.8678 81.8783
1 16 1 84.5483 84.7787
1 17 0 20.1769 20.5551
1 18 0 61.2232 73.2089
1 19 0 64.0523 67.9618
1 20 0 91.5227 126.766
1 21 0 72.0676 85.1711
1 22 1 3.08607 3.98783
1 23 0 78.8372 80.4476
1 24 0 58.0011 61.7452
1 25 0 17.5257 21.0068
1 26 0 27.1947 38.8749
1 27 1 61.0369 89.0967
1 28 0 90.1976 132.177
1 29 0 34.7072 34.8459
1 30 1 96.6318 98.5899
1 31 0 60.7573 63.1334
1 32 0 83.2312 110.121
1 33 0 90.971 92.3659
1 34 1 26.5563 26.7598
1 35 0 13.9991 14.0259
1 36 0 50.0988 58.383
1 37 0 49.8888 54.3067
1 38 0 48.158 52.3076
1 39 0 69.3367 82.3972
1 40 0 11.972 14.9834
2 1 0 0.6344 0.906108
2 3 1 33.8425 44.6599
2 4 0 92.3217 117.191
2 5 1 40.0806 53.1232
2 6 0 39.7754 52.6982
2 7 1 32.4289 32.6028
2 8 0 80.1856 91.6992
2 9 1 92.5419 122.768
2 10 1 79.0761 89.4781
2 11 0 86.059 87.8868
2 12 0 55.2707 72.0988
2 13 1 52.3894 60.7733
2 14 0 6.29317 7.97802
2 15 0 60.6319 90.4302
2 16 1 57.3225 76.6125
2 17 0 50.9212 72.0432
2 18 0 42.9172 48.9538
2 19 0 4.3804 5.88415
2 20 1 21.8622 24.938
2 21 1 67.0126 100.198
2 22 0 24.3233 29.7708
2 23 0 23.2914 31.1314
2 24 0 64.9777 65.7362
2 25 0 51.7003 70.4472
2 26 0 29.7943 41.2888
2 27 0 13.1315 19.6244
2 28 1 50.283 55.2421
2 29 1 60.9733 86.3486
2 30 0 9.08566 9.73409
2 31 0 8.99084 11.6962
2 32 0 77.8447 100.331
2 33 0 98.8351 110.752
2 34 0 21.6791 31.5408
2 35 0 69.7097 81.1096
2 36 1 8.1959 11.2553
2 37 1 36.6614 54.1219
2 38 0 50.9319 62.3291
2 39 0 78.622 84.0266
2 40 0 10.3691 15.0838
3 1 0 48.4223 52.3563
3 2 0 41.1798 44.4663
3 4 1 34.451 37.1596
3 5 0 93.8975 129.086
3 6 0 12.5994 18.1432
3 7 0 61.2946 83.3544
3 8 0 99.9094 120.908
3 9 0 60.6521 61.0068
3 10 0 75.1449 98.9241
3 11 1 67.5231 78.9164
3 12 0 10.791 15.685
3 13 1 50.8478 64.2241
3 14 0 49.4802 61.0249
3 15 0 98.1467 129.462
3 16 0 60.0353 87.271
3 17 1 13.1197 15.0365
3 18 0 53.6012 64.2997
3 19 1 16.8348 19.8926
3 20 0 32.1898 39.5676
3 21 0 21.752 25.0642
3 22 0 80.3354 100.771
3 23 0 17.8527 26.468
3 24 0 20.5721 24.0456
3 25 1 45.9427 54.8367
3 26 0 36.0872 47.7649
3 27 0 14.5232 18.258
3 28 0 8.67112 12.0017
3 29 0 64.3657 67.8314
3 30 0 95.5412 111.074
3 31 1 91.5781 120.637
3 32 1 92.9143 96.6317
3 33 0 5.30404 6.31447
3 34 1 3.97868 4.36787
3 35 0 71.6405 106.527
3 36 1 96.4755 140.586
3 37 0 58.9162 64.482
3 38 0 2.67923 2.87719
3 39 0 32.7939 48.9748
3 40 1 55.4856 73.9919
4 1 1 35.4864 47.4735
4 2 0 45.3484 53.353
4 3 0 28.4194 34.4251
4 5 1 59.7905 86.8997
4 6 1 93.2176 110.136
4 7 1 45.0569 45.8873
4 8 1 7.72914 8.04383
4 9 0 44.2651 54.8874
4 10 0 90.2345 122.383
4 11 0 66.5646 94.8903
4 12 1 63.1094 88.005
4 13 0 62.7274 81.9378
4 14 0 66.216 91.755
4 15 0 39.4875 45.6495
4 16 0 32.821 44.5484
4 17 1 83.8681 99.8384
4 18 1 19.3158 22.7051
4 19 0 92.6179 126.139
4 20 1 42.2675 52.34
4 21 0 51.2554 67.2194
4 22 1 47.8785 55.5878
4 23 0 93.7649 123.052
4 24 1 84.6956 94.6034
4 25 0 73.9999 93.2388
4 26 0 31.7202 45.4668
4 27 0 95.1035 134.192
4 28 1 97.4184 130.037
4 29 0 5.89 6.75787
4 30 0 61.485 81.2411
4 31 0 14.6869 16.7005
4 32 0 70.741 97.8746
4 33 1 79.0138 96.5086
4 34 0 38.6157 46.0619
4 35 0 78.1517 85.2942
4 36 0 15.398 15.5443
4 37 1 12.8804 17.5755
4 38 1 52.4773 61.4816
4 39 0 63.146 69.549
4 40 1 91.8536 132.681
5 1 0 98.1125 136.657
5 2 0 34.239 45.9837
5 3 0 44.1921 46.1626
5 4 0 7.59667 8.99347
5 6 1 81.2587 85.8318
5 7 1 4.83503 5.94887
5 8 0 55.579 56.999
5 9 0 70.754 101.461
5 10 1 38.7852 48.2139
5 11 0 94.3966 124.985
5 12 0 35.9573 41.999
5 13 1 62.3852 65.371
5 14 0 16.5831 24.4785
5 15 1 98.2503 105.606
5 16 0 83.2768 117.026
5 17 0 63.6872 70.01
5 18 0 57.0232 79.5601
5 19 0 79.7391 83.9336
5 20 0 22.9281 25.5138
5 21 0 80.3294 84.2541
5 22 0 2.55921 3.24188
5 23 0 74.9381 102.898
5 24 1 52.8378 65.8831
5 25 0 37.4402 53.439
5 26 0 93.5407 97.041
5 27 1 88.1766 97.4941
5 28 0 77.2797 83.9774
5 29 0 2.33612 3.39576
5 30 0 54.6042 68.2995
5 31 0 22.1308 25.2966
5 32 0 12.5789 17.8779
5 33 0 85.1751 111.338
5 34 1 11.5519 14.2968
5 35 0 79.3448 112.415
5 36 1 13.3489 16.3275
5 37 0 5.81036 5.94331
5 38 1 90.8266 98.406
5 39 0 18.6785 27.9734
5 40 1 9.42541 12.1788
6 1 0 14.0752 18.6379
6 2 0 91.5038 127.24
6 3 0 46.1561 55.2778
6 4 1 89.6867 126.405
6 5 1 30.2273 31.3234
6 7 1 3.63219 5.06104
6 8 0 66.747 75.2706
6 9 1 83.6484 122.288
6 10 0 28.7116 31.965
6 11 1 66.5477 83.3949
6 12 0 21.3472 30.6743
6 13 1 62.3668 68.954
6 14 0 37.8657 38.6632
6 15 1 27.4094 37.0416
6 16 0 34.9051 47.6673
6 17 1 10.5384 11.0293
6 18 0 53.9248 66.2328
6 19 1 34.8299 49.8769
6 20 0 87.5597 115.763
6 21 1 66.7857 94.0512
6 22 0 64.0985 79.7531
6 23 1 55.4787 71.1945
6 24 0 83.9181 101.516
6 25 0 82.6455 110.699
6 26 1 39.3743 42.4586
6 27 0 1.68504 2.17795
6 28 0 23.5815 25.5489
6 29 0 86.387 122.107
6 30 0 54.6447 72.9026
6 31 1 2.4418 2.73395
6 32 0 69.0561 85.6468
6 33 0 51.98 54.5952
6 34 0 86.417 117.386
6 35 1 51.1875 59.9122
6 36 1 20.4554 22.3052
6 37 0 3.81471 4.88126
6 38 0 17.6665 19.9339
6 39 0 45.0142 66.5698
6 40 1 66.0776 91.0591
7 1 0 29.4159 29.9795
7 2 0 22.3695 25.0955
7 3 0 25.3258 37.5951
7 4 0 20.4967 28.9502
7 5 0 62.2386 64.8551
7 6 0 13.786 16.5677
7 8 1 21.5266 28.9347
7 9 0 4.58101 5.22636
7 10 0 44.2511 61.4695
7 11 0 71.5276 83.1751
7 12 0 53.5444 63.6313
7 13 0 7.72254 11.3126
7 14 0 64.6658 79.6491
7 15 1 92.9138 115.838
7 16 1 44.063 56.6135
7 17 0 39.3805 39.5007
7 18 1 76.1986 111.896
7 19 0 29.5546 38.0713
7 20 0 16.9093 24.9241
7 21 1 27.6475 37.021
7 22 1 6.30122 6.72749
7 23 0 86.8785 95.2063
7 24 1 93.9478 95.8378
7 25 1 70.2501 86.7019
7 26 0 68.7024 86.8937
7 27 1 63.8018 87.5346
7 28 0 67.7523 80.3183
7 29 0 73.7532 100.978
7 30 0 32.807 42.0178
7 31 0 33.8008 40.5255
7 32 1 88.8206 92.8676
7 33 1 24.0632 29.1916
7 34 0 95.4071 111.683
7 35 0 37.9245 41.5778
7 36 0 37.1823 44.2479
7 37 0 12.1928 13.1395
7 38 1 16.6528 24.4552
7 39 1 6.96366 7.91251
7 40 1 61.5801 76.7465
8 1 0 93.0815 114.06
8 2 0 12.6181 14.2053
8 3 0 97.892 128.395
8 4 0 12.8475 15.5717
8 5 0 17.12 20.6764
8 6 0 73.2761 76.7164
8 7 0 10.4117 11.8378
8 9 1 7.3789 9.66591
8 10 0 51.8912 55.4713
8 11 0 80.1786 111.593
8 12 0 61.4917 84.9713
8 13 0 34.6884 36.4182
8 14 1 45.1117 61.5247
8 15 0 72.6743 91.7037
8 16 0 23.1744 24.4799
8 17 0 72.9251 76.818
8 18 1 51.5736 64.11
8 19 0 76.3899 81.2321
8 20 0 23.1305 28.4317
8 21 0 97.9983 133.834
8 22 0 35.799 42.8441
8 23 0 4.53768 5.03065
8 24 0 13.1278 15.4696
8 25 0 74.064 88.3584
8 26 0 57.4807 74.6793
8 27 1 29.7259 43.3901
8 28 1 53.9958 79.6213
8 29 0 81.8996 108.593
8 30 0 64.204 92.7069
8 31 1 70.6005 70.9454
8 32 0 96.6248 119.287
8 33 0 51.438 64.0415
8 34 1 77.5108 94.5393
8 35 0 23.6723 24.6596
8 36 0 60.1674 60.945
8 37 1 83.4298 99.132
8 38 1 73.293 76.9097
8 39 0 93.8214 132.173
8 40 0 63.3173 71.4348
9 1 0 35.0218 48.7449
9 2 0 67.4113 97.0801
9 3 0 82.3592 94.3977
9 4 1 72.6042 80.1944
9 5 1 58.1155 73.5978
9 6 0 55.479 73.2086
9 7 0 13.6237 19.5533
9 8 0 56.8985 72.2003
9 10 1 69.8306 75.9716
9 11 0 11.4811 13.5664
9 12 1 91.6898 135.688
9 13 0 30.0296 35.3405
9 14 0 36.1286 48.6333
9 15 0 42.774 43.7885
9 16 0 76.7099 97.5824
9 17 0 89.7633 107.598
9 18 0 79.4593 104.635
9 19 1 84.5293 96.9198
9 20 1 76.6489 94.4295
9 21 0 61.6918 61.733
9 22 0 2.48543 3.57617
9 23 0 92.7622 103.049
9 24 1 46.5106 67.2588
9 25 0 64.8034 79.1216
9 26 0 95.7164 106.389
9 27 0 47.5796 70.3394
9 28 1 94.4129 112.662
9 29 0 0.219339 0.27497
9 30 1 42.2064 43.7351
9 31 0 95.8209 116.459
9 32 1 36.5819 39.3274
9 33 0 37.6507 51.1884
9 34 0 18.0666 26.7111
9 35 1 92.9269 111.628
9 36 1 63.2974 84.4866
9 37 1 55.2449 75.9366
9 38 1 87.2667 117.758
9 39 1 35.1636 38.5892
9 40 0 66.7626 85.9372
10 1 0 2.3729 2.55755
10 2 0 32.537 36.9825
10 3 1 7.5611 11.2508
10 4 0 6.92428 7.16741
10 5 1 13.8188 18.6816
10 6 0 91.4318 113.872
10 7 0 80.2224 109.747
10 8 1 36.8617 52.3739
10 9 1 30.9867 39.3653
10 11 1 81.1362 118.227
10 12 0 24.3423 36.0479
10 13 0 51.0682 73.9782
10 14 1 73.6175 84.7782
10 15 0 59.3779 77.6824
10 16 0 92.4045 125.791
10 17 0 91.9274 111.032
10 18 0 32.0104 44.2943
10 19 0 39.9961 41.6275
10 20 1 79.7372 115.984
10 21 0 67.3189 72.2191
10 22 0 94.0482 126.204
10 23 0 0.259818 0.29201
10 24 0 68.224 91.8172
10 25 0 68.2424 80.4623
10 26 0 86.3252 104.706
10 27 0 83.5444 107.872
10 28 1 81.3863 96.6391
10 29 0 60.4638 77.6665
10 30 1 87.4595 100.304
10 31 1 41.522 49.6389
10 32 0 49.8245 69.7063
10 33 1 86.4305 96.0373
10 34 1 63.5494 86.7004
10 35 0 97.227 138.183
10 36 0 32.9903 45.3559
10 37 0 79.8191 109.401
10 38 1 62.7517 76.3919
10 39 0 56.1808 73.1288
10 40 0 94.7036 141.832
11 1 0 50.0079 60.0156
11 2 0 37.4024 48.5608
11 3 0 21.7078 29.2184
11 4 0 70.3167 89.1972
11 5 0 5.02726 6.01748
11 6 0 17.7585 20.1491
11 7 0 43.1059 61.7676
11 8 0 74.5586 83.1412
11 9 0 21.6628 31.9649
11 10 0 74.7164 104.606
11 12 1 54.395 76.4569
11 13 1 75.4332 92.419
11 14 1 94.8172 95.5864
11 15 0 16.7769 24.9569
11 16 0 27.4553 39.9866
11 17 1 38.2675 55.0668
11 18 1 20.0014 28.7992
11 19 0 3.12949 3.15659
11 20 0 73.5722 100.719
11 21 0 97.2735 127.683
11 22 1 30.244 38.0426
11 23 0 42.2573 52.5114
11 24 1 41.6585 44.2641
11 25 0 70.6136 87.0287
11 26 0 57.9207 80.1656
11 27 0 93.7702 110.697
11 28 0 34.2034 42.4053
11 29 0 11.5285 17.1038
11 30 1 93.1961 97.0734
11 31 0 98.791 129.671
11 32 1 72.635 106.551
11 33 0 96.8628 124.662
11 34 0 16.7052 21.0293
11 35 0 56.5894 76.7561
11 36 0 60.0236 67.6491
11 37 0 88.3301 118.54
11 38 1 54.8186 55.1851
11 39 0 6.59976 7.06278
11 40 1 52.7867 77.7333
12 1 0 69.4812 80.3013
12 2 1 2.22288 3.28608
12 3 0 83.4525 101.985
12 4 0 15.4096 20.8498
12 5 0 85.3866 121.862
12 6 1 43.1996 48.6347
12 7 0 3.58792 4.2354
12 8 0 81.4361 82.9943
12 9 0 27.9019 37.348
12 10 0 98.2752 98.5857
12 11 0 54.9048 60.5952
12 13 1 28.6272 37.6655
12 14 1 77.1447 104.454
12 15 0 22.1892 24.2828
12 16 0 93.4183 130.139
12 17 0 66.309 85.1474
12 18 0 67.4922 84.4647
12 19 1 17.1457 17.6078
12 20 0 64.8507 75.0956
12 21 1 12.3017 17.1264
12 22 0 14.1409 17.4431
12 23 0 47.8182 65.0202
12 24 0 6.11907 6.94697
12 25 0 25.9694 36.3171
12 26 0 52.9866 67.7156
12 27 0 20.8186 24.9089
12 28 0 85.142 92.8616
12 29 0 79.8618 89.4096
12 30 1 59.0892 61.8756
12 31 0 46.422 51.3102
12 32 0 39.9152 55.5178
12 33 0 10.6673 14.383
12 34 1 24.6688 26.1342
12 35 0 51.8799 74.3385
12 36 1 48.8366 63.1761
12 37 1 0.867883 1.14585
12 38 0 71.7158 79.6527
12 39 0 98.3264 124.278
12 40 1 45.567 63.4454
13 1 1 55.9423 77.9258
13 2 0 44.2728 51.6168
13 3 0 94.8952 132.012
13 4 0 50.6792 73.7548
13 5 1 39.1541 48.5338
13 6 0 22.3869 24.1607
13 7 0 42.6512 45.2365
13 8 1 38.0512 44.8974
13 9 0 94.8344 132.649
13 10 0 69.335 86.1864
13 11 0 81.4695 117.748
13 12 0 67.5405 71.4529
13 14 1 8.52188 11.1711
13 15 1 24.134 24.8356
13 16 0 81.5927 104.989
13 17 0 51.6338 61.165
13 18 0 13.1966 14.2522
13 19 0 8.35966 10.5084
13 20 0 74.3809 99.9903
13 21 0 84.5452 92.9946
13 22 1 4.0217 4.79158
13 23 0 86.5068 112.098
13 24 0 84.2209 122.124
13 25 1 93.7741 96.4389
13 26 0 91.6149 122.533
13 27 0 45.1846 50.4166
13 28 0 63.5967 68.0266
13 29 0 14.5609 20.3362
13 30 0 64.7587 88.4222
13 31 0 95.2607 137.53
13 32 0 48.1456 56.1556
13 33 1 63.5248 75.5658
13 34 0 75.0743 96.4425
13 35 1 7.45831 9.16975
13 36 0 99.8759 143.012
13 37 1 57.0712 81.9367
13 38 1 71.5033 84.5756
13 39 0 71.0508 93.5629
13 40 1 6.74476 9.6993
14 1 1 60.8185 81.533
14 2 1 15.2235 21.5868
14 3 0 46.4851 64.4608
14 4 0 35.1041 37.7745
14 5 0 70.4394 73.5436
14 6 1 59.1766 87.7037
14 7 0 27.2926 32.233
14 8 0 20.4884 29.0104
14 9 0 96.2042 119.048
14 10 0 73.7236 107.767
14 11 0 14.3681 19.2213
14 12 0 10.1937 10.428
14 13 1 57.4488 68.8446
14 15 1 92.7394 115.606
14 16 0 83.7232 97.7851
14 17 1 30.99 42.6273
14 18 0 82.1329 115.374
14 19 0 39.8485 46.9284
14 20 1 57.7552 80.8465
14 21 1 86.164 124.917
14 22 1 35.374 47.8245
14 23 0 46.9155 61.7264
14 24 0 73.0383 88.8517
14 25 0 4.58864 5.3136
14 26 0 0.0199544 0.0214837
14 27 1 61.9195 72.2659
14 28 0 50.783 51.3828
14 29 0 61.4187 67.6362
14 30 0 43.6616 59.0544
14 31 0 29.2472 42.1088
14 32 1 33.7019 43.5575
14 33 0 64.236 94.6069
14 34 0 54.3242 59.1819
14 35 1 3.86527 4.66734
14 36 0 98.962 127.481
14 37 1 77.1659 94.2223
14 38 0 26.4926 36.3746
14 39 1 74.3587 82.6491
14 40 0 48.3548 59.8143
15 1 1 60.918 75.6467
15 2 0 84.6131 123.019
15 3 0 35.8374 48.6231
15 4 0 19.6502 23.5034
15 5 1 46.5914 66.3592
15 6 0 25.4803 30.0624
15 7 0 33.2508 33.9507
15 8 1 14.2727 21.3805
15 9 0 21.2399 21.8683
15 10 1 14.181 18.0511
15 11 0 90.1095 122.918
15 12 0 60.6844 90.879
15 13 0 3.73002 4.56592
15 14 0 62.4771 76.9115
15 16 1 57.957 73.6585
15 17 0 50.8619 52.2897
15 18 0 20.9189 30.6092
15 19 1 71.1946 75.4198
15 20 0 9.30437 10.2583
15 21 0 81.1359 92.0856
15 22 0 53.8896 57.2334
15 23 0 66.0476 69.6873
15 24 1 27.3026 38.2916
15 25 0 35.7881 52.1963
15 26 0 13.3822 13.891
15 27 0 67.8648 92.4862
15 28 0 61.387 79.6323
15 29 0 82.4986 100.716
15 30 0 27.4113 30.1064
15 31 1 32.0021 37.7839
15 32 0 90.4558 102.115
15 33 0 4.08643 4.15436
15 34 0 0.284554 0.369606
15 35 0 53.5696 77.9797
15 36 0 51.1966 56.7597
15 37 0 29.3651 38.4333
15 38 1 12.9538 18.6251
15 39 0 48.8756 59.5633
15 40 0 87.6601 126.223
16 1 0 18.785 27.7867
16 2 0 39.6016 57.0517
16 3 0 1.3834 2.05471
16 4 1 41.8418 55.9361
16 5 0 92.9323 129.361
16 6 0 83.1939 118.178
16 7 0 45.6423 53.3851
16 8 0 39.9676 40.8699
16 9 0 6.98771 10.3435
16 10 0 88.8533 118.849
16 11 0 45.6197 67.9817
16 12 0 77.7139 78.4606
16 13 0 51.0402 72.1391
16 14 0 2.03374 2.48883
16 15 0 42.5002 61.6914
16 17 1 87.0183 124.84
16 18 1 90.4512 109.514
16 19 0 12.8719 17.2101
16 20 0 32.6175 45.7783
16 21 1 69.139 70.4213
16 22 1 84.7854 94.3727
16 23 0 16.8628 19.0435
16 24 0 10.8297 15.5074
16 25 0 79.115 104.272
16 26 0 56.8603 81.959
16 27 0 22.2603 30.1759
16 28 0 19.676 28.5856
16 29 0 29.8868 39.1093
16 30 0 81.0158 109.747
16 31 0 38.3002 50.0323
16 32 0 37.623 44.2522
16 33 0 15.3056 17.5116
16 34 0 25.9229 33.1153
16 35 0 9.875 11.9771
16 36 1 96.3907 134.17
16 37 0 61.1058 85.2643
16 38 1 68.6348 75.308
16 39 1 52.4406 75.3
16 40 0 28.2137 30.0232
17 1 0 87.4939 89.1
17 2 0 42.9404 53.2601
17 3 0 16.1483 18.4601
17 4 1 99.7082 110.647
17 5 1 52.9393 62.0415
17 6 0 2.77591 2.85694
17 7 0 4.40393 4.6827
17 8 0 20.2917 28.0356
17 9 0 47.2296 50.1197
17 10 0 2.76347 3.17608
17 11 1 61.111 75.3103
17 12 1 54.5207 55.1155
17 13 0 35.2057 51.3608
17 14 0 59.5614 73.7241
17 15 1 70.3473 98.825
17 16 0 8.59421 9.58771
17 18 1 54.7512 77.7603
17 19 0 27.7648 37.9765
17 20 0 88.3994 126.878
17 21 0 13.0675 18.9259
17 22 0 46.4561 60.975
17 23 0 37.7028 53.1148
17 24 1 40.712 40.7249
17 25 0 39.0442 44.2794
17 26 0 65.4585 81.7387
17 27 0 80.9226 119.552
17 28 0 9.8242 14.5752
17 29 1 27.9057 30.6724
17 30 0 44.0885 62.4181
17 31 0 23.4049 26.8713
17 32 0 97.4384 129.808
17 33 0 87.9493 121.418
17 34 1 95.0816 101.481
17 35 0 11.6829 12.2856
17 36 0 32.4437 38.4758
17 37 0 85.3638 97.5409
17 38 0 3.73886 4.71248
17 39 0 93.3592 101.588
17 40 1 67.1008 91.8776
18 1 1 28.6013 37.3371
18 2 1 23.1758 33.2331
18 3 0 14.0032 19.8044
18 4 0 36.9503 44.4621
18 5 0 43.4079 47.6684
18 6 1 60.3387 89.9236
18 7 0 56.753 81.7324
18 8 0 12.0603 15.7155
18 9 0 5.95585 6.27973
18 10 0 34.9952 45.4332
18 11 1 76.3927 114.165
18 12 0 70.3652 100.847
18 13 0 46.8945 68.2917
18 14 0 32.482 33.7971
18 15 0 99.9109 126.105
18 16 0 52.1369 68.7204
18 17 1 63.1023 79.2079
18 19 1 31.655 44.765
18 20 0 19.971 25.2781
18 21 0 88.6019 126.472
18 22 0 64.7127 85.0407
18 23 0 55.8713 62.4162
18 24 1 16.0376 18.6385
18 25 0 16.1354 18.8758
18 26 1 18.8708 22.2404
18 27 0 92.2232 95.8058
18 28 0 63.5318 86.1504
18 29 0 67.4821 94.606
18 30 0 79.6289 118.164
18 31 0 27.5976 36.8874
18 32 0 81.8443 94.7061
18 33 0 63.1033 70.8223
18 34 1 20.0726 24.6828
18 35 1 96.5275 137.125
18 36 1 26.8701 31.8206
18 37 0 29.9974 41.5405
18 38 0 22.9569 27.8858
18 39 0 36.6775 47.7869
18 40 1 38.8429 56.4589
19 1 0 12.9376 13.2081
19 2 0 38.7444 39.0892
19 3 1 16.8359 19.8788
19 4 1 61.5277 62.4755
19 5 0 25.0673 34.5565
19 6 0 1.64907 2.30612
19 7 0 25.2853 29.7852
19 8 0 13.1418 17.0134
19 9 0 61.3044 75.0638
19 10 0 55.2992 77.3693
19 11 1 72.2924 79.7802
19 12 0 45.5934 57.6175
19 13 0 56.864 74.7963
19 14 0 6.42475 8.9541
19 15 0 55.5556 77.1671
19 16 0 32.4674 40.0093
19 17 1 7.71061 10.2852
19 18 1 2.45517 3.40384
19 20 1 80.1102 112.803
19 21 0 51.4268 63.8621
19 22 0 81.154 118.537
19 23 0 6.67592 6.904
19 24 1 98.2724 138.052
19 25 1 52.3997 58.1201
19 26 0 2.20052 2.27921
19 27 0 63.9634 82.17
19 28 1 46.1069 56.495
19 29 0 12.3657 12.76
19 30 0 80.7078 120.291
19 31 0 84.1458 108.109
19 32 0 65.7551 65.7883
19 33 0 60.3827 81.0901
19 34 1 49.7669 70.9786
19 35 0 39.0504 47.0324
19 36 0 43.8703 47.0785
19 37 0 68.0578 69.6545
19 38 1 22.5976 26.9322
19 39 0 62.2007 92.2249
19 40 1 98.6414 102.749
20 1 0 31.8664 45.9683
20 2 0 56.2562 63.9079
20 3 1 30.9575 36.1885
20 4 0 15.8423 18.1836
20 5 0 28.2296 39.587
20 6 1 24.2356 35.0602
20 7 1 13.1318 19.2898
20 8 0 94.4755 100.768
20 9 0 48.6227 64.6876
20 10 0 66.7297 77.9862
20 11 0 34.1711 35.6303
20 12 0 41.0363 59.1237
20 13 0 29.4049 40.4512
20 14 0 86.4106 86.4632
20 15 0 1.67995 1.90936
20 16 0 0.921055 1.31147
20 17 0 27.8834 31.5569
20 18 0 30.6 34.4372
20 19 0 55.6739 65.1067
20 21 1 80.1671 96.8783
20 22 1 28.438 35.7668
20 23 0 12.5959 13.0164
20 24 1 83.1788 120.947
20 25 0 57.2394 76.7601
20 26 0 97.4073 137.957
20 27 1 6.01779 7.13226
20 28 0 56.217 73.247
20 29 0 98.818 108.114
20 30 1 23.7618 26.344
20 31 0 3.69984 5.08337
20 32 0 63.7733 78.2835
20 33 0 34.8881 52.1597
20 34 1 7.30748 8.17507
20 35 0 38.2003 51.7748
20 36 1 25.9245 33.7174
20 37 1 86.667 87.6642
20 38 1 11.479 16.2658
20 39 0 47.0357 52.4576
20 40 0 50.7387 71.249
21 1 0 78.39 111.556
21 2 1 63.6156 66.79
21 3 0 42.1783 50.9692
21 4 1 75.6266 106.293
21 5 0 31.9327 31.9384
21 6 0 1.08143 1.2051
21 7 1 36.2817 51.0074
21 8 1 90.6685 106.216
21 9 0 37.5748 42.1324
21 10 0 78.7612 102.11
21 11 0 65.8188 94.0235
21 12 0 64.7469 65.9248
21 13 1 17.0618 17.4767
21 14 0 27.4163 35.8438
21 15 0 39.8076 57.4296
21 16 0 89.4869 117.471
21 17 0 95.0299 96.9501
21 18 0 86.4134 112.332
21 19 0 45.9002 47.1391
21 20 0 13.5262 16.6788
21 22 1 38.6172 47.2299
21 23 0 98.2081 128.441
21 24 0 39.714 50.0128
21 25 0 19.4621 21.1912
21 26 0 18.876 26.4679
21 27 0 34.8892 51.4258
21 28 0 83.9864 106.807
21 29 0 20.6876 30.5891
21 30 0 83.2528 100.597
21 31 0 44.6671 51.7635
21 32 0 46.8798 51.7962
21 33 0 41.0951 56.1666
21 34 1 57.729 82.7951
21 35 1 96.7171 123.331
21 36 0 98.1414 139.782
21 37 0 99.6737 140.034
21 38 1 9.99642 14.2099
21 39 0 44.591 65.7693
21 40 0 14.2562 16.4798
22 1 0 9.36856 13.6887
22 2 1 64.9657 66.489
22 3 1 84.0619 121.488
22 4 0 62.9925 72.9948
22 5 1 26.8198 33.9633
22 6 0 29.4281 31.2614
22 7 0 87.5739 110.235
22 8 0 83.3164 104.277
22 9 1 60.11 68.479
22 10 0 6.34295 6.9608
22 11 1 10.5627 11.6276
22 12 0 65.8184 94.7865
22 13 0 65.4658 75.1283
22 14 0 69.3044 80.832
22 15 1 93.5169 108.258
22 16 1 59.659 70.0111
22 17 0 10.1971 14.1681
22 18 1 28.6686 38.2957
22 19 0 79.8773 85.9541
22 20 1 5.97165 7.07556
22 21 1 64.9338 65.1154
22 23 1 81.9914 98.4824
22 24 0 59.0236 70.0458
22 25 1 62.3259 79.1248
22 26 0 51.4616 63.2588
22 27 0 84.7781 108.167
22 28 0 61.6795 68.5042
22 29 0 80.6273 87.33
22 30 0 22.6395 26.8125
22 31 0 73.8064 84.1069
22 32 1 33.3912 48.8321
22 33 0 64.6464 68.7837
22 34 1 55.8131 64.1376
22 35 0 57.3582 73.6308
22 36 0 58.7839 70.9617
22 37 0 62.8504 90.8568
22 38 0 63.3234 87.9425
22 39 0 80.1915 80.9657
22 40 0 60.7104 62.9652
23 1 0 26.8853 32.868
23 2 0 98.6363 112.909
23 3 0 9.79745 11.8901
23 4 1 15.1633 18.8892
23 5 0 19.3497 21.0477
23 6 0 19.7336 21.6361
23 7 0 81.304 90.4197
23 8 0 71.2298 78.1044
23 9 1 73.4732 83.8953
23 10 1 59.4017 83.4539
23 11 0 43.5112 55.1667
23 12 0 78.0783 80.6036
23 13 0 51.9881 65.6209
23 14 0 2.62607 3.92832
23 15 0 11.6728 14.3251
23 16 0 75.207 95.8844
23 17 0 81.6575 98.4543
23 18 1 25.215 32.3708
23 19 0 93.213 130.861
23 20 1 63.2922 65.9987
23 21 0 77.9099 91.6401
23 22 1 52.8401 73.3611
23 24 1 28.0615 36.3924
23 25 0 33.6724 44.0589
23 26 0 63.7094 64.2863
23 27 1 52.4777 73.7903
23 28 1 27.9654 30.4861
23 29 1 38.0747 46.7478
23 30 0 15.5849 21.9189
23 31 1 3.89607 4.54065
23 32 0 1.2647 1.74994
23 33 0 45.4766 46.6434
23 34 0 9.84824 11.0554
23 35 0 25.796 27.5139
23 36 0 84.879 121.699
23 37 0 36.3852 38.5647
23 38 0 29.0382 39.9172
23 39 0 48.8679 69.5043
23 40 1 3.41989 3.50309
24 1 1 90.0159 129.044
24 2 0 98.4744 109.384
24 3 0 30.5632 32.5579
24 4 1 95.6822 132.052
24 5 0 11.7517 12.5869
24 6 0 0.474605 0.606598
24 7 0 97.3141 118.019
24 8 1 32.0529 47.3318
24 9 0 21.493 24.1045
24 10 0 75.6367 96.1841
24 11 0 92.481 107.932
24 12 1 32.8168 37.5724
24 13 0 19.7683 28.3534
24 14 0 45.938 63.2745
24 15 0 58.1306 70.4097
24 16 0 26.3033 38.5639
24 17 0 76.6864 85.4694
24 18 0 80.0985 113.889
24 19 1 31.0789 42.4857
24 20 0 12.2553 16.4857
24 21 0 10.1412 14.6844
24 22 0 35.1529 44.7607
24 23 0 55.8158 67.9295
24 25 1 22.7479 26.9987
24 26 1 60.1451 63.4142
24 27 0 82.3595 114.189
24 28 0 84.1574 90.8277
24 29 0 97.087 143.888
24 30 0 82.0325 95.3544
24 31 0 40.8902 46.0797
24 32 0 16.7776 21.1571
24 33 0 14.5914 20.7827
24 34 0 99.5056 130.722
24 35 0 41.3016 49.618
24 36 0 40.5417 56.6784
24 37 0 61.9801 90.1305
24 38 0 96.3347 139.677
24 39 0 75.0467 100.923
24 40 1 11.5968 13.6798
25 1 0 14.4319 17.475
25 2 1 45.0793 64.0792
25 3 0 42.9535 52.2971
25 4 0 37.9567 45.0561
25 5 1 38.2863 49.0992
25 6 1 41.3137 42.5135
25 7 1 70.7408 105.473
25 8 1 88.276 125.672
25 9 0 78.6358 80.5361
25 10 0 23.2638 34.3104
25 11 1 7.52046 7.79059
25 12 1 51.572 74.3219
25 13 0 5.83595 6.4073
25 14 1 25.9403 33.3262
25 15 0 12.4604 15.1824
25 16 1 24.3595 28.5899
25 17 0 20.9603 26.663
25 18 0 23.4511 27.7067
25 19 0 13.722 17.8994
25 20 0 10.3145 12.2417
25 21 0 11.9542 13.3556
25 22 0 48.183 54.4821
25 23 1 31.3575 34.1544
25 24 0 41.4246 53.3059
25 26 1 25.2423 34.6971
25 27 0 56.3046 84.3503
25 28 1 18.8262 21.9957
25 29 1 25.6068 30.8526
25 30 0 74.1877 91.8079
25 31 1 54.857 63.4242
25 32 0 48.4983 49.463
25 33 1 56.2256 61.3884
25 34 0 85.311 96.0879
25 35 1 68.6711 92.4636
25 36 0 33.0938 47.3995
25 37 1 84.0267 88.9767
25 38 0 56.7942 80.8066
25 39 0 71.8853 72.087
25 40 0 3.68807 4.60223
26 1 0 7.04803 10.0827
26 2 1 79.1291 109.452
26 3 0 2.13131 3.07748
26 4 0 42.6181 63.0934
26 5 1 36.8255 46.4105
26 6 1 56.8482 61.0814
26 7 0 17.9342 21.1676
26 8 1 83.9498 85.8198
26 9 1 64.2779 86.6157
26 10 0 32.2012 32.9455
26 11 1 5.68598 6.49562
26 12 1 43.548 64.8617
26 13 0 75.8753 92.4922
26 14 1 66.2596 91.0764
26 15 1 73.2317 91.3826
26 16 0 20.2918 22.3018
26 17 0 76.6816 92.5814
26 18 1 14.434 20.7071
26 19 0 53.7424 72.8347
26 20 1 85.8619 100.78
26 21 0 80.3816 81.3938
26 22 0 23.994 26.4447
26 23 1 47.3466 55.5161
26 24 0 21.746 29.8134
26 25 0 23.4376 30.8074
26 27 1 66.7446 84.8671
26 28 0 92.2594 97.2334
26 29 1 14.7225 16.9167
26 30 0 54.9771 72.1219
26 31 0 99.8214 131.825
26 32 0 47.9049 49.6977
26 33 0 52.0186 55.6614
26 34 0 22.021 23.2946
26 35 0 96.3964 110.925
26 36 0 63.8285 69.629
26 37 0 5.55155 6.89978
26 38 0 99.8699 134.318
26 39 0 97.4729 125.316
26 40 0 86.862 99.2341
27 1 1 98.9607 127.337
27 2 0 90.2864 118.324
27 3 0 38.5317 52.4809
27 4 0 59.8275 67.3617
27 5 0 77.7631 91.801
27 6 1 15.9074 18.0153
27 7 0 22.395 26.8888
27 8 0 13.0804 15.9743
27 9 0 59.2578 75.1831
27 10 1 1.34601 1.91864
27 11 0 33.7099 39.3204
27 12 0 4.94436 7.39548
27 13 0 12.7915 16.7585
27 14 0 89.817 92.0525
27 15 0 51.6503 56.8341
27 16 1 44.7024 55.5638
27 17 0 56.0404 62.5249
27 18 1 46.3317 64.3669
27 19 0 86.0748 110.249
27 20 1 42.8764 43.6617
27 21 0 13.5488 18.6282
27 22 0 23.0504 30.5719
27 23 0 69.8929 101.766
27 24 0 48.3393 62.0573
27 25 1 26.8129 34.1707
27 26 0 87.0116 88.1004
27 28 1 35.131 42.5726
27 29 0 35.8661 53.4325
27 30 0 36.0113 53.3347
27 31 0 42.7569 59.036
27 32 0 71.1271 81.4892
27 33 0 72.357 96.3703
27 34 0 4.37457 5.51621
27 35 0 95.9376 99.7738
27 36 0 42.5552 58.0318
27 37 1 55.9259 82.775
27 38 0 59.4178 80.1405
27 39 1 59.6506 75.0621
27 40 0 62.246 65.3563
28 1 0 69.3039 84.2858
28 2 0 46.5247 48.478
28 3 0 16.7214 21.9694
28 4 1 51.1198 63.8706
28 5 0 31.0517 35.5455
28 6 0 94.8911 101.326
28 7 0 31.0341 43.4753
28 8 0 3.99694 5.56086
28 9 0 17.3756 17.8643
28 10 1 84.9356 111.108
28 11 0 14.5842 15.5308
28 12 0 32.8855 47.672
28 13 0 8.62712 10.69
28 14 0 10.4435 15.5193
28 15 0 11.7009 12.9901
28 16 0 43.4688 56.7578
28 17 0 90.494 122.426
28 18 0 8.36741 11.8163
28 19 0 0.0918349 0.0979201
28 20 0 83.8108 86.0353
28 21 1 93.6042 134.975
28 22 0 30.8002 33.3584
28 23 0 62.7726 82.1775
28 24 0 25.032 33.6673
28 25 1 31.0058 43.3752
28 26 0 93.451 114.521
28 27 0 58.386 66.9058
28 29 1 32.3117 39.5594
28 30 1 46.3914 53.6527
28 31 0 59.0697 87.102
28 32 0 0.748352 0.855322
28 33 0 95.0766 110.841
28 34 0 76.573 103.332
28 35 1 48.2984 69.6903
28 36 1 4.01803 5.47646
28 37 0 18.4951 26.0371
28 38 0 47.4869 69.9138
28 39 0 25.0182 33.1112
28 40 0 40.3599 48.9148
29 1 0 86.0927 119.85
29 2 0 12.8762 12.9135
29 3 1 9.81415 10.8076
29 4 0 80.1971 114.024
29 5 0 32.5996 34.1094
29 6 0 40.9584 42.3906
29 7 1 72.4508 76.5782
29 8 0 39.7999 50.8195
29 9 1 54.7694 76.0036
29 10 1 77.5475 90.1971
29 11 0 37.2181 40.4576
29 12 0 14.4854 21.0417
29 13 1 55.5621 75.8244
29 14 0 51.8486 59.5611
29 15 0 12.8699 16.5367
29 16 0 47.847 53.5276
29 17 1 72.5281 81.7537
29 18 1 61.8599 62.8991
29 19 1 91.0416 110.13
29 20 1 16.6717 22.9761
29 21 0 9.8276 13.0397
29 22 0 31.7737 39.4631
29 23 0 47.9787 70.8477
29 24 1 76.0125 106.026
29 25 0 19.2635 20.0834
29 26 0 77.4497 113.714
29 27 0 24.4746 28.8485
29 28 0 7.20369 7.31171
29 30 1 80.7467 89.1689
29 31 0 21.2321 23.5311
29 32 0 44.5305 52.377
29 33 0 87.5165 101.895
29 34 1 81.2521 110.987
29 35 0 52.2377 72.1285
29 36 0 2.08091 2.53743
29 37 0 95.8064 139.194
29 38 0 18.3458 19.1147
29 39 1 46.1322 59.2902
29 40 0 75.6368 77.3977
30 1 0 23.3861 28.9217
30 2 0 50.1129 60.7007
30 3 0 27.7118 35.6593
30 4 0 79.25 101.151
30 5 0 90.5216 100.541
30 6 0 27.2365 34.9312
30 7 0 42.744 57.1996
30 8 1 78.4472 93.8386
30 9 0 98.9214 132.845
30 10 0 23.8681 31.6868
30 11 0 88.0576 90.4688
30 12 0 71.1657 82.3969
30 13 0 35.6077 51.5934
30 14 1 61.9354 88.4172
30 15 0 19.0496 25.1531
30 16 0 97.1307 100.737
30 17 0 72.4773 85.4241
30 18 0 42.3049 54.115
30 19 0 1.62132 2.35011
30 20 0 51.6886 63.3704
30 21 0 84.0152 84.1048
30 22 1 64.4867 81.6596
30 23 0 31.3108 46.9107
30 24 0 96.1144 100.836
30 25 1 30.5551 32.9751
30 26 0 28.4594 32.9103
30 27 0 22.9658 31.4428
30 28 1 26.5162 34.9471
30 29 0 82.4538 111.568
30 31 1 86.0242 124.201
30 32 0 8.83891 10.6877
30 33 0 47.7024 52.3368
30 34 1 95.3129 141.913
30 35 1 71.4359 73.3343
30 36 0 97.5512 103.656
30 37 1 31.2522 32.5338
30 38 1 91.6863 92.3189
30 39 0 66.4512 84.0494
30 40 1 62.928 68.839
31 1 0 86.2017 124.433
31 2 1 95.0979 111.26
31 3 0 12.5072 12.5078
31 4 0 73.8904 80.9096
31 5 0 54.9237 80.208
31 6 1 64.0746 80.5866
31 7 1 62.8048 67.8475
31 8 0 43.5897 49.1152
31 9 1 3.01735 3.5856
31 10 0 12.6619 13.9962
31 11 0 8.34898 12.0468
31 12 0 9.59673 11.2017
31 13 0 43.1842 57.2774
31 14 0 65.6581 96.3258
31 15 0 74.6988 111.618
31 16 0 21.3787 24.26
31 17 1 94.6469 117.282
31 18 1 37.5265 53.7368
31 19 1 79.1784 114.529
31 20 0 49.5253 65.1585
31 21 1 92.1766 103.686
31 22 0 16.1882 21.097
31 23 1 38.8153 43.4133
31 24 0 78.1276 84.9185
31 25 0 90.2055 121.248
31 26 0 57.7556 71.074
31 27 0 89.3256 132.836
31 28 0 36.4886 51.1983
31 29 0 42.4632 50.1758
31 30 0 68.9807 101.123
31 32 1 55.9731 80.5911
31 33 0 12.0273 13.7131
31 34 1 40.1005 57.5022
31 35 0 10.4056 12.2306
31 36 0 73.548 102.184
31 37 0 99.5159 132.964
31 38 0 71.9106 83.2106
31 39 0 48.9646 63.6526
31 40 0 84.2117 115.215
32 1 1 22.7974 29.3943
32 2 1 8.5866 12.5858
32 3 1 58.9614 79.3735
32 4 0 63.4048 65.0675
32 5 1 12.576 14.7786
32 6 0 76.2156 88.6847
32 7 1 96.233 121.704
32 8 0 90.1992 111.982
32 9 0 44.0663 62.3152
32 10 0 68.5545 91.4457
32 11 1 59.1539 61.9072
32 12 0 59.4794 72.0466
32 13 1 78.2706 104.336
32 14 0 87.7454 115.996
32 15 0 73.2626 94.8446
32 16 1 33.0858 37.898
32 17 0 1.97038 2.30445
32 18 0 15.9384 16.7092
32 19 1 87.6724 100.383
32 20 0 39.7378 54.3852
32 21 0 20.4082 25.3341
32 22 0 63.0029 90.1839
32 23 0 70.2755 70.5103
32 24 1 78.0067 114.081
32 25 0 26.7803 40.1567
32 26 1 14.9535 21.9147
32 27 1 20.9809 31.3799
32 28 1 21.6257 26.1507
32 29 1 9.01546 11.138
32 30 0 31.9248 34.7023
32 31 0 65.734 97.8917
32 33 1 47.3632 51.76
32 34 0 73.8401 106.766
32 35 0 73.9671 83.9155
32 36 1 19.7228 29.4557
32 37 0 22.8259 30.5829
32 38 0 71.9243 105.59
32 39 0 80.3485 97.6787
32 40 0 57.5022 81.3349
33 1 0 90.2583 132.282
33 2 0 47.2612 60.1657
33 3 0 25.199 37.5714
33 4 1 69.2998 92.7062
33 5 1 33.9622 39.1257
33 6 0 29.5916 32.8147
33 7 0 55.8752 72.0833
33 8 0 63.9837 94.4485
33 9 1 63.1007 93.2842
33 10 0 50.7667 70.0451
33 11 1 7.74257 9.07878
33 12 0 34.6956 41.0704
33 13 1 22.397 28.5281
33 14 0 42.0158 47.1898
33 15 0 25.8629 32.1289
33 16 0 25.5954 36.4551
33 17 0 11.8054 14.6166
33 18 0 0.758551 1.04544
33 19 1 91.1811 111.367
33 20 0 45.4625 56.4189
33 21 0 24.4897 28.5043
33 22 1 87.982 93.959
33 23 0 29.7878 31.6912
33 24 0 90.6877 93.9831
33 25 0 76.7494 93.384
33 26 0 1.92594 2.06735
33 27 0 11.2499 13.8622
33 28 0 85.1795 94.0574
33 29 0 59.8106 84.2507
33 30 1 70.6169 73.6001
33 31 1 81.7357 100.058
33 32 0 30.2238 40.2233
33 34 1 59.9496 83.3328
33 35 1 15.8433 18.5512
33 36 1 80.1837 89.1602
33 37 0 73.3064 96.632
33 38 0 87.4191 119.34
33 39 0 91.8734 99.6006
33 40 1 37.7369 55.5723
34 1 1 18.1663 25.1312
34 2 1 13.6719 13.9963
34 3 0 21.0394 22.3415
34 4 0 16.8943 21.4409
34 5 1 66.887 69.7517
34 6 0 45.4507 60.2532
34 7 0 26.4096 34.905
34 8 1 13.8802 16.4314
34 9 1 69.9319 90.2517
34 10 1 78.4921 97.9289
34 11 0 83.3723 102.359
34 12 0 16.3673 20.5594
34 13 0 98.1052 123.928
34 14 1 90.7078 128.179
34 15 1 87.3322 90.9348
34 16 0 98.2024 141.059
34 17 0 98.8079 143.671
34 18 1 65.983 66.7412
34 19 1 54.8799 66.3297
34 20 0 88.5376 88.9535
34 21 0 8.34009 8.64404
34 22 1 66.7011 73.0661
34 23 0 45.1823 49.6047
34 24 0 67.0131 93.9358
34 25 0 50.5896 51.2545
34 26 1 85.2244 94.6848
34 27 0 93.1437 111.439
34 28 1 65.1451 96.3292
34 29 1 35.1273 49.8735
34 30 0 45.9028 67.1734
34 31 1 59.3711 80.2184
34 32 0 61.2203 84.8825
34 33 0 52.1517 76.3461
34 35 1 26.5424 35.0812
34 36 0 88.6044 101.847
34 37 0 91.8985 135.526
34 38 0 69.9921 80.4821
34 39 1 37.074 51.0851
34 40 0 23.148 28.7022
35 1 1 66.806 76.2012
35 2 1 50.6486 72.8092
35 3 0 98.4725 139.523
35 4 0 76.1019 108.203
35 5 0 44.0436 65.7226
35 6 0 49.2761 57.7791
35 7 0 43.8999 44.4241
35 8 0 57.0623 75.2462
35 9 1 83.0187 123.73
35 10 1 19.4693 23.756
35 11 0 45.4155 51.9437
35 12 0 89.2095 89.8081
35 13 0 38.2455 45.1296
35 14 1 92.4 94.2785
35 15 1 92.7695 108.667
35 16 0 81.7943 102.391
35 17 0 57.3712 58.1203
35 18 0 43.8661 46.4827
35 19 0 13.6757 15.4591
35 20 1 74.2748 98.147
35 21 0 37.9365 46.3288
35 22 0 62.5859 71.7142
35 23 0 56.9479 76.7055
35 24 0 66.3111 95.1552
35 25 1 97.1807 127.531
35 26 1 47.1602 49.4365
35 27 1 46.0635 67.37
35 28 1 89.8245 111.592
35 29 0 48.2396 68.8405
35 30 1 8.8376 11.8569
35 31 1 38.4751 48.4419
35 32 0 70.0094 87.7554
35 33 1 76.7667 113.951
35 34 0 21.6075 22.8072
35 36 1 1.66091 2.12264
35 37 1 40.161 50.3009
35 38 0 15.3077 16.4849
35 39 0 79.8483 116.486
35 40 0 2.76786 4.03938
36 1 1 76.9371 78.4144
36 2 0 54.3738 71.5455
36 3 0 78.5085 91.0658
36 4 0 35.9064 46.4084
36 5 1 17.1608 20.2088
36 6 0 20.4557 20.9873
36 7 0 60.2913 82.9146
36 8 1 95.908 113.018
36 9 0 96.3392 128.738
36 10 1 94.1503 119.034
36 11 1 83.5731 119.397
36 12 0 27.0938 40.334
36 13 0 27.1695 27.957
36 14 1 70.6411 82.6074
36 15 0 14.9851 15.7724
36 16 0 83.1937 94.6449
36 17 0 63.6741 64.4798
36 18 1 47.2819 59.2957
36 19 0 3.68472 5.47778
36 20 1 34.372 36.1429
36 21 0 31.3673 37.3762
36 22 0 23.625 34.1065
36 23 1 21.9431 28.0239
36 24 0 84.731 94.884
36 25 0 67.1726 90.2733
36 26 1 64.353 89.8838
36 27 0 39.5843 55.3269
36 28 1 82.2623 107.782
36 29 0 3.3462 3.59983
36 30 0 65.254 88.53
36 31 0 34.4009 49.1591
36 32 0 46.0953 52.1786
36 33 1 33.5817 38.7205
36 34 0 65.7158 82.7846
36 35 0 67.7357 83.2496
36 37 1 10.5057 11.8148
36 38 0 86.0589 98.6087
36 39 0 89.7048 126.061
36 40 1 7.89574 11.4187
37 1 1 29.0832 31.8868
37 2 0 84.8746 106.237
37 3 1 32.8011 46.1201
37 4 0 3.41956 4.00438
37 5 1 7.18577 9.45099
37 6 0 18.786 19.607
37 7 1 16.7601 19.806
37 8 1 23.277 34.734
37 9 0 73.3974 102.625
37 10 0 96.3228 116.504
37 11 0 13.635 14.0456
37 12 0 56.3279 81.3576
37 13 0 67.321 92.2811
37 14 1 20.5745 30.1436
37 15 0 34.4064 41.8352
37 16 0 92.5366 101.436
37 17 0 17.2206 24.3005
37 18 1 67.9919 81.4844
37 19 0 48.1049 60.9779
37 20 0 94.0421 109.416
37 21 0 18.9505 25.052
37 22 1 99.4621 130.879
37 23 0 81.0977 81.8549
37 24 0 96.0044 130.464
37 25 0 52.8337 58.8553
37 26 0 16.008 16.2686
37 27 0 73.721 104.059
37 28 0 65.456 85.1075
37 29 1 71.3032 102.685
37 30 1 2.9664 4.24252
37 31 0 78.118 80.0348
37 32 0 29.0105 40.1415
37 33 1 35.5578 37.0335
37 34 0 59.9792 73.612
37 35 0 86.7552 118.172
37 36 0 19.4514 24.072
37 38 1 71.5202 82.6985
37 39 0 56.9397 64.5404
37 40 0 75.0668 105.679
38 1 0 12.2844 15.6129
38 2 0 96.9675 128.732
38 3 1 5.87101 8.31243
38 4 0 44.9811 52.1428
38 5 0 63.3191 85.2053
38 6 0 19.6916 20.4057
38 7 0 0.911066 1.28759
38 8 0 85.3139 116.658
38 9 0 98.7625 116.537
38 10 0 50.9876 55.4377
38 11 1 49.9994 68.463
38 12 1 28.2711 40.8948
38 13 1 39.8869 57.7624
38 14 1 75.3049 107.615
38 15 0 70.3231 81.1661
38 16 1 64.1181 74.1445
38 17 1 6.65257 9.43545
38 18 0 96.7891 135.324
38 19 1 13.8305 17.144
38 20 1 1.65259 2.0532
38 21 0 69.457 88.5781
38 22 0 75.6279 108.254
38 23 1 94.3937 103.493
38 24 1 93.6379 131.672
38 25 1 70.8201 74.839
38 26 1 59.7298 76.2864
38 27 0 96.3407 126.858
38 28 1 25.9988 31.1142
38 29 0 64.3067 88.0169
38 30 0 77.5471 87.8959
38 31 0 79.1114 104.415
38 32 0 73.9879 102.579
38 33 0 12.6388 18.7517
38 34 1 71.6704 88.9342
38 35 0 67.2795 91.2171
38 36 1 28.9539 33.1451
38 37 0 51.5301 59.3399
38 39 1 49.2835 70.641
38 40 1 40.8491 55.7008
39 1 1 12.9001 13.7706
39 2 0 88.6973 132.091
39 3 0 88.7737 124.14
39 4 1 64.5718 90.6054
39 5 0 45.8963 52.1612
39 6 1 7.57462 8.77239
39 7 1 33.2893 41.5453
39 8 1 18.9472 28.2068
39 9 1 9.68462 13.0804
39 10 1 20.5064 23.985
39 11 0 68.2731 83.8576
39 12 1 52.8637 77.8005
39 13 1 57.3422 73.248
39 14 0 32.8298 42.4742
39 15 0 43.0695 43.9826
39 16 0 13.1258 15.8467
39 17 1 5.13861 6.84753
39 18 0 50.6827 74.1302
39 19 1 87.7564 126.104
39 20 1 57.494 83.4825
39 21 1 21.9978 24.4684
39 22 0 39.1364 39.4668
39 23 0 65.9127 70.8699
39 24 0 8.67423 9.81114
39 25 1 22.3861 30.5293
39 26 1 4.18514 4.69739
39 27 0 60.968 70.2755
39 28 1 66.9593 67.6255
39 29 0 88.8515 115.763
39 30 0 62.204 84.6157
39 31 0 80.3217 93.0514
39 32 0 44.7176 58.3056
39 33 1 4.53516 6.4887
39 34 0 99.2789 106.005
39 35 0 51.8 75.6138
39 36 0 89.4962 102.569
39 37 0 92.89 132.89
39 38 1 61.2106 76.6887
39 40 1 64.5421 75.8328
40 1 1 0.821356 0.974712
40 2 0 43.2604 59.3983
40 3 1 32.5788 38.18
40 4 1 16.7509 20.3616
40 5 0 40.3411 45.2185
40 6 0 39.59 45.4246
40 7 0 40.7352 52.0468
40 8 0 30.517 35.5181
40 9 1 80.4699 89.371
40 10 0 98.9908 127.208
40 11 1 69.0586 91.3216
40 12 0 34.9945 43.7038
40 13 1 79.1097 117.512
40 14 0 16.8642 18.4495
40 15 0 22.0885 24.661
40 16 0 2.05862 2.45829
40 17 0 31.8576 39.3582
40 18 0 99.6443 104.91
40 19 0 36.4903 41.5942
40 20 0 60.972 67.7329
40 21 0 44.5316 63.9833
40 22 0 38.5157 41.3638
40 23 1 36.2986 51.7982
40 24 0 46.3374 66.2362
40 25 0 96.8122 96.8952
40 26 1 85.5643 121.659
40 27 0 64.4762 81.5171
40 28 0 77.1721 102.949
40 29 0 78.351 81.1185
40 30 0 56.709 78.298
40 31 0 62.2541 71.1301
40 32 0 92.2471 125.072
40 33 0 2.91215 4.01723
40 34 0 91.5181 123.951
40 35 0 44.048 47.6132
40 36 1 40.6934 43.0169
40 37 1 69.7797 99.9328
40 38 1 92.2152 129.36
40 39 0 47.3141 55.1834
14.61 29.4844 11.0319 9.4285 15.7917 28.9344 36.4648 5.44469 30.2277 37.3638 27.0347 28.3442 4.24379 7.03806 12.5898 5.64343 11.4714 30.289 39.0992 3.67346 36.5643 20.9318 20.8715 9.00696 18.6885 24.7234 27.5236 11.2911 4.3077 8.68367 9.91555 32.3731 22.7227 16.7398 36.6983 16.0486 16.8383 7.43433 26.4436 0.193449 