40
100
2
100
1 2 1 59.8418 80.8084
1 3 0 71.5325 88.5474
1 4 0 93.6817 110.226
1 5 0 11.2838 12.6534
1 6 0 37.0927 43.699
1 7 0 3.36716 4.66575
1 8 0 54.615 79.6685
1 9 0 42.1257 47.4755
1 10 0 65.2429 92.2499
1 11 0 76.6042 89.2569
1 12 0 90.7862 131.58
1 13 0 48.0974 68.0004
1 14 0 19.1989 23.3071
1 15 0 64.7103 77.45
1 16 0 7.41827 9.99885
1 17 0 87.2309 126.967
1 18 0 67.2535 72.7295
1 19 0 68.2799 76.0046
1 20 0 63.0231 84.3814
1 21 0 3.89674 4.67026
1 22 0 22.2162 22.6647
1 23 0 61.3579 71.7309
1 24 0 44.6563 59.8911
1 25 0 80.2429 115.764
1 26 0 89.2928 118.409
1 27 0 42.9699 54.399
1 28 0 32.3858 34.7961
1 29 0 67.9097 97.0156
1 30 0 28.6396 38.7056
1 31 0 67.3525 85.7462
1 32 0 54.5044 79.0325
1 33 0 87.1561 99.0961
1 34 0 8.9048 13.1242
1 35 0 92.4918 107.882
1 36 0 95.5607 139.322
1 37 0 99.3137 140.896
1 38 1 39.7791 52.8692
1 39 0 66.1888 77.7105
1 40 0 58.9041 78.0598
2 1 0 37.8294 56.1363
2 3 1 88.1367 101.449
2 4 0 42.0157 43.1042
2 5 0 58.544 61.0222
2 6 0 57.5501 57.8246
2 7 0 52.4294 70.6683
2 8 0 58.8128 76.3971
2 9 0 80.3136 106.258
2 10 0 88.9714 127.611
2 11 0 74.4707 107.201
2 12 0 7.18173 9.28615
2 13 0 7.26418 9.5813
2 14 0 35.4686 38.9456
2 15 0 39.8002 50.0598
2 16 0 44.1931 59.3957
2 17 0 71.1423 97.9678
2 18 0 37.9216 52.195
2 19 0 26.6765 38.2423
2 20 0 47.7502 52.1744
2 21 0 53.8272 58.3351
2 22 0 0.525526 0.650753
2 23 0 91.9204 134.434
2 24 0 89.0532 121.693
2 25 0 60.4115 81.955
2 26 0 18.7702 24.7808
2 27 0 13.4351 19.2307
2 28 0 79.6792 104.899
2 29 0 46.2046 67.9758
2 30 0 52.2281 63.6121
2 31 0 30.7689 36.2611
2 32 0 56.2241 64.7025
2 33 0 84.5681 87.5091
2 34 0 32.5226 39.5926
2 35 0 49.1197 64.5447
2 36 0 91.7406 123.237
2 37 0 30.2649 32.8186
2 38 0 57.1959 81.0349
2 39 0 32.3702 34.0103
2 40 0 61.4796 88.1444
3 1 0 93.0578 120.636
3 2 0 9.11595 13.391
3 4 1 23.1112 23.8255
3 5 0 67.0565 100.282
3 6 0 43.8483 59.7736
3 7 0 2.59203 2.98126
3 8 0 36.552 48.3877
3 9 0 0.197934 0.199585
3 10 0 69.4869 78.9542
3 11 0 98.2522 133.692
3 12 0 73.7935 96.5306
3 13 0 36.7666 50.799
3 14 0 66.1966 85.3691
3 15 0 72.2079 76.038
3 16 0 41.1585 42.0158
3 17 0 29.2112 38.3868
3 18 0 11.8127 13.3113
3 19 0 73.6979 90.0617
3 20 0 48.7133 58.8119
3 21 0 88.303 118.542
3 22 0 62.3486 74.5562
3 23 0 46.2008 64.6296
3 24 0 98.7487 99.4741
3 25 0 49.6663 61.5464
3 26 0 61.4062 66.4562
3 27 0 12.0723 14.8534
3 28 0 31.2183 39.7716
3 29 0 29.9537 32.5456
3 30 0 1.53936 1.73994
3 31 0 65.8619 87.3591
3 32 0 55.3786 74.4394
3 33 0 91.0309 116.552
3 34 0 96.4654 142.358
3 35 0 17.6934 26.3436
3 36 0 36.8144 47.8526
3 37 0 51.0951 55.5386
3 38 0 64.179 78.4449
3 39 0 45.6229 64.7195
3 40 0 98.4728 132.886
4 1 0 32.0861 41.2382
4 2 0 98.4796 110.638
4 3 0 29.7188 40.327
4 5 1 85.3847 124.49
4 6 0 56.5099 67.6244
4 7 0 36.449 39.765
4 8 0 1.63992 2.00493
4 9 0 50.6086 69.5088
4 10 0 62.0659 81.6144
4 11 0 64.0329 87.2001
4 12 0 41.9704 62.1598
4 13 0 24.6582 33.235
4 14 0 74.0746 89.0919
4 15 0 81.9098 82.8299
4 16 0 57.5948 60.7685
4 17 1 61.4381 88.8698
4 18 0 42.3537 51.2644
4 19 0 98.117 133.364
4 20 0 24.2977 32.7854
4 21 0 52.2844 70.1989
4 22 0 27.1638 33.1755
4 23 0 41.9344 62.4662
4 24 0 10.3246 15.0956
4 25 0 0.779529 1.10132
4 26 0 41.8889 50.1804
4 27 0 66.0442 67.8974
4 28 0 78.8232 96.5034
4 29 0 21.3008 21.7609
4 30 0 86.6231 91.7003
4 31 0 57.7118 84.1135
4 32 1 6.55234 9.01602
4 33 0 94.1148 105.298
4 34 0 73.0674 77.5983
4 35 0 44.6434 59.2561
4 36 1 96.1343 129.058
4 37 1 99.7403 128.267
4 38 0 25.8241 30.7894
4 39 0 24.0594 33.0465
4 40 0 25.2093 36.2868
5 1 0 73.8331 95.542
5 2 1 35.2965 42.1256
5 3 0 90.0305 114.733
5 4 0 53.2761 69.8955
5 6 1 19.875 23.3651
5 7 0 39.3897 54.6828
5 8 0 25.0754 25.2932
5 9 0 93.8941 103.908
5 10 0 56.6544 66.6451
5 11 0 52.3301 63.9077
5 12 0 92.0524 101.894
5 13 0 95.6847 123.691
5 14 0 39.7785 41.9876
5 15 0 10.5357 12.9984
5 16 1 5.13566 7.63898
5 17 0 84.5164 86.8214
5 18 0 21.9404 29.5006
5 19 0 13.4583 15.6946
5 20 1 30.0185 41.9108
5 21 0 72.0879 75.2964
5 22 1 78.3203 115.955
5 23 0 44.6287 60.826
5 24 0 27.8549 41.7011
5 25 0 73.8287 99.7193
5 26 0 26.0776 30.5892
5 27 0 55.4026 76.7039
5 28 0 59.4005 83.7808
5 29 0 25.1033 35.9677
5 30 0 65.0574 70.0026
5 31 0 39.174 39.4687
5 32 0 11.9327 14.9518
5 33 0 52.4983 69.715
5 34 0 83.1355 88.9049
5 35 0 21.6461 31.2029
5 36 0 74.1959 110.08
5 37 0 50.8517 61.8212
5 38 0 46.0457 55.1136
5 39 0 15.003 20.6955
5 40 0 36.1704 38.3456
6 1 0 28.8362 31.4178
6 2 0 16.1436 20.8982
6 3 0 43.4284 52.9298
6 4 0 57.5261 67.1213
6 5 0 57.6952 69.4683
6 7 1 18.8738 21.2995
6 8 0 65.7807 93.1421
6 9 0 41.3292 50.4227
6 10 0 50.3596 68.6257
6 11 0 77.6761 79.9453
6 12 0 78.7824 114.106
6 13 0 86.6791 93.9156
6 14 0 10.3823 11.7312
6 15 0 78.3867 112.019
6 16 0 15.3781 22.8544
6 17 0 64.5666 96.5809
6 18 0 31.7977 33.3835
6 19 0 84.2402 85.2458
6 20 0 89.8117 121.363
6 21 0 49.477 73.0148
6 22 0 70.2841 80.754
6 23 0 40.1588 41.7863
6 24 0 23.2688 30.9107
6 25 0 94.4985 128.496
6 26 0 0.532779 0.791328
6 27 0 15.0269 17.5799
6 28 0 2.21223 2.73339
6 29 0 96.6337 109.102
6 30 0 97.1855 120.179
6 31 0 90.6273 110.812
6 32 0 58.8992 62.344
6 33 0 16.511 23.6933
6 34 1 33.2153 49.2657
6 35 0 87.2645 128.369
6 36 0 59.0413 62.1175
6 37 0 88.0934 129.788
6 38 0 37.4779 44.121
6 39 0 70.7926 80.8682
6 40 0 59.9114 64.7558
7 1 0 21.6218 25.825
7 2 0 54.4175 61.7539
7 3 0 20.4213 27.5442
7 4 0 31.7628 42.7749
7 5 0 14.1865 18.6665
7 6 0 23.1461 32.7177
7 8 1 9.94146 10.9587
7 9 0 7.62883 10.6495
7 10 0 12.4055 13.2786
7 11 0 83.9324 99.9507
7 12 0 54.5985 66.8325
7 13 0 36.5494 41.6087
7 14 0 20.5969 30.3945
7 15 0 85.023 105.179
7 16 0 32.9511 40.6172
7 17 0 81.8567 90.1601
7 18 0 48.4627 62.5456
7 19 0 90.3885 100.794
7 20 0 86.1677 126.853
7 21 0 26.9268 30.0208
7 22 1 97.9611 117.536
7 23 0 7.58987 10.4492
7 24 0 51.7791 70.2147
7 25 0 47.6331 70.7765
7 26 0 98.5414 145.034
7 27 0 99.1923 135.394
7 28 0 24.5036 27.5514
7 29 0 4.29359 6.37625
7 30 0 38.0919 54.2914
7 31 0 30.7466 38.4146
7 32 0 12.0505 14.6483
7 33 0 50.9102 55.7923
7 34 0 47.0563 69.7432
7 35 0 74.9286 81.7257
7 36 0 75.7707 78.0461
7 37 0 70.2395 81.4921
7 38 0 72.1889 102.965
7 39 0 86.6928 127.153
7 40 0 45.2957 58.1013
8 1 0 3.00854 3.07534
8 2 0 16.5157 23.4617
8 3 0 85.9115 120.652
8 4 0 91.6154 137.048
8 5 0 62.9552 77.2583
8 6 0 80.9774 99.604
8 7 0 17.7844 22.7722
8 9 1 32.5429 40.82
8 10 0 58.1166 77.3404
8 11 0 62.4492 70.2656
8 12 0 78.1658 107.717
8 13 0 39.9576 58.3104
8 14 0 30.8135 41.7526
8 15 0 82.1841 86.2668
8 16 1 66.139 72.9636
8 17 0 95.1607 140.579
8 18 0 78.9913 94.5623
8 19 0 17.7497 25.8087
8 20 1 67.3545 91.3454
8 21 0 47.6682 69.743
8 22 0 17.1706 23.3757
8 23 0 85.0984 97.535
8 24 0 40.7868 52.7654
8 25 0 66.3859 83.0353
8 26 0 48.0231 55.8199
8 27 0 24.967 36.8251
8 28 0 49.012 69.3437
8 29 0 27.7151 29.7301
8 30 0 85.6131 101.849
8 31 0 43.9571 46.8206
8 32 0 79.31 106.765
8 33 0 13.7969 17.0119
8 34 0 65.3718 77.9507
8 35 1 87.3053 101.952
8 36 0 42.7083 53.2155
8 37 0 86.4121 126.207
8 38 0 94.8832 135.442
8 39 0 59 87.4758
8 40 0 24.1104 33.823
9 1 0 7.97351 11.4989
9 2 0 25.4505 26.6554
9 3 0 25.6109 31.0626
9 4 0 2.63596 3.8109
9 5 0 63.4616 81.8631
9 6 0 34.1283 43.2725
9 7 0 81.289 81.8977
9 8 0 40.7597 44.8518
9 10 1 5.50893 6.5576
9 11 0 44.4179 49.482
9 12 0 98.3743 121.879
9 13 1 26.2558 35.5396
9 14 0 2.57664 2.96183
9 15 0 46.3398 64.6881
9 16 0 86.169 98.2214
9 17 0 14.3445 20.4441
9 18 0 14.7816 19.5995
9 19 0 40.3408 60.4126
9 20 0 19.3222 28.0007
9 21 0 71.2576 102.197
9 22 0 61.4034 82.0632
9 23 0 24.3183 29.5285
9 24 0 4.72461 5.35512
9 25 0 32.801 46.9685
9 26 0 3.96651 4.44781
9 27 0 69.4684 100.728
9 28 0 35.9646 48.3728
9 29 0 46.0505 66.4348
9 30 0 14.0106 14.0273
9 31 0 8.2286 10.3299
9 32 0 6.55695 7.95099
9 33 0 88.9388 93.9963
9 34 0 85.235 118.758
9 35 0 75.3639 83.9035
9 36 0 46.5438 53.6125
9 37 0 72.9924 82.6777
9 38 0 7.62728 9.32144
9 39 0 94.875 100.041
9 40 0 88.3443 129.221
10 1 0 64.9287 82.6195
10 2 0 88.6062 102.012
10 3 0 63.4618 93.0802
10 4 0 2.1673 3.08021
10 5 0 80.6875 120.466
10 6 0 76.8379 87.1808
10 7 0 69.6467 71.3331
10 8 0 1.4642 1.69542
10 9 0 43.6967 44.1775
10 11 1 20.0895 20.8287
10 12 0 73.3406 73.7666
10 13 0 44.0838 55.2636
10 14 0 51.9334 64.9074
10 15 0 59.4703 78.1371
10 16 0 57.1819 79.5591
10 17 0 3.00498 4.43613
10 18 0 67.5013 67.6424
10 19 0 28.7575 33.2852
10 20 0 49.0534 65.8713
10 21 0 10.866 14.8919
10 22 0 68.6892 93.3821
10 23 1 79.1522 98.3154
10 24 0 11.0585 11.1326
10 25 0 62.338 62.6393
10 26 0 23.9018 35.485
10 27 0 56.3854 68.1216
10 28 0 17.7128 21.7155
10 29 0 79.4085 116.415
10 30 0 9.51761 12.8255
10 31 0 62.5336 64.5537
10 32 0 27.1639 37.4312
10 33 0 70.1065 84.4863
10 34 0 56.6471 60.813
10 35 0 62.6428 73.933
10 36 0 3.12128 4.16077
10 37 0 98.6184 130.226
10 38 0 43.0101 46.9081
10 39 0 95.0425 124.911
10 40 0 68.0528 82.0854
11 1 0 14.0007 15.8463
11 2 0 83.8573 104.732
11 3 0 65.1347 89.3058
11 4 0 71.5039 76.2981
11 5 0 37.7643 39.265
11 6 0 98.148 129.067
11 7 0 94.3875 134.608
11 8 0 69.6219 79.6244
11 9 0 49.568 70.3819
11 10 0 26.7604 38.0838
11 12 1 4.94862 6.23863
11 13 0 15.2378 17.6263
11 14 0 10.5751 13.1406
11 15 0 37.8297 53.2509
11 16 0 88.7646 119.38
11 17 0 25.8063 27.3
11 18 0 26.6095 39.1478
11 19 0 89.0168 101.018
11 20 0 88.7719 95.3658
11 21 0 23.4873 23.8373
11 22 0 80.7974 118.946
11 23 0 48.8331 67.0704
11 24 0 25.3958 33.8175
11 25 0 5.27301 7.78581
11 26 0 91.5288 106.281
11 27 0 3.64653 4.65695
11 28 0 99.3975 145.414
11 29 0 67.424 92.3467
11 30 0 34.9742 47.3387
11 31 0 8.86375 11.9157
11 32 0 16.1104 21.3522
11 33 0 37.5349 51.5765
11 34 0 4.8485 5.27079
11 35 0 92.0984 104.532
11 36 0 74.0877 95.1877
11 37 0 77.5879 113.811
11 38 0 59.9903 72.6708
11 39 1 2.52757 3.28704
11 40 1 65.7699 88.4529
12 1 0 32.1798 48.0391
12 2 0 56.0728 76.9698
12 3 0 11.8073 13.7738
12 4 0 46.6475 49.0667
12 5 0 19.125 28.0979
12 6 0 18.2887 18.5439
12 7 0 39.3538 55.1008
12 8 0 19.9079 24.0846
12 9 0 82.938 83.9403
12 10 0 35.8441 38.2163
12 11 0 46.1681 49.9669
12 13 1 15.4146 21.7849
12 14 0 24.3676 26.8321
12 15 0 58.2401 58.805
12 16 0 26.1255 28.3502
12 17 0 70.2683 104.421
12 18 0 12.5201 15.635
12 19 0 33.5904 36.4586
12 20 0 48.8291 48.9925
12 21 0 90.7997 99.1736
12 22 0 30.8431 34.9957
12 23 0 11.5801 11.8408
12 24 0 33.4861 43.1827
12 25 0 67.6212 94.1251
12 26 0 72.6929 95.9165
12 27 0 80.4523 84.0097
12 28 0 41.7321 60.6015
12 29 0 71.0519 102.222
12 30 0 8.51395 8.91229
12 31 0 47.4409 68.583
12 32 0 9.69396 13.1037
12 33 0 60.7074 89.2235
12 34 0 98.9894 104.844
12 35 0 97.5982 120.199
12 36 0 18.0722 18.221
12 37 0 38.2756 50.7809
12 38 0 97.971 117.659
12 39 0 38.7816 55.9052
12 40 0 35.5748 46.5356
13 1 0 38.3389 42.2487
13 2 0 59.3693 87.6996
13 3 0 55.2147 74.0718
13 4 0 71.0081 93.8016
13 5 0 28.9167 38.7448
13 6 0 31.3596 40.2461
13 7 0 8.95208 9.06679
13 8 0 2.76422 2.87521
13 9 0 94.2365 117.947
13 10 1 94.7351 120.327
13 11 0 31.9689 35.998
13 12 0 26.5389 29.7894
13 14 1 1.2932 1.31109
13 15 0 83.2291 112.175
13 16 0 47.4349 62.2376
13 17 0 58.192 73.6398
13 18 0 28.1629 37.5553
13 19 0 67.7888 77.7859
13 20 0 57.5756 73.1129
13 21 0 44.4608 51.1772
13 22 0 61.6763 90.8147
13 23 0 11.3773 15.2831
13 24 0 32.1896 43.9348
13 25 0 34.8331 35.0358
13 26 0 20.4005 22.6571
13 27 0 98.8366 136.073
13 28 0 5.99508 6.47632
13 29 0 92.1301 105.089
13 30 0 26.3718 32.4287
13 31 0 40.2793 41.7581
13 32 0 70.6092 83.8317
13 33 0 64.852 91.0482
13 34 0 31.8944 43.4602
13 35 0 93.451 121.615
13 36 0 31.0575 45.9967
13 37 1 52.8594 57.7254
13 38 0 34.1658 35.3267
13 39 0 6.94873 8.52906
13 40 0 38.7745 40.518
14 1 0 98.017 145.501
14 2 0 82.2784 100.905
14 3 0 78.8836 86.7654
14 4 1 86.9455 98.8249
14 5 0 56.6056 79.5377
14 6 0 80.0648 109.924
14 7 0 88.6151 127.601
14 8 0 51.4404 53.7076
14 9 0 19.1222 24.7375
14 10 1 3.36659 3.68976
14 11 0 52.3253 77.9707
14 12 0 18.2345 26.5116
14 13 1 3.13771 4.52118
14 15 1 30.3387 38.3333
14 16 0 25.7047 37.1131
14 17 0 82.8166 109.883
14 18 0 98.6546 113.362
14 19 0 22.4965 23.7394
14 20 0 53.719 79.8499
14 21 0 33.0972 46.6661
14 22 0 86.8906 87.666
14 23 0 53.7562 65.3437
14 24 0 52.3587 74.356
14 25 0 29.8092 30.2159
14 26 0 2.22747 2.90088
14 27 0 52.8934 66.4138
14 28 0 21.0515 26.8874
14 29 0 67.9321 89.4581
14 30 0 8.59642 9.35536
14 31 0 69.8925 73.5956
14 32 0 72.5186 80.0928
14 33 0 73.7364 94.7136
14 34 0 9.89627 14.2755
14 35 0 45.201 55.1225
14 36 0 49.2063 57.1638
14 37 0 96.6886 124.479
14 38 1 75.0195 86.2458
14 39 0 61.4327 80.7708
14 40 0 10.2365 13.4945
15 1 0 73.3402 89.8545
15 2 0 26.5528 35.6221
15 3 0 37.0844 43.3658
15 4 0 59.9751 63.0514
15 5 0 9.84463 12.7509
15 6 0 58.621 63.2676
15 7 0 80.0157 98.9748
15 8 0 24.0612 31.3505
15 9 0 20.9349 30.0309
15 10 0 56.5914 57.0284
15 11 0 37.1778 47.6539
15 12 0 64.4114 86.382
15 13 0 20.712 23.6132
15 14 0 60.671 81.9213
15 16 1 37.916 50.6661
15 17 0 83.7641 113.177
15 18 0 77.2286 102.422
15 19 0 8.25905 12.3235
15 20 0 20.1157 28.3489
15 21 0 45.4357 48.3304
15 22 0 28.5851 34.3354
15 23 0 13.0833 17.2165
15 24 0 93.9827 139.729
15 25 0 96.1271 125.175
15 26 0 26.797 34.1233
15 27 0 7.32221 9.84376
15 28 0 60.2974 82.5694
15 29 0 54.642 71.1641
15 30 0 56.3409 59.0875
15 31 0 97.6211 101.764
15 32 0 80.9199 109.653
15 33 0 47.7038 57.997
15 34 0 30.2015 32.8854
15 35 0 87.3118 112.487
15 36 0 99.9498 114.983
15 37 0 83.7127 102.203
15 38 0 81.0874 88.7833
15 39 1 59.705 70.5545
15 40 0 79.8758 108.542
16 1 0 23.3168 29.9538
16 2 0 58.5625 66.9655
16 3 0 25.661 28.2518
16 4 0 1.05624 1.1253
16 5 0 91.729 116.181
16 6 0 87.3877 117.26
16 7 0 29.3727 30.3887
16 8 0 48.9278 66.9414
16 9 0 62.4293 62.9961
16 10 1 85.6634 102.846
16 11 0 6.04155 7.52124
16 12 0 94.8153 118.045
16 13 0 76.7776 103.645
16 14 0 35.1259 47.7818
16 15 0 17.3295 22.7962
16 17 1 45.5153 63.9931
16 18 0 42.9516 52.5358
16 19 0 92.5346 124.801
16 20 0 75.1952 111.866
16 21 0 77.3028 94.4359
16 22 0 96.8077 127.548
16 23 0 70.9393 104.02
16 24 0 85.34 117.587
16 25 0 66.1306 93.416
16 26 0 31.5059 37.5219
16 27 0 92.7411 117.417
16 28 0 83.9172 111.501
16 29 0 13.0257 19.0319
16 30 0 49.2489 50.4423
16 31 0 95.2889 100.063
16 32 0 60.4735 68.9322
16 33 0 20.5549 20.7638
16 34 0 18.8459 26.6763
16 35 0 91.6895 120.823
16 36 0 63.9381 95.2605
16 37 0 57.4907 70.6709
16 38 0 47.1834 53.3512
16 39 0 62.8035 66.1723
16 40 0 34.7194 52.0451
17 1 0 28.8697 30.6774
17 2 0 40.2508 44.0547
17 3 0 67.8159 92.4922
17 4 0 9.40584 10.4291
17 5 0 84.83 118.092
17 6 0 88.6065 129.398
17 7 0 97.0797 137.103
17 8 0 67.3358 89.6455
17 9 0 43.3457 60.5888
17 10 0 33.4077 34.9423
17 11 0 83.8974 108.788
17 12 0 8.18147 8.95453
17 13 0 52.1973 52.8916
17 14 0 90.1087 92.9574
17 15 0 8.49929 8.58045
17 16 0 38.6075 54.7663
17 18 1 24.9106 29.3764
17 19 0 94.2671 130.121
17 20 0 39.0183 49.3743
17 21 0 71.7214 72.3758
17 22 0 78.4845 117.213
17 23 0 45.2784 52.3073
17 24 0 20.2019 21.8581
17 25 0 25.5732 38.2482
17 26 0 10.6054 11.8853
17 27 0 11.4279 15.5184
17 28 0 29.096 38.1816
17 29 0 6.00385 6.56028
17 30 0 57.1471 77.7503
17 31 0 29.1442 32.5768
17 32 1 77.3478 112.266
17 33 0 47.0792 51.3491
17 34 0 25.7648 34.9728
17 35 0 52.0158 75.3392
17 36 0 76.1586 85.3862
17 37 0 90.5794 94.0805
17 38 0 97.1098 138.02
17 39 0 47.6305 68.3355
17 40 0 67.5927 70.1614
18 1 0 26.3563 29.8135
18 2 0 29.8287 38.1459
18 3 1 63.7169 74.2368
18 4 0 29.177 29.8343
18 5 0 80.6368 86.1111
18 6 0 32.4516 34.9518
18 7 0 4.43925 5.78706
18 8 0 84.8179 93.2324
18 9 0 67.99 68.8109
18 10 0 84.8422 95.9283
18 11 0 76.7272 80.1588
18 12 0 22.1951 29.3276
18 13 0 55.8898 56.309
18 14 1 72.2928 103.931
18 15 0 43.0956 60.8346
18 16 0 69.8462 76.3182
18 17 0 9.61102 13.3557
18 19 1 13.1743 13.2343
18 20 0 6.03099 7.97993
18 21 0 60.4496 80.1247
18 22 0 81.0848 112.542
18 23 0 14.6966 17.1253
18 24 0 9.41277 12.208
18 25 0 42.9031 50.8947
18 26 0 57.2008 66.1633
18 27 0 34.9773 47.0672
18 28 0 77.599 108.988
18 29 0 29.7553 29.7855
18 30 1 94.7352 102.042
18 31 0 40.3716 53.091
18 32 0 24.9545 35.8154
18 33 0 97.1263 130.493
18 34 0 71.8341 95.9184
18 35 0 73.1804 92.2758
18 36 0 27.1112 40.5452
18 37 0 43.5819 61.2225
18 38 0 0.447651 0.640856
18 39 0 21.2067 28.1601
18 40 0 21.4346 31.5032
19 1 0 75.3802 85.5525
19 2 0 1.83009 2.58588
19 3 0 48.7104 51.6733
19 4 0 15.921 20.8238
19 5 0 72.7441 97.1198
19 6 0 59.2124 62.5879
19 7 0 23.6711 29.1629
19 8 0 85.7065 119.946
19 9 0 16.9173 21.286
19 10 0 98.6553 110.541
19 11 0 69.8734 75.9313
19 12 0 62.537 82.0835
19 13 0 62.1643 73.8216
19 14 0 16.912 22.7841
19 15 0 81.5522 115.632
19 16 0 10.4741 15.3579
19 17 0 80.9246 83.5953
19 18 0 40.2631 56.7757
19 20 1 54.0975 58.41
19 21 0 1.10234 1.43409
19 22 0 40.6941 54.0918
19 23 0 60.8704 81.9103
19 24 0 34.7697 49.279
19 25 0 40.5725 52.6166
19 26 0 77.9641 116.021
19 27 0 37.8676 54.4712
19 28 0 76.5596 96.5095
19 29 0 36.7337 40.2957
19 30 0 29.885 34.9214
19 31 0 58.3661 85.9601
19 32 0 94.6695 115.022
19 33 0 58.8009 59.9554
19 34 0 32.8596 48.3975
19 35 0 6.05465 7.23773
19 36 0 0.423449 0.55223
19 37 0 9.43629 10.6928
19 38 0 24.8251 30.7887
19 39 0 10.1963 14.7523
19 40 0 76.8491 77.704
20 1 0 81.2529 108.987
20 2 0 56.1805 59.2849
20 3 0 66.3598 89.5045
20 4 0 42.9503 51.7273
20 5 0 95.7889 104.227
20 6 0 71.5997 88.2999
20 7 0 11.3341 15.7391
20 8 0 50.913 69.1669
20 9 0 31.5834 34.587
20 10 0 45.1926 55.2289
20 11 0 14.6797 16.6066
20 12 0 1.98018 2.2241
20 13 0 89.3007 110.866
20 14 0 32.3836 43.1488
20 15 0 99.8067 130.4
20 16 0 47.5344 50.7872
20 17 0 45.7725 57.863
20 18 0 51.044 74.9798
20 19 0 94.2524 106.322
20 21 1 4.35513 6.2942
20 22 0 52.6381 57.6467
20 23 0 90.6229 102.447
20 24 0 45.9247 65.9133
20 25 0 97.4053 119.696
20 26 0 12.6729 18.6914
20 27 0 96.9308 139.184
20 28 0 76.5609 108.951
20 29 0 95.4811 104.287
20 30 0 98.9238 116.897
20 31 0 56.5771 75.1942
20 32 0 76.3756 80.7917
20 33 0 90.9515 110.788
20 34 0 9.30771 12.8413
20 35 0 20.941 23.4441
20 36 0 15.4244 18.5324
20 37 0 58.8776 69.8567
20 38 0 55.9814 60.5883
20 39 0 96.1447 106.542
20 40 0 22.0443 24.7552
21 1 0 3.23978 3.35415
21 2 0 93.1133 114.051
21 3 0 56.2055 57.4483
21 4 0 36.5901 36.7809
21 5 0 17.361 20.9039
21 6 0 74.5259 77.6203
21 7 0 0.350727 0.438757
21 8 0 15.9604 19.7802
21 9 0 22.6472 23.7381
21 10 0 59.8313 87.4527
21 11 0 24.5094 31.9147
21 12 0 76.8249 99.009
21 13 0 79.6368 90.7127
21 14 0 34.764 45.4493
21 15 0 68.9012 81.2746
21 16 0 96.0799 110.817
21 17 0 69.2426 94.9809
21 18 0 53.0231 56.7033
21 19 0 54.4476 66.83
21 20 0 84.9032 124.028
21 22 1 60.5388 78.3692
21 23 0 95.644 118.5
21 24 0 58.4554 80.1138
21 25 0 13.5323 17.4862
21 26 0 70.0787 83.6302
21 27 0 99.0327 111.688
21 28 0 97.9149 131.332
21 29 0 84.3569 92.43
21 30 0 51.3772 51.6874
21 31 0 75.1232 75.9809
21 32 0 21.4223 26.2799
21 33 0 72.7179 99.5569
21 34 0 30.896 46.2428
21 35 0 86.2934 87.346
21 36 0 82.7571 84.8109
21 37 0 67.0438 94.7417
21 38 0 3.65518 3.87541
21 39 0 85.1042 102.172
21 40 0 55.1491 69.2712
22 1 0 95.0189 122.209
22 2 0 88.329 127.045
22 3 0 0.500001 0.658124
22 4 0 68.8133 71.9221
22 5 0 30.7006 39.1595
22 6 1 52.0233 61.9618
22 7 0 4.57032 5.44799
22 8 0 95.5727 108.84
22 9 0 0.577051 0.740124
22 10 0 13.6004 14.911
22 11 0 65.7958 77.725
22 12 0 7.78816 8.99005
22 13 0 46.4433 55.6861
22 14 0 3.52095 4.20044
22 15 0 65.8917 74.3795
22 16 0 46.8466 46.9578
22 17 0 63.8894 75.5821
22 18 0 92.2672 106.64
22 19 0 46.212 51.2551
22 20 0 59.1094 66.0014
22 21 0 44.6996 65.445
22 23 1 56.3554 83.6709
22 24 0 50.0328 74.636
22 25 0 50.6929 57.3636
22 26 0 73.153 100.018
22 27 0 46.5551 69.395
22 28 0 2.04978 2.30384
22 29 0 48.6286 70.8071
22 30 0 96.6977 127.994
22 31 0 41.2476 50.7422
22 32 0 32.659 35.8516
22 33 0 56.3934 61.6209
22 34 0 95.9525 128.911
22 35 0 23.0049 25.5346
22 36 0 89.2141 119.406
22 37 0 98.4955 106.199
22 38 0 86.2895 100.404
22 39 0 90.6565 133.48
22 40 0 50.3689 56.3075
23 1 0 82.5404 85.9048
23 2 0 90.4033 110.392
23 3 0 91.9923 120.92
23 4 0 47.2696 61.5917
23 5 0 82.473 83.5852
23 6 0 20.8032 27.8432
23 7 0 26.9082 28.902
23 8 0 82.6894 100.897
23 9 0 0.880837 0.947468
23 10 0 82.3634 117.058
23 11 1 79.9315 113.356
23 12 0 44.2366 64.8779
23 13 0 93.1506 122.034
23 14 0 83.8037 114.525
23 15 0 36.1389 47.7419
23 16 0 84.9737 116.112
23 17 0 58.1155 76.3496
23 18 0 27.2635 35.4716
23 19 0 91.2941 110.397
23 20 1 86.182 120.234
23 21 0 56.8437 58.3491
23 22 0 71.5589 103.006
23 24 1 61.5231 70.2602
23 25 0 42.0116 57.7859
23 26 0 43.5652 58.4283
23 27 1 13.4352 14.7677
23 28 0 0.835774 0.968978
23 29 0 9.0341 11.4398
23 30 1 50.691 59.3279
23 31 1 60.9342 87.9441
23 32 0 73.5356 98.5732
23 33 0 56.9699 67.4703
23 34 0 68.9294 78.1423
23 35 0 96.9212 144.484
23 36 0 14.7771 17.4432
23 37 0 12.8559 13.3881
23 38 0 43.3718 51.3718
23 39 0 5.02843 5.28774
23 40 0 89.1425 103.955
24 1 0 39.8277 58.1684
24 2 0 83.5593 104.195
24 3 0 55.0886 58.014
24 4 0 64.1638 93.3452
24 5 0 52.3324 77.1581
24 6 0 66.7821 67.3831
24 7 0 18.6565 22.5046
24 8 0 44.7657 45.1201
24 9 0 77.455 103.647
24 10 0 13.4186 14.407
24 11 0 49.6231 57.8236
24 12 0 88.5941 111.284
24 13 0 85.0569 91.9983
24 14 0 98.6178 130.437
24 15 0 27.7351 28.8379
24 16 0 89.9091 109.5
24 17 0 42.3163 57.4789
24 18 0 16.1331 19.148
24 19 0 25.0277 27.921
24 20 0 21.3711 26.5676
24 21 0 4.22391 6.32799
24 22 0 48.2469 65.2829
24 23 0 51.4513 75.4555
24 25 1 87.1679 107.352
24 26 0 10.5092 13.2336
24 27 0 14.1009 19.9968
24 28 0 99.5806 133.141
24 29 0 27.9777 29.4023
24 30 0 95.7389 109.807
24 31 0 18.1461 23.7811
24 32 0 81.4718 104.754
24 33 0 7.105 9.81566
24 34 0 83.8321 100.505
24 35 0 18.9484 21.3866
24 36 0 83.6451 101.765
24 37 0 64.1261 89.3937
24 38 0 74.4257 78.6281
24 39 0 24.8485 34.3505
24 40 0 81.3704 108.85
25 1 0 28.2027 33.5504
25 2 0 83.3555 119.98
25 3 0 52.308 59.3529
25 4 0 12.4249 13.3393
25 5 0 48.4994 63.724
25 6 0 16.3035 24.1227
25 7 0 2.11929 2.93832
25 8 0 69.4344 98.4993
25 9 0 45.0305 49.058
25 10 0 39.8161 54.9825
25 11 0 50.8721 56.9549
25 12 0 92.1299 96.4218
25 13 0 2.71902 3.20086
25 14 0 63.1265 74.4378
25 15 0 3.12442 4.27027
25 16 0 14.0914 14.4712
25 17 0 28.9995 43.1211
25 18 0 41.1202 45.7766
25 19 0 94.1501 125.131
25 20 0 51.5203 68.8749
25 21 0 75.2294 107.486
25 22 0 89.0641 100.278
25 23 0 84.8215 102.482
25 24 0 28.1697 39.6739
25 26 1 68.6123 68.6855
25 27 0 57.5251 69.1333
25 28 0 30.8946 44.5376
25 29 0 66.0574 94.0207
25 30 0 51.0949 51.9827
25 31 0 67.335 99.6628
25 32 0 81.8548 82.6687
25 33 0 7.60946 10.1518
25 34 0 65.2028 65.2824
25 35 0 33.3336 45.9511
25 36 0 0.549013 0.741752
25 37 0 38.1909 46.4388
25 38 0 66.929 83.2936
25 39 0 93.3844 136.143
25 40 0 80.9612 97.5526
26 1 0 86.9684 94.8665
26 2 0 83.3026 118.302
26 3 0 11.3409 16.1761
26 4 0 28.0014 30.2037
26 5 0 60.3291 72.7605
26 6 0 7.12127 7.86624
26 7 0 6.64724 8.50352
26 8 0 37.5833 53.3594
26 9 0 58.1697 72.1038
26 10 0 52.4915 70.025
26 11 0 33.92 44.8561
26 12 0 19.6281 26.3865
26 13 0 67.4379 76.5988
26 14 0 57.5844 58.6936
26 15 0 28.1564 38.1579
26 16 0 24.4233 24.7872
26 17 0 72.8299 87.9636
26 18 0 12.2016 15.0708
26 19 0 63.6008 91.1997
26 20 0 20.0821 30.0752
26 21 0 12.1083 13.4519
26 22 0 82.8549 91.6858
26 23 0 65.7026 77.2306
26 24 0 3.87062 5.06502
26 25 1 23.0806 27.9854
26 27 1 90.2635 97.8996
26 28 0 15.3676 21.5374
26 29 0 74.4538 98.2702
26 30 0 64.5554 82.6042
26 31 0 42.5287 59.4833
26 32 0 35.5152 41.4483
26 33 0 18.3053 26.2462
26 34 0 1.14019 1.57209
26 35 0 78.8488 111.854
26 36 0 47.128 62.8685
26 37 0 19.0814 23.4067
26 38 0 80.3714 83.551
26 39 0 21.3526 30.5868
26 40 0 45.2121 59.7749
27 1 0 26.9561 34.1687
27 2 0 38.9623 40.8603
27 3 0 92.9748 117.113
27 4 0 20.9167 29.234
27 5 0 42.5375 51.6761
27 6 0 65.1224 68.3796
27 7 0 12.1357 13.1693
27 8 0 1.2817 1.44567
27 9 0 23.5926 32.9022
27 10 0 4.42547 5.25552
27 11 0 99.3458 124.632
27 12 0 94.9462 97.142
27 13 1 4.19869 4.38847
27 14 0 99.3754 128.308
27 15 0 1.55801 1.7608
27 16 0 9.35899 10.6246
27 17 0 62.4914 85.9187
27 18 0 39.1288 52.2175
27 19 0 14.8834 19.0715
27 20 0 58.8455 81.8763
27 21 0 53.535 70.9214
27 22 0 13.6833 15.3823
27 23 0 58.7198 72.3031
27 24 0 3.28137 4.51445
27 25 1 13.1854 13.5194
27 26 0 5.7137 5.89076
27 28 1 43.4431 53.9267
27 29 0 5.53683 5.74532
27 30 0 90.4165 120.722
27 31 0 11.9985 14.0284
27 32 0 8.77071 11.079
27 33 0 30.1306 36.1112
27 34 0 62.135 84.6965
27 35 0 48.5533 63.9717
27 36 0 73.8767 110.802
27 37 0 17.1305 23.9658
27 38 0 15.1618 17.1879
27 39 0 36.2879 39.9159
27 40 0 12.0019 16.2485
28 1 0 98.1316 116.401
28 2 0 6.95535 9.22878
28 3 0 97.6036 110.736
28 4 0 59.8212 62.6369
28 5 0 21.5914 31.4814
28 6 0 6.92602 10.1643
28 7 1 15.3636 18.1339
28 8 0 48.7282 72.2751
28 9 0 86.6675 90.2456
28 10 0 79.5422 102.755
28 11 0 79.7788 115.226
28 12 0 92.5862 127.38
28 13 0 45.6778 57.7343
28 14 0 28.1958 31.6568
28 15 0 22.9203 25.3891
28 16 0 96.549 104.408
28 17 0 85.4592 124.412
28 18 0 23.1268 25.496
28 19 0 74.669 86.3702
28 20 0 20.7134 24.8034
28 21 0 27.245 28.438
28 22 0 87.0241 101.823
28 23 0 61.7523 74.723
28 24 0 89.9939 122.536
28 25 0 39.2216 56.4629
28 26 0 34.5903 38.3084
28 27 0 75.5324 112.45
28 29 1 15.2014 16.1872
28 30 0 78.3751 112.23
28 31 0 95.709 113.226
28 32 0 61.0437 78.2422
28 33 0 9.39407 9.63531
28 34 0 73.7526 83.9337
28 35 0 14.5512 19.4511
28 36 0 95.6594 120.354
28 37 0 72.6008 100.12
28 38 0 87.2926 128.188
28 39 0 37.9728 47.2417
28 40 0 58.871 78.4612
29 1 0 30.1902 37.8228
29 2 0 18.5205 20.5956
29 3 0 29.8119 34.5526
29 4 0 89.4715 93.9947
29 5 0 86.2057 91.2742
29 6 0 52.7362 62.7979
29 7 0 24.043 28.7774
29 8 0 71.3521 71.4241
29 9 0 67.6307 67.6439
29 10 0 61.986 88.9093
29 11 0 2.15072 2.41486
29 12 0 98.6044 110.156
29 13 0 22.2167 22.5058
29 14 0 23.1203 23.6652
29 15 0 60.8521 84.1049
29 16 0 33.0564 36.3136
29 17 0 91.0045 113.762
29 18 0 81.1069 83.4431
29 19 0 48.1926 71.3796
29 20 0 51.0634 62.8522
29 21 0 53.0507 68.4156
29 22 0 72.0184 107.262
29 23 1 48.0367 68.3637
29 24 0 11.5292 12.5331
29 25 0 47.1641 60.6992
29 26 0 6.79484 6.91929
29 27 0 6.972 8.86283
29 28 0 92.4223 130.064
29 30 1 79.3466 81.2713
29 31 0 17.3744 20.7577
29 32 0 47.1145 68.7037
29 33 0 91.0152 99.7059
29 34 0 71.2346 81.3804
29 35 0 82.6351 122.088
29 36 0 41.5578 46.2634
29 37 0 5.21119 6.19178
29 38 0 84.4969 119.854
29 39 0 74.9481 80.7315
29 40 0 14.3873 18.5263
30 1 0 27.4106 38.8707
30 2 0 88.2572 102.968
30 3 0 38.0303 39.2696
30 4 0 38.0303 39.4322
30 5 0 77.9521 106.097
30 6 0 41.2936 53.2799
30 7 0 60.9717 86.386
30 8 0 27.118 27.4448
30 9 0 33.6628 36.3627
30 10 0 72.0058 106.563
30 11 0 21.6515 24.0423
30 12 0 61.3606 82.0871
30 13 0 77.7136 99.5963
30 14 0 63.4853 76.5905
30 15 0 57.5599 66.9927
30 16 0 74.5278 78.6046
30 17 0 66.7172 76.282
30 18 0 47.6309 64.6819
30 19 0 57.8813 61.4904
30 20 0 27.4867 29.4228
30 21 1 33.1604 44.8533
30 22 0 26.8856 34.7811
30 23 1 68.9234 83.5908
30 24 0 94.0543 108.801
30 25 0 90.4116 111.08
30 26 0 70.8501 76.0795
30 27 0 64.658 92.3616
30 28 0 62.1781 83.8092
30 29 0 86.4864 103.125
30 31 1 54.7075 68.5864
30 32 0 50.0152 64.7331
30 33 0 12.7277 17.6171
30 34 0 97.4971 133.336
30 35 0 78.1556 97.5943
30 36 0 87.0906 116.328
30 37 0 89.6933 111.545
30 38 0 48.7945 60.3725
30 39 0 40.1829 55.7573
30 40 0 40.3382 46.3159
31 1 0 97.4537 133.211
31 2 0 50.0186 56.3405
31 3 0 56.351 72.8964
31 4 0 75.3424 104.867
31 5 0 77.6856 84.3395
31 6 0 57.4378 66.0893
31 7 0 56.9797 61.1449
31 8 0 71.5938 84.3803
31 9 0 88.4562 98.2007
31 10 1 35.6437 42.1539
31 11 0 44.4244 44.9008
31 12 1 63.32 85.2759
31 13 0 83.9946 124.961
31 14 0 71.3192 94.2818
31 15 0 27.0294 30.6983
31 16 0 59.1161 72.8548
31 17 0 77.2492 79.1414
31 18 0 57.8433 77.7769
31 19 0 56.3326 71.538
31 20 0 60.7153 80.3333
31 21 0 96.7269 138.649
31 22 0 7.01189 8.41931
31 23 0 42.433 54.4296
31 24 0 96.6132 143.019
31 25 0 85.0699 112.297
31 26 0 8.84962 11.454
31 27 0 70.5137 91.1145
31 28 0 98.6367 123.601
31 29 0 39.4731 41.111
31 30 0 4.05423 4.69329
31 32 1 25.1536 30.7725
31 33 0 86.8898 91.0835
31 34 0 69.323 82.3855
31 35 0 93.818 126.028
31 36 0 48.1269 71.0131
31 37 0 63.6638 92.0273
31 38 0 31.8735 34.3498
31 39 0 95.5768 134.477
31 40 0 70.0592 102.502
32 1 0 71.2721 85.5487
32 2 0 87.5864 95.4549
32 3 0 82.3088 86.6832
32 4 0 97.9175 141.482
32 5 0 99.2505 139.4
32 6 0 29.623 38.553
32 7 0 53.123 56.1148
32 8 0 1.42017 1.85524
32 9 0 40.1194 45.6883
32 10 0 2.8897 3.83947
32 11 0 59.2832 82.3868
32 12 0 41.4361 47.4815
32 13 0 23.0528 28.0838
32 14 0 40.6394 41.7722
32 15 1 19.0024 22.3916
32 16 0 15.3975 21.8888
32 17 0 91.6672 127.159
32 18 0 10.4001 12.7049
32 19 0 0.9574 1.30195
32 20 0 91.0796 99.8247
32 21 0 91.9951 103.317
32 22 0 43.3288 53.6523
32 23 0 24.7529 29.7841
32 24 0 73.3935 107.495
32 25 0 69.5933 87.9947
32 26 0 64.2515 89.6647
32 27 0 49.9573 60.1308
32 28 0 84.7355 94.6927
32 29 0 99.207 129.743
32 30 0 73.7675 102.051
32 31 0 50.4154 57.0792
32 33 1 64.3248 93.4575
32 34 0 31.8189 43.4407
32 35 0 31.8097 47.2138
32 36 0 87.1304 127.39
32 37 0 49.3457 72.5646
32 38 0 79.565 90.4249
32 39 0 63.3134 87.1094
32 40 0 88.5338 112.248
33 1 0 74.7136 83.7568
33 2 0 82.9326 87.5195
33 3 0 11.735 15.5927
33 4 0 61.6852 82.4007
33 5 1 16.0995 19.793
33 6 0 30.937 46.3788
33 7 0 9.63502 10.2427
33 8 0 97.2426 134.185
33 9 0 53.8991 73.8277
33 10 0 80.4163 91.1251
33 11 0 15.4954 18.5654
33 12 0 90.2714 90.8134
33 13 1 93.1256 95.7978
33 14 0 26.3649 34.0427
33 15 0 68.8046 85.7812
33 16 0 32.1611 41.1885
33 17 0 1.37195 1.64359
33 18 0 43.0025 44.1833
33 19 0 14.5174 19.8426
33 20 1 50.0915 73.8084
33 21 0 47.5406 64.9259
33 22 0 82.4785 117.161
33 23 0 54.8044 67.5073
33 24 0 79.6051 91.3788
33 25 0 22.095 26.683
33 26 0 93.6069 109.7
33 27 0 91.8256 131.407
33 28 0 87.1085 109.135
33 29 0 58.3496 75.3762
33 30 1 74.72 81.8577
33 31 0 62.7926 88.2067
33 32 0 30.8379 41.1738
33 34 1 98.5894 108.24
33 35 0 11.7855 13.5119
33 36 0 60.9753 82.7717
33 37 0 55.8578 63.3826
33 38 0 57.213 65.5855
33 39 0 72.9228 92.1078
33 40 0 13.9098 20.1231
34 1 0 29.5285 29.6052
34 2 0 42.0313 62.9828
34 3 0 1.88788 2.43055
34 4 0 37.2286 51.7232
34 5 0 14.6242 15.0292
34 6 0 43.2522 49.6226
34 7 0 61.2432 90.5787
34 8 0 51.0492 70.2834
34 9 0 85.625 113.7
34 10 0 88.1283 124.795
34 11 0 87.5047 129.713
34 12 0 77.8073 102.776
34 13 0 81.3923 104.62
34 14 0 92.6017 108.843
34 15 0 32.9261 42.235
34 16 0 9.40901 10.252
34 17 0 20.6968 29.0925
34 18 0 22.4782 31.6478
34 19 0 55.0715 77.9188
34 20 0 83.175 107.922
34 21 0 21.4448 22.9048
34 22 0 26.1741 29.6517
34 23 0 13.4151 17.127
34 24 0 41.5272 60.317
34 25 0 47.9783 49.6745
34 26 0 19.8727 22.5244
34 27 0 78.0013 114.087
34 28 0 96.0981 96.1774
34 29 0 25.679 30.2617
34 30 0 67.1291 92.5329
34 31 0 54.9735 78.6588
34 32 0 2.11683 2.51621
34 33 0 14.9626 17.3971
34 35 1 72.8798 76.1384
34 36 0 89.8937 119.402
34 37 1 7.74059 8.97458
34 38 0 12.2326 16.3725
34 39 0 79.3197 101.769
34 40 0 79.5297 103.992
35 1 0 45.0551 45.828
35 2 0 6.85023 8.86558
35 3 0 83.6218 102.619
35 4 0 77.4843 103.847
35 5 1 47.5599 59.9309
35 6 0 57.3553 60.5069
35 7 0 22.9244 34.3501
35 8 0 8.89523 12.6827
35 9 0 35.0798 39.3465
35 10 0 76.1434 96.5893
35 11 0 82.2679 83.0225
35 12 0 85.6418 96.1296
35 13 0 89.3246 125.312
35 14 0 18.1938 24.8137
35 15 0 2.22807 3.33057
35 16 0 73.5977 99.6886
35 17 0 11.5022 13.6653
35 18 0 30.8113 37.4602
35 19 0 39.4812 54.3481
35 20 0 61.3977 61.8657
35 21 0 70.9566 96.396
35 22 0 66.9191 98.9407
35 23 0 13.6029 15.6524
35 24 0 56.0398 64.9151
35 25 0 24.1907 28.9207
35 26 0 41.5364 55.7385
35 27 0 27.3789 39.9762
35 28 0 38.1575 56.6269
35 29 0 29.1069 42.5822
35 30 0 17.8514 22.9882
35 31 0 89.2704 97.764
35 32 0 59.9625 80.8881
35 33 0 99.325 106.538
35 34 0 1.09601 1.44391
35 36 1 65.2788 71.7941
35 37 0 81.2187 96.039
35 38 0 40.2685 48.8088
35 39 0 29.724 33.3737
35 40 0 71.9151 82.8261
36 1 0 5.2906 7.61171
36 2 0 67.1864 77.8091
36 3 0 7.3436 8.29952
36 4 0 2.74238 4.02
36 5 0 51.7229 75.5996
36 6 0 67.0429 81.5296
36 7 0 38.7116 50.284
36 8 0 39.5205 44.599
36 9 0 39.6517 55.9911
36 10 0 25.3751 28.6061
36 11 0 42.5495 45.6891
36 12 0 56.8479 73.2308
36 13 0 5.52398 5.98697
36 14 0 41.5743 46.0859
36 15 0 76.8858 93.7445
36 16 0 35.6077 37.8465
36 17 0 91.2558 121.218
36 18 0 22.6541 23.3877
36 19 0 68.3618 69.9371
36 20 0 49.2556 61.6833
36 21 0 77.0397 80.4292
36 22 0 78.0179 112.767
36 23 0 29.4018 36.5593
36 24 0 21.1971 21.489
36 25 0 69.8249 82.6793
36 26 1 55.2309 69.4972
36 27 0 44.8544 54.5041
36 28 0 92.2613 111.332
36 29 0 72.1848 104.705
36 30 0 60.0251 61.8926
36 31 0 10.0127 13.161
36 32 0 19.1002 20.8845
36 33 0 0.57263 0.828429
36 34 0 72.9682 86.0255
36 35 0 31.4362 36.2093
36 37 1 35.9451 50.1887
36 38 0 47.0502 68.7044
36 39 0 5.43661 6.40952
36 40 0 99.6178 147.745
37 1 0 82.6889 105.588
37 2 0 58.0883 74.5721
37 3 0 19.9678 26.5134
37 4 0 28.1419 42.0616
37 5 0 85.1669 92.0787
37 6 0 90.097 107.767
37 7 0 40.7098 51.9513
37 8 0 77.157 98.2333
37 9 0 56.5113 80.9705
37 10 0 55.8112 67.3869
37 11 1 62.302 73.5735
37 12 0 48.4175 58.3194
37 13 1 56.467 70.8289
37 14 0 2.34452 2.61329
37 15 0 81.4624 104.559
37 16 0 86.9671 89.321
37 17 0 21.3654 22.198
37 18 0 18.4289 23.0337
37 19 0 76.3694 107.883
37 20 0 88.023 100.154
37 21 0 89.0486 108.442
37 22 0 30.8 40.7325
37 23 0 35.0045 48.99
37 24 0 73.1812 87.5951
37 25 0 37.7996 42.663
37 26 0 78.6812 80.9565
37 27 0 45.1502 58.5396
37 28 0 9.76976 13.5213
37 29 0 52.6167 61.8417
37 30 0 76.0784 93.1587
37 31 0 94.4982 104.7
37 32 0 39.9499 53.4134
37 33 0 5.6089 7.77075
37 34 0 40.8847 43.1997
37 35 0 39.9291 58.2184
37 36 0 14.8483 19.8334
37 38 1 9.53907 10.1092
37 39 0 87.2277 116.532
37 40 0 56.8767 71.5987
38 1 0 9.11161 13.6166
38 2 0 25.6127 37.8769
38 3 1 95.3696 114.38
38 4 0 8.28315 10.1756
38 5 0 7.35743 9.84649
38 6 0 10.6394 12.2477
38 7 0 77.8566 102.305
38 8 0 38.8355 46.8212
38 9 0 93.2753 96.1457
38 10 0 0.352915 0.511698
38 11 0 38.871 50.798
38 12 0 95.6588 141.667
38 13 0 67.6927 98.6294
38 14 0 21.4337 32.008
38 15 0 26.9713 37.7625
38 16 0 56.2782 83.9962
38 17 0 85.6909 95.22
38 18 0 35.8652 47.9281
38 19 0 60.9585 67.9664
38 20 0 75.7257 112.852
38 21 0 81.3408 106.962
38 22 0 4.26351 5.63056
38 23 0 55.0045 70.7127
38 24 0 4.40743 5.58161
38 25 0 0.821511 1.14434
38 26 0 4.23201 6.27734
38 27 0 58.7007 82.3894
38 28 0 1.1991 1.63272
38 29 0 81.8391 96.9612
38 30 0 11.4715 13.4443
38 31 0 10.203 13.8895
38 32 0 10.2748 11.3947
38 33 0 88.0527 123.066
38 34 0 54.9134 66.9962
38 35 0 7.13742 8.0021
38 36 0 15.8095 23.3494
38 37 0 5.81273 7.64738
38 39 1 24.1841 29.0428
38 40 0 9.57467 10.2438
39 1 0 2.13881 2.20802
39 2 0 89.5669 104.753
39 3 0 47.0196 68.8492
39 4 0 21.9259 32.3848
39 5 0 61.3553 84.4239
39 6 1 91.8687 136.604
39 7 0 38.1748 42.1867
39 8 0 27.3383 39.0647
39 9 0 73.3029 84.7266
39 10 0 30.1247 34.6914
39 11 0 29.7055 30.8824
39 12 0 66.5706 80.3581
39 13 0 45.2288 67.3748
39 14 0 28.0887 40.6159
39 15 0 6.62089 8.80245
39 16 0 56.9456 58.3194
39 17 0 10.6021 15.1754
39 18 0 99.2369 128.225
39 19 0 48.9967 55.3448
39 20 0 16.1451 22.3684
39 21 0 84.7229 89.3628
39 22 0 53.3368 74.0871
39 23 0 58.2827 60.5871
39 24 0 26.4824 33.9745
39 25 0 33.389 37.7519
39 26 0 98.4652 114.597
39 27 0 15.0523 21.3192
39 28 0 23.0733 25.3433
39 29 0 51.2058 62.2174
39 30 0 35.3566 48.1083
39 31 0 31.1235 34.7113
39 32 0 52.5683 57.3659
39 33 0 10.759 13.3952
39 34 0 90.487 111.245
39 35 0 52.2173 74.4209
39 36 0 15.5209 19.7238
39 37 0 46.7903 48.2209
39 38 0 50.2787 53.8888
39 40 1 38.1976 52.2588
40 1 1 43.3811 62.1253
40 2 1 60.6717 69.1181
40 3 0 15.0555 21.9234
40 4 0 16.8681 17.0066
40 5 0 37.0036 50.8349
40 6 0 26.0923 38.4841
40 7 0 34.2687 49.6864
40 8 0 54.3629 72.0962
40 9 1 97.1965 113.96
40 10 0 77.6669 93.125
40 11 0 36.5152 54.4876
40 12 0 34.1153 38.2193
40 13 0 58.4713 59.4333
40 14 0 81.1646 88.6187
40 15 0 68.8361 69.3637
40 16 0 87.5684 100.233
40 17 0 37.33 50.5495
40 18 0 45.6934 61.5511
40 19 0 1.94299 2.86992
40 20 0 74.5554 111.302
40 21 0 77.317 89.9919
40 22 0 12.7355 18.3209
40 23 0 30.348 39.9814
40 24 0 32.773 35.1937
40 25 0 68.8816 72.0488
40 26 0 41.4713 45.5034
40 27 0 94.4118 94.4672
40 28 0 74.9953 92.8022
40 29 0 47.5293 62.7716
40 30 1 84.1814 108.988
40 31 0 51.0091 54.5994
40 32 0 55.8912 63.4455
40 33 0 27.8735 36.2358
40 34 0 76.4954 102.217
40 35 0 25.6361 37.9677
40 36 0 37.066 47.5893
40 37 0 57.5787 86.1468
40 38 0 93.69 107.31
40 39 0 37.011 43.2341
2.53681 15.2429 29.8891 15.6044 31.7637 9.70666 35.345 23.137 6.5185 27.0712 13.7791 3.90625 34.3089 23.9885 25.2659 10.4852 23.4759 37.8247 15.5761 28.9608 12.1133 18.7079 21.8232 29.3888 14.31 0.500675 33.9896 7.04877 39.6789 34.7775 2.75211 6.15647 27.4223 2.88692 12.0945 28.6638 25.3192 18.8028 26.021 3.14439 