40
300
2
50
1 2 1 35.6315 47.7855
1 3 0 87.458 109.986
1 4 0 77.8061 98.1381
1 5 0 21.7072 28.4752
1 6 0 72.9157 93.3989
1 7 0 96.4064 113.567
1 8 0 58.6168 66.4588
1 9 0 81.5509 103.906
1 10 0 11.9753 15.6646
1 11 0 97.656 134.821
1 12 0 82.6023 118.267
1 13 0 15.8505 19.6654
1 14 1 52.4263 75.6881
1 15 0 67.3172 90.8854
1 16 1 58.0706 75.0121
1 17 0 12.9539 17.6953
1 18 1 94.8222 114.102
1 19 0 41.8702 43.0523
1 20 1 60.9267 80.0314
1 21 0 50.3063 63.3873
1 22 0 93.2122 113.768
1 23 1 33.8603 45.2099
1 24 0 55.4168 72.6987
1 25 0 70.4555 73.5837
1 26 0 32.144 45.2455
1 27 0 13.6537 15.4839
1 28 0 33.8155 34.4446
1 29 0 23.149 29.3983
1 30 0 91.8356 106.843
1 31 0 9.7051 9.73507
1 32 0 98.9407 113.306
1 33 1 96.0806 114.302
1 34 0 37.8178 38.2119
1 35 0 2.76387 3.40436
1 36 0 45.8562 53.1931
1 37 0 69.659 88.3502
1 38 1 93.8254 122.058
1 39 0 9.50546 12.7382
1 40 0 20.1898 21.7939
2 1 0 93.9258 105.602
2 3 1 58.8144 84.3516
2 4 1 4.72028 5.69462
2 5 0 30.52 45.3746
2 6 0 56.9364 68.6313
2 7 0 42.9835 58.3218
2 8 0 4.47003 5.39116
2 9 0 24.4606 24.7031
2 10 0 45.7936 59.2289
2 11 0 14.8482 20.5499
2 12 0 64.46 78.7358
2 13 0 95.9051 141.165
2 14 1 42.5256 51.1986
2 15 0 3.01192 3.76931
2 16 0 79.7236 106.658
2 17 0 3.02326 3.27001
2 18 1 70.1767 88.1099
2 19 0 54.3236 62.2435
2 20 0 78.0147 99.6569
2 21 0 8.2581 9.15849
2 22 0 75.9267 111.438
2 23 0 53.2241 66.2549
2 24 0 32.3349 40.0036
2 25 0 79.4815 103.85
2 26 0 59.7206 65.257
2 27 0 27.7228 40.0604
2 28 1 28.3011 28.5414
2 29 0 8.57012 11.7245
2 30 0 36.8173 49.9367
2 31 0 0.327705 0.35799
2 32 0 23.949 26.5439
2 33 0 21.8244 23.0353
2 34 1 20.5118 28.1632
2 35 0 11.4537 16.8128
2 36 0 71.876 74.2508
2 37 0 10.7599 14.781
2 38 0 67.8002 90.9995
2 39 0 17.4454 22.7733
2 40 0 28.4074 35.8504
3 1 0 47.4712 56.5814
3 2 0 86.3582 126.78
3 4 1 48.4286 49.4435
3 5 0 56.0816 61.0211
3 6 0 90.9232 102.217
3 7 0 53.6634 75.9791
3 8 0 48.7883 49.0075
3 9 0 29.7167 33.0743
3 10 0 42.7653 60.8957
3 11 0 34.4898 50.9351
3 12 0 40.0292 45.2158
3 13 0 58.2067 59.504
3 14 0 37.9963 42.434
3 15 0 20.4945 29.1019
3 16 0 2.56249 3.45292
3 17 0 71.4781 98.259
3 18 0 10.4262 15.5792
3 19 0 54.6365 78.6893
3 20 0 31.0995 33.2526
3 21 0 28.6797 37.1962
3 22 0 70.6166 83.5895
3 23 0 45.4596 62.9881
3 24 0 2.42936 3.05859
3 25 0 45.8348 49.7228
3 26 0 29.6093 42.0751
3 27 0 52.6233 54.3941
3 28 0 36.7948 45.7051
3 29 0 87.3279 122.898
3 30 0 63.8965 80.4658
3 31 0 11.742 11.9708
3 32 0 39.8971 40.1575
3 33 0 70.4737 82.9416
3 34 0 39.0807 42.7871
3 35 0 97.7596 103.995
3 36 1 29.8869 38.0723
3 37 0 81.0269 110.37
3 38 0 19.5274 24.7638
3 39 0 51.4634 68.8932
3 40 1 19.6474 24.0261
4 1 0 30.5423 37.1854
4 2 0 7.72536 9.24503
4 3 0 9.13487 10.7302
4 5 1 48.2463 67.2678
4 6 0 88.5422 108.974
4 7 0 90.6973 94.012
4 8 0 84.425 110.955
4 9 0 82.7835 101.554
4 10 0 26.3437 27.9401
4 11 1 9.22517 13.2402
4 12 0 12.3093 14.6611
4 13 0 58.767 80.6394
4 14 0 50.3047 62.8158
4 15 0 24.1341 24.6882
4 16 0 33.1892 48.0825
4 17 0 45.5655 61.2418
4 18 0 64.0853 68.7992
4 19 0 75.5494 89.3734
4 20 0 88.3198 121.648
4 21 1 72.5497 106.068
4 22 0 17.6745 21.1212
4 23 0 85.4907 85.8783
4 24 1 8.13922 11.9613
4 25 0 31.5897 34.5738
4 26 0 29.5501 33.1099
4 27 0 64.4425 78.0945
4 28 0 38.9275 48.3412
4 29 0 68.7857 71.5928
4 30 0 45.503 67.9689
4 31 0 48.2441 69.3216
4 32 0 41.5763 43.4341
4 33 0 20.1159 26.4591
4 34 0 21.2569 21.7882
4 35 0 15.4616 21.4915
4 36 0 30.1786 32.2955
4 37 0 98.8705 104.4
4 38 0 81.0322 102.736
4 39 0 40.1696 40.6764
4 40 0 99.9857 117.708
5 1 0 20.9067 30.5503
5 2 0 63.2368 91.906
5 3 0 15.6661 17.771
5 4 1 91.0517 107.857
5 6 1 19.7546 25.8055
5 7 0 26.6813 28.7992
5 8 0 21.6833 30.9881
5 9 0 53.137 65.6071
5 10 0 51.1317 65.9851
5 11 0 1.30988 1.32662
5 12 1 43.2417 44.6131
5 13 0 65.2438 80.9878
5 14 0 32.5791 36.7794
5 15 0 28.5 29.5114
5 16 0 91.2846 132.942
5 17 1 98.2368 119.416
5 18 0 29.0728 42.2544
5 19 0 44.0792 48.2207
5 20 0 49.4698 74.1556
5 21 0 39.0325 51.4184
5 22 1 16.0367 19.3024
5 23 1 57.2618 63.0484
5 24 0 18.1711 22.5643
5 25 0 12.3699 16.9288
5 26 0 27.4777 32.8852
5 27 1 72.8464 85.5033
5 28 0 83.9407 123.205
5 29 0 95.7888 136.395
5 30 1 48.1784 51.6273
5 31 0 74.9412 93.7994
5 32 0 16.1463 20.4401
5 33 0 82.9482 86.8695
5 34 1 70.0587 82.3703
5 35 1 59.4127 63.4301
5 36 0 97.2398 119.235
5 37 0 30.1708 31.374
5 38 0 80.4124 99.0579
5 39 0 79.563 97.5489
5 40 0 51.5434 55.2125
6 1 0 94.7584 97.2771
6 2 0 76.4333 81.8529
6 3 0 53.995 77.5185
6 4 0 30.6536 30.9103
6 5 0 31.9957 42.4917
6 7 1 38.7476 42.8895
6 8 0 37.503 45.6148
6 9 0 97.4306 138.619
6 10 0 72.0433 87.0583
6 11 0 85.6839 119.428
6 12 1 5.31159 6.94203
6 13 0 21.415 22.3528
6 14 1 29.5133 40.0864
6 15 1 68.7549 85.4847
6 16 1 92.3466 97.638
6 17 1 7.15758 10.5187
6 18 1 71.8527 105.862
6 19 0 58.1613 84.8889
6 20 0 1.21872 1.76906
6 21 0 4.6126 4.94145
6 22 0 35.9689 38.2657
6 23 0 13.9018 20.3081
6 24 0 20.2708 23.6401
6 25 1 29.4913 32.4759
6 26 0 60.3176 80.1473
6 27 0 69.7847 74.0615
6 28 0 9.17853 10.0744
6 29 0 58.2977 85.081
6 30 0 63.4819 89.8973
6 31 1 22.0856 31.0538
6 32 0 15.0907 19.23
6 33 0 47.2694 51.9943
6 34 0 14.6716 21.2293
6 35 0 70.9682 72.9653
6 36 0 94.6719 108.662
6 37 1 71.2441 101.66
6 38 0 16.6954 23.0121
6 39 0 89.6191 110.326
6 40 0 93.7754 131.73
7 1 1 99.9206 114.584
7 2 0 21.1497 26.7052
7 3 0 56.6735 63.0233
7 4 0 99.4998 131.172
7 5 1 80.6663 109.861
7 6 0 90.6312 93.8486
7 8 1 57.009 84.5846
7 9 0 13.8049 14.3504
7 10 0 57.6079 80.0312
7 11 0 20.2804 20.3362
7 12 0 58.4289 78.5154
7 13 0 39.3419 39.8333
7 14 0 16.2326 17.2531
7 15 0 25.4608 26.6408
7 16 0 87.8156 94.9646
7 17 1 49.52 51.3337
7 18 1 62.2216 82.9378
7 19 0 88.2903 89.8178
7 20 0 7.75815 8.92889
7 21 0 50.11 70.9106
7 22 0 38.9047 56.9833
7 23 0 55.6725 63.8277
7 24 1 78.9771 82.4289
7 25 0 89.8648 93.5426
7 26 0 37.0224 39.7275
7 27 1 3.543 4.94397
7 28 0 39.2101 48.8392
7 29 0 95.3804 138.114
7 30 0 83.119 84.4056
7 31 0 28.1009 38.3458
7 32 1 66.5085 80.8509
7 33 0 76.4078 111.367
7 34 1 98.785 106.595
7 35 1 19.2533 24.4118
7 36 0 19.3728 27.706
7 37 0 74.2785 92.6393
7 38 0 63.5018 91.1919
7 39 0 93.1348 110.166
7 40 0 58.0369 85.783
8 1 0 99.3845 100.946
8 2 0 19.8235 28.6348
8 3 0 97.9146 119.126
8 4 0 10.0677 11.4412
8 5 0 10.84 13.2991
8 6 0 90.5016 111.495
8 7 0 50.4963 54.5743
8 9 1 22.0525 32.9485
8 10 1 17.3422 24.996
8 11 0 88.122 108.555
8 12 0 46.9585 61.7885
8 13 0 91.2133 128.588
8 14 0 74.8512 79.6458
8 15 0 51.2253 60.9912
8 16 0 30.8917 35.7093
8 17 0 11.6314 14.0685
8 18 0 60.8167 67.3932
8 19 1 96.8827 145.281
8 20 1 24.519 28.6282
8 21 0 7.26242 7.64957
8 22 0 34.9354 44.5364
8 23 0 90.7828 93.3009
8 24 0 11.3326 15.3639
8 25 1 82.9874 88.0873
8 26 1 95.5846 117.305
8 27 0 2.45705 3.54402
8 28 0 39.8845 48.2507
8 29 0 87.7136 96.3687
8 30 1 34.0115 48.5954
8 31 0 63.7358 70.4327
8 32 1 44.123 53.1345
8 33 0 91.4782 131.977
8 34 0 73.4747 87.4398
8 35 0 66.5779 77.282
8 36 0 76.5102 108.546
8 37 0 6.69482 7.10799
8 38 0 37.4037 48.5074
8 39 0 43.8373 60.8741
8 40 0 62.7613 78.4435
9 1 0 48.8346 72.9849
9 2 0 32.0885 39.2327
9 3 0 0.514597 0.697622
9 4 0 97.064 125.252
9 5 0 23.1308 23.9337
9 6 0 58.7159 59.2144
9 7 0 24.7581 35.9517
9 8 0 64.8097 78.9151
9 10 1 54.2628 75.1025
9 11 0 57.8745 81.5485
9 12 0 56.9526 60.8512
9 13 0 58.0276 72.5394
9 14 0 69.9297 75.6551
9 15 0 65.1251 85.6769
9 16 0 80.9019 97.0036
9 17 0 97.0876 138.991
9 18 0 59.0507 65.5212
9 19 0 9.27801 9.78887
9 20 0 87.8879 108.797
9 21 0 95.6447 99.1119
9 22 0 69.2329 69.2442
9 23 0 35.5223 44.2958
9 24 0 31.0993 32.7397
9 25 0 75.6163 113.398
9 26 0 88.2601 112.288
9 27 0 12.8242 14.68
9 28 0 53.4087 61.5822
9 29 0 21.4171 22.297
9 30 0 8.58122 8.58602
9 31 0 13.2631 18.4817
9 32 1 22.3483 26.5674
9 33 0 1.70054 2.17275
9 34 0 63.37 83.6269
9 35 0 22.8652 29.593
9 36 0 13.2421 17.7532
9 37 0 55.0493 73.3863
9 38 0 7.50957 10.6532
9 39 0 46.2935 55.7267
9 40 0 85.8296 100.218
10 1 1 75.2624 109.781
10 2 0 93.7545 136.607
10 3 0 36.245 45.642
10 4 0 16.3153 22.9367
10 5 0 59.4296 74.7965
10 6 0 69.645 88.6493
10 7 0 69.478 81.3237
10 8 0 75.5999 84.4264
10 9 0 47.5884 64.6154
10 11 1 90.4669 130.427
10 12 0 32.7198 35.3308
10 13 1 19.1922 27.3447
10 14 0 13.3424 19.638
10 15 0 69.7018 101.399
10 16 0 8.2756 11.9465
10 17 0 16.0103 17.4631
10 18 0 25.244 27.8023
10 19 0 72.1652 81.8795
10 20 1 15.6372 22.6353
10 21 0 67.3424 85.4293
10 22 1 13.6246 19.4218
10 23 0 93.9159 116.434
10 24 0 18.4573 27.5766
10 25 0 91.7774 93.9607
10 26 0 29.8992 36.1973
10 27 0 11.9887 13.3929
10 28 0 88.5698 114.851
10 29 0 81.1567 88.2932
10 30 0 95.8939 100.682
10 31 0 49.5986 71.5546
10 32 0 71.8375 91.5462
10 33 0 44.9278 46.2209
10 34 1 84.4615 87.3239
10 35 0 43.8596 58.5842
10 36 1 22.1325 25.4999
10 37 0 10.2558 10.2645
10 38 0 96.1956 140.741
10 39 0 72.3682 106.792
10 40 0 47.2239 58.7439
11 1 0 92.5208 118.211
11 2 0 17.5506 23.285
11 3 1 3.14259 3.23769
11 4 0 86.7667 124.034
11 5 0 80.3388 98.2367
11 6 0 34.484 39.866
11 7 1 11.1397 13.1884
11 8 0 12.2937 17.9947
11 9 0 26.6467 32.4601
11 10 0 24.0702 26.3215
11 12 1 89.4343 120.644
11 13 0 59.4773 66.4883
11 14 0 76.7166 114.718
11 15 0 88.0509 119.82
11 16 0 36.8378 46.698
11 17 0 16.2805 21.2387
11 18 0 86.0052 91.8512
11 19 0 22.337 27.6284
11 20 1 20.3316 21.7032
11 21 0 69.8098 83.2777
11 22 0 97.5559 104.754
11 23 0 89.1624 93.3927
11 24 0 55.7532 55.839
11 25 0 78.9918 113.486
11 26 0 17.8031 20.5163
11 27 0 42.449 60.3639
11 28 0 23.8902 30.3768
11 29 1 40.5008 52.7959
11 30 1 18.0771 21.7977
11 31 0 13.3535 14.8841
11 32 0 62.2151 67.3632
11 33 0 32.4022 46.3035
11 34 0 1.22983 1.58044
11 35 0 59.6327 79.4672
11 36 0 41.633 52.5266
11 37 0 31.7284 34.4373
11 38 1 26.0206 30.9262
11 39 1 55.0676 77.8526
11 40 0 92.5435 105.379
12 1 0 95.0131 126.062
12 2 1 19.9505 29.8255
12 3 0 96.2734 117.493
12 4 0 23.8401 32.5196
12 5 0 58.7864 79.3524
12 6 0 52.1279 61.4328
12 7 0 75.1339 84.0408
12 8 0 84.01 100.284
12 9 0 92.2097 132.734
12 10 0 48.8977 67.0211
12 11 1 79.0144 100.054
12 13 1 33.7529 47.9405
12 14 0 88.6828 118.775
12 15 1 10.275 10.6394
12 16 1 51.0415 62.3654
12 17 1 5.07633 6.93907
12 18 0 13.0563 17.4457
12 19 0 20.1429 26.9096
12 20 0 81.2174 101.757
12 21 0 84.6124 87.0238
12 22 0 40.3725 41.4838
12 23 0 23.504 25.9438
12 24 1 6.02041 7.14172
12 25 0 69.4067 89.4828
12 26 1 66.8636 72.4931
12 27 1 2.67521 3.97492
12 28 0 28.0474 41.0195
12 29 0 91.3416 92.3472
12 30 0 78.215 112.528
12 31 0 54.8006 66.1322
12 32 0 78.9819 104.926
12 33 0 33.9442 47.1456
12 34 0 80.1667 80.6017
12 35 0 44.821 61.1785
12 36 0 54.5848 67.1528
12 37 0 0.841603 1.04316
12 38 0 12.9081 18.7171
12 39 0 18.1483 22.4917
12 40 1 32.3984 40.3215
13 1 0 6.49189 9.60255
13 2 0 0.831043 0.995406
13 3 0 99.6835 132.872
13 4 0 77.3017 113.123
13 5 0 17.8497 23.0143
13 6 0 18.327 26.5062
13 7 0 64.1186 75.573
13 8 0 46.3265 56.5208
13 9 0 0.819023 0.851197
13 10 0 72.8068 74.2244
13 11 0 8.03707 8.87882
13 12 0 3.05068 3.83277
13 14 1 76.6924 107.324
13 15 1 35.6378 42.8718
13 16 1 43.2524 57.4109
13 17 0 24.0607 31.8957
13 18 0 57.4215 85.779
13 19 0 85.1136 93.9725
13 20 0 32.8832 42.1918
13 21 0 22.1457 30.8688
13 22 1 49.8945 66.481
13 23 0 59.9413 72.0492
13 24 0 93.3316 110.38
13 25 0 24.0277 30.6351
13 26 0 15.3907 19.8343
13 27 0 80.3605 94.1653
13 28 0 9.1153 11.9183
13 29 0 87.5553 124.252
13 30 0 61.6675 63.7198
13 31 0 15.9875 16.5986
13 32 0 42.0187 58.8485
13 33 1 21.5892 26.1459
13 34 1 18.4658 26.4165
13 35 0 28.2884 30.2772
13 36 0 72.2494 82.4898
13 37 0 71.2969 96.9416
13 38 0 2.87516 3.47947
13 39 0 41.7365 58.4908
13 40 0 43.2578 56.438
14 1 0 96.0982 122.001
14 2 0 20.6465 25.9931
14 3 0 33.213 41.6326
14 4 0 35.2184 49.7558
14 5 0 87.4053 116.2
14 6 0 42.645 57.8733
14 7 0 22.438 29.0588
14 8 0 73.1089 97.1673
14 9 1 53.5833 72.9006
14 10 0 65.318 95.2713
14 11 0 8.84017 12.8039
14 12 0 77.2062 94.7002
14 13 1 31.3671 39.8281
14 15 1 99.0943 109.74
14 16 0 64.5467 79.5194
14 17 1 5.45257 5.98898
14 18 0 83.6855 106.392
14 19 0 31.8414 45.7849
14 20 0 57.0258 78.8922
14 21 0 77.262 104.523
14 22 0 6.85768 7.54121
14 23 0 41.3165 48.6818
14 24 0 72.0786 87.493
14 25 0 80.7152 104.82
14 26 1 4.38372 5.59887
14 27 0 90.5027 100.375
14 28 0 4.5999 5.19
14 29 0 15.3997 22.7549
14 30 1 41.953 54.9788
14 31 0 90.585 114.31
14 32 1 22.5848 24.5957
14 33 0 25.4168 33.3251
14 34 1 45.9823 60.4091
14 35 0 76.7152 105.701
14 36 0 12.8549 16.0509
14 37 0 16.1662 20.4064
14 38 0 10.4091 11.9542
14 39 0 46.4316 62.0307
14 40 0 50.3276 59.6943
15 1 0 64.7487 70.7474
15 2 0 7.01437 9.41876
15 3 0 52.6382 62.7383
15 4 1 9.19705 10.7816
15 5 0 73.1663 102.215
15 6 0 62.2002 76.0369
15 7 0 10.5449 14.237
15 8 0 20.7325 21.1206
15 9 0 33.8063 48.4542
15 10 0 55.8776 74.451
15 11 0 79.6576 102.434
15 12 0 98.0731 119.046
15 13 0 58.9044 65.0684
15 14 0 35.01 47.418
15 16 1 45.8862 66.6965
15 17 1 51.5743 76.9576
15 18 0 6.14606 6.85009
15 19 0 82.5796 121.274
15 20 1 79.6368 107.872
15 21 1 69.0154 83.3914
15 22 0 75.0694 107.438
15 23 0 55.6657 75.7655
15 24 1 8.60171 8.95536
15 25 0 96.8074 120.583
15 26 0 14.7994 15.153
15 27 0 73.09 105.797
15 28 0 41.69 57.0351
15 29 0 5.35522 6.05814
15 30 0 19.2179 21.3281
15 31 0 62.1257 68.1824
15 32 0 83.5526 107.774
15 33 1 95.6258 119.568
15 34 0 25.1618 26.3287
15 35 0 28.7708 30.859
15 36 0 46.5433 49.0878
15 37 0 10.971 12.7357
15 38 0 68.6596 88.482
15 39 0 22.8127 27.1385
15 40 0 82.3246 99.4941
16 1 0 37.7588 47.757
16 2 0 68.0108 68.3329
16 3 0 13.0457 14.3445
16 4 0 94.9351 99.5284
16 5 0 12.689 18.7053
16 6 0 12.0279 17.5926
16 7 0 51.0271 52.838
16 8 0 88.9522 98.7697
16 9 1 5.19916 6.90196
16 10 0 97.4692 138.428
16 11 0 41.9374 62.4254
16 12 0 12.8576 13.1285
16 13 0 98.6344 123.703
16 14 0 77.597 96.3483
16 15 0 24.7938 33.4728
16 17 1 42.5259 56.8683
16 18 0 72.813 86.8464
16 19 1 74.0294 107.455
16 20 0 28.9785 29.9281
16 21 1 63.5502 88.5738
16 22 0 74.9017 100.195
16 23 0 41.7186 51.084
16 24 0 36.1176 36.5575
16 25 1 33.2754 46.9723
16 26 0 59.4878 79.96
16 27 0 20.6068 29.2091
16 28 1 65.343 68.6981
16 29 0 16.5137 18.0638
16 30 0 24.0983 27.2629
16 31 0 55.4129 64.5747
16 32 0 9.15988 11.8051
16 33 0 50.0342 55.0324
16 34 0 90.7277 108.543
16 35 0 1.60487 2.40051
16 36 0 90.7774 134.47
16 37 0 33.3042 39.1792
16 38 0 99.4625 122.861
16 39 0 96.7348 110.154
16 40 0 52.7458 61.4285
17 1 0 23.635 27.3084
17 2 1 53.7094 78.4268
17 3 0 93.3419 98.0583
17 4 0 76.8431 93.7219
17 5 0 22.0834 24.487
17 6 0 84.1069 98.1519
17 7 1 49.6332 71.2396
17 8 0 72.1197 96.1416
17 9 0 45.7152 53.1139
17 10 0 89.0374 128.732
17 11 0 60.6067 83.861
17 12 0 66.1714 82.5578
17 13 0 91.6292 128.022
17 14 0 30.6918 40.0501
17 15 0 65.3369 72.0386
17 16 1 8.65193 12.7799
17 18 1 72.4206 79.5839
17 19 0 10.6042 12.6976
17 20 0 48.3246 52.6743
17 21 0 75.4811 100.626
17 22 0 37.5726 43.5386
17 23 0 86.0232 105.948
17 24 0 94.816 120.293
17 25 0 73.1455 105.905
17 26 0 22.2656 30.9425
17 27 0 81.9191 97.0827
17 28 0 13.6655 14.1439
17 29 0 68.0191 82.5999
17 30 0 83.128 89.9621
17 31 1 71.3335 92.1231
17 32 0 75.6783 88.3341
17 33 1 2.05179 2.76238
17 34 0 42.8498 62.5954
17 35 1 35.2222 38.4195
17 36 0 80.2463 81.687
17 37 0 83.1663 121.02
17 38 0 53.1668 63.6716
17 39 0 84.9129 120.919
17 40 1 23.5066 31.6901
18 1 0 32.7942 42.4258
18 2 0 2.57467 3.18776
18 3 0 59.3916 62.0808
18 4 0 76.3719 79.5208
18 5 0 9.11878 12.4815
18 6 0 52.4936 67.1409
18 7 1 55.7853 62.3122
18 8 1 12.6962 18.2892
18 9 0 2.19842 3.1558
18 10 0 77.271 83.8619
18 11 1 54.1473 67.7279
18 12 0 58.9842 79.7557
18 13 0 24.486 25.9318
18 14 0 96.3479 137.842
18 15 0 74.6921 97.2616
18 16 0 50.35 59.2271
18 17 0 14.3904 15.4444
18 19 1 39.7871 52.803
18 20 1 84.4841 119.623
18 21 0 84.9584 111.167
18 22 0 1.63356 2.05612
18 23 0 69.5457 89.6264
18 24 0 73.6127 103.177
18 25 0 51.0897 52.0478
18 26 0 63.9886 86.5269
18 27 0 89.5729 123.267
18 28 0 20.0736 23.9112
18 29 0 43.5181 53.6696
18 30 0 94.1245 111.231
18 31 0 28.5685 30.2967
18 32 0 87.9746 104.854
18 33 1 41.4241 45.8212
18 34 0 95.3305 108.844
18 35 0 19.3346 28.164
18 36 1 15.4933 18.8019
18 37 1 55.6536 82.2652
18 38 0 47.4789 70.1889
18 39 0 70.1898 81.4572
18 40 0 14.2043 15.9007
19 1 0 5.84644 5.93467
19 2 0 16.3252 21.2208
19 3 0 12.9383 13.8472
19 4 1 81.9565 99.0857
19 5 0 48.3318 55.4798
19 6 0 3.58595 5.31718
19 7 0 43.4127 64.4484
19 8 0 85.5632 111.86
19 9 0 55.1742 64.3515
19 10 0 61.1117 84.101
19 11 0 93.6666 105.031
19 12 0 31.6706 33.0731
19 13 0 18.8479 26.2716
19 14 0 65.5088 70.108
19 15 0 1.62679 1.75032
19 16 0 12.0137 18.0055
19 17 1 18.3995 22.0661
19 18 1 37.2965 41.2689
19 20 1 29.2785 37.933
19 21 1 57.0063 66.4714
19 22 1 78.6727 108.747
19 23 0 17.9478 22.6965
19 24 0 85.444 99.2144
19 25 0 45.3405 61.5732
19 26 0 25.4727 29.8196
19 27 0 64.5959 68.1879
19 28 1 56.3586 61.3654
19 29 0 58.2317 60.0725
19 30 0 17.9092 24.1199
19 31 0 89.9706 97.8347
19 32 1 5.02086 6.08071
19 33 1 83.508 101.688
19 34 0 16.6079 19.9962
19 35 0 10.8587 15.4859
19 36 0 22.1685 24.6835
19 37 0 52.4382 72.8598
19 38 1 2.5883 3.11617
19 39 0 19.5586 28.6835
19 40 1 82.6475 89.7318
20 1 0 40.3408 60.3269
20 2 0 80.6332 112.563
20 3 0 0.279049 0.405399
20 4 0 12.1366 13.9367
20 5 0 77.9747 112.729
20 6 0 54.9621 55.4699
20 7 0 37.411 47.1397
20 8 1 56.5204 68.0083
20 9 0 99.1736 129.215
20 10 0 60.7736 78.2401
20 11 1 66.5062 66.5531
20 12 0 48.7745 49.9364
20 13 1 38.347 56.6482
20 14 0 48.9124 53.7585
20 15 0 46.5784 47.159
20 16 0 2.77815 3.65878
20 17 0 72.1602 85.1497
20 18 0 32.082 40.5307
20 19 0 95.2688 129.823
20 21 1 7.5631 9.90419
20 22 0 53.4905 77.8221
20 23 1 2.51323 2.63168
20 24 0 23.7541 24.1141
20 25 0 20.2066 20.8193
20 26 0 79.1668 84.7208
20 27 0 71.2544 71.6716
20 28 1 69.0297 98.2342
20 29 0 69.5656 81.7121
20 30 1 89.8031 115.443
20 31 0 1.50896 2.20776
20 32 0 45.0894 58.6942
20 33 1 86.3404 97.7799
20 34 0 35.2355 46.3939
20 35 0 39.9378 46.1904
20 36 0 42.4409 44.7843
20 37 0 18.7627 21.5831
20 38 0 79.5497 102.945
20 39 1 92.1681 124.401
20 40 1 70.4585 93.2117
21 1 0 20.7455 28.7915
21 2 0 1.08523 1.55054
21 3 1 2.08736 2.21743
21 4 0 18.6373 21.188
21 5 0 7.56101 9.24888
21 6 1 31.771 33.0172
21 7 0 47.7706 61.0891
21 8 0 4.55681 6.02889
21 9 0 61.1555 74.8094
21 10 0 99.0916 146.294
21 11 0 81.5022 90.4866
21 12 0 56.5627 62.0481
21 13 0 34.5976 42.1113
21 14 0 6.73529 10.0209
21 15 0 98.3135 121.726
21 16 0 5.01585 5.05446
21 17 0 14.02 18.4512
21 18 1 41.7336 50.9477
21 19 0 83.8282 101.307
21 20 0 1.42264 1.77702
21 22 1 28.2504 30.9378
21 23 0 97.6235 125.901
21 24 0 33.819 44.1071
21 25 0 55.6705 74.2849
21 26 0 75.2451 95.3574
21 27 0 66.7759 83.9485
21 28 1 12.9914 14.7614
21 29 0 97.0652 141.119
21 30 0 3.93897 4.78593
21 31 0 95.2697 100.405
21 32 0 80.1392 104.083
21 33 0 39.4663 49.5481
21 34 0 0.0406871 0.0461321
21 35 0 47.4415 56.7582
21 36 0 53.5678 75.6738
21 37 0 58.0705 82.5228
21 38 0 10.3188 10.7321
21 39 0 96.1365 106.285
21 40 0 32.6847 37.7968
22 1 0 2.20492 3.2706
22 2 0 92.4573 130.891
22 3 0 9.4118 10.5074
22 4 0 80.2517 96.8595
22 5 1 31.6053 37.7302
22 6 0 70.3172 88.9186
22 7 0 84.0922 85.2991
22 8 0 95.6832 126.46
22 9 0 90.7461 97.4443
22 10 0 20.3306 21.0277
22 11 0 37.0095 54.9581
22 12 0 49.2487 57.1622
22 13 0 29.8208 31.1318
22 14 0 23.1335 32.9164
22 15 0 17.1345 18.0411
22 16 0 55.5303 59.5245
22 17 0 97.9254 143.141
22 18 0 7.13876 7.9431
22 19 0 4.14314 5.99638
22 20 0 81.0575 108.69
22 21 0 6.07502 8.62861
22 23 1 4.56745 6.04985
22 24 0 63.4527 91.9887
22 25 0 45.6606 52.9201
22 26 0 82.2238 82.8878
22 27 0 65.1941 78.5454
22 28 0 6.56382 8.61953
22 29 0 58.6941 76.5895
22 30 0 33.0029 45.7764
22 31 0 2.92762 4.15733
22 32 0 21.7541 27.8499
22 33 0 41.6404 50.4175
22 34 0 75.272 107.756
22 35 0 91.532 125.393
22 36 0 57.6808 81.658
22 37 1 7.61144 10.8644
22 38 1 94.592 96.2576
22 39 1 17.3652 18.6335
22 40 1 2.06304 2.99423
23 1 1 7.51052 10.1011
23 2 0 87.1565 120.354
23 3 0 35.2298 43.7557
23 4 0 49.9856 51.048
23 5 0 7.68896 8.7521
23 6 1 93.184 113.755
23 7 0 45.2522 48.5008
23 8 0 18.0718 25.0309
23 9 0 13.0961 16.8334
23 10 0 4.07611 5.02735
23 11 0 77.6169 103.812
23 12 0 32.507 35.9223
23 13 0 25.5493 36.5165
23 14 0 92.3154 127.291
23 15 0 79.1836 87.8874
23 16 0 55.8734 60.6544
23 17 0 73.4776 81.8398
23 18 1 35.9343 47.9195
23 19 0 0.823004 0.897965
23 20 1 6.31244 7.3681
23 21 0 8.31077 10.3817
23 22 0 67.6255 88.8556
23 24 1 54.2165 65.974
23 25 0 81.1348 92.168
23 26 1 62.9964 90.9182
23 27 0 81.7692 85.4623
23 28 0 32.3366 39.7995
23 29 0 16.1188 19.7369
23 30 1 22.1954 27.7338
23 31 0 66.9603 73.2699
23 32 1 20.1564 26.7625
23 33 0 29.3677 35.6697
23 34 0 28.272 28.2926
23 35 0 42.3343 45.4487
23 36 0 83.0685 108.997
23 37 0 95.544 142.757
23 38 0 38.812 56.5911
23 39 0 90.569 100.073
23 40 1 70.0959 72.3675
24 1 0 49.7041 64.499
24 2 1 32.2311 48.2641
24 3 0 8.28217 11.9936
24 4 1 81.9313 117.112
24 5 0 71.5661 98.3578
24 6 0 13.2216 19.0369
24 7 0 38.406 56.4685
24 8 1 89.8335 122.621
24 9 1 32.4516 39.6945
24 10 0 82.7442 107.881
24 11 0 61.9436 79.8629
24 12 0 34.7001 49.314
24 13 0 52.2381 68.445
24 14 1 13.1084 15.1899
24 15 0 20.4059 24.6549
24 16 0 71.3061 80.6524
24 17 0 85.2514 108.526
24 18 0 43.3153 61.3021
24 19 1 68.9636 83.7106
24 20 0 80.7908 90.7977
24 21 0 50.5534 56.0383
24 22 1 81.4109 118.133
24 23 0 21.1556 25.0353
24 25 1 10.7965 14.4603
24 26 1 96.8886 127.366
24 27 0 37.476 43.9694
24 28 0 22.7394 26.7765
24 29 0 44.3462 60.1663
24 30 0 39.3599 43.0607
24 31 0 62.4806 70.5567
24 32 0 62.5586 77.5796
24 33 0 50.8654 63.917
24 34 0 48.9789 52.3731
24 35 0 15.9447 15.966
24 36 0 98.3605 142.268
24 37 0 21.0384 29.9599
24 38 1 65.7357 91.3746
24 39 1 26.9394 38.3588
24 40 0 7.97107 8.7179
25 1 0 82.5764 115.793
25 2 0 88.3481 124.014
25 3 0 19.5579 21.2372
25 4 0 81.1499 89.0953
25 5 0 84.5272 98.634
25 6 0 50.6702 63.0223
25 7 0 30.5415 37.1218
25 8 1 11.9575 16.7909
25 9 0 9.89594 10.6874
25 10 0 61.6994 73.1682
25 11 0 29.6164 36.7108
25 12 0 37.8629 42.677
25 13 0 8.33162 11.924
25 14 0 78.6358 104.524
25 15 0 62.662 78.0695
25 16 1 62.208 89.3675
25 17 0 71.8963 103.098
25 18 0 33.2809 41.1014
25 19 1 57.2929 76.6851
25 20 0 53.828 76.626
25 21 0 1.42503 1.9566
25 22 0 65.2982 79.9256
25 23 0 28.4189 40.2749
25 24 0 61.1092 91.6198
25 26 1 91.8147 113.138
25 27 0 69.7306 87.1621
25 28 0 27.9279 38.3628
25 29 0 77.6687 82.7463
25 30 1 68.4835 92.1991
25 31 0 86.6471 88.3544
25 32 1 60.4501 81.9234
25 33 0 98.7709 141.81
25 34 0 48.8476 64.9332
25 35 0 10.848 13.0463
25 36 0 82.2617 102.667
25 37 1 31.8063 35.3144
25 38 0 52.3983 58.2817
25 39 1 84.8181 120.643
25 40 0 8.84369 12.0891
26 1 0 67.5451 84.6727
26 2 0 53.038 60.1552
26 3 1 39.3292 50.6233
26 4 0 61.8354 77.6068
26 5 0 35.8411 53.5189
26 6 0 42.0776 54.9274
26 7 0 13.2461 19.4378
26 8 0 72.481 82.2961
26 9 0 82.0582 95.6695
26 10 0 38.3849 45.9825
26 11 0 77.5111 86.3287
26 12 0 52.8145 68.7741
26 13 0 20.4068 25.8861
26 14 0 73.4791 77.0794
26 15 1 33.8568 49.7124
26 16 0 35.7137 44.2741
26 17 0 97.3141 141.006
26 18 1 80.6356 106.628
26 19 0 29.8047 30.9784
26 20 1 58.8326 69.7096
26 21 0 57.5599 84.7454
26 22 0 3.92453 4.7143
26 23 0 90.1621 115.391
26 24 1 68.815 96.1579
26 25 0 43.9961 44.7021
26 27 1 15.1579 19.5595
26 28 0 42.0381 56.4555
26 29 0 58.734 75.8336
26 30 1 59.6532 80.9634
26 31 0 29.1187 37.9968
26 32 0 8.1278 9.00983
26 33 0 2.14639 2.39634
26 34 0 6.04005 8.25834
26 35 0 91.5555 118.041
26 36 0 98.8305 133.527
26 37 0 22.049 30.9252
26 38 0 29.0751 42.0254
26 39 0 49.4726 62.4369
26 40 0 42.8245 48.6382
27 1 0 28.9254 30.3869
27 2 1 42.6463 46.1415
27 3 0 49.0003 57.8705
27 4 1 55.8487 65.9461
27 5 0 8.90141 10.345
27 6 0 85.3842 100.154
27 7 0 6.68187 8.49747
27 8 0 51.5614 66.9097
27 9 0 58.4974 85.8101
27 10 0 49.1142 72.9198
27 11 0 76.0427 86.6606
27 12 0 77.4355 96.9793
27 13 0 67.9101 72.7719
27 14 0 74.3155 105.855
27 15 0 52.3887 66.3603
27 16 1 55.0736 65.2547
27 17 0 49.5241 67.3871
27 18 0 9.84518 10.9987
27 19 0 51.7069 72.869
27 20 1 3.35976 4.92844
27 21 0 87.9823 105.961
27 22 0 73.6286 104.7
27 23 0 36.253 53.0811
27 24 1 80.2655 108.328
27 25 0 77.5694 77.6505
27 26 0 65.2963 79.4897
27 28 1 92.2363 119.703
27 29 0 18.6431 18.6777
27 30 0 22.7077 29.0555
27 31 0 77.0657 83.0652
27 32 0 91.5307 118.778
27 33 0 18.0646 22.5465
27 34 0 11.1617 15.0878
27 35 0 55.0198 68.9009
27 36 0 67.4882 72.8882
27 37 1 35.2791 35.3498
27 38 0 30.26 40.9361
27 39 0 47.749 66.8555
27 40 0 74.4328 80.1903
28 1 0 12.6215 14.0065
28 2 1 93.1296 134.992
28 3 1 73.4839 77.887
28 4 1 15.4094 21.5307
28 5 0 85.4547 94.9699
28 6 0 91.7774 109.059
28 7 0 36.566 41.2562
28 8 0 54.1851 66.8974
28 9 0 42.2793 55.6632
28 10 1 17.7352 22.6924
28 11 0 43.6892 53.119
28 12 0 85.5897 108.933
28 13 0 4.5166 5.06461
28 14 0 47.6692 53.9756
28 15 1 29.5124 39.9173
28 16 0 88.6136 127.915
28 17 0 76.2368 94.695
28 18 0 32.949 48.0814
28 19 0 96.8751 119.705
28 20 0 34.2344 35.7825
28 21 0 99.1417 127.849
28 22 0 74.7485 86.9879
28 23 0 65.1632 85.2346
28 24 0 55.8015 74.983
28 25 1 96.6315 100.31
28 26 1 11.9527 12.5386
28 27 0 84.3245 105.934
28 29 1 32.9116 44.4054
28 30 0 97.2523 117.13
28 31 0 18.7825 23.4168
28 32 0 66.41 81.5669
28 33 0 88.5437 96.7575
28 34 0 46.0697 56.911
28 35 1 94.9611 103.314
28 36 0 40.4736 42.5791
28 37 0 32.1698 34.7597
28 38 0 72.5036 75.5953
28 39 0 76.979 115.29
28 40 0 93.2885 138.724
29 1 1 10.5757 15.7836
29 2 0 40.5705 56.7712
29 3 0 10.3332 11.6348
29 4 0 52.0543 68.772
29 5 0 15.4666 22.1086
29 6 0 98.0606 119.495
29 7 1 67.7176 93.8831
29 8 0 65.303 77.423
29 9 1 85.4147 121.036
29 10 0 83.2018 115.473
29 11 0 68.6885 78.4561
29 12 0 83.8266 104.355
29 13 0 84.9535 112.155
29 14 0 67.0426 98.0885
29 15 0 13.9526 14.4078
29 16 1 82.7548 111.899
29 17 1 2.16814 3.02328
29 18 0 52.3049 71.9638
29 19 0 1.6114 1.76238
29 20 0 33.3753 48.8642
29 21 0 70.813 72.675
29 22 0 76.0692 113.9
29 23 0 9.56975 13.2892
29 24 0 49.4735 57.8225
29 25 1 68.646 79.1129
29 26 0 70.9427 90.1392
29 27 0 83.4405 112.854
29 28 0 73.0727 79.1118
29 30 1 64.2316 85.5803
29 31 0 73.8244 94.4119
29 32 0 9.919 14.6611
29 33 0 58.6054 70.2052
29 34 0 22.0212 32.7171
29 35 0 95.3491 99.4324
29 36 1 34.1293 48.8792
29 37 0 16.2065 23.3834
29 38 1 6.13171 7.79426
29 39 0 72.813 92.5685
29 40 0 51.0431 69.6899
30 1 0 39.1315 42.8427
30 2 0 77.3338 98.0231
30 3 0 83.8555 112.851
30 4 0 70.3879 77.8381
30 5 0 20.4243 27.3235
30 6 0 29.563 37.8324
30 7 1 48.4484 61.0979
30 8 0 80.7158 86.696
30 9 0 79.0737 112.029
30 10 1 47.1566 49.9753
30 11 0 50.2676 59.0352
30 12 0 30.8712 45.9662
30 13 1 48.3995 53.5157
30 14 0 20.0382 20.7436
30 15 0 63.4526 71.2201
30 16 0 72.2408 86.8154
30 17 0 15.8643 17.6989
30 18 1 4.45338 5.15521
30 19 0 47.981 66.6797
30 20 0 40.8631 51.3223
30 21 1 55.7317 69.4407
30 22 1 8.56026 11.3817
30 23 0 2.53199 2.92233
30 24 1 82.9128 114.463
30 25 0 26.1489 36.5756
30 26 0 42.8543 43.7535
30 27 0 41.7734 56.3359
30 28 0 48.4034 56.8864
30 29 0 82.0814 93.9405
30 31 1 38.8084 42.3677
30 32 0 52.6633 75.876
30 33 0 81.2728 119.549
30 34 0 4.5471 4.79401
30 35 0 10.5838 10.5874
30 36 0 80.7357 120.348
30 37 0 61.0948 77.1505
30 38 0 62.2151 72.6399
30 39 0 49.5579 52.4841
30 40 0 49.8247 69.5389
31 1 0 50.662 62.1215
31 2 1 91.6481 126.52
31 3 0 23.163 31.3986
31 4 1 71.8315 83.3776
31 5 0 83.9093 113.828
31 6 0 30.115 30.4438
31 7 0 52.2545 55.4736
31 8 1 16.6354 19.0334
31 9 0 96.3593 130.252
31 10 0 71.6754 94.9145
31 11 0 61.6933 90.7946
31 12 1 18.8166 20.9151
31 13 0 86.8385 103.233
31 14 0 39.9995 48.4654
31 15 0 0.332698 0.424075
31 16 0 29.8085 44.4347
31 17 0 38.7742 53.6817
31 18 0 83.5948 94.863
31 19 0 79.9749 115.47
31 20 0 65.6363 92.429
31 21 0 89.8209 100.149
31 22 0 47.4052 49.2811
31 23 0 76.2847 109.666
31 24 0 12.2643 18.0685
31 25 0 65.7444 75.9874
31 26 0 82.0941 88.3172
31 27 1 74.9594 92.3227
31 28 0 99.5714 121.19
31 29 0 60.0573 61.3675
31 30 0 78.8073 91.8527
31 32 1 15.8119 19.0156
31 33 0 33.9362 36.5026
31 34 1 49.1108 56.8474
31 35 0 87.3858 111.886
31 36 1 17.6821 20.6147
31 37 0 44.5072 53.6131
31 38 1 38.6823 53.5129
31 39 0 4.44904 5.20514
31 40 0 43.0693 60.5945
32 1 0 16.5672 17.8777
32 2 0 54.8667 71.9904
32 3 1 86.1342 101.19
32 4 0 68.5878 70.7807
32 5 0 19.8713 27.0137
32 6 0 14.7747 15.3679
32 7 0 33.9485 34.5862
32 8 0 32.1193 34.3896
32 9 0 67.3276 99.3738
32 10 0 40.0997 55.6189
32 11 1 82.9449 103.127
32 12 0 77.0738 91.2409
32 13 0 93.1486 139.39
32 14 0 91.3888 91.7269
32 15 0 39.1384 50.5249
32 16 0 84.2415 95.1045
32 17 0 46.9269 60.1754
32 18 0 28.8552 32.2784
32 19 0 96.6267 144.77
32 20 0 66.1357 98.7035
32 21 0 44.3972 45.0756
32 22 0 44.9148 63.4708
32 23 0 56.0238 72.3705
32 24 0 51.8878 61.7796
32 25 0 77.3507 113.743
32 26 0 0.448571 0.666385
32 27 0 77.1581 102.769
32 28 0 85.5239 114.598
32 29 1 78.9278 79.6201
32 30 0 47.1659 55.5548
32 31 0 66.6922 75.9379
32 33 1 48.2311 61.3592
32 34 0 59.6979 66.7145
32 35 0 2.46012 2.61667
32 36 1 0.242259 0.295591
32 37 0 64.4733 74.8764
32 38 0 94.2048 131.699
32 39 0 59.9816 65.3252
32 40 0 79.1078 115.968
33 1 1 33.2219 39.4293
33 2 0 74.4121 111.386
33 3 1 78.6099 109.968
33 4 0 74.8149 97.0616
33 5 0 19.1523 25.1087
33 6 0 55.881 81.0916
33 7 0 97.8452 99.0817
33 8 0 96.0732 107.397
33 9 0 80.6772 101.519
33 10 0 91.8824 117.128
33 11 0 98.7032 127.927
33 12 0 84.9883 107.092
33 13 0 84.3597 94.4778
33 14 0 88.6218 102.648
33 15 0 55.2024 79.5792
33 16 0 47.0688 66.6052
33 17 0 72.2008 92.9059
33 18 0 66.7498 94.3622
33 19 0 43.0059 48.0819
33 20 1 71.9003 97.152
33 21 0 82.4527 86.24
33 22 0 59.6833 81.5722
33 23 0 42.4808 51.2764
33 24 0 71.2931 98.2767
33 25 1 42.719 44.0765
33 26 0 12.9302 15.4699
33 27 0 91.2041 106.4
33 28 0 18.5528 22.0278
33 29 0 27.5511 30.3
33 30 1 50.583 69.8671
33 31 0 83.4465 104.047
33 32 0 1.89995 2.08722
33 34 1 55.3205 61.5237
33 35 0 75.0029 111.086
33 36 0 71.6537 93.1639
33 37 0 18.1363 25.9704
33 38 0 19.5574 27.643
33 39 0 63.8155 82.4015
33 40 0 27.1602 33.2708
34 1 0 0.448728 0.619733
34 2 0 92.5009 107.124
34 3 0 10.8597 13.3494
34 4 0 0.664735 0.69376
34 5 0 22.8806 24.709
34 6 0 71.6702 84.0893
34 7 0 4.60831 5.62175
34 8 0 61.9862 65.4401
34 9 0 32.4991 37.6815
34 10 0 14.0548 18.4083
34 11 0 49.3015 66.7251
34 12 0 74.4977 85.0591
34 13 1 23.0738 24.7702
34 14 0 87.3848 117.605
34 15 1 95.3745 114.262
34 16 0 98.7374 104.026
34 17 0 17.07 19.8814
34 18 0 51.85 53.9607
34 19 0 41.7743 62.2029
34 20 0 16.8531 23.3861
34 21 0 14.7214 19.8689
34 22 0 81.477 104.587
34 23 0 0.630243 0.845807
34 24 0 77.5324 109.539
34 25 0 42.0601 53.5088
34 26 1 80.1445 107.139
34 27 0 79.3906 104.81
34 28 1 52.0603 78.0243
34 29 1 22.6382 29.0478
34 30 0 74.2081 83.0158
34 31 0 31.8066 42.3853
34 32 0 13.1303 16.5047
34 33 0 75.0496 78.1881
34 35 1 16.256 19.5769
34 36 1 87.9381 96.672
34 37 0 97.69 123.671
34 38 0 13.9086 20.4038
34 39 0 67.0259 89.9552
34 40 1 81.9701 111.232
35 1 0 57.9838 79.6898
35 2 0 24.8154 29.8054
35 3 0 41.4388 43.4979
35 4 0 48.0248 55.1912
35 5 0 84.1573 110.245
35 6 0 68.3714 80.9912
35 7 0 15.8606 17.3851
35 8 0 62.5755 89.6629
35 9 0 97.35 122.936
35 10 0 92.4347 116.649
35 11 0 54.6525 67.6855
35 12 0 2.69781 2.70042
35 13 0 33.117 46.8354
35 14 0 20.6263 24.5303
35 15 0 43.0533 62.6248
35 16 0 37.9253 48.5306
35 17 0 4.62835 6.24919
35 18 0 52.447 68.4352
35 19 1 98.4614 116.318
35 20 0 90.5664 98.5608
35 21 0 5.86615 5.95449
35 22 0 20.1838 21.4708
35 23 0 52.9133 76.21
35 24 0 29.88 30.786
35 25 0 96.6062 142.537
35 26 0 50.2895 71.36
35 27 0 50.0489 58.4239
35 28 0 35.1788 52.0208
35 29 0 46.052 60.2442
35 30 1 92.7826 136.286
35 31 0 49.1477 52.5388
35 32 0 11.3048 12.3434
35 33 0 44.1291 54.0331
35 34 1 36.698 53.4403
35 36 1 77.3971 114.274
35 37 0 4.7429 5.6433
35 38 0 56.6079 81.2448
35 39 0 18.1948 25.0364
35 40 0 72.4116 79.3131
36 1 0 62.38 66.9336
36 2 0 52.8613 61.3274
36 3 0 49.7627 70.1245
36 4 0 39.2274 41.392
36 5 1 34.82 44.1957
36 6 0 40.3554 44.6652
36 7 0 64.6591 82.8747
36 8 1 21.9189 27.3175
36 9 0 99.2823 148.058
36 10 0 93.341 105.741
36 11 0 83.0749 110.079
36 12 0 99.1825 125.004
36 13 1 71.9325 104.456
36 14 0 73.1521 80.5862
36 15 0 66.6368 73.0656
36 16 1 59.5033 83.7045
36 17 0 66.5598 72.5704
36 18 0 83.957 104.243
36 19 0 8.47835 11.8157
36 20 1 58.2097 62.9215
36 21 0 92.4632 131.243
36 22 0 68.7219 83.9649
36 23 0 0.875879 1.20793
36 24 0 29.1935 43.142
36 25 0 71.3692 82.9866
36 26 0 76.3344 79.5391
36 27 0 40.5609 54.8567
36 28 0 30.2423 43.2824
36 29 1 21.6529 25.8051
36 30 1 8.53514 11.2806
36 31 0 87.3864 107.491
36 32 0 16.1689 23.3832
36 33 0 29.1053 43.6188
36 34 0 40.3259 53.2514
36 35 0 3.85794 5.36564
36 37 1 0.448278 0.59625
36 38 0 59.8871 83.4078
36 39 0 66.1094 81.471
36 40 0 83.0225 104.656
37 1 1 20.9013 27.0093
37 2 0 57.0953 83.7827
37 3 0 3.4293 4.00774
37 4 1 97.1189 99.6312
37 5 0 95.7022 97.0222
37 6 0 2.75095 2.85539
37 7 1 84.2377 107.349
37 8 1 88.5039 126.171
37 9 0 82.2786 94.6228
37 10 1 72.1904 106.104
37 11 0 65.323 94.7295
37 12 0 83.1634 120.434
37 13 0 84.4134 115.055
37 14 0 34.2015 34.8088
37 15 0 54.9029 64.3314
37 16 0 26.0088 38.3395
37 17 0 61.3448 91.5659
37 18 0 82.35 109.204
37 19 0 62.8808 77.1325
37 20 0 22.0481 24.2735
37 21 1 26.6836 33.0909
37 22 1 94.0043 98.4723
37 23 0 48.0544 59.7211
37 24 0 22.6432 26.9595
37 25 0 8.12528 8.42085
37 26 0 77.1514 97.2953
37 27 0 0.267975 0.368168
37 28 0 49.4777 66.5608
37 29 0 8.46709 10.2684
37 30 1 64.5355 71.3989
37 31 0 1.66051 2.36002
37 32 0 10.982 12.6554
37 33 0 94.5313 95.7124
37 34 0 72.2264 91.4433
37 35 0 36.5813 44.9899
37 36 0 25.0509 32.6367
37 38 1 31.0277 43.8748
37 39 0 68.7911 94.0466
37 40 0 20.8604 27.3232
38 1 0 84.7347 94.4772
38 2 1 38.007 39.2346
38 3 0 72.1186 91.9374
38 4 1 57.637 79.7262
38 5 0 35.599 36.5817
38 6 0 4.53571 6.529
38 7 0 12.5836 17.7414
38 8 1 50.6168 63.3416
38 9 0 69.9603 83.8292
38 10 0 76.4529 105.337
38 11 0 48.5876 60.6447
38 12 0 74.8183 75.4165
38 13 0 28.7403 42.8452
38 14 0 49.8171 53.5649
38 15 1 6.81559 9.11511
38 16 0 70.6872 103.944
38 17 1 72.1597 80.4678
38 18 0 49.6558 70.4152
38 19 1 58.629 64.5637
38 20 0 38.0667 50.2846
38 21 0 64.9389 91.2796
38 22 0 39.741 48.801
38 23 0 33.7358 41.8192
38 24 0 83.8558 109.395
38 25 0 82.7335 86.4053
38 26 0 40.292 58.2925
38 27 0 60.6654 66.8958
38 28 1 36.1129 40.377
38 29 0 86.5108 121.953
38 30 0 8.02433 9.27886
38 31 1 78.0057 85.4555
38 32 0 88.523 113.067
38 33 0 3.68206 3.91565
38 34 0 86.8153 95.5286
38 35 0 20.9607 30.6733
38 36 0 44.1844 58.1755
38 37 0 88.0014 90.5291
38 39 1 88.5001 123.328
38 40 0 69.7208 87.9672
39 1 0 42.5604 54.3782
39 2 1 14.4008 19.5667
39 3 0 5.28352 7.76024
39 4 0 40.9436 56.5819
39 5 0 33.7877 49.1473
39 6 1 4.18518 4.69517
39 7 0 27.6063 39.8429
39 8 0 31.7151 44.9323
39 9 1 3.15662 3.92226
39 10 0 53.2933 74.8793
39 11 0 65.0856 85.7344
39 12 0 98.0937 99.8383
39 13 0 92.1549 129.881
39 14 1 36.2696 43.27
39 15 0 98.0494 129.998
39 16 0 51.6326 63.8013
39 17 0 0.18874 0.267256
39 18 0 27.5543 30.9713
39 19 0 0.888765 0.913761
39 20 0 58.328 60.9278
39 21 0 73.1917 76.3508
39 22 0 13.3948 13.4975
39 23 0 69.556 83.8296
39 24 0 46.6314 47.3883
39 25 0 6.65019 7.66115
39 26 0 86.7785 123.222
39 27 0 38.652 57.7115
39 28 0 4.97073 7.26403
39 29 0 35.291 37.0895
39 30 0 16.7505 21.3953
39 31 0 24.6664 35.1756
39 32 1 6.45353 8.22406
39 33 0 17.4786 19.0744
39 34 0 55.6767 77.7382
39 35 0 36.1024 44.0228
39 36 0 86.9611 87.2271
39 37 1 63.3313 93.5391
39 38 0 73.3951 81.8461
39 40 1 20.8221 22.8244
40 1 1 24.4307 32.3407
40 2 0 58.1985 76.6003
40 3 0 58.0232 58.8991
40 4 0 52.7501 78.3275
40 5 0 50.7621 52.2808
40 6 0 41.9871 44.156
40 7 0 79.0089 93.3026
40 8 0 77.6045 105.881
40 9 0 87.0551 104.13
40 10 0 75.6808 93.1851
40 11 0 19.2564 28.2814
40 12 0 4.59549 6.09406
40 13 0 45.4922 54.9424
40 14 0 82.3001 90.762
40 15 0 87.7911 92.7509
40 16 0 17.0195 23.4639
40 17 0 22.2526 27.3203
40 18 1 36.3392 52.2979
40 19 1 66.6196 78.4602
40 20 1 55.851 79.3377
40 21 0 98.6295 147.451
40 22 0 25.8732 31.2914
40 23 0 18.0631 24.0131
40 24 1 42.4329 57.4218
40 25 0 85.0182 100.478
40 26 0 41.9055 59.4234
40 27 0 23.401 32.0725
40 28 0 69.1935 86.6755
40 29 0 67.691 75.2182
40 30 0 25.2225 29.6955
40 31 1 5.84428 8.75174
40 32 0 68.4677 72.1767
40 33 0 81.7348 83.7312
40 34 0 86.5555 97.9131
40 35 0 0.469072 0.511947
40 36 0 87.235 87.464
40 37 0 55.7983 76.5154
40 38 0 14.9826 19.284
40 39 0 88.3006 126.345
0.112664 36.6105 35.916 24.4945 17.7915 22.252 0.230269 11.377 3.49819 25.7138 38.9502 34.8116 3.51477 26.6386 8.97715 28.957 38.4139 15.229 7.31446 10.1521 11.9217 2.26731 34.1371 25.8901 34.4343 19.6631 30.139 28.6944 32.8735 39.0048 17.1753 18.6281 38.9545 29.6486 32.4656 32.5095 17.8515 38.2313 8.62504 5.5298 