40
300
4
100
1 2 1 58.1821 64.0715
1 3 0 2.50869 3.3955
1 4 0 27.3741 36.3553
1 5 0 23.7182 25.4711
1 6 1 95.7923 120.439
1 7 0 49.7054 64.9582
1 8 0 80.8397 88.2389
1 9 1 32.5784 38.2555
1 10 0 72.994 90.9844
1 11 0 42.427 62.1175
1 12 0 73.1151 108.483
1 13 1 58.9563 62.1712
1 14 0 25.7168 34.7294
1 15 0 66.9674 92.7095
1 16 0 20.9862 23.0153
1 17 0 75.6111 91.2191
1 18 1 15.093 22.2338
1 19 0 70.9068 75.8775
1 20 0 30.1496 31.09
1 21 0 77.8176 113.454
1 22 0 32.7752 36.1012
1 23 0 93.1492 129.694
1 24 1 18.8064 23.547
1 25 0 17.1079 21.207
1 26 0 71.0582 97.2948
1 27 1 35.2639 36.5251
1 28 0 31.262 34.8174
1 29 0 9.77703 11.7973
1 30 0 45.8661 58.2177
1 31 0 75.7506 111.651
1 32 0 76.7841 82.3865
1 33 0 9.20597 11.9557
1 34 0 16.8775 17.5525
1 35 0 56.4655 81.8088
1 36 0 12.7507 18.4567
1 37 0 52.3017 69.9366
1 38 0 42.6764 53.5812
1 39 0 79.2562 95.5068
1 40 0 85.5235 100.159
2 1 1 44.5306 52.0894
2 3 1 84.7937 124.053
2 4 0 2.3693 2.93477
2 5 0 22.0662 24.1628
2 6 0 20.3813 25.4156
2 7 1 46.7696 66.5986
2 8 0 20.8219 25.6118
2 9 1 78.1068 91.0796
2 10 0 24.7955 28.5105
2 11 0 72.1651 100.8
2 12 0 58.6073 83.3959
2 13 0 47.594 54.1725
2 14 1 3.17639 4.51884
2 15 0 49.5671 50.6878
2 16 0 70.49 76.866
2 17 0 15.0162 17.3649
2 18 0 12.9278 13.6396
2 19 0 45.6549 55.3467
2 20 0 40.9538 56.5621
2 21 0 85.9672 121.152
2 22 0 12.0618 15.4232
2 23 0 79.5301 87.962
2 24 0 50.729 60.5999
2 25 0 77.4728 95.1981
2 26 0 57.9595 63.4704
2 27 1 34.0555 41.5997
2 28 0 84.6956 93.8825
2 29 0 48.0841 50.4579
2 30 0 41.9558 43.2017
2 31 0 83.5514 116.433
2 32 0 61.1375 86.3099
2 33 0 42.375 46.6812
2 34 1 3.34753 3.88063
2 35 0 25.4145 31.5561
2 36 0 0.295361 0.387529
2 37 0 23.2208 32.2175
2 38 0 25.5353 26.3924
2 39 0 25.0397 30.2345
2 40 0 11.5027 12.3788
3 1 1 49.2806 61.9501
3 2 1 89.2368 103.322
3 4 1 54.2043 71.8036
3 5 0 62.5764 66.5269
3 6 0 77.8752 108.714
3 7 0 23.9482 35.6731
3 8 0 57.4291 66.1152
3 9 0 98.2366 139.005
3 10 0 24.2307 26.6413
3 11 0 36.9912 38.7097
3 12 0 77.1455 82.0826
3 13 0 42.0026 43.8835
3 14 0 87.7309 121.132
3 15 0 87.3968 106.653
3 16 0 97.9347 120.038
3 17 0 1.24109 1.74184
3 18 1 42.9855 48.9566
3 19 0 70.0045 104.279
3 20 0 51.9156 60.6024
3 21 0 17.4049 20.1479
3 22 0 61.5189 72.8896
3 23 0 73.5758 95.4133
3 24 0 72.4361 95.5786
3 25 0 42.1316 48.3661
3 26 0 49.5782 60.6064
3 27 0 3.40259 4.15401
3 28 0 93.0877 105.06
3 29 0 22.5351 23.6858
3 30 0 58.9646 60.5714
3 31 0 11.644 17.4359
3 32 0 66.6927 78.4015
3 33 0 64.1291 69.3104
3 34 0 47.8516 61.8858
3 35 0 76.8328 109.388
3 36 1 94.3994 116.691
3 37 0 48.6049 49.6926
3 38 0 35.2537 47.9556
3 39 0 17.5638 25.2525
3 40 0 25.4975 36.6164
4 1 0 25.416 35.979
4 2 0 42.5543 45.4359
4 3 0 30.48 41.4409
4 5 1 59.4941 67.735
4 6 1 35.9042 45.5533
4 7 0 41.8689 59.8805
4 8 0 17.9616 20.7584
4 9 1 91.3633 124.777
4 10 0 27.0424 39.2792
4 11 0 10.5383 12.2919
4 12 0 21.3466 31.5913
4 13 1 10.4158 14.6211
4 14 0 43.6225 53.6705
4 15 0 29.7255 32.8697
4 16 0 81.3659 88.4528
4 17 0 61.9905 68.292
4 18 1 11.2294 13.2205
4 19 0 25.0925 25.8309
4 20 1 90.5244 133.163
4 21 1 65.4267 90.6997
4 22 0 32.7325 39.244
4 23 0 62.2299 73.377
4 24 0 94.3932 129.639
4 25 1 98.2853 113.442
4 26 0 63.8487 66.2122
4 27 1 43.7987 63.0991
4 28 0 30.3911 42.3093
4 29 0 78.2089 92.9965
4 30 1 16.1071 18.2559
4 31 0 96.5235 127.409
4 32 0 71.0867 93.5474
4 33 0 61.3478 77.4445
4 34 0 9.28608 10.0431
4 35 1 37.4999 42.8985
4 36 0 33.351 41.0311
4 37 0 25.0318 33.2258
4 38 1 60.9238 85.0226
4 39 0 99.3124 146.059
4 40 0 54.6626 70.0746
5 1 0 47.7984 71.0404
5 2 0 81.0223 87.4605
5 3 0 14.8091 15.8472
5 4 0 22.4032 26.1534
5 6 1 5.23291 6.90234
5 7 0 29.0609 41.2989
5 8 0 79.8307 81.9024
5 9 0 47.4366 56.6159
5 10 1 99.1817 100.785
5 11 0 15.2413 17.6283
5 12 0 67.4499 74.2049
5 13 1 72.1683 78.8448
5 14 1 5.10683 6.47079
5 15 0 28.6211 41.8815
5 16 0 34.7353 36.4237
5 17 0 64.4433 77.6343
5 18 0 13.4823 14.9029
5 19 1 4.89387 7.03116
5 20 0 47.5094 64.3061
5 21 0 81.2824 110.592
5 22 0 56.8391 68.1759
5 23 1 98.9005 121.089
5 24 0 13.7148 20.2445
5 25 0 30.4148 42.6238
5 26 0 90.061 107.856
5 27 1 45.912 49.045
5 28 0 97.4225 135.576
5 29 1 83.5948 108.391
5 30 1 45.3891 49.9121
5 31 1 20.4381 28.4508
5 32 0 62.7135 89.7688
5 33 1 64.8498 74.5789
5 34 0 7.90443 8.93415
5 35 0 43.2239 52.0844
5 36 0 29.7304 43.1369
5 37 0 89.7104 110.653
5 38 0 62.9631 87.6803
5 39 0 49.7616 56.5047
5 40 0 21.1189 24.0476
6 1 0 57.2028 84.575
6 2 0 55.3034 76.0427
6 3 0 60.3498 71.3954
6 4 0 43.221 48.4882
6 5 0 48.3181 69.5941
6 7 1 95.0299 103.691
6 8 0 91.4382 93.9951
6 9 1 70.6367 85.6122
6 10 0 2.17167 2.75611
6 11 0 43.793 57.6877
6 12 0 52.547 65.2043
6 13 1 72.9592 77.2979
6 14 1 84.0214 85.3834
6 15 0 75.7454 98.5136
6 16 1 8.8831 9.90091
6 17 0 42.4376 54.111
6 18 1 28.8777 38.4159
6 19 1 82.1024 93.0114
6 20 0 20.2794 27.4649
6 21 1 83.2181 122.429
6 22 1 53.4244 62.8244
6 23 0 45.6885 62.7704
6 24 0 24.8518 29.3507
6 25 0 29.6331 32.7741
6 26 0 70.5214 72.5402
6 27 0 25.186 36.4164
6 28 0 63.1608 70.9137
6 29 0 67.8163 94.6402
6 30 0 51.317 70.6887
6 31 1 84.4609 100.303
6 32 0 26.7486 36.1297
6 33 1 20.9486 24.7679
6 34 1 4.60182 6.17124
6 35 0 80.9854 118.918
6 36 0 95.8042 100.778
6 37 0 41.384 57.8505
6 38 0 15.468 22.3418
6 39 0 77.9729 78.3313
6 40 1 36.02 42.3514
7 1 0 55.1297 81.1935
7 2 1 6.13021 7.21572
7 3 0 77.6303 82.7216
7 4 0 93.0975 134.96
7 5 0 41.2938 57.7179
7 6 0 2.16176 2.43378
7 8 1 73.1536 75.9904
7 9 0 34.0406 46.0536
7 10 0 98.9625 124.399
7 11 1 3.06276 3.39908
7 12 0 92.0064 114.634
7 13 0 38.8602 56.6265
7 14 0 68.7406 85.4564
7 15 1 76.8138 89.896
7 16 0 83.8543 100.351
7 17 0 42.7802 46.0715
7 18 1 24.0301 27.8944
7 19 0 21.3763 25.5082
7 20 0 13.8738 16.3731
7 21 0 32.7062 35.7315
7 22 1 97.7878 143.766
7 23 0 19.698 25.1913
7 24 0 67.3632 87.4975
7 25 0 87.4241 103.746
7 26 0 90.7947 93.0137
7 27 0 54.1408 66.1821
7 28 0 46.6842 52.9961
7 29 0 30.4588 41.7131
7 30 0 72.1066 105.272
7 31 0 51.9247 72.8902
7 32 1 9.198 11.7236
7 33 0 88.6842 90.9959
7 34 0 57.3833 78.7099
7 35 0 45.8884 48.5417
7 36 0 55.8195 83.459
7 37 1 50.1669 66.1279
7 38 0 47.8882 62.8099
7 39 0 47.9061 52.4203
7 40 0 35.3727 49.8699
8 1 1 89.4655 126.071
8 2 0 18.5037 21.7212
8 3 0 96.144 117.978
8 4 0 23.9723 32.0231
8 5 1 26.0943 36.171
8 6 0 86.9527 112.573
8 7 0 25.0333 30.945
8 9 1 73.0832 106.399
8 10 0 42.8719 55.9014
8 11 0 27.1331 34.3195
8 12 0 6.96731 8.5557
8 13 0 56.4954 60.7212
8 14 0 92.4399 112.514
8 15 0 34.2804 51.0082
8 16 1 9.11723 12.9295
8 17 1 80.3575 117.941
8 18 0 32.119 41.1497
8 19 0 73.5994 108.12
8 20 0 70.6107 90.7643
8 21 0 95.64 122.083
8 22 0 45.2773 67.7297
8 23 0 37.4041 50.9326
8 24 0 98.2385 111.894
8 25 0 33.318 47.4862
8 26 0 59.9416 89.2841
8 27 0 87.1321 89.4302
8 28 0 50.6579 56.3263
8 29 0 51.3498 57.7496
8 30 0 77.9663 115.794
8 31 0 36.2664 46.5722
8 32 1 93.6468 115.317
8 33 0 40.4399 48.7967
8 34 0 44.0285 48.7933
8 35 0 75.5158 77.4738
8 36 1 10.1584 10.4416
8 37 0 66.7794 97.3214
8 38 1 50.7839 64.7436
8 39 0 80.1577 101.963
8 40 0 3.16891 3.66311
9 1 1 20.7642 27.6366
9 2 0 75.9833 86.3627
9 3 0 31.3695 35.2318
9 4 0 0.882191 1.31607
9 5 0 64.4466 67.3547
9 6 0 83.0652 85.8469
9 7 0 29.2037 34.1083
9 8 0 58.5436 79.8217
9 10 1 15.9564 22.4609
9 11 1 97.9143 131.304
9 12 0 22.3836 30.9707
9 13 1 75.404 101.548
9 14 0 30.8704 40.9509
9 15 0 73.1944 91.0902
9 16 0 37.8007 51.7565
9 17 0 53.2328 62.3935
9 18 0 51.5471 64.7753
9 19 0 4.74948 5.84132
9 20 1 43.6678 53.4515
9 21 0 53.3168 55.2465
9 22 0 16.6433 19.4016
9 23 0 81.633 115.034
9 24 1 87.2478 91.063
9 25 0 50.5669 52.0886
9 26 0 24.4574 31.5113
9 27 0 84.2843 107.425
9 28 1 52.8122 58.4848
9 29 0 31.3707 32.4625
9 30 0 38.3348 47.4333
9 31 0 92.2185 107.661
9 32 1 64.3811 81.242
9 33 1 63.925 68.7613
9 34 0 83.4227 94.5813
9 35 0 88.2399 108.781
9 36 0 93.7584 120.918
9 37 0 79.2393 108.039
9 38 0 24.5876 36.5176
9 39 0 47.7889 66.806
9 40 0 8.45471 12.2623
10 1 0 84.6256 104.307
10 2 0 14.7279 15.7133
10 3 0 99.5996 106.488
10 4 0 5.23498 7.44126
10 5 1 56.0669 62.2258
10 6 0 24.708 36.2481
10 7 1 34.4151 49.1699
10 8 0 32.6985 43.022
10 9 0 46.4899 61.5753
10 11 1 59.4771 67.7669
10 12 1 26.9799 39.209
10 13 1 95.5483 125.061
10 14 0 45.0376 67.4163
10 15 0 80.5088 87.0922
10 16 1 47.0301 59.1067
10 17 0 14.8678 20.2419
10 18 1 14.2463 19.7882
10 19 0 34.834 42.4124
10 20 0 79.7683 87.2484
10 21 0 0.248953 0.323933
10 22 0 92.8818 101.974
10 23 0 92.9246 117.305
10 24 0 0.923206 0.963035
10 25 0 63.8009 94.7957
10 26 0 84.9562 100.905
10 27 0 59.4166 61.1937
10 28 0 88.7285 90.1426
10 29 0 31.1742 38.6645
10 30 1 4.76049 6.83345
10 31 1 38.3248 47.7041
10 32 0 54.9886 76.2224
10 33 0 25.0085 33.2254
10 34 0 60.7176 87.9215
10 35 1 75.4926 92.3951
10 36 0 65.6693 66.5423
10 37 0 26.6023 33.9664
10 38 0 22.018 24.1485
10 39 0 17.8307 24.479
10 40 1 67.005 72.6495
11 1 0 11.8824 14.885
11 2 0 27.4842 31.4607
11 3 0 7.05941 8.86275
11 4 0 82.4989 115.165
11 5 0 12.1252 16.2967
11 6 0 75.0093 110.523
11 7 0 50.7593 69.3882
11 8 0 47.1974 57.8569
11 9 1 84.1515 94.4269
11 10 0 32.9582 34.4835
11 12 1 65.8215 88.1213
11 13 1 89.1875 94.956
11 14 0 4.55889 5.89439
11 15 1 82.2893 84.1346
11 16 0 87.4868 108.93
11 17 0 62.7224 79.4632
11 18 0 36.9124 52.7019
11 19 0 88.4242 88.7649
11 20 0 13.7435 16.8369
11 21 0 55.2441 62.3314
11 22 0 27.359 32.7235
11 23 1 81.4161 99.8833
11 24 0 0.422277 0.625639
11 25 0 6.8701 9.50265
11 26 1 59.6378 80.421
11 27 1 57.0626 73.6459
11 28 1 77.9212 87.6704
11 29 0 16.1343 24.1836
11 30 1 98.8153 106.357
11 31 0 37.8437 38.2639
11 32 0 35.6713 44.1482
11 33 0 65.5816 72.6889
11 34 0 93.8815 121.639
11 35 0 80.168 85.8593
11 36 0 45.8299 51.4567
11 37 0 83.4593 97.9722
11 38 0 59.9054 71.9321
11 39 0 1.08615 1.53904
11 40 0 29.6644 29.7095
12 1 0 21.246 21.3356
12 2 0 25.2116 27.3836
12 3 0 5.75117 7.80033
12 4 0 86.4402 113.401
12 5 0 97.2091 113.53
12 6 0 69.5462 77.0891
12 7 0 20.9842 26.7225
12 8 0 51.4719 73.3181
12 9 0 69.0321 95.9362
12 10 0 78.6433 109.6
12 11 0 40.0914 42.0934
12 13 1 97.0741 98.3438
12 14 0 0.212926 0.309958
12 15 1 24.7799 25.013
12 16 0 47.4504 68.6653
12 17 0 23.1146 24.3594
12 18 0 26.2563 33.8094
12 19 0 88.5839 132.444
12 20 1 29.2175 33.0292
12 21 0 75.2039 88.3798
12 22 0 14.6146 18.1176
12 23 0 58.9275 80.9329
12 24 0 54.9899 69.9099
12 25 0 93.9195 114.947
12 26 0 26.4794 27.3164
12 27 0 26.9505 29.6031
12 28 1 82.2563 103.486
12 29 0 90.3907 123.854
12 30 0 56.5704 74.59
12 31 0 31.0567 46.271
12 32 0 78.5476 116.802
12 33 0 70.036 91.2765
12 34 0 82.6126 123.67
12 35 0 79.2388 96.5308
12 36 0 69.3374 81.3561
12 37 0 53.5384 69.2517
12 38 0 70.0197 75.371
12 39 0 87.2172 91.457
12 40 0 3.17131 3.33162
13 1 0 28.9465 34.5188
13 2 1 7.42365 9.95567
13 3 0 69.4354 82.9676
13 4 0 38.6367 50.3675
13 5 0 95.1608 116.622
13 6 0 20.5797 30.6322
13 7 0 58.7023 82.9166
13 8 1 3.05274 4.06147
13 9 1 6.33226 8.798
13 10 0 95.304 108.831
13 11 0 87.7472 123.118
13 12 0 67.2222 95.9329
13 14 1 67.2296 72.9084
13 15 0 80.3715 87.0964
13 16 0 24.7865 25.0312
13 17 0 25.4434 29.6504
13 18 0 81.8813 119.257
13 19 0 19.5172 25.9809
13 20 1 66.8197 77.193
13 21 0 86.7688 105.671
13 22 1 4.19389 5.29289
13 23 0 27.7033 31.3021
13 24 0 47.1145 68.0249
13 25 0 89.0418 131.089
13 26 0 54.3333 69.4333
13 27 0 59.7572 66.3988
13 28 0 67.1693 68.8808
13 29 0 64.4067 85.8422
13 30 0 68.5266 100.256
13 31 0 75.3186 108.111
13 32 1 50.0234 65.7953
13 33 0 9.35816 9.78901
13 34 1 20.9832 24.1752
13 35 0 17.3002 17.5933
13 36 0 27.2487 35.7072
13 37 0 66.2454 93.2654
13 38 0 44.2739 47.9026
13 39 0 16.9269 24.4262
13 40 0 3.88662 4.01002
14 1 0 11.3623 12.6715
14 2 0 28.3403 35.1211
14 3 0 9.77541 12.5325
14 4 0 89.9097 109.869
14 5 0 17.367 20.7812
14 6 0 28.9066 29.8369
14 7 0 12.3955 14.9033
14 8 0 31.939 46.9723
14 9 0 90.1254 101.586
14 10 1 99.3498 137.61
14 11 0 14.5657 17.191
14 12 0 43.1565 53.6143
14 13 0 16.7445 20.4971
14 15 1 9.50748 12.2372
14 16 0 94.6736 108.995
14 17 0 65.2915 65.7732
14 18 0 79.8979 93.2064
14 19 0 22.7264 23.3551
14 20 1 63.0599 63.4052
14 21 0 66.3495 74.2153
14 22 0 64.2368 85.5856
14 23 0 4.73373 5.60114
14 24 0 32.6049 35.0288
14 25 0 79.3987 82.9167
14 26 0 36.8335 50.2747
14 27 0 42.296 56.4682
14 28 0 45.8007 64.4539
14 29 0 27.758 36.3326
14 30 0 22.3457 22.8088
14 31 0 61.4092 70.2375
14 32 0 14.427 14.8889
14 33 0 23.7309 33.151
14 34 1 66.6325 84.8866
14 35 0 59.8755 69.2921
14 36 0 91.8671 137.558
14 37 0 16.321 18.5439
14 38 0 73.1845 91.6586
14 39 0 12.6752 15.9018
14 40 1 9.73887 11.1578
15 1 0 32.1254 37.111
15 2 0 61.5933 76.5054
15 3 1 27.4411 40.3258
15 4 0 62.9301 82.5473
15 5 0 27.9057 35.8937
15 6 0 8.81897 11.3767
15 7 0 33.5552 36.2037
15 8 0 86.2042 109.255
15 9 0 83.3231 87.9364
15 10 0 53.562 75.97
15 11 0 87.875 125.54
15 12 0 53.3644 54.8985
15 13 0 7.60243 11.3497
15 14 1 49.9907 62.2292
15 16 1 81.3352 112.14
15 17 0 0.393146 0.438972
15 18 0 92.4925 127.553
15 19 0 2.15129 2.33131
15 20 0 33.6287 42.1391
15 21 0 93.6741 121.1
15 22 1 97.5302 105.934
15 23 1 94.9321 140.065
15 24 0 30.8601 41.3485
15 25 0 68.5009 101.789
15 26 0 48.3327 57.2299
15 27 0 86.4291 127.014
15 28 1 13.7657 18.8782
15 29 0 10.7463 11.8118
15 30 0 12.7736 15.7237
15 31 0 80.1501 86.2432
15 32 0 98.7871 119.532
15 33 0 85.9133 102.806
15 34 0 80.7747 94.6247
15 35 0 50.9873 52.6808
15 36 1 0.192393 0.247113
15 37 1 90.4354 130.242
15 38 0 74.0081 82.8004
15 39 1 15.6965 22.7458
15 40 0 56.7749 81.9395
16 1 1 38.1027 42.9425
16 2 0 3.30742 3.68105
16 3 0 10.8384 15.5287
16 4 0 83.2914 120.577
16 5 0 60.4233 80.163
16 6 0 34.6171 40.3536
16 7 1 14.4267 18.4789
16 8 0 78.8452 107.382
16 9 0 59.1673 71.6664
16 10 0 81.9371 107.422
16 11 0 17.851 20.6476
16 12 0 98.2913 143.618
16 13 0 42.8643 52.2472
16 14 0 69.1663 72.3314
16 15 1 74.1895 91.3002
16 17 1 59.9379 66.0872
16 18 0 21.502 31.9537
16 19 0 63.0097 85.9878
16 20 0 20.4002 28.3056
16 21 0 16.2929 17.3704
16 22 0 55.1082 60.5899
16 23 0 54.4725 67.7114
16 24 1 43.5521 43.9384
16 25 0 70.232 85.5988
16 26 0 88.6371 114.823
16 27 0 74.1516 95.1125
16 28 0 22.9464 26.5849
16 29 0 81.2369 93.0033
16 30 0 94.9456 102.966
16 31 0 44.4151 63.5608
16 32 0 78.0427 103.358
16 33 0 11.5012 13.318
16 34 0 69.0854 76.1283
16 35 0 50.0757 55.4663
16 36 1 24.8464 29.9836
16 37 0 33.5697 34.0434
16 38 0 48.0213 66.557
16 39 0 76.4372 83.7194
16 40 1 36.2 53.7902
17 1 0 84.0563 103.7
17 2 0 82.2131 108.92
17 3 0 43.1215 56.119
17 4 0 88.9183 103.397
17 5 0 22.9805 32.1685
17 6 0 67.5344 81.3995
17 7 1 59.4807 78.2178
17 8 0 91.683 104.504
17 9 0 93.9362 112.09
17 10 0 56.275 80.8659
17 11 1 50.4898 55.2462
17 12 0 19.9302 26.671
17 13 0 42.0451 44.9467
17 14 0 81.1573 98.6815
17 15 0 5.24521 5.89599
17 16 0 17.5087 17.5392
17 18 1 64.7285 87.5902
17 19 0 34.0181 40.0878
17 20 0 51.3119 57.194
17 21 0 7.19945 8.31208
17 22 0 19.0746 26.6714
17 23 0 92.3852 121.371
17 24 0 20.6464 25.8218
17 25 0 52.823 73.8741
17 26 0 42.753 47.0879
17 27 0 17.4951 17.853
17 28 0 36.4614 40.5587
17 29 0 31.9595 32.3667
17 30 0 83.682 118.646
17 31 1 42.981 60.5497
17 32 0 4.09984 5.21133
17 33 0 28.4605 29.7718
17 34 0 84.5041 98.8022
17 35 0 20.2808 24.5064
17 36 0 6.10992 8.19103
17 37 0 23.8947 32.666
17 38 0 73.7485 97.4637
17 39 0 32.9704 37.1718
17 40 0 98.2887 145.62
18 1 0 4.00251 4.69533
18 2 0 33.4822 46.8875
18 3 0 53.5692 72.5071
18 4 0 80.1624 93.5907
18 5 0 39.39 51.444
18 6 0 16.4168 22.0355
18 7 0 6.06601 7.55232
18 8 0 54.0424 67.8573
18 9 0 63.5627 75.9007
18 10 0 1.16521 1.21715
18 11 1 93.7689 130.484
18 12 0 4.56784 4.75006
18 13 0 36.2681 44.5809
18 14 0 51.5022 64.7742
18 15 1 89.4749 108.86
18 16 0 9.98832 12.0655
18 17 0 13.0766 15.0562
18 19 1 90.2697 104.519
18 20 0 39.8933 45.4587
18 21 0 4.42752 4.95271
18 22 1 85.9972 122.777
18 23 0 26.0466 31.6242
18 24 0 65.4578 86.6299
18 25 0 85.2206 99.1703
18 26 0 27.185 31.6616
18 27 0 97.6819 110.495
18 28 0 36.8629 41.5863
18 29 0 54.8677 61.2767
18 30 0 57.6894 59.9126
18 31 0 71.7002 84.721
18 32 0 78.4744 92.7598
18 33 0 98.0546 102.157
18 34 0 23.096 25.1196
18 35 1 35.3404 41.9968
18 36 1 75.2483 98.5532
18 37 0 48.8506 58.5231
18 38 0 98.6999 101.552
18 39 0 56.4302 70.1774
18 40 0 33.6597 42.4891
19 1 0 66.7918 85.0233
19 2 0 91.832 103.191
19 3 0 95.6688 109.439
19 4 0 16.2483 17.5831
19 5 0 13.2645 13.7503
19 6 0 26.7666 29.8531
19 7 0 10.384 14.1666
19 8 0 85.9122 93.4093
19 9 0 37.5921 49.571
19 10 0 20.3898 22.0738
19 11 0 65.2605 67.0945
19 12 0 38.9086 43.6127
19 13 0 91.4456 99.234
19 14 0 70.5521 95.7525
19 15 0 18.1646 26.8834
19 16 0 94.9531 106.914
19 17 0 69.6612 82.8567
19 18 0 36.3992 52.3933
19 20 1 76.5585 110.31
19 21 0 88.2631 92.3393
19 22 0 69.9364 77.7576
19 23 0 7.47534 7.81729
19 24 1 49.5242 67.134
19 25 0 38.213 56.4266
19 26 0 48.1129 61.3113
19 27 0 41.7001 46.7873
19 28 0 8.74778 10.7213
19 29 0 68.9559 80.0551
19 30 0 26.9036 28.1332
19 31 0 19.212 22.2392
19 32 0 27.0023 29.8434
19 33 1 52.6096 59.8286
19 34 1 61.6077 62.0151
19 35 0 20.2904 22.3932
19 36 0 8.78354 8.96729
19 37 1 93.3444 118.826
19 38 0 34.0475 50.9191
19 39 0 49.7606 49.8147
19 40 0 28.4802 31.0143
20 1 1 97.4074 128.118
20 2 0 45.3846 59.7379
20 3 0 13.794 17.3932
20 4 0 50.872 53.704
20 5 0 52.1519 52.7427
20 6 0 69.0222 93.8638
20 7 0 38.5823 45.6294
20 8 0 52.819 63.6553
20 9 0 56.3449 62.5221
20 10 0 79.1724 109.718
20 11 0 91.8698 105.34
20 12 0 88.434 121.306
20 13 1 58.5843 80.7467
20 14 0 9.0009 10.8243
20 15 1 70.4223 81.2035
20 16 0 88.2206 118.59
20 17 0 75.8299 92.0689
20 18 0 5.57259 8.25558
20 19 0 90.6543 111.162
20 21 1 24.9629 27.4864
20 22 0 22.5272 31.9935
20 23 0 8.78391 13.0659
20 24 0 3.36972 3.68948
20 25 0 7.18795 9.56187
20 26 0 12.0089 15.9229
20 27 0 96.7592 127.045
20 28 0 4.84961 6.92827
20 29 0 33.8033 40.8299
20 30 0 10.8607 14.8704
20 31 0 93.5529 111.628
20 32 0 7.8085 11.1404
20 33 0 31.2307 46.7793
20 34 0 72.5497 85.7952
20 35 0 65.5176 71.2499
20 36 0 27.0333 39.3416
20 37 0 37.3957 49.9727
20 38 0 38.0229 53.0763
20 39 0 22.9963 28.5982
20 40 0 31.0949 45.9413
21 1 0 11.4316 16.9367
21 2 0 1.28364 1.30931
21 3 1 2.78552 2.94657
21 4 0 76.0909 80.1641
21 5 0 67.6568 82.8745
21 6 0 27.2012 35.1099
21 7 1 75.4116 112.429
21 8 1 66.5694 80.5288
21 9 0 31.8566 34.2368
21 10 0 25.8762 26.4425
21 11 0 13.3288 14.3044
21 12 0 48.7041 65.7516
21 13 0 35.3705 43.3768
21 14 0 43.0978 59.1146
21 15 1 67.3525 83.2011
21 16 0 61.6799 74.4769
21 17 0 17.0333 24.062
21 18 0 62.1827 77.6245
21 19 0 13.7094 16.6092
21 20 0 91.6147 133.881
21 22 1 30.3709 36.6388
21 23 0 84.2921 98.6903
21 24 0 37.8597 42.2783
21 25 0 44.3887 63.7206
21 26 0 3.22179 3.32669
21 27 0 70.3175 95.2682
21 28 0 34.8629 51.9006
21 29 0 94.173 134.765
21 30 1 42.9565 46.8143
21 31 0 65.7238 77.9647
21 32 0 19.6771 27.2329
21 33 0 78.8523 97.9117
21 34 0 78.1298 84.3179
21 35 0 63.1441 75.9668
21 36 0 43.5935 58.1797
21 37 0 52.5511 63.0347
21 38 1 98.8463 103.683
21 39 0 42.3278 56.0329
21 40 0 97.44 136.698
22 1 0 48.0494 66.4727
22 2 0 67.4656 76.0756
22 3 0 26.0561 28.7367
22 4 0 72.8917 108.088
22 5 0 17.0603 19.7696
22 6 0 14.4727 14.852
22 7 0 73.4919 95.7681
22 8 1 80.4773 93.0368
22 9 0 62.8382 63.8859
22 10 0 21.3659 22.8303
22 11 0 24.7494 34.1171
22 12 0 40.5298 60.3596
22 13 0 34.7949 51.0268
22 14 0 30.1903 41.2372
22 15 0 32.0664 45.4976
22 16 0 53.3155 72.0953
22 17 0 97.9909 144.747
22 18 0 37.4394 40.4073
22 19 0 14.9538 20.9364
22 20 0 47.8042 64.5713
22 21 0 43.7653 62.444
22 23 1 85.7909 92.4908
22 24 0 32.0576 43.6879
22 25 1 73.856 110.609
22 26 0 45.2054 55.0958
22 27 0 81.3185 97.5484
22 28 0 39.5808 53.3722
22 29 0 36.0751 39.6723
22 30 0 87.9841 128.131
22 31 0 41.57 43.4918
22 32 0 67.016 93.9208
22 33 0 63.1634 93.5842
22 34 0 62.7151 69.6428
22 35 0 91.0157 94.176
22 36 0 79.0752 94.0355
22 37 0 66.8568 73.624
22 38 0 71.3507 78.0832
22 39 0 92.4871 137.925
22 40 0 31.9322 47.2658
23 1 0 95.1821 99.3883
23 2 0 8.56504 11.2611
23 3 0 77.0995 84.9868
23 4 0 16.354 17.5776
23 5 1 81.9865 95.1508
23 6 0 22.0134 29.4589
23 7 0 99.4607 141.885
23 8 0 19.6041 26.9686
23 9 0 52.3651 76.0834
23 10 0 74.7455 99.9031
23 11 0 26.0944 32.1119
23 12 0 87.861 98.0188
23 13 0 12.6876 15.4553
23 14 0 49.3663 61.0184
23 15 0 98.9755 141.564
23 16 0 77.3352 99.8924
23 17 1 28.212 31.3735
23 18 1 28.3854 30.365
23 19 1 60.0498 85.2345
23 20 0 42.6354 50.9621
23 21 0 40.0947 54.9772
23 22 0 79.9564 90.7745
23 24 1 86.9159 125.207
23 25 0 30.8295 39.377
23 26 0 57.8103 75.3757
23 27 0 73.8861 104.632
23 28 0 40.426 58.4384
23 29 0 29.8544 32.6061
23 30 0 30.704 31.991
23 31 0 56.4166 61.756
23 32 0 42.87 51.9172
23 33 0 87.9473 97.6832
23 34 1 44.7596 48.1084
23 35 0 69.0678 76.5659
23 36 0 32.1406 47.2219
23 37 0 62.4479 76.6697
23 38 0 18.1286 20.6899
23 39 1 59.2785 78.5033
23 40 0 53.3689 60.8683
24 1 0 97.2979 133.64
24 2 0 18.9111 22.574
24 3 1 72.8712 80.0261
24 4 0 15.4087 19.2661
24 5 1 74.2079 81.9052
24 6 0 37.0234 40.2896
24 7 0 27.3168 32.6445
24 8 0 40.4917 60.4053
24 9 0 74.6746 109.358
24 10 0 95.66 132.341
24 11 1 61.142 78.785
24 12 1 60.1368 76.0398
24 13 0 81.0038 99.7618
24 14 0 62.2795 79.1537
24 15 0 30.1987 34.376
24 16 0 94.3924 109.923
24 17 0 28.9868 37.3916
24 18 0 40.4697 53.8968
24 19 0 73.6013 92.1741
24 20 0 16.245 20.0812
24 21 0 19.9702 21.3182
24 22 0 94.8555 141.867
24 23 0 74.9895 83.9926
24 25 1 52.1268 77.426
24 26 1 46.9828 48.1449
24 27 0 11.6272 14.1667
24 28 0 97.7198 128.222
24 29 0 49.0209 67.6885
24 30 0 54.6749 71.436
24 31 0 1.1453 1.22023
24 32 0 60.3062 82.4022
24 33 1 96.248 130.439
24 34 0 54.9414 65.7424
24 35 0 57.0375 61.7992
24 36 0 39.0909 42.9637
24 37 0 53.6511 62.0793
24 38 0 70.1659 80.4977
24 39 0 28.3705 35.0278
24 40 0 47.7928 71.1656
25 1 0 12.5696 15.8521
25 2 0 74.4496 109.045
25 3 0 0.510171 0.675325
25 4 1 29.2843 39.5612
25 5 0 74.435 93.7575
25 6 0 82.366 85.5466
25 7 0 93.612 136.452
25 8 0 86.3011 87.5273
25 9 0 51.1115 61.0144
25 10 0 75.0077 105.651
25 11 0 38.4875 48.8447
25 12 0 36.3344 49.2634
25 13 0 58.0311 76.7606
25 14 0 78.2255 102.108
25 15 0 48.8723 51.3048
25 16 1 29.4945 34.7971
25 17 0 4.33197 6.47879
25 18 0 40.2149 54.3944
25 19 0 44.7426 51.2828
25 20 1 46.7977 56.2422
25 21 0 63.341 75.2226
25 22 0 0.924135 0.989492
25 23 0 26.0549 26.92
25 24 0 28.7543 33.2261
25 26 1 16.9384 17.301
25 27 0 44.6517 48.7101
25 28 0 72.3436 90.8723
25 29 0 7.36239 10.6553
25 30 0 13.74 18.8259
25 31 0 14.2609 14.6786
25 32 1 69.9771 101.801
25 33 0 44.0456 57.2097
25 34 0 51.1285 52.8082
25 35 1 54.0202 74.6764
25 36 0 71.8834 77.2662
25 37 0 17.1139 21.2973
25 38 0 6.11954 8.71338
25 39 0 90.2646 124.978
25 40 0 16.1925 21.6552
26 1 1 0.671068 0.852699
26 2 0 97.6154 124.353
26 3 0 80.6933 84.1206
26 4 1 82.9437 120.21
26 5 0 39.6736 40.7373
26 6 0 77.0907 104.2
26 7 0 18.0547 24.4807
26 8 1 52.4605 54.779
26 9 0 74.6216 76.8502
26 10 0 7.81226 11.6566
26 11 0 33.996 37.8045
26 12 0 22.7203 27.5493
26 13 0 36.8999 40.6423
26 14 0 88.9758 100.68
26 15 0 24.5643 36.254
26 16 0 16.6866 23.8904
26 17 0 77.2299 94.9202
26 18 0 24.4706 34.3608
26 19 1 21.5835 26.6908
26 20 1 61.0612 63.0802
26 21 0 81.0699 111.663
26 22 0 44.5705 58.7047
26 23 0 15.2957 19.2537
26 24 1 5.57743 7.77396
26 25 1 78.6473 109.095
26 27 1 70.9238 87.7073
26 28 1 39.8534 44.1498
26 29 0 13.829 19.9041
26 30 0 40.274 57.8446
26 31 0 86.5457 125.618
26 32 0 14.2711 16.5835
26 33 0 73.6741 94.076
26 34 0 48.8263 65.6572
26 35 1 34.4296 44.2869
26 36 0 51.0669 66.7794
26 37 0 3.6383 5.3926
26 38 0 85.7723 97.173
26 39 0 14.1525 18.7869
26 40 0 60.572 86.9956
27 1 1 46.3224 57.7292
27 2 1 98.3305 142.86
27 3 0 94.3562 113.983
27 4 0 42.5222 58.6813
27 5 0 9.15248 11.3468
27 6 0 23.488 33.0544
27 7 1 86.4219 102.569
27 8 0 37.8693 46.6401
27 9 0 40.0199 53.5862
27 10 0 39.603 52.9612
27 11 0 7.26825 7.85801
27 12 1 63.0006 64.3384
27 13 0 79.6869 114.585
27 14 0 74.8801 96.364
27 15 1 33.2669 43.6432
27 16 0 62.3441 79.6414
27 17 0 46.1711 47.1138
27 18 0 97.3199 133.551
27 19 0 55.9852 61.4626
27 20 0 64.6699 72.7509
27 21 0 15.4306 22.2924
27 22 0 69.1406 74.07
27 23 1 25.7742 38.2082
27 24 0 21.4315 23.0664
27 25 0 93.3508 133.952
27 26 0 94.9018 107.956
27 28 1 61.1509 76.2647
27 29 0 23.5478 29.5932
27 30 0 51.1386 66.0879
27 31 1 0.110892 0.140791
27 32 0 3.641 4.71565
27 33 0 63.7614 80.6945
27 34 0 37.287 38.5533
27 35 0 80.7937 111.511
27 36 0 41.83 43.8441
27 37 0 19.1557 22.0293
27 38 0 11.5872 13.3193
27 39 0 21.3233 28.044
27 40 0 19.0663 20.6666
28 1 0 8.38217 10.98
28 2 0 84.2694 86.1987
28 3 0 96.3059 109.268
28 4 1 16.6133 22.5758
28 5 0 53.3359 62.6128
28 6 0 32.0603 46.7204
28 7 0 4.63042 5.56727
28 8 1 71.9061 81.0735
28 9 0 36.0567 37.6501
28 10 0 9.79084 10.3702
28 11 0 47.8437 71.4419
28 12 1 17.6106 24.2196
28 13 0 5.47968 6.04731
28 14 0 69.9602 96.3082
28 15 0 34.087 38.0918
28 16 0 44.8069 66.2969
28 17 0 67.2256 93.2048
28 18 0 71.7577 82.6441
28 19 1 1.12664 1.41406
28 20 0 83.0887 111.468
28 21 1 21.6737 27.0251
28 22 0 79.1805 108.143
28 23 0 54.6425 57.4446
28 24 1 96.9623 100.272
28 25 0 60.917 80.6145
28 26 1 50.3132 60.1892
28 27 0 37.5905 51.4766
28 29 1 62.3018 87.1942
28 30 0 46.3919 54.9646
28 31 0 10.2286 10.8116
28 32 0 57.571 86.2571
28 33 0 11.7451 14.8703
28 34 0 55.6628 79.977
28 35 1 6.9622 7.16761
28 36 0 86.4177 123.886
28 37 0 86.1807 128.637
28 38 0 9.49817 13.9224
28 39 0 42.9306 63.1503
28 40 0 76.1063 105.081
29 1 0 16.647 20.2585
29 2 0 8.24758 9.12943
29 3 0 16.4282 18.5949
29 4 0 43.235 45.9665
29 5 0 13.7532 14.0335
29 6 0 83.2888 105.619
29 7 0 89.8655 109.833
29 8 0 82.1635 105.233
29 9 0 31.8156 43.6892
29 10 0 35.3549 49.9627
29 11 1 94.5295 125.984
29 12 1 70.6435 87.7656
29 13 0 26.2746 30.8267
29 14 0 99.5306 116.252
29 15 1 13.634 20.0186
29 16 0 0.0078429 0.00992335
29 17 0 97.0423 111.338
29 18 1 49.7153 59.8617
29 19 0 95.1275 114.753
29 20 0 20.0957 25.5454
29 21 0 69.9212 85.691
29 22 0 48.9486 67.7517
29 23 0 33.8419 49.2048
29 24 0 14.8469 18.8137
29 25 0 65.0999 73.594
29 26 0 26.1266 26.4712
29 27 0 78.9939 92.0327
29 28 0 65.5921 93.5128
29 30 1 25.1968 31.1924
29 31 0 7.52481 8.54784
29 32 0 51.1304 60.7592
29 33 0 8.89728 12.7273
29 34 0 97.9365 126.18
29 35 1 70.2466 70.783
29 36 0 75.5062 79.8643
29 37 0 50.4339 55.6386
29 38 0 18.6726 25.2042
29 39 0 48.7458 59.2074
29 40 0 33.5013 43.9614
30 1 0 56.7013 64.3829
30 2 0 24.9743 37.2424
30 3 1 14.7223 20.4102
30 4 1 78.0978 88.8672
30 5 0 78.5875 115.553
30 6 1 69.4079 92.0013
30 7 0 2.58693 2.924
30 8 1 33.7401 49.8288
30 9 0 59.1411 75.6426
30 10 0 84.9536 111.256
30 11 0 35.7201 40.6603
30 12 1 32.1961 36.311
30 13 1 7.80006 9.67606
30 14 0 30.1225 32.862
30 15 0 98.665 102.367
30 16 0 69.1678 103.065
30 17 0 52.4307 76.9218
30 18 0 20.4834 22.9402
30 19 0 27.5882 35.6681
30 20 0 65.8534 71.6845
30 21 0 11.3599 14.4095
30 22 0 47.5703 62.5337
30 23 0 21.0721 31.2529
30 24 0 15.8992 16.7972
30 25 0 64.5458 81.6853
30 26 0 39.1073 57.9448
30 27 0 36.6342 41.1581
30 28 0 11.9836 16.3983
30 29 0 97.523 107.855
30 31 1 95.6507 142.384
30 32 1 80.7716 82.6414
30 33 0 16.5617 18.4072
30 34 0 37.4519 47.7661
30 35 0 26.8547 31.5105
30 36 0 18.4578 27.4077
30 37 0 68.782 85.0678
30 38 0 88.2964 88.6078
30 39 1 76.6625 92.3867
30 40 1 47.1659 63.2984
31 1 0 69.0234 89.363
31 2 1 14.1281 15.1579
31 3 0 43.6096 52.5319
31 4 0 70.2743 83.4834
31 5 1 28.8067 30.447
31 6 0 17.6152 26.0249
31 7 0 59.244 79.5311
31 8 0 19.7717 22.1951
31 9 0 76.0063 100.107
31 10 0 70.2666 92.6636
31 11 0 3.96085 4.13273
31 12 0 17.1179 24.8086
31 13 1 12.8795 18.7881
31 14 0 54.8723 58.6624
31 15 0 34.7722 42.6128
31 16 0 19.3799 27.861
31 17 0 51.7587 69.9313
31 18 0 97.2521 137.536
31 19 0 12.3115 13.7039
31 20 1 47.3977 53.1466
31 21 1 70.4783 89.3433
31 22 0 52.3166 65.8908
31 23 0 25.4403 34.4267
31 24 1 18.7993 25.1879
31 25 0 84.74 118.123
31 26 0 1.59529 1.69763
31 27 0 3.19556 4.30436
31 28 1 85.0158 85.6505
31 29 0 83.8128 117.273
31 30 0 82.6391 100.922
31 32 1 28.714 35.7202
31 33 0 70.0787 98.0458
31 34 0 44.4262 64.7916
31 35 0 97.671 144.387
31 36 0 74.315 84.0577
31 37 0 21.4669 27.0147
31 38 0 76.1578 102.999
31 39 1 8.41032 9.22368
31 40 0 79.813 111.224
32 1 0 38.8629 47.2777
32 2 0 19.7077 24.1359
32 3 0 18.973 28.2771
32 4 0 84.4986 94.1955
32 5 0 74.3669 92.3601
32 6 0 63.5996 86.0686
32 7 0 54.6867 71.2556
32 8 0 69.3269 82.0449
32 9 0 7.85812 10.0484
32 10 0 46.0299 68.1735
32 11 0 71.4495 90.2608
32 12 0 20.7791 30.384
32 13 0 67.3887 76.7581
32 14 0 20.414 29.863
32 15 0 35.2649 50.9266
32 16 0 77.5085 102.176
32 17 1 78.4641 103.146
32 18 0 24.1895 31.6526
32 19 0 15.0796 15.2607
32 20 0 51.5838 72.6398
32 21 0 70.378 75.1528
32 22 0 36.4928 51.3685
32 23 1 59.6442 74.2312
32 24 0 99.7143 117.601
32 25 0 51.405 68.7818
32 26 0 84.1473 124.835
32 27 0 96.1515 96.1968
32 28 0 2.31682 3.46575
32 29 0 42.2085 52.1711
32 30 0 39.4957 57.4806
32 31 0 52.1738 75.5329
32 33 1 34.2871 47.3169
32 34 0 7.73962 9.9256
32 35 0 99.5006 100.206
32 36 0 90.7008 128.366
32 37 0 46.0413 48.8861
32 38 0 63.9279 72.5836
32 39 0 4.7451 5.9831
32 40 0 98.279 140.226
33 1 0 6.29703 6.84451
33 2 0 39.002 40.7359
33 3 0 16.0976 23.5452
33 4 0 61.3823 66.9555
33 5 0 24.6082 34.1569
33 6 0 18.2408 19.5011
33 7 0 41.1419 59.374
33 8 0 42.6856 63.5782
33 9 0 2.64318 3.92442
33 10 0 91.3395 114.917
33 11 0 34.1789 44.1795
33 12 0 6.02957 7.33618
33 13 0 10.6303 14.0128
33 14 0 12.33 17.0995
33 15 0 89.2334 112.389
33 16 0 50.2214 71.6773
33 17 0 53.0374 62.2942
33 18 0 42.8412 56.0789
33 19 0 23.9034 30.2771
33 20 0 56.9331 71.3572
33 21 0 66.3385 77.2274
33 22 0 97.7295 105.875
33 23 0 62.6326 73.4854
33 24 0 73.8508 82.5706
33 25 0 21.1581 21.6071
33 26 1 39.3443 58.0246
33 27 0 49.5354 67.6464
33 28 0 30.5137 33.7197
33 29 0 18.4571 21.7106
33 30 0 74.8142 77.1155
33 31 0 57.2448 73.6197
33 32 0 88.0956 121.806
33 34 1 18.6458 21.6743
33 35 0 26.0873 38.3967
33 36 1 42.945 49.551
33 37 0 34.3624 49.076
33 38 0 35.9066 44.2933
33 39 0 88.3397 125.633
33 40 0 34.4509 41.5419
34 1 0 31.5392 42.1549
34 2 0 61.8273 78.0056
34 3 1 71.0809 93.0898
34 4 0 63.9905 93.4174
34 5 0 79.5357 104.62
34 6 0 98.4184 100.816
34 7 0 16.8525 18.7084
34 8 0 40.3184 60.2636
34 9 1 60.4073 82.1141
34 10 1 6.28319 8.74252
34 11 1 65.7672 69.3649
34 12 1 22.5929 26.3922
34 13 0 29.1122 41.0461
34 14 1 49.2072 67.9806
34 15 0 65.6006 94.5682
34 16 0 20.9238 28.2737
34 17 0 12.9327 13.4012
34 18 0 73.6053 80.1802
34 19 0 48.6833 71.7824
34 20 0 85.9329 101.133
34 21 0 2.63112 3.62679
34 22 0 43.7621 62.8655
34 23 0 44.9083 60.9111
34 24 0 32.1071 47.4581
34 25 1 61.0642 86.7973
34 26 0 32.9987 44.4608
34 27 0 50.0068 58.8944
34 28 0 32.6908 37.5762
34 29 0 79.0921 109.286
34 30 0 65.7381 78.9845
34 31 0 8.15095 11.8853
34 32 0 9.38943 12.9108
34 33 0 46.0937 54.8569
34 35 1 93.0485 131.21
34 36 0 8.99244 12.8974
34 37 0 25.1612 29.3248
34 38 0 31.7865 41.7938
34 39 1 13.1509 15.4095
34 40 1 58.1217 75.6805
35 1 1 20.91 28.6072
35 2 0 50.0064 67.3639
35 3 0 0.375626 0.521163
35 4 0 6.02321 6.74604
35 5 0 82.6792 123.238
35 6 0 4.26448 5.3799
35 7 0 23.1601 28.4487
35 8 0 0.827416 1.12599
35 9 0 49.5641 67.4049
35 10 1 75.3064 110.534
35 11 0 40.2272 49.6722
35 12 0 98.0801 138.02
35 13 1 61.0291 80.5137
35 14 0 63.8115 93.5644
35 15 1 74.7278 87.0843
35 16 1 51.1201 75.1673
35 17 0 97.4088 102.955
35 18 0 22.2457 22.4122
35 19 1 77.7893 85.2867
35 20 0 74.6301 97.5665
35 21 0 81.033 90.1809
35 22 0 27.8048 33.5382
35 23 0 39.6114 42.4176
35 24 0 8.03964 10.3244
35 25 0 28.8534 39.2892
35 26 0 65.8646 69.5157
35 27 0 15.4355 19.6545
35 28 0 91.7699 130.908
35 29 0 6.38596 9.12348
35 30 0 23.2166 33.4754
35 31 0 81.3316 98.8541
35 32 0 51.9149 62.6687
35 33 1 22.003 23.4097
35 34 0 51.7441 75.5322
35 36 1 33.1218 44.3486
35 37 0 49.3599 57.7336
35 38 0 1.23012 1.50213
35 39 0 4.02816 5.95739
35 40 0 55.3846 78.5088
36 1 0 50.8788 61.6682
36 2 0 66.4815 69.362
36 3 0 95.3896 116.349
36 4 0 73.1595 79.7703
36 5 0 48.5281 69.688
36 6 1 27.7033 29.8169
36 7 0 9.10723 11.094
36 8 0 65.69 91.7336
36 9 0 62.6019 84.632
36 10 0 98.6839 122.249
36 11 0 4.55651 5.04239
36 12 0 49.2923 50.6189
36 13 0 10.5014 10.7395
36 14 0 84.6559 112.493
36 15 1 74.505 97.2567
36 16 1 79.4794 106.081
36 17 0 11.6861 15.7703
36 18 0 35.1111 37.8136
36 19 0 94.6904 113.324
36 20 0 49.6745 72.2799
36 21 0 42.294 60.8738
36 22 0 35.7685 45.6935
36 23 0 28.9322 34.9761
36 24 0 1.82635 2.52528
36 25 0 9.01703 12.4197
36 26 1 93.5499 113.029
36 27 0 38.2201 41.5191
36 28 1 65.2123 90.2055
36 29 1 48.9251 53.569
36 30 0 94.4087 100.019
36 31 0 63.0865 88.5798
36 32 1 1.4127 2.02307
36 33 0 3.02913 4.31412
36 34 0 77.552 115.523
36 35 1 39.5697 43.8095
36 37 1 83.6519 115.974
36 38 0 63.6524 86.6909
36 39 0 63.6983 79.5988
36 40 0 51.8417 58.8253
37 1 0 60.1096 81.6445
37 2 0 83.4473 90.1934
37 3 0 31.2877 34.4717
37 4 0 49.2133 63.0221
37 5 0 43.2023 55.3995
37 6 0 27.5376 30.5962
37 7 0 97.1615 126.339
37 8 1 97.3839 131.318
37 9 0 6.66689 6.7287
37 10 0 10.5712 13.9545
37 11 0 87.3939 95.944
37 12 0 12.7392 15.1807
37 13 0 13.6811 18.1333
37 14 1 19.3489 20.3767
37 15 0 37.9007 45.3975
37 16 1 31.5819 40.0736
37 17 0 25.2388 26.9297
37 18 0 27.7686 34.1566
37 19 0 36.0504 46.3395
37 20 0 23.7954 24.4629
37 21 0 61.9722 69.8901
37 22 0 99.1694 110.183
37 23 0 50.387 72.1232
37 24 0 6.1462 6.6494
37 25 0 36.7313 48.223
37 26 0 39.6372 40.6333
37 27 0 53.9394 60.6669
37 28 0 56.0338 59.5865
37 29 0 20.3471 21.6351
37 30 0 22.8151 26.2496
37 31 0 82.1472 89.2939
37 32 1 39.7944 50.2239
37 33 0 24.5743 33.1483
37 34 0 32.0104 40.6033
37 35 0 59.1442 76.1343
37 36 0 76.6965 107.304
37 38 1 47.3013 57.0019
37 39 1 89.2694 115.15
37 40 0 79.2762 109.616
38 1 0 64.3236 80.792
38 2 0 3.27281 3.57971
38 3 0 79.7636 103.226
38 4 0 71.2387 94.9389
38 5 0 1.55417 1.67333
38 6 0 16.4492 17.7572
38 7 0 15.4815 22.3026
38 8 0 96.3124 101.931
38 9 0 1.86016 2.53644
38 10 1 88.9125 132.367
38 11 0 86.7122 87.5417
38 12 0 74.2024 87.995
38 13 0 7.6078 10.7663
38 14 0 53.5927 61.3665
38 15 1 73.3496 105.311
38 16 0 34.8596 38.886
38 17 0 86.0251 109.394
38 18 0 50.2073 53.7768
38 19 0 48.0859 57.4787
38 20 0 70.7078 96.3951
38 21 0 53.5187 54.7195
38 22 0 3.00203 4.16827
38 23 1 71.8871 106.032
38 24 0 55.1493 66.0044
38 25 1 4.54956 6.62527
38 26 1 32.3108 48.2417
38 27 1 75.8174 83.1787
38 28 0 20.0143 23.6039
38 29 0 86.3647 86.4114
38 30 1 96.283 129.281
38 31 0 77.4244 110.529
38 32 0 76.1216 114.092
38 33 0 46.7054 59.8827
38 34 1 12.2985 16.4742
38 35 0 32.8419 49.0194
38 36 0 95.1018 103.645
38 37 1 81.1059 119.874
38 39 1 44.7203 46.4241
38 40 0 0.130462 0.174271
39 1 0 64.4721 72.8599
39 2 0 9.08147 11.0902
39 3 0 84.8101 120.486
39 4 0 33.3064 36.1134
39 5 0 50.184 63.2929
39 6 1 29.181 41.0641
39 7 0 28.4764 41.7638
39 8 1 21.6762 30.6349
39 9 0 76.5296 102.749
39 10 1 76.9501 107.372
39 11 0 19.5158 24.5089
39 12 0 5.71307 7.28974
39 13 0 77.2413 101.741
39 14 0 2.76469 3.78397
39 15 0 78.424 86.7539
39 16 0 43.5354 59.3501
39 17 1 51.2779 58.7679
39 18 0 47.5886 69.5849
39 19 0 99.4532 111.154
39 20 0 93.1664 101.708
39 21 0 69.5602 93.4896
39 22 0 13.5363 13.7824
39 23 0 4.95492 5.84313
39 24 0 37.5016 49.3637
39 25 0 94.9186 114.336
39 26 0 42.8954 62.5939
39 27 0 35.6343 52.2704
39 28 0 93.5917 120.923
39 29 0 89.6015 111.345
39 30 0 5.69704 6.87042
39 31 0 13.4879 16.254
39 32 0 67.8118 94.1582
39 33 0 92.982 119.112
39 34 0 49.2358 71.8476
39 35 1 69.9628 74.275
39 36 1 33.0319 39.3526
39 37 1 51.291 56.7946
39 38 0 5.76367 8.29398
39 40 1 66.777 98.2582
40 1 1 84.6368 106.331
40 2 0 2.53771 3.42946
40 3 0 76.7393 101.418
40 4 0 88.8955 102.976
40 5 0 6.08084 8.40317
40 6 0 27.2551 31.3494
40 7 1 98.9909 118.86
40 8 0 64.4368 74.0183
40 9 0 72.8338 78.5134
40 10 0 83.0861 111.291
40 11 0 99.4226 116.025
40 12 0 12.367 14.3834
40 13 0 92.6787 107.971
40 14 0 91.3532 110.806
40 15 1 35.1095 48.8793
40 16 0 19.2152 20.6396
40 17 0 66.1889 88.6181
40 18 0 56.6142 75.4193
40 19 1 62.5585 86.8626
40 20 0 52.5598 69.7365
40 21 0 14.1862 17.6478
40 22 1 22.0018 29.9759
40 23 0 97.3509 141.964
40 24 1 22.3504 30.0847
40 25 0 44.9721 46.898
40 26 0 9.9172 11.2238
40 27 1 42.4011 50.2656
40 28 0 74.1964 87.8515
40 29 0 73.058 109.244
40 30 0 43.4281 47.4119
40 31 1 20.5416 29.8106
40 32 0 96.1399 103.411
40 33 0 94.8875 109.727
40 34 1 24.0222 33.4262
40 35 0 53.5656 57.2775
40 36 0 27.6597 34.4627
40 37 0 93.0988 115.955
40 38 0 85.9409 110.073
40 39 0 15.0309 19.0879
21.5457 35.5009 17.3482 19.6684 38.7331 4.4098 8.33053 31.697 15.0243 20.5068 20.2722 22.187 17.2431 27.7965 5.02522 27.7117 8.42437 6.29707 23.4885 35.6194 4.80679 39.1555 6.82837 4.67668 27.3011 13.0405 17.1198 8.37558 9.91757 18.91 16.53 4.36427 6.56103 18.4617 30.3769 26.4801 31.2316 15.9986 11.1633 32.0988 