40
100
5
100
1 2 1 9.51546 10.1598
1 3 0 92.3794 132.63
1 4 0 54.3186 68.5211
1 5 0 25.5978 34.5625
1 6 0 35.779 39.4597
1 7 0 22.297 26.3953
1 8 0 23.0455 24.9774
1 9 0 42.2221 50.8349
1 10 0 97.074 134.074
1 11 0 45.2235 56.7386
1 12 0 34.384 41.6084
1 13 0 75.126 99.3916
1 14 0 19.9075 24.9917
1 15 0 96.6451 136.392
1 16 0 39.0947 57.9192
1 17 0 29.8505 32.3143
1 18 0 68.0149 78.1454
1 19 0 31.4391 35.6854
1 20 0 64.8808 65.7062
1 21 0 25.9136 36.3245
1 22 1 81.8156 104.143
1 23 0 29.0719 36.5597
1 24 0 83.1237 88.8133
1 25 0 32.7993 41.1134
1 26 0 14.7106 15.7814
1 27 0 87.9363 127.165
1 28 0 64.8937 72.949
1 29 1 41.6785 54.5852
1 30 0 81.4124 107.729
1 31 0 20.4738 21.1652
1 32 0 67.4674 71.2526
1 33 0 60.5352 89.5856
1 34 0 63.8312 84.3903
1 35 0 96.4238 104.631
1 36 0 24.7694 31.7405
1 37 0 26.6188 34.8549
1 38 0 89.7146 97.3376
1 39 0 73.8143 84.8174
1 40 0 45.5336 53.7164
2 1 0 67.368 99.3611
2 3 1 33.0504 48.7561
2 4 0 2.60256 2.78571
2 5 0 45.8467 54.4847
2 6 0 23.4125 34.4272
2 7 0 32.0799 39.5142
2 8 0 51.651 57.0502
2 9 0 1.58989 2.17128
2 10 0 97.6734 98.4033
2 11 0 98.5522 144.056
2 12 0 65.7405 81.0623
2 13 1 94.5599 135.779
2 14 0 82.8126 109.901
2 15 0 40.1261 52.1605
2 16 0 99.5528 127.025
2 17 0 99.9324 125.705
2 18 0 10.4744 12.2684
2 19 0 9.33252 13.4197
2 20 0 18.6859 20.7847
2 21 0 12.1188 15.6236
2 22 1 66.5992 88.6125
2 23 0 63.5188 80.2129
2 24 0 37.7928 55.4343
2 25 0 88.7732 116.559
2 26 0 45.8725 54.014
2 27 0 96.1158 108.137
2 28 0 61.0157 82.5382
2 29 0 51.2012 67.0894
2 30 0 5.57409 7.94143
2 31 0 2.43874 3.2739
2 32 0 83.725 123.179
2 33 0 91.0745 99.01
2 34 0 51.7146 76.3748
2 35 0 32.5235 42.481
2 36 0 15.72 21.0297
2 37 0 46.1749 67.2453
2 38 0 39.7442 53.8527
2 39 0 26.3534 29.6561
2 40 0 66.6535 85.452
3 1 0 73.024 93.0124
3 2 0 79.5873 118.966
3 4 1 99.9671 125.735
3 5 0 42.4268 60.6548
3 6 0 95.4031 129.737
3 7 0 81.4655 107.16
3 8 0 10.1742 11.9551
3 9 0 62.1332 89.9753
3 10 0 89.8693 99.9768
3 11 0 21.6005 28.8504
3 12 0 50.7008 51.3553
3 13 0 41.5328 60.7765
3 14 0 92.5284 134.601
3 15 0 98.2473 134.06
3 16 0 28.3746 40.333
3 17 0 58.4293 81.5299
3 18 0 19.7625 23.0375
3 19 0 14.0143 19.9
3 20 0 41.1599 61.6505
3 21 0 4.34833 6.15119
3 22 0 23.2057 26.1498
3 23 1 17.4936 18.9021
3 24 0 82.7288 97.9901
3 25 0 17.202 18.1641
3 26 0 10.4865 13.398
3 27 0 14.8076 18.6669
3 28 0 85.3867 87.7485
3 29 0 26.43 37.8765
3 30 0 50.4305 69.2528
3 31 0 38.752 55.0441
3 32 0 12.6763 17.8751
3 33 0 89.7147 95.2565
3 34 0 77.3793 78.2516
3 35 0 5.98962 7.56155
3 36 0 14.2449 16.222
3 37 0 96.0863 132.04
3 38 0 24.592 32.2117
3 39 0 13.614 19.2335
3 40 0 22.9581 27.5545
4 1 0 77.0461 101.682
4 2 0 14.6339 18.3667
4 3 0 13.0152 18.9243
4 5 1 85.642 124.22
4 6 0 35.0815 36.833
4 7 0 53.2401 75.2828
4 8 0 67.7267 84.2043
4 9 0 84.5928 94.2251
4 10 0 24.3784 27.5527
4 11 0 47.2877 53.8039
4 12 0 68.2306 86.7199
4 13 0 7.14075 10.4019
4 14 0 32.5071 39.1431
4 15 0 41.8149 44.9722
4 16 0 94.8482 134.989
4 17 0 56.4156 74.0643
4 18 0 52.1024 72.7119
4 19 0 54.9857 56.2551
4 20 0 85.7564 106.007
4 21 0 14.5739 21.5749
4 22 0 27.2299 39.3372
4 23 0 14.8483 18.7322
4 24 0 29.4254 33.379
4 25 0 15.0266 21.0177
4 26 0 55.5271 62.1888
4 27 0 17.9641 21.5258
4 28 1 82.8872 88.5261
4 29 0 46.4915 55.4917
4 30 0 23.7349 32.4604
4 31 0 43.2624 63.9133
4 32 0 66.4944 74.5287
4 33 0 59.7589 82.2565
4 34 0 71.7961 82.5265
4 35 0 48.1068 70.3416
4 36 0 11.3976 11.5037
4 37 0 85.678 87.1306
4 38 0 22.3674 30.4469
4 39 0 54.1263 63.3826
4 40 0 32.6766 48.741
5 1 0 22.5362 28.5305
5 2 0 20.0515 28.827
5 3 0 53.0329 66.0071
5 4 0 13.073 19.2386
5 6 1 18.3739 26.5132
5 7 0 94.8896 122.593
5 8 0 71.1529 86.8456
5 9 0 74.5531 76.6883
5 10 0 51.6376 56.9139
5 11 0 77.2346 96.9824
5 12 0 64.0401 78.339
5 13 0 13.6625 19.3546
5 14 0 81.1452 87.0329
5 15 0 73.6271 84.2211
5 16 0 69.5769 77.3462
5 17 0 70.4688 75.332
5 18 0 45.4346 46.3954
5 19 0 25.326 29.8996
5 20 0 51.9519 52.7154
5 21 1 79.1112 82.1595
5 22 0 22.5459 25.0327
5 23 0 4.64951 6.90182
5 24 0 52.3546 53.3905
5 25 0 79.4676 94.805
5 26 0 12.3276 16.2104
5 27 0 45.432 60.2483
5 28 0 44.9408 62.7013
5 29 0 5.89071 7.63138
5 30 0 84.505 117.724
5 31 0 75.9398 82.9989
5 32 0 22.534 29.6782
5 33 0 89.3666 95.9126
5 34 0 22.313 25.2957
5 35 0 66.5416 77.963
5 36 0 22.5606 31.3214
5 37 0 18.1499 25.2331
5 38 1 9.67527 12.7924
5 39 0 52.4071 61.741
5 40 0 75.3966 96.362
6 1 0 36.4531 38.5283
6 2 0 27.4163 33.2269
6 3 0 20.1987 27.651
6 4 0 44.3968 58.7521
6 5 0 5.13875 6.67267
6 7 1 44.987 61.5298
6 8 0 39.7987 46.0609
6 9 0 44.981 59.2439
6 10 0 93.11 94.9863
6 11 0 82.4147 106.693
6 12 0 9.563 12.541
6 13 0 95.7128 112.887
6 14 0 12.1955 17.1725
6 15 0 52.1616 74.0496
6 16 0 45.759 64.4933
6 17 0 71.9346 72.589
6 18 0 29.5083 44.186
6 19 0 44.0056 49.9119
6 20 0 88.8361 99.0922
6 21 0 64.5754 83.6024
6 22 0 29.4318 30.7131
6 23 0 42.9565 62.1787
6 24 0 0.16199 0.234719
6 25 0 7.00361 10.2675
6 26 0 68.1515 84.9777
6 27 0 80.2043 112.2
6 28 0 89.8764 118.055
6 29 0 39.1864 46.3584
6 30 0 99.3319 115.637
6 31 0 43.1615 56.6764
6 32 0 5.86073 7.53774
6 33 0 97.5177 123.186
6 34 0 18.6892 22.6166
6 35 0 52.6385 70.3063
6 36 0 53.0487 77.6722
6 37 0 83.3167 91.1613
6 38 0 24.7368 28.8707
6 39 0 96.9032 128.488
6 40 0 78.2829 79.6569
7 1 0 62.0149 66.8672
7 2 0 76.6689 111.695
7 3 0 70.6803 105.177
7 4 0 19.2447 19.7051
7 5 0 44.6385 66.7575
7 6 0 70.2885 71.8363
7 8 1 22.9661 33.8271
7 9 0 69.0377 86.6283
7 10 1 0.176981 0.263397
7 11 0 1.28258 1.35455
7 12 0 53.3592 74.0998
7 13 0 4.82993 5.85624
7 14 0 69.803 101.677
7 15 0 74.4483 78.0652
7 16 0 68.2003 93.9902
7 17 0 31.794 33.8449
7 18 0 76.5577 106.795
7 19 0 48.9996 56.0849
7 20 0 13.1222 18.5118
7 21 0 60.8034 85.1395
7 22 0 93.6782 137.593
7 23 0 4.16045 4.74162
7 24 0 8.5634 8.96463
7 25 0 56.3058 80.3111
7 26 0 67.1097 75.049
7 27 0 99.1714 145.675
7 28 0 16.9817 22.1521
7 29 0 0.4155 0.495751
7 30 0 7.99913 9.61395
7 31 0 94.2063 124.218
7 32 0 80.2992 96.7943
7 33 0 12.2564 14.0299
7 34 0 88.6507 115.948
7 35 0 84.7341 106.394
7 36 0 73.5132 93.6616
7 37 0 94.0322 132.493
7 38 1 57.674 71.1884
7 39 0 25.7897 35.2802
7 40 0 91.6787 116.931
8 1 0 38.6395 39.1844
8 2 1 25.431 35.0348
8 3 0 19.6404 22.9777
8 4 0 44.5365 55.6056
8 5 0 25.4537 36.5701
8 6 0 19.0388 20.799
8 7 0 85.4993 95.7043
8 9 1 26.61 33.9941
8 10 0 43.6507 64.3228
8 11 0 9.72034 12.6073
8 12 0 33.883 39.7907
8 13 0 73.3766 89.0841
8 14 0 60.6583 87.9128
8 15 0 78.7076 92.7571
8 16 0 12.9193 12.9902
8 17 0 73.129 107.064
8 18 0 59.5388 86.2002
8 19 0 68.4663 90.1443
8 20 0 47.9496 71.7574
8 21 0 16.1464 23.2213
8 22 0 60.0233 66.9566
8 23 0 72.2566 87.1212
8 24 0 51.465 60.5681
8 25 0 3.37328 5.00118
8 26 0 14.1307 16.2455
8 27 0 40.7837 43.9884
8 28 0 28.0403 40.425
8 29 1 35.3679 35.9517
8 30 0 74.5118 78.6414
8 31 0 58.8363 68.224
8 32 0 21.1174 23.2581
8 33 0 38.1443 53.5358
8 34 0 42.0848 43.3387
8 35 0 87.302 94.079
8 36 0 90.5702 119.581
8 37 0 71.7844 99.1929
8 38 0 25.1142 26.9568
8 39 0 84.0405 88.5642
8 40 0 94.6908 111.175
9 1 0 83.7342 111.084
9 2 0 84.8465 99.9427
9 3 0 34.5796 44.5273
9 4 0 69.3195 103.478
9 5 0 40.426 48.4922
9 6 0 26.6197 31.7458
9 7 0 40.3751 41.2623
9 8 0 42.726 61.9995
9 10 1 88.4132 88.6367
9 11 0 80.0226 106.875
9 12 0 13.5563 15.117
9 13 0 47.9079 68.5416
9 14 0 63.4649 87.8809
9 15 0 5.54395 7.56019
9 16 0 76.8934 79.055
9 17 0 40.734 47.5244
9 18 0 15.6734 20.0494
9 19 1 53.9771 68.844
9 20 0 41.4416 55.9276
9 21 0 98.4431 119.09
9 22 0 22.9755 27.3436
9 23 0 20.0675 26.5284
9 24 0 62.0293 89.1462
9 25 0 92.8101 119.556
9 26 0 95.9804 122.425
9 27 1 15.6886 22.4613
9 28 0 32.8279 39.2658
9 29 0 0.193939 0.20897
9 30 0 12.0188 17.1328
9 31 0 73.7728 84.3411
9 32 0 52.9103 55.6863
9 33 0 61.7051 82.4844
9 34 0 89.86 110.42
9 35 0 49.4458 73.5686
9 36 0 50.3371 62.5358
9 37 0 28.0399 34.6547
9 38 0 96.6122 143.003
9 39 0 40.7005 46.716
9 40 0 40.4405 54.7318
10 1 0 61.0231 89.0236
10 2 0 67.3411 83.5448
10 3 0 17.0324 23.424
10 4 0 53.4054 77.3072
10 5 0 38.0104 47.4593
10 6 0 81.2323 109.103
10 7 0 35.987 42.267
10 8 0 75.9957 106.568
10 9 0 43.5234 61.8434
10 11 1 2.43964 3.62415
10 12 0 38.1047 52.643
10 13 0 71.5149 105.337
10 14 0 59.0851 59.6746
10 15 0 63.6914 78.8285
10 16 0 15.2829 18.1235
10 17 0 34.1257 45.4088
10 18 0 85.2406 121.774
10 19 0 80.6792 94.4867
10 20 0 50.3446 58.7254
10 21 0 49.7879 50.8517
10 22 0 3.08501 3.47087
10 23 0 78.3377 96.0192
10 24 0 63.6788 91.835
10 25 0 5.61465 7.1267
10 26 0 59.9717 65.3728
10 27 1 71.2461 93.3207
10 28 0 73.7176 102.083
10 29 0 44.9056 55.5417
10 30 0 87.2401 90.1237
10 31 0 49.9532 74.5363
10 32 0 16.5751 23.1089
10 33 0 91.9698 133.797
10 34 0 76.5777 102.247
10 35 0 40.289 41.4005
10 36 0 21.9595 22.9269
10 37 0 20.4838 26.3548
10 38 0 71.4815 75.5074
10 39 0 30.6333 43.4569
10 40 0 77.2063 93.6942
11 1 0 74.3005 104.19
11 2 1 53.7252 78.2502
11 3 0 36.4355 44.6981
11 4 0 42.1218 53.9985
11 5 0 36.7381 43.8327
11 6 0 77.8854 92.1045
11 7 0 80.5096 83.039
11 8 0 76.0818 106.901
11 9 0 71.4186 106.874
11 10 0 10.2648 11.8607
11 12 1 85.4406 114.308
11 13 0 97.5361 133.072
11 14 0 83.2939 85.5718
11 15 0 77.7403 104.059
11 16 0 5.0832 6.79044
11 17 0 92.1255 137.835
11 18 0 19.4309 20.6533
11 19 0 42.0069 56.7286
11 20 0 20.5193 25.0229
11 21 0 99.7482 149.037
11 22 0 0.994296 1.24315
11 23 0 77.2581 109.9
11 24 0 78.6054 91.0485
11 25 0 32.6177 36.1169
11 26 0 54.629 79.746
11 27 0 97.5473 121.878
11 28 0 17.5388 24.1666
11 29 0 14.1262 15.4247
11 30 0 65.3689 72.4062
11 31 0 6.33023 6.59505
11 32 0 99.4084 148.5
11 33 0 25.1067 25.9598
11 34 0 50.8868 60.1334
11 35 0 49.7719 72.537
11 36 0 88.4521 97.7314
11 37 0 57.6711 67.7136
11 38 0 72.2143 80.0393
11 39 0 24.9597 34.8041
11 40 0 7.45773 10.3631
12 1 0 24.3175 26.9985
12 2 0 25.3232 36.7957
12 3 0 78.0804 111.843
12 4 0 90.1556 117.676
12 5 0 99.6478 135.181
12 6 0 3.57459 3.70224
12 7 0 21.1686 22.4358
12 8 0 35.8314 41.5122
12 9 0 68.4519 99.3648
12 10 0 32.843 47.2961
12 11 0 86.1463 116.129
12 13 1 61.2617 67.4016
12 14 0 52.7477 56.3373
12 15 0 96.6939 138.574
12 16 0 0.124365 0.150027
12 17 0 74.2423 93.5947
12 18 0 6.58805 6.98858
12 19 0 6.37289 6.51255
12 20 0 21.5342 24.007
12 21 0 14.9833 18.6727
12 22 0 44.7957 52.9491
12 23 0 58.648 82.5583
12 24 0 80.1218 88.7683
12 25 0 44.8257 58.6188
12 26 1 29.5478 44.1565
12 27 0 21.0317 21.0925
12 28 0 46.6895 60.5045
12 29 0 20.8789 27.1424
12 30 0 67.3043 88.2363
12 31 0 82.6561 108.168
12 32 0 11.125 15.9158
12 33 0 91.3043 132.817
12 34 1 80.5974 94.5685
12 35 0 50.6468 74.3923
12 36 0 79.6328 104.109
12 37 1 98.1696 111.576
12 38 0 11.7509 16.3932
12 39 0 6.18046 7.78975
12 40 0 98.0017 125.616
13 1 0 91.6696 107.306
13 2 0 75.0282 111.066
13 3 0 77.024 80.7998
13 4 0 81.8402 108.236
13 5 0 84.7686 90.9758
13 6 0 33.7137 36.8429
13 7 1 0.281651 0.408403
13 8 0 24.5934 25.3762
13 9 0 9.19386 11.5765
13 10 0 24.9805 31.8397
13 11 0 28.5796 29.1299
13 12 0 12.4571 15.3163
13 14 1 7.62669 9.25505
13 15 0 37.9262 55.7865
13 16 0 68.0197 97.7473
13 17 0 65.8883 77.0874
13 18 0 45.7401 47.9233
13 19 0 83.265 117.18
13 20 0 12.4142 16.9466
13 21 0 87.1942 113.327
13 22 0 44.8036 62.6419
13 23 0 75.179 96.3737
13 24 0 88.6126 121.714
13 25 0 41.9773 47.4086
13 26 0 67.8846 74.4048
13 27 0 53.5119 62.1508
13 28 0 26.241 26.6012
13 29 0 21.1267 23.7673
13 30 0 35.6676 41.1829
13 31 0 25.1016 33.245
13 32 0 64.609 77.6217
13 33 0 81.2712 116.72
13 34 0 32.6336 47.0185
13 35 0 14.5073 15.3152
13 36 0 10.1523 12.2187
13 37 0 72.8523 88.7025
13 38 0 40.9426 59.9155
13 39 0 4.90757 5.90844
13 40 0 16.5967 23.1595
14 1 0 68.7657 69.8071
14 2 0 33.4201 37.6534
14 3 0 94.5852 132.368
14 4 1 88.304 109.729
14 5 1 93.1401 127.554
14 6 0 73.0617 81.7098
14 7 0 69.5799 98.669
14 8 0 80.3446 108.576
14 9 0 44.9213 65.5365
14 10 0 45.1163 67.4022
14 11 0 4.76292 5.1264
14 12 0 45.3685 47.4323
14 13 0 50.3862 74.8129
14 15 1 24.7768 31.4258
14 16 0 26.1436 34.8814
14 17 0 23.8136 24.3984
14 18 0 84.3665 107.554
14 19 0 57.3567 58.6622
14 20 0 9.48716 12.0629
14 21 0 48.5077 53.015
14 22 0 33.6407 34.9669
14 23 0 51.4369 59.8233
14 24 0 45.8265 61.4954
14 25 0 94.3622 98.3612
14 26 0 99.4171 141.612
14 27 0 41.0488 42.7926
14 28 0 29.3119 37.7409
14 29 0 94.8288 97.0976
14 30 0 85.0384 101.029
14 31 0 27.8423 33.8425
14 32 0 48.1474 52.5841
14 33 0 63.3835 86.8819
14 34 0 34.8936 48.1941
14 35 0 5.90137 7.85276
14 36 0 40.3935 45.4725
14 37 0 37.1837 50.7192
14 38 0 13.7703 20.1714
14 39 0 93.6603 133.259
14 40 0 61.1981 66.5165
15 1 0 32.045 37.9517
15 2 0 86.4357 101.733
15 3 0 43.916 59.2172
15 4 0 87.302 119.777
15 5 0 24.2448 34.1989
15 6 0 13.1941 18.6308
15 7 0 85.6844 90.0998
15 8 0 83.4084 124.532
15 9 0 53.7992 68.2576
15 10 0 52.3689 73.0269
15 11 0 24.2451 24.7175
15 12 0 45.1352 52.3287
15 13 0 82.1077 102.707
15 14 0 66.6401 90.9113
15 16 1 83.4414 123.217
15 17 0 98.7338 112.703
15 18 0 40.3875 59.1408
15 19 0 10.434 14.2145
15 20 0 39.4219 58.601
15 21 0 35.0194 36.5487
15 22 0 63.7702 69.7271
15 23 0 90.3144 133.222
15 24 0 3.71638 4.53298
15 25 0 36.89 48.0864
15 26 0 51.2774 55.59
15 27 0 33.7562 36.3619
15 28 0 30.6315 37.9812
15 29 0 41.5833 61.6893
15 30 0 92.5889 125.88
15 31 1 97.0377 115.509
15 32 0 3.19718 3.69176
15 33 0 34.086 34.5073
15 34 0 65.6749 87.3635
15 35 0 0.243871 0.357654
15 36 0 23.6228 29.3794
15 37 0 40.8065 52.9785
15 38 0 96.6582 118.469
15 39 0 89.8521 95.4587
15 40 0 97.9672 121.173
16 1 0 35.8662 42.3589
16 2 0 82.6985 115.08
16 3 0 18.2604 23.3761
16 4 0 8.64999 12.524
16 5 0 48.601 71.1665
16 6 0 89.831 106.882
16 7 0 39.1278 39.3079
16 8 0 21.3453 26.5974
16 9 0 82.9312 119.576
16 10 0 22.6914 32.944
16 11 0 0.999433 1.23747
16 12 0 28.2085 39.261
16 13 0 97.7745 122.243
16 14 0 21.6379 30.5521
16 15 0 55.0377 59.5428
16 17 1 57.6361 79.0585
16 18 0 2.66195 3.72486
16 19 0 5.63896 6.77873
16 20 0 3.2439 4.3475
16 21 0 20.0507 27.9873
16 22 0 41.8027 56.3743
16 23 0 97.4726 135.916
16 24 0 5.31074 6.0651
16 25 0 92.9245 126.025
16 26 0 34.7912 46.2305
16 27 0 67.4018 94.5704
16 28 0 27.8948 31.4837
16 29 0 96.2688 111.711
16 30 0 21.8682 30.6495
16 31 0 81.2743 96.0821
16 32 0 18.8288 27.8928
16 33 0 86.2166 110.324
16 34 0 43.9678 48.0919
16 35 0 34.6393 38.3405
16 36 0 42.7334 52.461
16 37 0 77.8334 95.0566
16 38 0 68.9054 71.6614
16 39 0 20.8411 30.8023
16 40 0 58.0495 62.6715
17 1 0 77.7015 78.4492
17 2 0 34.9537 43.2976
17 3 0 42.6118 57.5532
17 4 0 77.0652 77.6856
17 5 0 60.8176 64.6489
17 6 0 12.7703 15.2095
17 7 0 86.4963 93.8063
17 8 0 38.3373 48.5051
17 9 0 84.8965 94.2924
17 10 0 10.8816 15.1628
17 11 0 70.9241 77.5125
17 12 0 67.3567 72.6104
17 13 0 20.668 26.1995
17 14 0 64.5291 77.44
17 15 0 18.9146 21.1947
17 16 0 63.5233 87.3424
17 18 1 61.0585 69.3425
17 19 0 11.3401 13.1016
17 20 0 86.9827 117.939
17 21 0 54.0065 78.718
17 22 0 90.1078 124.586
17 23 0 63.4072 73.8442
17 24 0 75.1976 88.1799
17 25 0 95.4312 121.678
17 26 0 15.6355 19.6458
17 27 0 74.3776 105.859
17 28 0 55.8768 63.3588
17 29 0 15.1849 22.0372
17 30 0 92.8846 93.2844
17 31 0 0.430936 0.558824
17 32 0 28.2989 35.3323
17 33 0 74.0587 95.7601
17 34 0 63.7203 84.4189
17 35 0 86.7826 92.257
17 36 0 50.2062 51.1231
17 37 0 13.2662 13.4453
17 38 0 30.3017 34.5247
17 39 0 22.2683 23.6084
17 40 0 55.745 61.7432
18 1 0 46.7085 63.4013
18 2 0 34.9642 47.7403
18 3 0 45.272 45.303
18 4 0 58.9589 61.6568
18 5 0 40.5343 42.8189
18 6 0 87.6691 100.794
18 7 0 11.9645 14.8696
18 8 0 42.5269 43.2514
18 9 0 9.37082 13.0443
18 10 0 64.0735 68.1763
18 11 0 66.4127 92.8853
18 12 0 92.9591 105.239
18 13 0 80.0785 85.6919
18 14 0 76.8433 93.0908
18 15 0 54.5826 77.1996
18 16 0 12.0045 13.3777
18 17 0 8.91432 11.094
18 19 1 45.8161 50.1683
18 20 0 64.2962 73.9537
18 21 0 49.7984 61.133
18 22 0 83.5582 101.911
18 23 0 42.926 50.4135
18 24 0 23.0379 27.0795
18 25 0 12.5015 13.8204
18 26 0 74.093 102.125
18 27 0 63.8761 77.1942
18 28 0 41.3046 50.4923
18 29 0 70.7954 80.0754
18 30 0 17.8552 18.1489
18 31 0 54.7845 77.2437
18 32 0 85.4266 127.817
18 33 0 97.8975 116.196
18 34 0 79.1952 87.0199
18 35 0 70.7102 76.0726
18 36 0 24.0161 35.9359
18 37 0 59.1113 77.4081
18 38 0 25.8799 38.774
18 39 0 66.503 68.8279
18 40 0 61.6536 85.3772
19 1 0 86.5677 93.1453
19 2 0 43.6038 56.3968
19 3 0 99.1863 131.648
19 4 0 49.4857 55.0826
19 5 0 6.44706 6.80277
19 6 0 15.6173 18.014
19 7 0 83.0892 92.7476
19 8 0 55.731 76.3357
19 9 0 76.5897 96.1349
19 10 0 26.5476 37.2271
19 11 0 87.9421 97.7557
19 12 0 97.2814 111.784
19 13 0 66.5363 90.3375
19 14 0 42.4448 62.2637
19 15 0 71.2481 97.0741
19 16 0 17.9649 19.8116
19 17 0 38.3993 46.0149
19 18 0 63.9494 82.6553
19 20 1 31.713 41.5799
19 21 0 20.3087 21.7774
19 22 0 8.24509 11.2324
19 23 0 92.9081 100.11
19 24 0 12.8857 13.0143
19 25 0 6.19781 6.37662
19 26 0 15.1666 19.2547
19 27 0 1.28575 1.28945
19 28 0 78.5995 115.81
19 29 0 6.58166 8.4405
19 30 0 79.0918 107.36
19 31 0 11.7137 14.3206
19 32 0 64.6109 82.8216
19 33 0 66.9313 94.7689
19 34 0 36.7533 46.003
19 35 0 22.2089 26.9289
19 36 0 36.764 37.7555
19 37 0 58.2115 66.7662
19 38 0 93.1866 96.1431
19 39 0 96.1267 124.022
19 40 0 70.0336 84.8494
20 1 1 61.1258 89.3961
20 2 0 69.3388 93.6719
20 3 0 43.8148 54.3055
20 4 0 33.8812 44.178
20 5 0 5.14027 7.08405
20 6 0 9.67539 12.1458
20 7 0 16.3672 20.391
20 8 0 42.0077 44.8884
20 9 0 13.141 13.4475
20 10 0 14.2789 16.2866
20 11 0 55.7081 60.0759
20 12 0 83.3148 99.1684
20 13 0 66.5784 94.2895
20 14 0 36.3336 38.951
20 15 0 7.49768 7.51013
20 16 1 71.7764 88.4617
20 17 0 44.471 50.5745
20 18 0 24.6537 27.6063
20 19 0 60.6835 89.9927
20 21 1 82.5634 120.317
20 22 0 45.6293 47.1474
20 23 0 92.831 110.39
20 24 0 23.1738 28.9378
20 25 0 10.7459 14.125
20 26 0 40.6571 41.6692
20 27 0 52.6123 74.397
20 28 0 62.8056 85.2351
20 29 0 84.0802 98.9185
20 30 0 67.6297 87.6152
20 31 1 91.3776 103.023
20 32 0 96.2701 120.647
20 33 0 67.9638 78.3758
20 34 0 58.9814 70.3909
20 35 0 13.5791 19.0507
20 36 0 86.0793 126.95
20 37 0 77.228 84.0022
20 38 0 72.0662 95.3654
20 39 0 80.7225 83.2578
20 40 0 45.1726 56.0281
21 1 0 53.0253 65.1767
21 2 0 54.2181 57.5787
21 3 0 34.9822 46.9032
21 4 0 84.0158 117.005
21 5 0 47.4837 58.5469
21 6 0 75.3015 89.9105
21 7 0 15.1524 15.2933
21 8 0 61.5523 63.228
21 9 0 5.7338 7.88063
21 10 0 45.8107 58.9445
21 11 0 41.8814 52.6219
21 12 0 54.8613 58.7991
21 13 0 16.7881 20.5349
21 14 0 24.0348 29.6986
21 15 0 11.6697 15.8452
21 16 0 33.3584 35.6803
21 17 0 55.1226 63.3497
21 18 0 25.9507 35.5794
21 19 1 17.2307 20.4705
21 20 0 53.5121 57.5313
21 22 1 76.157 97.9815
21 23 0 80.6681 93.9163
21 24 0 19.3873 23.9976
21 25 0 92.49 130.667
21 26 0 1.14366 1.52364
21 27 0 85.828 103.262
21 28 0 9.1102 12.2083
21 29 0 53.8395 78.1883
21 30 0 12.4344 18.3284
21 31 0 35.3771 47.3142
21 32 1 57.3861 77.4142
21 33 0 48.4418 64.7541
21 34 1 54.018 55.389
21 35 0 20.1604 25.1207
21 36 0 40.5503 56.912
21 37 0 23.0539 23.3039
21 38 0 78.16 103.936
21 39 0 76.893 103.681
21 40 0 25.5118 27.6086
22 1 0 84.4782 92.4277
22 2 0 92.3305 135.155
22 3 0 28.6273 28.8875
22 4 0 80.8361 114.939
22 5 0 56.4055 74.454
22 6 0 91.5291 96.573
22 7 1 10.0318 11.6587
22 8 0 35.3856 49.7243
22 9 0 25.8994 28.8187
22 10 0 33.1433 41.1567
22 11 0 82.9195 90.9865
22 12 0 87.5025 112.919
22 13 0 96.6279 138.206
22 14 0 21.4612 22.7829
22 15 1 37.0947 53.4913
22 16 0 67.9521 83.9573
22 17 0 97.6884 114.633
22 18 1 24.724 33.7618
22 19 0 83.6054 91.5789
22 20 0 1.12062 1.48187
22 21 0 39.4771 43.0284
22 23 1 29.7882 32.0871
22 24 0 4.33855 4.76731
22 25 0 45.2582 54.7929
22 26 0 53.8506 77.6242
22 27 0 49.7196 70.4031
22 28 0 15.6138 23.1308
22 29 0 88.7286 103.276
22 30 0 34.2875 36.0183
22 31 0 77.9319 106.237
22 32 0 6.58851 7.11643
22 33 0 98.4304 133.144
22 34 0 16.621 24.4721
22 35 0 70.4595 83.3356
22 36 0 80.0436 114.81
22 37 0 18.0476 22.7567
22 38 0 68.0472 83.4472
22 39 0 0.768526 1.11588
22 40 0 76.9661 82.307
23 1 0 54.1696 75.7925
23 2 0 12.1978 17.2033
23 3 0 19.6268 25.4513
23 4 0 50.9107 75.9685
23 5 1 1.42303 1.78296
23 6 0 37.827 43.3503
23 7 0 69.9837 98.7987
23 8 0 69.8083 95.72
23 9 0 13.8701 16.292
23 10 0 33.8617 45.0199
23 11 0 28.2415 41.4187
23 12 0 21.6933 30.9815
23 13 0 34.9905 44.3687
23 14 0 56.066 80.7989
23 15 0 5.29481 6.09436
23 16 0 99.4442 101.427
23 17 0 32.7226 43.6871
23 18 1 19.5083 24.5773
23 19 0 79.0429 95.6515
23 20 0 68.3793 88.7384
23 21 1 36.2253 37.5534
23 22 0 74.109 87.1404
23 24 1 62.0035 78.9103
23 25 0 62.3517 81.455
23 26 0 21.7037 29.2862
23 27 0 34.2471 38.467
23 28 0 83.9016 123.727
23 29 0 10.2979 14.6318
23 30 0 89.8991 105.281
23 31 0 12.907 18.0173
23 32 0 90.8562 133.091
23 33 0 18.7315 20.2439
23 34 0 50.2788 61.0951
23 35 0 85.9725 104.111
23 36 0 38.9308 42.2641
23 37 0 74.214 98.2599
23 38 0 6.77235 9.87185
23 39 0 27.7999 39.9173
23 40 0 70.2432 71.9873
24 1 0 15.4216 18.3557
24 2 0 59.6111 83.242
24 3 0 74.6437 84.7872
24 4 0 92.4243 105.81
24 5 0 83.9484 107.875
24 6 0 58.4075 85.9909
24 7 0 25.9962 29.7966
24 8 0 17.695 20.5905
24 9 0 21.2817 23.1591
24 10 0 36.4992 38.2391
24 11 0 92.1287 129.429
24 12 0 51.9512 57.7039
24 13 0 80.9525 100.292
24 14 0 91.055 114.882
24 15 0 27.1598 29.9768
24 16 0 87.5456 118.978
24 17 0 89.4603 111.096
24 18 0 35.4725 47.9387
24 19 0 13.0855 17.9347
24 20 0 73.7333 91.522
24 21 0 55.9738 71.5896
24 22 0 50.6291 53.2976
24 23 0 74.8294 79.7821
24 25 1 57.8512 76.806
24 26 0 96.7328 114.737
24 27 0 70.6938 87.4869
24 28 0 0.41493 0.499813
24 29 0 40.1484 41.7777
24 30 0 20.8302 25.9597
24 31 0 38.1991 51.4198
24 32 0 22.9182 31.487
24 33 0 49.8608 71.6575
24 34 0 8.28428 11.0809
24 35 0 74.6307 85.7745
24 36 0 71.4774 84.9026
24 37 0 67.6989 70.6056
24 38 0 22.8311 24.7071
24 39 0 36.45 46.2333
24 40 0 15.0126 18.5613
25 1 0 16.0991 16.744
25 2 0 79.1538 114.964
25 3 0 57.4455 58.7806
25 4 0 84.789 108.828
25 5 0 68.8535 82.7736
25 6 0 76.5985 84.4623
25 7 0 21.2462 24.9683
25 8 0 86.3234 108.806
25 9 0 36.8974 37.4609
25 10 0 8.60443 11.9518
25 11 0 39.7263 47.372
25 12 0 37.9328 50.8886
25 13 0 70.7952 72.4795
25 14 0 35.1456 50.58
25 15 0 52.145 71.9175
25 16 0 45.9851 68.2177
25 17 0 57.8814 79.8661
25 18 0 86.0735 102.772
25 19 0 95.1599 120.418
25 20 0 48.8408 62.4863
25 21 0 14.7224 18.6508
25 22 0 14.5821 20.411
25 23 0 65.8447 91.5936
25 24 0 91.7476 110.06
25 26 1 20.0711 27.1057
25 27 0 5.37247 6.83578
25 28 0 22.5957 29.4888
25 29 0 1.96993 2.65715
25 30 0 14.8702 21.8132
25 31 0 52.4991 63.5563
25 32 0 15.4007 21.8755
25 33 0 55.9625 83.716
25 34 0 82.4565 102.303
25 35 0 43.4995 49.1253
25 36 0 66.3965 72.7634
25 37 0 51.9555 71.3624
25 38 0 61.0559 77.5419
25 39 0 35.3517 47.9852
25 40 0 89.4934 119.282
26 1 0 85.5783 93.467
26 2 0 73.7662 90.6783
26 3 0 79.7511 86.8671
26 4 0 27.8328 28.3915
26 5 0 10.6762 13.7245
26 6 0 54.6849 75.2412
26 7 0 0.637507 0.944299
26 8 0 21.5122 24.9937
26 9 0 89.0141 111.808
26 10 0 82.6127 106.105
26 11 0 14.5828 14.9268
26 12 0 65.8476 70.3239
26 13 0 38.9977 44.6013
26 14 0 55.598 59.3327
26 15 0 39.7734 57.5446
26 16 0 42.8519 57.5728
26 17 0 93.6359 107.118
26 18 0 16.4202 17.5451
26 19 0 81.2476 113.476
26 20 0 10.4258 12.0669
26 21 0 16.2337 23.0254
26 22 0 4.34767 6.08836
26 23 0 60.028 79.1757
26 24 0 34.1913 37.637
26 25 0 41.8194 53.0961
26 27 1 39.9734 43.6971
26 28 0 4.39371 5.66816
26 29 0 78.7057 90.4855
26 30 0 71.3372 95.3234
26 31 0 35.7761 42.2862
26 32 0 52.4057 73.1434
26 33 1 33.738 48.3888
26 34 0 70.5544 79.876
26 35 0 0.954205 1.00782
26 36 0 70.8225 98.0953
26 37 0 77.1946 114.498
26 38 0 92.1167 109.874
26 39 0 43.0835 48.0311
26 40 0 7.89844 11.5691
27 1 0 1.47384 1.88545
27 2 0 10.1475 13.5821
27 3 0 64.5761 73.2064
27 4 0 44.1332 53.9362
27 5 0 49.1246 66.2461
27 6 0 7.44724 7.50269
27 7 1 94.2575 110.79
27 8 0 34.2183 40.7637
27 9 0 65.4833 91.6985
27 10 0 12.4292 17.6075
27 11 0 16.601 23.0529
27 12 0 31.2536 32.3981
27 13 0 62.0625 70.3908
27 14 0 6.89418 9.99001
27 15 0 7.14083 9.98458
27 16 0 31.8502 34.3493
27 17 0 4.48366 6.63399
27 18 0 46.1616 67.0462
27 19 0 98.0235 130.054
27 20 0 65.3528 97.3694
27 21 0 84.9295 90.1567
27 22 0 72.2955 88.065
27 23 0 70.1202 96.0493
27 24 0 48.9683 50.4667
27 25 0 80.1813 91.7023
27 26 0 37.651 54.8784
27 28 1 37.3271 53.2975
27 29 0 58.2649 67.7402
27 30 0 33.2373 36.593
27 31 0 87.9958 115.325
27 32 0 39.8228 50.4066
27 33 0 14.9556 19.5735
27 34 0 95.5974 128.972
27 35 0 16.003 23.4688
27 36 0 51.4491 71.0436
27 37 0 56.3495 81.2911
27 38 0 47.297 49.6827
27 39 0 38.3654 49.3366
27 40 0 91.7478 93.5845
28 1 0 13.81 17.724
28 2 0 5.91129 6.45278
28 3 0 45.4434 61.8544
28 4 1 67.797 85.8738
28 5 0 5.53001 6.51549
28 6 0 16.7149 23.6187
28 7 0 37.4224 45.8054
28 8 0 58.8235 69.2427
28 9 0 29.4136 42.7087
28 10 0 75.7232 83.5427
28 11 0 9.57421 14.1393
28 12 0 9.27301 9.44794
28 13 0 6.63343 6.99846
28 14 0 94.9882 100.59
28 15 0 51.0345 55.2649
28 16 0 57.454 71.3314
28 17 0 92.7935 131.789
28 18 0 11.417 15.729
28 19 0 28.0951 38.3449
28 20 0 26.8588 28.4191
28 21 0 29.9392 35.7364
28 22 0 80.3232 109.866
28 23 0 6.58743 7.77589
28 24 0 66.0078 96.4522
28 25 1 30.23 35.5682
28 26 0 86.2902 114.963
28 27 0 17.6217 19.4801
28 29 1 2.40945 3.51186
28 30 0 85.4178 102.263
28 31 0 64.185 84.1255
28 32 0 64.8193 71.6423
28 33 0 25.425 37.8039
28 34 0 87.3556 109.299
28 35 0 21.9567 22.6721
28 36 0 90.3803 104.534
28 37 0 86.7431 126.437
28 38 0 64.7298 67.1006
28 39 0 18.2926 26.5945
28 40 0 56.6847 61.4126
29 1 0 33.6635 46.0971
29 2 0 20.2646 29.9044
29 3 0 13.6871 14.4728
29 4 0 85.7867 103.862
29 5 0 74.8745 91.0093
29 6 0 67.2609 72.1414
29 7 1 64.445 72.556
29 8 0 15.0365 22.139
29 9 0 20.4573 25.5975
29 10 0 47.6064 55.3164
29 11 0 53.9197 65.5319
29 12 0 12.025 12.2894
29 13 0 13.2879 16.7524
29 14 0 95.878 111.319
29 15 0 92.9563 112.97
29 16 0 82.1451 88.6515
29 17 0 99.3938 147.766
29 18 0 63.6976 64.9375
29 19 0 31.3736 38.1907
29 20 0 76.5126 91.8547
29 21 0 92.2073 100.288
29 22 0 69.209 75.9961
29 23 0 53.6823 60.9376
29 24 0 22.2255 29.4372
29 25 0 14.3906 18.1655
29 26 0 87.645 125.972
29 27 0 62.294 65.9373
29 28 0 56.8413 57.3573
29 30 1 2.25452 3.12359
29 31 0 11.3656 11.7424
29 32 0 43.2789 57.5992
29 33 0 4.98568 6.88345
29 34 0 75.6221 80.9588
29 35 0 0.984304 1.06766
29 36 0 32.4417 38.0514
29 37 1 0.928243 1.00073
29 38 0 85.2318 113.577
29 39 0 25.5397 28.9624
29 40 0 42.974 64.353
30 1 0 84.584 102.716
30 2 0 50.4945 50.5024
30 3 0 16.0846 21.4565
30 4 0 18.1029 25.8102
30 5 0 99.0033 112.702
30 6 0 51.6733 53.7059
30 7 0 0.969775 1.05607
30 8 0 65.8565 98.7318
30 9 0 38.6822 43.3359
30 10 0 28.5662 40.5584
30 11 0 27.2901 31.4193
30 12 0 60.6889 89.9033
30 13 0 37.1369 38.6762
30 14 0 78.8774 110.465
30 15 0 79.6113 116.309
30 16 0 6.88433 7.95955
30 17 0 27.9505 39.772
30 18 0 16.1741 22.6246
30 19 0 48.6036 50.2133
30 20 0 64.0996 95.0797
30 21 0 73.5527 102.865
30 22 0 45.6142 51.414
30 23 0 26.8061 38.1284
30 24 0 80.6413 100.324
30 25 0 4.96956 5.72818
30 26 0 2.60243 3.58579
30 27 0 89.2838 125.632
30 28 0 35.7909 49.7657
30 29 0 54.0791 73.528
30 31 1 9.95889 14.7626
30 32 0 47.5507 69.0913
30 33 0 29.8895 38.6621
30 34 0 91.3915 125.381
30 35 0 43.2009 49.8631
30 36 0 97.6637 110.697
30 37 0 80.5519 83.8021
30 38 0 87.476 88.0483
30 39 0 34.1287 41.074
30 40 0 91.5075 136.718
31 1 0 11.1574 14.5394
31 2 0 85.3937 120.655
31 3 0 91.9531 132.219
31 4 0 94.7034 122.596
31 5 0 49.067 53.2223
31 6 1 12.5827 13.2429
31 7 0 39.3488 49.5725
31 8 0 55.7263 78.9538
31 9 1 79.0852 116.728
31 10 0 51.6149 62.237
31 11 0 36.0855 36.177
31 12 0 57.0602 65.9637
31 13 0 60.4007 63.9114
31 14 0 38.1718 47.7425
31 15 0 91.273 132.055
31 16 0 81.291 104.737
31 17 0 96.2427 139.842
31 18 0 57.0775 81.1123
31 19 0 14.0472 14.8952
31 20 0 54.0484 55.0097
31 21 0 24.4876 35.2802
31 22 0 91.6368 121.051
31 23 0 62.551 79.3022
31 24 0 52.4581 70.2754
31 25 0 13.7051 17.7447
31 26 0 84.8819 106.954
31 27 0 91.788 129.981
31 28 1 72.6117 97.2629
31 29 0 63.8956 82.9218
31 30 0 85.168 103.101
31 32 1 35.0433 42.4711
31 33 0 40.8469 60.327
31 34 0 22.0161 25.6079
31 35 0 17.1894 18.7063
31 36 0 39.045 51.45
31 37 0 73.8242 103.813
31 38 0 42.9212 47.536
31 39 0 28.146 34.5281
31 40 0 76.6532 97.6007
32 1 0 38.9888 54.4544
32 2 0 33.3812 40.6528
32 3 0 55.31 75.329
32 4 0 10.2657 13.7183
32 5 0 80.4898 95.4572
32 6 0 62.5402 93.5163
32 7 0 76.973 85.8863
32 8 0 67.406 100.587
32 9 0 93.155 117.306
32 10 0 92.4283 104.51
32 11 0 88.7553 123.538
32 12 0 65.851 72.1072
32 13 0 72.3799 84.724
32 14 0 37.3477 49.3849
32 15 0 2.43518 3.35433
32 16 0 62.1387 77.9836
32 17 0 91.9839 134.825
32 18 0 10.2869 11.7861
32 19 0 34.6988 35.5556
32 20 0 79.2935 83.2575
32 21 0 82.7397 113.954
32 22 1 95.4169 104.78
32 23 0 72.0582 91.1757
32 24 0 93.912 122.457
32 25 0 66.1503 87.4433
32 26 0 44.4216 52.3298
32 27 0 92.8529 133.273
32 28 0 46.4688 53.6563
32 29 0 71.5135 106.935
32 30 0 77.5155 91.1141
32 31 0 30.8902 37.9115
32 33 1 1.34077 1.56645
32 34 0 85.4783 127.659
32 35 0 85.7748 101.43
32 36 0 91.9572 137.116
32 37 0 27.3868 39.2833
32 38 0 78.5023 95.8974
32 39 0 72.4102 89.0705
32 40 0 88.1094 94.5472
33 1 0 92.1785 126.192
33 2 0 77.4737 115.342
33 3 0 32.4411 37.9877
33 4 0 65.0183 69.5829
33 5 0 5.41625 7.72073
33 6 0 8.69055 9.38037
33 7 0 23.4534 32.8746
33 8 0 49.1589 61.3375
33 9 1 0.9433 1.03176
33 10 0 21.2823 21.8236
33 11 0 22.1791 26.1991
33 12 0 99.3902 123.063
33 13 0 23.8741 25.4691
33 14 0 51.5794 59.0501
33 15 0 18.8785 23.001
33 16 0 16.2344 20.389
33 17 0 13.3595 19.6952
33 18 0 91.0706 105.448
33 19 0 25.4117 29.7263
33 20 0 0.374763 0.53449
33 21 0 49.641 64.7529
33 22 0 51.5589 63.0455
33 23 0 13.5468 13.8704
33 24 0 72.3336 99.4496
33 25 0 96.2069 140.891
33 26 0 54.0781 57.6384
33 27 0 62.4225 70.086
33 28 1 34.4289 47.7547
33 29 0 34.3531 38.3103
33 30 0 27.6548 36.8486
33 31 0 30.6532 44.4677
33 32 0 38.2569 51.5658
33 34 1 10.2773 12.9029
33 35 0 83.4605 114.692
33 36 0 99.0401 116.735
33 37 1 95.5759 95.8978
33 38 0 11.4526 16.2072
33 39 0 1.10333 1.5823
33 40 0 88.6272 106.152
34 1 0 49.8498 56.7893
34 2 0 57.9094 63.4518
34 3 0 82.8574 114.039
34 4 0 43.7085 65.2123
34 5 0 3.23137 3.55729
34 6 0 94.8603 122.715
34 7 0 85.3872 96.6055
34 8 0 24.1374 28.0736
34 9 0 44.3157 56.5322
34 10 0 89.174 102.251
34 11 0 56.1592 77.2206
34 12 1 83.9952 104.261
34 13 0 24.151 26.7693
34 14 0 57.6473 61.112
34 15 0 85.3171 107.613
34 16 0 51.8806 54.7564
34 17 1 82.6808 87.3038
34 18 0 93.1097 105.365
34 19 0 17.4273 19.8348
34 20 0 95.53 140.495
34 21 0 26.7479 34.4171
34 22 0 39.4137 44.8605
34 23 0 34.1178 49.5662
34 24 0 53.0636 71.3023
34 25 0 98.1035 137.01
34 26 0 9.38808 10.6377
34 27 0 2.23789 2.69764
34 28 0 12.2244 13.9961
34 29 0 93.7335 101.46
34 30 0 37.5448 54.9403
34 31 0 3.81094 5.09647
34 32 0 73.7804 85.4057
34 33 0 23.3659 31.6103
34 35 1 33.2389 37.43
34 36 1 50.5302 61.0654
34 37 0 60.6662 70.2586
34 38 0 7.55159 10.0943
34 39 0 17.1059 25.5177
34 40 1 14.8351 16.0621
35 1 0 15.5723 18.4546
35 2 0 87.9023 88.2662
35 3 0 93.5661 101.162
35 4 0 78.7867 111.354
35 5 0 98.6432 139.242
35 6 0 16.0406 20.4513
35 7 0 53.4056 61.6231
35 8 0 65.2998 97.2452
35 9 0 94.2223 126.297
35 10 0 8.48872 12.1815
35 11 1 76.4832 93.4892
35 12 0 94.0279 96.3137
35 13 0 74.4945 80.295
35 14 0 31.0517 45.2618
35 15 0 26.7171 37.0108
35 16 0 45.3682 65.3402
35 17 0 77.9195 100.788
35 18 0 43.7075 48.8512
35 19 0 5.2046 6.56742
35 20 0 84.1454 105.344
35 21 0 25.4559 37.2241
35 22 0 43.0056 49.9932
35 23 0 50.0074 69.6418
35 24 0 50.5724 61.1933
35 25 0 19.7896 27.8769
35 26 0 81.7871 115.499
35 27 0 27.2689 38.7984
35 28 0 8.1376 11.8293
35 29 0 29.1809 36.5999
35 30 0 15.1451 19.9758
35 31 0 74.1065 101.015
35 32 0 29.2209 32.9407
35 33 0 29.5502 41.6105
35 34 0 10.0351 11.22
35 36 1 90.7284 92.5383
35 37 0 31.8154 39.7079
35 38 0 69.8906 89.2131
35 39 0 47.6368 58.8016
35 40 0 67.9411 74.6768
36 1 0 8.54208 9.2534
36 2 0 46.7501 55.0636
36 3 0 94.341 118.195
36 4 0 92.5465 108.307
36 5 0 66.7072 71.1981
36 6 0 71.6501 95.8354
36 7 0 4.56252 5.85034
36 8 0 75.1667 97.0776
36 9 0 89.668 112.243
36 10 0 7.84386 8.28873
36 11 0 24.0004 27.4661
36 12 0 85.2507 94.1291
36 13 0 25.043 30.2624
36 14 0 3.45372 3.80284
36 15 0 56.9141 81.169
36 16 0 22.2065 22.2643
36 17 0 97.605 116.387
36 18 0 35.3604 36.4948
36 19 0 19.6081 22.6072
36 20 0 82.1949 94.1739
36 21 0 49.4736 54.8022
36 22 0 82.3152 100.688
36 23 0 77.5999 78.522
36 24 0 56.1174 66.9139
36 25 0 84.9752 86.9819
36 26 0 47.5945 57.3519
36 27 0 21.6566 23.7205
36 28 0 30.5455 32.3172
36 29 0 59.2562 76.046
36 30 0 6.9843 9.23412
36 31 0 95.1388 110.382
36 32 0 4.77156 5.80545
36 33 0 83.5668 111.495
36 34 0 82.2011 101.213
36 35 0 6.8508 9.14212
36 37 1 65.526 92.0864
36 38 0 78.4955 116.571
36 39 0 22.1774 29.9795
36 40 0 85.0813 86.1677
37 1 0 2.46486 3.14454
37 2 0 78.7332 111.111
37 3 0 52.2623 60.5117
37 4 0 3.31899 3.67882
37 5 0 71.3516 72.4496
37 6 0 93.2681 93.3656
37 7 0 95.5935 106.503
37 8 0 14.6291 15.5986
37 9 0 50.0677 60.8136
37 10 0 67.9654 75.8041
37 11 0 39.8996 50.9438
37 12 0 67.8755 72.3593
37 13 0 16.1662 18.9134
37 14 0 2.31362 2.85295
37 15 0 81.5599 107.649
37 16 0 41.3309 52.8092
37 17 0 68.6273 88.6229
37 18 0 86.6587 95.1419
37 19 0 9.4295 13.3922
37 20 0 18.707 23.4004
37 21 1 73.58 108.331
37 22 0 87.2321 99.7516
37 23 0 92.806 112.406
37 24 0 86.6512 93.8696
37 25 0 81.2092 113.333
37 26 0 77.8764 110.194
37 27 0 53.9901 70.6766
37 28 0 11.6917 15.5807
37 29 0 90.6921 104.893
37 30 0 82.9658 93.034
37 31 0 95.3526 104.778
37 32 0 46.2614 62.7167
37 33 0 74.3384 94.8747
37 34 0 21.3531 26.1071
37 35 0 36.863 40.5304
37 36 0 93.094 112.153
37 38 1 49.9697 54.1314
37 39 0 26.8719 33.0459
37 40 0 20.7761 25.4413
38 1 0 40.7918 47.7977
38 2 0 90.6473 135.288
38 3 0 87.5812 124.287
38 4 0 72.108 98.0927
38 5 0 77.6691 110.007
38 6 0 77.8205 102.131
38 7 0 84.6717 87.2392
38 8 1 6.40518 6.61834
38 9 0 48.1806 67.4394
38 10 0 85.3172 89.3191
38 11 0 29.5869 33.3895
38 12 0 55.79 70.6791
38 13 0 29.8858 33.8649
38 14 0 81.7558 106.331
38 15 0 39.7286 53.8874
38 16 0 5.37792 7.50936
38 17 0 94.4241 104.982
38 18 0 19.311 28.0918
38 19 0 29.0785 36.4743
38 20 0 33.474 48.9954
38 21 0 47.3317 47.4802
38 22 0 86.866 90.6792
38 23 0 56.9514 85.0615
38 24 0 62.6578 70.3929
38 25 0 19.7092 22.8068
38 26 0 16.6778 18.5891
38 27 0 62.1837 73.6555
38 28 0 70.737 88.2416
38 29 0 85.7968 95.4215
38 30 0 71.4453 96.0311
38 31 0 93.9309 124.681
38 32 0 20.778 22.637
38 33 0 94.6142 132.442
38 34 0 1.09097 1.18111
38 35 0 58.8562 83.0527
38 36 0 81.1751 84.99
38 37 0 51.8461 64.4993
38 39 1 97.421 113.066
38 40 1 61.355 67.9692
39 1 0 59.225 85.4959
39 2 0 83.3455 99.5986
39 3 0 99.243 146.196
39 4 0 77.4948 90.0937
39 5 0 77.0411 90.7206
39 6 0 85.2928 96.2334
39 7 1 97.3102 128.54
39 8 1 49.2524 51.8998
39 9 0 72.4681 85.8873
39 10 0 46.807 47.1842
39 11 0 60.6563 68.5907
39 12 0 55.591 80.3123
39 13 1 70.0026 99.6641
39 14 0 91.9617 119.105
39 15 0 86.0526 114.384
39 16 0 46.3554 53.1803
39 17 0 46.5315 66.8418
39 18 0 68.5257 71.5936
39 19 0 9.51941 9.57737
39 20 0 90.9844 96.894
39 21 0 20.1554 29.9113
39 22 0 35.9294 39.3551
39 23 0 87.1594 110.628
39 24 0 51.2208 55.9501
39 25 0 96.3051 120.172
39 26 0 65.2658 79.4903
39 27 0 9.25773 11.1255
39 28 0 67.6199 98.0446
39 29 0 6.26946 9.19457
39 30 0 8.6997 11.9779
39 31 0 91.6243 121.14
39 32 0 50.0049 53.5981
39 33 0 19.1856 22.4129
39 34 0 32.0505 46.7399
39 35 0 24.5179 28.6713
39 36 1 71.6731 97.7949
39 37 0 44.0721 58.3648
39 38 0 11.8942 12.1353
39 40 1 47.3719 67.7779
40 1 1 88.7616 118.866
40 2 0 85.9075 111.138
40 3 0 2.85709 4.11348
40 4 0 21.9303 26.166
40 5 0 33.7626 46.7441
40 6 0 48.821 57.1825
40 7 0 63.9918 71.2735
40 8 0 35.2656 48.4504
40 9 0 72.4402 108.018
40 10 0 17.0433 22.8368
40 11 0 81.5053 95.5161
40 12 0 30.5259 37.3978
40 13 0 3.90459 4.10615
40 14 0 74.3393 88.7287
40 15 0 74.8573 90.9496
40 16 0 60.842 69.66
40 17 0 54.3795 58.6321
40 18 0 56.9015 77.3844
40 19 0 17.3874 23.3671
40 20 0 27.0136 28.3375
40 21 0 25.6161 30.2652
40 22 0 5.82309 7.6775
40 23 0 17.8176 19.0846
40 24 0 37.2943 43.0556
40 25 0 88.3129 112.611
40 26 0 10.3333 13.8328
40 27 0 56.6295 72.5493
40 28 0 44.0731 56.1737
40 29 0 79.4703 108.416
40 30 0 87.9453 92.1202
40 31 0 73.0099 76.3664
40 32 0 72.0657 88.3844
40 33 0 66.277 86.886
40 34 0 15.8619 20.5559
40 35 0 13.2427 15.0254
40 36 0 15.2724 17.441
40 37 0 80.1533 111.001
40 38 0 50.3851 53.1716
40 39 0 33.3323 41.3001
28.1063 24.188 23.4022 21.2474 10.021 4.01947 25.1073 34.2362 24.4781 35.7887 25.6468 33.453 7.14694 20.2383 1.64091 5.35298 24.1649 10.5178 18.6984 28.3354 24.8846 18.0981 14.7716 1.19283 31.4203 35.2676 11.9813 21.5639 16.8611 4.75111 23.447 20.3726 32.0867 17.9464 4.67477 22.5589 27.9908 26.3739 17.3219 9.00473 