40
100
4
50
1 2 1 95.0172 103.008
1 3 1 57.8623 63.4571
1 4 0 1.43944 1.55618
1 5 0 47.8312 60.5656
1 6 0 67.1505 86.4139
1 7 0 77.7877 101.506
1 8 0 33.2721 48.91
1 9 0 76.265 96.2456
1 10 0 76.8707 108.041
1 11 0 89.7746 119.894
1 12 0 34.2163 41.1088
1 13 0 65.1389 79.8851
1 14 0 55.4025 76.7509
1 15 0 86.5292 108.065
1 16 0 10.9261 12.078
1 17 0 47.3017 53.1422
1 18 0 0.422231 0.614846
1 19 0 16.273 20.3696
1 20 1 85.515 108.826
1 21 0 82.593 89.7673
1 22 0 77.6165 93.3577
1 23 0 41.1848 41.2589
1 24 0 75.2697 96.6625
1 25 0 35.4265 50.2523
1 26 0 90.0666 96.7884
1 27 0 92.1274 99.932
1 28 0 92.6496 129.787
1 29 0 49.3104 70.6368
1 30 1 48.3021 70.3511
1 31 0 55.9161 60.995
1 32 0 22.7573 26.5955
1 33 0 82.6449 103.675
1 34 0 45.8937 50.3583
1 35 0 75.8842 78.4384
1 36 0 75.0625 89.2501
1 37 0 43.2966 57.1752
1 38 0 12.5647 15.2596
1 39 1 41.1611 52.4113
1 40 0 10.8548 10.8996
2 1 0 41.1821 58.936
2 3 1 6.26417 7.0789
2 4 0 14.9627 15.6936
2 5 0 36.4742 47.574
2 6 0 76.1837 85.19
2 7 0 85.1378 103.217
2 8 0 19.6136 22.8059
2 9 0 42.0619 49.7032
2 10 0 62.5598 80.2433
2 11 0 95.3902 107.578
2 12 0 61.8812 84.7479
2 13 0 91.0803 134.42
2 14 0 59.5678 83.4551
2 15 0 16.6272 19.3475
2 16 0 32.2675 34.7185
2 17 0 85.9699 103.82
2 18 0 39.0053 42.9264
2 19 0 72.6183 103.118
2 20 0 98.3311 131.886
2 21 0 99.6146 140.502
2 22 0 23.2318 33.4105
2 23 0 57.6316 60.5084
2 24 0 37.2176 42.0616
2 25 0 49.9988 59.0016
2 26 0 81.6152 92.1301
2 27 0 14.1044 20.5666
2 28 1 86.461 90.131
2 29 0 68.622 102.729
2 30 0 96.4406 98.2381
2 31 0 12.2697 14.7378
2 32 0 86.7949 114.89
2 33 0 38.7659 56.3052
2 34 0 29.7895 30.9065
2 35 0 0.656473 0.673707
2 36 0 13.8176 17.7991
2 37 0 15.6089 20.6511
2 38 0 97.383 120.743
2 39 0 56.4166 57.3465
2 40 0 3.69104 5.08105
3 1 0 90.0086 118.998
3 2 0 19.8042 25.2351
3 4 1 89.9009 121.593
3 5 0 45.7533 67.0012
3 6 0 52.0345 57.4046
3 7 0 96.3709 122.646
3 8 0 39.4479 51.7111
3 9 0 64.2192 95.0026
3 10 0 99.4236 134.176
3 11 0 83.0597 98.2912
3 12 0 50.2835 74.6496
3 13 0 71.401 87.1145
3 14 0 28.3669 35.3862
3 15 0 32.8581 33.5101
3 16 0 12.4691 18.5197
3 17 0 1.26494 1.61248
3 18 0 45.588 49.4228
3 19 0 88.6399 124.807
3 20 0 6.06822 7.59784
3 21 0 44.0974 57.4993
3 22 0 5.62125 7.29425
3 23 0 96.9201 126.405
3 24 0 2.53836 2.67593
3 25 0 33.6232 40.8681
3 26 0 59.5757 77.8017
3 27 0 85.9467 117.275
3 28 0 59.9134 76.6103
3 29 0 59.0953 84.7294
3 30 0 84.1104 109.878
3 31 0 62.1595 84.7675
3 32 0 23.5031 32.1316
3 33 0 93.3304 105.051
3 34 0 52.8167 66.3001
3 35 0 14.115 21.1236
3 36 1 15.3438 20.0929
3 37 0 21.1966 30.0458
3 38 0 76.1401 101.845
3 39 1 29.8232 36.5932
3 40 0 40.0702 49.52
4 1 0 95.3538 105.652
4 2 0 36.2346 40.4227
4 3 0 35.2816 50.1758
4 5 1 17.126 24.7091
4 6 0 64.9796 73.2384
4 7 0 10.9896 14.8626
4 8 0 88.1379 104.114
4 9 0 76.4204 111.472
4 10 0 19.2648 20.5504
4 11 0 12.3353 14.4485
4 12 0 1.79344 1.95277
4 13 0 16.0536 23.3739
4 14 0 24.1682 34.7627
4 15 0 16.1532 21.1883
4 16 0 51.5974 54.1818
4 17 0 16.3754 21.1027
4 18 0 16.4046 21.9723
4 19 0 37.0033 50.7973
4 20 0 80.9858 88.6804
4 21 0 33.3493 38.667
4 22 0 12.1354 14.0736
4 23 0 55.5915 65.5512
4 24 0 7.06596 9.17811
4 25 0 35.056 48.86
4 26 0 54.7319 62.2172
4 27 0 93.496 131.533
4 28 0 86.0604 112.917
4 29 0 14.7512 18.2064
4 30 0 52.0743 66.7902
4 31 0 11.9437 15.6609
4 32 0 35.1695 36.4222
4 33 0 91.9113 104.584
4 34 0 35.6281 36.4512
4 35 0 7.9155 9.35845
4 36 0 86.6063 100.026
4 37 0 2.14567 2.52229
4 38 0 26.3909 33.5228
4 39 0 31.063 36.8187
4 40 0 82.9437 111.051
5 1 0 37.3031 47.7608
5 2 0 61.587 87.6214
5 3 0 53.4073 65.6602
5 4 0 53.4858 60.9335
5 6 1 38.1948 45.8309
5 7 0 34.7317 47.9898
5 8 0 79.777 86.2331
5 9 0 79.6286 107.246
5 10 0 66.8788 69.5122
5 11 0 51.9975 75.6878
5 12 0 52.2131 54.5619
5 13 0 49.5986 63.2551
5 14 0 77.3696 89.8628
5 15 0 77.8108 86.4713
5 16 0 41.3023 59.7165
5 17 0 77.0274 82.3089
5 18 0 67.1978 74.4272
5 19 0 61.5785 71.2609
5 20 0 11.3385 15.3033
5 21 0 45.3149 53.1117
5 22 0 36.112 45.3032
5 23 0 48.0256 55.7474
5 24 0 97.9497 129.284
5 25 0 97.2105 111.444
5 26 0 53.5261 76.822
5 27 0 41.9678 58.4364
5 28 0 93.7235 116.428
5 29 0 35.7685 37.4341
5 30 1 92.6312 106.651
5 31 0 27.4474 34.3397
5 32 0 5.11003 6.35463
5 33 0 33.8607 39.3681
5 34 0 17.239 17.4231
5 35 0 15.1398 19.5066
5 36 0 62.2629 82.2858
5 37 0 55.3936 80.4611
5 38 0 70.4979 93.9402
5 39 0 30.7872 42.2269
5 40 0 84.2362 104.237
6 1 0 57.2845 60.4547
6 2 0 28.1564 30.2828
6 3 0 65.9522 81.8803
6 4 0 28.6997 34.7043
6 5 0 79.7189 112.942
6 7 1 12.9562 16.1607
6 8 0 85.0661 110.8
6 9 0 82.1928 115.684
6 10 0 58.3782 83.1853
6 11 0 62.6513 88.3493
6 12 0 95.6091 127.99
6 13 0 35.441 36.789
6 14 0 7.86519 8.92997
6 15 0 93.3291 96.4242
6 16 0 90.2945 108.422
6 17 0 42.2727 43.168
6 18 0 58.275 87.2591
6 19 0 47.3636 62.5152
6 20 0 52.5408 73.6843
6 21 0 3.86731 5.10196
6 22 0 81.5382 118.575
6 23 0 10.4746 11.9708
6 24 0 0.403088 0.52722
6 25 0 14.1313 20.3917
6 26 0 34.9901 52.2604
6 27 0 62.6782 77.3192
6 28 0 40.6359 51.0192
6 29 0 54.2168 68.5543
6 30 0 48.6724 52.7167
6 31 0 44.023 65.4626
6 32 0 74.6946 81.5673
6 33 1 71.3705 91.3077
6 34 0 36.2805 47.2224
6 35 0 59.2787 71.6945
6 36 0 21.7733 29.1277
6 37 1 65.482 88.8653
6 38 0 97.5487 106.248
6 39 0 13.6711 14.3741
6 40 0 45.0562 62.9678
7 1 0 28.9032 36.7342
7 2 0 46.3996 55.4137
7 3 0 47.5819 55.62
7 4 0 73.8876 81.9245
7 5 0 76.8968 81.4301
7 6 0 10.1046 10.7453
7 8 1 1.55501 1.74237
7 9 0 41.9733 45.1158
7 10 0 0.407379 0.408316
7 11 0 89.5443 100.444
7 12 0 89.4065 94.8676
7 13 0 78.3626 113.163
7 14 0 37.663 44.861
7 15 0 22.3626 26.3692
7 16 0 97.6151 124.708
7 17 0 4.92269 5.32196
7 18 0 37.7168 52.4091
7 19 0 92.1618 135.539
7 20 0 92.4787 103.328
7 21 0 73.9927 104.863
7 22 0 34.4671 37.7347
7 23 0 13.7122 18.8297
7 24 0 35.6189 44.0721
7 25 0 2.96104 3.41469
7 26 0 84.2315 117.102
7 27 0 5.46387 5.48956
7 28 0 19.7482 23.5351
7 29 0 62.1539 70.3154
7 30 0 6.0956 7.20841
7 31 0 56.2195 80.9066
7 32 0 46.8123 56.0153
7 33 0 27.1445 30.6773
7 34 1 79.0255 110.546
7 35 0 11.7089 13.142
7 36 0 72.757 104.474
7 37 0 88.2789 103.827
7 38 0 39.5675 44.3856
7 39 0 8.33427 11.2488
7 40 0 31.7066 36.3331
8 1 0 26.1492 30.1275
8 2 0 93.267 115.058
8 3 0 94.6206 134.86
8 4 0 68.3443 102.141
8 5 0 35.2916 35.361
8 6 0 69.33 95.172
8 7 0 3.9337 4.82793
8 9 1 21.9856 27.7689
8 10 0 63.869 65.6789
8 11 0 20.4561 25.1514
8 12 0 80.8251 119.396
8 13 0 37.8843 39.1701
8 14 0 74.0673 94.3113
8 15 0 11.1851 14.3138
8 16 0 29.691 32.3375
8 17 0 9.33106 11.6939
8 18 0 48.3329 65.2528
8 19 0 17.9946 26.3032
8 20 0 55.5176 69.4024
8 21 0 30.0881 38.5643
8 22 0 65.9507 94.3061
8 23 0 76.0536 84.5677
8 24 0 88.9018 114.477
8 25 0 87.343 94.0176
8 26 0 78.6048 85.7473
8 27 0 27.31 27.5916
8 28 0 24.0077 31.5996
8 29 0 16.181 19.1951
8 30 0 44.0289 49.5611
8 31 0 89.9859 124.557
8 32 0 74.6098 111.73
8 33 0 19.7161 20.2162
8 34 0 93.5519 106.773
8 35 0 97.7735 121.516
8 36 0 45.6667 53.4082
8 37 0 7.28758 8.96319
8 38 0 33.8942 43.1446
8 39 0 31.7918 33.9794
8 40 0 37.9634 48.4058
9 1 0 99.9714 133.452
9 2 0 44.2515 47.0138
9 3 0 34.7671 36.4255
9 4 0 32.1853 37.869
9 5 0 50.9344 71.0696
9 6 0 94.5759 135.932
9 7 0 79.3048 108.731
9 8 0 17.219 23.5126
9 10 1 27.1776 34.0021
9 11 0 99.4644 100.823
9 12 0 93.473 136.886
9 13 0 71.2111 84.1721
9 14 0 38.3064 40.3456
9 15 0 53.7629 79.4034
9 16 0 94.2189 136.817
9 17 0 42.1566 45.4276
9 18 0 70.6601 82.4427
9 19 0 15.6581 15.7252
9 20 0 68.5559 72.8352
9 21 1 45.7445 50.9715
9 22 0 1.06838 1.10904
9 23 0 28.8283 37.9579
9 24 0 37.3741 50.7473
9 25 0 56.3145 70.0109
9 26 0 60.3 85.1078
9 27 0 26.9359 30.463
9 28 0 15.949 17.1797
9 29 0 56.3467 60.347
9 30 0 43.6843 54.5219
9 31 0 11.1322 12.8145
9 32 0 67.9399 77.6756
9 33 0 19.6004 26.4214
9 34 0 65.6733 95.4549
9 35 1 62.7432 68.4534
9 36 0 54.2627 54.6549
9 37 0 43.5658 56.539
9 38 0 93.1497 104.726
9 39 0 12.347 14.3755
9 40 0 67.6006 80.338
10 1 0 91.8214 99.9638
10 2 0 38.855 56.6777
10 3 0 65.8918 70.3924
10 4 0 3.56745 4.01226
10 5 0 15.5132 16.2522
10 6 0 66.2206 88.7466
10 7 0 11.0018 11.4706
10 8 0 35.182 42.8269
10 9 0 8.36816 8.52866
10 11 1 77.467 110.762
10 12 0 18.9514 21.0004
10 13 0 24.6857 31.8265
10 14 0 98.4576 133.511
10 15 0 55.1444 80.0001
10 16 0 4.55036 6.60964
10 17 0 7.43114 7.91994
10 18 0 67.2819 82.55
10 19 0 10.329 10.8473
10 20 0 99.5109 112.892
10 21 0 4.60837 6.61759
10 22 0 40.4289 59.069
10 23 0 72.167 73.3905
10 24 0 78.3939 105.01
10 25 0 26.2015 28.6941
10 26 0 81.9684 83.9641
10 27 0 17.4782 26.0772
10 28 0 42.3089 59.6359
10 29 0 77.8865 105.7
10 30 0 76.1379 86.6209
10 31 0 11.2081 12.547
10 32 0 57.2568 66.4111
10 33 0 86.0292 94.7217
10 34 0 67.7288 69.9224
10 35 0 30.9667 42.16
10 36 0 66.7048 94.3779
10 37 0 52.0097 60.0186
10 38 0 88.0194 121.5
10 39 0 82.3275 113.878
10 40 0 6.86782 7.65293
11 1 0 88.1496 98.8395
11 2 0 4.67844 5.77773
11 3 0 51.7266 56.2072
11 4 0 92.4618 119.73
11 5 0 58.1467 70.1332
11 6 0 99.2273 109.974
11 7 0 15.7406 19.8779
11 8 0 27.405 30.0907
11 9 0 25.6623 36.9637
11 10 0 23.5984 23.9351
11 12 1 59.8348 64.7087
11 13 0 1.21866 1.71658
11 14 0 98.3856 126.788
11 15 0 31.1511 32.0217
11 16 0 27.6803 37.3534
11 17 0 18.283 20.7382
11 18 0 56.6861 57.7843
11 19 0 25.5745 31.1755
11 20 0 22.2883 30.7263
11 21 0 82.5366 108.899
11 22 0 30.5615 33.4808
11 23 0 39.3004 44.3963
11 24 0 68.5568 76.4232
11 25 0 23.5136 26.3491
11 26 0 81.2696 121.139
11 27 0 97.6788 129.02
11 28 0 59.6144 79.2723
11 29 0 7.5277 9.36093
11 30 0 46.7887 58.6645
11 31 0 23.7579 25.8926
11 32 0 53.7947 80.5795
11 33 0 52.8494 58.4029
11 34 0 71.1426 80.7552
11 35 0 99.0157 140.013
11 36 0 54.3616 72.5242
11 37 0 83.6211 94.7883
11 38 0 28.2653 38.4236
11 39 0 88.4051 118.291
11 40 0 77.0335 95.6595
12 1 0 74.5213 111.512
12 2 0 33.5358 37.3908
12 3 0 6.78147 8.31639
12 4 0 4.14662 5.91042
12 5 0 2.81854 3.44224
12 6 1 18.0496 19.8725
12 7 0 99.5937 101
12 8 0 44.3837 44.7432
12 9 0 92.163 96.9069
12 10 0 94.0992 128.211
12 11 0 10.1214 13.3415
12 13 1 36.6172 44.5924
12 14 0 79.7922 95.0245
12 15 0 36.0801 43.6082
12 16 0 98.2326 115.373
12 17 0 20.0439 21.7715
12 18 0 49.6668 62.1644
12 19 0 92.688 98.9046
12 20 0 87.9696 113.302
12 21 0 50.8056 68.4297
12 22 0 20.2754 27.4703
12 23 0 55.4108 77.3819
12 24 0 57.4537 69.875
12 25 0 71.9115 88.7576
12 26 0 36.7024 41.0267
12 27 0 18.9684 20.9142
12 28 0 99.7713 127.48
12 29 0 1.62167 1.74682
12 30 0 90.0587 95.9693
12 31 0 62.6548 70.1671
12 32 0 41.7091 53.3045
12 33 0 96.3355 122.628
12 34 0 4.26317 5.8875
12 35 0 52.9357 53.9651
12 36 0 38.5137 57.5332
12 37 0 24.2452 30.7874
12 38 0 83.1727 100.469
12 39 0 23.8248 27.7298
12 40 0 64.4063 76.511
13 1 0 89.3512 94.4747
13 2 0 27.5474 27.8243
13 3 0 17.1168 18.8573
13 4 0 17.1131 24.5957
13 5 0 70.1051 101.07
13 6 0 68.8847 88.1111
13 7 0 3.42698 4.90181
13 8 0 12.0018 16.9506
13 9 0 51.1416 65.5716
13 10 0 14.5936 15.4579
13 11 0 95.1455 111.856
13 12 0 75.7727 94.2832
13 14 1 27.0984 28.599
13 15 0 42.6174 53.8919
13 16 0 26.2317 29.1512
13 17 0 32.7128 45.0857
13 18 0 57.9599 70.6687
13 19 0 0.914033 1.13574
13 20 0 93.6828 107.151
13 21 0 41.7185 57.4721
13 22 0 3.70365 3.93841
13 23 0 77.4527 89.6919
13 24 0 40.487 48.4563
13 25 0 73.9492 91.6662
13 26 0 62.1493 73.2986
13 27 0 54.7512 72.8234
13 28 1 55.822 59.443
13 29 0 82.2005 101.658
13 30 0 75.8771 83.7803
13 31 0 48.4619 52.8733
13 32 0 88.894 113.571
13 33 0 65.5818 93.4661
13 34 0 83.3419 87.5237
13 35 0 90.5858 98.3623
13 36 0 23.8204 27.3126
13 37 0 66.3107 72.7689
13 38 0 89.2398 89.9494
13 39 0 87.8972 124.347
13 40 0 27.0798 35.5746
14 1 0 47.2564 63.0716
14 2 1 54.9369 80.3151
14 3 1 44.4928 50.4147
14 4 1 77.5622 98.7344
14 5 0 75.4064 77.5258
14 6 0 31.8955 40.2576
14 7 0 38.9001 51.8245
14 8 0 99.2765 123.391
14 9 0 13.7736 20.483
14 10 1 53.125 71.42
14 11 0 27.456 32.3561
14 12 0 71.7331 78.0347
14 13 0 97.2974 132.1
14 15 1 18.8519 25.7049
14 16 1 96.5796 136.266
14 17 0 71.1037 103.036
14 18 1 22.7398 25.5309
14 19 0 88.4406 93.261
14 20 0 29.5634 37.6818
14 21 0 22.7852 32.6763
14 22 0 99.2522 137.167
14 23 0 87.2008 121.147
14 24 0 12.4681 13.6636
14 25 0 47.6246 50.4858
14 26 0 84.1367 119.92
14 27 0 74.0161 81.4899
14 28 0 40.8979 58.0274
14 29 0 82.0687 97.4546
14 30 1 97.4857 105.019
14 31 0 74.1525 74.9069
14 32 0 42.7323 52.723
14 33 0 1.27814 1.68201
14 34 0 16.837 24.7543
14 35 0 56.1792 82.1561
14 36 1 44.0151 64.5485
14 37 0 61.0776 72.7807
14 38 0 71.5763 81.2398
14 39 0 91.8724 101.069
14 40 0 79.561 94.5919
15 1 0 95.6815 143.306
15 2 0 90.1584 124.512
15 3 0 31.535 33.2657
15 4 0 6.66775 9.1086
15 5 0 32.2457 32.907
15 6 0 28.8295 42.2204
15 7 0 8.64476 11.949
15 8 0 36.7718 49.1779
15 9 0 43.9815 54.3304
15 10 0 85.7664 102.557
15 11 0 80.5726 102.024
15 12 0 47.8841 70.7296
15 13 0 58.059 65.3157
15 14 0 93.7536 121.008
15 16 1 9.61676 10.8797
15 17 0 83.79 124.689
15 18 0 81.6329 92.4828
15 19 0 75.4998 106.399
15 20 0 67.6805 82.6399
15 21 1 21.5224 28.5451
15 22 0 85.5055 90.82
15 23 0 64.3738 86.7039
15 24 0 48.8174 72.611
15 25 0 39.384 39.5194
15 26 0 64.8211 84.3667
15 27 0 11.6692 13.0745
15 28 1 69.8385 81.0609
15 29 0 8.55675 10.6584
15 30 0 91.2411 104.19
15 31 0 13.2949 16.045
15 32 0 95.7376 115.555
15 33 0 20.5065 23.5997
15 34 0 56.8735 74.9323
15 35 0 26.9126 38.1942
15 36 0 1.96482 2.55448
15 37 0 86.6654 98.7734
15 38 0 72.3158 93.153
15 39 0 80.5148 98.842
15 40 0 30.567 43.7807
16 1 0 99.0653 100.543
16 2 0 3.44978 3.95321
16 3 0 28.7647 29.206
16 4 0 26.342 34.203
16 5 0 4.50163 4.56122
16 6 0 79.9727 80.5959
16 7 0 0.388311 0.517203
16 8 0 58.9548 67.4055
16 9 0 88.8621 96.4863
16 10 0 52.5834 64.5395
16 11 0 62.6407 93.8005
16 12 0 74.9109 98.4363
16 13 0 83.2808 114.283
16 14 0 25.4145 26.6993
16 15 0 17.4798 24.0462
16 17 1 53.5481 66.139
16 18 0 47.6281 52.5457
16 19 0 24.7306 30.8713
16 20 0 92.4599 108.927
16 21 1 39.1587 53.1666
16 22 0 47.6037 54.6048
16 23 0 13.7899 17.6487
16 24 0 40.9973 51.2856
16 25 0 12.0954 14.3583
16 26 0 28.2278 30.4317
16 27 0 0.61983 0.760148
16 28 0 49.1599 53.6256
16 29 1 57.2792 61.1903
16 30 0 30.8781 38.9723
16 31 0 31.5047 31.7887
16 32 0 23.1748 25.0365
16 33 0 67.0235 81.2337
16 34 0 15.2351 17.2284
16 35 0 91.1997 134.564
16 36 0 63.721 78.9002
16 37 0 45.6867 57.43
16 38 0 8.27419 9.77399
16 39 0 78.3744 117.059
16 40 0 0.877561 1.09014
17 1 0 98.9579 112.961
17 2 0 30.3076 42.818
17 3 0 11.7862 13.7568
17 4 0 76.0416 88.871
17 5 0 40.9243 49.2394
17 6 0 92.9598 96.4217
17 7 0 98.3555 111.706
17 8 0 33.7415 47.3472
17 9 0 90.3906 98.5797
17 10 0 67.5662 95.4921
17 11 0 49.786 68.4071
17 12 0 86.0836 115.766
17 13 0 99.4973 122.093
17 14 1 66.0377 78.608
17 15 0 3.41586 4.24056
17 16 0 82.43 97.0657
17 18 1 55.3847 63.6696
17 19 0 51.2771 58.2557
17 20 0 84.3009 84.6446
17 21 0 61.6444 91.2247
17 22 0 75.4155 98.5685
17 23 0 36.4272 53.5221
17 24 0 89.3799 120.94
17 25 0 18.0344 18.6138
17 26 0 35.8005 36.7665
17 27 0 25.9518 29.4685
17 28 0 97.6936 107.546
17 29 0 49.9302 64.9335
17 30 0 10.3442 11.3479
17 31 0 51.9329 66.4902
17 32 0 71.8887 81.4271
17 33 0 55.8211 78.6128
17 34 0 16.7711 23.3595
17 35 0 9.40773 9.67238
17 36 0 40.265 44.3315
17 37 0 58.5921 73.9453
17 38 0 6.46824 8.45446
17 39 0 52.8753 61.9744
17 40 0 33.6128 40.6632
18 1 0 95.9789 114.23
18 2 0 41.3306 54.457
18 3 0 32.6923 41.8877
18 4 0 27.4534 29.7476
18 5 0 80.7376 105.352
18 6 0 75.6055 85.0482
18 7 0 28.3707 31.2938
18 8 0 93.3273 128.096
18 9 0 59.3661 87.2001
18 10 0 3.2959 4.35357
18 11 0 22.4645 24.0383
18 12 0 94.3208 130.674
18 13 0 8.57022 9.25151
18 14 0 94.2136 98.4063
18 15 0 96.6042 121.085
18 16 0 32.8939 48.0983
18 17 0 54.9483 80.5426
18 19 1 3.6497 5.29696
18 20 0 57.1963 80.347
18 21 0 27.2448 34.8594
18 22 0 16.2457 16.53
18 23 0 95.7743 132.198
18 24 0 47.5344 51.4341
18 25 0 19.5776 23.451
18 26 0 42.9933 62.9323
18 27 0 39.6296 56.4771
18 28 0 91.0694 129.513
18 29 0 29.9534 35.162
18 30 0 26.9608 29.6481
18 31 0 69.5024 72.4568
18 32 0 24.8812 31.8245
18 33 0 40.5841 53.8118
18 34 0 41.514 53.9476
18 35 0 35.0593 50.9125
18 36 0 15.7304 20.8621
18 37 0 26.5627 33.5591
18 38 0 21.6283 23.8724
18 39 0 30.5251 33.7043
18 40 0 84.3411 93.7821
19 1 0 33.6826 45.1801
19 2 0 10.6673 14.7241
19 3 1 79.1927 115.185
19 4 0 42.1069 42.4543
19 5 0 50.3476 51.3597
19 6 0 47.7793 69.6277
19 7 0 66.8966 92.6158
19 8 0 76.5647 84.9805
19 9 0 90.9518 127.191
19 10 0 26.2619 36.1245
19 11 0 58.5646 60.2008
19 12 1 64.4118 76.7231
19 13 0 61.0697 71.0021
19 14 0 3.03019 4.22007
19 15 0 2.16777 2.84388
19 16 0 63.4214 85.1374
19 17 0 13.2949 15.3248
19 18 0 53.2515 72.3352
19 20 1 57.5127 62.6541
19 21 0 30.5238 36.442
19 22 0 72.0033 103.801
19 23 0 30.3568 41.1025
19 24 0 3.86042 3.98038
19 25 0 97.5346 98.9938
19 26 0 57.269 65.3487
19 27 0 94.9726 95.6452
19 28 1 38.6902 46.5982
19 29 0 25.3674 31.4839
19 30 0 85.0438 111.982
19 31 0 70.4763 93.1223
19 32 0 6.27724 7.861
19 33 0 26.1458 27.9599
19 34 0 81.4582 102.289
19 35 0 59.2191 77.2516
19 36 0 87.7582 126.738
19 37 0 72.0896 102.839
19 38 0 82.1273 103.503
19 39 0 57.514 79.4596
19 40 0 37.8342 56.3304
20 1 0 42.1183 43.492
20 2 0 7.76784 11.3269
20 3 0 5.29605 7.44227
20 4 0 64.0347 92.4647
20 5 0 49.2177 49.4874
20 6 0 92.0424 112.639
20 7 0 88.6824 89.275
20 8 0 79.5379 102.161
20 9 0 89.3442 127.693
20 10 0 17.301 18.797
20 11 0 63.0546 84.7545
20 12 0 19.7285 26.4023
20 13 0 95.5657 110.648
20 14 0 51.7012 63.9165
20 15 0 54.0425 76.5195
20 16 0 75.2586 86.3984
20 17 0 42.6601 53.419
20 18 1 83.2652 107.586
20 19 0 68.1302 70.0854
20 21 1 64.8367 95.5771
20 22 0 60.1117 79.3584
20 23 0 48.079 69.7693
20 24 0 76.4101 111.125
20 25 0 59.1801 70.9563
20 26 0 78.3674 81.251
20 27 0 77.5339 94.0869
20 28 0 41.2076 60.4823
20 29 0 40.2923 48.9882
20 30 0 10.81 13.5048
20 31 0 41.4404 51.5781
20 32 0 81.8298 82.8033
20 33 0 92.3085 117.743
20 34 0 24.8597 26.8014
20 35 0 1.63178 2.15751
20 36 0 24.1893 32.5167
20 37 0 21.2122 25.9007
20 38 0 97.3212 132.197
20 39 0 30.4211 32.2682
20 40 0 13.5755 16.4123
21 1 0 2.67598 3.11749
21 2 0 12.9491 18.9049
21 3 0 58.207 77.4494
21 4 1 76.4045 100.916
21 5 0 43.3916 54.887
21 6 0 53.0716 59.5965
21 7 0 95.8097 100.859
21 8 0 77.6103 105.115
21 9 0 55.5301 57.0098
21 10 0 74.2166 88.737
21 11 0 94.2862 123.759
21 12 0 43.9616 58.1217
21 13 0 99.1047 140.155
21 14 0 76.0611 80.7464
21 15 0 63.0566 64.6678
21 16 0 21.3562 27.4654
21 17 0 60.3484 81.6346
21 18 0 34.2102 49.2204
21 19 0 94.9688 138.496
21 20 1 14.5805 17.2375
21 22 1 93.6576 135.219
21 23 0 89.583 106.933
21 24 0 11.6552 15.9238
21 25 0 2.91861 4.20284
21 26 0 85.4134 93.2127
21 27 0 67.1847 78.972
21 28 0 28.582 28.9148
21 29 0 58.5029 86.9825
21 30 0 79.3928 80.126
21 31 0 30.829 35.7373
21 32 0 87.4054 115.715
21 33 0 30.4454 36.2722
21 34 0 22.7712 26.8244
21 35 0 35.1199 45.8169
21 36 0 91.3347 95.0681
21 37 0 43.4825 54.2897
21 38 0 82.4801 119.495
21 39 0 75.0752 94.7894
21 40 0 55.3393 58.4793
22 1 0 91.4706 132.241
22 2 0 66.3116 71.2897
22 3 0 95.2929 136.421
22 4 0 91.3565 122.063
22 5 0 65.07 83.773
22 6 0 88.4331 113.15
22 7 0 9.96833 12.607
22 8 0 37.7578 46.4182
22 9 0 13.7801 20.6009
22 10 0 28.7965 38.4984
22 11 1 12.5516 14.4076
22 12 0 69.2807 89.9434
22 13 0 72.4642 100.105
22 14 0 46.1959 56.8166
22 15 0 53.6987 69.9489
22 16 0 3.77611 4.95779
22 17 0 6.14742 7.2332
22 18 0 70.8506 82.7168
22 19 0 95.4182 113.428
22 20 0 28.7479 29.1253
22 21 0 0.808621 0.816304
22 23 1 44.5946 47.8536
22 24 0 45.8151 53.729
22 25 0 89.7172 115.847
22 26 0 85.4022 111.589
22 27 0 15.2146 15.2502
22 28 0 90.4918 128.493
22 29 0 39.9471 44.0078
22 30 0 45.979 62.1686
22 31 0 76.8454 86.2193
22 32 0 95.633 110.259
22 33 0 33.9793 44.5971
22 34 0 8.3234 10.8794
22 35 0 38.0202 54.3114
22 36 0 54.219 62.6651
22 37 0 14.3197 16.4386
22 38 0 39.68 45.2404
22 39 0 74.6015 82.1901
22 40 1 93.1127 128.827
23 1 0 66.0998 67.4769
23 2 0 31.7325 37.4888
23 3 0 58.1162 82.7397
23 4 0 22.4556 25.3264
23 5 0 54.1727 58.1029
23 6 0 27.6641 33.6661
23 7 0 10.6359 14.4486
23 8 0 54.5217 56.6197
23 9 0 39.7989 53.0889
23 10 0 8.81575 11.1947
23 11 0 59.1822 65.6241
23 12 1 75.9884 102.187
23 13 0 78.1432 100.737
23 14 0 11.1277 11.4825
23 15 0 99.6644 136.506
23 16 0 14.8185 20.778
23 17 0 51.1935 72.8182
23 18 0 3.8403 5.55348
23 19 0 85.4654 88.6038
23 20 0 91.6665 125.847
23 21 0 7.49118 7.50496
23 22 0 74.7828 87.2437
23 24 1 4.20946 4.99066
23 25 0 5.71261 6.26781
23 26 0 83.1682 104.007
23 27 0 43.6125 61.6997
23 28 0 99.717 102.039
23 29 1 35.3633 45.1012
23 30 0 79.9587 95.4264
23 31 0 30.4789 44.5366
23 32 0 0.739826 0.870607
23 33 0 34.2616 36.276
23 34 0 48.3534 72.3259
23 35 0 70.0209 76.4004
23 36 0 16.6148 23.1574
23 37 0 88.1692 124.572
23 38 0 1.89529 2.32301
23 39 0 7.62766 8.81536
23 40 0 35.0809 41.3721
24 1 0 50.3461 58.5541
24 2 0 14.3099 21.3963
24 3 0 50.2775 62.7769
24 4 0 70.2455 95.6679
24 5 1 24.8475 35.9684
24 6 0 37.5462 46.0164
24 7 0 18.1873 24.6006
24 8 0 12.2681 13.5827
24 9 0 58.1207 68.6978
24 10 0 74.2529 75.9648
24 11 0 5.47698 7.79563
24 12 0 8.41833 9.4723
24 13 0 9.60813 11.6543
24 14 0 47.7342 64.1581
24 15 0 66.1346 90.947
24 16 0 51.6382 57.2554
24 17 0 1.61663 1.86148
24 18 0 90.1059 98.8796
24 19 0 90.0214 131.451
24 20 1 80.3836 90.6721
24 21 0 66.8993 85.2372
24 22 0 17.9432 20.6252
24 23 0 78.018 78.0979
24 25 1 53.0387 67.933
24 26 0 71.0785 71.6421
24 27 0 70.7655 79.5086
24 28 0 48.3275 59.6758
24 29 0 68.2107 90.8165
24 30 0 86.5981 118.746
24 31 1 11.828 12.1552
24 32 0 66.4347 90.261
24 33 0 97.1163 111.413
24 34 0 21.1311 26.046
24 35 0 94.4699 97.5551
24 36 0 52.3685 56.1993
24 37 0 54.2838 71.8956
24 38 0 60.1367 79.2536
24 39 0 55.7808 80.3368
24 40 0 5.4234 5.43535
25 1 0 7.45522 9.57414
25 2 0 99.8017 143.877
25 3 0 40.5422 46.0832
25 4 0 67.9168 81.1926
25 5 0 3.9829 4.63604
25 6 0 26.4146 39.4022
25 7 0 99.3217 118.219
25 8 0 37.9641 52.3951
25 9 0 63.3971 72.9799
25 10 0 39.4946 46.107
25 11 0 48.0753 58.4291
25 12 0 93.7108 139.628
25 13 0 93.1954 107.93
25 14 0 73.5234 78.0559
25 15 0 49.4798 52.9029
25 16 0 37.7982 52.8908
25 17 0 66.3318 94.368
25 18 0 14.5368 17.425
25 19 0 16.8681 21.8156
25 20 0 20.9644 24.0361
25 21 0 93.5426 100.358
25 22 0 7.65958 9.65897
25 23 0 50.743 56.8318
25 24 0 93.3483 129.277
25 26 1 51.0892 53.7053
25 27 0 61.0125 65.072
25 28 0 10.1639 14.644
25 29 0 61.0343 62.4234
25 30 0 2.86129 3.07246
25 31 0 16.3432 21.9472
25 32 1 81.845 106.155
25 33 0 86.8229 97.1476
25 34 0 33.0256 35.1256
25 35 0 98.1238 138.63
25 36 0 34.8633 43.2205
25 37 0 83.8561 117.326
25 38 0 18.2115 21.1264
25 39 0 19.3442 28.9554
25 40 0 68.7132 70.5284
26 1 0 47.9658 57.0952
26 2 0 84.3616 110.496
26 3 0 61.4787 77.241
26 4 0 88.5763 108.292
26 5 0 6.76068 9.71348
26 6 0 38.5947 42.8792
26 7 0 64.9758 71.3003
26 8 0 1.86627 2.24965
26 9 0 1.77422 1.96445
26 10 0 52.4311 72.1952
26 11 0 25.4598 30.8368
26 12 0 55.5385 81.7266
26 13 0 56.0377 81.7245
26 14 0 21.3145 23.8968
26 15 0 55.3646 74.4653
26 16 0 33.5662 37.9563
26 17 0 17.3081 17.4676
26 18 0 72.0031 74.8719
26 19 0 34.5799 39.1092
26 20 0 45.2348 61.6041
26 21 0 58.8194 62.888
26 22 0 68.5875 97.5777
26 23 0 12.6082 18.5371
26 24 0 60.4797 86.6262
26 25 0 19.9034 20.8682
26 27 1 68.2996 95.5586
26 28 0 73.6019 83.4032
26 29 0 50.6743 62.7751
26 30 0 17.9605 23.6538
26 31 0 43.0506 57.1006
26 32 0 32.9042 36.6275
26 33 0 11.3193 14.7451
26 34 0 89.7536 101.056
26 35 0 16.6432 20.8904
26 36 0 89.9296 125.223
26 37 0 82.4778 86.2651
26 38 0 4.15422 5.94195
26 39 0 19.3881 20.9869
26 40 0 95.0495 127.618
27 1 0 70.9462 106.311
27 2 0 40.4768 44.3473
27 3 0 15.9986 16.3997
27 4 0 5.04326 5.66124
27 5 0 35.5414 48.7245
27 6 1 83.1301 118.671
27 7 0 82.2179 103.714
27 8 0 99.0402 124.562
27 9 0 97.7477 117.87
27 10 0 79.0379 114.914
27 11 1 26.7242 39.7123
27 12 0 62.862 75.2899
27 13 0 89.1802 130.701
27 14 0 62.1219 74.2552
27 15 0 17.9982 21.2972
27 16 0 46.8304 47.8247
27 17 0 96.6123 131.673
27 18 0 77.2492 85.6845
27 19 0 48.4136 61.3815
27 20 0 5.81925 7.34765
27 21 0 78.6128 114.131
27 22 0 77.2174 114.878
27 23 0 0.650724 0.75037
27 24 0 10.2706 13.8014
27 25 0 37.1858 45.7059
27 26 0 44.7611 65.1508
27 28 1 57.4408 69.7561
27 29 0 11.1307 11.9924
27 30 0 92.8872 104.637
27 31 0 36.4676 38.996
27 32 0 54.6592 60.0574
27 33 0 8.14609 11.6341
27 34 0 22.5689 28.3279
27 35 0 55.1001 71.5609
27 36 0 34.4928 37.7315
27 37 0 12.2886 17.9184
27 38 0 4.67443 5.22967
27 39 0 43.8306 58.3385
27 40 0 7.93671 10.951
28 1 0 20.6208 29.1392
28 2 0 44.1588 53.234
28 3 0 58.1866 68.4121
28 4 0 92.3606 113.439
28 5 0 63.0637 94.2133
28 6 0 85.9914 96.5425
28 7 0 80.9197 84.7576
28 8 0 60.4181 86.6448
28 9 0 69.4204 88.8116
28 10 0 27.7729 38.5309
28 11 0 93.4126 114.145
28 12 0 43.5243 63.1532
28 13 0 47.1967 70.5918
28 14 0 36.7195 45.5486
28 15 0 93.9865 137.494
28 16 0 7.31842 9.25897
28 17 0 42.9659 51.0388
28 18 0 27.5202 31.4676
28 19 0 51.0786 70.3259
28 20 0 34.1756 38.1319
28 21 0 34.3629 40.38
28 22 0 33.1761 47.4131
28 23 0 91.3895 91.5682
28 24 0 78.6891 79.7867
28 25 0 30.0511 39.2701
28 26 0 75.7725 104.127
28 27 0 46.2974 57.8295
28 29 1 26.8411 34.3391
28 30 0 9.50834 13.014
28 31 0 30.2869 41.1134
28 32 0 45.6248 64.7779
28 33 0 70.8586 85.6697
28 34 0 97.7183 103.483
28 35 0 89.4911 132.189
28 36 0 57.8074 70.152
28 37 0 43.8177 61.2678
28 38 0 24.342 34.9737
28 39 0 73.3803 93.3214
28 40 0 45.0904 58.343
29 1 0 48.9534 58.1963
29 2 0 31.9 39.8609
29 3 0 83.5741 116.574
29 4 0 67.8752 94.4106
29 5 0 62.435 82.7715
29 6 0 69.6554 90.6091
29 7 0 15.8967 22.2687
29 8 0 49.369 70.3086
29 9 0 54.4291 58.9762
29 10 0 2.49265 3.23937
29 11 0 19.9674 22.0647
29 12 0 27.9773 38.4657
29 13 0 95.9534 121.927
29 14 0 44.6904 47.9831
29 15 0 30.4072 32.4009
29 16 0 82.6694 90.2747
29 17 0 29.5266 39.8106
29 18 0 48.3921 72.5466
29 19 0 81.059 106.841
29 20 0 55.67 61.3029
29 21 0 57.9075 65.0632
29 22 0 19.5959 22.6564
29 23 0 55.4013 74.1668
29 24 0 95.4145 106.94
29 25 0 32.0735 34.8567
29 26 0 89.3157 112.72
29 27 0 80.8068 102.578
29 28 0 72.2494 84.1402
29 30 1 30.6691 44.481
29 31 0 27.2029 38.8755
29 32 1 30.1025 40.1259
29 33 0 38.7864 55.3248
29 34 0 78.3987 114.659
29 35 0 29.6401 30.0956
29 36 0 77.6955 77.7621
29 37 0 16.3188 23.4066
29 38 0 54.7439 75.7436
29 39 0 99.085 135.193
29 40 0 75.4496 103.694
30 1 0 8.72577 9.70441
30 2 0 11.7909 12.5461
30 3 0 88.6406 106.023
30 4 0 27.0798 28.3865
30 5 0 82.1966 105.507
30 6 0 25.4612 33.3184
30 7 0 65.6006 84.7149
30 8 0 13.267 17.6232
30 9 0 20.997 30.3872
30 10 1 25.0728 36.817
30 11 0 54.3061 63.0526
30 12 0 52.9211 66.0075
30 13 0 6.58852 9.71415
30 14 0 11.1248 15.0676
30 15 0 75.1986 85.5526
30 16 0 61.5464 85.6899
30 17 0 70.9822 97.7007
30 18 0 98.4503 120.098
30 19 0 45.4252 51.2859
30 20 0 59.5911 79.4381
30 21 0 72.946 75.322
30 22 0 60.8035 72.9474
30 23 0 77.2476 95.0109
30 24 0 19.526 21.5343
30 25 0 64.431 81.7994
30 26 0 22.8975 32.175
30 27 0 60.2065 66.8363
30 28 0 1.99604 2.37269
30 29 0 51.5889 54.6034
30 31 1 98.5823 145.799
30 32 0 72.9906 80.6092
30 33 0 0.267864 0.283752
30 34 0 76.8769 106.585
30 35 0 47.4861 58.6141
30 36 0 92.5039 100.251
30 37 0 23.7841 25.0822
30 38 0 88.8757 131.126
30 39 0 62.7694 89.3474
30 40 0 87.5819 95.2745
31 1 0 46.1451 49.6176
31 2 0 52.5541 74.7497
31 3 0 70.2024 100.527
31 4 0 2.777 3.21514
31 5 0 13.195 15.4664
31 6 0 39.0173 55.006
31 7 0 28.7178 30.8159
31 8 0 21.9259 28.659
31 9 0 19.923 21.1085
31 10 0 98.5891 125.455
31 11 0 13.7115 18.6349
31 12 0 85.7392 110.194
31 13 0 78.5524 88.2086
31 14 0 59.542 72.2235
31 15 0 34.276 39.7933
31 16 0 45.4291 64.334
31 17 0 47.7094 67.2079
31 18 0 63.7988 81.8875
31 19 0 60.7564 75.7471
31 20 0 64.0933 76.9928
31 21 0 3.75179 4.26441
31 22 0 32.7636 37.9785
31 23 0 16.3175 24.3202
31 24 0 54.058 60.9523
31 25 0 73.0081 88.4916
31 26 0 49.0934 54.3702
31 27 0 85.304 124.23
31 28 0 65.7021 72.6944
31 29 0 53.3451 70.0272
31 30 1 49.7779 68.9638
31 32 1 40.4311 60.3356
31 33 0 18.9449 24.3695
31 34 0 16.5347 17.2057
31 35 0 26.1052 31.9719
31 36 0 92.4301 94.3443
31 37 0 66.2117 77.8205
31 38 1 54.9227 59.0889
31 39 0 85.8111 119.762
31 40 0 12.9979 17.7863
32 1 0 80.7619 82.031
32 2 0 55.8198 77.6206
32 3 0 86.2549 112.008
32 4 0 85.6361 102.55
32 5 0 74.1921 110.519
32 6 0 16.3879 17.9805
32 7 0 9.91515 13.7161
32 8 0 5.89156 7.0768
32 9 0 34.5178 50.3693
32 10 0 42.5147 58.9782
32 11 0 69.5668 98.7121
32 12 0 20.4538 25.3917
32 13 0 97.4302 97.6707
32 14 0 98.8386 128.07
32 15 0 39.6177 51.4441
32 16 0 87.0053 101.596
32 17 0 46.3016 64.9958
32 18 0 47.6221 56.2098
32 19 0 26.8346 29.4692
32 20 0 43.8471 62.9085
32 21 0 69.0037 81.9957
32 22 0 97.6555 134.227
32 23 0 55.4315 73.346
32 24 0 88.3129 129.253
32 25 0 33.471 40.2486
32 26 0 9.44172 9.48063
32 27 0 32.6024 42.3549
32 28 0 3.26239 4.78255
32 29 0 49.3112 65.923
32 30 0 45.0542 50.8196
32 31 0 23.5481 34.0071
32 33 1 56.3989 57.1403
32 34 0 32.006 42.0282
32 35 0 67.3108 86.4136
32 36 0 52.876 55.8159
32 37 0 52.2771 77.5525
32 38 0 7.8664 11.0107
32 39 0 59.3149 76.3603
32 40 0 24.0858 29.1688
33 1 0 15.3206 21.5186
33 2 0 85.9034 120.671
33 3 0 71.1887 92.3869
33 4 0 73.3091 98.197
33 5 0 90.5863 134.334
33 6 0 46.0346 55.8003
33 7 0 53.4013 59.2358
33 8 1 64.0772 85.1957
33 9 0 96.7415 129.897
33 10 0 22.3505 25.2424
33 11 0 32.5776 40.9144
33 12 0 10.492 13.8486
33 13 0 31.0625 34.2649
33 14 0 6.52464 8.49777
33 15 0 93.591 98.1035
33 16 0 38.8858 53.3375
33 17 0 36.5664 46.0812
33 18 0 73.2733 108.432
33 19 0 7.46784 8.08018
33 20 0 51.7375 68.9586
33 21 0 10.5428 11.9459
33 22 0 78.0032 97.0665
33 23 0 69.1952 100.393
33 24 0 19.9267 28.9126
33 25 0 95.177 103.046
33 26 0 53.2623 64.4918
33 27 0 54.9531 62.0738
33 28 0 64.3289 73.277
33 29 0 96.6891 115.93
33 30 0 95.3094 130.847
33 31 0 23.8491 31.0396
33 32 0 80.256 117.408
33 34 1 52.646 54.4949
33 35 0 87.9773 97.4427
33 36 0 11.9417 14.6072
33 37 0 34.6857 43.0613
33 38 0 67.0768 89.4707
33 39 0 38.8176 57.5616
33 40 0 44.7116 55.4345
34 1 0 3.41256 4.96448
34 2 1 93.1316 104.337
34 3 0 51.5764 69.779
34 4 0 82.7579 92.4123
34 5 0 49.3458 68.4587
34 6 0 63.1376 80.2683
34 7 0 96.485 96.867
34 8 0 31.4829 33.0126
34 9 0 62.3418 79.2146
34 10 0 92.6593 100.808
34 11 0 13.2164 16.9679
34 12 0 30.9143 41.3603
34 13 0 99.2415 127.688
34 14 0 5.23973 5.34978
34 15 0 22.5688 27.9692
34 16 0 33.0251 45.5573
34 17 0 96.9535 110.525
34 18 0 90.5303 97.2993
34 19 0 12.3312 13.9077
34 20 0 51.0212 72.1799
34 21 0 27.4966 30.8831
34 22 0 25.3123 32.8119
34 23 0 32.634 42.9648
34 24 0 62.6883 67.717
34 25 0 19.2076 23.3447
34 26 0 73.3561 86.0515
34 27 0 58.9974 78.8791
34 28 0 83.6278 83.8981
34 29 0 34.7391 38.0573
34 30 0 12.8924 19.0075
34 31 0 24.8216 36.8069
34 32 0 92.7448 134.303
34 33 0 56.9718 62.2167
34 35 1 31.7869 37.4861
34 36 0 14.7358 19.8078
34 37 0 94.7065 122.288
34 38 0 22.8712 26.7379
34 39 0 33.5021 49.6956
34 40 0 70.5242 78.1169
35 1 0 20.9718 23.4842
35 2 0 64.0018 68.8748
35 3 0 63.8939 91.7181
35 4 0 76.7163 94.6093
35 5 0 62.6121 89.1477
35 6 0 71.2485 83.5463
35 7 0 64.8222 90.898
35 8 0 71.4918 86.4778
35 9 0 62.3641 79.8015
35 10 0 97.1593 142.202
35 11 0 2.71197 3.60911
35 12 0 66.8701 94.4744
35 13 0 83.0037 88.6959
35 14 0 40.8442 45.4583
35 15 0 4.89068 5.02966
35 16 1 42.4938 63.3796
35 17 0 71.8396 89.2147
35 18 0 39.8491 45.2263
35 19 0 43.8857 44.8481
35 20 0 86.15 116.486
35 21 1 76.273 106.438
35 22 0 73.2654 82.5964
35 23 0 77.6 79.8114
35 24 0 24.0408 34.9733
35 25 0 75.3878 88.6858
35 26 0 50.0476 59.7719
35 27 0 13.7343 16.0171
35 28 0 0.139258 0.18643
35 29 0 5.11428 5.97125
35 30 0 7.33772 8.28978
35 31 0 68.7147 83.7834
35 32 0 55.6776 80.9511
35 33 0 76.6286 96.293
35 34 0 88.4638 114.527
35 36 1 21.7816 25.5753
35 37 1 66.8636 67.2468
35 38 0 84.6964 86.1307
35 39 0 69.407 85.2267
35 40 0 67.1083 74.6529
36 1 0 17.4866 17.5759
36 2 0 84.6571 92.4884
36 3 0 96.7834 140.451
36 4 0 40.5055 59.276
36 5 0 89.3677 90.7765
36 6 0 30.1836 37.4919
36 7 1 76.3307 105.851
36 8 0 67.7533 95.9556
36 9 0 25.2041 31.7547
36 10 0 80.3484 115.63
36 11 0 96.086 108.473
36 12 0 62.6601 75.8882
36 13 0 53.5812 54.228
36 14 0 92.6143 136.485
36 15 0 43.0666 51.1999
36 16 0 25.1304 33.0621
36 17 0 47.9345 68.3759
36 18 0 60.1487 68.2929
36 19 0 44.4232 62.2663
36 20 0 3.15758 3.39434
36 21 0 65.0766 74.8592
36 22 0 11.0116 15.7331
36 23 0 90.1359 118.05
36 24 0 51.8587 58.5902
36 25 0 11.7929 16.6761
36 26 0 4.75553 5.62153
36 27 0 13.3797 16.8415
36 28 0 3.57709 3.95292
36 29 0 41.1888 43.4619
36 30 0 37.7874 51.6381
36 31 0 28.6876 29.578
36 32 0 89.2233 131.321
36 33 0 26.2341 31.9283
36 34 0 92.2976 111.706
36 35 0 23.5877 30.2532
36 37 1 16.9989 20.0109
36 38 0 5.55063 7.72461
36 39 0 69.106 69.5274
36 40 0 38.9615 47.2726
37 1 0 78.531 108.915
37 2 0 35.2387 38.6514
37 3 0 68.9947 89.7266
37 4 0 96.3631 142.493
37 5 0 57.2685 57.4586
37 6 0 20.8147 27.5868
37 7 0 17.7674 20.2034
37 8 0 9.34682 10.4593
37 9 0 43.1894 60.1058
37 10 0 65.287 93.5131
37 11 0 72.839 104.372
37 12 0 53.2665 77.606
37 13 0 72.1559 82.5196
37 14 0 63.0868 67.6322
37 15 0 51.0956 76.0766
37 16 0 96.4842 124.395
37 17 0 14.7008 17.0094
37 18 0 59.3841 71.1613
37 19 0 88.8602 89.9659
37 20 0 88.8458 92.9602
37 21 0 51.1024 68.5621
37 22 0 53.6704 63.8179
37 23 0 0.280856 0.304307
37 24 0 20.1205 26.0543
37 25 0 97.0676 135.779
37 26 0 21.0273 31.123
37 27 0 50.8512 65.176
37 28 0 43.2822 59.1375
37 29 0 43.7824 53.3782
37 30 0 73.6368 108.685
37 31 0 20.34 23.4333
37 32 0 73.8243 80.3912
37 33 0 28.6045 32.8932
37 34 0 71.1245 93.0698
37 35 1 38.6574 49.0406
37 36 0 73.9516 101.501
37 38 1 7.23678 8.92106
37 39 0 7.61253 11.1432
37 40 0 29.0261 35.3437
38 1 0 84.7355 97.4129
38 2 0 89.5022 132.49
38 3 0 77.506 114.384
38 4 0 76.004 108.76
38 5 0 51.3916 64.7806
38 6 0 65.637 78.1021
38 7 0 99.7054 104.006
38 8 0 55.9037 75.3228
38 9 0 43.4689 63.9595
38 10 0 60.7668 87.6847
38 11 0 67.1358 89.8762
38 12 0 5.05314 6.04327
38 13 0 91.9615 120.942
38 14 0 5.64847 7.47178
38 15 0 35.423 44.1744
38 16 0 51.3857 69.5729
38 17 0 8.93705 13.2701
38 18 0 42.0643 55.9057
38 19 0 70.838 81.861
38 20 0 48.9696 51.934
38 21 0 44.9449 56.5287
38 22 0 5.93973 8.53598
38 23 0 5.26513 5.34609
38 24 0 33.0423 45.2105
38 25 0 42.9026 59.9596
38 26 0 40.1033 52.3456
38 27 1 31.7408 43.1555
38 28 0 97.0762 134.209
38 29 0 28.0792 28.6489
38 30 0 30.916 33.9511
38 31 0 74.7044 110.035
38 32 0 68.2874 79.314
38 33 0 53.2418 70.2803
38 34 0 27.8617 35.1458
38 35 0 91.4648 116.843
38 36 0 54.7811 63.1673
38 37 1 52.6094 59.5938
38 39 1 95.6487 96.2199
38 40 0 38.2874 41.3694
39 1 0 32.3313 41.0292
39 2 0 92.9109 122.504
39 3 0 17.6493 22.8447
39 4 0 14.5361 14.7369
39 5 0 41.1484 45.6611
39 6 0 59.9531 83.7994
39 7 0 74.3412 102.627
39 8 0 28.1271 35.0222
39 9 0 49.5465 60.8449
39 10 0 87.6376 122.931
39 11 0 46.561 60.2974
39 12 0 25.8424 27.8308
39 13 0 6.1711 6.33076
39 14 0 41.5658 45.226
39 15 0 22.0368 26.7446
39 16 0 33.8607 35.259
39 17 0 5.81818 8.30337
39 18 0 66.1909 87.649
39 19 0 32.4539 32.5458
39 20 0 73.4827 89.0446
39 21 0 28.8517 34.7387
39 22 0 10.8511 13.1599
39 23 0 0.454643 0.498121
39 24 0 81.8023 120.281
39 25 0 73.676 90.638
39 26 0 69.7762 97.9317
39 27 1 16.1056 21.0843
39 28 0 72.061 94.3662
39 29 0 9.38925 11.8203
39 30 0 47.2232 66.5129
39 31 0 74.296 100.218
39 32 0 27.0976 37.1565
39 33 0 24.8567 32.7894
39 34 0 31.0986 36.3292
39 35 0 29.0383 40.2346
39 36 1 12.6317 17.7344
39 37 0 29.3343 43.6005
39 38 0 1.81397 2.57519
39 40 1 4.09064 4.93827
40 1 1 23.6678 30.1027
40 2 0 51.2354 52.4152
40 3 0 19.6193 29.2068
40 4 0 55.0036 67.8228
40 5 0 31.0954 33.6948
40 6 0 60.1932 74.1902
40 7 0 72.4715 86.6224
40 8 0 80.4973 105.006
40 9 0 12.8639 13.8144
40 10 0 87.3898 121.64
40 11 0 56.8957 84.4506
40 12 0 76.6524 112.256
40 13 0 37.83 38.0901
40 14 0 84.9411 115.632
40 15 0 16.8516 18.3934
40 16 0 90.1486 114.305
40 17 0 93.3319 117.205
40 18 0 86.2303 113.213
40 19 0 18.4124 22.4048
40 20 0 57.7233 84.2469
40 21 0 24.0114 31.4646
40 22 0 29.1492 32.8086
40 23 0 9.22777 10.3897
40 24 0 22.2431 33.3497
40 25 0 55.9951 82.1326
40 26 0 41.7629 51.4672
40 27 0 70.0084 74.3594
40 28 0 5.19963 6.73916
40 29 0 3.42888 3.67225
40 30 0 68.2102 99.2129
40 31 1 84.3549 107.605
40 32 0 43.6907 59.0652
40 33 0 49.6759 64.691
40 34 0 68.2026 93.7618
40 35 0 93.3785 105.534
40 36 0 72.528 88.0155
40 37 0 2.6661 3.74006
40 38 0 66.6932 70.8893
40 39 0 0.641268 0.724405
12.7823 24.8724 35.9614 15.63 35.3472 19.619 29.6023 21.9324 34.8805 36.2394 15.1453 16.4179 32.1961 3.55516 17.1343 38.552 11.2206 13.6108 6.57704 39.3767 36.4393 24.1267 20.2618 0.436989 39.471 20.4747 1.54573 17.0502 38.2641 24.6381 21.7268 20.4013 8.73422 26.6682 3.32218 26.8554 32.7748 12.4627 31.5688 23.0777 