40
300
4
50
1 2 1 53.9824 77.155
1 3 0 68.4124 97.0446
1 4 0 6.98882 7.86349
1 5 0 5.83206 6.59885
1 6 0 10.6581 12.1
1 7 0 22.2519 27.8129
1 8 1 63.7281 94.8141
1 9 1 12.1342 16.0765
1 10 0 75.5379 109.141
1 11 1 65.1898 65.5114
1 12 0 43.7061 48.0681
1 13 0 77.8746 107.933
1 14 0 28.541 34.7721
1 15 0 1.1538 1.53012
1 16 0 58.7131 85.2024
1 17 0 40.8241 50.1465
1 18 0 67.0863 87.2231
1 19 0 71.7854 78.0266
1 20 0 52.4494 60.2704
1 21 0 10.1038 12.7159
1 22 0 69.1574 76.1196
1 23 1 72.6688 96.0101
1 24 0 51.8803 59.6439
1 25 0 43.9616 58.4359
1 26 0 12.3083 12.7477
1 27 0 63.3821 79.414
1 28 0 88.6397 105.939
1 29 0 79.2268 98.6049
1 30 0 59.6662 69.8225
1 31 0 3.84436 5.59196
1 32 0 47.3895 50.6166
1 33 0 12.4814 14.7652
1 34 0 23.5207 31.196
1 35 0 65.3861 71.2009
1 36 0 12.3954 17.469
1 37 0 96.9549 117.164
1 38 0 27.4973 36.1417
1 39 0 70.2453 86.7847
1 40 0 63.4426 73.7625
2 1 0 67.4865 94.4806
2 3 1 53.2004 79.6857
2 4 0 44.6285 61.369
2 5 0 16.8158 23.9919
2 6 0 51.394 64.3131
2 7 0 94.4259 117.366
2 8 0 46.8872 69.027
2 9 0 99.0776 146.837
2 10 0 57.5722 64.9453
2 11 1 87.9604 109.751
2 12 1 29.2053 35.323
2 13 0 30.1397 34.8997
2 14 0 3.07145 3.48399
2 15 0 57.1719 71.3628
2 16 0 69.2457 86.5074
2 17 0 80.5364 113.395
2 18 1 92.2004 124.409
2 19 0 40.8579 43.977
2 20 0 49.96 57.8633
2 21 0 82.9876 114.54
2 22 1 91.9273 125.676
2 23 0 6.1708 8.31924
2 24 0 62.0098 85.3122
2 25 0 39.0053 41.6483
2 26 0 33.5582 44.907
2 27 0 71.1891 84.1911
2 28 0 83.2917 103.75
2 29 0 22.7967 26.2677
2 30 0 20.6799 23.8522
2 31 0 87.9645 120.179
2 32 0 12.9591 17.5365
2 33 0 42.6295 44.72
2 34 0 12.5574 15.575
2 35 1 18.236 25.4355
2 36 0 15.7573 22.6349
2 37 0 79.4024 100.536
2 38 0 83.8642 110.313
2 39 0 18.1362 24.3879
2 40 0 16.4167 16.6046
3 1 0 14.7236 21.3257
3 2 1 70.3861 74.8804
3 4 1 40.1799 56.7538
3 5 0 98.5909 147.493
3 6 0 71.8849 95.2137
3 7 0 79.3773 87.8108
3 8 0 15.9685 18.0298
3 9 0 59.156 60.7184
3 10 0 52.7389 62.0165
3 11 0 32.7887 39.6332
3 12 0 16.8455 20.0392
3 13 0 49.0899 55.2328
3 14 0 52.6104 76.6345
3 15 1 19.155 22.3412
3 16 0 36.5651 49.6068
3 17 0 20.0757 23.6366
3 18 0 85.845 117.114
3 19 0 40.2752 52.1886
3 20 0 49.9135 62.039
3 21 1 34.0941 46.4717
3 22 0 38.2309 43.4456
3 23 0 78.315 94.8361
3 24 0 30.7937 41.9747
3 25 0 21.8206 32.1641
3 26 0 82.3123 116.627
3 27 0 82.4487 95.5176
3 28 0 19.485 23.9669
3 29 0 87.6016 102.226
3 30 0 2.79754 3.8104
3 31 0 39.5938 49.5548
3 32 0 33.387 44.1105
3 33 0 97.3364 130.438
3 34 0 96.6804 98.3642
3 35 0 79.9121 101.59
3 36 1 34.8792 50.6723
3 37 1 96.9347 142.711
3 38 0 95.4297 125.498
3 39 0 87.267 93.5944
3 40 0 23.2926 31.5288
4 1 0 15.5852 22.0995
4 2 0 35.4639 40.9561
4 3 0 44.4711 46.0978
4 5 1 13.9934 19.6629
4 6 0 72.9765 85.4062
4 7 0 7.54631 8.5347
4 8 0 96.897 141.25
4 9 0 25.7283 27.2648
4 10 1 15.9089 22.0955
4 11 0 46.685 55.4056
4 12 1 14.9339 14.9976
4 13 0 2.37871 2.70005
4 14 0 78.9139 99.5086
4 15 0 95.802 123.374
4 16 0 15.2609 22.8579
4 17 0 38.5824 41.0865
4 18 0 6.61955 8.99269
4 19 1 46.2129 64.567
4 20 1 33.1135 35.925
4 21 0 54.8162 68.0428
4 22 0 12.556 14.9563
4 23 0 30.4645 30.667
4 24 0 94.2049 100.498
4 25 1 10.5986 11.3858
4 26 0 45.4964 55.4179
4 27 0 99.8515 141.179
4 28 0 99.8837 112.66
4 29 1 84.7384 110.241
4 30 0 90.4215 119.812
4 31 0 27.7253 35.9394
4 32 0 45.3815 46.4759
4 33 0 94.9298 119.026
4 34 0 42.055 49.035
4 35 0 92.1563 135.757
4 36 0 43.3726 44.9721
4 37 1 97.0412 121.912
4 38 1 98.2327 134.767
4 39 1 75.8251 99.7623
4 40 0 19.452 25.7563
5 1 0 12.5024 12.5699
5 2 0 91.4544 105.233
5 3 0 70.8561 88.1359
5 4 0 42.3714 49.2497
5 6 1 75.291 83.9502
5 7 0 9.47494 11.8101
5 8 0 17.8554 23.7968
5 9 0 26.7944 29.6517
5 10 0 79.1951 95.8401
5 11 1 24.9248 27.2898
5 12 0 13.3202 16.6595
5 13 0 42.229 42.5901
5 14 1 24.1393 24.3173
5 15 0 54.7592 64.0355
5 16 0 32.9322 35.0714
5 17 1 3.79205 4.30909
5 18 0 63.4813 74.0068
5 19 0 75.93 92.6772
5 20 0 45.2367 47.5302
5 21 0 32.402 39.4925
5 22 0 40.994 45.4866
5 23 0 69.2962 83.8744
5 24 0 68.705 96.5453
5 25 0 54.8219 60.5934
5 26 0 18.7506 27.1532
5 27 0 16.4242 24.1213
5 28 0 70.7314 86.918
5 29 0 61.8012 89.4524
5 30 1 30.0945 40.7048
5 31 0 74.2632 96.3986
5 32 0 78.9639 92.2897
5 33 0 27.6287 30.1391
5 34 0 81.8068 115.101
5 35 1 85.0605 105.672
5 36 1 96.3483 122.625
5 37 1 80.6626 100.082
5 38 0 24.8172 27.3024
5 39 0 60.6425 82.3704
5 40 0 80.4258 102.821
6 1 0 63.6539 66.8036
6 2 0 11.5437 16.1839
6 3 0 93.2451 101.322
6 4 0 42.1234 57.954
6 5 1 21.4293 29.2754
6 7 1 76.8723 91.726
6 8 0 15.5139 20.6896
6 9 0 37.5956 44.6301
6 10 0 17.0944 19.8554
6 11 0 35.2525 44.2326
6 12 0 15.7086 17.9304
6 13 0 73.2478 105.927
6 14 0 17.9226 18.776
6 15 0 3.12899 4.45225
6 16 0 85.7626 98.5142
6 17 0 94.839 121.585
6 18 1 59.1161 61.465
6 19 0 54.6569 64.935
6 20 0 53.9309 65.2795
6 21 0 92.14 102.099
6 22 0 53.869 60.4522
6 23 0 96.5915 128.356
6 24 0 93.5292 108.651
6 25 0 14.0371 20.0114
6 26 0 8.89811 11.5068
6 27 1 5.56315 6.21776
6 28 0 47.2452 63.0146
6 29 1 40.1736 52.0496
6 30 0 50.4595 62.649
6 31 0 19.015 21.8526
6 32 0 26.6874 37.9901
6 33 0 3.13617 4.63339
6 34 0 3.7549 5.62725
6 35 0 73.9078 96.6451
6 36 0 88.9877 132.067
6 37 0 25.9879 37.2409
6 38 0 48.2641 48.4664
6 39 0 8.6282 9.69099
6 40 0 69.1202 73.3553
7 1 0 92.4365 109.545
7 2 0 66.5219 84.8313
7 3 1 93.0121 107.046
7 4 1 3.98487 5.88674
7 5 0 68.6342 100.967
7 6 0 73.6517 84.7135
7 8 1 76.5159 86.0398
7 9 0 88.3506 99.3367
7 10 0 97.5622 134.169
7 11 0 91.6568 115.308
7 12 0 64.1554 78.385
7 13 1 29.958 33.8664
7 14 1 16.988 24.7922
7 15 1 16.3769 17.5517
7 16 0 18.2848 26.6917
7 17 0 12.852 19.2713
7 18 1 34.1327 38.091
7 19 0 58.2925 67.2337
7 20 0 44.4988 64.3236
7 21 1 42.7 59.8508
7 22 0 76.9993 94.8187
7 23 0 78.2866 102.367
7 24 0 43.6443 46.3163
7 25 0 49.6092 69.3217
7 26 0 86.9252 130.041
7 27 0 49.2946 62.9305
7 28 0 76.5667 80.2175
7 29 0 82.0745 113.759
7 30 0 9.67423 13.8748
7 31 0 4.26333 4.61276
7 32 1 59.2618 61.1046
7 33 0 33.5085 43.6025
7 34 0 99.3356 137.841
7 35 1 14.1879 14.5729
7 36 1 44.7432 55.2544
7 37 1 77.7087 106.509
7 38 0 39.3153 57.2083
7 39 0 14.1707 18.1674
7 40 0 24.085 26.1319
8 1 0 30.7137 43.2512
8 2 1 5.4988 7.31235
8 3 1 25.4045 32.9918
8 4 1 27.9638 37.8064
8 5 1 96.294 138.329
8 6 0 83.2133 90.8177
8 7 0 72.8832 86.261
8 9 1 84.6472 100.396
8 10 0 56.9961 77.4436
8 11 0 73.2858 84.6333
8 12 0 69.6309 93.5953
8 13 0 56.679 83.3389
8 14 0 5.33365 6.68363
8 15 1 78.9252 86.405
8 16 0 26.5395 32.9242
8 17 1 12.5732 17.801
8 18 0 96.335 138.499
8 19 0 17.0947 23.1008
8 20 0 4.31039 4.64222
8 21 0 27.3106 34.3999
8 22 0 59.6752 63.2904
8 23 0 4.63162 5.45657
8 24 1 67.736 93.2069
8 25 0 12.7314 15.1595
8 26 0 61.1425 90.495
8 27 0 68.4733 93.6148
8 28 0 81.2983 86.0357
8 29 0 10.8092 11.2542
8 30 0 47.4936 55.0625
8 31 0 32.6733 47.0406
8 32 0 15.2744 22.6625
8 33 1 80.1769 117.413
8 34 0 9.38655 13.1094
8 35 0 13.8114 18.3882
8 36 0 68.2056 81.0402
8 37 0 19.0401 19.6212
8 38 0 42.0865 59.8091
8 39 0 50.0492 68.4852
8 40 0 66.6355 76.7932
9 1 0 58.784 84.7154
9 2 0 60.8751 77.0258
9 3 0 32.5054 33.5305
9 4 0 69.0646 76.2815
9 5 0 76.0612 90.9625
9 6 0 86.0395 118.034
9 7 0 66.1156 97.1289
9 8 1 33.2828 34.5503
9 10 1 49.8703 68.951
9 11 0 27.7902 32.511
9 12 0 38.7022 48.6541
9 13 0 66.0377 87.1429
9 14 0 18.9708 23.9892
9 15 0 83.1528 96.2698
9 16 0 7.46795 7.88903
9 17 1 51.9936 52.7689
9 18 0 70.2227 72.3604
9 19 0 33.3535 42.7469
9 20 0 41.9666 60.1038
9 21 0 32.7087 45.4454
9 22 0 87.9776 95.254
9 23 0 63.5993 69.2636
9 24 0 68.9359 97.1199
9 25 0 97.1909 133.973
9 26 0 17.5536 19.106
9 27 0 52.8808 75.9296
9 28 1 4.02792 4.33722
9 29 0 30.9503 32.8103
9 30 0 83.458 89.8691
9 31 0 3.43749 3.60524
9 32 0 14.1475 16.5675
9 33 0 1.30058 1.41689
9 34 0 54.5442 56.5038
9 35 0 22.0672 31.0078
9 36 1 3.00372 3.91707
9 37 0 44.9468 52.24
9 38 1 97.274 145.08
9 39 0 59.9226 88.1115
9 40 0 18.2746 18.9905
10 1 0 19.6815 20.3089
10 2 0 14.7679 15.5381
10 3 0 73.6625 103.435
10 4 0 42.6058 53.5053
10 5 0 40.1329 59.9596
10 6 0 77.7636 95.2759
10 7 0 72.2736 107.976
10 8 0 18.5394 22.2755
10 9 0 92.807 122.775
10 11 1 84.6979 84.8755
10 12 0 1.70875 1.86942
10 13 1 32.8637 39.3229
10 14 1 12.9126 18.0447
10 15 1 55.24 67.8048
10 16 0 21.6292 26.8008
10 17 0 7.02417 8.31176
10 18 0 73.8861 108.133
10 19 0 24.5512 26.3915
10 20 0 22.3557 31.4657
10 21 0 89.4491 93.8269
10 22 0 22.2761 30.3978
10 23 0 71.6984 72.155
10 24 0 1.30659 1.39638
10 25 0 57.8139 75.1762
10 26 0 8.1196 8.88378
10 27 0 41.6941 42.6525
10 28 0 92.3045 121.447
10 29 0 85.6255 122.879
10 30 0 66.1663 88.01
10 31 0 73.1192 78.1174
10 32 0 52.1562 62.7672
10 33 0 86.328 127.547
10 34 0 37.0448 52.3471
10 35 1 57.927 79.1899
10 36 1 66.9746 85.2199
10 37 0 12.1523 16.772
10 38 0 89.6056 94.8493
10 39 0 35.3476 43.7292
10 40 0 18.9498 27.0577
11 1 0 19.1552 21.2857
11 2 1 5.41588 6.28523
11 3 0 66.441 86.9332
11 4 0 56.604 74.2323
11 5 0 89.1507 133.577
11 6 0 51.7414 64.6526
11 7 0 11.8206 14.3895
11 8 0 44.1632 64.9067
11 9 1 40.9413 51.7466
11 10 0 97.0057 134.777
11 12 1 20.9298 28.9223
11 13 1 24.6511 33.7601
11 14 0 86.3747 87.6956
11 15 0 68.663 73.9564
11 16 0 20.1924 24.4851
11 17 0 22.609 32.3328
11 18 1 88.7792 91.9272
11 19 0 70.1369 70.539
11 20 1 99.555 130.005
11 21 0 97.2523 131.091
11 22 0 84.8817 120.48
11 23 1 11.5237 13.9862
11 24 0 89.944 112.45
11 25 0 17.0841 22.849
11 26 0 32.7117 43.6056
11 27 0 77.7953 103.371
11 28 1 30.4352 41.6948
11 29 0 77.7385 94.4213
11 30 0 6.87141 8.87355
11 31 0 41.78 59.2223
11 32 0 50.3836 59.9324
11 33 0 90.1583 120.853
11 34 0 88.4675 116.745
11 35 0 68.6804 81.0831
11 36 0 79.4246 85.1947
11 37 0 31.3554 33.0769
11 38 0 15.839 18.5119
11 39 0 74.0118 91.5889
11 40 0 44.3751 48.664
12 1 0 88.3412 108.486
12 2 0 11.1395 14.6032
12 3 0 15.4572 17.7974
12 4 1 5.73652 7.3657
12 5 0 10.4552 12.135
12 6 0 62.4707 88.3836
12 7 0 8.34728 10.9674
12 8 1 88.3318 125.684
12 9 0 59.9906 86.3321
12 10 1 50.39 60.9535
12 11 0 74.366 100.397
12 13 1 61.6368 71.4054
12 14 0 77.4016 114
12 15 0 89.4501 130.38
12 16 0 25.0239 25.3288
12 17 0 83.1486 112.484
12 18 0 50.471 70.342
12 19 1 88.3574 89.0451
12 20 0 51.8679 74.4065
12 21 1 11.7743 14.0576
12 22 0 60.9716 65.4504
12 23 0 76.8747 95.454
12 24 0 32.8941 34.5539
12 25 0 88.1885 129.257
12 26 0 90.754 119.529
12 27 0 75.1316 88.3912
12 28 0 65.1102 70.3778
12 29 1 93.8479 130.844
12 30 0 22.0594 22.6418
12 31 0 47.8204 53.2971
12 32 1 34.3299 49.9716
12 33 1 6.35304 6.65215
12 34 0 5.1184 6.22526
12 35 0 40.9628 60.1047
12 36 0 92.6087 96.4209
12 37 0 35.9045 48.6674
12 38 0 17.5942 22.6991
12 39 0 83.7829 124.249
12 40 1 63.9145 88.2425
13 1 0 68.8395 81.4188
13 2 1 31.7716 40.8452
13 3 0 64.1175 68.5709
13 4 1 19.6832 29.4216
13 5 0 89.1562 89.2818
13 6 1 75.6254 90.4327
13 7 1 47.0262 59.6718
13 8 1 21.6912 22.1532
13 9 0 57 61.6352
13 10 0 74.4017 101.06
13 11 0 22.6966 30.4211
13 12 0 16.6253 18.1135
13 14 1 25.7029 33.1702
13 15 0 43.1406 50.9734
13 16 0 53.3188 54.8691
13 17 0 13.7097 17.5199
13 18 0 44.7695 63.8559
13 19 1 69.1176 87.6555
13 20 0 15.9289 19.3428
13 21 0 37.781 48.1798
13 22 0 62.5142 79.0625
13 23 0 28.1881 30.8579
13 24 0 87.7604 91.4305
13 25 0 98.6863 136.497
13 26 0 7.56792 8.93117
13 27 1 22.6133 25.6345
13 28 0 22.4988 27.7939
13 29 1 7.40513 10.5158
13 30 0 7.83646 8.08902
13 31 1 6.4772 9.4491
13 32 0 62.2215 88.5132
13 33 0 13.9564 15.8034
13 34 0 39.7399 56.7709
13 35 0 40.0038 40.0654
13 36 0 91.9822 94.5717
13 37 0 29.1054 42.1778
13 38 0 13.0841 16.3012
13 39 1 39.1618 52.0515
13 40 0 44.2514 58.5075
14 1 1 8.38438 10.8506
14 2 0 57.1391 82.8329
14 3 1 57.2219 71.3773
14 4 0 76.8241 90.1313
14 5 1 21.097 28.2864
14 6 0 23.7614 29.8376
14 7 0 58.0357 81.2295
14 8 0 83.2126 89.9465
14 9 1 94.6106 99.4623
14 10 0 86.0485 117.104
14 11 0 93.9677 104.953
14 12 0 32.787 40.8302
14 13 0 16.3699 16.8761
14 15 1 9.62024 12.912
14 16 0 18.1064 20.8565
14 17 0 28.0572 41.7394
14 18 0 51.4434 52.2225
14 19 0 2.11329 2.83603
14 20 0 18.6126 25.537
14 21 0 73.9886 90.7886
14 22 0 28.3348 38.5416
14 23 0 65.1465 83.141
14 24 1 44.4644 45.0343
14 25 0 25.7005 28.5301
14 26 0 26.2385 32.5915
14 27 0 96.4087 134.639
14 28 0 80.7121 82.6637
14 29 0 85.4794 100.673
14 30 0 51.8225 62.5655
14 31 0 90.0087 92.8953
14 32 0 5.02996 7.10996
14 33 1 60.8945 81.9935
14 34 0 37.5819 51.2854
14 35 0 68.5741 82.9394
14 36 0 20.9333 27.0265
14 37 0 17.9285 23.5377
14 38 0 56.5579 75.7537
14 39 0 37.4938 53.0032
14 40 0 74.9318 95.6066
15 1 0 68.8698 90.9629
15 2 0 16.3111 22.3905
15 3 0 89.8385 110.147
15 4 1 22.1943 30.0353
15 5 1 24.3671 31.8282
15 6 0 63.972 77.9714
15 7 0 69.8485 83.5152
15 8 0 77.4644 88.989
15 9 1 54.5914 62.2208
15 10 0 87.3112 120.454
15 11 1 13.3708 19.5469
15 12 0 16.6698 18.0673
15 13 1 44.684 62.5154
15 14 0 43.6423 58.8818
15 16 1 16.1107 21.9873
15 17 0 54.2125 66.8042
15 18 0 70.5232 88.8381
15 19 0 17.0384 20.4954
15 20 0 33.9273 43.909
15 21 0 28.823 41.0229
15 22 0 94.8337 123.849
15 23 0 0.534389 0.737937
15 24 0 77.0189 96.4069
15 25 0 64.4 86.8643
15 26 0 33.4811 39.6818
15 27 0 55.9051 57.2249
15 28 0 16.6599 22.6515
15 29 0 72.7587 95.2861
15 30 0 83.4758 113.328
15 31 0 58.2515 72.1121
15 32 0 69.7825 86.3981
15 33 0 2.50329 2.59658
15 34 0 72.033 83.9833
15 35 0 48.057 64.9725
15 36 0 77.0943 83.6792
15 37 1 59.3992 66.6327
15 38 1 10.5566 14.8539
15 39 0 36.6558 39.4399
15 40 0 73.2542 77.2445
16 1 0 49.4153 69.8457
16 2 0 23.0961 28.5688
16 3 0 76.9104 104.085
16 4 0 76.1788 76.5967
16 5 0 31.1392 34.1377
16 6 0 96.2148 132.266
16 7 0 82.0951 93.3559
16 8 0 94.6468 98.8549
16 9 0 43.7816 63.6389
16 10 0 49.7277 66.6773
16 11 0 90.6775 107.104
16 12 0 33.8648 38.1727
16 13 0 75.3398 84.9709
16 14 0 56.6058 64.7983
16 15 0 29.3809 37.4163
16 17 1 37.8944 39.012
16 18 1 25.2108 37.2441
16 19 1 41.2269 56.6086
16 20 0 72.9142 82.6478
16 21 1 71.1399 103.781
16 22 0 4.23858 5.06677
16 23 0 19.5163 23.411
16 24 0 20.9668 30.0463
16 25 0 13.1473 14.8724
16 26 1 77.8577 111.184
16 27 0 91.8729 128.979
16 28 0 51.0141 61.8218
16 29 0 22.9084 29.6389
16 30 0 16.132 16.96
16 31 1 48.804 51.2428
16 32 1 27.1405 31.4092
16 33 0 56.3251 77.8069
16 34 0 7.33291 10.3593
16 35 0 47.4788 64.5225
16 36 0 96.0054 104.207
16 37 0 51.5403 61.4576
16 38 0 11.2335 12.8486
16 39 0 75.1325 78.9621
16 40 0 75.1696 109.57
17 1 0 82.7923 94.5973
17 2 1 37.779 51.7411
17 3 0 48.7211 51.6241
17 4 1 6.12044 8.64872
17 5 0 71.0248 101.816
17 6 0 85.8792 104.561
17 7 0 83.5294 93.7528
17 8 0 94.5034 140.328
17 9 0 66.2679 77.6187
17 10 0 18.1603 20.1456
17 11 0 47.0397 59.4318
17 12 0 70.5299 74.998
17 13 0 77.7502 115.49
17 14 0 90.5215 104.775
17 15 0 4.26989 6.05296
17 16 0 95.6374 130.824
17 18 1 37.8251 50.6601
17 19 0 18.4013 26.8275
17 20 0 19.8278 24.9156
17 21 0 67.1731 86.1569
17 22 0 28.7511 30.5553
17 23 0 44.3013 58.9528
17 24 0 96.7731 143.15
17 25 0 62.0989 91.0961
17 26 1 37.8339 53.7273
17 27 0 65.2442 76.2762
17 28 1 22.394 24.3216
17 29 1 2.11501 2.71544
17 30 0 37.7848 49.1461
17 31 0 41.2615 56.9603
17 32 0 55.9325 74.8682
17 33 0 35.8154 49.0544
17 34 0 51.6653 70.4313
17 35 0 63.8113 75.2598
17 36 1 82.3099 93.6015
17 37 0 37.6774 42.0561
17 38 0 18.06 22.2595
17 39 0 59.8434 74.0889
17 40 0 36.4218 46.9442
18 1 1 86.2163 113.213
18 2 0 47.0898 62.1361
18 3 0 46.4102 51.8288
18 4 0 23.0041 27.8084
18 5 0 82.4217 119.397
18 6 0 97.7945 132.622
18 7 0 38.5796 51.4256
18 8 0 31.8194 32.7503
18 9 0 94.6149 98.2401
18 10 0 30.7394 36.0379
18 11 0 47.9516 70.8716
18 12 0 67.4656 75.6375
18 13 0 7.71393 10.8983
18 14 0 62.8254 70.7967
18 15 0 20.2771 29.1708
18 16 0 87.5771 101.168
18 17 0 93.0638 108.64
18 19 1 87.6773 112.955
18 20 1 47.1225 67.492
18 21 0 47.5137 50.9512
18 22 0 44.7709 49.6627
18 23 0 95.0801 139.185
18 24 0 25.963 33.022
18 25 0 62.4258 73.3526
18 26 0 31.5471 31.9446
18 27 1 20.0051 25.1968
18 28 0 6.77379 9.16612
18 29 0 87.4716 112.873
18 30 0 64.144 94.5955
18 31 0 35.1524 38.6222
18 32 0 11.6835 15.0073
18 33 0 76.9312 107.483
18 34 0 22.4427 24.3851
18 35 0 10.9534 14.5876
18 36 0 31.1533 35.3405
18 37 0 59.4959 82.3966
18 38 0 83.7589 93.1381
18 39 0 94.334 100.396
18 40 0 49.7685 58.6854
19 1 0 63.93 94.7248
19 2 0 26.6471 30.1673
19 3 0 59.7955 87.3622
19 4 1 57.0958 79.3
19 5 0 90.0258 117.898
19 6 0 94.7787 108.435
19 7 0 85.5251 89.2725
19 8 0 25.7468 31.2203
19 9 0 78.8271 115.692
19 10 0 81.4788 81.9258
19 11 0 9.20364 12.5438
19 12 0 19.0948 26.3654
19 13 0 45.4881 54.7133
19 14 0 71.7647 93.3764
19 15 0 15.9391 16.5057
19 16 0 87.9533 97.9906
19 17 0 30.1964 43.8413
19 18 0 48.9413 59.8307
19 20 1 99.6861 138.899
19 21 0 71.2597 88.5436
19 22 1 64.2937 93.8314
19 23 0 60.6937 86.0524
19 24 0 46.7606 51.7168
19 25 0 23.6606 29.794
19 26 0 19.2301 19.9041
19 27 0 14.6814 15.4058
19 28 0 79.037 82.5822
19 29 1 55.8301 58.0051
19 30 0 16.3198 21.0772
19 31 1 84.1513 107.825
19 32 0 36.5317 53.7181
19 33 1 58.0907 74.3518
19 34 0 5.9636 6.83789
19 35 0 24.0948 34.3403
19 36 0 70.1708 98.5288
19 37 0 17.3137 21.8146
19 38 0 78.3904 108.626
19 39 0 84.0383 99.6569
19 40 0 7.01858 7.81276
20 1 1 88.4036 107.897
20 2 0 30.7706 43.1251
20 3 0 60.8245 85.0032
20 4 0 40.3091 41.9271
20 5 0 62.1955 85.6478
20 6 0 18.233 26.218
20 7 0 75.0581 80.506
20 8 0 94.0453 103.81
20 9 0 11.2392 15.0966
20 10 1 0.288507 0.374825
20 11 0 61.6778 64.1912
20 12 0 57.9777 64.0357
20 13 0 60.1643 79.5221
20 14 1 67.0225 86.8035
20 15 0 62.973 87.7993
20 16 0 90.7563 103.225
20 17 0 88.6906 109.16
20 18 0 99.9947 109.52
20 19 0 51.0512 64.0204
20 21 1 41.4743 51.7936
20 22 0 34.6175 40.6521
20 23 0 61.2578 62.7562
20 24 0 58.1159 84.8509
20 25 1 47.799 64.2199
20 26 0 78.1409 87.6381
20 27 1 2.14235 2.40093
20 28 0 63.1979 69.4334
20 29 0 13.3713 16.1592
20 30 0 23.5785 24.3352
20 31 0 7.39265 7.77126
20 32 0 45.1598 64.9981
20 33 0 75.1276 100.665
20 34 0 89.8924 105.556
20 35 1 25.473 28.1534
20 36 0 12.278 13.8405
20 37 0 46.5498 55.1211
20 38 0 68.7013 73.1803
20 39 0 53.8117 60.0689
20 40 0 32.4495 41.4314
21 1 0 35.0298 38.3973
21 2 1 15.1597 18.8006
21 3 1 37.9147 43.8897
21 4 0 25.4755 36.0292
21 5 1 71.928 98.8784
21 6 0 57.3562 82.5302
21 7 1 78.4207 102.283
21 8 0 90.9012 111.054
21 9 1 31.292 38.144
21 10 0 86.8874 95.2469
21 11 0 96.7937 110.428
21 12 0 21.8925 26.5616
21 13 0 32.0754 41.9465
21 14 0 16.0201 16.6545
21 15 1 30.4569 39.0769
21 16 1 11.4665 12.4661
21 17 0 94.5052 95.8311
21 18 0 26.897 32.7366
21 19 0 21.0143 26.2317
21 20 0 61.214 86.3233
21 22 1 79.2451 86.7586
21 23 1 62.7549 79.3894
21 24 0 74.7628 92.5313
21 25 0 88.1235 123.887
21 26 0 84.2139 99.59
21 27 0 6.55948 9.50382
21 28 0 91.7575 118.423
21 29 1 21.7419 24.4265
21 30 0 32.5553 46.6058
21 31 0 2.72791 2.7916
21 32 0 76.2822 79.1772
21 33 0 63.3355 78.5358
21 34 0 36.1101 37.7781
21 35 0 15.889 21.6336
21 36 0 48.0513 51.3523
21 37 1 16.2843 18.2201
21 38 0 14.3328 18.1325
21 39 0 46.7183 67.7955
21 40 0 48.7872 54.427
22 1 0 91.533 128.675
22 2 0 20.1054 26.9536
22 3 0 11.3465 12.9
22 4 0 22.7011 23.14
22 5 0 57.7737 72.288
22 6 1 91.5787 119.704
22 7 0 92.1262 118.891
22 8 0 14.7962 20.5747
22 9 0 46.5663 53.3359
22 10 0 39.9594 41.339
22 11 0 94.6523 106.64
22 12 0 37.2475 51.2587
22 13 1 95.2588 121.74
22 14 0 93.4047 112.987
22 15 0 78.9481 112.132
22 16 0 83.2889 116.225
22 17 0 7.10043 7.5535
22 18 1 36.9441 55.2379
22 19 0 52.8962 77.6356
22 20 0 16.5779 22.1792
22 21 0 95.939 137.592
22 23 1 18.0599 19.2201
22 24 0 29.1529 36.0738
22 25 0 98.8411 144.784
22 26 0 23.9374 34.7195
22 27 0 1.38966 1.59226
22 28 0 35.7114 43.2296
22 29 0 59.9074 87.5741
22 30 0 56.1126 78.563
22 31 0 33.3008 34.1906
22 32 0 1.2516 1.50842
22 33 1 26.4489 29.2479
22 34 0 9.96758 12.6482
22 35 0 41.7981 58.9567
22 36 0 67.2407 93.8678
22 37 0 65.9923 68.5249
22 38 0 79.8465 105.438
22 39 1 45.2255 53.8311
22 40 0 94.3912 103.916
23 1 0 73.0297 83.5833
23 2 1 2.04888 2.34897
23 3 1 68.0112 89.0844
23 4 1 79.4953 113.864
23 5 0 77.8314 107.19
23 6 0 1.20231 1.5049
23 7 0 99.1137 117.754
23 8 0 21.3476 30.6212
23 9 0 65.1361 83.6041
23 10 0 7.19315 9.86176
23 11 1 87.3957 89.0909
23 12 0 50.314 75.2313
23 13 0 63.3444 75.5838
23 14 0 80.9942 100.243
23 15 1 67.9141 87.9238
23 16 0 3.95478 4.41351
23 17 0 81.3534 105.176
23 18 0 4.93172 6.76469
23 19 0 86.9086 87.1004
23 20 0 29.2547 38.8149
23 21 0 96.2112 107.253
23 22 0 57.9033 65.7871
23 24 1 96.507 98.7312
23 25 0 79.025 86.8721
23 26 1 79.7391 86.2831
23 27 0 79.8986 100.454
23 28 0 56.0808 59.3249
23 29 1 24.2734 30.8805
23 30 0 88.8753 116.202
23 31 0 35.563 42.7187
23 32 0 25.935 29.3266
23 33 1 63.8744 85.0444
23 34 0 81.7326 109.702
23 35 1 73.4414 76.0303
23 36 1 80.7282 117.45
23 37 0 49.4084 54.7309
23 38 1 98.3633 139.803
23 39 0 78.8016 88.4205
23 40 0 83.839 124.116
24 1 0 14.3159 20.5438
24 2 0 81.0492 103.302
24 3 0 87.425 112.97
24 4 0 77.16 104.862
24 5 0 31.7469 33.7282
24 6 0 93.1974 109.377
24 7 1 45.3112 55.7112
24 8 1 12.3138 12.5708
24 9 0 36.5919 36.6897
24 10 0 25.7151 34.8724
24 11 1 93.8537 121.729
24 12 0 63.6509 90.6579
24 13 0 99.5487 127.538
24 14 0 6.71669 7.09639
24 15 0 69.3002 88.5026
24 16 0 48.3415 71.7627
24 17 0 81.4486 115.612
24 18 0 51.5724 66.3938
24 19 0 84.2317 93.8005
24 20 0 11.8382 13.8659
24 21 1 75.9642 78.9583
24 22 0 0.249394 0.294346
24 23 0 70.0231 74.2912
24 25 1 72.9406 75.4489
24 26 0 6.60938 9.0092
24 27 0 13.4633 18.5167
24 28 1 77.656 98.8688
24 29 0 57.0425 70.8645
24 30 0 73.3816 104.723
24 31 1 12.8488 15.5341
24 32 0 67.2288 95.1257
24 33 0 75.3607 105.207
24 34 0 15.2195 15.5324
24 35 0 81.3641 109.394
24 36 1 15.8038 16.9756
24 37 0 25.1441 37.0187
24 38 0 40.0462 50.8143
24 39 0 32.5813 36.0632
24 40 0 91.5639 110.96
25 1 0 14.2732 14.7062
25 2 0 25.9523 32.5916
25 3 0 92.3449 98.7716
25 4 1 7.54794 9.13256
25 5 0 49.4953 67.9315
25 6 1 14.7386 18.4173
25 7 0 58.2204 65.101
25 8 1 93.8495 111.859
25 9 0 56.8792 66.9635
25 10 0 97.2471 145.578
25 11 0 68.4961 70.3806
25 12 0 86.287 115.443
25 13 0 8.15733 11.9405
25 14 0 12.6773 17.1112
25 15 0 67.2575 78.7174
25 16 0 26.9927 35.2026
25 17 0 10.1147 12.0791
25 18 0 14.7244 19.9895
25 19 0 94.6777 115.693
25 20 0 32.5288 46.8468
25 21 0 33.2783 46.8368
25 22 0 61.4222 83.248
25 23 0 89.3197 122.294
25 24 0 95.6641 135.995
25 26 1 27.4813 33.2334
25 27 0 14.7445 18.4474
25 28 1 91.5172 100.994
25 29 1 97.948 111.197
25 30 1 34.7193 43.5567
25 31 0 29.6805 42.0346
25 32 0 13.8707 17.5377
25 33 0 77.1929 78.678
25 34 0 25.9491 32.6879
25 35 0 24.0243 32.7286
25 36 0 53.1443 70.4256
25 37 0 6.38146 6.77177
25 38 0 13.2739 19.3679
25 39 0 62.0712 67.3477
25 40 0 38.7956 45.6999
26 1 0 41.1277 51.3876
26 2 0 99.4633 121.523
26 3 0 23.9482 28.4144
26 4 1 98.3328 129.396
26 5 0 49.1067 70.789
26 6 0 67.7377 96.2906
26 7 0 48.2903 65.1371
26 8 0 14.8069 19.9055
26 9 0 59.1119 70.2433
26 10 0 12.1696 16.8434
26 11 0 10.7807 15.2882
26 12 0 90.5945 105.543
26 13 1 37.4725 38.8749
26 14 0 96.7903 143.741
26 15 0 0.566066 0.714351
26 16 0 12.9702 18.4606
26 17 1 92.5861 118.422
26 18 0 80.8784 96.0783
26 19 0 64.4617 70.0296
26 20 0 69.0943 97.4042
26 21 0 90.0254 93.4365
26 22 0 68.7604 102.688
26 23 0 36.5592 46.9624
26 24 0 56.5769 72.3081
26 25 0 95.4061 131.546
26 27 1 66.0269 98.2702
26 28 0 58.9906 60.6895
26 29 0 45.0269 61.6208
26 30 0 89.0448 92.4962
26 31 0 51.0352 71.491
26 32 0 64.4919 78.28
26 33 0 46.7268 54.1789
26 34 0 15.8936 21.0422
26 35 0 46.7955 66.8813
26 36 0 80.752 102.31
26 37 0 88.7456 93.2154
26 38 0 24.0468 32.6
26 39 0 36.49 52.6205
26 40 1 89.9057 132.297
27 1 0 38.8551 57.3838
27 2 0 71.8016 77.2297
27 3 0 48.265 71.0701
27 4 0 55.2503 60.4903
27 5 0 79.7307 93.8145
27 6 1 46.0724 48.05
27 7 0 88.9954 95.2855
27 8 0 50.0503 74.5892
27 9 0 53.768 76.2211
27 10 0 50.3861 54.2846
27 11 0 94.4499 95.6798
27 12 0 67.8125 72.1159
27 13 0 57.4738 80.866
27 14 0 61.398 71.5113
27 15 0 93.7926 118.189
27 16 1 93.8946 98.3012
27 17 0 56.7311 59.7653
27 18 0 13.3491 18.4066
27 19 0 99.2875 100.374
27 20 0 86.9825 91.1295
27 21 0 24.2969 25.6227
27 22 0 38.4518 51.1741
27 23 0 96.1921 131.122
27 24 0 79.2085 104.071
27 25 1 40.0077 44.3811
27 26 0 62.0627 65.3737
27 28 1 57.6535 60.2732
27 29 0 53.7659 77.2019
27 30 0 18.9417 23.3965
27 31 0 18.1699 24.232
27 32 0 98.2679 103.692
27 33 0 49.3798 62.7922
27 34 0 88.5792 107.532
27 35 1 94.4841 111.772
27 36 0 87.4605 99.0855
27 37 0 26.168 34.5165
27 38 0 47.9621 71.2276
27 39 0 88.2694 119.582
27 40 0 44.074 61.3332
28 1 0 9.54926 13.3078
28 2 0 21.394 23.0182
28 3 0 32.8452 42.4993
28 4 0 22.9094 23.6244
28 5 0 4.92426 7.17919
28 6 0 29.4923 30.867
28 7 1 54.0467 68.2636
28 8 0 20.8623 25.6697
28 9 0 75.6032 106.725
28 10 0 30.6924 31.0641
28 11 0 94.9102 127.772
28 12 0 51.8146 57.1529
28 13 0 53.4595 67.4892
28 14 0 56.2837 77.0099
28 15 0 43.2511 51.7793
28 16 1 69.2836 102.328
28 17 0 1.1536 1.38402
28 18 0 41.1257 55.6266
28 19 1 63.0848 80.5917
28 20 1 79.4003 117.61
28 21 0 48.5937 55.9334
28 22 0 43.4079 48.6875
28 23 0 81.1787 86.8799
28 24 0 4.46126 4.93067
28 25 1 61.7894 72.048
28 26 0 31.9363 33.3828
28 27 1 62.2611 66.2614
28 29 1 60.0553 73.9158
28 30 0 67.1149 73.5414
28 31 1 85.7686 109.823
28 32 0 47.8814 63.773
28 33 0 80.3679 84.8328
28 34 0 72.6988 78.221
28 35 1 29.2546 31.0789
28 36 0 34.8464 50.1915
28 37 0 99.5708 103.976
28 38 1 47.4795 60.8334
28 39 0 48.7365 69.9965
28 40 0 12.8736 13.5184
29 1 0 82.897 104.406
29 2 0 80.9928 111.52
29 3 0 14.3503 15.6194
29 4 0 66.228 97.4942
29 5 0 47.9489 55.0755
29 6 0 67.0117 67.2952
29 7 1 84.6608 118.477
29 8 0 76.5484 111.737
29 9 0 78.868 103.812
29 10 0 85.8973 111.844
29 11 0 23.0331 23.4043
29 12 0 22.5598 25.0347
29 13 0 81.8329 89.5895
29 14 0 94.5848 106.54
29 15 1 63.6056 85.1763
29 16 1 70.935 83.2018
29 17 1 66.7386 69.1979
29 18 1 93.5457 115.478
29 19 0 25.7803 34.6065
29 20 0 43.1751 61.6241
29 21 0 43.3196 59.3362
29 22 0 35.8425 42.6953
29 23 0 84.4835 89.0908
29 24 0 5.31218 5.6944
29 25 1 48.9699 58.2681
29 26 0 94.2461 114.889
29 27 0 86.3143 100.23
29 28 0 38.294 40.2199
29 30 1 76.1757 108.56
29 31 0 16.7898 17.737
29 32 0 29.9011 31.9655
29 33 0 82.5421 116.93
29 34 0 46.7773 61.8314
29 35 0 4.54899 5.80923
29 36 0 7.26208 9.98452
29 37 0 33.5312 39.463
29 38 0 30.2652 38.015
29 39 0 37.8066 48.6447
29 40 1 43.4084 44.7911
30 1 0 5.08598 5.99927
30 2 0 61.5321 86.6137
30 3 0 86.7524 105.811
30 4 0 78.7674 89.966
30 5 0 85.5242 102.691
30 6 0 18.8051 25.6543
30 7 0 59.8012 73.4124
30 8 0 99.0194 99.3157
30 9 0 14.2448 15.8172
30 10 0 64.217 89.0107
30 11 0 84.7668 92.9799
30 12 0 32.0316 34.1358
30 13 0 68.3871 79.4108
30 14 0 40.7644 61.017
30 15 0 80.3317 109.902
30 16 1 56.9187 77.7181
30 17 1 6.26305 7.05138
30 18 0 70.2308 75.0882
30 19 1 76.1671 95.4619
30 20 1 94.483 125.321
30 21 1 89.7233 124.014
30 22 0 56.2982 63.7983
30 23 0 65.4712 75.9814
30 24 0 81.0916 87.3747
30 25 0 86.5452 90.5653
30 26 0 6.93514 9.36647
30 27 0 75.2641 80.9663
30 28 0 49.3687 63.862
30 29 0 53.8401 58.8466
30 31 1 58.5313 76.8817
30 32 0 73.3315 82.6282
30 33 0 85.8084 113.474
30 34 0 86.2451 113.866
30 35 0 82.6696 111.738
30 36 1 16.1519 18.645
30 37 0 76.3514 98.9118
30 38 0 45.8715 64.4648
30 39 0 65.4645 77.0625
30 40 0 82.0011 99.6173
31 1 0 82.2538 82.3714
31 2 1 74.312 96.6412
31 3 0 31.3312 36.1446
31 4 0 58.965 78.4454
31 5 0 82.3783 114.74
31 6 0 62.0049 73.92
31 7 0 15.643 18.0163
31 8 0 40.2184 47.5765
31 9 0 6.27003 7.51054
31 10 1 20.6132 24.6148
31 11 0 55.7634 55.9361
31 12 1 20.9562 24.7336
31 13 0 12.1074 17.417
31 14 0 54.8864 75.1674
31 15 0 89.2948 89.5454
31 16 0 26.4874 36.8776
31 17 0 10.6076 15.1952
31 18 0 22.7829 33.5899
31 19 0 65.4874 88.9038
31 20 0 24.9405 34.6875
31 21 0 62.7227 75.9987
31 22 0 79.6555 96.9387
31 23 0 93.1984 95.942
31 24 0 27.3195 29.152
31 25 0 93.2663 110.557
31 26 1 14.5649 20.0361
31 27 0 83.244 101.886
31 28 0 43.055 50.3849
31 29 0 95.507 126.464
31 30 0 39.9254 44.6857
31 32 1 86.5301 103.405
31 33 0 28.2372 30.0347
31 34 0 82.0733 114.335
31 35 0 68.5176 77.7617
31 36 0 24.3586 28.6179
31 37 0 69.5084 103.538
31 38 0 64.2143 79.3886
31 39 0 27.7169 29.0063
31 40 1 91.7502 99.7103
32 1 0 45.0494 65.1574
32 2 0 77.85 111.374
32 3 0 50.9774 70.9766
32 4 0 18.958 20.5345
32 5 0 77.5583 101.448
32 6 0 89.2969 92.6796
32 7 0 38.8525 46.1281
32 8 0 25.0187 27.1061
32 9 0 29.822 40.5573
32 10 0 11.253 11.309
32 11 0 26.6355 29.9686
32 12 0 60.4863 66.1656
32 13 0 24.7979 25.8326
32 14 0 27.6234 38.7209
32 15 0 27.9649 28.2983
32 16 0 93.536 120.631
32 17 0 17.5203 18.7104
32 18 0 77.5216 78.7374
32 19 0 29.8689 41.2755
32 20 0 93.5312 129.723
32 21 0 64.4019 89.8826
32 22 0 69.5204 76.3541
32 23 1 67.125 74.2741
32 24 0 43.9952 44.8521
32 25 0 64.1631 64.8842
32 26 1 10.3159 11.3222
32 27 0 78.7189 106.874
32 28 1 38.2944 39.7245
32 29 0 70.4802 72.2608
32 30 0 79.5148 99.675
32 31 0 94.5228 114.236
32 33 1 33.1118 36.2671
32 34 1 51.0834 67.3244
32 35 0 13.0814 15.5678
32 36 0 45.2055 67.6671
32 37 0 3.91712 5.04831
32 38 0 34.3428 49.9056
32 39 0 44.5144 49.8308
32 40 0 66.5501 67.954
33 1 0 5.1826 7.29643
33 2 0 8.00219 8.95206
33 3 0 89.2829 117.173
33 4 0 5.93625 7.00182
33 5 1 98.3081 107.893
33 6 0 12.1547 13.58
33 7 0 2.20114 3.14258
33 8 1 75.6876 87.3581
33 9 0 24.7251 30.4506
33 10 1 15.874 22.8667
33 11 0 2.22078 3.0292
33 12 0 42.0608 42.263
33 13 0 75.0337 94.5313
33 14 0 16.1749 22.7578
33 15 0 52.159 57.4144
33 16 0 53.7638 72.1772
33 17 0 12.8719 18.097
33 18 0 7.54249 10.6576
33 19 0 63.6574 84.161
33 20 0 35.0332 45.8058
33 21 1 80.0285 116.143
33 22 0 2.59993 3.63327
33 23 0 36.38 42.4054
33 24 0 61.0821 64.4529
33 25 0 5.30231 7.0383
33 26 0 13.3681 15.3321
33 27 1 70.0157 80.1423
33 28 0 88.9631 113.432
33 29 0 90.1002 124.947
33 30 0 18.7777 22.926
33 31 0 59.6495 81.0785
33 32 0 23.4814 34.6305
33 34 1 38.2941 42.0151
33 35 0 44.1536 62.5332
33 36 0 43.6821 49.2535
33 37 0 38.045 47.5745
33 38 0 72.8958 87.8867
33 39 0 16.2284 17.4753
33 40 1 81.8908 105.856
34 1 0 28.9489 41.3919
34 2 0 54.9731 61.1898
34 3 0 9.69061 11.3824
34 4 1 67.159 99.5531
34 5 1 65.0859 92.1986
34 6 0 97.9033 127.944
34 7 0 76.8291 97.4044
34 8 0 22.6621 26.2624
34 9 0 37.9855 53.5771
34 10 0 37.6043 38.8397
34 11 0 3.50273 3.70966
34 12 0 51.3575 58.698
34 13 0 23.09 25.976
34 14 0 4.63518 6.88403
34 15 0 0.449079 0.607138
34 16 1 92.4274 113.25
34 17 0 98.1522 139.658
34 18 0 68.0607 68.8037
34 19 1 43.5654 57.5101
34 20 0 2.81654 3.3872
34 21 1 46.5907 52.1636
34 22 0 59.9514 61.4948
34 23 0 72.24 78.3009
34 24 0 15.2157 17.57
34 25 0 66.1591 90.0374
34 26 0 62.1355 87.9011
34 27 0 6.86065 8.88881
34 28 0 54.0547 62.9668
34 29 0 17.7972 20.1912
34 30 0 30.0873 30.3993
34 31 1 89.2436 117.689
34 32 0 96.113 142.652
34 33 0 97.0011 145.259
34 35 1 36.4324 45.2007
34 36 0 28.073 29.1273
34 37 0 60.3596 61.5458
34 38 0 71.5668 86.2155
34 39 0 43.5024 54.5766
34 40 0 12.1871 15.3901
35 1 0 17.9891 20.5848
35 2 0 54.57 54.9732
35 3 0 21.6252 26.5061
35 4 0 71.2187 93.5644
35 5 0 30.1942 42.8586
35 6 0 57.7731 58.3763
35 7 0 58.2997 63.1525
35 8 0 82.2835 94.5964
35 9 0 77.7408 93.8379
35 10 0 96.5969 116.015
35 11 1 40.656 45.9792
35 12 1 73.4433 74.4799
35 13 0 7.00025 8.20931
35 14 0 22.4205 30.3703
35 15 0 40.6612 49.0243
35 16 0 97.195 136.929
35 17 0 4.75061 6.82281
35 18 0 92.2322 127.575
35 19 0 49.3646 53.9992
35 20 0 62.5407 82.6637
35 21 0 3.80009 5.30783
35 22 0 45.9254 57.3416
35 23 0 75.3857 106.56
35 24 0 84.1877 97.7372
35 25 1 71.7489 84.6648
35 26 0 68.8051 70.6363
35 27 1 35.2109 43.738
35 28 1 44.1942 52.4671
35 29 1 75.4855 104.696
35 30 0 84.626 108.783
35 31 0 78.0931 115.417
35 32 0 35.9548 49.2394
35 33 1 95.6594 113.602
35 34 0 43.3389 55.0694
35 36 1 68.7771 92.0307
35 37 1 89.3197 105.503
35 38 0 92.1247 135.968
35 39 0 68.9532 91.6705
35 40 0 85.0732 125.155
36 1 1 92.0651 103.056
36 2 0 27.9351 30.7544
36 3 0 72.1543 86.8347
36 4 0 55.5881 74.0276
36 5 0 96.748 99.612
36 6 0 84.9145 105.491
36 7 0 59.7952 74.8942
36 8 0 96.5092 111.078
36 9 0 94.2549 137.922
36 10 0 51.77 57.4094
36 11 0 47.673 65.8457
36 12 0 96.1975 113.076
36 13 1 98.0613 103.045
36 14 0 63.4584 82.9443
36 15 0 92.1187 105.137
36 16 0 78.019 78.4539
36 17 0 37.9001 43.1972
36 18 1 70.4231 79.3088
36 19 0 5.56672 5.76346
36 20 0 39.137 44.0544
36 21 0 39.7354 39.8019
36 22 0 83.8666 121.606
36 23 0 9.87298 9.97563
36 24 0 61.3535 84.6713
36 25 0 55.5692 73.5969
36 26 0 45.088 45.9284
36 27 1 47.6549 51.1037
36 28 0 39.8649 59.2949
36 29 0 45.9828 61.6511
36 30 0 86.9662 89.4839
36 31 1 41.9799 48.6493
36 32 0 58.4465 81.2534
36 33 1 38.161 43.1245
36 34 0 15.5191 20.2799
36 35 0 53.2338 79.2515
36 37 1 38.2186 38.5231
36 38 1 77.799 84.7477
36 39 0 24.0697 26.7878
36 40 0 36.17 45.1256
37 1 0 86.1834 113.579
37 2 0 11.1117 11.7313
37 3 1 41.3239 41.4148
37 4 0 54.8542 61.3188
37 5 0 72.2273 105.007
37 6 1 84.5448 99.5465
37 7 1 91.8521 93.0763
37 8 0 76.762 95.9952
37 9 0 39.3059 39.8649
37 10 0 40.188 52.7783
37 11 0 54.6747 56.2126
37 12 0 72.869 102.993
37 13 1 8.72675 10.2291
37 14 0 10.0306 12.0629
37 15 0 58.8341 87.2312
37 16 0 34.7283 35.8322
37 17 0 35.7465 39.9892
37 18 0 28.779 31.3436
37 19 0 7.12098 8.73565
37 20 0 91.2885 105.091
37 21 0 66.1163 87.0521
37 22 0 1.12879 1.4536
37 23 1 28.7544 40.9619
37 24 0 70.346 104.095
37 25 1 32.9773 39.693
37 26 0 92.8092 114.061
37 27 0 23.5964 29.8903
37 28 1 13.4906 15.3906
37 29 0 67.6666 96.3582
37 30 0 85.3997 90.2363
37 31 0 70.5638 89.2187
37 32 0 43.1334 59.7134
37 33 1 24.4406 28.4174
37 34 1 76.6409 109.522
37 35 0 17.0497 19.9291
37 36 0 67.4955 84.1913
37 38 1 0.907511 1.35516
37 39 0 13.3659 18.7551
37 40 0 4.29391 5.39637
38 1 0 49.7224 65.3434
38 2 0 41.3527 58.1068
38 3 0 1.44069 1.86611
38 4 0 83.5661 116.233
38 5 0 32.1319 32.6932
38 6 0 43.2249 55.7592
38 7 0 47.9347 52.3949
38 8 0 95.0763 132.244
38 9 0 8.97407 12.1103
38 10 0 5.01122 6.5725
38 11 0 10.4061 13.2201
38 12 0 85.4657 101.408
38 13 0 66.2399 86.1175
38 14 0 52.5426 67.6435
38 15 0 15.4602 21.876
38 16 0 95.1633 111.279
38 17 0 51.5417 75.505
38 18 0 31.0591 38.7314
38 19 1 41.3663 44.4074
38 20 1 24.9327 28.3495
38 21 0 13.6806 16.5652
38 22 0 10.5994 11.215
38 23 0 46.8042 64.2881
38 24 0 29.7323 36.2954
38 25 0 82.8153 95.8542
38 26 0 61.6449 88.6367
38 27 0 30.1527 33.6226
38 28 0 36.2038 39.6974
38 29 0 88.146 110.54
38 30 0 24.6283 34.9613
38 31 0 70.6033 102.504
38 32 0 94.788 131.166
38 33 1 44.0112 50.3725
38 34 1 21.2017 21.371
38 35 1 43.7121 62.258
38 36 0 77.3648 108.369
38 37 0 30.2255 36.5701
38 39 1 68.085 69.6455
38 40 0 14.2043 17.2096
39 1 0 29.3878 40.1485
39 2 0 10.7129 15.5383
39 3 0 20.9806 31.4153
39 4 1 51.1911 69.8202
39 5 0 95.8519 108.243
39 6 0 24.8709 36.7236
39 7 1 62.732 85.1813
39 8 1 54.0178 78.8694
39 9 0 60.1226 66.2779
39 10 0 98.6757 117.348
39 11 0 27.111 29.5609
39 12 0 65.216 76.0389
39 13 0 81.832 101.648
39 14 0 77.7889 91.6698
39 15 0 4.26077 4.68258
39 16 0 0.383579 0.388733
39 17 0 38.9101 54.1981
39 18 0 17.2285 20.7874
39 19 0 99.8394 107.067
39 20 0 11.7627 12.7719
39 21 0 24.1529 26.9101
39 22 1 19.5622 24.6494
39 23 0 37.0368 49.0354
39 24 0 16.1502 24.1456
39 25 0 64.4314 82.8419
39 26 0 71.6928 104.824
39 27 1 37.2598 50.3164
39 28 0 1.37007 1.87914
39 29 0 40.6011 57.1477
39 30 0 82.053 111.86
39 31 1 40.2063 60.0056
39 32 0 16.6757 21.1902
39 33 0 26.6935 36.6027
39 34 0 95.3812 102.608
39 35 0 0.274859 0.372543
39 36 1 56.2038 76.0859
39 37 0 50.6181 54.5609
39 38 0 77.4261 78.926
39 40 1 44.6987 57.2961
40 1 1 5.45316 5.71383
40 2 0 83.4557 112.206
40 3 0 68.7407 78.3474
40 4 0 67.8198 69.8313
40 5 0 3.43679 3.66836
40 6 0 54.202 71.5654
40 7 0 23.1536 23.475
40 8 0 70.2873 78.7955
40 9 0 43.0882 43.4462
40 10 0 51.3279 65.8614
40 11 0 42.3324 51.1118
40 12 0 77.0699 107.316
40 13 0 80.4735 118.933
40 14 0 7.25248 10.817
40 15 0 60.927 85.7071
40 16 0 38.1336 56.0117
40 17 0 25.2358 30.2291
40 18 1 56.4026 74.0164
40 19 0 21.6237 29.2467
40 20 0 17.9628 18.0818
40 21 0 37.7555 52.0945
40 22 0 18.2596 26.3531
40 23 1 45.5519 57.9089
40 24 0 22.476 27.323
40 25 0 99.9946 124.432
40 26 0 99.1287 146.279
40 27 1 63.7774 67.6136
40 28 0 38.433 43.5381
40 29 0 90.7392 119.692
40 30 0 80.6971 112.054
40 31 0 79.3551 111.044
40 32 0 25.1355 36.7599
40 33 0 88.4578 123.678
40 34 0 37.2144 44.9591
40 35 1 82.7843 96.9053
40 36 0 73.7909 80.6808
40 37 0 79.865 91.1698
40 38 1 51.5689 59.5569
40 39 1 13.0116 15.2086
18.8792 25.1545 28.8627 9.84775 17.2338 30.2128 10.4466 12.4061 8.29475 1.85268 2.18233 4.14377 30.7361 15.1448 24.3311 13.6901 11.6033 10.1942 18.9903 11.7305 30.2891 12.3677 29.8746 7.40081 36.1979 15.7062 23.873 33.5615 37.8751 15.112 25.9655 34.6741 3.58742 4.74902 12.4479 32.6805 4.83482 7.75394 13.9135 18.631 