40
500
4
100
1 2 1 25.0505 26.5465
1 3 0 47.3955 70.7121
1 4 0 76.3549 101.57
1 5 1 13.9527 15.7655
1 6 0 91.4248 110.648
1 7 0 33.0547 38.162
1 8 0 1.80518 2.29229
1 9 0 56.7475 73.4961
1 10 0 74.7304 81.6258
1 11 0 96.3629 118.173
1 12 0 19.2844 28.8843
1 13 0 63.6648 94.1331
1 14 0 79.1595 97.5503
1 15 1 48.8286 70.8263
1 16 0 92.9114 119.908
1 17 0 82.4514 90.0162
1 18 0 84.5823 85.5986
1 19 0 69.7388 81.6552
1 20 0 51.0777 68.4202
1 21 0 55.8386 76.9098
1 22 0 19.1758 24.4635
1 23 0 65.386 96.5932
1 24 0 42.7889 55.8206
1 25 0 78.1111 102.26
1 26 0 61.2782 78.3719
1 27 0 12.9639 13.3346
1 28 0 3.2238 4.29031
1 29 0 84.6006 114.924
1 30 0 57.4354 69.171
1 31 0 87.5894 122
1 32 0 15.4812 16.9566
1 33 1 97.7389 146.54
1 34 0 63.3703 76.651
1 35 1 31.9746 32.1366
1 36 0 59.9647 74.1753
1 37 0 11.5308 14.6579
1 38 0 47.9979 61.2858
1 39 1 71.5972 96.2371
1 40 0 16.5106 23.6421
2 1 0 43.322 60.8557
2 3 1 99.8491 114.809
2 4 0 78.0345 100.237
2 5 1 54.8231 78.0334
2 6 1 74.4216 110.01
2 7 0 15.324 16.0528
2 8 1 78.4851 102.418
2 9 1 52.9286 71.927
2 10 1 94.2271 113.852
2 11 0 50.8577 65.7244
2 12 1 83.6892 83.7356
2 13 0 26.7661 27.2408
2 14 0 58.0171 81.0379
2 15 1 14.5884 15.7397
2 16 1 23.4036 24.0097
2 17 1 21.8939 28.0208
2 18 0 19.6552 20.9483
2 19 1 3.95264 4.06905
2 20 1 98.5146 107.694
2 21 0 26.3075 34.4635
2 22 0 30.0302 34.0718
2 23 0 25.83 32.7903
2 24 0 21.6836 24.4223
2 25 1 3.03516 4.27858
2 26 1 26.4942 34.0586
2 27 1 72.9828 106.114
2 28 0 91.9809 110.275
2 29 0 34.8442 47.0753
2 30 0 71.8565 106.524
2 31 0 42.3947 58.0574
2 32 0 90.3718 90.881
2 33 0 87.2064 95.0116
2 34 1 35.7181 45.9472
2 35 0 10.2572 14.4189
2 36 0 28.318 38.4944
2 37 1 36.4475 50.4235
2 38 0 85.5019 91.9146
2 39 0 92.7938 119.731
2 40 1 48.8374 60.1931
3 1 1 40.9021 48.5859
3 2 0 57.656 57.918
3 4 1 28.1841 33.0499
3 5 1 12.1368 16.2709
3 6 0 30.7617 42.8296
3 7 0 93.2638 137.598
3 8 1 78.2499 95.2346
3 9 0 43.5047 49.3041
3 10 1 38.4466 44.5234
3 11 0 32.0741 47.379
3 12 0 10.9428 13.1089
3 13 0 85.169 87.0863
3 14 0 98.0888 132.273
3 15 0 65.0635 97.1817
3 16 0 63.4385 80.8289
3 17 1 59.4604 81.224
3 18 0 14.8526 15.9951
3 19 0 73.4468 80.7412
3 20 0 37.517 38.1873
3 21 0 26.8375 37.214
3 22 0 3.71497 3.76473
3 23 0 12.0048 16.3644
3 24 0 62.8208 76.58
3 25 1 51.2696 54.0273
3 26 1 83.2071 110.011
3 27 0 62.2199 72.5071
3 28 0 88.1211 96.9417
3 29 1 23.6802 28.1154
3 30 1 45.0945 51.4124
3 31 0 75.8409 94.356
3 32 0 50.9262 54.1118
3 33 0 1.18651 1.31854
3 34 1 85.4468 110.9
3 35 1 28.9024 36.3106
3 36 0 36.0597 53.0142
3 37 1 83.7805 110.924
3 38 0 41.6585 53.2699
3 39 1 67.0629 68.1232
3 40 0 1.26253 1.75619
4 1 0 40.4765 57.4387
4 2 0 67.5588 99.4124
4 3 0 45.3158 54.667
4 5 1 77.3964 102.325
4 6 1 55.5007 68.5093
4 7 0 16.4391 19.4381
4 8 0 99.5772 124.07
4 9 1 61.8349 82.1555
4 10 0 54.8751 67.3945
4 11 0 78.5437 114.507
4 12 0 3.51443 4.34385
4 13 0 41.6489 44.1132
4 14 0 97.4859 103.215
4 15 0 27.8913 35.495
4 16 0 60.4713 80.7154
4 17 0 69.4513 100.416
4 18 1 93.2741 125.182
4 19 0 55.9769 79.2187
4 20 0 67.9012 98.8467
4 21 0 3.85833 4.20524
4 22 0 60.1378 74.6873
4 23 0 77.943 90.5468
4 24 1 16.0932 17.2147
4 25 1 83.3717 94.2617
4 26 0 38.8349 40.8225
4 27 0 6.94971 9.83469
4 28 1 0.79264 0.850207
4 29 1 21.902 31.2485
4 30 0 18.1271 20.8153
4 31 1 78.5735 108.943
4 32 1 14.9557 17.6422
4 33 0 51.6055 63.2305
4 34 0 0.811595 1.09494
4 35 0 32.8537 42.6644
4 36 0 58.0748 86.0798
4 37 1 72.5769 85.9377
4 38 0 33.502 42.0966
4 39 0 45.6605 56.1532
4 40 0 46.9799 54.1977
5 1 0 45.5071 67.2003
5 2 0 75.764 83.6665
5 3 0 50.2575 64.5129
5 4 0 37.5036 45.0716
5 6 1 76.6575 99.9687
5 7 1 21.9199 24.5695
5 8 0 72.406 95.508
5 9 0 89.0446 128.933
5 10 0 85.8403 113.75
5 11 1 87.8097 95.8644
5 12 0 73.4743 92.7872
5 13 0 18.3598 27.4229
5 14 1 26.9874 37.6302
5 15 0 75.2411 109.844
5 16 1 30.6852 34.7972
5 17 0 17.624 22.0344
5 18 0 23.6773 32.6371
5 19 0 26.0617 36.2964
5 20 0 43.9995 64.6788
5 21 1 28.5727 33.5183
5 22 0 33.82 34.8764
5 23 0 73.2062 73.744
5 24 0 73.09 78.385
5 25 0 36.2478 52.4293
5 26 1 6.61265 7.93103
5 27 0 73.9711 81.8989
5 28 0 17.5248 19.1914
5 29 1 12.0243 16.781
5 30 0 92.8528 130.847
5 31 0 63.6879 88.491
5 32 1 90.5228 120.641
5 33 0 89.7289 132.736
5 34 0 14.8586 17.674
5 35 0 83.2711 114.373
5 36 0 84.5231 92.0941
5 37 1 82.5364 96.2346
5 38 0 8.68243 11.0515
5 39 0 48.6222 70.5623
5 40 1 64.7307 67.1142
6 1 1 31.7258 42.5606
6 2 1 97.0748 112.826
6 3 0 63.6506 91.1146
6 4 0 69.194 94.3157
6 5 1 88.6811 114.849
6 7 1 95.5433 143.283
6 8 1 64.4483 94.6515
6 9 1 98.7688 109.491
6 10 0 70.8811 88.7183
6 11 0 6.60305 6.89234
6 12 1 76.0256 89.1572
6 13 0 0.00796216 0.00828406
6 14 1 22.4338 24.972
6 15 0 93.1621 127.045
6 16 1 19.113 22.6554
6 17 0 22.3946 24.5809
6 18 0 51.8403 54.2987
6 19 0 7.27881 10.631
6 20 1 45.7389 51.0404
6 21 1 73.8856 87.9768
6 22 1 92.7794 95.5991
6 23 0 79.7953 117.951
6 24 0 45.6138 47.4594
6 25 0 55.5023 73.324
6 26 0 3.36128 4.51997
6 27 1 29.464 33.8846
6 28 0 11.7522 15.6184
6 29 0 34.6891 38.6523
6 30 0 39.9505 42.6126
6 31 0 34.9405 40.5474
6 32 0 22.0996 28.6818
6 33 0 34.3239 34.7515
6 34 1 44.3964 49.7367
6 35 0 58.6377 63.7773
6 36 0 15.832 22.4244
6 37 0 44.067 58.2894
6 38 0 85.6468 107.279
6 39 0 25.6829 26.3608
6 40 0 75.1457 77.0254
7 1 1 33.8169 35.7485
7 2 0 65.7813 85.7706
7 3 1 93.0523 109.199
7 4 0 69.3909 89.3953
7 5 0 69.7118 72.5182
7 6 1 41.8044 59.5757
7 8 1 40.017 54.6345
7 9 0 28.1752 37.6896
7 10 0 44.3571 66.0912
7 11 1 35.1681 41.0984
7 12 0 92.9322 121.158
7 13 1 5.4764 7.07076
7 14 0 87.609 112.013
7 15 0 77.4982 108.265
7 16 1 98.8165 146.654
7 17 0 76.7341 108.985
7 18 0 19.4631 21.805
7 19 0 19.0893 25.6129
7 20 1 15.477 21.1802
7 21 0 70.846 106.127
7 22 0 5.93743 7.66308
7 23 0 66.0039 98.7632
7 24 0 98.4712 136.956
7 25 0 16.8901 20.049
7 26 1 1.36462 1.44117
7 27 0 60.3351 68.6575
7 28 1 1.46072 1.5741
7 29 0 5.94838 6.83223
7 30 1 8.48037 11.9904
7 31 1 30.0801 38.1311
7 32 0 98.9135 119.554
7 33 1 30.4897 31.6292
7 34 0 0.303699 0.340859
7 35 1 69.32 100.43
7 36 0 11.0852 15.9275
7 37 0 9.9317 14.5798
7 38 0 45.7566 56.5664
7 39 1 38.7858 48.9589
7 40 1 10.8704 12.0728
8 1 1 31.917 33.4886
8 2 0 9.74585 12.8979
8 3 1 96.4001 124.061
8 4 1 19.4014 21.1156
8 5 0 21.813 25.8689
8 6 0 44.0538 52.078
8 7 0 29.4552 29.9123
8 9 1 24.0607 26.7434
8 10 1 66.1252 68.4443
8 11 0 29.5966 37.0975
8 12 1 56.7209 67.2674
8 13 0 65.211 86.9998
8 14 0 78.7575 105.425
8 15 1 53.3087 67.9417
8 16 1 7.38763 8.9716
8 17 1 14.7022 15.7771
8 18 0 10.407 13.2124
8 19 0 14.5637 18.3916
8 20 1 72.9035 97.3368
8 21 0 26.8382 38.4605
8 22 1 16.6478 21.9673
8 23 0 40.8524 53.1832
8 24 0 90.331 119.101
8 25 0 27.7634 34.0441
8 26 0 21.2906 23.7169
8 27 0 12.1635 12.3173
8 28 1 88.9769 105.236
8 29 0 66.7865 86.3205
8 30 0 48.093 71.2369
8 31 0 61.4488 81.3099
8 32 0 74.4612 81.3374
8 33 0 46.946 50.2574
8 34 0 91.2929 104.072
8 35 0 39.8385 49.0776
8 36 1 54.0784 57.0879
8 37 0 23.5799 34.0922
8 38 1 63.8989 70.5174
8 39 0 53.0517 64.1336
8 40 0 81.1287 120.74
9 1 0 39.8538 57.7099
9 2 0 59.9709 70.4068
9 3 0 60.4493 74.3167
9 4 0 19.544 24.6056
9 5 0 98.5358 105.88
9 6 1 4.26333 4.56035
9 7 0 61.7252 72.7426
9 8 0 76.5817 79.1123
9 10 1 72.0181 86.3219
9 11 0 68.449 96.8884
9 12 0 66.3706 69.9117
9 13 0 21.5982 26.8075
9 14 0 8.57469 12.6287
9 15 0 7.37032 8.74177
9 16 0 71.5549 97.7784
9 17 0 66.3739 92.1458
9 18 0 0.519261 0.713166
9 19 0 48.3112 55.9748
9 20 0 7.81039 10.0523
9 21 0 23.9274 26.6312
9 22 0 53.3599 70.1575
9 23 1 31.0795 34.4568
9 24 0 98.5185 116.153
9 25 0 14.8731 15.9471
9 26 0 34.7919 48.8775
9 27 1 73.3825 88.8221
9 28 0 22.4741 33.0243
9 29 0 54.4897 54.8417
9 30 0 8.66668 11.3428
9 31 0 75.8764 82.9986
9 32 0 50.3402 67.894
9 33 1 84.3006 101.397
9 34 0 51.8996 72.9974
9 35 0 26.6366 33.3122
9 36 0 81.5195 85.0441
9 37 1 81.045 116.775
9 38 0 40.533 59.9676
9 39 1 38.1876 41.8678
9 40 0 19.916 26.854
10 1 0 27.2251 40.2211
10 2 0 17.1282 21.2137
10 3 1 30.7633 44.6816
10 4 1 60.8197 61.1137
10 5 0 81.3739 98.2162
10 6 1 73.5408 91.223
10 7 0 47.2387 62.9281
10 8 0 96.1728 110.454
10 9 0 72.9246 80.262
10 11 1 46.0212 53.3963
10 12 0 31.4903 32.6119
10 13 0 96.9486 123.558
10 14 0 97.4581 113.245
10 15 1 45.9352 50.6562
10 16 1 42.0034 61.3824
10 17 0 38.8866 54.4312
10 18 0 27.9012 31.0848
10 19 1 66.219 90.8583
10 20 0 16.8279 24.0504
10 21 0 78.0563 97.7653
10 22 0 85.9182 120.311
10 23 0 69.7695 96.0751
10 24 0 47.0885 52.0123
10 25 0 37.1269 54.7059
10 26 0 40.2241 42.9987
10 27 1 50.6043 69.0479
10 28 0 22.7713 26.8397
10 29 0 40.029 46.2723
10 30 0 47.1379 68.2821
10 31 0 75.3619 84.8455
10 32 1 2.03057 2.86998
10 33 0 27.2622 33.0702
10 34 1 6.04264 8.23626
10 35 0 72.3973 93.6935
10 36 0 56.772 62.5697
10 37 1 0.961091 1.08643
10 38 0 96.5828 105.14
10 39 0 92.3756 126.472
10 40 0 69.195 78.127
11 1 0 12.5826 17.5823
11 2 1 78.4697 103.959
11 3 0 99.6739 118.974
11 4 0 33.4189 46.7733
11 5 0 51.4872 72.9131
11 6 0 46.6023 47.2786
11 7 1 70.7389 71.3718
11 8 0 22.8919 30.1452
11 9 0 45.0207 47.8963
11 10 0 81.405 88.5724
11 12 1 85.0781 85.9129
11 13 1 27.7808 35.4884
11 14 0 67.4602 73.912
11 15 0 58.6553 66.2647
11 16 0 91.6612 102.361
11 17 0 23.9557 31.9429
11 18 1 54.5213 80.0333
11 19 0 68.1613 90.6589
11 20 1 82.231 83.7633
11 21 1 10.6749 10.7182
11 22 0 90.6479 122.262
11 23 1 86.3266 114.585
11 24 0 95.1494 103.966
11 25 1 70.1032 94.6483
11 26 0 73.3953 90.535
11 27 0 53.3761 73.7031
11 28 0 38.9174 39.382
11 29 0 63.6873 70.6094
11 30 0 20.3656 21.0473
11 31 1 35.2381 46.9291
11 32 0 7.42233 8.29686
11 33 1 87.4746 100.832
11 34 0 21.5545 30.6188
11 35 0 89.9084 90.2819
11 36 1 19.0496 23.1922
11 37 0 90.7841 127.424
11 38 0 96.0208 102.157
11 39 1 66.7298 93.7455
11 40 0 84.2739 109.268
12 1 0 91.6093 92.6048
12 2 0 45.7876 66.835
12 3 1 39.6091 46.8327
12 4 0 36.7829 51.2698
12 5 0 90.7298 103.135
12 6 1 96.9996 107.735
12 7 0 13.6369 14.1862
12 8 0 43.5043 61.0582
12 9 0 9.04091 9.2749
12 10 0 95.8801 122.436
12 11 1 52.1687 55.1455
12 13 1 56.202 83.5564
12 14 0 29.6684 39.3092
12 15 1 91.7473 125.116
12 16 0 33.0158 38.1706
12 17 0 6.79814 9.96171
12 18 0 95.1877 97.5984
12 19 0 20.5094 30.031
12 20 0 49.9581 65.4807
12 21 0 92.9483 103.397
12 22 0 70.6237 86.6944
12 23 0 28.3617 42.0339
12 24 0 71.4387 95.4588
12 25 1 88.4036 95.8992
12 26 1 8.95757 10.4266
12 27 1 91.6356 128.863
12 28 1 68.5838 87.9689
12 29 0 98.6918 137.128
12 30 1 97.3043 104.175
12 31 0 23.9792 28.047
12 32 1 91.5059 131.207
12 33 0 82.349 107.583
12 34 0 13.3871 17.2184
12 35 0 93.9936 98.3085
12 36 0 19.0668 28.395
12 37 0 55.6129 59.8409
12 38 0 97.5529 99.6523
12 39 1 19.1621 21.9599
12 40 0 77.3444 100.153
13 1 0 82.0251 123.03
13 2 0 79.6127 103.07
13 3 0 77.2645 90.3901
13 4 0 56.3139 67.1971
13 5 1 17.9388 18.3754
13 6 0 19.5515 22.6302
13 7 0 64.6014 77.2108
13 8 0 10.0607 10.1509
13 9 0 78.0446 87.8566
13 10 1 55.4643 81.1144
13 11 0 26.9451 39.0281
13 12 0 76.1636 104.294
13 14 1 57.1364 60.1758
13 15 0 89.1597 125.692
13 16 0 6.67019 9.85588
13 17 0 5.9667 8.28525
13 18 0 3.44817 3.58225
13 19 0 12.3108 16.6224
13 20 1 8.53735 11.8249
13 21 0 5.11765 6.57671
13 22 0 7.41852 8.85557
13 23 0 91.4223 129.218
13 24 0 14.8616 21.0706
13 25 0 50.4999 65.2243
13 26 0 1.48259 1.66481
13 27 1 49.6502 55.2552
13 28 1 85.9445 113.526
13 29 0 33.4611 41.9841
13 30 1 72.2313 78.0582
13 31 0 74.3934 104.749
13 32 0 59.17 87.3857
13 33 1 81.0469 98.5481
13 34 0 14.2295 17.6299
13 35 1 4.02178 5.38681
13 36 1 35.4138 49.4552
13 37 0 26.1518 28.5161
13 38 0 34.7578 47.7555
13 39 0 68.4955 85.5708
13 40 0 39.598 54.9183
14 1 1 51.3076 64.5417
14 2 0 94.059 95.4714
14 3 0 51.1202 67.4839
14 4 0 50.6205 58.0433
14 5 0 73.1259 75.3956
14 6 0 70.8764 78.2704
14 7 0 31.4278 45.4838
14 8 0 82.0051 86.8319
14 9 1 66.9789 93.1194
14 10 1 82.9667 88.7972
14 11 1 80.1149 83.5358
14 12 0 91.2935 113.518
14 13 0 13.6196 15.8635
14 15 1 60.9302 90.2416
14 16 0 97.4831 128.385
14 17 0 65.6491 78.3516
14 18 0 91.0403 106.65
14 19 0 44.5112 49.6034
14 20 1 72.8418 96.699
14 21 1 79.7502 106.835
14 22 0 24.9565 26.6423
14 23 0 56.87 77.6234
14 24 0 20.1161 24.677
14 25 1 91.7458 123.764
14 26 0 2.53697 3.1756
14 27 0 48.7744 54.2442
14 28 0 50.9996 66.0972
14 29 0 27.3564 28.8625
14 30 0 4.62262 5.08598
14 31 1 15.5214 20.4261
14 32 0 98.9103 142.799
14 33 0 20.9576 31.0506
14 34 0 91.3606 118.259
14 35 0 97.2412 144.072
14 36 0 38.7878 56.5849
14 37 0 20.6492 27.3143
14 38 0 6.193 7.55028
14 39 0 81.3324 118.181
14 40 0 14.5728 21.4443
15 1 0 54.432 55.0017
15 2 0 33.7083 44.9592
15 3 0 53.0957 62.0892
15 4 0 88.8321 130.816
15 5 0 55.0785 79.914
15 6 1 36.1351 37.7066
15 7 0 92.4545 123.748
15 8 0 85.7078 101.964
15 9 1 50.7992 74.222
15 10 0 66.8446 94.7591
15 11 0 33.7956 33.935
15 12 0 23.4347 33.9608
15 13 0 14.5311 19.4108
15 14 1 20.0295 24.3212
15 16 1 26.7115 28.7752
15 17 0 0.355883 0.470949
15 18 0 33.0526 37.8158
15 19 0 55.1578 55.3304
15 20 0 85.6171 112.659
15 21 0 68.0689 77.417
15 22 0 42.4261 62.5551
15 23 1 50.5203 54.934
15 24 0 34.0241 41.4015
15 25 0 89.2709 113.277
15 26 0 57.737 73.9135
15 27 0 24.0073 31.103
15 28 1 37.4146 44.9916
15 29 1 67.1487 80.5801
15 30 0 48.1822 55.7232
15 31 1 14.2672 18.2222
15 32 0 26.7544 27.5092
15 33 1 17.228 18.6675
15 34 1 7.18104 9.65176
15 35 0 99.5724 119.178
15 36 0 90.1962 131.358
15 37 0 54.61 72.3965
15 38 0 76.3285 89.05
15 39 1 73.6856 110.294
15 40 1 71.2805 82.6539
16 1 1 85.4929 122.265
16 2 1 53.9209 60.8483
16 3 0 84.9008 100.282
16 4 0 16.7855 19.3073
16 5 1 59.6386 68.236
16 6 0 79.9679 102.126
16 7 0 11.0082 11.7285
16 8 1 83.072 96.067
16 9 0 97.5558 98.9404
16 10 0 62.2499 85.0863
16 11 0 60.6449 67.515
16 12 0 63.4997 71.5188
16 13 0 71.4588 81.6088
16 14 0 46.672 68.7426
16 15 0 38.7798 53.6815
16 17 1 61.5054 64.9189
16 18 1 39.4952 43.5839
16 19 0 58.6096 84.7296
16 20 0 29.5346 29.6082
16 21 0 99.7103 110.759
16 22 0 17.4727 23.4037
16 23 0 25.6417 34.9143
16 24 0 57.4023 77.836
16 25 1 10.9776 15.2555
16 26 0 28.0923 32.8788
16 27 0 52.5411 57.945
16 28 1 34.9662 40.8835
16 29 0 87.8365 88.5533
16 30 1 33.5208 47.3202
16 31 0 77.4055 81.1259
16 32 1 28.3974 38.0665
16 33 1 99.8808 133.366
16 34 0 96.3657 143.65
16 35 0 79.5069 85.2286
16 36 0 58.7332 81.9689
16 37 0 58.6712 78.5368
16 38 0 82.7141 101.165
16 39 0 46.6721 48.1704
16 40 1 83.3497 119.201
17 1 0 81.9594 84.5763
17 2 0 71.9833 79.979
17 3 0 75.1322 104.325
17 4 0 64.6904 96.3024
17 5 1 95.1233 97.3324
17 6 0 69.7834 85.5057
17 7 1 37.6083 39.1436
17 8 0 29.536 39.5213
17 9 0 50.9954 73.2102
17 10 0 74.8717 103.493
17 11 0 37.1677 40.9945
17 12 0 68.6292 78.731
17 13 0 67.389 75.138
17 14 0 46.3215 67.7917
17 15 0 90.8593 116.255
17 16 0 68.065 89.2471
17 18 1 5.43672 6.41367
17 19 1 59.487 75.879
17 20 0 59.6971 61.7047
17 21 0 25.2033 28.2633
17 22 0 57.3881 60.4332
17 23 0 76.3778 77.9365
17 24 0 77.3786 109.624
17 25 1 4.93517 6.23937
17 26 0 22.0042 28.8774
17 27 0 88.2482 106.548
17 28 1 51.6343 58.6352
17 29 1 13.453 14.2503
17 30 0 89.9302 130.202
17 31 0 53.6746 65.8642
17 32 0 14.4819 20.6097
17 33 0 30.5117 32.0127
17 34 1 48.7186 64.7409
17 35 0 7.06788 7.86607
17 36 0 46.526 60.8322
17 37 1 76.6205 97.4891
17 38 0 45.3367 58.5905
17 39 1 75.0666 87.5151
17 40 1 44.2129 61.0812
18 1 0 85.7201 112.414
18 2 0 97.3479 126.179
18 3 0 80.066 94.3949
18 4 0 49.3891 64.0712
18 5 1 7.37914 7.63531
18 6 0 21.1623 29.5001
18 7 0 50.9942 68.5069
18 8 1 8.71842 10.2641
18 9 0 62.2528 92.756
18 10 0 91.1705 132.033
18 11 1 61.47 84.596
18 12 0 10.9328 12.6491
18 13 0 86.613 115.486
18 14 1 28.5738 39.7389
18 15 0 0.791776 0.803195
18 16 0 51.829 66.6581
18 17 0 58.4047 86.0241
18 19 1 56.4289 69.6868
18 20 0 63.3346 75.7856
18 21 1 1.67918 1.95342
18 22 0 98.9171 128.088
18 23 0 40.5505 60.5174
18 24 0 3.94173 4.91329
18 25 0 73.6143 78.8987
18 26 1 5.08282 6.7337
18 27 0 76.4232 91.2965
18 28 1 97.4525 145.527
18 29 1 22.437 23.733
18 30 0 36.2262 43.6919
18 31 1 26.9618 29.6936
18 32 1 1.97022 2.74543
18 33 0 13.4898 18.7251
18 34 0 64.2709 93.6809
18 35 0 94.8422 125.01
18 36 0 22.0441 25.9548
18 37 0 88.7788 110.361
18 38 1 10.5513 13.5377
18 39 0 99.7855 142.967
18 40 0 66.4895 92.8614
19 1 0 26.0045 34.3971
19 2 1 15.9358 16.2069
19 3 0 18.781 26.2973
19 4 0 83.0939 86.7584
19 5 0 23.4389 26.9742
19 6 0 68.6091 97.2907
19 7 0 33.6903 42.4362
19 8 0 17.4252 18.3062
19 9 0 46.9483 62.7528
19 10 1 53.41 73.9608
19 11 0 35.3696 42.8848
19 12 1 5.58196 7.52358
19 13 0 48.905 65.6698
19 14 0 22.0537 32.6735
19 15 0 41.0633 48.8349
19 16 0 97.7292 107.572
19 17 0 96.6106 107.482
19 18 0 97.9573 133.199
19 20 1 0.801683 1.12305
19 21 0 33.5956 42.9835
19 22 0 48.1457 56.9879
19 23 0 0.870196 1.20995
19 24 1 25.3882 33.0734
19 25 0 33.1021 41.2071
19 26 0 0.219913 0.31598
19 27 1 70.0596 102.213
19 28 0 94.8 103.109
19 29 0 4.71445 5.37585
19 30 0 74.6356 108.29
19 31 0 44.0262 48.4544
19 32 1 84.1095 106.331
19 33 0 99.6871 109.829
19 34 0 35.759 50.1991
19 35 0 23.0901 33.7211
19 36 0 73.8797 90.7703
19 37 1 80.9722 86.741
19 38 0 32.9835 48.2863
19 39 0 81.9771 109.489
19 40 1 99.3643 100.763
20 1 0 16.1646 20.0699
20 2 0 85.2039 91.55
20 3 0 94.351 113.83
20 4 0 66.9311 73.9297
20 5 1 51.7194 74.9435
20 6 1 99.2422 139.766
20 7 1 83.5177 101.047
20 8 1 41.571 48.7557
20 9 0 95.5286 103.368
20 10 1 37.753 55.6719
20 11 1 98.6896 110.216
20 12 1 52.6281 75.9517
20 13 0 73.7819 90.3729
20 14 0 65.0353 70.1729
20 15 0 40.1974 44.5269
20 16 0 48.2668 59.7246
20 17 0 96.0772 122.657
20 18 0 42.1758 51.0104
20 19 0 93.3267 124.877
20 21 1 62.7733 68.812
20 22 1 19.5613 28.4048
20 23 0 59.7251 76.7613
20 24 1 26.1677 26.7102
20 25 0 91.6572 111.21
20 26 0 37.8902 45.1912
20 27 1 67.5113 68.621
20 28 0 14.8672 17.9161
20 29 0 40.6402 51.2399
20 30 0 73.7513 107.59
20 31 1 65.1228 86.9481
20 32 0 57.9675 58.3073
20 33 1 0.677982 0.751552
20 34 1 89.1567 95.1125
20 35 0 13.4749 16.217
20 36 0 96.1532 143.752
20 37 1 31.5151 37.232
20 38 1 72.5496 90.5008
20 39 0 72.5491 94.041
20 40 1 56.0427 75.6252
21 1 0 55.7877 78.9831
21 2 1 63.4783 83.7521
21 3 0 32.2271 38.8735
21 4 0 7.21462 10.3469
21 5 0 8.06872 10.6296
21 6 1 84.6039 88.6224
21 7 0 17.5545 23.3435
21 8 0 81.6694 86.5544
21 9 0 21.0385 23.0761
21 10 0 60.5942 69.7821
21 11 0 6.89234 7.355
21 12 0 37.2768 53.4609
21 13 0 78.8724 102.012
21 14 1 48.4544 69.9006
21 15 0 20.1736 24.9861
21 16 0 71.5696 90.1165
21 17 0 55.8557 82.6197
21 18 1 79.0455 94.5753
21 19 1 78.7536 83.0618
21 20 0 22.5047 27.531
21 22 1 1.38527 1.97677
21 23 1 64.4752 89.5954
21 24 1 17.0602 19.9196
21 25 0 82.2617 89.6594
21 26 1 71.9088 93.853
21 27 0 9.05953 12.8856
21 28 0 14.1479 19.8756
21 29 0 66.9483 68.7481
21 30 0 98.7384 109.95
21 31 1 19.5371 19.613
21 32 1 68.2418 88.4994
21 33 1 7.68003 9.0539
21 34 0 59.7621 65.8167
21 35 0 70.8039 87.9163
21 36 1 39.2725 49.1721
21 37 0 36.3538 40.8551
21 38 0 82.2323 122.896
21 39 0 56.3132 82.5536
21 40 0 40.5524 52.4116
22 1 0 4.92822 7.20493
22 2 0 11.7559 15.4714
22 3 0 72.1364 97.5758
22 4 0 56.3194 77.4416
22 5 0 93.8324 118.085
22 6 0 99.4947 146.498
22 7 0 78.2037 79.1036
22 8 1 37.1062 40.9101
22 9 1 28.5868 41.8467
22 10 1 57.0059 76.677
22 11 0 70.9557 72.127
22 12 0 81.984 97.5349
22 13 1 58.6597 82.5384
22 14 0 14.7541 19.6916
22 15 0 21.0155 26.5782
22 16 1 69.334 85.9968
22 17 0 71.7793 99.2618
22 18 0 13.9053 20.1094
22 19 1 90.881 97.4063
22 20 1 49.9516 50.0984
22 21 0 12.4632 17.4374
22 23 1 94.793 131.951
22 24 1 52.2948 55.2268
22 25 1 60.2466 70.2599
22 26 0 85.5288 93.0429
22 27 1 10.5005 11.3093
22 28 0 13.4796 14.571
22 29 1 30.3162 34.8383
22 30 0 49.516 51.3235
22 31 0 71.9946 72.0056
22 32 0 22.4889 28.9619
22 33 0 44.7025 63.1781
22 34 1 99.6906 116.344
22 35 0 19.5166 20.008
22 36 0 37.5804 44.8399
22 37 0 40.3316 46.1021
22 38 0 59.0691 82.9859
22 39 0 13.1725 14.2825
22 40 1 9.66006 11.5332
23 1 0 46.0171 60.6101
23 2 1 9.00578 10.126
23 3 1 50.8932 53.3393
23 4 1 90.0476 114.546
23 5 1 35.162 45.7252
23 6 1 27.432 29.518
23 7 0 39.5401 59.1095
23 8 0 73.8472 96.0946
23 9 0 62.7576 67.4733
23 10 0 89.5979 125.054
23 11 0 97.3453 132.289
23 12 1 60.0656 85.5728
23 13 1 29.3796 30.2602
23 14 1 56.7092 65.4257
23 15 1 50.1316 68.4141
23 16 1 94.6747 141.82
23 17 0 61.3726 88.4261
23 18 0 25.4484 34.9044
23 19 1 73.4964 84.536
23 20 0 34.3529 43.9302
23 21 0 30.0104 44.2167
23 22 0 10.6292 12.3123
23 24 1 37.1822 45.5073
23 25 0 82.6664 116.686
23 26 0 94.8184 140.578
23 27 0 91.3689 122.966
23 28 0 24.024 34.0289
23 29 1 66.6097 94.2332
23 30 0 96.6915 98.6298
23 31 0 48.9722 55.7665
23 32 0 11.4513 13.7617
23 33 0 24.8554 26.7444
23 34 0 55.0355 73.9262
23 35 0 53.0685 60.6775
23 36 0 35.092 37.1974
23 37 0 15.1307 17.8063
23 38 0 62.3765 86.8527
23 39 0 45.1012 64.2422
23 40 1 38.1506 50.3109
24 1 1 54.3484 73.6542
24 2 0 72.3929 102.363
24 3 1 66.3518 94.3881
24 4 0 81.6168 100.959
24 5 0 1.43684 1.82419
24 6 1 84.3095 114.226
24 7 0 66.2038 68.68
24 8 0 51.78 55.0513
24 9 0 7.07109 8.45785
24 10 0 97.1199 142.532
24 11 0 36.8076 43.8801
24 12 1 43.7334 64.0222
24 13 0 46.1875 51.1658
24 14 0 82.7229 110.294
24 15 0 40.1674 45.5812
24 16 0 23.9002 26.1107
24 17 0 56.927 61.7962
24 18 0 45.4474 60.0577
24 19 1 68.623 101.265
24 20 0 94.2733 139.385
24 21 0 33.0237 39.5841
24 22 1 74.2459 75.539
24 23 0 97.8195 109.801
24 25 1 90.6846 135.108
24 26 1 75.7931 77.4769
24 27 0 46.7345 56.124
24 28 0 16.4373 20.9485
24 29 0 72.6695 82.0663
24 30 1 81.5351 108.037
24 31 0 46.7054 48.4164
24 32 1 25.4246 27.8497
24 33 0 20.781 28.319
24 34 0 22.2383 27.7321
24 35 1 88.5752 132.808
24 36 0 40.1562 42.8372
24 37 1 77.1457 87.347
24 38 0 87.947 101.614
24 39 0 74.6509 93.7904
24 40 0 58.2171 76.095
25 1 0 82.8117 94.5944
25 2 0 55.1368 74.5233
25 3 1 90.3432 117.704
25 4 1 81.2572 105.108
25 5 0 69.085 97.8419
25 6 0 6.38605 7.15861
25 7 0 95.0728 117.092
25 8 0 17.5151 23.5099
25 9 0 11.8914 17.6321
25 10 1 30.2765 40.6379
25 11 0 51.4979 63.8231
25 12 0 51.7163 56.0647
25 13 0 65.2 70.4586
25 14 1 68.4947 89.4093
25 15 0 62.0764 86.2039
25 16 0 43.9866 61.7084
25 17 1 84.4477 113.33
25 18 0 83.6584 111.534
25 19 1 62.7968 75.0302
25 20 0 76.6261 114.177
25 21 0 91.193 107.086
25 22 0 4.74135 5.4532
25 23 1 53.4543 61.2294
25 24 0 12.4109 14.1026
25 26 1 31.3333 46.8542
25 27 0 75.5686 79.806
25 28 0 86.5629 94.0601
25 29 0 39.4137 57.4405
25 30 0 58.2133 70.72
25 31 0 78.9831 102.136
25 32 1 15.1382 21.9306
25 33 0 27.0806 37.1643
25 34 1 11.9705 17.3882
25 35 1 25.316 37.6129
25 36 1 16.0729 24.0342
25 37 1 81.5003 113.513
25 38 0 26.1082 34.4829
25 39 0 58.7284 73.1577
25 40 1 75.047 94.0858
26 1 0 37.0519 54.1918
26 2 0 35.6823 43.9598
26 3 1 34.2472 37.6588
26 4 0 62.9641 90.149
26 5 0 0.477856 0.591797
26 6 0 86.4545 116.445
26 7 0 31.4794 36.0184
26 8 1 3.0446 4.41257
26 9 1 62.6495 88.3527
26 10 0 70.5874 82.3067
26 11 1 25.8326 27.6637
26 12 0 84.8909 87.1915
26 13 0 50.0851 56.0376
26 14 0 16.343 22.5829
26 15 0 48.1819 56.8491
26 16 1 29.0135 41.5802
26 17 0 25.0708 36.4028
26 18 1 67.927 79.7496
26 19 1 55.4686 62.7224
26 20 0 74.3634 80.6686
26 21 0 89.8066 112.557
26 22 1 89.5855 119.37
26 23 1 97.4048 112.024
26 24 0 60.8342 69.1635
26 25 0 60.609 83.1136
26 27 1 76.0781 105.429
26 28 1 72.8943 75.0591
26 29 0 62.2715 69.2457
26 30 1 46.2686 61.3259
26 31 1 55.1103 62.1384
26 32 0 88.6394 128.197
26 33 1 81.7454 99.3663
26 34 0 93.24 126.621
26 35 1 18.1231 24.2044
26 36 0 59.4526 69.4027
26 37 0 40.3125 54.6621
26 38 0 74.7233 111.273
26 39 1 40.8128 51.2494
26 40 0 11.648 17.2956
27 1 0 36.4585 45.3348
27 2 0 93.2589 118.511
27 3 1 33.9228 42.1409
27 4 0 80.6106 102.842
27 5 0 15.4944 18.3675
27 6 0 14.4652 20.1184
27 7 0 90.9882 125.076
27 8 1 82.2492 90.8646
27 9 0 48.0534 50.2062
27 10 0 19.4548 27.4348
27 11 1 88.156 108.74
27 12 0 84.545 95.1215
27 13 0 48.8699 63.6668
27 14 1 82.3682 89.24
27 15 0 53.1256 57.1807
27 16 1 34.4252 37.3247
27 17 1 94.3822 130.654
27 18 0 51.9594 76.161
27 19 0 57.1107 71.8552
27 20 0 62.1927 85.3315
27 21 1 38.1042 48.6863
27 22 0 17.2762 19.5292
27 23 0 40.8364 59.3439
27 24 1 40.6653 60.909
27 25 0 88.2293 93.2572
27 26 1 8.322 12.0917
27 28 1 64.5201 85.3276
27 29 1 4.80346 4.99032
27 30 0 94.4175 124.636
27 31 0 28.1539 37.4267
27 32 1 36.5702 46.4244
27 33 0 83.7406 118.307
27 34 1 95.2133 106.387
27 35 0 95.7853 105.531
27 36 0 97.0302 103.53
27 37 0 95.6107 96.8447
27 38 1 86.5897 112.846
27 39 0 67.8477 74.4556
27 40 0 40.7319 54.4046
28 1 1 69.0645 92.1253
28 2 0 31.6873 38.0136
28 3 0 62.9549 90.698
28 4 1 81.4388 119.923
28 5 0 75.9027 79.6669
28 6 0 35.0949 49.8202
28 7 1 51.2629 73.0574
28 8 0 83.0461 116.617
28 9 0 34.1894 41.1989
28 10 0 47.5701 56.8339
28 11 0 15.5885 17.1076
28 12 0 39.1081 48.5395
28 13 1 56.8846 57.501
28 14 0 56.6088 68.5688
28 15 0 16.1901 20.503
28 16 0 58.9152 82.7779
28 17 0 6.94971 6.98021
28 18 0 24.4922 35.2451
28 19 0 37.2449 50.373
28 20 0 50.3478 73.5348
28 21 0 95.8466 103.124
28 22 1 77.4377 94.2006
28 23 0 21.5119 29.2718
28 24 0 62.8255 63.9597
28 25 1 10.337 13.8895
28 26 0 61.7061 91.1001
28 27 0 24.749 28.6609
28 29 1 8.39373 10.3269
28 30 1 42.9902 62.5681
28 31 1 75.6536 87.2607
28 32 0 57.2052 77.5708
28 33 0 58.2223 72.7983
28 34 0 69.4128 84.7062
28 35 0 9.67142 13.5437
28 36 0 87.2016 94.3118
28 37 0 95.3557 135.475
28 38 0 9.315 13.377
28 39 0 47.7106 49.3542
28 40 1 7.36671 7.75478
29 1 0 94.9281 103.312
29 2 0 30.3799 37.2776
29 3 0 62.8995 83.1039
29 4 0 51.2993 70.4593
29 5 0 73.4818 106.587
29 6 0 61.697 72.4629
29 7 0 97.9714 126.037
29 8 0 12.6422 14.5731
29 9 1 12.3157 13.9154
29 10 0 37.2048 41.4817
29 11 0 73.6864 74.6502
29 12 1 43.6887 61.507
29 13 1 71.8978 106.846
29 14 1 65.2951 68.3989
29 15 0 88.5986 98.1158
29 16 1 67.509 90.1538
29 17 1 43.6232 54.5302
29 18 0 14.2215 17.3082
29 19 0 19.778 25.2729
29 20 0 48.1437 57.899
29 21 0 55.8521 56.9384
29 22 1 50.2162 71.6889
29 23 0 75.9412 86.4061
29 24 0 85.6887 110.495
29 25 0 0.412351 0.446503
29 26 0 22.4076 31.1881
29 27 0 4.85355 5.86579
29 28 1 42.4999 42.7817
29 30 1 75.2577 82.5036
29 31 1 37.383 40.3959
29 32 1 77.7691 89.9784
29 33 0 14.7991 16.9714
29 34 0 37.2222 37.3291
29 35 1 27.7596 39.513
29 36 0 44.527 64.4889
29 37 0 32.9645 40.6036
29 38 0 65.0329 90.3941
29 39 0 71.6799 86.317
29 40 0 66.4091 77.9347
30 1 0 10.9038 14.1545
30 2 1 8.00725 11.0441
30 3 0 5.4104 8.05697
30 4 0 6.72438 8.0497
30 5 0 55.9367 83.6885
30 6 1 27.9157 36.5205
30 7 0 56.111 69.6401
30 8 0 2.55513 2.8873
30 9 0 36.0809 44.7876
30 10 0 41.7241 52.3453
30 11 1 16.6289 18.4954
30 12 0 3.72215 3.98158
30 13 0 28.015 30.955
30 14 1 44.1334 52.3458
30 15 0 57.5495 66.1278
30 16 1 21.6199 22.1271
30 17 1 94.262 136.112
30 18 0 32.6646 39.1034
30 19 0 34.0447 39.3255
30 20 1 98.3759 111.895
30 21 0 55.7518 75.9853
30 22 0 49.6227 52.1478
30 23 0 61.3273 62.1541
30 24 1 82.6093 107.759
30 25 0 94.5895 127.903
30 26 1 30.5051 31.6444
30 27 0 94.216 98.8918
30 28 0 76.226 94.9143
30 29 0 55.9263 62.7561
30 31 1 97.5851 135.737
30 32 0 65.3459 71.4974
30 33 1 88.7774 94.2038
30 34 0 23.4433 28.7501
30 35 0 11.1446 16.3124
30 36 1 13.1526 17.4854
30 37 0 53.6646 56.2018
30 38 0 33.713 49.5125
30 39 0 4.25212 5.34196
30 40 0 89.9874 133.728
31 1 0 69.3817 103.587
31 2 1 81.0494 100.16
31 3 0 83.6253 90.1924
31 4 1 84.5824 123.663
31 5 1 96.1704 126.605
31 6 0 44.175 57.4339
31 7 0 42.8373 60.4134
31 8 0 70.5422 73.7853
31 9 0 48.0721 64.8481
31 10 0 54.5653 75.1887
31 11 0 61.1425 74.7104
31 12 1 79.1447 81.6747
31 13 1 46.9643 52.3341
31 14 1 28.987 39.258
31 15 0 30.3352 35.7935
31 16 0 40.3115 52.8787
31 17 0 89.19 114.883
31 18 0 97.5634 119.252
31 19 0 10.9233 14.5866
31 20 0 20.3018 24.6903
31 21 0 17.4112 23.9725
31 22 1 2.97436 3.43455
31 23 0 8.25894 12.0743
31 24 0 48.4919 53.992
31 25 0 62.8631 85.7541
31 26 1 87.7949 88.5667
31 27 0 89.6113 95.6464
31 28 0 20.1828 27.1286
31 29 0 42.0712 46.355
31 30 0 35.8878 46.2353
31 32 1 91.197 99.7883
31 33 0 89.5908 119.537
31 34 0 11.9334 14.1508
31 35 0 22.6835 30.5817
31 36 1 98.9719 113.654
31 37 0 97.2346 106.642
31 38 0 5.48305 6.15573
31 39 0 12.8814 13.0875
31 40 0 11.5464 14.1263
32 1 0 98.0687 116.958
32 2 0 53.5469 74.2605
32 3 1 83.6788 115.805
32 4 1 28.7479 32.0608
32 5 0 15.2393 17.9743
32 6 0 96.4397 143.854
32 7 0 42.8479 62.9916
32 8 0 3.71429 4.52671
32 9 0 63.0152 90.9117
32 10 0 6.201 8.13169
32 11 0 90.5986 92.6311
32 12 0 93.3598 124.706
32 13 1 54.7387 78.716
32 14 0 32.4881 37.6268
32 15 0 21.1586 22.7877
32 16 1 64.039 66.6077
32 17 0 90.8123 129.934
32 18 0 22.2633 27.9715
32 19 0 40.5906 54.6748
32 20 0 27.6426 32.6459
32 21 0 18.8459 26.5808
32 22 0 2.11715 2.48159
32 23 0 24.4655 26.9709
32 24 0 75.6076 78.1591
32 25 1 48.8329 55.4929
32 26 0 48.1946 58.7357
32 27 0 18.2806 18.4515
32 28 0 91.4574 135.312
32 29 0 69.9872 98.0642
32 30 0 66.3788 71.5202
32 31 1 14.2447 14.2838
32 33 1 0.15054 0.204507
32 34 0 92.7329 115.911
32 35 0 1.32509 1.75761
32 36 1 20.0809 26.0062
32 37 0 86.3326 120.107
32 38 1 66.463 87.3977
32 39 0 16.0044 23.2933
32 40 0 36.0327 39.5563
33 1 1 25.9904 27.9402
33 2 0 67.602 95.3793
33 3 0 70.385 81.0646
33 4 0 70.8643 73.4153
33 5 0 39.1076 53.8917
33 6 1 37.7621 51.4402
33 7 0 72.0536 99.9048
33 8 0 20.6802 29.8772
33 9 0 68.8636 100.242
33 10 0 81.4882 97.2096
33 11 0 27.7028 39.0951
33 12 0 94.1424 121.942
33 13 1 30.7643 45.517
33 14 0 83.8889 89.5606
33 15 0 10.2973 14.7091
33 16 1 61.9207 74.8498
33 17 1 89.8146 105.872
33 18 0 24.6637 28.0236
33 19 1 61.823 70.7272
33 20 0 58.186 61.1768
33 21 0 66.8601 75.4036
33 22 0 51.1298 65.512
33 23 1 79.5703 103.17
33 24 0 14.7714 16.3982
33 25 1 85.7788 111.277
33 26 0 91.1507 125.765
33 27 0 98.9438 133.214
33 28 0 1.65601 2.0636
33 29 0 49.0432 58.5514
33 30 1 42.77 56.4981
33 31 0 55.3752 60.7924
33 32 0 79.9681 83.9835
33 34 1 8.05381 11.6401
33 35 1 19.983 25.9385
33 36 0 34.4011 42.8301
33 37 0 45.326 62.7467
33 38 0 45.4891 49.293
33 39 1 35.6425 51.8003
33 40 0 26.0389 37.1989
34 1 0 66.5719 69.3159
34 2 0 99.1323 136.866
34 3 0 14.8823 21.2569
34 4 0 17.5026 23.7547
34 5 0 59.8944 85.8196
34 6 0 60.3051 71.7302
34 7 1 60.2781 67.7727
34 8 0 94.7199 101.577
34 9 0 74.6472 108.942
34 10 0 22.3439 25.3802
34 11 1 70.0198 83.9184
34 12 0 79.4021 104.663
34 13 0 2.45553 2.8948
34 14 0 26.3177 28.3397
34 15 0 39.6277 59.2848
34 16 0 4.17816 4.37552
34 17 0 82.6337 89.3037
34 18 0 88.4531 132.267
34 19 1 32.243 36.8048
34 20 0 23.4784 26.3048
34 21 1 84.7664 117.779
34 22 0 65.6497 81.4662
34 23 1 22.4133 27.8395
34 24 1 56.6971 63.6174
34 25 0 47.2719 65.9785
34 26 0 21.8995 25.0789
34 27 0 95.7231 142.903
34 28 1 95.1352 140.045
34 29 1 77.0938 97.4003
34 30 1 59.0717 78.5357
34 31 0 17.5071 20.8768
34 32 0 36.4884 51.9055
34 33 0 26.6758 32.2346
34 35 1 74.9815 102.614
34 36 0 37.4954 37.9892
34 37 1 16.8768 23.6631
34 38 0 30.643 33.4288
34 39 1 96.1854 133.336
34 40 0 15.1101 21.3374
35 1 1 15.222 17.3099
35 2 1 92.0524 105.662
35 3 0 48.3247 69.7232
35 4 1 41.1335 61.1049
35 5 1 64.6513 80.4096
35 6 1 83.0112 118.502
35 7 1 62.4301 84.0152
35 8 1 58.0708 68.0241
35 9 1 82.2116 106.019
35 10 0 80.1761 90.4372
35 11 0 67.0936 69.552
35 12 0 84.054 92.9772
35 13 0 47.921 53.4028
35 14 0 82.4904 99.0704
35 15 0 84.7011 87.1571
35 16 1 7.74582 10.4093
35 17 0 22.2819 26.5327
35 18 0 30.6406 31.9262
35 19 0 85.1879 108.994
35 20 1 2.23051 3.20151
35 21 0 41.4941 43.0327
35 22 0 16.5008 18.5409
35 23 0 30.2127 44.654
35 24 1 48.0237 51.8193
35 25 0 72.091 81.6257
35 26 1 92.5622 99.3819
35 27 0 47.973 71.1664
35 28 0 35.9185 45.7918
35 29 1 93.0642 137.066
35 30 1 31.6411 39.1499
35 31 1 72.3006 94.9971
35 32 0 81.7773 106.308
35 33 0 33.9919 41.6869
35 34 0 23.0155 34.1082
35 36 1 69.6595 100.735
35 37 1 81.3959 90.9706
35 38 0 40.1905 43.2735
35 39 1 39.8846 54.1403
35 40 0 6.68128 8.73012
36 1 1 88.1757 122.439
36 2 0 62.2819 86.4507
36 3 0 19.9958 27.77
36 4 0 91.7252 130.077
36 5 1 21.7007 22.4632
36 6 0 12.7892 16.8995
36 7 0 23.9929 30.244
36 8 0 49.0499 57.16
36 9 0 92.1272 124.256
36 10 0 47.3271 60.2794
36 11 1 77.9505 114.859
36 12 0 55.3509 69.0743
36 13 0 94.7285 103.432
36 14 0 53.4534 76.7231
36 15 1 85.3257 86.9722
36 16 1 34.8611 40.6249
36 17 0 81.4673 89.0755
36 18 0 17.0707 18.7152
36 19 1 11.9089 15.0921
36 20 0 31.2761 39.8337
36 21 0 81.0822 88.9481
36 22 0 7.44051 10.5353
36 23 1 20.6989 23.793
36 24 0 27.1496 36.4196
36 25 1 47.9948 64.3177
36 26 0 13.7718 20.5029
36 27 0 2.59134 2.68968
36 28 1 10.1613 13.821
36 29 0 42.5238 61.0497
36 30 0 80.2054 88.988
36 31 1 43.6641 60.6341
36 32 0 91.637 110.285
36 33 0 13.7629 20.4721
36 34 0 55.6157 74.7192
36 35 0 29.0725 30.8773
36 37 1 17.2858 22.6644
36 38 0 34.4882 40.7261
36 39 0 62.3649 73.7974
36 40 1 63.3256 86.696
37 1 0 29.0046 30.0744
37 2 0 99.3594 105.583
37 3 0 0.506647 0.525858
37 4 0 32.9324 33.0168
37 5 1 97.2537 110.63
37 6 0 65.141 66.9388
37 7 0 43.6499 60.5044
37 8 1 59.3678 68.4022
37 9 0 69.0396 93.0763
37 10 0 20.3913 22.271
37 11 1 5.85498 6.83647
37 12 0 40.5225 47.9164
37 13 0 92.3259 104.924
37 14 0 93.8331 126.288
37 15 0 68.729 96.3137
37 16 1 52.6379 60.216
37 17 0 33.1879 42.6394
37 18 1 45.3154 60.1219
37 19 1 44.0963 55.3051
37 20 0 19.3484 22.561
37 21 0 10.0914 14.6844
37 22 0 95.1563 96.1026
37 23 0 70.1247 96.5017
37 24 1 12.1979 16.3012
37 25 0 69.4656 80.8991
37 26 1 40.5515 56.1578
37 27 0 82.1759 102.018
37 28 1 67.6108 78.6115
37 29 0 85.476 93.6868
37 30 0 22.0183 23.4081
37 31 1 52.7267 56.4246
37 32 1 95.3244 122.074
37 33 1 7.72539 11.3351
37 34 0 61.915 74.4732
37 35 0 64.6066 92.6723
37 36 0 72.027 84.0186
37 38 1 0.908518 1.34288
37 39 0 24.0165 27.4512
37 40 0 11.3816 16.7416
38 1 0 49.5863 65.0368
38 2 1 14.0748 19.4138
38 3 0 52.4335 55.3171
38 4 0 91.2409 118.377
38 5 1 30.5569 30.9473
38 6 0 23.4643 33.9242
38 7 0 70.261 72.7395
38 8 0 97.6738 121.335
38 9 1 16.5331 23.1592
38 10 1 88.9349 133.22
38 11 0 86.8485 99.4681
38 12 0 8.08659 10.9926
38 13 1 57.2949 70.1843
38 14 1 12.9894 17.8506
38 15 0 91.4513 117.218
38 16 0 53.4358 57.535
38 17 0 50.3361 67.3636
38 18 0 21.5597 25.4037
38 19 1 40.5175 40.8865
38 20 0 3.38332 5.01155
38 21 0 5.93694 8.15054
38 22 0 76.0685 79.6232
38 23 1 63.1811 94.5308
38 24 1 46.8976 48.5119
38 25 1 25.7745 30.482
38 26 0 4.73101 5.2565
38 27 1 82.8952 95.1549
38 28 0 63.4837 64.7956
38 29 0 76.4044 88.3755
38 30 1 19.8118 26.7036
38 31 1 37.5848 49.2481
38 32 1 88.2237 100.355
38 33 0 83.0981 89.2795
38 34 1 20.7877 25.5399
38 35 1 71.9446 74.2585
38 36 1 8.80232 11.5003
38 37 0 16.9715 24.8433
38 39 1 67.1188 83.7116
38 40 0 70.8222 100.42
39 1 1 76.8849 102.866
39 2 0 81.036 95.1468
39 3 1 43.3724 63.9548
39 4 0 58.6073 78.7698
39 5 0 39.3226 52.2444
39 6 0 73.4902 105.696
39 7 0 34.0459 47.9017
39 8 0 17.9104 26.848
39 9 0 36.7436 43.2941
39 10 0 28.8847 39.7277
39 11 1 96.0552 119.88
39 12 0 85.563 90.2517
39 13 0 29.2686 32.319
39 14 0 10.7135 13.2603
39 15 1 76.9814 97.8026
39 16 0 13.4345 19.1006
39 17 0 95.25 100.862
39 18 0 61.7354 80.5003
39 19 0 55.6582 74.0302
39 20 0 65.7381 90.517
39 21 0 64.1339 70.2652
39 22 0 79.6502 87.4804
39 23 0 94.2867 119.168
39 24 1 37.3567 45.4292
39 25 0 89.0707 100.982
39 26 1 50.0136 51.9819
39 27 0 59.8285 59.8493
39 28 0 54.5754 71.4164
39 29 0 47.9227 71.2658
39 30 0 28.017 35.5489
39 31 0 81.8643 97.2328
39 32 0 77.7916 99.8167
39 33 1 98.0252 135.8
39 34 1 5.17601 6.89701
39 35 0 92.8376 107.911
39 36 0 49.4416 71.5717
39 37 1 6.73344 7.59082
39 38 0 10.2122 13.8654
39 40 1 18.4321 25.2834
40 1 1 39.0329 41.437
40 2 0 86.5261 92.2766
40 3 0 86.7704 125.822
40 4 1 87.6289 114.486
40 5 0 64.975 78.9375
40 6 0 31.6807 40.4531
40 7 0 85.638 117.68
40 8 0 78.7317 98.7778
40 9 0 58.0252 71.4941
40 10 0 1.12968 1.28948
40 11 1 76.8472 92.034
40 12 0 69.4816 71.5466
40 13 0 98.8465 143.153
40 14 1 77.3407 81.5348
40 15 0 92.7836 119.297
40 16 0 50.6938 76.0112
40 17 0 35.5234 41.5268
40 18 0 69.3738 82.4144
40 19 0 14.1201 20.6019
40 20 1 8.96277 12.8997
40 21 0 21.6053 27.0295
40 22 0 42.8235 62.1891
40 23 1 77.2417 102.619
40 24 1 66.7914 99.7229
40 25 1 36.445 49.9695
40 26 0 9.98765 10.0586
40 27 1 19.869 20.7116
40 28 1 94.5418 135.268
40 29 1 29.4799 31.4792
40 30 0 50.6525 60.9402
40 31 1 61.1239 67.1164
40 32 1 41.7041 52.886
40 33 1 64.771 84.5353
40 34 0 79.4456 113.327
40 35 0 0.297773 0.336444
40 36 1 69.6967 84.3946
40 37 0 62.5013 80.8638
40 38 0 10.6051 11.5985
40 39 1 0.630227 0.677698
7.78355 34.7645 4.83986 39.4108 35.3041 34.1334 20.9652 14.5915 37.2002 17.531 23.5796 17.0845 30.7482 25.6207 35.3135 25.9694 1.13085 15.8938 34.2496 28.3064 6.26678 24.2619 32.7837 23.0225 9.47886 3.84214 2.76226 9.45673 37.3856 27.7747 0.115269 20.9159 25.2745 37.1643 28.4577 8.27885 14.8831 29.1038 14.406 5.77132 