40
300
3
100
1 2 1 87.5259 111.839
1 3 0 49.1985 54.7403
1 4 0 51.7673 60.4765
1 5 1 81.5427 87.3074
1 6 0 55.4766 63.3417
1 7 0 33.4395 39.5652
1 8 0 94.3666 108.541
1 9 0 68.7359 95.0295
1 10 0 48.0295 69.2841
1 11 1 24.5526 25.8086
1 12 0 38.2763 49.6969
1 13 1 95.5986 110.553
1 14 1 98.8061 130.457
1 15 0 47.5631 64.8051
1 16 0 43.086 48.7625
1 17 0 89.5449 120.367
1 18 0 92.576 121.034
1 19 0 32.1176 42.5831
1 20 0 81.4005 89.3546
1 21 0 79.4078 85.8791
1 22 0 29.5699 42.5426
1 23 1 13.0431 17.7869
1 24 1 57.5314 74.6465
1 25 0 63.1474 72.9003
1 26 0 10.4478 13.6932
1 27 0 18.3792 23.2374
1 28 0 99.2062 114.604
1 29 0 17.4488 19.0969
1 30 0 34.4487 35.5215
1 31 1 81.0945 111.087
1 32 0 2.10995 2.67334
1 33 1 81.7462 88.2432
1 34 0 69.0428 96.4738
1 35 0 12.9181 16.1243
1 36 0 88.3282 91.5046
1 37 0 95.6819 119.014
1 38 1 4.62411 6.29884
1 39 0 24.0623 25.4215
1 40 0 45.5926 57.3477
2 1 0 95.2822 139.479
2 3 1 54.9104 81.7287
2 4 0 7.05548 9.10746
2 5 0 82.1288 90.8177
2 6 0 1.16533 1.28636
2 7 0 97.1798 113.086
2 8 0 79.5888 84.0832
2 9 0 64.8954 75.9763
2 10 0 99.1662 116.388
2 11 0 37.103 44.636
2 12 0 68.1659 97.8101
2 13 0 33.6314 42.6328
2 14 0 41.1834 56.0662
2 15 0 21.8061 30.904
2 16 1 31.4095 43.6882
2 17 0 85.1314 87.443
2 18 0 19.1575 20.4184
2 19 0 70.1498 98.3812
2 20 0 85.745 122.923
2 21 0 53.3298 64.6435
2 22 0 36.5496 39.7741
2 23 1 62.7241 73.6404
2 24 0 55.0176 68.84
2 25 0 86.303 112.148
2 26 0 46.3727 67.124
2 27 0 90.4357 134.103
2 28 0 27.0871 29.0832
2 29 0 95.1378 95.5822
2 30 0 52.8392 57.1791
2 31 0 68.5986 78.0305
2 32 0 3.7059 5.33447
2 33 0 33.1126 39.8216
2 34 0 8.28544 8.46918
2 35 0 89.4363 122.916
2 36 1 97.643 105.848
2 37 0 80.2382 101.953
2 38 0 89.8944 94.2165
2 39 1 20.6452 27.6646
2 40 1 13.155 19.2565
3 1 0 16.1139 18.3052
3 2 0 49.4477 71.3312
3 4 1 15.6964 19.0232
3 5 0 19.183 21.5338
3 6 0 98.9074 127.648
3 7 1 83.936 112.393
3 8 1 56.0154 57.1918
3 9 0 45.7915 52.1947
3 10 0 98.8575 110.452
3 11 0 95.5053 106.972
3 12 1 84.1497 116.866
3 13 0 57.3129 68.9748
3 14 1 32.3496 35.1157
3 15 0 70.0654 71.0418
3 16 0 96.4804 119.157
3 17 0 10.4603 13.6117
3 18 0 85.5021 103.087
3 19 0 18.1888 19.114
3 20 0 46.0144 60.2867
3 21 1 13.8252 15.229
3 22 0 36.5038 54.1881
3 23 0 93.6986 113.62
3 24 0 24.9563 27.5984
3 25 1 23.7514 24.7893
3 26 1 77.8358 81.7204
3 27 0 58.9714 77.7114
3 28 0 10.1414 13.0341
3 29 0 67.6354 100.766
3 30 1 75.7163 106.519
3 31 0 65.7958 83.9778
3 32 0 64.3187 78.8946
3 33 0 91.5301 127.738
3 34 0 72.3138 73.175
3 35 0 96.3785 108.655
3 36 0 21.7628 23.6169
3 37 0 63.7529 87.5901
3 38 0 42.6349 50.2692
3 39 0 2.87203 3.88712
3 40 0 51.213 71.5896
4 1 0 3.41975 3.63011
4 2 0 64.2215 78.0092
4 3 0 3.721 5.52529
4 5 1 9.44329 12.1999
4 6 1 75.4605 80.1728
4 7 0 4.49854 4.9223
4 8 0 20.9799 23.0487
4 9 0 41.3104 54.3921
4 10 0 38.8998 50.5928
4 11 1 75.4807 108.371
4 12 0 36.4029 42.5241
4 13 0 27.4155 38.4004
4 14 0 86.0525 98.3846
4 15 0 48.5219 68.6793
4 16 0 8.75225 10.0812
4 17 0 89.3866 123.449
4 18 0 37.9782 56.8861
4 19 0 3.34341 4.9084
4 20 0 23.9109 34.9951
4 21 0 86.8725 99.2197
4 22 1 68.6985 87.6396
4 23 0 6.98772 10.2848
4 24 1 51.5089 66.113
4 25 0 21.6009 31.9336
4 26 0 69.6923 84.2903
4 27 0 41.9957 50.4312
4 28 0 17.7726 25.1115
4 29 0 7.20725 8.56224
4 30 0 98.2056 107.661
4 31 0 60.1065 74.5873
4 32 1 13.2948 17.2338
4 33 0 36.4031 53.2647
4 34 0 80.467 103.124
4 35 0 11.7831 14.7822
4 36 0 99.0442 125.128
4 37 0 49.5819 52.2188
4 38 0 15.568 16.9369
4 39 0 65.2042 96.7297
4 40 0 24.4494 33.5367
5 1 1 70.4945 70.9165
5 2 0 15.1291 20.625
5 3 0 96.5992 137.006
5 4 0 51.8856 59.5947
5 6 1 74.23 98.3701
5 7 0 63.5123 71.3734
5 8 1 42.2479 53.4251
5 9 0 83.9533 123.317
5 10 0 5.46856 6.12432
5 11 0 57.2304 71.8461
5 12 0 30.3906 37.5825
5 13 1 61.9318 68.3997
5 14 1 22.8694 33.4123
5 15 0 60.9588 78.5219
5 16 0 38.1325 50.6884
5 17 0 69.29 82.8786
5 18 1 34.041 40.0493
5 19 0 45.7275 50.456
5 20 0 32.2506 42.6074
5 21 0 59.5298 80.9684
5 22 0 30.0588 38.8242
5 23 0 25.4916 33.9643
5 24 0 8.88134 10.3832
5 25 0 65.0116 71.3114
5 26 0 79.9615 93.6001
5 27 0 92.8612 112.544
5 28 0 63.9414 82.401
5 29 0 17.5709 20.224
5 30 0 84.1593 120.055
5 31 0 34.7698 44.878
5 32 0 87.8142 113.332
5 33 0 10.4046 10.8967
5 34 0 18.8314 23.622
5 35 0 28.0725 38.9227
5 36 0 34.1151 48.6971
5 37 0 15.5483 19.0767
5 38 0 27.1181 32.8381
5 39 0 66.4985 85.9424
5 40 0 3.97443 5.45874
6 1 0 75.3296 86.132
6 2 0 92.6269 136.514
6 3 0 23.4633 31.5296
6 4 0 93.1594 134.943
6 5 0 50.0023 60.2991
6 7 1 84.1957 99.042
6 8 0 21.0022 24.8787
6 9 0 4.57943 6.3212
6 10 0 22.6083 30.7831
6 11 1 88.7065 91.6455
6 12 0 77.2019 82.4039
6 13 0 76.959 77.8134
6 14 1 13.9208 18.0819
6 15 0 8.8546 10.9842
6 16 0 71.7628 107.517
6 17 0 28.8427 40.0869
6 18 0 76.8748 95.8477
6 19 0 67.0495 89.038
6 20 0 15.9292 18.7665
6 21 0 41.0734 60.6429
6 22 0 12.1875 16.1167
6 23 1 32.6771 32.9489
6 24 0 40.2754 56.4655
6 25 0 97.8419 111.58
6 26 0 99.4787 146.451
6 27 0 22.3337 33.292
6 28 0 27.287 34.202
6 29 0 19.2786 24.5641
6 30 0 95.4999 116.13
6 31 0 73.7393 81.07
6 32 1 2.53347 3.48523
6 33 0 89.345 106.568
6 34 0 12.2695 13.0186
6 35 0 78.312 105.203
6 36 0 13.3351 17.3766
6 37 1 1.58052 1.818
6 38 1 93.2634 124.873
6 39 0 89.8619 132.674
6 40 0 78.2153 85.1927
7 1 0 0.648115 0.715314
7 2 0 3.3725 3.81851
7 3 1 66.2062 80.0529
7 4 0 19.9514 29.7723
7 5 0 76.162 100.375
7 6 0 61.7612 63.7942
7 8 1 49.823 73.1269
7 9 0 38.7991 51.6987
7 10 0 87.4649 99.6517
7 11 0 1.19022 1.21708
7 12 1 74.0458 78.0994
7 13 0 87.2192 104.503
7 14 1 1.81044 2.35205
7 15 0 28.0471 34.8979
7 16 0 55.3089 73.03
7 17 0 58.6788 75.5498
7 18 0 65.1113 77.4794
7 19 0 48.387 61.7962
7 20 0 28.937 29.6472
7 21 0 52.5354 61.5571
7 22 1 9.46171 13.6146
7 23 0 64.735 87.4594
7 24 0 86.3357 128.092
7 25 0 64.8982 83.078
7 26 1 97.5661 98.0788
7 27 0 63.2502 78.8662
7 28 0 49.35 54.1996
7 29 0 44.6953 64.9182
7 30 0 17.4698 22.2363
7 31 0 22.5346 25.6777
7 32 0 45.282 63.1735
7 33 0 7.58215 7.70112
7 34 0 63.764 84.3243
7 35 0 36.5613 41.091
7 36 0 23.0249 34.1844
7 37 0 10.2628 10.7924
7 38 0 79.9665 95.9973
7 39 0 91.5198 96.878
7 40 0 81.6005 111.581
8 1 1 80.2877 81.9391
8 2 0 86.4942 87.5971
8 3 0 93.6544 113.708
8 4 0 7.50865 9.9989
8 5 0 22.0434 24.3765
8 6 0 71.2319 103.433
8 7 0 81.5584 102.352
8 9 1 25.2655 28.7924
8 10 0 49.1279 71.6241
8 11 0 85.7921 125.2
8 12 0 12.1167 14.3413
8 13 0 95.1976 124.093
8 14 0 54.3159 61.0431
8 15 0 93.0147 94.4363
8 16 1 44.631 61.8393
8 17 0 87.1138 106.996
8 18 0 18.8592 21.6706
8 19 0 32.8392 42.0961
8 20 0 89.5096 115.129
8 21 0 58.9333 60.8434
8 22 0 98.8449 125.006
8 23 0 51.4047 74.4965
8 24 0 25.0479 30.7044
8 25 1 58.7692 72.7482
8 26 0 48.9675 60.6753
8 27 1 33.8501 34.6848
8 28 0 7.26287 9.83596
8 29 0 13.2698 14.9526
8 30 1 92.8722 101.441
8 31 0 48.5614 54.3169
8 32 0 46.4089 52.1207
8 33 0 72.0855 101.432
8 34 0 88.0684 94.8276
8 35 1 67.094 93.4669
8 36 0 17.8646 19.9389
8 37 0 33.1416 39.5468
8 38 0 95.2047 101.241
8 39 0 0.250524 0.369816
8 40 0 44.1036 59.0628
9 1 0 8.20075 9.59646
9 2 1 4.61521 6.05035
9 3 0 87.1969 118.368
9 4 0 40.8894 41.5543
9 5 0 39.6132 57.3846
9 6 0 44.2436 56.3292
9 7 1 44.5294 62.7739
9 8 1 49.4776 62.248
9 10 1 54.2479 74.9145
9 11 0 10.564 11.8624
9 12 0 67.1685 80.7156
9 13 0 27.6091 35.4716
9 14 0 5.53352 6.87692
9 15 1 47.5877 68.4622
9 16 0 19.2695 23.1903
9 17 0 28.7028 35.939
9 18 0 93.8136 103.436
9 19 0 33.2096 47.4091
9 20 0 35.8977 40.064
9 21 0 99.6056 125.336
9 22 0 96.3805 115.775
9 23 0 3.81354 4.57724
9 24 0 4.04026 5.22533
9 25 0 70.6472 90.3032
9 26 0 8.96034 11.1061
9 27 0 5.35179 6.32901
9 28 0 67.6625 76.3598
9 29 1 39.4089 51.1091
9 30 1 34.9765 50.5529
9 31 1 46.5978 65.4654
9 32 0 70.7276 103.875
9 33 1 4.1504 4.82311
9 34 1 82.8534 99.0842
9 35 0 96.4272 122.515
9 36 1 71.2602 79.599
9 37 0 21.9809 25.6692
9 38 0 26.0968 29.896
9 39 1 45.3682 57.0808
9 40 0 78.9625 91.8557
10 1 0 33.0108 41.8083
10 2 0 94.2373 110.488
10 3 0 54.2559 76.6757
10 4 0 14.8717 20.2035
10 5 0 67.8838 90.3107
10 6 1 16.9983 23.9128
10 7 0 25.8247 30.2155
10 8 0 95.0035 96.0752
10 9 0 17.9621 18.4245
10 11 1 32.5841 35.5907
10 12 0 34.3201 47.2704
10 13 0 37.994 56.3586
10 14 1 90.9526 127.6
10 15 0 22.3003 31.704
10 16 1 97.1497 97.4416
10 17 0 69.5229 98.9732
10 18 0 79.193 79.5024
10 19 0 73.0668 80.1208
10 20 0 29.9425 32.0358
10 21 0 54.4894 69.375
10 22 0 88.592 97.6115
10 23 0 43.549 54.7482
10 24 0 66.873 87.4956
10 25 0 61.6234 83.5339
10 26 0 34.2853 37.8366
10 27 0 64.6643 78.3854
10 28 0 82.6144 99.3575
10 29 0 40.1829 50.6074
10 30 0 12.5607 16.1441
10 31 0 64.9468 94.7446
10 32 0 63.3125 81.7489
10 33 0 83.6444 97.8296
10 34 0 93.1711 93.3093
10 35 0 6.86669 9.91487
10 36 0 55.7734 73.6265
10 37 0 51.4691 67.0168
10 38 0 67.4068 91.1173
10 39 0 68.3321 95.4918
10 40 0 1.88198 2.40775
11 1 0 61.7787 76.4127
11 2 0 56.7969 70.0606
11 3 1 1.86508 1.87119
11 4 0 54.1515 78.4238
11 5 1 22.948 32.1715
11 6 0 8.51296 12.6575
11 7 0 87.2924 119.454
11 8 0 6.35847 8.21617
11 9 0 2.06354 2.06802
11 10 1 58.4529 70.9056
11 12 1 11.4475 13.1583
11 13 0 47.8515 66.2601
11 14 0 4.58737 6.86138
11 15 0 86.3175 124.709
11 16 1 81.8353 85.0155
11 17 0 98.5352 129.886
11 18 0 77.2687 95.8015
11 19 0 75.4111 110.967
11 20 0 66.5129 94.321
11 21 0 30.431 41.1935
11 22 0 53.6474 58.2885
11 23 1 18.3124 18.9226
11 24 0 6.93082 9.9349
11 25 0 6.67993 7.25601
11 26 0 3.96157 4.97819
11 27 1 37.248 52.261
11 28 0 41.1602 46.4462
11 29 0 74.0863 76.6886
11 30 0 33.1501 33.2235
11 31 0 85.4979 102.586
11 32 0 27.1956 40.1055
11 33 0 33.7158 43.5412
11 34 0 26.2288 29.6343
11 35 0 0.425574 0.548546
11 36 0 69.6176 93.5481
11 37 0 55.5209 76.6167
11 38 0 74.347 84.5244
11 39 0 6.9689 8.9277
11 40 1 82.0804 115.333
12 1 0 76.6154 93.4286
12 2 0 82.4851 108.47
12 3 0 25.7602 33.418
12 4 1 20.8828 23.576
12 5 1 99.9021 129.018
12 6 0 74.2052 79.6654
12 7 0 90.6465 104.274
12 8 0 80.674 97.1771
12 9 0 38.9679 46.2618
12 10 1 25.9927 28.9159
12 11 0 10.8454 13.8488
12 13 1 40.4697 54.7087
12 14 1 81.2801 83.4431
12 15 0 75.5465 77.8818
12 16 0 52.0066 53.5192
12 17 0 87.5648 117.08
12 18 0 3.18575 3.82916
12 19 1 26.0777 28.5648
12 20 0 73.9944 89.6881
12 21 0 8.16291 12.1157
12 22 1 95.7474 133.796
12 23 0 61.5402 82.1303
12 24 0 23.9998 27.2948
12 25 0 76.141 87.5318
12 26 0 28.3985 35.5847
12 27 0 17.2294 17.6745
12 28 0 49.795 53.7181
12 29 0 88.6498 131.659
12 30 0 90.6387 109.759
12 31 0 93.9608 134.026
12 32 0 39.9788 47.5502
12 33 0 42.8719 62.0624
12 34 0 91.736 92.7481
12 35 0 27.7294 37.8804
12 36 1 27.5999 36.9826
12 37 0 79.3861 103.592
12 38 0 98.7316 129.523
12 39 0 98.5547 131.644
12 40 0 87.8804 119.668
13 1 0 38.0215 54.3127
13 2 0 33.6466 40.3575
13 3 1 52.6222 64.1978
13 4 0 94.2935 121.033
13 5 0 48.3331 49.874
13 6 1 91.952 134.79
13 7 1 76.2349 98.1252
13 8 0 55.2892 57.4872
13 9 0 10.7985 12.5924
13 10 0 24.3115 24.8799
13 11 0 49.4827 69.2824
13 12 0 93.5616 130.919
13 14 1 22.9392 33.2825
13 15 1 29.3441 32.796
13 16 0 45.609 58.0926
13 17 0 23.9884 29.3044
13 18 0 33.2088 46.6499
13 19 0 44.2551 60.8801
13 20 0 16.1629 23.3546
13 21 1 50.6034 62.0861
13 22 1 95.2321 118.736
13 23 1 66.0971 82.0788
13 24 0 27.1683 31.4984
13 25 0 41.8888 47.2746
13 26 0 98.4635 121.633
13 27 0 6.45106 7.75025
13 28 0 3.41762 3.61596
13 29 0 65.2959 67.2347
13 30 0 98.0062 140.464
13 31 0 22.6177 24.417
13 32 0 49.849 52.1852
13 33 0 85.6392 121.13
13 34 0 27.9348 37.7877
13 35 0 79.7534 105.532
13 36 0 25.5125 28.0138
13 37 0 71.5834 85.9726
13 38 0 9.74658 11.5663
13 39 0 58.3643 62.0671
13 40 0 63.8066 80.4738
14 1 0 0.73861 0.861986
14 2 0 77.9443 101.354
14 3 0 6.88572 8.98328
14 4 1 35.7631 46.331
14 5 1 87.1001 129.3
14 6 0 57.8909 68.2168
14 7 1 1.79097 2.27916
14 8 0 48.4545 64.0839
14 9 0 1.97881 2.49682
14 10 0 5.77228 6.7648
14 11 0 70.1077 93.0003
14 12 0 14.5737 20.8776
14 13 0 59.5218 71.2077
14 15 1 36.1993 51.3654
14 16 0 64.8878 86.4297
14 17 0 0.81802 1.08856
14 18 0 55.6721 60.1431
14 19 0 28.3548 34.7057
14 20 0 40.6269 54.8166
14 21 0 14.7631 17.803
14 22 0 22.3833 29.713
14 23 0 59.581 60.2871
14 24 0 95.6839 105.37
14 25 0 53.3244 63.2529
14 26 0 77.4669 112.08
14 27 0 75.2114 91.7571
14 28 0 41.9537 61.3347
14 29 0 62.4362 93.1825
14 30 0 9.28965 12.3105
14 31 0 77.5727 97.3893
14 32 0 15.3696 22.6584
14 33 0 64.56 65.0378
14 34 0 42.5487 62.9861
14 35 0 16.7994 19.7302
14 36 0 90.3051 132.822
14 37 0 2.50688 2.7747
14 38 0 16.1586 22.3338
14 39 0 74.9082 91.7966
14 40 1 71.3752 71.8865
15 1 1 10.0924 11.2652
15 2 1 39.5848 50.342
15 3 0 38.3973 40.8679
15 4 0 73.9677 98.394
15 5 0 22.1545 27.9812
15 6 0 60.7312 89.9827
15 7 0 47.7907 69.9137
15 8 1 14.7412 20.7331
15 9 0 96.2676 109.187
15 10 1 31.1299 42.9992
15 11 0 85.6645 122.594
15 12 1 68.5793 81.9266
15 13 0 23.2629 24.9218
15 14 1 95.3649 101.974
15 16 1 87.3692 99.3001
15 17 0 5.78073 7.64784
15 18 0 81.3358 85.05
15 19 1 47.2261 68.3084
15 20 0 50.4792 51.5049
15 21 0 58.5264 80.5106
15 22 0 11.6919 17.1867
15 23 1 58.8965 75.4014
15 24 0 50.9963 57.3972
15 25 0 60.9479 83.9456
15 26 0 98.5274 109.458
15 27 0 13.8238 16.2554
15 28 1 3.5715 3.75116
15 29 0 7.8525 11.7476
15 30 0 17.7351 20.3136
15 31 0 95.5389 129.365
15 32 0 37.8888 45.1778
15 33 0 74.4119 85.2198
15 34 1 40.2806 50.4732
15 35 1 11.4984 16.2849
15 36 0 95.0214 101.531
15 37 0 41.8225 55.1321
15 38 1 32.8122 44.5784
15 39 0 12.8981 17.0452
15 40 0 91.0685 134.009
16 1 0 38.3949 56.9463
16 2 0 13.724 18.8291
16 3 0 15.5469 22.9541
16 4 0 99.3235 142.969
16 5 0 41.2918 47.0114
16 6 0 52.818 70.2604
16 7 0 35.5993 47.6587
16 8 0 77.5119 103.703
16 9 0 73.6596 76.5776
16 10 0 54.4246 73.8155
16 11 0 99.4194 123.241
16 12 0 36.9368 45.439
16 13 0 30.2053 41.9682
16 14 0 59.1602 74.6717
16 15 0 25.3428 35.109
16 17 1 18.548 22.0118
16 18 0 90.9408 96.2399
16 19 0 95.9288 128.828
16 20 0 63.7801 83.4733
16 21 1 69.7408 70.6937
16 22 0 51.3095 65.0784
16 23 0 97.6992 115.16
16 24 1 32.5478 37.4675
16 25 0 12.8111 15.8737
16 26 0 30.5966 31.0083
16 27 0 29.5707 36.5068
16 28 0 31.0574 43.9666
16 29 0 81.1738 105.608
16 30 0 1.64737 1.78457
16 31 0 96.9355 125.946
16 32 0 62.7211 83.1178
16 33 0 8.70959 8.76627
16 34 0 14.5708 20.6204
16 35 0 62.7317 87.3299
16 36 0 27.8545 30.0541
16 37 0 36.1654 39.548
16 38 0 37.0101 41.5145
16 39 0 86.678 105.128
16 40 0 68.2518 89.9808
17 1 0 56.7828 79.9572
17 2 0 95.0399 123.658
17 3 0 35.3489 52.1745
17 4 0 97 112.215
17 5 0 79.1056 109.55
17 6 1 70.9615 100.079
17 7 0 82.0948 94.6173
17 8 0 77.0251 99.5406
17 9 0 60.913 90.5335
17 10 0 17.2512 18.8327
17 11 0 31.5011 32.7966
17 12 0 52.9222 77.0366
17 13 0 67.3983 94.888
17 14 0 31.9291 32.4622
17 15 0 49.5448 51.1959
17 16 0 61.1448 76.9352
17 18 1 76.2168 88.2483
17 19 0 76.0164 78.7575
17 20 0 7.37259 8.52937
17 21 0 51.0398 72.7262
17 22 0 99.8771 106.03
17 23 0 81.2304 118.048
17 24 1 39.2894 52.8304
17 25 0 75.1532 93.9427
17 26 1 11.0664 11.6939
17 27 0 58.646 59.5241
17 28 0 32.159 42.5619
17 29 0 19.6384 24.6203
17 30 0 78.729 106.062
17 31 0 0.893648 1.0011
17 32 0 50.0493 60.5871
17 33 1 17.464 20.6486
17 34 0 96.195 103.766
17 35 0 95.9451 101.159
17 36 0 96.1008 104.775
17 37 0 66.437 68.1737
17 38 0 33.6538 34.6343
17 39 0 48.035 67.5377
17 40 0 62.6549 81.7329
18 1 0 2.57499 3.04379
18 2 0 19.5913 20.7139
18 3 0 23.4781 31.3845
18 4 0 48.1429 59.4606
18 5 0 98.4686 146.12
18 6 0 16.7193 23.2317
18 7 0 50.0741 52.1001
18 8 0 71.8183 83.8431
18 9 1 37.7464 39.9374
18 10 0 19.5477 20.1555
18 11 0 34.9686 46.1151
18 12 0 49.8055 53.7481
18 13 0 29.6493 40.4313
18 14 1 88.2353 91.2916
18 15 0 82.0014 100.283
18 16 0 4.31821 5.06819
18 17 0 88.4164 104.133
18 19 1 41.7367 62.0377
18 20 1 97.1023 125.626
18 21 0 15.782 17.472
18 22 0 48.2187 57.1855
18 23 0 68.9358 75.262
18 24 0 17.9739 20.5495
18 25 0 32.819 36.2306
18 26 0 67.1981 99.5133
18 27 1 71.3671 71.6581
18 28 0 89.3639 90.5288
18 29 0 20.4267 25.9819
18 30 0 80.4214 99.1981
18 31 0 97.1631 129.823
18 32 0 38.9679 42.2947
18 33 0 87.8075 121.924
18 34 0 69.5204 71.1676
18 35 0 66.8096 97.0814
18 36 0 6.35847 7.96859
18 37 0 93.5394 135.167
18 38 0 39.5511 54.8636
18 39 0 88.2093 97.7587
18 40 0 33.8103 34.1061
19 1 1 38.0322 49.9088
19 2 0 97.3148 131.052
19 3 1 3.85483 3.90038
19 4 0 80.3665 97.3742
19 5 0 55.6616 62.7905
19 6 0 35.1412 50.3185
19 7 0 11.5147 12.3447
19 8 1 46.9189 54.5079
19 9 0 89.5989 131.229
19 10 0 69.0828 78.8454
19 11 0 49.0472 59.0685
19 12 0 41.2914 58.7639
19 13 0 27.8419 38.1146
19 14 1 77.8537 109.031
19 15 0 37.8442 51.1277
19 16 1 70.7743 94.7268
19 17 0 46.3178 63.8909
19 18 1 78.2585 111.931
19 20 1 74.3558 77.3531
19 21 0 64.9155 68.0762
19 22 0 61.4656 86.9265
19 23 0 41.0291 55.9124
19 24 0 22.8295 33.6693
19 25 0 17.1791 18.3088
19 26 0 39.5691 48.0436
19 27 0 52.3861 77.791
19 28 0 10.937 13.6791
19 29 1 86.0261 126.715
19 30 1 79.0285 117.536
19 31 1 80.4518 113.231
19 32 0 31.5335 42.2086
19 33 0 74.4553 110.157
19 34 0 12.6871 13.5308
19 35 1 25.4181 33.9056
19 36 0 96.2446 138.445
19 37 0 7.09058 10.1635
19 38 0 53.3238 56.3869
19 39 0 65.5935 68.5394
19 40 1 32.7402 41.0573
20 1 0 18.1752 24.8384
20 2 0 90.5593 107.904
20 3 1 85.0626 118.477
20 4 0 51.4685 64.3639
20 5 0 63.9319 79.4766
20 6 0 51.2958 69.6646
20 7 0 80.4531 119.059
20 8 0 84.2398 118.646
20 9 0 99.4098 117.166
20 10 0 3.66575 5.07787
20 11 0 10.2878 14.9411
20 12 0 2.96611 3.59201
20 13 0 52.2065 60.0945
20 14 0 83.5152 121.411
20 15 0 70.1615 77.3857
20 16 0 52.9402 55.6608
20 17 0 3.75134 4.85072
20 18 0 79.1457 101.646
20 19 0 40.642 43.7223
20 21 1 63.0465 81.0242
20 22 0 75.8841 100.053
20 23 0 82.2189 111.557
20 24 1 48.708 57.4898
20 25 1 85.6435 99.4154
20 26 1 12.8566 13.513
20 27 0 71.8662 94.1144
20 28 0 34.5571 45.63
20 29 0 29.2251 39.7375
20 30 0 4.08379 4.26216
20 31 0 24.9465 25.4003
20 32 0 7.39517 7.40194
20 33 0 98.259 104.885
20 34 0 3.533 3.57047
20 35 0 5.34741 7.58007
20 36 0 22.169 33.0737
20 37 0 73.8782 85.1099
20 38 0 70.0763 79.5763
20 39 1 12.9922 18.1304
20 40 0 19.7961 25.6066
21 1 0 29.0745 33.9223
21 2 0 73.5352 87.8765
21 3 0 48.3695 53.4701
21 4 0 18.3195 21.7386
21 5 0 28.9215 30.3475
21 6 1 78.4929 103.327
21 7 0 75.741 106.256
21 8 0 68.4198 79.7325
21 9 0 37.108 55.1406
21 10 0 60.6815 66.904
21 11 0 65.2912 75.3668
21 12 0 10.9281 15.8236
21 13 0 1.36995 1.73318
21 14 0 24.7816 27.9205
21 15 0 91.2149 96.7054
21 16 0 97.6734 99.8088
21 17 0 0.388063 0.463309
21 18 0 26.7424 36.5338
21 19 0 55.7135 74.6188
21 20 0 38.8857 48.7493
21 22 1 92.8771 106.37
21 23 0 71.3819 106.518
21 24 0 45.9888 60.5557
21 25 1 66.5842 95.6933
21 26 0 91.9498 95.9506
21 27 0 75.2265 84.1083
21 28 1 51.7994 57.5431
21 29 0 1.16767 1.691
21 30 0 82.4607 120.134
21 31 0 32.2139 47.1999
21 32 0 28.7754 41.8054
21 33 1 29.3672 42.4895
21 34 0 31.7414 32.3693
21 35 1 81.0336 115.798
21 36 0 85.0986 111.3
21 37 1 96.3658 106.654
21 38 1 77.6283 83.9907
21 39 0 41.7073 47.3543
21 40 0 78.5854 96.6809
22 1 0 37.9289 50.2594
22 2 0 95.8249 125.888
22 3 0 62.6017 93.3903
22 4 0 46.6042 54.1252
22 5 1 28.7194 42.3517
22 6 1 77.0263 94.7212
22 7 0 46.7232 54.5572
22 8 1 8.4003 9.96654
22 9 0 70.316 78.5999
22 10 0 31.6433 37.2453
22 11 0 81.034 91.1719
22 12 0 71.7344 76.1505
22 13 0 40.8253 44.0108
22 14 0 76.5795 99.5072
22 15 1 74.0566 105.259
22 16 0 30.0345 43.4972
22 17 0 83.7671 122.917
22 18 0 38.1853 57.0485
22 19 0 40.1968 52.0898
22 20 1 94.5154 133.214
22 21 0 87.0247 128.317
22 23 1 27.0113 29.7842
22 24 0 16.7738 23.709
22 25 0 0.99321 1.28946
22 26 1 83.8661 88.4368
22 27 0 17.5876 19.7277
22 28 0 63.242 74.0737
22 29 0 23.4729 26.9758
22 30 0 60.1994 82.0311
22 31 0 42.6457 44.1621
22 32 0 78.9893 97.8681
22 33 1 27.1808 35.9319
22 34 0 96.5707 142.568
22 35 0 7.47914 7.70925
22 36 0 16.4777 18.2086
22 37 0 58.5788 67.6925
22 38 0 66.6537 95.2719
22 39 0 86.3958 87.02
22 40 1 1.95808 2.88311
23 1 1 9.01948 9.13419
23 2 0 63.7519 94.312
23 3 0 34.464 38.2362
23 4 0 99.6574 137.798
23 5 0 14.9332 17.1059
23 6 0 33.3918 45.1586
23 7 0 50.5758 54.008
23 8 0 74.3907 85.9565
23 9 0 91.4227 119.883
23 10 0 54.3846 62.2897
23 11 1 17.6174 18.6453
23 12 0 78.9713 116.8
23 13 1 54.809 67.0056
23 14 1 89.2004 125.994
23 15 0 84.4418 113.653
23 16 1 69.5565 80.0206
23 17 0 9.37089 10.7112
23 18 0 37.2832 55.349
23 19 0 40.5405 50.643
23 20 0 21.0393 28.1634
23 21 0 16.6882 18.6985
23 22 0 91.7747 95.7937
23 24 1 84.9262 86.1276
23 25 1 75.9615 80.7375
23 26 0 72.6537 104.617
23 27 0 51.1317 66.9714
23 28 0 48.6078 56.3475
23 29 0 89.314 119.495
23 30 1 73.932 76.1224
23 31 0 97.5239 122.332
23 32 1 64.1405 69.7414
23 33 0 19.0123 26.5983
23 34 0 92.3257 105.68
23 35 0 57.6066 83.4412
23 36 1 70.5817 80.7203
23 37 0 94.7417 141.41
23 38 0 35.2689 48.0195
23 39 0 3.40478 4.06296
23 40 0 94.359 139.498
24 1 0 88.1762 126.561
24 2 0 15.8134 16.9603
24 3 1 17.2522 23.1393
24 4 0 88.9615 112.972
24 5 0 36.4306 53.1889
24 6 0 77.3296 110.293
24 7 0 16.6358 24.5805
24 8 0 76.6015 95.7666
24 9 1 54.6412 65.4447
24 10 0 9.1256 12.336
24 11 0 54.3585 56.375
24 12 1 89.0395 126.015
24 13 0 41.6227 48.7341
24 14 1 98.5158 131.468
24 15 1 19.4569 27.8069
24 16 1 28.1873 29.789
24 17 0 41.4957 61.3533
24 18 0 9.53466 9.98119
24 19 1 76.5649 77.3593
24 20 0 47.0214 58.9728
24 21 1 80.7054 89.0121
24 22 0 57.2267 78.3623
24 23 0 84.5685 100.644
24 25 1 36.6788 36.9926
24 26 0 52.8324 72.289
24 27 0 84.1424 91.258
24 28 0 90.3408 94.3959
24 29 0 87.3511 127.268
24 30 1 5.50045 8.12535
24 31 0 78.2356 84.0843
24 32 0 47.7247 48.0269
24 33 0 69.456 102.49
24 34 0 42.0532 61.9141
24 35 0 19.1626 24.1758
24 36 0 79.8742 81.5927
24 37 0 45.7912 52.0881
24 38 0 69.6029 94.1572
24 39 0 66.3153 70.4623
24 40 1 66.8751 73.6931
25 1 0 4.10046 4.54756
25 2 0 16.6149 20.4439
25 3 0 54.2778 71.5318
25 4 0 38.0786 38.9441
25 5 1 24.1799 35.7402
25 6 0 46.1068 67.371
25 7 0 33.069 42.4198
25 8 0 35.2739 42.999
25 9 0 16.5351 17.275
25 10 0 77.5827 81.8354
25 11 1 76.0201 105.532
25 12 0 28.9939 35.8512
25 13 0 45.0062 51.8923
25 14 0 50.3417 56.2355
25 15 0 5.67026 8.20915
25 16 0 91.6867 132.755
25 17 0 43.1716 52.2314
25 18 0 61.5844 61.8725
25 19 0 60.558 90.4992
25 20 0 83.531 100.587
25 21 0 0.0971969 0.115428
25 22 0 36.0408 46.9734
25 23 1 4.71681 5.73424
25 24 0 54.906 70.3811
25 26 1 93.3423 119.809
25 27 0 4.95634 5.69027
25 28 0 3.31563 4.65409
25 29 0 65.8003 92.5146
25 30 0 16.4391 23.8526
25 31 0 75.4465 77.5819
25 32 0 99.9771 149.76
25 33 0 49.0617 71.9339
25 34 0 12.8676 15.0795
25 35 0 9.78374 10.6599
25 36 0 65.7569 83.6469
25 37 1 43.9261 58.149
25 38 0 58.7382 61.7123
25 39 1 8.31829 11.607
25 40 0 87.2992 121.909
26 1 0 11.52 14.4784
26 2 0 68.8283 87.8894
26 3 0 90.0818 130.507
26 4 0 33.5879 37.9185
26 5 0 77.399 103.662
26 6 0 84.0736 119.891
26 7 0 72.1786 83.3332
26 8 0 75.0116 103.502
26 9 0 29.7391 35.8442
26 10 0 15.0389 20.7215
26 11 0 93.5842 98.3168
26 12 1 45.1339 66.4421
26 13 1 85.3667 118.898
26 14 0 48.435 53.3713
26 15 0 29.8562 37.3325
26 16 0 7.94017 11.2291
26 17 0 30.2581 41.5667
26 18 0 59.1956 86.7427
26 19 0 58.5429 81.0189
26 20 1 40.9764 52.9846
26 21 0 1.23065 1.38997
26 22 0 6.24233 9.23073
26 23 0 5.44082 7.49527
26 24 0 84.8143 90.5641
26 25 0 11.2868 15.2024
26 27 1 97.0048 131.154
26 28 0 25.1342 34.4077
26 29 0 74.715 94.9263
26 30 0 13.3554 17.0076
26 31 0 50.3916 69.4157
26 32 0 12.0935 14.4948
26 33 1 64.8112 96.9029
26 34 1 12.2109 14.9386
26 35 1 95.0901 104.079
26 36 0 5.20238 7.31801
26 37 0 73.2625 76.6289
26 38 0 51.8739 62.4555
26 39 0 80.0259 114.522
26 40 1 55.7049 78.5173
27 1 1 25.845 36.1719
27 2 0 28.9196 37.5229
27 3 1 48.5953 53.5565
27 4 1 81.9774 87.4691
27 5 0 25.0856 31.7467
27 6 1 52.6132 69.466
27 7 0 63.8221 84.5498
27 8 0 79.2102 102.433
27 9 0 57.5865 80.0125
27 10 0 91.1718 129.691
27 11 0 31.0659 33.1745
27 12 0 69.6336 83.2353
27 13 0 12.0861 14.5914
27 14 1 85.7799 110.08
27 15 0 22.4885 32.2975
27 16 0 32.4002 41.2411
27 17 0 40.8835 44.1964
27 18 0 23.9678 32.44
27 19 0 67.1816 84.9174
27 20 1 96.8397 139.932
27 21 0 3.4 3.53068
27 22 0 43.7867 48.4743
27 23 0 25.4068 26.0594
27 24 1 21.809 32.2466
27 25 0 49.8278 54.1185
27 26 0 31.2658 41.5097
27 28 1 67.2843 88.1413
27 29 1 52.244 52.7523
27 30 0 44.1232 45.676
27 31 0 80.2781 110.216
27 32 1 60.3251 60.9815
27 33 0 5.9661 8.11773
27 34 0 76.5265 90.4481
27 35 0 63.9143 69.869
27 36 0 78.0961 103.579
27 37 1 84.0347 88.7372
27 38 1 83.532 84.6037
27 39 0 14.661 14.8441
27 40 0 44.6588 63.7029
28 1 0 2.80801 4.15561
28 2 0 26.7023 39.3255
28 3 0 33.6685 46.6524
28 4 0 82.4367 114.165
28 5 1 7.82185 8.98197
28 6 0 99.8006 134.429
28 7 1 93.7781 106.071
28 8 0 65.6855 76.411
28 9 0 94.6824 133.322
28 10 1 8.15155 10.4251
28 11 0 71.9879 102.145
28 12 0 23.0121 33.7997
28 13 0 9.4575 13.4976
28 14 0 65.5146 78.1926
28 15 0 70.3973 79.7533
28 16 0 70.9803 81.416
28 17 0 67.2528 89.6199
28 18 0 3.03102 3.16842
28 19 0 9.44854 12.4009
28 20 0 40.5638 45.837
28 21 1 38.4442 53.1799
28 22 0 46.3057 59.1539
28 23 0 41.5487 52.4488
28 24 0 7.22374 7.98252
28 25 1 60.5214 75.3461
28 26 0 53.241 68.0026
28 27 0 56.4022 77.261
28 29 1 96.0476 134.836
28 30 1 42.3134 47.3537
28 31 0 32.9722 39.1543
28 32 0 5.57482 8.1939
28 33 0 20.8535 21.0599
28 34 0 12.8158 14.1225
28 35 1 61.8458 76.9824
28 36 0 46.8413 68.6357
28 37 0 69.4076 69.602
28 38 0 17.0707 20.0827
28 39 0 65.9954 69.4727
28 40 0 6.81198 9.75812
29 1 0 64.1903 87.0052
29 2 0 56.5281 68.9949
29 3 0 82.4352 123.028
29 4 0 88.0164 116.764
29 5 0 31.4834 41.0855
29 6 1 78.135 83.7253
29 7 0 94.2675 100.522
29 8 0 90.8931 119.241
29 9 0 64.9259 87.2998
29 10 0 92.9021 138.366
29 11 0 20.3443 22.2951
29 12 0 37.2672 53.9809
29 13 0 14.8631 17.5605
29 14 0 50.5781 57.3285
29 15 1 27.1198 40.523
29 16 0 1.54731 1.93548
29 17 0 89.0069 99.5654
29 18 0 34.5215 44.8275
29 19 0 33.9451 48.6911
29 20 1 2.80495 2.86687
29 21 0 90.0907 122.531
29 22 0 54.4341 64.4344
29 23 0 62.0981 78.4293
29 24 0 65.4063 86.5337
29 25 0 26.3374 29.0771
29 26 0 83.5122 110.064
29 27 0 40.5447 50.3288
29 28 0 60.5384 70.5981
29 30 1 52.0251 69.9528
29 31 0 31.4145 33.4804
29 32 0 12.0786 16.6575
29 33 0 39.3078 53.9038
29 34 0 13.4522 14.8398
29 35 0 15.4002 19.965
29 36 0 76.336 111.77
29 37 1 67.8833 90.0931
29 38 0 33.1637 43.771
29 39 0 81.9011 117.851
29 40 0 46.6778 51.5166
30 1 0 83.8762 89.3437
30 2 1 22.9843 27.5489
30 3 0 94.6178 109.35
30 4 0 97.5142 110.009
30 5 0 0.512177 0.548899
30 6 0 4.50678 6.46149
30 7 1 14.7223 21.7247
30 8 0 79.0997 83.7316
30 9 0 42.8153 49.0821
30 10 1 40.5354 54.2027
30 11 0 94.965 98.2219
30 12 0 94.1996 133.235
30 13 1 32.3445 39.5901
30 14 0 14.5013 21.6036
30 15 0 32.6306 33.9485
30 16 0 70.0234 97.5836
30 17 1 6.50393 8.01345
30 18 0 81.9535 111.297
30 19 0 84.6487 92.2221
30 20 0 4.27008 4.38944
30 21 1 95.0933 132.683
30 22 0 13.5402 15.61
30 23 0 83.3002 88.5793
30 24 0 63.8628 79.6555
30 25 0 91.1422 107.232
30 26 0 80.9244 88.9992
30 27 0 23.2605 26.4629
30 28 0 89.9622 117.332
30 29 0 45.5012 53.8436
30 31 1 12.9131 13.0933
30 32 0 34.9348 42.9396
30 33 1 73.1964 84.4165
30 34 0 82.9711 100.901
30 35 0 48.3852 57.5773
30 36 0 47.1162 53.8508
30 37 0 63.3365 85.6129
30 38 1 10.4355 13.5692
30 39 0 11.2272 11.296
30 40 0 2.44377 3.18347
31 1 0 31.0463 45.3892
31 2 0 9.81561 11.0861
31 3 1 72.5151 104.637
31 4 0 76.9989 97.8539
31 5 0 29.3346 43.5345
31 6 0 86.9354 127.012
31 7 0 41.972 44.2977
31 8 0 38.6477 57.5141
31 9 0 51.9922 69.4644
31 10 0 96.8812 110.216
31 11 0 0.939404 1.19789
31 12 0 60.9679 91.3001
31 13 0 90.3184 127.718
31 14 0 8.77284 13.1305
31 15 0 1.39608 1.50201
31 16 0 84.9967 116.378
31 17 0 45.4057 54.0165
31 18 0 45.0527 55.7533
31 19 0 68.9802 91.3684
31 20 0 2.93338 3.99407
31 21 0 45.8687 53.8651
31 22 0 49.756 72.6155
31 23 0 96.9186 109.216
31 24 0 48.8062 55.5971
31 25 0 31.2289 35.5015
31 26 0 18.1499 26.0423
31 27 0 11.6281 14.3094
31 28 0 23.0397 28.8909
31 29 0 99.5305 103.491
31 30 0 64.0146 67.2165
31 32 1 31.1762 40.4671
31 33 0 64.7105 75.7223
31 34 0 40.2172 43.8489
31 35 0 77.5233 83.9017
31 36 1 33.862 41.2065
31 37 1 26.0905 33.5174
31 38 0 26.2835 28.1001
31 39 0 9.38914 13.4956
31 40 0 29.876 32.7632
32 1 0 25.6656 28.9808
32 2 0 3.25008 4.69907
32 3 0 22.978 23.6014
32 4 0 78.4507 105.131
32 5 0 16.0409 17.8878
32 6 0 88.5483 129.325
32 7 0 10.9411 12.9023
32 8 0 24.0855 24.6361
32 9 1 37.764 39.645
32 10 1 61.8263 68.6536
32 11 0 39.8531 42.4794
32 12 0 73.5749 90.917
32 13 0 28.1926 39.7306
32 14 0 5.81182 7.31267
32 15 0 55.8837 67.7206
32 16 0 37.8707 39.7165
32 17 1 0.951159 1.17709
32 18 0 32.132 43.793
32 19 0 58.4702 86.9905
32 20 0 5.56557 7.05649
32 21 0 26.6313 27.7818
32 22 0 79.2203 114.766
32 23 0 98.783 100.461
32 24 0 21.309 24.8149
32 25 1 86.4005 128.633
32 26 0 14.8789 17.1448
32 27 0 88.5683 121.881
32 28 0 99.8971 130.956
32 29 0 66.0529 84.5085
32 30 0 27.0551 39.8689
32 31 0 61.4944 72.4531
32 33 1 86.1356 121.329
32 34 1 65.3057 93.5486
32 35 0 61.8708 63.4235
32 36 0 0.881623 1.2692
32 37 0 58.8264 79.8527
32 38 0 27.5835 39.7217
32 39 0 1.49943 2.17596
32 40 0 13.6193 20.3449
33 1 0 92.9726 98.2278
33 2 0 90.023 120.104
33 3 1 91.1462 104.748
33 4 0 47.2601 70.5965
33 5 0 93.0365 135.077
33 6 0 6.10311 7.70867
33 7 0 95.1247 101.059
33 8 0 91.1784 100.095
33 9 0 77.7276 99.5789
33 10 0 14.9794 16.2689
33 11 0 53.5043 72.0783
33 12 0 92.5467 106.665
33 13 0 32.6562 47.437
33 14 1 95.444 115.409
33 15 0 67.7059 71.496
33 16 1 8.99634 10.9495
33 17 0 86.9962 130.162
33 18 0 92.8494 107.046
33 19 0 30.0963 36.9483
33 20 0 80.831 100.767
33 21 0 36.6791 38.3453
33 22 0 67.2147 73.993
33 23 0 25.8535 34.6865
33 24 0 12.2895 13.1004
33 25 0 69.8136 81.1219
33 26 0 48.9399 59.765
33 27 0 74.896 80.5657
33 28 0 17.4387 18.2507
33 29 0 46.0344 57.5507
33 30 0 43.1208 50.2923
33 31 0 34.1749 38.7491
33 32 0 28.5807 39.6375
33 34 1 74.3629 107.765
33 35 0 61.1859 87.7197
33 36 0 39.7819 53.5281
33 37 0 32.9243 44.5865
33 38 1 46.9972 61.8696
33 39 0 59.319 83.072
33 40 0 99.5545 130.014
34 1 1 94.9967 115.441
34 2 0 56.4959 62.8348
34 3 0 38.4958 47.3202
34 4 0 88.6941 93.5011
34 5 1 0.101511 0.13486
34 6 0 49.2565 73.1141
34 7 0 57.5378 75.1747
34 8 0 11.2539 15.716
34 9 0 68.0129 99.7953
34 10 0 20.0941 21.8605
34 11 1 51.1968 65.5588
34 12 0 33.4949 40.1033
34 13 0 81.5647 121.294
34 14 0 20.3465 25.7594
34 15 0 22.7281 31.5369
34 16 0 57.0223 60.0767
34 17 0 70.4885 102.169
34 18 0 92.0783 119.005
34 19 0 69.8859 80.3966
34 20 0 81.7519 104.439
34 21 1 15.9073 16.3203
34 22 0 17.3269 25.9114
34 23 1 92.7514 138.139
34 24 0 3.94881 5.71636
34 25 0 68.5885 74.8413
34 26 0 5.06472 7.15211
34 27 0 64.8214 86.4845
34 28 0 19.518 22.7394
34 29 1 53.9268 79.4002
34 30 0 76.5532 114.14
34 31 0 53.476 57.7644
34 32 0 58.9364 79.5783
34 33 1 96.7265 108.95
34 35 1 75.9387 82.9158
34 36 1 44.8331 56.5735
34 37 0 12.7888 14.0333
34 38 0 70.8619 75.9234
34 39 0 67.6958 94.0165
34 40 0 53.5807 71.6759
35 1 0 9.4586 11.4514
35 2 1 0.904686 1.18554
35 3 1 60.2443 61.6524
35 4 0 30.3914 40.891
35 5 0 82.6835 101.311
35 6 0 64.0622 76.9663
35 7 0 57.8957 81.7935
35 8 0 70.6517 105.121
35 9 0 96.0536 114.589
35 10 0 42.5632 61.4889
35 11 0 41.0512 53.8508
35 12 0 8.2716 11.8084
35 13 0 19.5767 26.2508
35 14 0 52.2615 53.3572
35 15 0 91.0368 126.632
35 16 0 27.1414 36.5329
35 17 0 21.0132 29.8954
35 18 0 30.9682 39.7823
35 19 1 24.7615 29.5523
35 20 0 47.4503 69.1882
35 21 1 2.56265 2.77839
35 22 0 24.0061 28.1333
35 23 1 17.9115 23.2549
35 24 0 72.1323 107.796
35 25 0 51.9028 55.8864
35 26 0 82.5125 111.763
35 27 0 66.8449 76.3524
35 28 0 72.2507 94.6711
35 29 0 72.4122 76.9494
35 30 0 33.1644 42.4283
35 31 1 55.2458 80.2632
35 32 1 17.9623 20.0902
35 33 0 50.3107 67.2765
35 34 0 31.154 32.7352
35 36 1 94.5336 114.718
35 37 0 74.0173 100.414
35 38 1 62.3314 76.5852
35 39 1 70.1151 87.8282
35 40 0 13.7487 13.9277
36 1 0 59.2905 62.6001
36 2 1 38.8894 47.142
36 3 0 44.2354 47.4232
36 4 0 2.21094 2.25587
36 5 0 3.30915 3.31239
36 6 0 30.7823 34.392
36 7 1 57.8011 80.6303
36 8 0 27.6424 40.1045
36 9 0 90.1013 110.518
36 10 1 63.603 79.5677
36 11 0 62.6191 71.9917
36 12 0 63.959 88.4805
36 13 0 58.9265 62.4537
36 14 0 75.5134 105.813
36 15 0 25.3884 28.7234
36 16 0 54.2912 74.11
36 17 0 65.5605 97.8654
36 18 1 77.2369 84.9564
36 19 0 11.6006 15.1231
36 20 0 92.3737 111.959
36 21 0 88.1829 115.588
36 22 0 71.4621 89.7684
36 23 1 93.2645 106.086
36 24 0 39.0301 41.4328
36 25 0 86.6107 113.326
36 26 0 26.3622 36.5533
36 27 0 71.0432 101.678
36 28 0 89.4243 133.879
36 29 0 78.1692 85.6672
36 30 0 59.9446 67.8117
36 31 0 51.6983 53.3728
36 32 0 4.57891 4.95054
36 33 0 95.6107 105.857
36 34 0 4.66005 4.68278
36 35 0 38.3688 43.2673
36 37 1 5.15639 5.68645
36 38 0 66.3345 79.5651
36 39 1 63.4279 89.6781
36 40 1 67.6846 81.4498
37 1 1 26.3411 37.1096
37 2 0 81.2702 85.6107
37 3 0 10.8691 14.8297
37 4 1 46.5841 53.0064
37 5 0 65.6467 77.7102
37 6 0 38.3835 44.6492
37 7 1 84.7391 89.2193
37 8 0 32.5686 41.5808
37 9 0 26.7428 28.4513
37 10 0 12.1649 15.1832
37 11 0 65.8279 85.5299
37 12 0 30.9748 42.1482
37 13 1 28.4986 35.8886
37 14 0 61.9348 78.4458
37 15 0 35.9787 51.0038
37 16 0 88.0538 96.9094
37 17 0 68.3636 88.8917
37 18 0 22.6371 30.2986
37 19 0 16.9067 18.8086
37 20 0 74.7667 91.5494
37 21 0 21.387 26.0783
37 22 0 32.5325 33.3726
37 23 0 93.0721 102.357
37 24 0 54.3573 75.3053
37 25 0 22.7922 27.9602
37 26 1 89.3162 91.4121
37 27 0 43.5857 60.3851
37 28 0 20.7645 22.4006
37 29 0 48.5005 52.0375
37 30 0 38.6389 49.3752
37 31 0 94.1111 113.137
37 32 0 63.8702 80.8916
37 33 0 15.6981 17.108
37 34 0 37.5236 55.9203
37 35 0 99.2401 129.573
37 36 0 98.7566 99.8809
37 38 1 94.2904 139.331
37 39 0 28.7827 29.1189
37 40 0 38.9664 43.2781
38 1 0 46.2398 58.4828
38 2 0 69.7644 100.548
38 3 0 7.99479 9.76324
38 4 0 88.8577 115.923
38 5 0 15.5566 15.9306
38 6 0 96.277 128.137
38 7 0 24.4711 32.5887
38 8 1 28.0964 40.5964
38 9 0 62.3586 72.6702
38 10 0 8.14641 9.70716
38 11 1 42.9688 52.6184
38 12 0 60.4688 72.8552
38 13 0 94.5424 108.007
38 14 0 13.182 19.1631
38 15 1 93.5094 115.548
38 16 0 36.3071 36.7755
38 17 0 16.7218 17.5383
38 18 0 54.3016 55.2334
38 19 0 13.5555 19.4307
38 20 1 42.6534 60.3645
38 21 0 96.3948 122.393
38 22 0 82.5277 109.462
38 23 0 55.2785 80.0776
38 24 0 78.2523 110.914
38 25 0 87.6204 91.0126
38 26 0 76.6284 105.453
38 27 0 74.6859 95.2981
38 28 1 58.657 68.9736
38 29 0 19.802 25.6549
38 30 0 99.3035 110.331
38 31 0 61.4212 68.8536
38 32 1 7.96588 11.674
38 33 0 73.4989 98.7664
38 34 1 28.0522 33.0699
38 35 0 54.2449 65.5101
38 36 0 44.5772 60.8663
38 37 0 61.7628 79.1592
38 39 1 86.1741 126.502
38 40 0 24.9654 29.5748
39 1 0 50.3394 70.3142
39 2 0 6.11796 7.66212
39 3 0 77.261 98.741
39 4 1 86.6259 89.8174
39 5 0 22.0158 26.3543
39 6 1 20.083 24.3911
39 7 0 63.679 66.5811
39 8 0 51.2438 70.1948
39 9 0 34.7103 47.8952
39 10 0 61.781 65.2677
39 11 0 29.1061 31.6156
39 12 0 86.2537 101.204
39 13 0 22.2536 30.506
39 14 0 16.6599 18.9778
39 15 0 53.1254 64.4076
39 16 0 76.0161 110.87
39 17 0 85.1861 104.902
39 18 0 4.87391 6.52234
39 19 0 76.735 106.233
39 20 0 9.28559 12.3803
39 21 0 72.7554 81.6509
39 22 0 99.7329 115.367
39 23 1 52.209 56.8646
39 24 0 5.89848 7.60958
39 25 0 47.2829 60.5078
39 26 0 94.4963 132.613
39 27 0 63.7433 71.0154
39 28 1 39.2221 54.9024
39 29 0 66.708 82.3785
39 30 0 45.0282 63.6198
39 31 0 2.44119 2.84966
39 32 0 23.603 27.3555
39 33 0 15.8099 19.7904
39 34 1 16.889 23.7181
39 35 0 85.1626 110.827
39 36 0 62.9825 78.6164
39 37 0 26.8227 35.87
39 38 0 10.048 11.5856
39 40 1 85.6421 117.798
40 1 1 20.5303 29.1918
40 2 0 3.37593 4.35957
40 3 0 27.0239 33.5882
40 4 0 22.9066 26.3027
40 5 0 10.6911 13.8727
40 6 0 90.6493 91.9257
40 7 0 75.5139 107.374
40 8 0 84.1712 98.2143
40 9 0 33.2983 33.7795
40 10 1 47.1551 51.9027
40 11 0 90.7434 133.864
40 12 0 1.16084 1.4124
40 13 1 83.6979 98.7559
40 14 1 33.9909 36.8247
40 15 0 85.0548 87.1461
40 16 0 67.745 73.3086
40 17 0 34.3466 44.2982
40 18 0 82.3309 88.8987
40 19 0 23.8819 31.5361
40 20 1 71.8084 72.8047
40 21 0 47.0901 56.9088
40 22 0 15.3458 21.927
40 23 0 87.1027 98.2778
40 24 0 36.0906 49.1018
40 25 0 35.7045 42.1868
40 26 0 42.9712 58.0337
40 27 0 35.4831 39.111
40 28 0 16.7338 23.2668
40 29 0 27.7099 33.8689
40 30 0 84.0704 96.8389
40 31 0 58.889 79.7128
40 32 0 72.8663 89.4159
40 33 0 99.3564 113.803
40 34 0 82.5716 107.063
40 35 0 28.9968 33.6917
40 36 0 85.9823 111.611
40 37 0 94.7964 107.409
40 38 1 24.8186 25.585
40 39 0 48.1181 55.5685
0.69001 6.41304 39.0448 26.0547 39.43 9.58787 39.9094 29.6082 38.852 18.5783 31.7547 25.3144 23.3111 34.7391 5.85903 31.7719 3.44793 12.7754 26.4185 6.38015 3.47293 26.7839 7.68668 39.0826 29.1258 5.69222 32.1773 3.55963 8.86174 25.174 29.2893 21.6566 4.23026 6.39356 30.0809 36.6845 20.8579 17.3189 21.0035 39.9403 