40
500
2
50
1 2 1 58.8934 86.7605
1 3 0 98.522 141.371
1 4 0 92.2375 127.287
1 5 0 50.0246 73.1373
1 6 0 17.9049 20.4612
1 7 1 43.7052 61.6083
1 8 1 13.1731 13.9334
1 9 0 2.04346 2.96402
1 10 1 99.6262 102.174
1 11 0 57.0151 80.8538
1 12 0 43.5864 51.4695
1 13 1 34.8013 45.154
1 14 0 76.9142 100.959
1 15 1 95.2578 131.168
1 16 0 4.43369 6.38198
1 17 0 74.9361 100.325
1 18 0 41.7895 50.2965
1 19 0 91.1961 102.563
1 20 0 52.5925 77.56
1 21 1 22.635 26.8834
1 22 0 20.2711 27.1161
1 23 0 67.7339 92.7412
1 24 0 36.2943 46.3228
1 25 0 32.2507 34.897
1 26 0 39.6488 41.242
1 27 0 40.0991 57.7542
1 28 0 23.2433 30.2485
1 29 1 92.1007 121.561
1 30 0 86.6982 91.6046
1 31 0 87.2146 107.164
1 32 0 18.9111 24.1068
1 33 0 36.9922 55.1768
1 34 1 85.5574 95.5855
1 35 0 38.1244 41.1164
1 36 1 50.9723 75.4557
1 37 0 36.7818 37.6661
1 38 0 97.7234 128.902
1 39 1 62.7559 72.1175
1 40 0 37.226 42.035
2 1 0 79.4093 95.5159
2 3 1 1.0204 1.40022
2 4 0 89.8413 115.339
2 5 1 64.7109 82.2298
2 6 0 31.7583 35.0294
2 7 1 62.8799 85.8628
2 8 0 13.7726 18.1623
2 9 1 5.04491 5.95739
2 10 0 49.8846 61.7267
2 11 1 36.8311 46.4235
2 12 0 60.9537 65.4209
2 13 0 15.2689 18.1209
2 14 0 58.9966 84.6147
2 15 0 38.4715 40.3701
2 16 0 67.5475 80.1677
2 17 0 27.6364 31.9943
2 18 0 22.0671 27.9609
2 19 1 91.2058 92.866
2 20 1 96.3955 105.943
2 21 0 14.4891 20.7321
2 22 0 91.454 116.583
2 23 0 49.7567 68.1884
2 24 0 26.8907 33.3607
2 25 1 27.6846 30.8513
2 26 0 13.8915 17.9014
2 27 1 19.1446 24.6578
2 28 0 56.6965 56.7649
2 29 0 66.8376 80.0538
2 30 0 99.5257 146.086
2 31 1 31.5066 46.231
2 32 0 75.2799 79.3833
2 33 1 37.419 42.6315
2 34 0 51.3711 62.6282
2 35 0 70.1481 79.408
2 36 1 43.2605 50.2217
2 37 1 40.0599 41.0881
2 38 0 39.0016 55.2568
2 39 0 47.0905 61.0121
2 40 0 95.7823 122.964
3 1 0 60.4164 80.3954
3 2 0 93.883 97.8478
3 4 1 74.7873 92.1517
3 5 1 10.623 15.7163
3 6 0 64.3448 68.4397
3 7 1 29.5924 33.7207
3 8 0 47.1942 61.2638
3 9 0 20.7072 21.8969
3 10 0 75.7691 96.8501
3 11 1 57.4595 67.2192
3 12 1 51.4257 51.9934
3 13 0 58.0124 66.2755
3 14 0 60.4309 85.91
3 15 0 89.3172 123.033
3 16 1 52.2707 59.1215
3 17 0 62.0211 88.0492
3 18 0 71.3066 104.724
3 19 0 14.1898 16.1141
3 20 0 50.9357 76.0061
3 21 0 93.7427 105.279
3 22 0 62.7653 85.0694
3 23 0 3.35019 4.1363
3 24 0 56.3115 73.7519
3 25 0 88.0985 116.393
3 26 0 49.3005 64.5991
3 27 0 91.2705 110.464
3 28 0 6.86444 7.83939
3 29 0 4.3361 4.83273
3 30 1 57.6755 62.6497
3 31 0 52.8909 53.6558
3 32 0 85.4053 124.62
3 33 1 36.7625 53.3867
3 34 0 22.2085 32.7942
3 35 1 95.1835 99.3751
3 36 0 54.5694 65.6945
3 37 1 81.5698 90.44
3 38 1 56.5846 76.3577
3 39 0 96.9386 99.0211
3 40 1 88.7554 92.153
4 1 0 37.7756 55.3753
4 2 1 50.0994 62.4889
4 3 0 47.3596 50.1879
4 5 1 85.6767 86.1302
4 6 0 73.3112 97.2572
4 7 0 56.8922 78.3398
4 8 1 62.3147 63.3825
4 9 0 33.2609 40.1243
4 10 0 12.3852 17.5114
4 11 1 87.1425 117.126
4 12 0 42.3069 58.4227
4 13 0 88.4362 100.029
4 14 0 32.5511 39.7954
4 15 1 78.3001 84.0912
4 16 0 48.3736 54.7198
4 17 0 30.0064 33.2122
4 18 0 6.66337 9.40666
4 19 0 93.0415 123.782
4 20 0 27.506 35.83
4 21 0 47.9596 48.0098
4 22 0 78.8578 114.977
4 23 1 19.8536 23.2134
4 24 0 82.91 86.0719
4 25 0 36.7979 42.5302
4 26 0 40.8294 47.28
4 27 1 89.3052 118.763
4 28 0 51.9932 54.6849
4 29 0 37.7956 48.3016
4 30 1 85.8772 93.9378
4 31 0 76.9078 84.1786
4 32 0 68.0407 76.6837
4 33 0 12.1133 15.1199
4 34 0 90.3598 109.109
4 35 0 3.47352 4.42241
4 36 0 48.6819 58.5261
4 37 0 95.7313 138.625
4 38 0 18.0962 24.5771
4 39 0 27.1991 28.3177
4 40 0 84.3515 114.938
5 1 1 18.6072 27.2837
5 2 1 8.4127 11.704
5 3 1 10.8763 14.5918
5 4 0 47.2404 69.1923
5 6 1 99.2625 148.493
5 7 1 23.8194 33.8075
5 8 0 19.015 27.0857
5 9 0 70.9477 78.4096
5 10 0 16.0486 22.9383
5 11 0 52.7858 61.9683
5 12 0 79.3967 96.0561
5 13 1 56.4509 66.9654
5 14 1 19.3056 24.2069
5 15 0 87.7356 91.0775
5 16 1 70.1433 80.1524
5 17 0 72.1513 93.0498
5 18 1 52.033 71.2116
5 19 0 19.0714 24.2716
5 20 1 94.9081 139.702
5 21 0 79.8958 95.7232
5 22 1 32.7919 46.9534
5 23 0 50.1589 59.6963
5 24 0 32.4485 45.5823
5 25 0 91.3662 110.818
5 26 0 97.8333 146.061
5 27 0 23.6968 28.3096
5 28 1 72.5881 96.0062
5 29 0 75.5478 77.1531
5 30 0 31.3843 34.3613
5 31 0 38.5342 46.0984
5 32 0 19.621 26.2779
5 33 0 62.4856 70.1697
5 34 1 69.202 90.2768
5 35 1 30.5453 33.4778
5 36 1 62.7305 81.144
5 37 0 70.7061 99.7131
5 38 1 1.24476 1.38016
5 39 0 17.8826 22.6821
5 40 1 46.0831 58.5031
6 1 0 47.6911 70.675
6 2 1 59.2097 71.5343
6 3 1 32.6885 48.2596
6 4 0 42.0434 51.5944
6 5 0 91.706 102.825
6 7 1 7.51648 9.49416
6 8 0 70.2511 84.8994
6 9 0 44.607 47.3562
6 10 0 31.3578 45.5538
6 11 0 73.4568 90.3848
6 12 0 23.6563 31.3557
6 13 1 35.9864 42.9208
6 14 1 30.4809 43.5241
6 15 0 20.6786 26.3177
6 16 1 60.79 81.1253
6 17 1 96.7395 142.643
6 18 0 95.9255 127.358
6 19 0 88.5879 128.476
6 20 1 20.8146 30.3741
6 21 0 42.8035 56.523
6 22 1 88.7095 119.101
6 23 0 99.6521 137.703
6 24 0 86.1805 105.994
6 25 0 69.7585 99.0177
6 26 0 57.0519 84.8282
6 27 0 25.0713 36.7259
6 28 1 92.2021 94.7615
6 29 0 40.2411 45.7858
6 30 1 23.6902 30.4465
6 31 0 32.3385 43.2626
6 32 0 28.3845 41.8724
6 33 0 78.69 83.2425
6 34 0 20.1221 26.0568
6 35 1 53.0659 67.4166
6 36 0 91.7736 97.1733
6 37 0 58.0423 62.7625
6 38 0 46.9605 65.654
6 39 0 29.4654 35.5664
6 40 0 28.9714 43.0318
7 1 0 14.2997 15.1173
7 2 0 28.0708 32.05
7 3 1 64.7979 89.9425
7 4 0 45.6384 65.8642
7 5 1 71.4838 76.1135
7 6 0 86.4311 116.938
7 8 1 98.8926 141.33
7 9 0 63.1975 92.7942
7 10 0 93.9513 134.651
7 11 1 96.668 116.374
7 12 1 30.5407 33.8668
7 13 0 35.4703 40.643
7 14 1 12.8148 14.2812
7 15 0 49.2452 57.3093
7 16 0 37.1937 41.2379
7 17 1 49.3954 69.3095
7 18 0 47.6383 54.2613
7 19 0 70.8218 97.5344
7 20 0 63.8335 85.6976
7 21 0 19.1546 21.8093
7 22 0 12.1908 18.0982
7 23 1 10.9989 15.1785
7 24 1 28.3301 38.5655
7 25 1 76.3045 78.0128
7 26 1 92.2379 114.225
7 27 0 45.6494 56.7479
7 28 0 39.4219 39.8262
7 29 0 16.1998 16.7534
7 30 0 48.2006 71.3413
7 31 0 1.66662 2.24574
7 32 1 9.75476 12.8336
7 33 1 43.4376 45.2544
7 34 0 78.2349 92.5744
7 35 0 22.7234 26.823
7 36 0 69.3962 81.2411
7 37 0 10.934 10.991
7 38 0 66.9804 88.7168
7 39 0 75.757 94.4841
7 40 1 36.0751 49.3526
8 1 0 56.2724 60.4607
8 2 1 29.0377 39.5825
8 3 0 56.199 60.5332
8 4 0 68.8723 82.0793
8 5 1 61.0266 73.5571
8 6 0 71.5511 87.3322
8 7 0 28.3189 41.12
8 9 1 50.9402 73.6337
8 10 0 90.9529 101.075
8 11 0 13.6757 15.9207
8 12 0 88.7575 93.7737
8 13 0 93.6076 107.392
8 14 0 92.7045 125.083
8 15 0 77.4813 79.8036
8 16 0 23.4421 33.6554
8 17 0 84.2542 118.249
8 18 0 41.0456 56.938
8 19 0 40.3672 54.6569
8 20 1 83.5069 89.5776
8 21 1 92.3386 100.53
8 22 1 28.447 41.6899
8 23 1 52.0465 57.2982
8 24 0 45.0165 49.4008
8 25 1 48.2646 68.0926
8 26 0 84.9011 112.417
8 27 0 49.8585 70.3713
8 28 0 84.9546 108.016
8 29 0 32.7578 40.2152
8 30 1 41.5142 51.5281
8 31 0 35.0381 43.9505
8 32 0 91.7284 105.234
8 33 1 72.2221 98.0504
8 34 0 58.186 80.407
8 35 0 79.9148 101.684
8 36 0 52.2154 67.5763
8 37 0 18.5937 24.4961
8 38 0 99.7314 126.472
8 39 0 59.6846 64.4912
8 40 0 56.0133 70.5258
9 1 0 55.5738 78.281
9 2 0 47.4376 65.508
9 3 0 61.1655 86.6244
9 4 0 50.5829 61.4795
9 5 0 62.2323 86.7029
9 6 0 7.12082 9.93037
9 7 0 30.0444 34.2837
9 8 0 37.1047 46.6885
9 10 1 68.4344 83.5381
9 11 0 29.4534 39.4265
9 12 1 58.209 70.8272
9 13 1 96.3168 127.805
9 14 0 97.6543 115.807
9 15 0 2.13902 2.55335
9 16 0 31.949 46.5912
9 17 0 15.4797 16.023
9 18 0 84.6712 100.932
9 19 1 8.46763 10.2821
9 20 1 86.3425 124.142
9 21 0 48.202 55.4322
9 22 1 8.12799 8.62745
9 23 0 31.6428 44.3875
9 24 0 71.5548 105.664
9 25 0 15.5561 15.7005
9 26 1 21.7141 29.4587
9 27 1 54.8598 60.9536
9 28 0 84.0488 86.1604
9 29 0 75.1635 99.7629
9 30 0 9.31593 12.3046
9 31 0 54.2185 78.2512
9 32 0 24.0822 31.5001
9 33 0 72.8204 79.4182
9 34 0 15.2732 22.6141
9 35 1 55.7962 70.2084
9 36 0 49.2109 63.3895
9 37 1 29.598 30.6338
9 38 0 53.5775 57.0148
9 39 0 51.0989 52.0939
9 40 1 79.6859 82.6015
10 1 1 96.2969 125.278
10 2 0 84.4636 108.973
10 3 0 21.0049 23.0293
10 4 1 66.3071 74.2321
10 5 0 41.48 47.8932
10 6 1 67.0666 97.6287
10 7 0 49.7737 50.6431
10 8 1 19.7865 20.4766
10 9 0 38.3501 45.1559
10 11 1 19.7798 27.9769
10 12 0 76.4453 90.3331
10 13 1 50.2388 61.1074
10 14 0 37.0793 51.7081
10 15 1 17.8928 23.1687
10 16 0 37.5143 38.7014
10 17 0 15.4203 19.1033
10 18 1 49.5895 71.9026
10 19 0 59.2596 74.0006
10 20 0 77.6929 104.24
10 21 0 41.5798 50.5106
10 22 0 47.1292 64.1147
10 23 0 43.82 65.3497
10 24 1 4.08669 5.7491
10 25 0 38.2176 42.7993
10 26 0 15.6428 22.235
10 27 0 80.5626 114.07
10 28 0 92.4753 99.935
10 29 0 72.1792 74.9108
10 30 0 84.8724 95.3601
10 31 0 69.4111 97.5443
10 32 0 25.7247 33.0068
10 33 0 63.9849 77.7269
10 34 1 68.1951 88.0224
10 35 0 0.782963 0.963919
10 36 0 51.6316 68.3886
10 37 1 31.8164 41.8358
10 38 0 50.2723 53.4534
10 39 1 75.8563 89.8096
10 40 0 57.0125 80.5996
11 1 0 82.2429 104.149
11 2 0 49.2741 55.4454
11 3 1 63.9838 84.621
11 4 0 94.9092 141.129
11 5 1 31.9046 42.5567
11 6 0 17.4816 25.8451
11 7 0 58.2164 61.6346
11 8 0 47.5874 67.6728
11 9 0 26.2853 28.0289
11 10 0 4.71202 6.24087
11 12 1 57.3482 65.1066
11 13 1 56.3602 83.2727
11 14 0 65.3956 96.1931
11 15 0 77.8377 104.937
11 16 1 42.2828 49.901
11 17 1 9.20236 10.6381
11 18 1 63.0362 84.1989
11 19 0 31.3988 38.7772
11 20 0 27.0462 35.9387
11 21 0 14.6622 20.7222
11 22 0 8.14207 9.67324
11 23 1 49.4694 63.2088
11 24 1 46.0055 53.5685
11 25 1 75.7323 94.708
11 26 0 19.9303 26.3161
11 27 1 92.815 119.051
11 28 0 44.5948 64.3667
11 29 0 49.5076 65.5064
11 30 0 73.752 95.7405
11 31 0 3.99247 4.53136
11 32 0 26.9487 28.717
11 33 1 43.7582 53.8413
11 34 0 46.5796 54.3398
11 35 0 54.2879 66.1592
11 36 1 54.2177 74.6294
11 37 0 94.2118 101.752
11 38 0 18.0019 20.9107
11 39 0 50.5597 71.5715
11 40 1 12.5866 14.4603
12 1 1 43.985 62.965
12 2 0 16.6713 24.3173
12 3 1 22.9263 34.3474
12 4 0 88.2599 111.017
12 5 0 24.641 30.6936
12 6 1 76.66 113.818
12 7 0 74.8663 105.693
12 8 0 82.9799 93.9398
12 9 1 1.56639 2.09156
12 10 1 43.409 63.1962
12 11 1 68.3852 78.97
12 13 1 90.204 90.4686
12 14 0 25.24 31.5131
12 15 0 46.3232 59.5959
12 16 1 26.6823 36.2605
12 17 0 51.8104 77.4796
12 18 0 22.1289 24.0999
12 19 0 8.89248 11.4828
12 20 0 56.7308 61.5926
12 21 0 4.50594 5.70405
12 22 0 43.1395 47.7551
12 23 1 49.9606 66.7259
12 24 0 62.5563 80.8433
12 25 0 32.9984 46.1813
12 26 0 4.11994 5.15507
12 27 0 54.9979 74.1894
12 28 0 17.1869 23.3166
12 29 1 49.4066 69.0762
12 30 1 31.2276 39.0854
12 31 0 52.0946 59.6232
12 32 0 38.5565 40.0098
12 33 0 91.707 114.399
12 34 0 80.85 81.5022
12 35 0 42.6991 62.283
12 36 1 48.9636 57.4137
12 37 0 67.5942 87.6385
12 38 0 87.8082 107.205
12 39 0 19.2272 21.9738
12 40 0 78.5078 109.228
13 1 0 92.5283 123.343
13 2 1 30.1061 34.4351
13 3 0 54.8888 66.6333
13 4 1 65.7109 79.8142
13 5 1 68.4053 74.5583
13 6 0 60.8826 85.8867
13 7 0 80.7691 117.714
13 8 0 68.3873 73.3282
13 9 0 54.1166 79.1018
13 10 0 60.3475 88.0111
13 11 0 37.2452 54.308
13 12 0 38.6018 43.9952
13 14 1 63.5512 73.6238
13 15 1 41.628 56.3481
13 16 0 23.2357 28.9171
13 17 0 18.7031 27.612
13 18 0 3.77031 4.98573
13 19 0 31.2468 45.1669
13 20 0 57.0929 71.2496
13 21 0 56.9319 80.582
13 22 1 28.2239 37.5657
13 23 0 14.2636 21.3091
13 24 0 21.094 24.8708
13 25 0 48.8171 62.5679
13 26 0 21.7034 25.9647
13 27 0 36.0245 52.3255
13 28 1 3.42574 3.56196
13 29 1 70.2037 72.2524
13 30 1 0.559239 0.674193
13 31 0 57.6813 72.8827
13 32 0 58.5707 74.3865
13 33 0 85.2289 87.1355
13 34 0 1.36631 1.45353
13 35 0 81.0487 114.814
13 36 0 79.3475 106.487
13 37 0 15.5774 16.5918
13 38 0 21.9454 30.7561
13 39 0 72.0037 84.1814
13 40 0 56.9929 85.3067
14 1 0 41.2927 60.3084
14 2 1 35.3586 44.2356
14 3 0 93.9423 94.0628
14 4 1 59.3933 74.8612
14 5 0 17.2014 19.4911
14 6 0 65.4293 65.9967
14 7 1 99.1275 115.16
14 8 0 79.1189 85.712
14 9 1 9.79176 13.035
14 10 0 74.4886 100.463
14 11 1 35.0934 40.1462
14 12 1 48.4061 66.2429
14 13 0 64.3582 66.3201
14 15 1 55.9741 72.8641
14 16 0 29.9469 39.2388
14 17 1 98.1568 144.92
14 18 0 6.76365 8.75008
14 19 0 43.3484 62.6409
14 20 1 97.4623 125.889
14 21 0 36.1657 47.4317
14 22 0 38.4894 44.5615
14 23 0 76.3908 79.6173
14 24 0 6.0068 6.42087
14 25 0 87.415 106.888
14 26 0 6.25401 8.83875
14 27 0 36.9173 45.0288
14 28 0 99.7175 109.119
14 29 0 94.0025 138.325
14 30 0 61.899 90.4023
14 31 1 36.3978 37.5307
14 32 0 1.77547 2.52633
14 33 0 11.1867 14.6662
14 34 0 61.7465 86.819
14 35 0 16.1881 17.892
14 36 0 37.6079 45.688
14 37 1 52.6582 76.6594
14 38 0 15.581 15.7429
14 39 1 70.0933 103.095
14 40 0 84.2971 126.243
15 1 1 80.1427 84.041
15 2 0 76.6087 84.934
15 3 1 27.0085 35.7711
15 4 0 86.6091 93.5455
15 5 0 72.8925 100.5
15 6 0 73.7275 89.8565
15 7 0 32.7622 47.4956
15 8 0 42.3473 44.4454
15 9 1 69.0483 98.7835
15 10 1 11.8833 15.7085
15 11 1 10.7235 12.734
15 12 0 3.7232 4.75396
15 13 1 32.4075 34.2069
15 14 0 13.9983 16.6628
15 16 1 30.5557 34.4692
15 17 1 61.0719 67.9014
15 18 0 37.6281 49.0087
15 19 0 86.376 103.04
15 20 0 39.9436 54.3782
15 21 0 62.8389 73.9524
15 22 0 78.2416 104.124
15 23 0 41.7235 61.7166
15 24 0 69.8661 94.7312
15 25 1 39.4838 43.238
15 26 0 68.6743 91.3976
15 27 0 94.04 116.877
15 28 0 71.3343 94.6838
15 29 0 58.3824 79.6738
15 30 0 14.9341 20.6556
15 31 1 1.98951 2.44796
15 32 1 97.6802 136.082
15 33 1 40.2672 57.275
15 34 0 32.8835 37.9282
15 35 0 2.71327 2.87691
15 36 0 3.96709 5.1011
15 37 0 50.7112 61.291
15 38 0 20.5962 28.0142
15 39 0 67.4953 79.9422
15 40 0 73.5221 109.81
16 1 0 33.6713 35.7888
16 2 0 94.4732 104.83
16 3 0 86.3319 106.22
16 4 0 33.8412 45.3895
16 5 1 14.5596 15.1754
16 6 0 97.5013 114.99
16 7 0 74.801 106.279
16 8 0 13.0014 14.405
16 9 1 73.3543 109.335
16 10 0 89.8907 124.124
16 11 0 87.7283 123.47
16 12 0 12.743 15.515
16 13 0 92.9897 139.351
16 14 0 85.92 114.241
16 15 0 39.3897 52.7389
16 17 1 36.3597 46.646
16 18 0 72.5708 104.836
16 19 1 77.4982 81.0058
16 20 0 46.9041 66.2757
16 21 1 91.6926 102.661
16 22 0 41.8408 59.2086
16 23 0 97.9924 108.316
16 24 1 66.4301 71.0578
16 25 0 46.4993 53.0491
16 26 0 77.574 85.3727
16 27 0 11.9159 14.469
16 28 0 75.7691 76.7032
16 29 0 36.903 51.4502
16 30 0 4.60824 6.42925
16 31 1 6.98397 10.0942
16 32 0 4.10554 5.72893
16 33 0 41.3334 49.6201
16 34 1 81.3415 91.6641
16 35 1 22.6597 33.336
16 36 0 58.0077 59.5489
16 37 0 84.2981 97.8144
16 38 1 52.9035 56.1808
16 39 1 79.5011 90.5128
16 40 0 89.6653 94.4575
17 1 0 72.0853 83.2712
17 2 0 50.7653 63.9176
17 3 0 51.1653 66.4206
17 4 0 96.3185 130.928
17 5 0 3.75673 3.91934
17 6 0 74.3747 91.3879
17 7 0 29.4399 42.6243
17 8 1 15.8107 16.5559
17 9 0 48.9371 57.6357
17 10 0 70.4523 96.7654
17 11 0 80.9534 116.673
17 12 0 35.9403 50.629
17 13 1 86.2879 114.236
17 14 0 18.044 26.2717
17 15 1 7.13737 8.78482
17 16 1 89.7825 99.5445
17 18 1 57.8131 83.9408
17 19 0 8.88034 11.3568
17 20 0 75.4153 103.948
17 21 1 99.0591 133.162
17 22 0 6.90925 9.54169
17 23 1 69.1471 101.029
17 24 1 65.4539 93.436
17 25 1 9.6291 9.73859
17 26 0 27.899 28.0815
17 27 1 16.4955 21.0191
17 28 0 21.0374 28.0237
17 29 0 74.912 93.7132
17 30 0 90.5139 108.98
17 31 1 4.79383 5.92747
17 32 0 64.1989 84.6708
17 33 1 93.3534 112.907
17 34 1 92.4366 121.34
17 35 0 51.2955 56.8328
17 36 1 25.6552 28.3805
17 37 0 1.58106 1.78453
17 38 0 11.5789 12.0068
17 39 0 90.8967 105.94
17 40 0 23.5936 24.6439
18 1 0 49.2003 56.0249
18 2 0 69.9264 100.008
18 3 0 25.0189 31.3124
18 4 0 98.1579 142.514
18 5 0 53.2527 79.6852
18 6 0 56.2957 67.8293
18 7 0 52.8452 69.2044
18 8 1 37.752 54.5108
18 9 0 65.9719 80.7921
18 10 0 23.7453 26.7166
18 11 0 35.2748 47.3739
18 12 0 99.6771 134.102
18 13 1 62.4202 82.4421
18 14 0 31.2348 43.7042
18 15 0 67.0439 78.9471
18 16 0 20.0591 29.6783
18 17 0 36.2354 45.5086
18 19 1 43.3666 51.9979
18 20 0 15.3598 22.7615
18 21 1 38.3913 56.3897
18 22 0 51.7594 66.6886
18 23 0 13.557 16.051
18 24 0 29.8419 42.902
18 25 0 68.1798 69.4904
18 26 0 98.7152 113.569
18 27 1 16.2386 23.5214
18 28 0 72.8825 105.04
18 29 1 8.29625 10.0495
18 30 0 17.7203 17.9803
18 31 1 74.1335 77.0033
18 32 1 62.3532 73.0002
18 33 0 22.34 29.3106
18 34 0 33.1605 38.0221
18 35 0 23.447 34.7844
18 36 0 42.658 52.2621
18 37 0 16.8221 18.2791
18 38 0 21.2191 21.3526
18 39 1 6.9846 8.7805
18 40 1 70.4778 96.3055
19 1 0 8.01115 9.39954
19 2 0 67.554 69.2821
19 3 0 22.5561 25.7952
19 4 0 31.9484 45.065
19 5 1 52.242 76.3075
19 6 1 27.5073 29.0437
19 7 1 71.2213 106.628
19 8 1 79.7517 86.962
19 9 0 83.7984 104.719
19 10 0 51.9219 61.8727
19 11 1 40.4026 42.9286
19 12 0 53.2473 55.3803
19 13 0 95.79 141.299
19 14 0 86.7831 106.507
19 15 0 73.7622 97.206
19 16 1 28.9867 30.1868
19 17 0 81.9255 115.403
19 18 0 26.9645 31.7172
19 20 1 86.8827 99.2322
19 21 0 25.0125 28.5912
19 22 1 72.977 85.8626
19 23 1 84.7586 115.764
19 24 0 40.1064 41.4976
19 25 0 44.2334 54.8682
19 26 0 24.4327 33.4137
19 27 0 51.6658 52.8399
19 28 0 91.7739 97.4617
19 29 0 3.0068 4.20636
19 30 0 40.6042 54.3349
19 31 0 20.0179 25.8189
19 32 1 30.5449 44.3626
19 33 0 38.3174 52.9084
19 34 0 47.9742 48.0971
19 35 0 64.313 88.8641
19 36 0 31.8826 42.7195
19 37 0 46.4533 57.4277
19 38 1 40.5174 52.755
19 39 1 24.1491 32.3742
19 40 1 75.8814 92.5648
20 1 0 55.129 59.6887
20 2 0 30.0897 43.2437
20 3 0 48.1302 60.1226
20 4 0 73.8999 89.7139
20 5 0 59.6808 59.703
20 6 0 80.1358 97.295
20 7 0 90.8566 105.073
20 8 1 35.2846 45.4485
20 9 0 90.2107 97.8516
20 10 0 35.0299 51.2534
20 11 0 96.3507 128.322
20 12 1 17.9761 20.5958
20 13 1 92.4157 103.158
20 14 0 40.471 47.2406
20 15 0 41.9744 61.6468
20 16 0 56.5831 77.0902
20 17 1 42.6259 54.9975
20 18 0 93.8684 99.3319
20 19 0 53.3932 77.7914
20 21 1 52.2468 55.0024
20 22 0 38.498 54.2672
20 23 0 58.5169 76.4211
20 24 0 46.0597 49.4268
20 25 0 97.2179 110.122
20 26 0 0.188858 0.21956
20 27 0 28.3482 41.6362
20 28 0 75.416 100.493
20 29 1 19.8057 25.1617
20 30 0 1.99608 2.24131
20 31 1 64.8431 93.6148
20 32 0 35.7816 38.303
20 33 1 2.81748 3.0095
20 34 0 96.8946 107.375
20 35 1 53.9516 76.6722
20 36 0 16.3692 21.6273
20 37 0 79.5495 87.959
20 38 0 19.8156 21.2024
20 39 0 49.3245 66.5826
20 40 1 17.1626 17.4378
21 1 0 32.9766 33.3209
21 2 1 81.0196 101.917
21 3 1 36.9709 53.9815
21 4 1 57.4055 72.8676
21 5 0 92.992 117.039
21 6 1 88.2643 93.4003
21 7 0 67.0318 84.8808
21 8 0 30.6808 42.2131
21 9 0 17.4286 22.9757
21 10 0 53.472 79.0052
21 11 0 32.4706 48.6819
21 12 1 3.66395 4.10849
21 13 1 47.0597 57.5504
21 14 0 38.2313 50.7024
21 15 0 75.2242 103.786
21 16 1 22.5531 25.6943
21 17 0 63.0701 91.6853
21 18 0 7.80374 11.5136
21 19 1 87.2095 130.7
21 20 0 54.6034 77.9046
21 22 1 76.9663 94.9651
21 23 1 41.0682 47.7145
21 24 1 25.7979 36.523
21 25 0 67.4576 83.7169
21 26 0 89.7975 130.837
21 27 1 20.3838 25.046
21 28 0 69.3484 78.1761
21 29 1 10.9235 14.8636
21 30 0 35.2652 36.5856
21 31 1 27.2394 39.3912
21 32 1 40.3985 47.5713
21 33 0 81.415 97.701
21 34 0 99.9329 140.449
21 35 0 91.3389 93.8238
21 36 0 63.7187 67.309
21 37 0 3.59237 5.33628
21 38 0 27.1416 30.3056
21 39 0 93.0739 105.817
21 40 0 90.9338 114.473
22 1 1 54.8088 77.4145
22 2 0 98.6532 130.425
22 3 0 9.17421 13.4749
22 4 1 64.7259 73.763
22 5 0 24.0498 35.5437
22 6 0 33.2483 39.4925
22 7 1 72.757 98.7174
22 8 0 17.509 23.1211
22 9 0 63.0158 78.9345
22 10 0 27.3725 37.8276
22 11 0 54.4151 74.1247
22 12 1 22.1524 24.759
22 13 1 50.2921 71.5346
22 14 0 73.6881 93.0226
22 15 0 17.8734 24.9857
22 16 0 97.8752 136.333
22 17 0 16.0243 22.527
22 18 0 79.7826 107.198
22 19 0 79.9505 115.229
22 20 1 91.2537 106.286
22 21 0 70.704 101.518
22 23 1 78.3642 84.5017
22 24 1 0.57997 0.710835
22 25 1 13.6664 16.9529
22 26 0 15.2426 20.6523
22 27 0 52.4063 53.9601
22 28 1 17.0673 24.5914
22 29 0 43.88 53.4602
22 30 0 16.1988 24.2794
22 31 0 17.5818 24.4227
22 32 0 55.316 77.8798
22 33 0 63.2498 65.0835
22 34 0 88.9032 131.751
22 35 0 67.2142 100.76
22 36 1 25.432 28.6606
22 37 0 95.7258 139.952
22 38 0 85.2452 122.414
22 39 0 72.2079 97.9736
22 40 0 49.5198 70.3506
23 1 1 68.5358 86.2748
23 2 0 60.6645 63.7178
23 3 0 11.4964 15.5964
23 4 0 45.46 54.3054
23 5 0 97.427 117.635
23 6 0 6.10721 8.16631
23 7 0 4.55491 5.33413
23 8 0 65.4425 93.4147
23 9 0 71.9606 77.3241
23 10 0 76.1421 90.1676
23 11 0 47.8116 55.3882
23 12 0 20.7584 29.6148
23 13 1 68.9456 74.7902
23 14 0 2.91697 4.03333
23 15 1 93.8271 108.212
23 16 0 14.6375 15.6179
23 17 0 92.1734 116.032
23 18 1 47.5637 58.5204
23 19 0 4.09314 4.99325
23 20 1 92.799 96.1891
23 21 0 38.4524 41.9795
23 22 0 93.441 111.708
23 24 1 28.1161 35.6782
23 25 1 88.5473 127.943
23 26 0 42.1765 52.3595
23 27 0 70.3302 103.459
23 28 0 64.8855 80.7631
23 29 1 72.5726 82.8293
23 30 0 40.6239 59.6669
23 31 0 81.0781 109.057
23 32 0 36.2226 37.1586
23 33 0 45.9328 51.3625
23 34 0 84.9066 99.0622
23 35 1 12.7968 13.9877
23 36 0 48.8807 69.7781
23 37 1 68.9265 77.9045
23 38 0 68.8474 102.101
23 39 0 48.5732 52.1033
23 40 0 59.2937 59.3492
24 1 0 12.683 12.7661
24 2 0 5.10259 5.75661
24 3 1 48.1332 55.7057
24 4 0 83.0374 100.918
24 5 0 63.605 83.5451
24 6 0 18.5466 24.1352
24 7 0 96.7757 115.282
24 8 0 12.0812 15.5957
24 9 0 47.1878 60.112
24 10 0 22.3631 27.6214
24 11 0 40.0439 51.9088
24 12 0 93.1144 120.8
24 13 1 80.2428 112.02
24 14 0 73.2559 92.1906
24 15 0 11.9172 14.6624
24 16 0 69.5237 103.06
24 17 0 69.7318 80.1713
24 18 1 84.0516 115.618
24 19 0 56.4139 63.9577
24 20 0 9.94894 11.022
24 21 0 39.1673 56.8775
24 22 0 48.5058 67.6234
24 23 0 84.3232 85.3733
24 25 1 47.6313 63.7758
24 26 1 58.5656 85.7539
24 27 1 25.2984 31.6235
24 28 0 65.0802 84.2588
24 29 0 49.0801 73.2874
24 30 0 10.4405 12.5274
24 31 1 90.4507 118.731
24 32 1 2.70583 3.19105
24 33 0 30.9759 44.3657
24 34 0 26.0167 35.1097
24 35 0 32.1295 46.5596
24 36 0 59.1907 74.5337
24 37 0 73.031 101.109
24 38 0 19.7424 20.2086
24 39 0 93.4352 133.004
24 40 0 37.0856 39.2704
25 1 0 12.1125 13.6368
25 2 0 80.9262 115.299
25 3 1 97.5693 145.836
25 4 0 25.8146 35.5316
25 5 1 30.5385 34.4898
25 6 0 42.1747 52.8812
25 7 1 76.9601 97.8572
25 8 0 48.0279 59.2504
25 9 0 43.802 60.8331
25 10 0 74.2312 80.7545
25 11 0 30.844 34.9931
25 12 0 76.0015 112.329
25 13 1 94.1476 132.282
25 14 0 42.7899 46.7179
25 15 0 57.8922 70.1385
25 16 0 63.0708 88.1569
25 17 0 0.698745 0.772713
25 18 1 53.1768 63.8006
25 19 1 9.47653 13.5679
25 20 0 67.1584 76.3424
25 21 0 86.1499 111.331
25 22 0 4.55793 5.45093
25 23 0 17.6309 26.4398
25 24 0 89.0369 121.938
25 26 1 11.2677 11.4689
25 27 0 67.8813 77.5907
25 28 1 80.6241 93.1877
25 29 0 31.5328 42.5843
25 30 0 60.1394 67.9876
25 31 1 21.1131 21.4004
25 32 1 95.2152 129.274
25 33 0 35.151 35.653
25 34 0 97.3087 120.512
25 35 1 71.5423 88.2115
25 36 1 54.7912 73.0764
25 37 0 97.9216 136.921
25 38 0 78.3203 94.9241
25 39 0 11.9189 17.4172
25 40 0 8.53891 10.2741
26 1 1 20.7787 22.3068
26 2 0 61.2289 71.4591
26 3 1 57.6165 74.748
26 4 0 54.679 57.472
26 5 1 11.8925 14.6516
26 6 0 20.1797 27.5227
26 7 0 14.4809 20.3845
26 8 0 11.8295 14.7513
26 9 0 56.1538 58.3952
26 10 0 80.7316 96.6523
26 11 0 92.5876 127.935
26 12 0 81.1625 115.315
26 13 0 97.1434 129.451
26 14 0 77.1162 92.505
26 15 0 83.0211 116.755
26 16 0 12.0081 14.7924
26 17 0 65.6384 86.7322
26 18 0 13.3939 17.2703
26 19 1 70.6233 82.6516
26 20 0 28.4769 34.8111
26 21 0 60.807 89.4414
26 22 1 79.888 84.6132
26 23 0 82.8237 107.906
26 24 0 24.0728 33.9812
26 25 1 20.3694 24.7318
26 27 1 58.0189 70.3833
26 28 1 77.9902 98.4523
26 29 1 61.1557 62.379
26 30 0 0.433336 0.605782
26 31 0 39.7274 55.4063
26 32 0 4.44211 5.94322
26 33 1 34.2995 50.0643
26 34 0 21.1077 21.7003
26 35 1 94.6606 141.227
26 36 0 74.0231 86.3944
26 37 0 48.769 70.664
26 38 0 38.2444 50.4838
26 39 0 64.8983 66.4868
26 40 0 90.661 98.9486
27 1 1 88.7418 102.079
27 2 0 4.73303 6.89031
27 3 1 45.3253 67.8426
27 4 0 73.0736 100.556
27 5 1 51.3015 57.0815
27 6 0 58.8575 62.1886
27 7 1 43.2193 63.3869
27 8 0 83.3197 93.864
27 9 0 37.4272 38.9164
27 10 1 6.4127 6.44166
27 11 0 60.3091 69.1204
27 12 1 89.6122 101.335
27 13 0 3.12717 4.57204
27 14 1 58.3287 78.631
27 15 0 31.1533 37.9868
27 16 0 34.3905 36.8973
27 17 0 11.9497 16.6719
27 18 0 92.1355 95.0697
27 19 1 18.1355 26.4705
27 20 1 72.125 102.574
27 21 1 38.956 49.1835
27 22 0 37.4782 50.143
27 23 1 73.1458 91.17
27 24 0 49.6163 55.5722
27 25 1 24.2243 27.8733
27 26 1 38.6205 52.0143
27 28 1 11.7252 13.6955
27 29 0 61.0908 85.0838
27 30 0 56.1166 76.5051
27 31 1 84.2028 98.1322
27 32 0 99.5604 121.181
27 33 0 17.3653 19.2874
27 34 0 9.76079 14.5124
27 35 0 88.7306 130.395
27 36 0 52.175 58.112
27 37 0 33.2678 43.1482
27 38 0 82.1767 100.773
27 39 0 29.617 38.3954
27 40 1 36.3345 50.3671
28 1 0 14.3515 20.9762
28 2 0 43.8166 46.4281
28 3 1 30.2457 36.2174
28 4 1 51.7502 71.7495
28 5 0 30.7523 37.3841
28 6 0 75.7936 85.2517
28 7 0 87.1595 117.715
28 8 0 49.9812 57.2524
28 9 0 77.8727 100.19
28 10 1 85.8785 126.89
28 11 0 59.6577 81.5811
28 12 0 94.5361 106.547
28 13 1 94.1305 120.025
28 14 0 59.8967 71.9863
28 15 0 84.034 105.266
28 16 0 65.2735 82.208
28 17 0 95.8302 141.817
28 18 1 83.633 102.29
28 19 0 36.9398 47.9951
28 20 1 66.4063 67.7588
28 21 0 21.3747 23.052
28 22 0 43.0055 57.7713
28 23 1 93.7823 130.738
28 24 1 64.0084 86.1416
28 25 0 48.0433 55.9995
28 26 1 67.6638 92.5385
28 27 1 93.5871 118.353
28 29 1 68.1043 69.5681
28 30 0 12.8376 15.8928
28 31 0 91.2272 127.803
28 32 1 61.772 70.0342
28 33 0 19.0002 19.8002
28 34 1 18.5891 25.6591
28 35 0 24.6611 25.866
28 36 1 5.63776 7.81687
28 37 1 4.82599 5.6021
28 38 0 37.1908 41.2942
28 39 0 68.7567 90.6788
28 40 0 25.9972 37.494
29 1 0 48.046 63.7643
29 2 0 17.6303 21.8611
29 3 1 76.8503 97.4813
29 4 0 26.0032 28.91
29 5 0 86.6351 96.2447
29 6 0 35.5854 39.8739
29 7 0 71.2445 105.339
29 8 0 6.33585 9.18658
29 9 1 38.2969 48.771
29 10 1 53.7869 53.9873
29 11 0 1.84244 2.56259
29 12 0 96.1319 140.759
29 13 1 99.5658 147.772
29 14 0 73.334 95.0793
29 15 0 5.2108 5.63562
29 16 1 65.9649 90.9016
29 17 1 65.9613 75.6591
29 18 0 90.6919 119.235
29 19 0 74.298 85.4764
29 20 0 13.0442 14.5319
29 21 0 11.7852 12.3681
29 22 0 79.3741 110.483
29 23 0 83.0807 121.979
29 24 1 89.687 90.3375
29 25 0 39.7353 55.4194
29 26 0 38.7733 40.6444
29 27 0 77.8366 108.428
29 28 0 20.9882 22.9139
29 30 1 94.0112 110.414
29 31 1 13.3335 15.37
29 32 0 45.5823 49.0223
29 33 0 55.3683 59.0592
29 34 0 62.4071 93.4872
29 35 0 26.3208 29.3799
29 36 0 49.2536 68.0483
29 37 1 76.7698 99.2687
29 38 0 49.3143 52.6532
29 39 1 34.3569 43.2852
29 40 0 53.5292 57.736
30 1 0 71.7228 87.2813
30 2 1 48.6742 57.6153
30 3 1 59.4158 86.8169
30 4 1 45.5064 47.6881
30 5 0 10.4582 11.2721
30 6 0 1.33854 1.60719
30 7 1 75.6835 96.0892
30 8 1 35.9885 52.1571
30 9 0 89.8286 122.543
30 10 0 75.5565 104.782
30 11 1 49.9178 51.6971
30 12 0 27.5744 38.5334
30 13 0 26.6993 39.6752
30 14 0 96.628 106.369
30 15 0 30.8902 32.888
30 16 0 8.16243 12.0387
30 17 0 66.9685 93.4143
30 18 0 59.3044 80.0217
30 19 0 10.4859 15.5283
30 20 0 21.4565 30.273
30 21 0 26.0278 33.9665
30 22 0 26.6102 35.6621
30 23 1 15.5741 16.4309
30 24 1 72.2562 97.0258
30 25 1 48.5054 68.4337
30 26 1 92.8956 124.952
30 27 0 28.6008 33.6523
30 28 0 14.0237 15.9371
30 29 0 3.09249 3.69415
30 31 1 21.5634 28.0961
30 32 0 27.0392 34.5988
30 33 1 53.4779 75.0842
30 34 0 78.3211 79.9762
30 35 1 96.7615 114.38
30 36 1 37.3603 45.8797
30 37 0 69.097 74.6822
30 38 1 42.0079 55.077
30 39 0 27.2505 40.5834
30 40 0 25.3465 33.5015
31 1 0 86.7125 119.988
31 2 0 4.87831 6.27652
31 3 0 34.1043 37.0906
31 4 0 1.54568 1.95353
31 5 0 58.7152 73.2265
31 6 1 92.2178 107.71
31 7 0 41.554 41.7644
31 8 0 3.41445 4.28438
31 9 1 82.4913 89.1622
31 10 1 70.1062 82.6474
31 11 1 33.7183 47.6712
31 12 1 31.7912 45.5463
31 13 0 26.0892 30.0886
31 14 1 77.0334 112.5
31 15 0 71.2794 80.3313
31 16 1 50.6352 54.6598
31 17 0 62.998 83.814
31 18 0 1.94667 2.47702
31 19 0 14.3813 17.1671
31 20 0 43.5746 59.8011
31 21 0 36.3913 49.1062
31 22 0 95.8787 130.373
31 23 1 1.58243 1.61576
31 24 1 10.1288 13.8971
31 25 0 4.68386 5.38178
31 26 0 28.4833 31.337
31 27 0 98.533 147.443
31 28 0 96.1571 136.561
31 29 1 42.7785 46.129
31 30 0 20.1518 25.1776
31 32 1 63.9342 84.4502
31 33 0 96.0201 99.6339
31 34 0 82.4534 98.8089
31 35 0 18.5072 24.9358
31 36 0 69.3831 70.8307
31 37 0 45.1724 60.0398
31 38 0 52.8007 57.1179
31 39 0 12.5957 15.9089
31 40 1 34.7129 38.8061
32 1 0 91.0658 122.246
32 2 0 84.7585 117.539
32 3 0 99.6598 104.373
32 4 0 37.7213 41.4824
32 5 0 0.514626 0.669974
32 6 1 78.2668 96.7376
32 7 0 48.5572 70.6326
32 8 0 78.1339 107.435
32 9 1 84.0215 105.858
32 10 0 87.706 127.305
32 11 1 13.5462 19.3435
32 12 0 6.66901 9.13476
32 13 0 95.8076 107.434
32 14 0 42.8564 57.2749
32 15 0 94.8226 141.733
32 16 1 29.9201 43.6457
32 17 0 85.9069 100.135
32 18 0 74.9502 111.869
32 19 0 75.4724 111.505
32 20 1 85.9966 128.296
32 21 1 30.4782 42.742
32 22 0 53.1047 62.9925
32 23 0 63.5334 89.7549
32 24 0 97.1466 105.463
32 25 0 87.1979 94.5363
32 26 0 94.7511 113.505
32 27 0 2.27602 2.39631
32 28 1 64.2163 90.6671
32 29 0 25.4775 29.2069
32 30 0 82.0007 82.7438
32 31 0 38.5206 52.2989
32 33 1 86.0149 126.585
32 34 1 35.2251 45.9154
32 35 0 36.0018 39.2995
32 36 1 97.874 111.917
32 37 0 0.454288 0.616707
32 38 1 97.8505 143.77
32 39 0 14.0713 15.6914
32 40 0 78.7877 91.9358
33 1 1 20.1725 29.7443
33 2 0 82.6488 111.959
33 3 0 24.2245 26.6061
33 4 1 22.3619 29.9187
33 5 1 51.9749 65.294
33 6 0 30.3817 39.1183
33 7 1 81.7832 105.267
33 8 0 72.6395 102.055
33 9 1 47.6412 58.9817
33 10 0 49.79 60.9751
33 11 0 71.925 97.6543
33 12 0 51.1734 52.863
33 13 0 72.755 97.9145
33 14 0 23.0341 28.4614
33 15 1 42.8674 59.4162
33 16 0 66.5676 76.9418
33 17 0 38.9119 54.2817
33 18 0 40.8482 45.3965
33 19 1 73.8145 103.616
33 20 0 62.9587 65.5765
33 21 0 73.8865 80.9687
33 22 0 83.1099 118.075
33 23 0 7.41067 10.2553
33 24 0 85.6923 110.419
33 25 0 81.7872 118.414
33 26 1 97.012 100.568
33 27 0 52.4148 53.3612
33 28 0 34.0907 41.2546
33 29 0 81.6018 109.593
33 30 1 30.1935 39.4066
33 31 1 93.7292 97.7172
33 32 1 53.0657 70.1604
33 34 1 40.2176 58.8928
33 35 0 77.9546 86.5955
33 36 0 6.26493 8.30186
33 37 1 80.3634 102.955
33 38 1 72.5433 87.4488
33 39 1 72.8802 103.971
33 40 0 63.052 93.9017
34 1 0 28.8019 34.3769
34 2 1 68.3608 98.5326
34 3 0 0.742426 0.993854
34 4 0 96.3677 144.463
34 5 0 27.5896 33.065
34 6 0 9.89613 14.7457
34 7 1 29.6255 41.3296
34 8 0 20.3152 30.3139
34 9 0 35.555 46.0976
34 10 0 67.9011 74.7887
34 11 1 37.3012 55.3015
34 12 0 53.0519 76.3283
34 13 1 37.9035 45.7245
34 14 1 86.2497 87.9866
34 15 1 67.8366 84.3061
34 16 1 43.0079 64.4486
34 17 0 83.1429 97.5114
34 18 0 71.4505 88.1585
34 19 1 48.4911 61.6294
34 20 1 43.3583 43.9981
34 21 0 5.92633 8.32301
34 22 0 15.3083 15.9114
34 23 1 36.1857 48.1334
34 24 0 33.3085 48.7209
34 25 0 50.0905 63.8806
34 26 0 16.3152 21.784
34 27 0 74.8051 78.6939
34 28 0 14.7902 18.1573
34 29 0 77.5703 93.751
34 30 0 99.2666 109.308
34 31 0 62.3189 87.0125
34 32 0 43.1578 57.2776
34 33 0 18.1238 23.3479
34 35 1 78.409 84.5297
34 36 0 44.9077 52.5145
34 37 0 89.8592 94.3232
34 38 0 15.4982 17.3231
34 39 0 88.5253 90.8575
34 40 0 67.5294 69.4242
35 1 0 75.344 75.6203
35 2 0 45.2321 54.0832
35 3 1 2.38398 3.42197
35 4 1 21.2566 31.1794
35 5 0 67.7368 82.9713
35 6 1 67.8694 68.5862
35 7 0 46.8421 57.6697
35 8 1 40.9537 46.1191
35 9 0 88.6666 125.037
35 10 1 56.3913 82.988
35 11 1 6.29409 7.62289
35 12 0 74.3348 75.7328
35 13 1 62.8184 70.9374
35 14 0 25.6225 26.2049
35 15 0 59.3968 77.2006
35 16 1 29.374 31.2158
35 17 0 13.3854 14.6536
35 18 0 67.2848 73.4563
35 19 0 75.8169 83.6882
35 20 1 80.6831 109.729
35 21 0 36.598 45.1953
35 22 1 23.2084 34.2731
35 23 0 46.4374 53.5575
35 24 1 55.024 62.1595
35 25 0 98.2001 127.362
35 26 1 16.0427 17.2175
35 27 0 19.2673 24.6328
35 28 0 91.3397 92.7463
35 29 1 43.9749 58.9807
35 30 0 34.6953 45.8811
35 31 1 4.371 5.38783
35 32 0 6.31746 7.33028
35 33 1 91.6927 127.315
35 34 0 37.5015 53.6564
35 36 1 39.2021 44.6992
35 37 0 36.6871 48.9403
35 38 0 97.9675 118.752
35 39 0 70.5631 103.339
35 40 0 87.2149 105.365
36 1 0 94.1736 124.194
36 2 0 58.9195 83.7041
36 3 0 28.2258 29.0565
36 4 0 24.6678 26.3132
36 5 0 63.3209 89.7905
36 6 1 19.2294 20.6942
36 7 0 41.4016 50.2651
36 8 0 88.5856 89.9276
36 9 0 58.7094 62.2015
36 10 0 90.0164 91.6665
36 11 0 41.7349 51.6409
36 12 1 25.8489 30.4225
36 13 1 89.2478 118.667
36 14 0 43.7909 56.1354
36 15 1 88.469 117.91
36 16 1 98.0907 98.8761
36 17 0 27.049 29.3948
36 18 0 3.72452 4.02424
36 19 0 39.8548 54.9385
36 20 0 91.4745 123.575
36 21 0 69.9492 103.65
36 22 0 12.6246 16.0166
36 23 0 91.4625 111.533
36 24 0 52.8979 65.8144
36 25 1 35.5486 48.2879
36 26 0 11.3778 13.3507
36 27 0 81.6334 122.088
36 28 0 3.77148 4.83509
36 29 1 9.30607 9.98081
36 30 0 0.505234 0.511454
36 31 0 9.57288 12.1541
36 32 0 61.4988 68.2876
36 33 0 88.5836 96.5634
36 34 1 64.6527 89.5901
36 35 1 28.4394 33.3705
36 37 1 31.4435 39.1253
36 38 0 64.0885 93.3244
36 39 0 19.2539 26.3612
36 40 1 81.1403 83.1664
37 1 0 94.8536 112.312
37 2 0 7.27614 9.99094
37 3 0 71.4903 106.986
37 4 1 55.1203 81.9991
37 5 1 23.8157 31.6838
37 6 0 80.5753 89.127
37 7 0 17.1844 25.3855
37 8 0 53.98 71.4764
37 9 1 68.7857 76.4905
37 10 0 40.6003 55.6063
37 11 1 7.18468 8.83148
37 12 1 78.6958 103.35
37 13 0 96.9865 100.228
37 14 0 18.0308 21.4108
37 15 0 52.4974 61.6079
37 16 0 63.7945 78.9069
37 17 0 60.5505 62.6772
37 18 0 38.2469 42.7532
37 19 0 51.3367 64.9429
37 20 0 41.5698 57.6155
37 21 0 92.9853 116.741
37 22 1 95.9043 142.476
37 23 0 18.2649 20.2161
37 24 1 70.0626 74.007
37 25 0 38.3502 40.0426
37 26 1 97.0721 134.644
37 27 0 51.691 53.917
37 28 0 89.9877 125.428
37 29 1 15.7148 16.981
37 30 1 12.1925 17.45
37 31 0 24.0756 33.9323
37 32 0 81.573 92.7628
37 33 0 10.8128 15.0482
37 34 0 4.55398 6.73481
37 35 0 92.3998 111.631
37 36 0 8.0121 11.2588
37 38 1 6.28285 8.68632
37 39 0 66.755 83.5278
37 40 0 10.7833 13.6405
38 1 0 50.8671 67.1945
38 2 0 46.5301 48.1874
38 3 0 9.63674 13.5328
38 4 1 30.4548 32.9353
38 5 0 0.844434 0.92899
38 6 0 36.9503 52.3801
38 7 1 94.2561 129.161
38 8 0 59.4224 88.8185
38 9 1 62.099 74.5761
38 10 0 36.4512 53.5237
38 11 0 85.5094 110.691
38 12 0 82.4423 102.494
38 13 1 76.852 107.66
38 14 0 34.6162 45.5767
38 15 1 51.6673 74.5699
38 16 1 54.3576 68.9702
38 17 1 23.2664 33.2638
38 18 1 38.7146 56.0353
38 19 1 63.3715 93.8912
38 20 0 64.221 79.3155
38 21 1 55.8637 58.5473
38 22 0 64.4019 83.5684
38 23 0 0.40596 0.576353
38 24 0 90.6578 118.712
38 25 0 31.6693 43.1276
38 26 0 64.1673 95.3859
38 27 0 51.9396 73.3045
38 28 1 30.033 43.7842
38 29 1 8.13891 10.0635
38 30 1 79.7836 81.1125
38 31 1 95.1658 124.778
38 32 0 56.7404 80.4871
38 33 0 38.3676 50.4393
38 34 0 25.576 27.5337
38 35 0 43.0659 56.5326
38 36 0 23.9667 32.3751
38 37 1 3.05977 3.12221
38 39 1 20.1236 26.4118
38 40 1 72.566 86.791
39 1 0 79.23 111.162
39 2 0 8.73018 11.9292
39 3 0 68.4482 101.99
39 4 1 22.6709 30.9846
39 5 0 32.038 43.107
39 6 0 55.6079 55.8536
39 7 0 22.9638 24.4147
39 8 0 13.4808 20.0738
39 9 0 51.168 64.9097
39 10 0 5.94547 7.39463
39 11 0 24.1228 26.1395
39 12 1 28.4538 30.5037
39 13 0 25.5887 30.8791
39 14 0 79.0093 104.235
39 15 0 7.39873 9.21551
39 16 0 50.4224 74.9834
39 17 1 86.508 111.509
39 18 1 72.6403 98.3847
39 19 1 7.87811 9.25558
39 20 0 77.5019 111.441
39 21 0 1.52045 1.73957
39 22 0 62.4987 76.6028
39 23 1 35.9702 49.0479
39 24 1 54.2649 64.1308
39 25 0 34.7908 46.9133
39 26 0 39.3148 49.111
39 27 1 91.7284 97.6113
39 28 1 78.2148 89.802
39 29 1 69.0949 78.0752
39 30 1 20.1085 20.2369
39 31 0 81.9782 96.3121
39 32 1 65.8417 70.2124
39 33 1 48.7364 51.4897
39 34 0 14.8439 21.5243
39 35 1 23.8048 29.6864
39 36 1 44.358 48.4569
39 37 1 87.7192 112.279
39 38 0 32.0893 40.3842
39 40 1 83.4454 118.752
40 1 1 85.4458 91.9972
40 2 0 52.5842 74.5813
40 3 1 73.9961 84.9604
40 4 0 76.5858 114.778
40 5 0 20.8276 29.2634
40 6 1 41.232 50.505
40 7 1 9.70025 13.1287
40 8 0 96.1449 113.15
40 9 1 28.0884 39.888
40 10 1 41.5166 58.7616
40 11 0 73.9616 95.3029
40 12 0 48.6803 66.5824
40 13 1 77.7534 92.715
40 14 0 70.1317 90.3038
40 15 0 85.5323 115.828
40 16 0 57.278 68.8706
40 17 0 82.013 107.668
40 18 1 78.0721 85.226
40 19 0 13.7122 18.8626
40 20 0 1.64973 2.28018
40 21 1 50.0437 67.8517
40 22 0 72.0979 98.499
40 23 1 89.3697 97.0125
40 24 0 16.4158 21.4414
40 25 0 24.1271 29.0184
40 26 1 27.0599 39.5309
40 27 1 6.67172 6.83391
40 28 0 67.0983 85.0792
40 29 0 87.5574 121.543
40 30 1 30.2682 37.4925
40 31 0 24.7541 29.045
40 32 1 43.0134 46.7161
40 33 1 31.6528 41.9333
40 34 0 0.0700057 0.0917309
40 35 1 31.1627 38.1115
40 36 0 80.714 112.629
40 37 1 31.6229 46.0954
40 38 0 79.8092 82.245
40 39 1 2.45704 3.54845
3.8112 28.1826 13.759 11.0965 22.1172 34.951 29.1461 32.503 21.0896 24.5252 16.3845 6.79338 8.28327 16.3222 16.9909 1.47326 0.23973 16.9866 1.05611 20.5132 6.99123 6.02767 35.2588 3.61012 13.6702 14.0165 31.3866 34.2248 24.1505 21.6015 3.05493 35.6075 17.7709 7.15785 10.9169 35.2831 30.7574 23.6734 21.9281 10.0935 