40
100
4
50
1 2 1 30.9064 91.8118
1 3 0 66.1799 13.1635
1 4 1 41.0618 38.4049
1 5 0 32.0722 8.43044
1 6 0 23.9883 7.49863
1 7 0 53.1902 0.448194
1 8 0 37.4376 59.2742
1 9 0 60.3017 12.6416
1 10 0 99.8325 93.693
1 11 0 37.8659 90.4322
1 12 0 4.26438 59.5278
1 13 0 18.6084 82.7352
1 14 0 30.8108 1.09733
1 15 0 58.9336 74.1721
1 16 0 29.6268 66.5344
1 17 0 68.4629 83.6293
1 18 0 97.5219 22.4739
1 19 0 54.1906 9.60217
1 20 0 29.0174 73.6802
1 21 0 78.2498 30.7212
1 22 0 87.6527 24.8572
1 23 0 85.0752 5.01434
1 24 0 71.4385 89.0891
1 25 0 69.2919 8.28974
1 26 0 11.041 32.7943
1 27 0 66.4951 13.7973
1 28 0 43.8315 6.82487
1 29 0 79.5169 18.347
1 30 0 27.7983 91.4865
1 31 0 94.3413 5.5696
1 32 0 12.646 19.5482
1 33 0 25.7531 81.1378
1 34 0 27.0135 52.1243
1 35 0 58.1865 70.9257
1 36 0 55.3923 43.5468
1 37 0 97.4774 47.487
1 38 0 76.2062 78.0812
1 39 0 88.5147 83.2124
1 40 0 6.00725 44.5353
2 1 0 60.2255 41.5004
2 3 1 50.649 25.1027
2 4 0 60.5718 54.6713
2 5 0 13.0651 51.6933
2 6 0 85.7352 4.97614
2 7 0 63.8074 52.2101
2 8 0 61.6012 51.848
2 9 0 50.8253 42.4279
2 10 0 51.9754 32.0737
2 11 0 9.62565 58.0699
2 12 0 49.3139 10.9542
2 13 0 96.9162 76.0895
2 14 0 83.8117 19.4188
2 15 0 63.4441 95.7404
2 16 0 62.8648 60.8716
2 17 0 16.3816 25.6157
2 18 0 9.55367 72.2129
2 19 0 92.6782 35.6524
2 20 0 43.2897 81.8658
2 21 0 50.3755 72.334
2 22 0 78.3241 76.8971
2 23 0 53.1402 79.4754
2 24 0 22.5789 8.10406
2 25 0 56.6507 40.0066
2 26 0 62.3147 98.0723
2 27 0 68.9004 50.1726
2 28 0 66.1539 86.4821
2 29 0 19.0427 62.5675
2 30 0 84.8058 57.8692
2 31 0 93.2209 62.7934
2 32 1 82.2665 96.5062
2 33 0 91.3498 77.4137
2 34 0 45.0185 29.4581
2 35 0 51.0295 9.38297
2 36 0 0.395909 68.1906
2 37 0 50.5705 31.0611
2 38 0 2.23339 65.1796
2 39 0 36.5388 25.5525
2 40 0 95.2111 68.7676
3 1 0 15.6989 34.0564
3 2 1 30.8766 61.496
3 4 1 11.1122 24.2787
3 5 0 42.9334 99.5311
3 6 0 53.4956 50.1896
3 7 0 45.5505 36.4393
3 8 0 0.470175 9.81678
3 9 0 97.6169 73.6521
3 10 0 58.6953 48.8207
3 11 0 40.6874 29.0188
3 12 0 16.5278 91.9072
3 13 0 38.4973 83.3998
3 14 0 81.3506 90.6675
3 15 0 26.0495 96.5532
3 16 0 39.9394 60.6124
3 17 0 52.0239 54.7798
3 18 0 6.8252 82.1653
3 19 0 40.6474 68.9721
3 20 0 3.51686 39.2097
3 21 0 86.3993 99.057
3 22 0 78.2617 4.00104
3 23 0 54.0457 9.96266
3 24 0 82.729 87.9309
3 25 0 66.0637 46.2794
3 26 0 32.5848 17.0127
3 27 0 60.9185 91.3741
3 28 0 33.7693 14.4929
3 29 0 30.1634 81.1471
3 30 0 24.1148 1.58842
3 31 0 67.5755 18.3573
3 32 0 34.4279 66.1403
3 33 0 63.3513 70.958
3 34 0 26.3064 92.3973
3 35 0 33.0026 20.0897
3 36 0 6.22483 43.2009
3 37 0 8.99882 4.25784
3 38 0 87.8458 8.76622
3 39 0 41.7497 96.5431
3 40 0 24.645 81.3474
4 1 0 31.7776 15.0647
4 2 0 32.3341 48.2271
4 3 0 6.07774 13.5964
4 5 1 74.9705 84.8775
4 6 0 19.4095 35.7944
4 7 0 52.6315 94.9954
4 8 0 29.0467 27.7009
4 9 0 20.7254 35.9159
4 10 0 10.0956 98.136
4 11 0 48.0583 45.8088
4 12 0 42.6762 48.1505
4 13 0 4.90607 83.0126
4 14 0 53.556 69.576
4 15 0 5.01668 74.9981
4 16 0 19.4563 54.3889
4 17 0 78.4567 92.8908
4 18 0 60.368 93.1535
4 19 0 55.513 12.5984
4 20 0 1.80024 92.7698
4 21 0 31.8236 41.1517
4 22 0 48.6555 22.4933
4 23 0 90.6127 0.696377
4 24 0 14.4348 87.0213
4 25 0 20.378 4.85501
4 26 0 36.972 45.2819
4 27 0 75.3559 50.118
4 28 0 22.4336 45.5046
4 29 0 56.2864 45.9622
4 30 0 89.1892 40.8014
4 31 0 7.94041 72.0025
4 32 0 37.1044 10.9868
4 33 0 91.5193 33.8557
4 34 0 14.5713 97.6114
4 35 0 54.4981 34.2625
4 36 0 28.6665 66.2815
4 37 0 22.2692 85.7782
4 38 0 39.9742 65.7506
4 39 0 15.9706 79.4967
4 40 0 7.80937 53.4293
5 1 0 48.9122 55.4181
5 2 0 5.12334 99.3777
5 3 0 56.6215 92.8946
5 4 0 47.0806 8.3639
5 6 1 52.3892 41.1054
5 7 0 76.3743 39.5874
5 8 1 65.011 20.9345
5 9 0 7.32698 31.2978
5 10 0 34.0592 80.0666
5 11 0 29.6681 7.05655
5 12 0 92.3314 11.937
5 13 1 24.5343 69.9986
5 14 0 13.2489 22.3842
5 15 0 47.5079 46.6171
5 16 0 99.5496 48.9046
5 17 0 60.0577 33.7901
5 18 1 55.074 11.3881
5 19 0 64.4727 68.5834
5 20 0 69.5474 64.4795
5 21 0 61.3692 82.1089
5 22 0 35.8961 10.5803
5 23 0 67.8006 4.91594
5 24 0 86.5815 70.9018
5 25 0 43.2296 81.1807
5 26 0 28.0014 99.9539
5 27 0 44.5964 59.0565
5 28 0 25.5984 79.754
5 29 0 50.8926 52.5819
5 30 0 31.1346 85.9607
5 31 0 34.2916 0.937971
5 32 0 97.7649 92.8224
5 33 0 78.7193 62.439
5 34 0 88.163 5.34854
5 35 1 84.1107 80.7943
5 36 0 15.3528 66.6366
5 37 0 1.74201 22.1217
5 38 0 98.5811 3.48565
5 39 0 0.377064 32.9281
5 40 0 77.2877 15.0833
6 1 0 79.239 35.9379
6 2 1 37.3086 8.7008
6 3 0 57.6413 24.363
6 4 0 23.9959 64.3225
6 5 0 72.2914 99.732
6 7 1 98.5027 83.2759
6 8 0 73.6189 96.5091
6 9 0 17.4303 71.7607
6 10 0 51.6343 10.2429
6 11 0 5.46435 28.7964
6 12 0 7.11156 14.7437
6 13 0 82.9296 85.4232
6 14 0 42.3836 59.9454
6 15 0 53.9508 16.4237
6 16 1 5.69681 67.2271
6 17 0 22.211 7.34006
6 18 0 74.2856 5.95815
6 19 0 75.1508 68.89
6 20 0 58.1075 45.2842
6 21 0 5.22248 50.0788
6 22 1 86.3679 61.8825
6 23 0 86.2292 17.9604
6 24 0 69.5644 60.7379
6 25 0 89.5797 6.79015
6 26 0 45.4955 62.2817
6 27 0 51.3212 92.6476
6 28 0 13.9062 78.2779
6 29 1 40.5234 22.616
6 30 0 73.8084 38.5911
6 31 0 54.5051 69.7035
6 32 0 68.8336 15.1179
6 33 0 16.2588 64.3546
6 34 0 59.9639 0.890294
6 35 0 66.678 2.00977
6 36 0 77.2349 48.9464
6 37 0 66.7122 18.4634
6 38 0 87.6032 22.0856
6 39 0 62.1836 85.5617
6 40 0 3.65845 7.3849
7 1 0 87.2178 28.6669
7 2 0 68.639 63.0192
7 3 0 47.6838 75.168
7 4 0 77.9246 13.2603
7 5 0 47.1082 55.8027
7 6 0 48.4479 24.7317
7 8 1 45.3048 3.9985
7 9 0 20.4006 69.1983
7 10 0 48.9434 12.4922
7 11 0 15.0536 91.8345
7 12 0 25.7981 2.84614
7 13 0 56.0663 41.5032
7 14 0 30.4876 66.1076
7 15 0 39.2939 21.9588
7 16 0 88.6841 17.8507
7 17 0 21.4871 88.925
7 18 0 12.6856 12.0455
7 19 0 49.8089 16.2712
7 20 0 6.16111 21.8437
7 21 0 80.8784 5.89108
7 22 0 13.0693 96.7437
7 23 0 92.9447 84.9435
7 24 0 38.6846 55.3492
7 25 0 22.056 66.6995
7 26 0 85.5866 24.3022
7 27 0 23.0677 47.0591
7 28 0 62.8017 44.2488
7 29 0 46.3075 85.7961
7 30 0 7.45003 23.2345
7 31 0 99.7238 89.8964
7 32 0 17.4377 27.7747
7 33 0 73.1483 82.9243
7 34 0 14.0733 75.1464
7 35 0 28.6643 41.9334
7 36 0 59.7443 21.9447
7 37 0 33.3659 67.3866
7 38 0 13.0541 33.7353
7 39 0 8.50721 34.1397
7 40 0 4.80369 87.8401
8 1 0 72.8344 67.119
8 2 0 25.0734 98.9818
8 3 0 37.4597 63.179
8 4 0 56.1733 61.935
8 5 0 85.6821 17.0879
8 6 0 7.83573 27.2278
8 7 0 65.7679 68.4444
8 9 1 35.6333 7.85595
8 10 1 54.4729 53.6516
8 11 0 26.8689 1.77508
8 12 0 87.1396 89.232
8 13 0 84.9123 28.7141
8 14 0 5.22678 22.9465
8 15 0 60.7975 6.97917
8 16 0 18.6765 39.8244
8 17 0 89.2798 35.9798
8 18 0 95.7107 7.90182
8 19 0 5.8135 9.0738
8 20 0 74.1341 95.746
8 21 0 24.019 91.136
8 22 0 95.0755 69.7679
8 23 0 23.217 72.1376
8 24 0 45.4688 46.1814
8 25 1 25.8526 83.1707
8 26 0 29.3928 45.5956
8 27 0 80.6937 74.6774
8 28 0 28.234 53.7202
8 29 0 86.685 27.9555
8 30 0 46.5683 58.978
8 31 0 94.5627 37.6014
8 32 0 94.6338 3.35726
8 33 0 19.8316 81.6559
8 34 0 10.5012 2.29951
8 35 0 21.312 48.0917
8 36 1 33.2217 87.9861
8 37 0 95.9736 76.8622
8 38 0 10.1763 25.9052
8 39 0 57.6005 17.3985
8 40 0 32.694 36.0718
9 1 1 98.4384 25.4058
9 2 0 16.5204 77.3107
9 3 0 18.3261 66.4591
9 4 0 29.2405 43.8171
9 5 0 71.7578 47.8292
9 6 0 4.55603 58.3704
9 7 0 8.57268 16.9234
9 8 0 21.1061 61.205
9 10 1 61.5217 76.0391
9 11 0 71.269 89.4176
9 12 0 10.4671 31.5682
9 13 0 97.4882 27.8234
9 14 0 91.416 86.8846
9 15 0 4.16368 50.1438
9 16 0 20.4395 75.1417
9 17 0 39.0316 68.8995
9 18 0 94.6548 32.692
9 19 0 53.9655 40.2978
9 20 0 42.1687 32.1375
9 21 0 62.5614 20.3995
9 22 0 33.4043 17.6225
9 23 0 95.2396 15.4702
9 24 0 24.9633 74.1219
9 25 0 11.0486 65.1308
9 26 0 43.343 34.9692
9 27 0 27.907 72.4803
9 28 0 16.1115 15.1843
9 29 0 44.7847 77.0997
9 30 0 86.126 6.87916
9 31 0 34.1754 2.41886
9 32 0 94.1425 50.5419
9 33 0 52.2138 60.624
9 34 0 73.0604 7.19265
9 35 0 80.963 98.4233
9 36 0 15.474 33.4706
9 37 0 28.1172 80.4237
9 38 0 92.4405 35.1274
9 39 0 32.3117 56.3455
9 40 1 92.8495 2.69028
10 1 0 95.7198 99.9239
10 2 0 21.538 26.7198
10 3 0 49.6342 85.6223
10 4 0 20.9896 53.6301
10 5 0 56.7822 53.1872
10 6 0 83.4114 78.6978
10 7 0 57.9855 90.6558
10 8 0 90.7676 58.2336
10 9 0 26.5039 52.9226
10 11 1 32.1708 81.8758
10 12 0 62.2435 3.2457
10 13 0 79.0338 35.0094
10 14 0 77.1535 51.208
10 15 0 63.9314 4.98427
10 16 0 89.6758 88.7519
10 17 0 6.80212 93.8383
10 18 1 26.5567 53.7073
10 19 0 63.4551 73.2394
10 20 0 72.0215 98.1499
10 21 0 35.353 64.172
10 22 0 58.9839 2.74031
10 23 0 69.0959 69.4451
10 24 0 21.8744 17.9818
10 25 0 40.7444 86.7899
10 26 0 95.0968 18.3185
10 27 0 50.3395 18.2897
10 28 0 89.685 37.0281
10 29 0 65.5604 52.9564
10 30 0 64.538 38.419
10 31 0 76.5437 54.1667
10 32 0 34.4483 43.7507
10 33 0 98.3056 42.9029
10 34 1 65.671 89.4393
10 35 0 30.0896 44.1006
10 36 0 96.2581 8.19435
10 37 0 0.0612865 49.5524
10 38 0 13.4443 69.5188
10 39 0 19.5135 4.64201
10 40 0 98.4367 8.75493
11 1 0 26.6203 94.8275
11 2 0 96.0829 99.4493
11 3 0 14.482 58.7583
11 4 0 23.6773 51.4967
11 5 0 57.0913 0.930319
11 6 0 21.8192 28.4825
11 7 0 44.9395 22.7475
11 8 0 50.0805 17.5647
11 9 0 30.0425 31.5629
11 10 0 22.7057 79.74
11 12 1 89.5281 49.8046
11 13 0 25.0655 65.6341
11 14 0 82.0192 41.3484
11 15 0 31.1042 22.4324
11 16 0 76.1243 73.5932
11 17 0 55.0968 18.5017
11 18 0 58.0906 80.6836
11 19 0 23.944 65.6575
11 20 0 21.8568 82.2857
11 21 0 27.1958 33.2176
11 22 0 64.8094 5.3986
11 23 0 69.4327 7.05943
11 24 0 15.3923 47.8002
11 25 0 78.5073 34.2763
11 26 0 81.8905 27.9578
11 27 0 51.6823 39.4192
11 28 0 92.8646 35.8633
11 29 0 94.518 77.9021
11 30 0 95.9052 35.3185
11 31 0 36.1348 96.2574
11 32 0 12.6392 78.5545
11 33 0 45.5949 35.8887
11 34 0 80.5731 5.9557
11 35 0 14.1774 86.1834
11 36 1 19.8895 95.7004
11 37 0 90.0852 97.5011
11 38 0 44.8899 64.7454
11 39 0 82.1918 51.3791
11 40 0 80.0638 96.1116
12 1 0 97.6646 5.42343
12 2 0 97.6963 45.1562
12 3 0 10.6035 52.8586
12 4 1 32.8253 21.0293
12 5 0 80.5622 70.6571
12 6 0 84.0846 12.763
12 7 0 21.2105 4.98812
12 8 0 90.6383 44.7777
12 9 0 11.7592 78.1238
12 10 0 28.5095 98.2094
12 11 0 24.154 51.6402
12 13 1 14.6605 40.495
12 14 0 49.6038 99.613
12 15 0 39.0933 71.6747
12 16 0 2.70274 78.0054
12 17 0 98.7222 66.2921
12 18 0 12.3596 81.7295
12 19 0 60.6686 27.2046
12 20 0 9.62586 98.5532
12 21 0 39.557 26.3139
12 22 0 58.9129 32.6688
12 23 0 55.9595 13.6217
12 24 0 63.0782 37.2432
12 25 0 97.3226 84.1164
12 26 0 62.0182 30.6439
12 27 0 34.4832 35.8525
12 28 0 32.3567 46.0589
12 29 0 59.6546 68.7789
12 30 0 6.76652 57.4376
12 31 0 73.3799 76.6702
12 32 0 47.5602 53.6593
12 33 0 19.6144 54.5075
12 34 0 21.8579 88.6092
12 35 0 33.5324 22.107
12 36 0 62.7403 91.3421
12 37 0 43.2476 58.0087
12 38 0 24.9539 60.846
12 39 0 44.3185 61.3345
12 40 0 37.5094 26.9047
13 1 0 8.02945 8.74379
13 2 0 41.4094 84.4309
13 3 0 97.7014 40.5965
13 4 0 62.7719 83.4965
13 5 0 88.469 11.8145
13 6 0 57.4069 8.64683
13 7 0 51.0243 71.0619
13 8 0 32.4039 78.465
13 9 0 50.4783 1.19499
13 10 0 43.3716 47.1135
13 11 0 55.8929 29.4112
13 12 0 65.4872 66.6791
13 14 1 99.6456 37.2225
13 15 0 91.9575 76.3401
13 16 0 66.3185 38.3762
13 17 0 7.34353 83.7274
13 18 0 22.6011 5.95078
13 19 0 67.57 46.6216
13 20 0 65.7315 47.3183
13 21 0 78.5187 16.3035
13 22 0 14.8319 44.5312
13 23 0 57.6557 15.2538
13 24 0 33.0662 10.7959
13 25 0 47.1195 14.7803
13 26 0 42.4069 54.5715
13 27 0 30.1043 55.0633
13 28 0 62.0613 54.3699
13 29 0 76.7264 94.8699
13 30 1 56.2779 39.7123
13 31 0 91.2245 6.77921
13 32 0 5.60277 12.5432
13 33 0 61.9831 19.2155
13 34 1 40.3869 11.4642
13 35 0 75.8447 82.6453
13 36 0 82.8811 38.252
13 37 0 80.1643 79.9446
13 38 0 39.9625 42.5869
13 39 0 92.8563 75.9678
13 40 0 37.0104 19.5696
14 1 0 24.9576 27.4666
14 2 0 42.7131 42.07
14 3 0 66.7045 69.8813
14 4 0 63.2498 13.6635
14 5 0 18.6328 34.1719
14 6 0 48.1912 56.7984
14 7 0 65.3279 63.5406
14 8 0 84.125 16.298
14 9 0 49.9755 33.2066
14 10 0 34.5782 60.8748
14 11 0 1.61645 87.9004
14 12 0 48.537 49.0459
14 13 0 94.3651 71.0498
14 15 1 88.4116 28.5794
14 16 0 30.9712 13.5691
14 17 0 1.98967 13.7657
14 18 0 53.7764 51.0994
14 19 0 62.8797 97.6678
14 20 0 56.362 64.9437
14 21 0 82.1108 95.9573
14 22 0 75.3849 96.4884
14 23 0 36.1724 68.1838
14 24 0 93.7677 55.6731
14 25 0 55.3955 77.7829
14 26 0 61.4471 94.3354
14 27 0 51.7875 64.4661
14 28 0 37.1946 14.6884
14 29 0 15.3077 26.8506
14 30 0 49.0743 2.99677
14 31 0 20.3282 57.2807
14 32 0 78.8571 23.3591
14 33 0 37.6282 14.2668
14 34 0 17.3658 84.477
14 35 0 32.1836 36.9896
14 36 0 9.82122 3.14866
14 37 0 58.4107 1.54193
14 38 0 4.57097 20.2073
14 39 0 34.2924 95.0261
14 40 0 40.6043 0.937095
15 1 0 92.2261 38.4833
15 2 0 67.7933 4.61795
15 3 0 16.8194 12.3662
15 4 0 43.6747 30.9557
15 5 0 29.5244 4.50712
15 6 0 79.163 15.117
15 7 0 72.2135 21.0139
15 8 1 67.8552 89.1922
15 9 0 27.1931 0.387631
15 10 0 61.7777 94.2231
15 11 0 82.5192 54.1378
15 12 0 24.2308 81.6435
15 13 0 67.6224 72.7259
15 14 0 39.4153 86.8177
15 16 1 87.16 13.8793
15 17 0 2.16534 84.8345
15 18 0 93.1315 31.0138
15 19 0 3.72031 2.98766
15 20 0 76.2919 34.6668
15 21 0 46.3625 9.56818
15 22 0 48.6212 71.4942
15 23 0 42.3995 79.9067
15 24 0 79.664 49.7292
15 25 0 11.2157 14.9093
15 26 0 37.1725 98.0932
15 27 0 47.1791 63.5815
15 28 0 93.7694 49.7581
15 29 0 77.1805 14.4919
15 30 0 38.3785 66.0179
15 31 1 45.3787 82.2504
15 32 0 27.7857 27.7637
15 33 0 53.2007 5.76666
15 34 0 73.0876 13.6244
15 35 0 1.82897 61.2094
15 36 0 83.3322 27.8813
15 37 0 10.2771 16.4453
15 38 0 54.2814 54.548
15 39 0 69.1838 88.8753
15 40 0 0.669102 2.64977
16 1 0 25.4497 85.8643
16 2 0 26.261 53.1545
16 3 0 65.2154 31.8342
16 4 0 41.239 88.6909
16 5 1 82.6072 38.1248
16 6 0 33.9213 7.24788
16 7 0 37.3501 91.718
16 8 0 7.5396 81.3211
16 9 0 49.2677 99.519
16 10 0 18.1401 62.2829
16 11 0 35.1215 82.6314
16 12 0 50.1956 7.55284
16 13 0 99.9255 40.7816
16 14 0 64.1105 66.687
16 15 0 43.5298 45.5762
16 17 1 0.621073 63.2526
16 18 0 5.75744 88.7462
16 19 0 36.9356 69.2629
16 20 0 95.7809 7.84434
16 21 0 81.0136 51.9411
16 22 0 79.2321 78.1022
16 23 0 36.7216 82.7096
16 24 0 15.7853 32.9774
16 25 0 82.9652 78.763
16 26 0 64.383 39.7819
16 27 0 12.3317 1.51965
16 28 0 15.0587 80.8357
16 29 0 38.6412 35.9216
16 30 0 63.2911 21.2595
16 31 0 57.6036 13.798
16 32 0 58.7658 29.0702
16 33 0 9.59664 67.3699
16 34 0 43.7897 60.0916
16 35 0 33.3389 74.1794
16 36 0 85.634 24.2834
16 37 0 12.5533 0.209497
16 38 0 72.8089 37.6714
16 39 0 72.394 34.1725
16 40 0 86.7645 33.5298
17 1 0 81.0504 56.5896
17 2 0 79.4343 23.8829
17 3 0 36.8936 12.754
17 4 0 52.1239 89.0802
17 5 0 89.2987 14.1813
17 6 0 10.1909 0.372794
17 7 0 41.2484 57.1774
17 8 0 59.4596 4.58325
17 9 0 44.8391 95.9855
17 10 0 62.0453 45.4625
17 11 0 45.2334 59.4443
17 12 0 38.1944 66.7304
17 13 0 99.3067 35.8105
17 14 0 43.5957 6.50553
17 15 0 17.662 21.8838
17 16 0 46.0291 30.6301
17 18 1 92.0914 45.1135
17 19 0 63.4498 47.2448
17 20 0 47.57 57.0513
17 21 0 39.0303 39.8688
17 22 0 82.6007 80.7733
17 23 0 11.1476 43.0777
17 24 0 25.9426 74.8295
17 25 0 75.8341 37.5803
17 26 0 96.0887 26.9274
17 27 0 4.36346 85.2923
17 28 0 60.4579 86.9285
17 29 0 33.9296 35.0168
17 30 0 96.066 76.6026
17 31 0 43.9703 52.5713
17 32 0 26.2241 0.955112
17 33 0 10.2694 70.5028
17 34 0 9.15156 49.5812
17 35 0 37.4034 95.1681
17 36 0 94.4004 71.1517
17 37 0 33.1778 42.6467
17 38 0 80.5279 3.19533
17 39 0 70.1609 74.6577
17 40 0 80.0265 3.83992
18 1 0 84.4747 17.4361
18 2 0 67.242 8.26631
18 3 0 74.7632 59.6234
18 4 0 50.8757 43.8591
18 5 0 87.7007 11.6675
18 6 0 85.5195 8.25298
18 7 1 10.2742 11.3884
18 8 0 80.0147 5.31907
18 9 0 29.7025 35.8636
18 10 0 98.2157 86.4647
18 11 0 70.0112 27.5175
18 12 0 66.9322 65.3023
18 13 0 78.2549 5.08206
18 14 0 43.0426 78.4163
18 15 0 78.679 69.0845
18 16 0 94.8611 51.9488
18 17 0 43.6934 53.5529
18 19 1 16.8293 97.5904
18 20 0 57.4657 40.6125
18 21 0 90.7147 37.5299
18 22 0 11.1639 88.8455
18 23 0 69.7176 65.5463
18 24 0 57.2005 63.5694
18 25 0 79.2638 4.97115
18 26 0 70.3806 11.6873
18 27 0 44.1727 1.45049
18 28 0 18.72 64.315
18 29 0 69.2616 50.0826
18 30 0 52.2023 69.2635
18 31 0 4.71674 98.0585
18 32 0 8.24353 52.9773
18 33 0 7.79569 72.5271
18 34 0 88.9273 47.7084
18 35 0 74.1825 63.848
18 36 0 29.9818 92.9834
18 37 0 31.4672 16.7316
18 38 0 55.3629 59.4045
18 39 0 47.8319 4.68254
18 40 0 36.7826 37.9655
19 1 1 22.0946 26.3728
19 2 0 27.2847 35.8043
19 3 0 26.6841 42.8206
19 4 0 64.7921 4.03507
19 5 0 32.1495 90.3016
19 6 0 61.2392 47.9625
19 7 0 48.9784 27.9574
19 8 0 54.259 69.7318
19 9 0 46.5672 62.1596
19 10 0 64.3458 82.2985
19 11 0 61.719 65.6532
19 12 0 68.5203 40.5353
19 13 0 68.3046 98.362
19 14 0 19.5993 15.7014
19 15 0 8.6971 41.565
19 16 0 1.47059 52.7292
19 17 0 76.6621 93.4968
19 18 0 97.0336 16.6503
19 20 1 94.5866 38.525
19 21 0 86.4345 94.8891
19 22 0 85.6411 93.7735
19 23 0 92.2539 78.6624
19 24 0 86.7735 27.8811
19 25 0 10.4871 65.4833
19 26 0 1.87685 80.0569
19 27 0 70.2877 27.3782
19 28 0 73.9034 45.2252
19 29 0 13.444 99.4946
19 30 0 14.6122 1.9409
19 31 0 36.5091 86.9633
19 32 0 31.056 85.1452
19 33 0 53.4516 1.173
19 34 0 58.4394 9.74006
19 35 0 10.4195 86.1538
19 36 0 50.3995 14.5404
19 37 0 51.9683 36.0547
19 38 0 17.4453 82.9091
19 39 0 59.6403 2.32882
19 40 0 50.1886 80.8783
20 1 0 3.90243 34.8711
20 2 0 16.4984 47.4972
20 3 0 88.1167 84.9804
20 4 0 16.2619 74.7588
20 5 0 55.5598 1.26899
20 6 0 59.0857 57.9388
20 7 0 53.3464 89.9165
20 8 0 91.5403 95.7687
20 9 0 56.6697 78.5284
20 10 0 18.4178 77.8309
20 11 0 72.2908 13.0394
20 12 0 71.2701 70.4318
20 13 0 98.8738 77.5484
20 14 0 87.3596 21.7041
20 15 0 47.7807 57.8013
20 16 0 21.4112 86.6377
20 17 0 60.5344 83.484
20 18 0 77.0617 84.8669
20 19 0 26.1312 43.2054
20 21 1 87.5639 2.55929
20 22 0 93.5427 76.4971
20 23 0 85.4491 13.9681
20 24 0 5.045 81.0973
20 25 0 53.5465 48.6953
20 26 0 47.1819 29.7247
20 27 0 91.2712 46.8822
20 28 0 78.4684 2.15929
20 29 0 19.9412 4.6666
20 30 0 94.7098 19.9022
20 31 0 31.5757 61.3063
20 32 0 11.1601 55.6555
20 33 0 93.3907 11.7628
20 34 0 9.46947 21.6323
20 35 0 29.702 70.0602
20 36 0 90.4242 28.7145
20 37 0 96.0718 91.1944
20 38 1 61.7827 60.5481
20 39 0 41.2623 2.43408
20 40 0 5.33893 83.276
21 1 0 8.45199 52.6016
21 2 0 2.26514 20.7985
21 3 1 64.2113 17.0874
21 4 0 58.2347 32.3174
21 5 0 43.6028 1.93399
21 6 1 92.4143 90.5152
21 7 0 1.01168 19.2192
21 8 0 41.1425 43.976
21 9 0 47.374 2.21626
21 10 0 34.153 89.2211
21 11 0 81.8724 38.7372
21 12 0 62.4745 66.7745
21 13 0 47.4441 40.5602
21 14 1 0.0428788 93.0541
21 15 0 98.5355 61.4087
21 16 0 94.7763 96.4057
21 17 0 44.157 17.1922
21 18 0 91.037 4.31691
21 19 0 14.5355 20.5194
21 20 0 8.54531 56.2196
21 22 1 66.5196 57.6853
21 23 0 5.93565 74.5489
21 24 0 6.65018 15.5278
21 25 0 46.5484 6.44867
21 26 0 81.4263 97.4387
21 27 0 96.8389 48.76
21 28 0 38.828 3.5154
21 29 0 5.26938 65.9482
21 30 0 51.7955 59.8068
21 31 0 75.5312 65.1349
21 32 0 86.5752 99.4071
21 33 0 18.0763 16.4196
21 34 0 33.0081 83.9213
21 35 0 20.6638 88.2823
21 36 0 95.0772 79.5141
21 37 0 60.5336 82.793
21 38 1 71.4757 69.7232
21 39 0 38.6646 87.4171
21 40 0 88.245 75.794
22 1 0 92.2856 31.5706
22 2 0 31.994 54.2506
22 3 0 16.5284 4.57139
22 4 0 88.0893 35.2067
22 5 0 7.55273 3.66096
22 6 0 27.5474 14.8899
22 7 0 68.825 90.1504
22 8 0 44.7779 37.2306
22 9 0 88.3526 53.9337
22 10 0 24.0554 3.58868
22 11 0 58.6104 63.9192
22 12 0 39.0282 12.0855
22 13 0 81.7224 31.3449
22 14 1 42.0099 98.4711
22 15 0 86.2557 21.6957
22 16 0 52.7392 91.361
22 17 0 34.757 32.0917
22 18 0 21.0621 44.5345
22 19 0 92.2333 82.0718
22 20 0 38.7913 33.5559
22 21 0 53.694 51.7904
22 23 1 72.2948 78.2419
22 24 0 66.9225 34.6483
22 25 0 35.518 51.752
22 26 0 59.4599 86.1327
22 27 0 38.9269 62.1767
22 28 0 88.889 31.9796
22 29 0 32.8084 31.2302
22 30 0 65.3361 18.5554
22 31 0 82.4918 39.7257
22 32 0 35.3191 73.4653
22 33 1 32.7751 60.5456
22 34 0 54.1271 74.0989
22 35 0 57.5193 84.4354
22 36 0 4.18003 79.0072
22 37 0 33.4941 80.9115
22 38 0 31.7716 88.9665
22 39 1 21.0599 97.9147
22 40 0 42.8046 90.6217
23 1 0 7.64117 61.6559
23 2 0 99.8934 6.14403
23 3 0 90.3159 27.0894
23 4 0 45.8115 78.1104
23 5 0 9.01605 2.98081
23 6 0 85.2031 80.9055
23 7 0 25.1307 59.3599
23 8 0 8.28894 14.212
23 9 0 68.2302 89.4745
23 10 1 58.192 58.7312
23 11 0 14.1183 75.5527
23 12 0 23.8976 6.47481
23 13 0 11.1444 58.5064
23 14 1 3.28263 20.8745
23 15 0 85.4418 78.0971
23 16 0 45.6184 38.53
23 17 0 34.6325 77.092
23 18 0 38.4502 99.8404
23 19 0 37.3503 50.1909
23 20 0 24.9349 84.6659
23 21 0 21.7348 97.3159
23 22 0 25.4692 86.7991
23 24 1 75.5334 72.3865
23 25 0 61.5132 62.7118
23 26 0 50.4038 91.912
23 27 0 26.5148 77.4649
23 28 0 10.5618 27.4402
23 29 0 96.8167 52.9248
23 30 0 65.0883 32.2497
23 31 0 13.722 79.7935
23 32 0 31.8333 10.4406
23 33 0 53.7827 65.3028
23 34 0 85.6378 47.7904
23 35 0 2.23464 63.4816
23 36 0 6.37177 14.1089
23 37 0 12.413 13.6049
23 38 0 38.4042 78.2886
23 39 0 80.6844 83.7411
23 40 0 53.3168 53.6045
24 1 0 82.4696 96.6161
24 2 0 24.9324 23.1025
24 3 0 34.1985 89.7452
24 4 0 45.9857 56.7336
24 5 0 57.6144 10.9521
24 6 0 58.7334 37.2591
24 7 0 70.5797 79.6861
24 8 0 12.1621 19.9358
24 9 0 39.2838 75.8643
24 10 0 43.0474 71.8732
24 11 0 60.349 73.9431
24 12 1 51.0273 51.8979
24 13 0 15.4734 6.5187
24 14 0 33.1675 74.5113
24 15 0 43.3903 76.9013
24 16 0 26.6846 53.1
24 17 0 61.9467 80.6204
24 18 0 88.5291 4.46785
24 19 0 80.7839 87.1454
24 20 0 97.0817 36.5607
24 21 0 7.79323 60.1657
24 22 0 22.9511 94.8764
24 23 0 12.6223 46.2074
24 25 1 60.0209 18.1905
24 26 0 46.7702 61.2588
24 27 0 96.6401 15.4854
24 28 0 59.2941 96.0326
24 29 0 33.1278 63.1008
24 30 0 9.17194 18.3125
24 31 0 41.8919 27.582
24 32 0 52.8405 72.3155
24 33 0 7.75541 59.0495
24 34 0 85.9748 87.5836
24 35 0 66.0696 70.4461
24 36 0 89.972 52.3578
24 37 0 66.628 40.2318
24 38 1 50.2991 2.84569
24 39 0 70.6621 22.0629
24 40 0 78.614 7.04888
25 1 0 16.8341 86.7293
25 2 0 3.61897 3.51015
25 3 0 98.2628 2.29092
25 4 0 30.6564 91.9747
25 5 0 71.083 12.5705
25 6 0 52.4738 56.8887
25 7 0 77.7029 34.5839
25 8 0 25.3496 95.1637
25 9 0 90.1735 27.9
25 10 0 77.2843 93.2319
25 11 0 21.4014 74.4867
25 12 0 73.6902 48.0297
25 13 0 34.2154 27.8407
25 14 0 75.0869 99.7328
25 15 1 40.8672 22.6475
25 16 0 77.8527 19.5727
25 17 0 29.2645 91.0962
25 18 0 88.8468 9.91021
25 19 0 66.0701 16.9786
25 20 0 17.8662 76.6165
25 21 0 82.2042 45.4715
25 22 0 9.73479 35.7888
25 23 0 65.8915 83.8898
25 24 0 39.7832 60.2761
25 26 1 39.6719 27.6603
25 27 0 65.7822 56.8638
25 28 0 85.9665 54.5656
25 29 0 8.29716 60.9476
25 30 0 18.0703 64.9737
25 31 0 36.7603 14.9091
25 32 0 62.2916 98.5158
25 33 0 30.6303 9.92255
25 34 0 9.66882 21.1183
25 35 0 86.1061 92.0977
25 36 0 18.5088 86.6913
25 37 0 7.53127 19.0007
25 38 0 77.6824 54.7457
25 39 0 21.5392 56.7585
25 40 0 55.0742 50.4942
26 1 0 51.8183 86.0249
26 2 0 45.6549 46.6288
26 3 0 3.88292 74.9318
26 4 0 5.66684 60.951
26 5 0 87.69 39.3865
26 6 0 3.9412 19.9614
26 7 0 6.20641 90.3826
26 8 0 41.8831 51.504
26 9 0 48.2966 5.37729
26 10 0 92.1227 44.8781
26 11 0 16.8495 5.64595
26 12 0 84.5951 55.202
26 13 0 94.0849 60.983
26 14 1 60.2442 53.7489
26 15 1 30.9916 33.4898
26 16 0 76.2924 59.7122
26 17 0 39.892 63.8439
26 18 0 1.62273 69.1359
26 19 0 32.464 12.9811
26 20 0 95.694 66.8735
26 21 0 55.8629 19.0741
26 22 0 42.106 29.3015
26 23 0 94.9112 89.4485
26 24 0 33.271 70.8734
26 25 0 63.773 46.8378
26 27 1 86.251 76.5099
26 28 0 38.3385 72.6171
26 29 0 15.7108 91.4472
26 30 0 41.5266 10.2247
26 31 0 19.8109 87.3002
26 32 0 64.9814 76.0579
26 33 0 19.6483 18.8726
26 34 0 27.7713 75.9039
26 35 0 93.5542 88.6627
26 36 0 95.9506 71.929
26 37 0 61.0287 92.3816
26 38 0 87.9675 57.9497
26 39 0 11.0634 40.4894
26 40 0 46.2244 57.4242
27 1 0 56.0235 28.8628
27 2 0 28.7884 16.3308
27 3 0 69.9571 34.5911
27 4 0 47.828 78.3858
27 5 1 72.4279 52.6399
27 6 0 32.7183 68.4331
27 7 0 8.87842 81.5003
27 8 0 90.5777 30.753
27 9 1 0.441724 55.832
27 10 0 51.2443 23.9224
27 11 0 75.9181 68.3342
27 12 0 68.401 67.7496
27 13 0 73.2979 54.2687
27 14 0 83.0135 38.8679
27 15 0 30.4865 96.8127
27 16 0 76.0269 35.9433
27 17 0 89.3989 53.9081
27 18 0 14.1557 43.7873
27 19 0 81.3826 54.528
27 20 0 1.92675 6.13565
27 21 0 14.8463 27.6452
27 22 0 5.6147 73.4129
27 23 1 28.6009 36.3276
27 24 0 82.8738 25.222
27 25 0 66.1922 83.3158
27 26 0 27.7286 67.4521
27 28 1 42.553 58.6796
27 29 0 74.3219 30.5263
27 30 0 34.3489 68.0989
27 31 0 8.21123 4.88526
27 32 0 6.16494 66.7093
27 33 0 13.6727 24.2651
27 34 0 39.6331 53.2192
27 35 0 12.4327 69.5881
27 36 0 24.054 10.9273
27 37 0 77.7879 60.4365
27 38 0 60.1791 50.9739
27 39 0 6.01538 92.4298
27 40 0 95.6341 6.50799
28 1 0 89.8439 57.977
28 2 0 30.8863 79.7887
28 3 0 96.8853 33.5213
28 4 0 68.3121 64.0359
28 5 0 26.3517 19.1436
28 6 0 92.65 54.227
28 7 0 19.527 50.7886
28 8 0 49.6101 78.2873
28 9 0 67.459 36.6709
28 10 0 57.8671 4.46559
28 11 0 25.0417 22.766
28 12 0 72.2538 77.9943
28 13 0 97.1663 93.9879
28 14 0 97.2665 57.0908
28 15 0 27.1185 78.3683
28 16 0 15.1381 0.296561
28 17 0 21.7001 66.8218
28 18 0 83.6517 28.7129
28 19 0 51.0815 8.9144
28 20 0 21.5202 12.321
28 21 0 68.258 3.14342
28 22 0 37.17 60.9871
28 23 0 78.0348 31.4142
28 24 0 9.62693 27.354
28 25 0 19.0414 53.2267
28 26 0 44.8875 95.3347
28 27 0 74.9899 69.0321
28 29 1 8.28675 55.0974
28 30 0 71.2796 33.6629
28 31 0 84.2963 19.6638
28 32 0 12.2336 27.7858
28 33 0 64.0937 88.8876
28 34 0 52.3502 54.1284
28 35 0 9.65936 51.682
28 36 0 64.9953 90.1648
28 37 0 75.947 22.8228
28 38 0 75.5854 9.97739
28 39 0 45.3861 26.2483
28 40 0 61.3455 30.3816
29 1 0 99.8231 65.4632
29 2 0 81.1274 38.5154
29 3 0 27.1245 33.299
29 4 0 96.6262 19.0121
29 5 0 90.4963 35.9511
29 6 0 70.6077 84.3078
29 7 1 82.4884 81.2046
29 8 0 82.6361 71.9181
29 9 0 46.7764 89.0048
29 10 0 69.1531 53.4648
29 11 0 22.1245 82.8366
29 12 0 29.28 87.2114
29 13 0 2.95099 56.4877
29 14 0 92.4043 22.5723
29 15 0 70.1603 83.2036
29 16 0 26.7373 80.9662
29 17 0 1.12308 62.1811
29 18 0 29.7075 21.9682
29 19 0 16.2509 89.5634
29 20 0 57.183 82.3146
29 21 0 15.8514 91.8778
29 22 0 10.9734 75.4633
29 23 0 85.2033 89.9369
29 24 0 46.2731 77.434
29 25 0 72.3881 90.2411
29 26 0 33.9142 82.133
29 27 0 73.2356 34.0463
29 28 0 80.3667 97.8825
29 30 1 19.5289 69.0979
29 31 0 22.2146 98.0723
29 32 0 74.107 46.0934
29 33 0 93.6157 21.87
29 34 0 93.4145 11.8406
29 35 0 51.0372 2.93047
29 36 0 40.8749 26.6765
29 37 0 21.8181 52.3623
29 38 0 92.3609 33.8998
29 39 0 82.0287 98.9794
29 40 0 70.1536 12.999
30 1 0 17.3321 3.2297
30 2 1 90.8164 0.859861
30 3 0 35.4358 3.78557
30 4 0 20.9184 36.9969
30 5 0 30.3466 4.45572
30 6 0 13.8223 48.9463
30 7 0 75.3774 3.78752
30 8 0 5.00798 46.1787
30 9 0 26.9822 74.1349
30 10 0 0.880046 78.1093
30 11 0 90.9332 8.86236
30 12 0 76.6712 39.8719
30 13 0 36.5374 88.1715
30 14 0 12.3904 49.7591
30 15 0 50.4782 25.9346
30 16 0 57.0775 24.0197
30 17 0 29.3801 16.9321
30 18 0 94.9227 69.1113
30 19 0 75.5411 54.365
30 20 1 43.5093 61.3186
30 21 0 1.94742 87.6014
30 22 0 44.0097 62.9276
30 23 0 38.1199 23.5074
30 24 0 12.9124 65.6598
30 25 0 65.8676 52.4582
30 26 0 23.6224 98.4408
30 27 0 10.0691 20.9541
30 28 0 77.396 84.7734
30 29 0 17.9235 99.7525
30 31 1 84.9121 93.8813
30 32 0 86.2877 73.029
30 33 0 79.8572 88.0939
30 34 0 98.6758 51.6749
30 35 0 20.5026 89.1973
30 36 0 45.7128 27.5802
30 37 0 16.2849 33.1627
30 38 0 92.9285 95.039
30 39 0 70.8005 0.679728
30 40 0 16.5768 7.15469
31 1 0 66.618 16.9271
31 2 0 11.9122 44.381
31 3 0 23.3897 83.8096
31 4 0 7.52207 0.779376
31 5 0 96.5123 17.8769
31 6 0 58.1316 13.2614
31 7 0 54.5211 75.7028
31 8 0 55.0471 93.3966
31 9 0 27.4143 16.0523
31 10 0 18.4592 72.2259
31 11 0 78.5884 24.188
31 12 1 12.4836 69.0601
31 13 0 30.9129 10.8453
31 14 0 36.0896 86.7795
31 15 0 60.289 47.191
31 16 0 55.9303 24.7536
31 17 0 52.9287 28.2644
31 18 0 94.7376 53.3125
31 19 0 70.8768 76.835
31 20 0 27.9335 61.8022
31 21 0 71.8884 66.4099
31 22 0 32.0611 93.157
31 23 0 22.8294 10.3397
31 24 0 52.3462 56.0644
31 25 0 1.8009 83.2738
31 26 0 90.737 19.5645
31 27 0 48.2197 13.4555
31 28 0 33.7025 99.9442
31 29 0 84.5972 39.7233
31 30 0 60.5529 29.6365
31 32 1 24.491 42.5829
31 33 0 38.2491 92.1077
31 34 0 0.238047 94.7737
31 35 0 53.9635 47.398
31 36 0 57.7201 24.4057
31 37 0 26.7583 87.0597
31 38 0 33.8198 73.7683
31 39 0 49.9697 27.4605
31 40 0 62.9113 40.4566
32 1 0 11.5217 41.4726
32 2 0 19.2203 22.3937
32 3 0 7.65025 25.7051
32 4 0 82.6008 53.705
32 5 0 69.2995 68.3807
32 6 0 21.1004 6.30658
32 7 0 9.18462 56.2928
32 8 0 65.9353 40.7324
32 9 0 35.8857 79.9625
32 10 0 39.5088 89.6702
32 11 0 19.8031 53.2243
32 12 0 0.689988 58.3808
32 13 0 29.9346 43.0303
32 14 0 35.4519 10.6147
32 15 0 63.2933 60.8597
32 16 0 45.748 16.3924
32 17 0 77.8287 78.5939
32 18 0 10.0668 0.466428
32 19 0 86.6549 21.2573
32 20 0 41.421 86.5141
32 21 0 40.1851 24.9638
32 22 0 70.5259 29.7913
32 23 0 17.3619 29.5398
32 24 0 28.0499 99.5894
32 25 0 1.48362 90.9467
32 26 0 27.8722 70.7731
32 27 0 87.3419 39.1001
32 28 0 99.0525 20.2225
32 29 0 12.519 33.1011
32 30 1 0.863445 53.3913
32 31 0 56.1026 33.5736
32 33 1 56.8989 2.71663
32 34 0 3.81993 88.0724
32 35 0 48.9427 39.2476
32 36 1 80.374 53.5766
32 37 0 35.2841 47.6288
32 38 0 68.9783 53.0985
32 39 0 75.3719 40.1531
32 40 0 17.7936 38.8897
33 1 0 74.9145 3.56776
33 2 0 9.64982 82.2267
33 3 0 66.1142 73.7423
33 4 0 7.58989 66.6956
33 5 0 96.6209 6.85303
33 6 0 67.6457 78.8388
33 7 0 73.666 88.7599
33 8 0 63.4199 58.1269
33 9 0 18.4951 70.7527
33 10 0 26.1476 60.3887
33 11 0 16.494 83.6692
33 12 0 54.264 60.0652
33 13 1 89.8415 88.0867
33 14 0 44.5584 59.4061
33 15 0 47.5527 38.465
33 16 0 39.0223 63.4162
33 17 0 82.726 0.628849
33 18 0 74.7615 27.9799
33 19 0 57.2329 3.92265
33 20 0 81.3364 36.5598
33 21 0 72.6859 39.635
33 22 0 32.2827 87.5691
33 23 0 35.2163 82.0104
33 24 0 56.4073 72.7101
33 25 0 76.036 16.565
33 26 0 11.473 28.1305
33 27 0 97.5233 98.9353
33 28 0 38.4949 6.16499
33 29 1 26.9752 20.6191
33 30 0 14.8616 61.2082
33 31 0 83.8567 48.5683
33 32 0 36.8306 85.9513
33 34 1 4.2222 47.366
33 35 0 21.4398 87.1674
33 36 0 28.0614 22.0688
33 37 0 5.33189 71.7082
33 38 0 87.461 35.5083
33 39 0 15.3352 45.0332
33 40 0 13.1388 84.9717
34 1 0 55.5135 23.618
34 2 0 62.1427 48.0095
34 3 0 62.7975 31.6132
34 4 0 13.4441 96.8587
34 5 0 15.0303 83.516
34 6 0 91.7748 99.5091
34 7 0 64.8577 79.9728
34 8 0 13.8449 74.651
34 9 0 58.3075 49.8297
34 10 0 33.0687 38.3905
34 11 0 79.622 72.624
34 12 0 47.8406 33.9036
34 13 0 48.0233 28.5829
34 14 0 75.3973 9.86682
34 15 0 84.9054 5.90133
34 16 0 33.9832 3.57507
34 17 0 92.6221 31.5863
34 18 0 74.4941 11.5758
34 19 0 12.6423 32.411
34 20 0 15.5447 63.8893
34 21 0 80.5757 73.0299
34 22 0 0.266282 64.3251
34 23 0 80.3885 0.605918
34 24 0 66.4354 14.1555
34 25 0 25.945 74.7499
34 26 0 33.458 83.6701
34 27 0 26.1427 70.5561
34 28 1 67.0239 95.8586
34 29 0 50.3699 93.0309
34 30 0 19.4356 15.0033
34 31 0 56.4428 59.9288
34 32 0 60.0817 98.9997
34 33 0 63.3256 36.3418
34 35 1 53.1398 33.8161
34 36 0 13.8908 59.2313
34 37 0 35.7391 37.5519
34 38 0 31.2765 73.622
34 39 0 71.4988 22.7673
34 40 0 36.7294 53.9262
35 1 0 86.3811 18.9853
35 2 0 19.2435 86.1486
35 3 0 57.0404 8.31522
35 4 0 77.681 35.5492
35 5 0 98.3411 42.1683
35 6 0 59.079 40.7155
35 7 0 49.5622 88.6964
35 8 0 3.1593 91.5095
35 9 0 28.514 47.4153
35 10 0 48.4958 18.336
35 11 0 48.463 88.0138
35 12 0 57.083 97.4608
35 13 0 99.7292 79.4515
35 14 0 3.42118 96.9081
35 15 0 18.315 36.7991
35 16 0 78.3996 80.8525
35 17 0 24.7129 82.8652
35 18 0 70.8517 49.4583
35 19 0 7.54944 79.9346
35 20 0 63.6989 9.39359
35 21 0 54.7136 86.9316
35 22 0 4.26823 15.9689
35 23 0 16.1398 61.2532
35 24 0 61.2471 26.5294
35 25 0 84.4443 11.0145
35 26 0 14.4076 5.28045
35 27 1 36.1508 71.7477
35 28 0 83.4244 45.2094
35 29 0 23.1351 29.3157
35 30 0 82.7561 54.39
35 31 0 8.27697 6.0907
35 32 0 20.1639 56.3556
35 33 0 49.3276 85.6277
35 34 0 94.5115 48.5355
35 36 1 94.7416 78.3583
35 37 0 76.4339 47.8494
35 38 0 91.349 25.6214
35 39 0 79.5854 61.8099
35 40 0 80.2572 68.9571
36 1 1 8.45679 68.8665
36 2 0 44.6382 90.8921
36 3 0 86.5739 22.9595
36 4 0 45.4597 68.0791
36 5 0 92.0446 7.32644
36 6 0 30.5889 89.89
36 7 0 19.7214 82.569
36 8 0 34.3132 78.0076
36 9 0 7.68177 82.6868
36 10 0 54.0484 79.5695
36 11 0 21.6385 35.8792
36 12 0 3.42301 1.00609
36 13 0 77.8532 94.1191
36 14 0 3.44086 23.3039
36 15 0 85.3631 99.8334
36 16 1 94.1135 15.7435
36 17 0 82.7752 35.9118
36 18 0 51.2492 71.6003
36 19 0 97.7008 22.8173
36 20 0 30.7025 72.7437
36 21 0 71.6965 19.2203
36 22 0 81.1698 66.4673
36 23 0 33.3108 99.2336
36 24 0 30.5831 2.72592
36 25 0 95.8537 86.1774
36 26 0 6.36051 45.548
36 27 0 9.88524 38.7609
36 28 0 5.00738 44.3314
36 29 0 18.065 69.4527
36 30 0 78.2537 69.5904
36 31 0 56.5454 92.2524
36 32 0 54.0745 89.7364
36 33 0 41.1767 63.7044
36 34 0 75.3366 43.6243
36 35 0 97.3117 20.0094
36 37 1 87.5021 51.6735
36 38 0 32.2953 83.7927
36 39 0 58.7107 52.4949
36 40 0 70.7738 16.2239
37 1 0 13.7952 14.5373
37 2 0 40.9271 9.25963
37 3 0 55.9581 18.8293
37 4 0 94.9816 75.3636
37 5 0 26.8132 24.6714
37 6 0 80.8459 5.65254
37 7 0 30.8961 36.819
37 8 0 50.07 27.7247
37 9 0 60.4973 80.5319
37 10 0 9.72484 81.9166
37 11 0 57.6127 75.753
37 12 0 16.7727 72.6902
37 13 0 25.5686 2.19584
37 14 0 91.1722 0.219801
37 15 0 36.6081 92.4218
37 16 0 61.5046 29.1786
37 17 0 11.4164 54.2116
37 18 1 74.6811 33.7509
37 19 0 91.0442 68.8276
37 20 0 78.9123 86.6918
37 21 0 31.91 94.1911
37 22 0 40.5853 83.1185
37 23 0 40.4894 31.2031
37 24 1 26.1817 75.3953
37 25 0 5.6928 29.788
37 26 0 95.8842 80.1637
37 27 0 43.0708 26.4075
37 28 0 88.9244 38.5867
37 29 0 28.913 90.7745
37 30 0 11.2497 72.9265
37 31 0 83.7603 47.7059
37 32 0 1.05078 21.472
37 33 0 78.9329 80.3458
37 34 0 38.6472 12.2734
37 35 0 35.1314 39.1656
37 36 0 78.2247 91.1954
37 38 1 70.6985 31.7695
37 39 0 99.0259 28.5635
37 40 0 47.4071 24.2228
38 1 0 2.682 3.43461
38 2 0 70.0943 25.5293
38 3 0 8.27825 78.3835
38 4 0 49.2448 49.4471
38 5 0 80.1666 72.1861
38 6 0 58.5047 81.4406
38 7 0 64.5935 42.9631
38 8 0 25.2325 38.7026
38 9 0 54.0245 15.3109
38 10 0 51.8381 25.5481
38 11 0 73.0952 73.8945
38 12 0 58.7233 95.6649
38 13 0 60.7466 7.85643
38 14 0 22.567 86.3081
38 15 0 10.9806 27.0666
38 16 0 73.6925 33.8806
38 17 0 8.75024 14.3998
38 18 0 12.5849 29.7515
38 19 0 27.8092 16.6347
38 20 0 36.0528 90.7078
38 21 0 52.2496 31.1199
38 22 0 28.334 38.2382
38 23 0 38.2206 50.3379
38 24 0 16.4724 80.7813
38 25 0 22.8539 44.3258
38 26 0 40.7567 47.2953
38 27 0 89.5617 83.0425
38 28 0 63.1307 39.9928
38 29 0 68.5569 66.8662
38 30 0 77.8484 1.65703
38 31 0 88.3863 32.6039
38 32 0 99.2821 0.495969
38 33 0 32.5031 39.7984
38 34 0 43.1562 38.5856
38 35 0 83.5068 8.85485
38 36 0 49.1325 59.6197
38 37 0 14.1963 0.0173078
38 39 1 65.225 48.5535
38 40 0 34.632 76.5424
39 1 0 66.1357 11.3479
39 2 0 60.2035 57.0783
39 3 0 13.6099 77.0777
39 4 0 10.4229 47.0308
39 5 0 97.4143 46.5548
39 6 0 83.9581 80.3401
39 7 0 82.8749 94.8522
39 8 1 15.302 4.94197
39 9 0 32.0387 5.35336
39 10 0 83.8933 75.3182
39 11 0 81.3216 34.869
39 12 0 61.3796 71.4963
39 13 0 23.5278 67.0392
39 14 0 22.5253 8.76062
39 15 0 30.5312 96.7258
39 16 0 85.7236 52.7742
39 17 0 19.0758 19.7653
39 18 0 56.1365 31.5234
39 19 0 39.1699 90.9076
39 20 0 56.2606 21.6247
39 21 0 65.3486 36.1736
39 22 0 82.504 47.6518
39 23 0 7.5018 43.352
39 24 0 96.4626 58.2406
39 25 0 21.1691 89.7682
39 26 0 33.5292 5.35911
39 27 0 77.4119 73.0021
39 28 0 40.4629 31.0826
39 29 0 7.42028 46.3359
39 30 0 71.5009 16.5916
39 31 0 22.176 70.1506
39 32 0 37.872 83.5612
39 33 0 68.6802 83.0218
39 34 0 86.8759 38.2052
39 35 0 86.698 23.4305
39 36 0 80.0431 78.9793
39 37 0 97.9271 54.4031
39 38 0 42.8819 68.3899
39 40 1 14.796 47.194
40 1 1 71.9508 50.909
40 2 0 41.7086 74.6437
40 3 0 25.6343 67.1437
40 4 0 96.315 17.8008
40 5 0 35.7963 79.4952
40 6 0 44.1832 62.8625
40 7 0 77.2287 70.5384
40 8 0 35.4477 76.4109
40 9 0 69.6639 46.3288
40 10 0 29.5542 6.47227
40 11 0 13.9755 38.0706
40 12 0 28.4754 35.7293
40 13 0 65.2021 26.3432
40 14 0 67.4935 11.8225
40 15 0 40.4641 77.7255
40 16 0 24.1471 78.1399
40 17 0 18.107 80.9449
40 18 0 72.2034 86.7003
40 19 0 85.311 27.8581
40 20 0 83.9622 28.2207
40 21 0 63.4421 84.7032
40 22 0 74.9368 93.607
40 23 0 71.2456 25.2261
40 24 0 18.4188 52.1975
40 25 0 91.0556 12.5428
40 26 0 62.988 35.7493
40 27 0 42.7719 27.9127
40 28 0 22.1726 60.4457
40 29 0 15.0051 71.2317
40 30 0 51.2063 66.1259
40 31 0 41.9043 49.0899
40 32 0 33.5257 32.041
40 33 0 38.0279 69.8474
40 34 0 20.0461 10.5535
40 35 0 75.6196 4.80122
40 36 0 97.5535 85.629
40 37 0 53.7827 83.1507
40 38 0 24.996 15.5373
40 39 0 67.0636 94.9917
5.92163 31.9729 3.97396 11.6673 21.4253 11.1195 39.0186 11.7918 5.38268 32.8755 15.4856 20.8179 4.20556 8.54676 6.31387 22.4695 26.7316 25.9795 35.5609 37.1776 28.2697 30.2835 4.56926 12.3992 18.2363 14.4191 31.8755 17.9954 26.4587 5.81571 17.496 38.8328 37.8044 2.79365 14.2866 11.4735 32.9379 15.9882 33.8016 11.6713 