40
500
2
50
1 2 1 38.5431 12.2865
1 3 0 42.1324 95.9564
1 4 0 62.5888 27.913
1 5 1 46.3075 88.5778
1 6 0 78.1079 45.8862
1 7 0 92.7179 54.0803
1 8 0 25.5127 99.0469
1 9 0 51.1538 13.2736
1 10 0 69.188 31.3352
1 11 0 77.4932 51.3272
1 12 1 70.9889 27.6808
1 13 1 83.0315 4.84436
1 14 0 64.5416 95.1769
1 15 0 63.232 94.3657
1 16 0 5.37663 75.0612
1 17 1 77.6579 69.6336
1 18 1 10.1964 37.8294
1 19 0 97.4942 2.96032
1 20 0 27.5459 38.8679
1 21 0 49.0245 41.4326
1 22 1 24.6867 87.9147
1 23 0 11.5177 19.208
1 24 0 36.7681 8.79972
1 25 0 0.0569116 69.2419
1 26 1 71.1446 45.2158
1 27 0 70.6431 28.5407
1 28 0 39.4131 71.6863
1 29 0 44.3744 98.1169
1 30 0 40.5647 57.6547
1 31 0 36.0192 43.3561
1 32 0 51.8202 95.1684
1 33 0 54.6607 54.2221
1 34 0 12.4189 82.9272
1 35 0 2.07365 26.5767
1 36 1 41.6695 69.6503
1 37 0 99.8431 23.6748
1 38 0 61.3238 57.9718
1 39 0 24.9034 95.0824
1 40 0 23.2523 40.1816
2 1 0 97.6961 60.2425
2 3 1 51.4433 50.2731
2 4 1 5.48218 90.3653
2 5 1 60.9789 95.3496
2 6 1 77.2117 48.1159
2 7 0 72.472 56.6374
2 8 0 27.8836 63.8513
2 9 0 69.0794 27.7382
2 10 0 15.3469 42.6059
2 11 0 74.7246 54.6271
2 12 1 41.6761 32.3984
2 13 0 34.32 61.4084
2 14 0 30.0439 49.5897
2 15 0 9.95791 8.54997
2 16 1 47.5772 10.2992
2 17 0 17.9403 5.50332
2 18 0 78.307 12.0947
2 19 1 61.2235 15.9254
2 20 0 51.6621 75.6175
2 21 1 6.05544 11.6169
2 22 0 73.7224 46.9573
2 23 0 13.7845 58.4376
2 24 0 84.067 99.2765
2 25 0 98.8758 2.90326
2 26 0 4.71698 57.7712
2 27 1 36.2786 12.7815
2 28 1 39.466 3.12735
2 29 0 74.1917 58.2583
2 30 0 35.0498 34.2772
2 31 0 86.0524 29.8658
2 32 1 6.90136 38.9971
2 33 1 33.9052 84.5808
2 34 1 18.8626 59.3936
2 35 0 20.0438 53.6835
2 36 0 73.9668 9.33122
2 37 1 4.22045 61.5527
2 38 0 3.85471 56.5087
2 39 1 10.4932 50.652
2 40 0 50.9694 17.0214
3 1 0 4.22064 11.9222
3 2 1 59.1357 71.0825
3 4 1 69.4122 75.5918
3 5 0 30.0104 9.52536
3 6 0 24.0763 34.0577
3 7 0 78.8424 8.24236
3 8 0 82.4989 29.706
3 9 0 55.0366 29.3249
3 10 0 38.9687 42.4973
3 11 1 81.9958 65.1698
3 12 1 21.685 39.6175
3 13 0 60.3659 62.8344
3 14 0 58.821 52.2635
3 15 0 0.652854 94.5591
3 16 0 30.406 13.6972
3 17 0 76.9644 96.5054
3 18 0 85.1634 74.0091
3 19 1 43.7052 15.7491
3 20 1 75.9754 54.5626
3 21 0 80.8703 41.5975
3 22 1 63.695 15.4907
3 23 1 65.0361 71.3148
3 24 0 2.57915 8.53868
3 25 1 63.2644 14.3834
3 26 0 47.7768 37.5443
3 27 0 43.5432 93.194
3 28 1 75.3501 99.1552
3 29 0 9.33927 18.8127
3 30 0 52.5217 40.4599
3 31 0 37.5198 82.384
3 32 0 24.0881 20.4583
3 33 0 41.3259 59.1198
3 34 1 34.2583 57.0176
3 35 0 31.8185 49.7881
3 36 0 26.0112 83.2399
3 37 1 49.7132 95.5907
3 38 0 96.9021 88.3947
3 39 1 99.673 78.9739
3 40 0 49.9821 31.6899
4 1 0 38.481 46.8563
4 2 0 19.1091 50.8561
4 3 0 45.0131 45.0749
4 5 1 72.5212 11.6478
4 6 0 9.46043 25.397
4 7 0 93.1182 51.9941
4 8 0 9.62391 74.2507
4 9 0 9.84128 49.0825
4 10 0 57.2415 95.4824
4 11 0 33.2578 55.1578
4 12 0 69.9086 75.5182
4 13 0 63.4424 92.7902
4 14 0 1.63009 28.4478
4 15 1 84.7386 52.2589
4 16 1 86.9147 19.2668
4 17 1 81.8162 93.6247
4 18 0 49.3452 45.8556
4 19 0 11.5589 31.8982
4 20 1 58.6428 44.9173
4 21 1 9.07851 53.8195
4 22 0 6.65978 93.5939
4 23 1 21.4144 18.4479
4 24 1 51.2576 28.8496
4 25 0 30.8454 94.6667
4 26 1 84.6124 32.2719
4 27 0 85.683 44.7032
4 28 1 5.50508 27.4535
4 29 0 95.1985 27.9359
4 30 0 47.6845 79.4996
4 31 0 62.6379 24.1831
4 32 0 26.3148 12.553
4 33 0 53.9381 53.0483
4 34 0 60.2561 63.9276
4 35 0 34.9279 12.0393
4 36 0 33.1317 78.5761
4 37 0 82.6016 61.2159
4 38 1 73.5445 69.3554
4 39 0 1.39286 7.30612
4 40 0 72.5996 93.8867
5 1 1 67.0174 8.83205
5 2 0 85.832 78.8196
5 3 0 23.868 49.6547
5 4 0 66.0297 65.1355
5 6 1 34.6447 16.6934
5 7 1 66.0967 23.7588
5 8 0 79.3252 56.4657
5 9 1 65.1813 89.3256
5 10 1 2.30536 36.9027
5 11 0 61.1909 13.7793
5 12 0 9.84507 18.9779
5 13 0 54.5754 31.6843
5 14 0 42.5126 40.3141
5 15 1 60.3574 25.8759
5 16 1 49.7075 49.5961
5 17 0 56.078 6.04038
5 18 0 73.7555 66.9751
5 19 1 18.8055 11.4151
5 20 0 26.6062 48.2269
5 21 0 46.2035 55.2153
5 22 1 85.9707 11.7031
5 23 0 99.2814 84.2687
5 24 1 49.8192 72.6813
5 25 1 48.2464 51.1314
5 26 0 49.5486 61.5739
5 27 1 64.1182 46.3461
5 28 1 4.46982 58.9207
5 29 0 49.6905 90.0225
5 30 0 35.2802 8.88369
5 31 0 63.8481 89.138
5 32 1 54.8046 54.4821
5 33 1 77.801 84.6348
5 34 1 79.2174 57.0927
5 35 0 68.7157 90.9237
5 36 0 95.5893 94.2062
5 37 1 49.0305 21.3595
5 38 1 54.3439 9.50707
5 39 1 36.3219 56.32
5 40 1 58.7055 8.62962
6 1 0 48.2788 80.5294
6 2 0 32.3982 41.6794
6 3 0 87.9908 33.7977
6 4 0 6.21914 85.3008
6 5 0 0.532775 29.1848
6 7 1 22.4894 7.70569
6 8 0 86.529 38.8729
6 9 0 75.5901 50.3924
6 10 0 62.2275 56.928
6 11 0 1.4487 26.4794
6 12 0 21.9424 44.9131
6 13 0 93.0784 0.249356
6 14 0 2.38932 84.5918
6 15 0 42.6109 72.921
6 16 0 8.0027 76.1086
6 17 0 11.7229 33.1437
6 18 0 34.3948 85.2486
6 19 0 76.0579 58.636
6 20 0 98.7779 88.9395
6 21 0 42.4614 58.3834
6 22 0 21.4415 98.9959
6 23 0 85.4108 21.9289
6 24 0 68.3167 55.0598
6 25 0 16.8219 49.3205
6 26 1 31.2657 4.28896
6 27 0 12.5 3.78335
6 28 1 81.4217 31.0899
6 29 0 61.526 83.2586
6 30 0 60.8522 70.3026
6 31 0 40.2837 38.7802
6 32 0 70.0869 62.4961
6 33 0 84.9721 88.2014
6 34 0 12.593 23.69
6 35 0 49.6204 57.9882
6 36 1 43.5243 58.5305
6 37 0 5.13072 96.9837
6 38 0 80.7296 21.7801
6 39 1 57.1617 55.5844
6 40 1 4.75061 8.38554
7 1 1 63.4531 89.3474
7 2 0 63.6959 89.0141
7 3 0 50.1554 4.13765
7 4 1 70.3892 27.9741
7 5 1 69.3654 5.51421
7 6 1 34.0246 41.1332
7 8 1 52.1871 64.2498
7 9 0 8.52228 20.6254
7 10 1 67.3483 49.0175
7 11 1 51.1476 35.737
7 12 1 55.199 8.22322
7 13 0 16.099 60.832
7 14 1 38.2205 17.9502
7 15 0 58.7713 64.649
7 16 0 61.0881 13.2477
7 17 0 47.9597 26.6252
7 18 0 8.68418 25.7875
7 19 0 28.8039 15.2877
7 20 0 32.0167 3.5768
7 21 0 9.08719 10.5113
7 22 0 53.3025 7.07006
7 23 1 31.9038 16.6234
7 24 0 96.6911 83.426
7 25 1 26.3005 94.6441
7 26 0 99.1459 2.05007
7 27 0 55.9353 26.4806
7 28 0 89.4261 40.4925
7 29 0 87.8492 8.02154
7 30 0 0.0348588 60.4558
7 31 1 34.9629 89.4974
7 32 0 18.7499 41.5328
7 33 1 7.74828 46.4041
7 34 0 87.0464 77.3979
7 35 1 24.1881 97.2017
7 36 0 61.4868 96.2247
7 37 0 64.2814 52.2368
7 38 0 61.1714 71.4874
7 39 0 30.1806 83.6263
7 40 0 54.7567 97.1234
8 1 0 29.0712 30.059
8 2 0 66.9682 59.9568
8 3 0 6.49677 57.2724
8 4 0 62.7953 5.59863
8 5 0 45.8556 68.24
8 6 1 45.9199 86.6832
8 7 1 70.3978 16.7489
8 9 1 85.555 36.4933
8 10 1 0.0415786 83.9839
8 11 1 47.8213 42.1618
8 12 1 77.7089 72.7907
8 13 1 29.1519 95.7159
8 14 0 23.0057 0.922361
8 15 0 98.8118 44.6233
8 16 0 32.8571 93.9429
8 17 1 83.8361 62.6832
8 18 0 70.1101 40.1204
8 19 1 97.1752 99.3517
8 20 0 72.1678 12.733
8 21 0 2.1887 56.903
8 22 0 12.4428 35.2676
8 23 1 22.5572 48.6561
8 24 0 3.28269 44.5103
8 25 0 7.8628 75.6032
8 26 0 68.4993 98.2287
8 27 0 23.2503 35.7336
8 28 1 32.9736 47.3833
8 29 0 23.423 71.21
8 30 0 70.3325 65.7846
8 31 0 16.3524 12.6947
8 32 0 52.6306 73.8964
8 33 0 91.2734 41.5995
8 34 0 8.98643 74.1918
8 35 0 0.761923 20.4611
8 36 0 89.9168 54.0516
8 37 0 85.8718 36.2861
8 38 0 57.3161 81.4361
8 39 1 57.7119 63.5018
8 40 0 90.4922 22.5942
9 1 0 25.5259 59.2727
9 2 1 95.5752 76.1259
9 3 1 33.0276 98.0797
9 4 1 77.9502 25.3038
9 5 0 66.4279 84.2506
9 6 0 5.64469 0.894913
9 7 0 87.4636 16.9796
9 8 1 13.589 65.7474
9 10 1 53.4065 96.9982
9 11 0 34.3717 10.2354
9 12 1 9.30639 8.84515
9 13 0 70.7059 4.10289
9 14 0 37.1106 42.8281
9 15 0 32.1326 90.2168
9 16 1 45.2187 76.9425
9 17 0 76.2121 89.737
9 18 0 12.5637 38.7674
9 19 0 66.8266 40.4853
9 20 0 58.8197 94.1173
9 21 1 2.6286 62.755
9 22 0 53.8719 40.808
9 23 0 28.0208 29.0438
9 24 0 84.9984 2.95672
9 25 1 36.5185 55.5947
9 26 0 52.4681 16.0638
9 27 1 38.4443 80.5047
9 28 1 25.3084 16.3473
9 29 1 1.22037 12.5978
9 30 0 83.3632 5.26093
9 31 1 71.0547 95.7297
9 32 0 45.8709 33.8551
9 33 0 46.558 68.5617
9 34 0 68.8553 43.326
9 35 0 35.4893 41.6749
9 36 1 36.0696 76.1172
9 37 0 10.0493 64.3294
9 38 0 31.7923 3.26898
9 39 0 31.8228 10.3846
9 40 0 60.7702 24.4533
10 1 0 95.0894 60.2457
10 2 0 68.6862 93.6357
10 3 1 82.1968 37.9605
10 4 0 89.0424 30.2989
10 5 0 78.877 30.332
10 6 1 55.8494 80.2756
10 7 0 85.7441 31.1887
10 8 0 10.6763 91.3733
10 9 1 17.5261 57.9354
10 11 1 77.1158 79.4943
10 12 0 99.6585 10.7696
10 13 0 33.9534 20.7018
10 14 1 65.4462 61.0648
10 15 0 67.8628 13.3372
10 16 0 2.09403 22.7887
10 17 1 26.9346 35.8847
10 18 0 11.1041 84.328
10 19 0 0.908973 93.863
10 20 1 61.0829 33.9238
10 21 0 54.0575 57.7782
10 22 0 92.5056 32.1113
10 23 0 33.5319 2.03703
10 24 0 77.6484 89.8318
10 25 0 44.754 83.5839
10 26 0 51.562 33.2836
10 27 0 21.9116 39.0108
10 28 0 9.8255 19.7287
10 29 0 73.6874 40.631
10 30 1 54.3934 1.63753
10 31 1 25.9207 54.5887
10 32 1 20.3233 3.0471
10 33 0 31.9993 74.5312
10 34 0 5.64591 73.8955
10 35 0 82.6582 39.2468
10 36 0 94.3404 24.4146
10 37 0 45.148 54.0767
10 38 0 89.0404 45.6507
10 39 0 79.8138 27.2088
10 40 0 30.7784 26.1078
11 1 1 54.4433 73.0913
11 2 0 11.7776 20.4073
11 3 0 15.2685 35.6074
11 4 1 59.8966 67.4739
11 5 0 15.0667 77.9542
11 6 0 87.161 21.9041
11 7 0 40.8878 85.882
11 8 0 55.0106 59.7528
11 9 1 87.1239 85.8927
11 10 1 28.8348 45.5035
11 12 1 35.988 86.5054
11 13 1 99.1681 45.7535
11 14 0 80.0903 78.9677
11 15 1 67.8804 88.6049
11 16 1 49.5961 72.7273
11 17 0 25.8146 33.9592
11 18 0 46.2281 38.9555
11 19 0 32.5696 84.7317
11 20 0 24.1906 6.27113
11 21 0 59.0596 10.5495
11 22 0 81.8161 82.1051
11 23 1 72.5657 27.8717
11 24 1 18.3145 45.6021
11 25 0 85.9133 98.9326
11 26 0 63.4059 61.0117
11 27 1 76.9461 76.4947
11 28 0 90.7413 85.4267
11 29 0 49.8962 66.7028
11 30 1 80.8684 6.16323
11 31 0 43.2881 31.863
11 32 0 27.2681 84.8118
11 33 0 55.0285 24.9947
11 34 1 94.6191 65.9336
11 35 0 10.9617 86.2124
11 36 1 91.8122 13.3146
11 37 0 0.476696 98.9263
11 38 0 64.5216 14.3031
11 39 0 8.46166 50.4182
11 40 1 91.2326 2.11613
12 1 0 9.83689 51.6653
12 2 1 41.8938 93.5691
12 3 0 52.6362 45.3937
12 4 0 1.82418 3.82664
12 5 1 28.625 71.5433
12 6 1 62.7165 48.2388
12 7 1 0.434517 95.4476
12 8 0 4.75666 97.2929
12 9 1 71.9565 78.0471
12 10 0 15.5632 57.775
12 11 0 64.0286 36.3443
12 13 1 98.1123 74.0523
12 14 0 41.2711 92.5736
12 15 1 72.7451 40.642
12 16 0 23.0917 53.0419
12 17 0 32.8138 68.2121
12 18 0 22.1356 79.1928
12 19 0 10.7322 60.2039
12 20 1 34.4307 91.8937
12 21 0 33.3457 89.2701
12 22 1 76.8102 46.1886
12 23 0 15.0533 70.1255
12 24 1 2.67985 3.36119
12 25 0 28.114 98.4592
12 26 1 55.8297 96.5391
12 27 1 29.1906 25.3592
12 28 0 45.2616 50.4792
12 29 0 64.0937 51.8964
12 30 0 40.1579 76.5157
12 31 1 67.6986 32.3027
12 32 1 43.7247 28.1914
12 33 1 14.2144 4.83402
12 34 1 64.2208 14.3807
12 35 0 15.4803 37.8707
12 36 0 40.7232 32.3298
12 37 0 58.8767 77.6178
12 38 0 2.30049 86.3317
12 39 0 58.2335 94.1185
12 40 1 29.3886 93.8703
13 1 0 96.6665 90.8558
13 2 1 5.95834 60.9541
13 3 0 11.3895 31.0324
13 4 0 85.2739 22.8928
13 5 1 7.48548 78.8409
13 6 0 2.92055 95.593
13 7 1 34.0131 13.3888
13 8 1 94.7456 27.2809
13 9 1 21.9886 77.9483
13 10 0 48.1993 44.0578
13 11 0 11.8323 5.51795
13 12 0 53.3739 58.513
13 14 1 32.5304 95.9224
13 15 1 87.8701 81.1673
13 16 1 96.9041 18.4079
13 17 0 76.5463 88.3336
13 18 0 89.7819 56.0841
13 19 0 86.8394 18.7844
13 20 0 54.8452 52.7576
13 21 0 28.5754 99.1305
13 22 0 70.1864 96.0549
13 23 0 1.85697 20.0513
13 24 1 27.107 90.7394
13 25 0 30.5585 26.3266
13 26 0 63.1259 92.3874
13 27 0 34.8541 63.0608
13 28 1 99.0715 42.6567
13 29 0 10.4367 63.2029
13 30 0 37.5634 93.1876
13 31 1 76.8566 13.4821
13 32 0 8.944 79.5795
13 33 1 82.7409 2.06252
13 34 0 64.2599 15.0692
13 35 0 33.8917 11.0861
13 36 0 49.2823 90.8978
13 37 0 74.6854 20.5576
13 38 0 1.16682 12.9864
13 39 1 23.6324 9.52562
13 40 0 37.5959 97.1581
14 1 0 83.9782 72.0273
14 2 1 57.6863 11.6314
14 3 0 57.9265 79.8925
14 4 1 51.8188 23.356
14 5 0 26.1025 79.9261
14 6 0 90.5542 8.51813
14 7 0 21.7975 73.4156
14 8 1 55.1094 71.091
14 9 1 41.3318 40.246
14 10 0 10.3427 9.40442
14 11 0 52.382 26.662
14 12 0 54.3363 63.2423
14 13 1 4.8596 56.7692
14 15 1 34.1747 33.0745
14 16 1 73.8699 60.1561
14 17 0 32.2418 71.2415
14 18 0 95.9978 83.0895
14 19 1 67.4748 67.8497
14 20 0 28.8248 22.4963
14 21 0 43.9896 64.1446
14 22 0 74.2735 30.1554
14 23 0 35.8069 55.5709
14 24 0 17.9591 65.7102
14 25 0 71.0006 67.6705
14 26 0 56.6683 84.2589
14 27 1 19.3166 5.05549
14 28 1 37.5085 60.4674
14 29 1 0.792918 40.899
14 30 0 87.1151 4.73355
14 31 0 50.9574 47.6971
14 32 0 0.504028 91.5793
14 33 0 52.86 36.6365
14 34 0 83.0995 76.4042
14 35 0 26.5694 54.6797
14 36 0 30.9862 62.8657
14 37 1 91.5174 51.4814
14 38 1 85.7201 57.1769
14 39 0 18.0272 21.819
14 40 0 93.6197 50.1866
15 1 0 35.3504 44.7056
15 2 1 69.9705 1.72907
15 3 1 65.4864 43.4705
15 4 0 29.2197 44.2025
15 5 0 19.1013 47.6081
15 6 0 92.7544 20.502
15 7 0 51.0608 29.2099
15 8 0 83.6455 47.7636
15 9 0 29.7221 75.4023
15 10 0 41.9823 27.4103
15 11 1 75.3377 43.9894
15 12 0 21.364 7.06107
15 13 0 95.6817 60.2864
15 14 0 2.12025 45.1029
15 16 1 71.1971 31.1268
15 17 0 11.2591 33.5958
15 18 1 99.9643 92.809
15 19 1 37.9397 77.5732
15 20 0 22.7853 59.6045
15 21 0 44.1067 23.2477
15 22 0 32.6153 38.0705
15 23 0 5.92028 86.021
15 24 0 10.1225 79.4366
15 25 0 96.4108 77.5844
15 26 0 74.6308 24.4623
15 27 0 65.6078 96.4654
15 28 0 31.9118 63.1114
15 29 0 85.6665 39.8908
15 30 0 34.4474 94.4943
15 31 0 79.5449 89.0074
15 32 1 65.4164 22.6076
15 33 0 11.72 37.9597
15 34 0 73.4862 90.8006
15 35 0 31.7018 11.2051
15 36 0 77.2782 54.5275
15 37 0 44.8825 84.9551
15 38 0 83.2621 66.2058
15 39 0 34.9814 39.3811
15 40 0 2.79202 42.7891
16 1 0 19.7181 32.5761
16 2 0 39.3511 82.859
16 3 0 52.9008 78.2083
16 4 1 2.0191 20.9328
16 5 1 57.7133 86.0257
16 6 0 30.0406 20.413
16 7 0 31.7868 97.4532
16 8 0 7.54048 53.3808
16 9 0 64.1553 17.5475
16 10 0 98.5241 64.7958
16 11 0 76.3047 47.8605
16 12 0 32.9187 43.9555
16 13 0 6.02677 24.71
16 14 0 97.2674 41.0093
16 15 0 16.8209 57.0652
16 17 1 14.5167 81.9634
16 18 0 92.3431 60.142
16 19 1 22.3956 37.984
16 20 0 4.53283 58.7468
16 21 1 42.0163 45.4573
16 22 1 40.4918 31.7226
16 23 0 3.53261 95.1247
16 24 0 12.7202 86.0345
16 25 1 70.3162 96.454
16 26 1 97.7091 25.7768
16 27 0 68.1564 72.3718
16 28 0 34.9611 11.9589
16 29 0 32.3352 25.4607
16 30 0 74.9118 60.089
16 31 1 36.2235 24.9409
16 32 0 5.77329 62.2896
16 33 1 7.50824 68.7871
16 34 0 91.8896 90.2484
16 35 0 3.62505 82.2717
16 36 0 63.5316 81.4259
16 37 1 88.2737 54.6279
16 38 1 85.3774 61.8366
16 39 0 14.0181 73.1137
16 40 1 91.0451 15.2958
17 1 1 87.0427 87.0221
17 2 0 98.9415 30.9392
17 3 1 35.4863 83.0596
17 4 1 84.1235 30.9038
17 5 0 5.61863 99.7344
17 6 0 26.6155 56.8252
17 7 1 39.2705 95.032
17 8 0 0.898882 95.4698
17 9 0 40.8529 99.1984
17 10 0 88.9094 88.1246
17 11 0 22.5144 76.7034
17 12 1 26.1982 16.7393
17 13 1 86.7012 87.1736
17 14 0 43.4674 29.4222
17 15 0 73.8286 45.2959
17 16 0 80.1442 3.16569
17 18 1 85.1748 76.1728
17 19 0 32.0666 29.1603
17 20 1 31.6047 73.7638
17 21 0 63.8323 62.154
17 22 0 27.3173 6.41769
17 23 1 35.8156 93.6766
17 24 0 54.5162 57.1979
17 25 0 2.93317 9.66854
17 26 0 40.3388 16.2499
17 27 0 87.6564 96.6996
17 28 1 36.954 27.8836
17 29 0 9.60437 35.4596
17 30 0 93.731 72.2156
17 31 0 72.1213 27.3358
17 32 0 89.5623 80.7177
17 33 0 86.782 6.94933
17 34 0 52.3094 77.9752
17 35 0 72.6388 11.3609
17 36 1 75.5258 34.7108
17 37 1 8.70916 22.2605
17 38 1 75.9497 5.12722
17 39 0 75.6516 49.403
17 40 0 43.5083 86.567
18 1 0 43.1778 30.6345
18 2 1 29.7789 42.5315
18 3 0 82.0317 2.03757
18 4 0 54.2962 48.6424
18 5 0 20.6989 49.4364
18 6 0 86.8926 85.2026
18 7 0 83.8558 78.0313
18 8 0 3.27235 36.1722
18 9 0 56.7077 7.10064
18 10 1 88.9612 75.4826
18 11 1 61.5984 45.6797
18 12 0 14.6941 48.0008
18 13 1 9.39324 99.7454
18 14 0 98.2583 39.9351
18 15 1 57.0866 82.0429
18 16 0 44.4345 35.4046
18 17 0 63.819 38.2996
18 19 1 75.2937 20.4763
18 20 0 43.323 3.12708
18 21 1 93.5201 80.4159
18 22 0 27.2729 68.8508
18 23 0 30.6842 22.275
18 24 0 92.7651 40.4879
18 25 0 24.0839 16.5974
18 26 1 85.7075 84.1818
18 27 0 97.2519 66.5485
18 28 0 25.9877 1.61132
18 29 0 77.5954 8.99537
18 30 0 86.3882 1.06816
18 31 1 13.062 83.1798
18 32 1 62.1009 4.03288
18 33 0 45.2348 34.2261
18 34 0 60.8146 5.68369
18 35 0 33.1855 34.4252
18 36 0 30.2706 80.9613
18 37 1 46.0327 37.7727
18 38 0 49.1049 39.8173
18 39 1 31.6554 85.6563
18 40 0 38.0009 51.7334
19 1 1 33.039 0.784379
19 2 0 4.55566 21.0847
19 3 1 89.0251 83.0151
19 4 0 10.0521 70.907
19 5 1 29.2572 46.2467
19 6 1 81.3985 99.5546
19 7 0 11.9884 38.2393
19 8 0 99.1886 24.7046
19 9 0 32.4799 67.8848
19 10 0 41.2645 80.6678
19 11 0 26.6332 14.2254
19 12 0 89.9422 21.8022
19 13 1 39.8345 80.179
19 14 0 66.9983 35.7206
19 15 0 19.0162 63.0758
19 16 1 34.6045 26.5774
19 17 0 45.713 78.8879
19 18 0 64.4397 99.0258
19 20 1 28.9839 9.94919
19 21 0 63.3585 46.2728
19 22 0 61.7905 82.5363
19 23 1 6.77325 68.0747
19 24 0 76.4172 76.5774
19 25 0 58.8499 52.615
19 26 0 59.9504 16.0291
19 27 0 4.21007 9.73428
19 28 0 32.941 27.416
19 29 1 17.1115 93.5506
19 30 1 3.83108 29.6977
19 31 0 23.3139 72.7165
19 32 1 66.4433 31.4023
19 33 1 95.6607 83.8876
19 34 1 82.2176 56.8746
19 35 0 65.7065 28.984
19 36 0 27.2393 4.01908
19 37 1 6.54619 98.8792
19 38 1 58.7132 66.1366
19 39 0 32.3112 91.9655
19 40 0 35.9394 39.7991
20 1 0 23.4995 48.3307
20 2 1 59.4352 13.3836
20 3 1 54.9785 55.9108
20 4 1 98.4075 0.70247
20 5 0 31.952 0.808007
20 6 0 6.15231 80.8688
20 7 0 31.4131 5.72179
20 8 1 11.5504 4.69953
20 9 0 12.8295 72.0896
20 10 1 25.2772 48.6449
20 11 0 98.466 68.0164
20 12 1 32.6775 71.8235
20 13 1 57.9359 31.9797
20 14 1 78.4558 74.4511
20 15 0 74.0963 27.1293
20 16 0 21.2159 69.0569
20 17 0 69.0381 24.9121
20 18 0 95.1351 94.7746
20 19 0 10.2209 43.3915
20 21 1 25.2034 80.8031
20 22 1 42.8765 29.3373
20 23 0 92.5154 93.5565
20 24 1 72.0156 38.0394
20 25 0 75.1624 28.2244
20 26 1 92.5586 14.3927
20 27 0 22.2409 51.1133
20 28 0 20.4923 23.0131
20 29 0 53.6243 80.2849
20 30 1 31.6614 61.2848
20 31 0 41.7623 33.2408
20 32 0 69.044 98.3302
20 33 0 63.8587 85.0819
20 34 0 93.7469 57.9953
20 35 1 72.2189 41.6787
20 36 0 3.4305 79.4423
20 37 0 27.2064 31.3703
20 38 0 20.0434 4.69974
20 39 1 92.3212 9.24181
20 40 1 39.972 2.05992
21 1 1 48.2891 61.137
21 2 0 38.0499 40.656
21 3 0 34.3872 33.5222
21 4 1 1.91709 67.6533
21 5 0 86.6028 33.8862
21 6 1 89.6903 5.84623
21 7 0 21.8093 48.7328
21 8 0 21.9244 61.9048
21 9 0 83.0542 50.9486
21 10 1 81.9306 99.1903
21 11 0 89.195 88.5067
21 12 0 58.188 88.5065
21 13 1 99.311 55.1182
21 14 1 25.2479 62.0087
21 15 1 30.1316 93.3007
21 16 0 70.1684 97.8093
21 17 0 85.2329 21.1135
21 18 0 2.27037 93.574
21 19 1 85.3693 45.8407
21 20 0 19.9734 86.8306
21 22 1 6.94939 90.6604
21 23 0 17.4438 41.6455
21 24 0 33.0952 92.5987
21 25 0 55.4136 55.5857
21 26 0 42.6105 80.6875
21 27 1 35.6628 6.95946
21 28 0 10.2627 52.0689
21 29 0 13.7782 4.99322
21 30 0 55.057 28.6977
21 31 0 18.6129 76.4281
21 32 0 19.7245 63.5939
21 33 0 52.207 21.1753
21 34 0 64.4149 98.4258
21 35 0 8.93913 43.9161
21 36 0 70.5016 35.1412
21 37 0 91.0942 26.6806
21 38 0 83.4435 38.4248
21 39 0 0.249215 80.2033
21 40 0 92.3619 14.1324
22 1 1 22.025 26.5365
22 2 0 17.4147 99.941
22 3 1 48.7262 88.2602
22 4 0 45.4883 72.1474
22 5 0 56.9264 36.2669
22 6 0 82.6852 55.4769
22 7 0 73.7569 11.1272
22 8 0 10.2286 93.6139
22 9 1 61.4856 80.8003
22 10 1 14.1508 5.40421
22 11 0 88.4649 96.157
22 12 0 88.5633 48.9486
22 13 0 53.0289 21.7167
22 14 1 53.584 12.738
22 15 0 29.7286 28.5418
22 16 1 66.7217 11.4821
22 17 0 42.8435 35.6983
22 18 1 27.6703 20.3468
22 19 1 29.5036 20.8642
22 20 0 19.9481 94.1028
22 21 0 40.8374 46.8659
22 23 1 19.4837 48.7211
22 24 0 74.5448 74.619
22 25 0 4.59346 55.0854
22 26 1 12.1277 69.4732
22 27 1 2.3344 4.9551
22 28 0 31.7956 15.3059
22 29 0 9.54475 64.5045
22 30 0 22.5616 71.8696
22 31 0 63.9864 96.6213
22 32 1 85.8674 52.7629
22 33 0 26.2541 75.3969
22 34 0 69.3138 79.1618
22 35 0 4.76123 30.0122
22 36 0 87.215 26.5617
22 37 0 89.9465 2.32878
22 38 0 57.4778 21.2442
22 39 0 52.3858 85.5151
22 40 1 29.2495 17.7466
23 1 0 56.2727 80.4899
23 2 1 75.0793 49.1103
23 3 0 56.338 76.0009
23 4 0 27.2327 69.0872
23 5 0 30.854 28.3987
23 6 1 72.5666 96.5816
23 7 0 92.2346 96.9865
23 8 0 89.4784 39.8315
23 9 0 14.2426 9.19887
23 10 1 41.831 23.8041
23 11 1 74.1924 91.4043
23 12 0 3.2723 80.6944
23 13 0 45.3624 8.67387
23 14 0 43.2331 9.56029
23 15 1 90.5593 22.1289
23 16 1 46.9074 79.8
23 17 0 67.8672 44.0028
23 18 0 66.9518 86.7277
23 19 0 52.9152 95.3759
23 20 0 57.879 18.1696
23 21 0 0.368983 83.1147
23 22 0 92.1448 99.9965
23 24 1 89.9643 27.1276
23 25 0 9.4558 47.2736
23 26 0 47.0863 81.7771
23 27 0 23.6481 31.5213
23 28 0 80.2029 67.5406
23 29 0 19.6689 57.5647
23 30 0 48.0628 90.9284
23 31 0 87.2291 98.8126
23 32 0 6.12925 79.2312
23 33 0 93.9056 54.5897
23 34 0 73.6666 97.9947
23 35 0 29.6539 22.2434
23 36 1 88.6418 88.9662
23 37 1 99.6081 33.2288
23 38 0 46.5342 29.3261
23 39 0 71.5737 23.878
23 40 0 63.6488 77.8467
24 1 1 69.875 38.4299
24 2 0 72.6829 47.4094
24 3 0 90.5563 15.1205
24 4 0 51.5923 85.5658
24 5 0 64.4261 8.74704
24 6 0 80.9903 54.7432
24 7 1 13.0858 80.342
24 8 0 71.9219 45.4025
24 9 0 50.67 89.374
24 10 1 29.7015 69.7387
24 11 0 79.6544 34.2848
24 12 0 12.0629 98.8309
24 13 1 13.7792 8.0013
24 14 0 41.324 36.9032
24 15 1 38.8237 19.7831
24 16 0 22.039 20.5685
24 17 0 59.2678 4.36876
24 18 0 8.73649 13.3626
24 19 0 73.4637 88.2904
24 20 0 32.2228 30.0911
24 21 1 77.3753 50.9859
24 22 0 99.6311 52.7916
24 23 0 11.4123 5.00322
24 25 1 14.4038 31.327
24 26 0 44.4371 78.4983
24 27 0 6.59087 12.6103
24 28 1 3.96608 98.7619
24 29 0 24.7778 20.9017
24 30 0 8.6276 25.8318
24 31 0 4.21241 90.9035
24 32 0 97.9092 53.6635
24 33 0 79.9083 0.253907
24 34 0 54.3126 28.0312
24 35 0 95.9017 4.89644
24 36 0 40.2505 58.5887
24 37 0 14.5718 49.1732
24 38 0 28.0224 23.2634
24 39 1 1.50465 19.2529
24 40 1 34.2093 96.6386
25 1 0 54.7586 11.4758
25 2 0 41.9421 69.6489
25 3 0 54.4127 41.8325
25 4 1 42.5099 29.2664
25 5 0 64.0045 45.636
25 6 1 92.837 41.4191
25 7 0 55.4975 1.14626
25 8 0 22.964 37.5429
25 9 1 60.1092 73.4708
25 10 0 34.2144 47.1529
25 11 1 47.5958 95.5866
25 12 0 82.7313 57.1181
25 13 0 62.5456 90.4501
25 14 0 55.9733 90.5662
25 15 0 73.4447 25.3159
25 16 1 57.8577 83.1336
25 17 1 4.06997 31.0364
25 18 1 66.5692 65.2716
25 19 1 45.8002 5.01151
25 20 0 72.2737 26.2742
25 21 0 99.8235 46.3536
25 22 0 28.1923 19.9188
25 23 0 44.5739 44.586
25 24 1 59.8913 38.1649
25 26 1 65.3253 67.4139
25 27 1 93.231 83.3551
25 28 1 42.7544 65.3169
25 29 1 56.4976 48.2088
25 30 0 33.2269 12.1954
25 31 0 24.3731 84.3113
25 32 1 84.9187 32.7873
25 33 0 65.4682 69.8014
25 34 0 33.4776 20.7117
25 35 1 84.1571 37.9804
25 36 0 30.9569 28.9385
25 37 0 9.15311 81.7783
25 38 1 54.8859 78.0266
25 39 0 33.6229 83.9277
25 40 0 95.6057 25.4822
26 1 0 21.6881 22.3739
26 2 0 33.6635 23.5583
26 3 1 16.1975 54.7786
26 4 0 20.0671 54.3843
26 5 0 0.5653 18.7104
26 6 0 23.0052 73.2452
26 7 0 28.9117 4.8856
26 8 1 21.7184 44.4709
26 9 1 59.8011 35.8737
26 10 0 94.2539 81.026
26 11 1 32.1474 25.9007
26 12 1 1.00097 82.6057
26 13 0 76.6015 81.8815
26 14 1 84.5112 8.99522
26 15 0 18.3803 95.6495
26 16 0 23.2855 68.2994
26 17 1 41.503 51.6114
26 18 0 42.3878 89.0854
26 19 0 32.8037 84.7175
26 20 1 38.964 96.1824
26 21 0 11.6949 51.2127
26 22 0 19.1917 99.5069
26 23 1 93.8797 29.5827
26 24 0 95.6827 99.9182
26 25 1 29.9424 43.0433
26 27 1 47.7939 78.6507
26 28 0 39.2593 21.2304
26 29 0 58.5714 19.4567
26 30 1 11.7739 25.9832
26 31 0 71.6071 20.1529
26 32 0 3.68005 99.3082
26 33 0 44.4974 1.36782
26 34 1 36.3179 93.2608
26 35 0 54.2668 94.4817
26 36 0 68.0857 94.9587
26 37 1 68.0942 72.6095
26 38 1 33.6757 58.111
26 39 0 90.2093 7.30204
26 40 1 11.4077 94.4994
27 1 1 87.2345 47.9458
27 2 1 94.1161 69.5887
27 3 0 42.0588 9.18781
27 4 0 31.2364 83.1232
27 5 1 82.8142 82.6974
27 6 0 45.6549 83.4833
27 7 0 40.8311 3.02209
27 8 0 18.6062 2.5569
27 9 1 8.73335 4.89333
27 10 1 20.8347 72.3877
27 11 0 0.870467 25.1581
27 12 1 67.5166 73.5833
27 13 0 88.1978 73.8115
27 14 0 6.8619 23.1662
27 15 0 66.9981 64.4623
27 16 1 64.9827 55.9392
27 17 1 17.7602 65.8029
27 18 0 93.6376 31.7724
27 19 0 58.1747 93.6342
27 20 0 64.4188 73.7891
27 21 0 84.7234 54.8324
27 22 0 82.1168 99.128
27 23 0 43.0629 71.6846
27 24 0 99.3808 32.7783
27 25 0 65.4019 9.82623
27 26 0 86.7768 77.2225
27 28 1 95.156 70.6041
27 29 0 37.069 71.7022
27 30 0 48.0775 59.0405
27 31 0 8.91262 32.1582
27 32 1 42.5764 99.2373
27 33 0 72.1011 3.73485
27 34 1 92.2452 8.4235
27 35 1 67.0075 5.18138
27 36 0 81.6436 84.1391
27 37 0 28.4627 92.2654
27 38 0 14.7107 49.4473
27 39 0 56.2007 73.031
27 40 1 38.0992 61.159
28 1 0 94.3276 15.6212
28 2 0 45.8669 13.5854
28 3 0 58.7493 95.1147
28 4 1 58.1987 51.4472
28 5 1 81.1127 65.4167
28 6 1 27.3363 63.3367
28 7 0 25.1641 10.8153
28 8 1 75.2789 81.9544
28 9 0 51.4485 71.1694
28 10 1 68.7776 93.2017
28 11 0 49.5097 44.9169
28 12 0 9.81651 20.531
28 13 0 28.0289 14.8969
28 14 0 11.6489 92.9176
28 15 1 86.1565 36.1332
28 16 0 84.6527 64.641
28 17 0 16.1319 72.1187
28 18 0 45.61 11.1623
28 19 1 51.4417 99.6828
28 20 0 79.9893 5.32422
28 21 0 47.3538 15.4323
28 22 0 75.9259 96.5509
28 23 0 82.3098 65.3376
28 24 0 32.7656 97.5476
28 25 1 40.1741 96.4378
28 26 1 53.4078 66.3646
28 27 1 3.95986 43.6788
28 29 1 33.7012 12.2326
28 30 0 64.26 10.2812
28 31 0 76.6814 79.7759
28 32 1 19.132 38.664
28 33 0 36.4826 9.07955
28 34 0 84.5963 25.2345
28 35 0 29.1231 49.1119
28 36 0 91.4534 17.8623
28 37 0 24.3411 49.7803
28 38 0 81.4799 89.8564
28 39 0 51.5895 80.7449
28 40 0 95.5076 5.93384
29 1 0 24.237 29.5055
29 2 1 54.5224 28.1134
29 3 0 1.73771 96.0784
29 4 0 63.3525 44.9742
29 5 1 77.004 90.398
29 6 0 5.5553 44.6654
29 7 1 5.67547 5.0446
29 8 0 91.3798 24.193
29 9 0 68.7603 68.1896
29 10 0 79.7332 81.3729
29 11 1 96.9386 68.9308
29 12 0 3.9791 20.5412
29 13 0 20.6104 19.5333
29 14 0 67.8512 56.0797
29 15 0 1.49537 99.1137
29 16 0 97.515 84.8066
29 17 1 23.7946 93.6333
29 18 0 74.3804 31.6803
29 19 0 95.8603 19.3613
29 20 0 3.62792 31.558
29 21 0 15.0972 91.7415
29 22 0 57.4882 90.2
29 23 0 60.9179 84.6696
29 24 0 36.9308 6.44316
29 25 1 74.3034 89.2007
29 26 0 20.4309 36.2819
29 27 0 39.1803 50.0861
29 28 1 17.7249 29.655
29 30 1 96.361 93.7292
29 31 0 82.6267 67.3669
29 32 0 58.6538 79.6602
29 33 1 19.6477 90.5827
29 34 0 38.6226 21.6636
29 35 0 29.3612 0.187997
29 36 0 52.4644 42.1734
29 37 0 94.7286 33.4909
29 38 0 50.1144 59.6696
29 39 1 84.3676 5.04523
29 40 1 72.9894 34.4746
30 1 0 46.0969 99.5027
30 2 0 29.2673 68.5254
30 3 0 46.5809 97.1476
30 4 0 34.0277 66.2069
30 5 0 65.3643 39.2308
30 6 0 34.5711 29.9928
30 7 1 96.3227 24.2608
30 8 0 65.6417 15.1889
30 9 1 3.27287 98.4451
30 10 0 6.49254 52.088
30 11 1 86.0828 42.3588
30 12 1 18.0075 0.489048
30 13 1 73.4007 91.7535
30 14 0 23.3018 42.2263
30 15 1 90.6837 54.7799
30 16 0 98.2293 94.9943
30 17 0 33.3129 79.9491
30 18 0 90.5467 60.4978
30 19 1 63.958 49.9384
30 20 1 18.558 85.6396
30 21 0 35.111 89.9103
30 22 0 4.0687 87.0343
30 23 1 98.4214 85.9335
30 24 0 49.3435 79.6615
30 25 0 47.6539 97.7988
30 26 0 87.1641 67.9798
30 27 1 46.7088 43.203
30 28 0 45.2663 14.5267
30 29 0 26.6487 76.3472
30 31 1 16.8327 21.8553
30 32 1 1.73437 84.7618
30 33 0 7.15971 71.0555
30 34 0 68.8907 13.938
30 35 0 39.4091 40.492
30 36 0 95.7069 13.0159
30 37 0 82.5813 16.7105
30 38 0 58.3759 16.4923
30 39 0 32.9655 93.6636
30 40 0 17.8317 20.9386
31 1 0 97.5928 45.8995
31 2 1 93.3651 42.5855
31 3 0 62.7744 46.6556
31 4 0 25.1741 87.589
31 5 0 27.8169 84.1007
31 6 1 83.8117 49.1887
31 7 1 24.2814 93.484
31 8 1 98.07 90.8818
31 9 1 60.8155 75.0539
31 10 0 19.2715 49.1009
31 11 0 51.3176 26.6005
31 12 0 39.612 69.2735
31 13 1 66.1118 64.4741
31 14 0 44.0054 90.5864
31 15 0 85.2459 40.106
31 16 0 16.4709 53.4589
31 17 0 47.222 50.0075
31 18 1 66.7708 36.0061
31 19 0 15.5502 55.0941
31 20 0 20.0464 67.9393
31 21 0 95.9184 0.0265756
31 22 0 40.2644 85.0551
31 23 0 29.4113 32.1393
31 24 1 2.8527 19.4354
31 25 1 42.7722 51.0911
31 26 0 93.9844 55.9885
31 27 1 62.7508 49.8202
31 28 0 12 69.016
31 29 1 87.6281 41.4941
31 30 0 6.81414 7.85375
31 32 1 87.8007 32.8951
31 33 0 15.9859 62.6525
31 34 1 7.64991 91.4945
31 35 0 74.9569 30.758
31 36 0 10.0493 57.6615
31 37 0 57.8399 41.0257
31 38 0 97.852 62.6685
31 39 1 39.4892 72.3429
31 40 1 53.4858 83.3349
32 1 1 11.9592 61.238
32 2 0 28.3312 4.32519
32 3 1 35.5084 14.9732
32 4 0 49.6207 84.3871
32 5 1 72.0567 24.2258
32 6 0 70.4664 17.3783
32 7 0 0.0940912 4.00374
32 8 0 89.6175 65.832
32 9 0 81.3915 28.276
32 10 1 93.1135 21.4292
32 11 1 26.0315 0.279539
32 12 0 22.6747 34.8024
32 13 1 59.0432 99.4437
32 14 1 61.8139 17.3499
32 15 0 94.9661 42.5117
32 16 0 34.8661 16.8703
32 17 0 60.4902 80.7505
32 18 0 67.0697 30.5181
32 19 0 57.4992 92.1403
32 20 0 82.1959 66.6521
32 21 0 90.8869 24.3168
32 22 0 36.3421 51.8857
32 23 0 74.196 98.2149
32 24 0 19.9099 26.7139
32 25 0 73.4612 52.1415
32 26 0 78.58 1.89746
32 27 1 49.1179 57.3181
32 28 1 59.2563 60.7674
32 29 0 73.1707 67.928
32 30 0 51.1611 9.70439
32 31 0 99.7995 50.6421
32 33 1 58.0395 50.3938
32 34 1 69.4442 84.7576
32 35 0 25.9001 82.8674
32 36 0 2.40766 98.3202
32 37 0 3.24519 90.5529
32 38 0 74.5281 47.5298
32 39 0 48.9451 57.4245
32 40 0 10.7913 30.0159
33 1 1 85.7381 22.8729
33 2 0 80.7644 1.60659
33 3 0 63.9502 35.606
33 4 0 93.9762 45.798
33 5 0 39.8628 98.0389
33 6 0 97.3716 49.3765
33 7 0 12.6036 70.6938
33 8 0 89.2945 34.3644
33 9 0 41.857 26.9514
33 10 0 1.50145 23.0009
33 11 1 52.3036 6.82306
33 12 0 19.4986 69.516
33 13 1 94.428 60.268
33 14 0 59.4045 77.2047
33 15 0 12.6418 20.5852
33 16 0 45.0116 1.37189
33 17 1 51.406 75.2244
33 18 1 91.6857 97.5946
33 19 0 50.7991 98.3174
33 20 0 32.5816 10.563
33 21 0 97.8132 57.1122
33 22 0 66.1596 50.8144
33 23 0 70.6475 74.7663
33 24 1 26.9845 29.5947
33 25 0 28.0034 38.1512
33 26 0 82.3171 55.9723
33 27 1 80.4457 97.1415
33 28 0 74.9208 32.9697
33 29 0 32.1587 24.9707
33 30 0 75.6883 69.06
33 31 0 35.7286 83.0473
33 32 0 80.8162 60.8288
33 34 1 13.1691 11.7874
33 35 0 4.67146 22.504
33 36 0 65.8971 89.0263
33 37 1 75.1492 71.6291
33 38 1 14.9086 65.1125
33 39 1 18.1987 38.4679
33 40 0 46.5495 26.6831
34 1 1 52.5744 82.3686
34 2 0 34.2997 46.0421
34 3 0 39.6986 17.0999
34 4 0 11.2076 3.97182
34 5 0 12.2584 94.7715
34 6 0 30.4085 75.2661
34 7 1 99.6764 61.6144
34 8 0 93.888 30.0566
34 9 0 93.3983 56.603
34 10 0 99.4428 23.9666
34 11 1 26.4469 38.0539
34 12 0 4.03644 12.0508
34 13 0 65.0856 53.5752
34 14 0 93.7978 62.0916
34 15 0 93.2489 52.4398
34 16 0 34.9013 5.90994
34 17 0 68.5945 97.0187
34 18 1 94.4943 73.1071
34 19 0 59.4567 28.3725
34 20 0 44.3984 54.9708
34 21 1 59.3543 39.4482
34 22 1 21.3023 11.8737
34 23 0 61.0456 60.4652
34 24 1 21.7775 6.64636
34 25 0 21.9411 91.324
34 26 0 65.5074 24.5915
34 27 0 2.72859 98.543
34 28 0 43.4933 0.688781
34 29 0 90.6672 59.4819
34 30 1 88.8598 38.9327
34 31 0 10.501 70.439
34 32 0 76.3108 89.2831
34 33 1 65.2932 71.8742
34 35 1 44.8825 47.5911
34 36 1 14.2318 19.9477
34 37 1 83.6267 73.104
34 38 1 40.5215 76.3404
34 39 0 5.39837 10.231
34 40 1 18.9209 68.3191
35 1 0 79.6264 79.2323
35 2 0 66.999 54.324
35 3 0 28.0847 63.2219
35 4 0 86.7864 80.4434
35 5 1 26.779 40.2997
35 6 0 86.8514 18.5511
35 7 0 11.9359 20.5686
35 8 0 54.2781 11.1268
35 9 1 24.1855 4.36536
35 10 0 81.042 18.4388
35 11 1 48.23 59.8889
35 12 0 91.5757 93.2539
35 13 0 43.4383 26.8375
35 14 0 29.7461 37.2271
35 15 0 55.8176 96.8238
35 16 0 73.1796 92.8964
35 17 1 97.5694 54.4323
35 18 0 86.4394 17.5781
35 19 0 87.5438 17.0305
35 20 0 67.249 5.36865
35 21 1 0.998801 52.9492
35 22 1 18.8808 5.29651
35 23 0 18.7986 24.3675
35 24 1 30.2021 57.7187
35 25 1 55.0792 93.818
35 26 0 15.7576 17.73
35 27 0 13.1588 30.8874
35 28 0 7.19468 53.7195
35 29 0 29.0011 23.8475
35 30 0 9.05098 11.2142
35 31 0 82.7893 42.0392
35 32 0 21.0428 74.4038
35 33 1 7.48552 8.20396
35 34 1 98.2893 41.7818
35 36 1 68.3475 63.2609
35 37 0 10.4276 35.5728
35 38 0 48.9839 17.345
35 39 0 10.4059 74.6864
35 40 0 6.20047 49.3015
36 1 0 33.267 39.032
36 2 1 17.2193 21.2328
36 3 0 97.5575 52.6532
36 4 1 87.5433 43.8864
36 5 0 88.4816 17.6248
36 6 0 48.3633 31.5208
36 7 1 11.3812 10.3462
36 8 1 84.5368 31.146
36 9 0 17.9264 54.0998
36 10 0 75.9552 54.768
36 11 0 52.8302 6.43502
36 12 0 40.6778 9.5136
36 13 0 34.2271 27.4794
36 14 0 5.77592 44.1731
36 15 0 10.2937 3.43734
36 16 0 84.9598 98.3168
36 17 0 19.0467 77.8514
36 18 0 56.9777 83.9296
36 19 0 93.7658 76.6298
36 20 0 19.755 43.4521
36 21 0 59.3518 95.0578
36 22 0 26.0374 44.9917
36 23 0 7.14509 52.4906
36 24 1 24.2689 89.4927
36 25 0 30.1289 25.5155
36 26 0 40.2629 44.8594
36 27 0 65.5758 11.4738
36 28 0 16.3859 79.4696
36 29 0 17.8949 72.715
36 30 1 36.2053 70.3122
36 31 0 66.3371 36.3333
36 32 1 72.1251 64.6654
36 33 0 37.9338 53.9516
36 34 1 90.6017 53.4444
36 35 0 42.0992 86.9162
36 37 1 54.1219 46.3999
36 38 0 19.8487 24.0417
36 39 0 27.4661 85.9601
36 40 0 83.3486 43.8499
37 1 1 47.7038 59.4315
37 2 0 61.3307 31.3533
37 3 1 64.0673 14.9418
37 4 0 43.1746 38.9589
37 5 0 2.59049 3.07833
37 6 1 56.7282 48.8602
37 7 0 21.9303 37.9665
37 8 1 98.5472 80.7532
37 9 0 78.4821 1.69687
37 10 0 76.7663 18.658
37 11 0 59.387 71.3105
37 12 0 18.2152 94.7635
37 13 0 2.07181 98.4002
37 14 0 78.4441 85.1764
37 15 0 34.0078 63.5714
37 16 0 0.818581 13.8089
37 17 0 40.1448 55.3329
37 18 0 38.4279 99.8122
37 19 1 61.4108 72.0797
37 20 0 99.6618 19.2833
37 21 0 68.8364 37.4302
37 22 0 31.944 89.5944
37 23 0 34.8477 24.5754
37 24 0 20.971 65.0541
37 25 0 22.8393 88.3486
37 26 0 60.7764 49.9791
37 27 1 35.8965 84.3949
37 28 1 40.392 43.981
37 29 1 31.3105 44.2825
37 30 0 32.5781 23.8532
37 31 0 25.9833 98.5635
37 32 0 59.9808 65.2037
37 33 1 32.7776 57.4306
37 34 0 1.8612 77.2503
37 35 0 86.0571 56.2469
37 36 1 10.9097 23.5655
37 38 1 94.9564 65.1871
37 39 0 10.7829 59.9967
37 40 0 18.5633 56.4612
38 1 0 15.9303 0.720715
38 2 0 81.5009 56.9355
38 3 0 97.4384 69.4916
38 4 0 12.4588 15.389
38 5 0 28.9809 75.4819
38 6 0 82.7031 99.3162
38 7 0 33.9269 22.2979
38 8 0 83.3576 68.7631
38 9 0 31.9512 97.1801
38 10 0 3.41376 90.0753
38 11 0 57.8908 35.2714
38 12 1 9.31521 98.9498
38 13 0 40.5604 44.7507
38 14 0 62.9872 1.49681
38 15 1 43.2348 46.1062
38 16 0 47.4849 66.8796
38 17 1 46.8923 68.6821
38 18 0 62.284 96.3568
38 19 0 93.353 42.439
38 20 0 91.6781 42.1074
38 21 0 38.1981 52.8518
38 22 1 31.5508 39.5386
38 23 0 46.1113 24.6183
38 24 1 48.2065 95.0236
38 25 1 7.49347 71.0747
38 26 1 73.2928 61.132
38 27 1 69.9146 57.385
38 28 0 93.6164 6.14013
38 29 1 96.1022 9.14776
38 30 0 11.6457 39.8929
38 31 1 44.3667 27.5289
38 32 0 86.6592 38.2295
38 33 0 98.2756 28.3924
38 34 0 10.2008 46.2192
38 35 1 77.2862 71.4046
38 36 1 69.2568 98.9645
38 37 0 49.1427 82.3685
38 39 1 75.0786 44.8963
38 40 0 35.3695 11.1645
39 1 0 93.0662 68.9654
39 2 0 41.8119 41.1639
39 3 1 52.3569 80.0773
39 4 0 16.6442 60.0438
39 5 1 85.0678 96.5825
39 6 0 51.184 14.5653
39 7 1 67.5289 5.10826
39 8 1 59.17 52.2092
39 9 1 99.0702 58.5844
39 10 1 49.9976 62.1915
39 11 0 62.6348 28.256
39 12 1 74.4721 53.52
39 13 0 48.6553 7.45337
39 14 0 18.3799 79.8732
39 15 0 57.5739 21.8438
39 16 0 83.3656 46.8554
39 17 0 2.90803 50.4556
39 18 0 91.2297 46.841
39 19 0 41.147 54.5126
39 20 0 57.135 10.4643
39 21 1 66.8749 7.46017
39 22 1 87.5994 73.5095
39 23 0 27.3995 78.0477
39 24 1 81.2098 54.4827
39 25 0 13.6809 45.0063
39 26 0 48.1872 55.0095
39 27 1 88.0787 74.3693
39 28 0 82.5283 69.5019
39 29 0 66.4244 83.0226
39 30 1 36.6742 11.4795
39 31 0 41.7589 21.2828
39 32 0 67.2296 27.2776
39 33 1 21.4681 90.7459
39 34 1 68.5344 87.3519
39 35 1 81.978 40.0562
39 36 1 39.4432 66.7789
39 37 0 90.1595 68.6423
39 38 0 18.7683 80.6835
39 40 1 92.3484 50.5586
40 1 1 44.0333 93.5714
40 2 1 48.9291 82.1996
40 3 0 92.6351 13.9758
40 4 0 58.7521 96.9551
40 5 0 27.0921 42.007
40 6 1 53.6142 60.3512
40 7 0 58.4115 16.4784
40 8 1 1.19975 14.4235
40 9 0 94.618 71.6855
40 10 0 32.5149 37.9315
40 11 0 11.2802 8.65001
40 12 0 9.49815 99.3437
40 13 0 83.8343 18.2973
40 14 0 53.1413 85.0911
40 15 0 5.41699 28.5481
40 16 0 96.9214 51.9552
40 17 1 25.0145 30.0194
40 18 1 64.2295 33.6908
40 19 0 11.5014 43.1044
40 20 0 2.61359 22.5886
40 21 0 85.7688 78.8252
40 22 0 44.3037 17.1276
40 23 0 46.3743 87.1306
40 24 0 72.6182 4.55963
40 25 0 4.83656 24.6056
40 26 0 68.7936 24.0648
40 27 0 54.6774 5.46874
40 28 1 75.0145 2.62423
40 29 0 75.2628 35.6965
40 30 0 80.7503 2.48006
40 31 0 94.1862 54.529
40 32 0 16.9125 49.887
40 33 0 39.2079 5.67859
40 34 1 46.293 93.0062
40 35 0 94.8483 36.8095
40 36 0 12.8801 68.9837
40 37 0 87.0347 2.87376
40 38 0 52.7324 9.23561
40 39 0 12.7856 84.1658
2.50631 32.927 7.70306 8.44552 36.8035 26.8727 7.19792 11.1398 33.2397 37.5128 7.68742 36.4552 21.8886 23.8593 10.0192 12.4428 30.1136 4.76035 27.4174 1.84173 33.7928 14.4911 38.3622 39.9077 32.7172 6.85428 34.027 38.4102 22.6055 23.4656 16.9804 5.20214 13.6972 38.6765 36.4334 30.3662 11.6879 16.7413 13.1891 38.6817 