40
300
4
50
1 2 1 4.41523 34.2676
1 3 0 97.3554 23.2766
1 4 0 10.6427 88.1336
1 5 0 27.9331 64.4507
1 6 0 46.1592 80.2694
1 7 1 35.145 5.7521
1 8 0 77.6715 6.41412
1 9 0 27.5904 20.5925
1 10 0 33.3475 44.3892
1 11 0 67.8393 46.8974
1 12 0 75.1826 11.7571
1 13 1 11.4342 87.7639
1 14 0 30.638 88.4531
1 15 0 61.1082 66.0276
1 16 0 52.2047 28.6428
1 17 0 12.1196 73.9204
1 18 0 97.3721 62.6129
1 19 0 54.5089 31.5509
1 20 1 72.1239 93.0389
1 21 1 82.6684 28.3349
1 22 0 60.4967 6.49621
1 23 0 7.00038 6.67344
1 24 0 52.3444 72.6619
1 25 0 55.4346 81.7659
1 26 0 94.8376 99.0346
1 27 0 78.2005 32.392
1 28 0 93.5818 98.4029
1 29 0 94.1402 31.7611
1 30 1 84.2866 8.7227
1 31 0 25.8932 27.9091
1 32 0 74.8928 21.706
1 33 1 35.7724 60.4351
1 34 0 23.8419 25.6282
1 35 0 94.3316 50.381
1 36 0 18.1867 54.6126
1 37 0 36.5954 25.39
1 38 1 32.2255 48.2782
1 39 1 22.6089 50.3984
1 40 1 13.229 12.5393
2 1 1 7.44107 74.1005
2 3 1 16.1695 26.5726
2 4 0 65.8611 70.1708
2 5 0 87.408 71.2691
2 6 1 85.6059 14.334
2 7 0 43.5722 5.78778
2 8 1 22.4313 53.9898
2 9 0 76.9033 47.8711
2 10 0 66.1033 61.1396
2 11 0 34.6072 16.7994
2 12 0 27.6077 77.2017
2 13 0 25.1377 1.11257
2 14 0 90.084 47.7613
2 15 0 3.8662 40.6026
2 16 0 15.1755 5.62224
2 17 0 13.8785 27.8101
2 18 1 77.2076 26.9063
2 19 0 92.9467 22.9764
2 20 1 39.6096 4.25944
2 21 0 32.9748 99.0256
2 22 0 2.51543 2.41727
2 23 0 42.3903 67.8429
2 24 0 39.1245 17.1016
2 25 0 54.6781 78.1244
2 26 0 40.3929 37.2742
2 27 1 72.2261 23.7761
2 28 0 88.5603 65.5517
2 29 0 55.1983 39.7988
2 30 0 3.8018 45.1002
2 31 0 17.8602 32.7394
2 32 0 79.2072 27.1336
2 33 0 4.07804 64.3402
2 34 0 53.2473 83.2442
2 35 0 28.4318 45.4829
2 36 0 33.6531 30.634
2 37 0 75.2251 52.0719
2 38 0 1.42437 73.9695
2 39 0 7.74782 75.2732
2 40 0 56.56 45.8858
3 1 1 6.808 3.82362
3 2 0 67.6323 26.6144
3 4 1 34.5341 65.6651
3 5 0 95.6619 61.1992
3 6 0 39.7493 7.97157
3 7 1 96.778 34.8278
3 8 0 65.3509 1.81782
3 9 1 53.5315 24.6124
3 10 0 53.9549 52.0606
3 11 0 5.20009 45.567
3 12 0 98.9668 9.48896
3 13 0 47.7834 45.4374
3 14 0 22.032 21.6858
3 15 0 65.2403 53.0622
3 16 0 53.6208 7.13522
3 17 1 97.9444 88.5004
3 18 0 87.4296 25.2232
3 19 0 18.3875 42.649
3 20 1 27.3915 16.476
3 21 0 41.7656 74.1326
3 22 0 17.5446 44.0318
3 23 1 34.9834 34.0706
3 24 0 20.2812 1.24164
3 25 0 82.5516 12.8048
3 26 0 63.6059 28.0376
3 27 0 22.8424 97.3743
3 28 0 69.9425 7.40314
3 29 0 87.0348 83.5374
3 30 1 48.9638 5.09334
3 31 1 29.599 81.0343
3 32 0 15.2337 75.1624
3 33 0 28.3514 42.0545
3 34 0 3.50526 69.7874
3 35 0 51.8883 10.9495
3 36 1 58.8053 73.8701
3 37 1 95.5319 85.2072
3 38 0 97.534 79.4038
3 39 0 29.7762 51.2896
3 40 0 24.6439 66.9176
4 1 0 9.92619 68.1715
4 2 0 89.5548 69.3622
4 3 1 47.2439 43.9793
4 5 1 86.7192 23.5123
4 6 0 72.753 10.3354
4 7 0 48.203 60.3122
4 8 0 54.8383 58.6177
4 9 0 12.3776 12.7192
4 10 0 4.00748 40.7654
4 11 0 90.851 71.9786
4 12 0 39.3202 67.6634
4 13 0 52.8528 71.0212
4 14 1 33.4065 52.9039
4 15 0 33.5376 45.9731
4 16 0 89.8089 55.0489
4 17 0 53.719 5.07173
4 18 0 77.7571 85.7828
4 19 1 66.0929 18.6198
4 20 0 55.2956 16.9682
4 21 0 57.412 33.7331
4 22 0 62.7469 34.1185
4 23 0 42.0664 0.277994
4 24 1 57.3414 29.4009
4 25 0 69.0845 63.5655
4 26 0 29.5575 49.0156
4 27 0 11.8667 35.5474
4 28 0 63.5258 26.0197
4 29 0 2.96053 44.291
4 30 0 23.28 47.4471
4 31 0 43.1073 68.0377
4 32 0 57.7063 82.7843
4 33 0 69.3703 87.8971
4 34 0 5.7983 12.7624
4 35 0 77.9667 85.8816
4 36 0 24.1849 10.4084
4 37 0 74.6608 0.408931
4 38 0 32.9114 62.684
4 39 0 17.5123 12.1716
4 40 0 37.4452 6.46649
5 1 0 40.7082 65.9837
5 2 0 23.5281 1.33832
5 3 1 0.18602 82.2886
5 4 0 47.0979 93.0846
5 6 1 6.12127 76.1817
5 7 0 64.8132 7.06942
5 8 0 75.1263 97.4388
5 9 1 14.7855 98.2249
5 10 0 12.8592 53.4352
5 11 0 67.5764 42.8756
5 12 0 75.9066 11.9215
5 13 1 83.8738 17.8615
5 14 0 44.3055 52.5317
5 15 0 71.4895 50.3687
5 16 0 81.3569 51.5739
5 17 0 61.9399 2.39124
5 18 0 67.1603 41.1822
5 19 0 27.8516 39.5248
5 20 0 66.6126 84.5916
5 21 0 73.8202 4.00467
5 22 1 26.4303 9.69301
5 23 0 96.5309 92.6636
5 24 1 87.0908 57.9868
5 25 0 63.898 84.7217
5 26 1 70.553 34.7816
5 27 0 45.3281 9.66437
5 28 0 24.4687 27.9018
5 29 0 80.1033 29.0045
5 30 1 68.4833 30.0418
5 31 1 95.2513 43.0376
5 32 1 73.574 63.9913
5 33 0 87.8023 24.4671
5 34 0 29.6161 15.7792
5 35 0 51.9997 97.3375
5 36 0 11.1257 84.9378
5 37 1 58.7419 15.1951
5 38 0 37.5844 92.1761
5 39 0 50.2238 45.9711
5 40 0 69.4451 78.6155
6 1 0 41.4061 42.8361
6 2 0 84.4955 79.4666
6 3 0 58.1535 7.89684
6 4 1 87.0825 82.8377
6 5 0 13.1364 49.9112
6 7 1 61.9069 1.58406
6 8 0 50.412 98.7781
6 9 0 68.6734 37.3629
6 10 0 34.4024 84.5383
6 11 0 56.935 58.1276
6 12 0 84.2153 36.9438
6 13 0 29.3063 67.7891
6 14 1 46.8239 53.5337
6 15 0 12.4069 49.6483
6 16 0 63.6156 50.3489
6 17 0 85.4788 89.6411
6 18 0 7.00982 73.6534
6 19 1 4.30507 63.8593
6 20 0 16.4438 94.6094
6 21 1 4.91801 43.2514
6 22 0 64.255 22.2661
6 23 0 68.1263 0.968026
6 24 0 80.342 8.63554
6 25 0 20.9457 59.8169
6 26 0 82.2838 72.8968
6 27 1 80.7281 93.7938
6 28 1 23.376 90.9906
6 29 0 23.4855 13.1914
6 30 0 62.0246 50.7052
6 31 0 58.2478 60.2943
6 32 0 82.4169 33.7382
6 33 0 30.6965 72.2415
6 34 0 96.4097 37.2701
6 35 0 1.15466 76.4686
6 36 1 96.3132 18.0807
6 37 1 44.3013 69.6161
6 38 0 57.649 55.3014
6 39 1 57.374 60.4168
6 40 0 95.5157 48.9697
7 1 1 14.0897 24.6183
7 2 0 13.9922 49.4087
7 3 0 67.8863 37.3372
7 4 0 84.2639 74.9794
7 5 0 85.0319 81.6133
7 6 0 98.9426 42.1283
7 8 1 7.63268 26.0998
7 9 0 28.4027 78.6186
7 10 1 31.9774 47.7223
7 11 1 13.2269 42.1927
7 12 0 64.3647 43.33
7 13 0 92.8592 0.675287
7 14 0 86.5503 12.0196
7 15 1 36.8065 34.4725
7 16 0 67.5478 32.8602
7 17 0 78.0068 34.2108
7 18 0 2.06235 66.3763
7 19 0 72.2207 6.93523
7 20 0 6.42566 12.9668
7 21 0 76.5235 5.25738
7 22 0 14.6056 73.5543
7 23 0 48.1557 80.7425
7 24 0 36.0198 64.9706
7 25 0 21.0809 92.1932
7 26 0 81.212 37.7465
7 27 0 15.9137 2.41773
7 28 0 33.2345 59.6182
7 29 0 47.6021 96.2657
7 30 0 45.1486 99.3716
7 31 0 5.42009 37.5479
7 32 1 72.392 98.9076
7 33 0 46.1691 24.0083
7 34 0 75.5568 26.908
7 35 1 18.7527 67.9874
7 36 0 62.3965 49.9619
7 37 1 17.4366 60.7604
7 38 0 88.6883 88.8591
7 39 0 96.0045 66.1447
7 40 0 24.1428 0.249962
8 1 0 47.3801 40.2683
8 2 0 72.7361 7.05558
8 3 0 47.9655 9.86678
8 4 1 76.7062 3.2716
8 5 0 77.3653 92.8278
8 6 0 4.83692 33.8073
8 7 0 83.3253 86.3598
8 9 1 86.9676 32.1996
8 10 0 37.0334 58.3235
8 11 0 12.1713 46.5387
8 12 0 6.27525 23.3062
8 13 0 63.3676 23.9657
8 14 0 53.1453 39.6145
8 15 1 66.2199 60.774
8 16 0 7.1229 24.6058
8 17 0 52.5495 0.908277
8 18 0 71.3203 39.3265
8 19 0 93.4888 65.4115
8 20 1 12.5267 23.0757
8 21 0 76.7386 36.9946
8 22 1 94.1903 85.861
8 23 0 62.2922 43.0043
8 24 0 26.3124 49.5424
8 25 0 93.8046 1.10815
8 26 1 25.2929 68.818
8 27 0 79.0813 78.2236
8 28 0 97.2267 82.0327
8 29 0 7.61989 38.8197
8 30 0 6.43112 24.2448
8 31 0 17.611 94.3725
8 32 0 64.6456 55.6033
8 33 0 99.2375 4.17661
8 34 1 24.1517 70.463
8 35 0 45.6344 17.2456
8 36 0 55.3268 83.4044
8 37 0 84.2108 53.7707
8 38 1 19.071 60.9539
8 39 0 78.169 71.1511
8 40 0 85.0017 68.0397
9 1 0 32.5537 99.8
9 2 0 83.6004 83.1216
9 3 0 13.7723 31.6587
9 4 0 82.3242 25.1807
9 5 0 29.1655 91.2418
9 6 0 30.0915 71.4499
9 7 0 39.2425 49.9696
9 8 0 94.7801 37.1647
9 10 1 70.4557 24.8032
9 11 0 89.9962 85.1365
9 12 0 98.2842 32.5484
9 13 0 0.272031 66.3701
9 14 0 76.0722 39.0715
9 15 1 22.0221 24.1022
9 16 0 72.0217 53.0503
9 17 0 1.05861 60.7514
9 18 0 11.9454 81.6059
9 19 0 4.37035 5.53141
9 20 0 57.0666 52.7023
9 21 0 32.5117 38.3168
9 22 0 44.3702 16.7525
9 23 0 68.6917 43.1863
9 24 0 30.3865 40.4615
9 25 0 48.533 1.35761
9 26 0 91.9858 27.8823
9 27 0 66.9591 83.0784
9 28 0 13.4867 95.2426
9 29 0 84.9286 89.1867
9 30 0 3.87603 49.7352
9 31 0 49.0692 8.63192
9 32 0 46.5601 27.7887
9 33 0 11.4841 10.6349
9 34 0 12.581 44.6166
9 35 0 66.6763 84.1102
9 36 0 0.307412 41.0802
9 37 0 73.2321 10.8365
9 38 0 76.4844 26.5248
9 39 0 66.2849 94.3373
9 40 0 96.5361 34.7867
10 1 0 8.84509 76.7026
10 2 0 87.4821 79.0078
10 3 0 28.2188 47.3049
10 4 0 70.3009 20.7392
10 5 0 88.1442 40.4089
10 6 0 39.5077 29.1953
10 7 0 94.3005 74.0778
10 8 0 43.3994 57.2072
10 9 0 65.9792 12.2678
10 11 1 4.06975 38.0045
10 12 0 74.0741 1.13776
10 13 0 92.3858 84.9593
10 14 0 36.0088 16.9531
10 15 0 29.2619 17.2732
10 16 0 56.8526 22.3192
10 17 0 6.22307 58.7635
10 18 0 75.4944 88.8752
10 19 0 28.5811 59.4824
10 20 0 42.3405 89.6945
10 21 0 26.3616 12.9608
10 22 0 12.2262 30.9629
10 23 0 65.7402 22.2799
10 24 0 59.401 10.0107
10 25 0 97.1964 26.0255
10 26 0 6.6646 5.91205
10 27 0 14.3733 41.5502
10 28 1 96.1562 9.74065
10 29 0 45.3101 42.3332
10 30 0 4.64483 88.9602
10 31 1 5.9241 77.4057
10 32 1 69.093 18.7926
10 33 0 22.3808 95.4603
10 34 0 50.6204 63.826
10 35 0 87.8735 82.5248
10 36 0 54.6244 51.4273
10 37 0 1.64894 34.0038
10 38 0 81.4478 30.858
10 39 1 95.5816 87.5521
10 40 0 33.0191 63.7661
11 1 0 91.058 77.3848
11 2 0 71.8261 17.3578
11 3 1 96.2576 18.7606
11 4 0 44.0881 32.6859
11 5 0 51.5779 69.7955
11 6 0 17.752 88.6719
11 7 1 12.3046 25.0845
11 8 0 30.7408 94.7731
11 9 0 39.5937 51.626
11 10 0 72.883 2.72326
11 12 1 81.3912 6.43201
11 13 1 85.4492 63.4851
11 14 1 71.9912 94.5784
11 15 0 45.0774 91.2587
11 16 0 80.5145 98.3869
11 17 0 49.6998 75.1535
11 18 0 63.5809 78.453
11 19 0 51.8876 47.1892
11 20 0 8.03738 8.69254
11 21 0 17.1314 39.1134
11 22 0 84.3222 11.0718
11 23 0 21.9392 53.8581
11 24 0 1.47068 87.3316
11 25 0 88.2243 70.4898
11 26 1 58.2389 98.5269
11 27 0 17.0171 51.6602
11 28 0 98.4243 84.6047
11 29 0 13.073 56.4222
11 30 0 26.7468 49.5278
11 31 0 96.777 14.0811
11 32 0 26.345 57.0886
11 33 0 62.9286 47.3125
11 34 0 97.5355 81.2756
11 35 0 21.2609 57.2166
11 36 0 59.4329 80.3641
11 37 0 21.8369 73.9819
11 38 0 70.9652 58.7606
11 39 0 2.82777 70.0782
11 40 0 72.8668 87.5669
12 1 0 49.864 41.8436
12 2 0 81.2398 92.8104
12 3 0 11.4405 28.1104
12 4 0 3.94107 64.7761
12 5 0 46.7482 78.5602
12 6 0 63.7896 4.81368
12 7 0 19.5686 51.4422
12 8 0 42.8534 3.40559
12 9 0 50.6751 47.499
12 10 0 79.2076 79.541
12 11 0 79.5375 83.0099
12 13 1 60.131 3.13271
12 14 0 11.9857 81.4293
12 15 0 86.2743 35.4069
12 16 1 32.6977 22.7833
12 17 0 88.351 88.4538
12 18 0 72.9062 82.4017
12 19 1 38.7816 27.9881
12 20 0 45.9538 13.6066
12 21 0 51.6684 98.2853
12 22 0 46.5738 37.0443
12 23 0 15.1765 96.2028
12 24 0 32.3058 61.5475
12 25 1 96.6997 32.0329
12 26 0 41.6186 15.9099
12 27 0 89.5012 59.6512
12 28 0 31.4359 42.5123
12 29 0 43.0828 25.6784
12 30 1 90.5278 76.502
12 31 0 0.31042 53.0002
12 32 0 16.4538 14.9272
12 33 0 36.1172 69.1166
12 34 1 15.9232 23.5844
12 35 0 22.0175 81.1632
12 36 1 63.3589 32.9527
12 37 0 90.6699 4.37835
12 38 0 14.4525 9.19426
12 39 1 59.9002 61.4282
12 40 0 26.2243 97.6733
13 1 0 83.9424 43.3533
13 2 0 16.7646 94.4088
13 3 0 19.6966 78.9756
13 4 0 89.4442 3.12408
13 5 0 24.3659 50.411
13 6 0 40.6505 73.9803
13 7 0 25.5622 3.49407
13 8 0 83.7977 34.5539
13 9 0 87.9775 39.4406
13 10 0 39.3331 23.8281
13 11 0 21.9858 39.5016
13 12 0 71.0506 54.6157
13 14 1 47.9574 26.4219
13 15 0 1.78375 29.1021
13 16 1 17.8629 52.4975
13 17 0 37.9227 94.0495
13 18 0 80.8425 72.5245
13 19 0 80.6795 90.7091
13 20 0 0.27768 77.2008
13 21 0 81.7828 18.1992
13 22 0 34.2818 86.9517
13 23 0 17.2205 37.743
13 24 0 24.0635 61.6698
13 25 0 20.4647 25.7636
13 26 1 66.6412 60.8312
13 27 0 79.7421 73.166
13 28 0 66.9736 0.841753
13 29 1 34.7746 84.4526
13 30 0 83.2575 10.9714
13 31 1 32.0994 79.1124
13 32 0 94.7678 18.5628
13 33 0 93.1927 60.6659
13 34 0 26.0464 5.44702
13 35 0 25.8484 48.0614
13 36 0 41.0885 82.3129
13 37 0 47.8387 75.0388
13 38 0 9.04872 82.737
13 39 0 41.6909 26.3046
13 40 0 36.2123 0.500116
14 1 0 57.8363 13.3474
14 2 0 35.2613 87.1905
14 3 1 83.1985 30.3745
14 4 0 54.4933 90.4486
14 5 0 20.705 10.3216
14 6 0 63.2733 4.96864
14 7 1 13.4959 54.4823
14 8 0 61.698 83.5247
14 9 0 57.481 70.6504
14 10 0 17.8085 10.7419
14 11 1 62.4102 34.7779
14 12 0 68.1356 67.9095
14 13 0 59.5501 30.637
14 15 1 33.5171 7.90002
14 16 1 69.4016 46.9701
14 17 1 49.4843 84.1272
14 18 0 20.3643 78.0478
14 19 0 51.8672 1.08709
14 20 1 71.615 93.4985
14 21 0 62.5196 47.3364
14 22 1 32.0843 14.9301
14 23 0 34.9713 28.4601
14 24 0 7.91713 18.6707
14 25 0 62.0236 75.595
14 26 0 32.9246 48.1372
14 27 0 31.3826 73.462
14 28 1 46.6693 48.0106
14 29 0 32.7816 40.9693
14 30 1 71.121 0.0393188
14 31 0 91.3735 41.5556
14 32 0 21.4399 85.2279
14 33 0 64.0951 29.6947
14 34 1 14.2281 51.6533
14 35 0 40.4812 68.7875
14 36 1 35.0211 49.2346
14 37 0 47.3856 77.4252
14 38 0 67.5173 98.1758
14 39 0 54.0271 8.88478
14 40 0 7.07752 7.24192
15 1 0 9.60465 62.3616
15 2 0 50.9938 24.5882
15 3 1 46.0279 25.6596
15 4 0 30.9494 21.7287
15 5 1 37.5347 56.9951
15 6 0 26.7336 24.9136
15 7 0 73.8166 96.0917
15 8 0 43.2333 11.8642
15 9 0 31.3728 86.4374
15 10 0 66.9745 49.8744
15 11 0 56.4172 86.3881
15 12 0 55.7126 79.8985
15 13 0 4.10338 98.864
15 14 0 12.8965 6.6914
15 16 1 90.9506 15.8077
15 17 0 23.6448 36.3121
15 18 0 28.236 53.997
15 19 0 12.9289 37.4117
15 20 0 47.6599 56.0391
15 21 0 19.9236 48.9405
15 22 0 97.5687 53.8714
15 23 0 89.5502 21.2025
15 24 0 74.9319 54.6093
15 25 0 20.1869 25.1995
15 26 0 32.4171 13.7892
15 27 0 50.523 75.1087
15 28 1 9.27616 24.9364
15 29 0 65.4564 17.43
15 30 1 36.87 13.1586
15 31 0 10.8598 98.9906
15 32 0 26.0076 76.212
15 33 0 95.4775 34.9594
15 34 0 64.3205 42.8049
15 35 0 70.7382 55.0396
15 36 0 39.717 59.3528
15 37 0 95.6801 18.4814
15 38 0 4.85203 22.0002
15 39 0 87.3236 62.0112
15 40 0 52.4303 68.0785
16 1 0 25.6531 28.2036
16 2 0 94.4788 39.843
16 3 0 59.8813 96.7081
16 4 0 25.2899 46.4399
16 5 0 58.0952 83.8228
16 6 0 56.657 29.9606
16 7 0 68.6926 43.3316
16 8 0 40.8554 67.133
16 9 1 6.03621 31.1682
16 10 0 24.7922 19.1025
16 11 0 15.7407 27.7182
16 12 0 61.837 43.2914
16 13 0 74.4135 55.3452
16 14 0 53.697 4.88531
16 15 0 34.0981 12.1995
16 17 1 54.0933 57.9826
16 18 0 9.49666 7.40567
16 19 0 6.61596 95.4729
16 20 0 51.0127 16.5716
16 21 1 77.6794 67.173
16 22 0 66.2902 87.1885
16 23 1 22.5724 16.2908
16 24 0 83.8349 65.3197
16 25 0 63.1467 86.4511
16 26 0 48.0355 17.4051
16 27 1 28.5853 27.0772
16 28 0 6.82214 93.283
16 29 0 11.6116 24.875
16 30 0 2.23785 76.8449
16 31 0 24.5988 7.85788
16 32 0 8.47627 39.9287
16 33 0 71.1935 74.0118
16 34 0 32.61 71.4213
16 35 0 10.4425 47.4021
16 36 0 49.7069 50.2068
16 37 1 71.6406 40.831
16 38 0 9.23108 8.18834
16 39 0 86.1135 70.4339
16 40 0 82.8868 5.65106
17 1 0 60.7003 5.56091
17 2 0 30.4623 65.1316
17 3 1 62.972 87.0443
17 4 0 90.1869 53.2377
17 5 0 20.1258 21.4973
17 6 0 85.0259 10.4179
17 7 0 25.6833 62.1393
17 8 0 66.8691 31.4352
17 9 0 73.0117 6.4696
17 10 0 80.3183 40.8299
17 11 0 56.9501 99.3777
17 12 0 16.4885 13.1081
17 13 0 12.8833 75.8061
17 14 0 45.5839 83.6896
17 15 0 4.38585 12.4186
17 16 0 96.2149 0.154624
17 18 1 3.79757 89.5783
17 19 0 34.2907 4.80364
17 20 0 46.6814 67.4523
17 21 0 7.74881 28.6677
17 22 0 72.5097 77.742
17 23 0 0.665661 73.0166
17 24 0 23.2642 49.1703
17 25 0 0.713162 77.3745
17 26 0 17.911 67.5074
17 27 0 14.5802 48.8165
17 28 0 50.0391 0.43724
17 29 1 56.7504 25.8908
17 30 0 34.076 46.8853
17 31 0 10.2609 78.0365
17 32 0 74.0463 48.6892
17 33 1 20.082 78.0783
17 34 1 15.1896 62.1772
17 35 0 31.7848 98.7639
17 36 1 22.7837 86.5474
17 37 0 30.8728 58.7442
17 38 1 50.6334 73.1267
17 39 1 7.48247 96.6264
17 40 0 89.7971 82.053
18 1 0 2.14287 90.625
18 2 0 78.362 1.00282
18 3 0 87.769 58.7165
18 4 0 23.1262 25.502
18 5 0 7.85379 48.9069
18 6 1 40.8296 12.5337
18 7 1 73.7072 1.42637
18 8 0 67.3409 29.7252
18 9 1 64.967 58.8783
18 10 0 95.6626 91.5358
18 11 0 23.6314 43.2302
18 12 1 24.9446 31.2005
18 13 1 91.7271 82.4031
18 14 0 80.6638 0.945009
18 15 1 88.3481 30.1531
18 16 0 65.7122 14.6106
18 17 0 72.1975 45.8934
18 19 1 80.0353 9.85305
18 20 1 52.5989 33.9398
18 21 0 7.8206 25.0899
18 22 0 43.08 41.6043
18 23 0 45.088 41.2396
18 24 0 54.2149 98.8645
18 25 0 59.6836 43.2409
18 26 0 28.4971 16.0192
18 27 0 98.6736 66.2575
18 28 0 34.4749 18.7052
18 29 0 96.3888 24.2601
18 30 0 71.7375 70.428
18 31 0 4.01046 28.9263
18 32 0 70.4653 71.697
18 33 0 10.1394 21.8887
18 34 0 25.9694 33.999
18 35 1 5.98352 48.6085
18 36 0 13.1111 43.2526
18 37 0 77.6313 41.3295
18 38 0 4.04433 50.0472
18 39 1 41.06 33.4325
18 40 0 68.2883 66.4306
19 1 0 45.1312 40.0124
19 2 1 21.0211 83.3075
19 3 0 98.773 60.9054
19 4 0 99.3622 95.4449
19 5 0 17.7159 20.1881
19 6 0 29.7455 31.3529
19 7 0 93.5086 49.0738
19 8 0 97.5465 99.0569
19 9 0 51.12 34.5595
19 10 0 55.5412 67.458
19 11 0 2.34388 83.3903
19 12 1 82.4768 4.40042
19 13 0 58.9355 54.3969
19 14 0 57.9534 13.733
19 15 1 81.1513 10.9927
19 16 0 64.2206 47.5843
19 17 0 24.1847 38.5293
19 18 0 58.1294 40.4953
19 20 1 36.5826 1.98502
19 21 1 80.9131 36.8699
19 22 0 38.3836 6.70353
19 23 0 75.4543 85.1271
19 24 0 73.8126 49.6237
19 25 0 20.765 47.2598
19 26 0 19.1419 43.3046
19 27 0 48.4382 42.4516
19 28 0 95.3355 37.5094
19 29 0 6.367 68.556
19 30 0 81.5594 66.208
19 31 1 26.6068 28.5431
19 32 1 43.2106 82.5724
19 33 0 59.6442 57.0679
19 34 0 93.5202 48.1964
19 35 0 89.4404 19.6786
19 36 0 29.8117 62.2414
19 37 1 38.763 57.9224
19 38 0 38.7138 67.1848
19 39 0 32.8068 24.2442
19 40 0 48.6945 95.7557
20 1 0 82.1117 20.4447
20 2 0 59.9711 98.9867
20 3 0 64.2887 61.3082
20 4 1 13.6644 70.0326
20 5 1 94.7982 94.3949
20 6 1 51.9267 29.3833
20 7 0 57.9103 71.9459
20 8 0 39.8076 12.1331
20 9 0 84.2319 87.4723
20 10 0 75.1104 67.647
20 11 0 63.5518 95.8078
20 12 0 90.1767 88.6102
20 13 0 65.6297 82.7649
20 14 0 39.67 94.7443
20 15 0 40.2951 34.1779
20 16 0 69.0168 91.2202
20 17 0 58.2636 37.7248
20 18 0 88.3882 38.4202
20 19 0 19.6676 89.4441
20 21 1 90.7138 72.2884
20 22 0 99.9623 50.5638
20 23 0 24.7967 83.7775
20 24 0 57.9187 55.4254
20 25 0 3.72492 43.2928
20 26 1 67.6956 20.8864
20 27 0 52.7202 44.344
20 28 0 46.2538 53.9318
20 29 0 32.9279 73.0748
20 30 0 85.1879 59.7424
20 31 1 91.8787 73.3284
20 32 1 39.7972 4.46046
20 33 0 65.5973 39.861
20 34 0 51.0989 86.4106
20 35 0 41.3721 24.3964
20 36 0 37.2502 42.3531
20 37 0 9.17753 68.7536
20 38 0 32.1628 29.8321
20 39 0 14.804 77.3761
20 40 0 99.9731 53.4953
21 1 1 71.5514 98.2629
21 2 0 94.4133 90.0264
21 3 0 47.358 2.30127
21 4 0 53.6726 13.359
21 5 0 98.9166 22.5315
21 6 0 9.41466 53.179
21 7 0 47.1297 37.4896
21 8 0 57.2889 24.6399
21 9 1 45.772 8.05232
21 10 0 40.1092 22.7921
21 11 0 69.856 76.002
21 12 0 32.1069 19.0181
21 13 0 66.1175 42.549
21 14 0 56.7943 79.6873
21 15 0 88.6058 98.999
21 16 0 4.70159 88.4911
21 17 0 89.9242 70.7124
21 18 1 91.2741 4.31082
21 19 1 64.5606 20.7819
21 20 1 69.1968 59.1865
21 22 1 96.741 81.2939
21 23 0 21.3398 59.2416
21 24 0 19.6064 2.25027
21 25 0 94.8374 63.7831
21 26 0 99.839 71.325
21 27 0 82.5319 53.6073
21 28 0 40.4406 35.3499
21 29 0 75.6167 25.8806
21 30 1 85.9791 62.6881
21 31 0 10.6839 10.9378
21 32 0 12.9217 26.0204
21 33 1 36.1641 10.6996
21 34 0 95.2758 71.3882
21 35 0 36.0782 30.8976
21 36 0 80.7214 52.0092
21 37 0 46.6912 89.9601
21 38 0 97.4698 87.1752
21 39 0 66.121 6.19106
21 40 0 82.7172 78.6259
22 1 0 96.1367 10.3626
22 2 1 85.3606 8.71676
22 3 1 11.4357 65.4752
22 4 0 99.3525 27.4749
22 5 0 11.3342 21.0275
22 6 1 41.8894 65.8239
22 7 0 39.6082 30.9534
22 8 0 70.3314 78.8058
22 9 0 72.8104 70.7969
22 10 1 15.55 2.5215
22 11 0 17.6582 76.4985
22 12 0 74.0964 44.241
22 13 0 93.0113 21.2113
22 14 1 25.4376 43.3964
22 15 1 34.1428 46.9453
22 16 0 20.8653 75.165
22 17 0 31.8341 51.3007
22 18 0 57.6084 88.4953
22 19 0 28.1485 40.0971
22 20 0 38.8132 20.2454
22 21 0 83.563 53.4905
22 23 1 30.8195 34.5215
22 24 0 50.3977 11.4899
22 25 0 91.375 83.2932
22 26 0 53.8396 64.7992
22 27 0 55.3092 50.047
22 28 0 65.0341 86.7057
22 29 0 30.2893 12.0439
22 30 0 0.901095 29.2598
22 31 1 24.4684 96.8545
22 32 1 64.1308 83.2347
22 33 0 28.0793 69.7731
22 34 0 81.7372 33.6386
22 35 0 2.59484 2.58425
22 36 0 58.1879 63.5956
22 37 1 58.794 76.6032
22 38 0 20.3883 10.1021
22 39 0 23.7376 79.5368
22 40 0 63.5759 32.7919
23 1 0 19.5886 78.9084
23 2 0 52.3965 86.4056
23 3 0 44.7109 75.4376
23 4 0 35.5394 31.7873
23 5 0 54.8192 19.5515
23 6 0 28.8884 95.6818
23 7 0 28.2655 22.4431
23 8 0 57.1795 41.1105
23 9 0 65.8447 14.0938
23 10 0 94.612 2.76123
23 11 0 53.8804 12.7383
23 12 0 28.3844 3.33553
23 13 0 16.5789 21.7452
23 14 0 87.1027 73.806
23 15 0 67.76 19.0885
23 16 0 96.283 82.9429
23 17 0 28.9368 0.628861
23 18 0 38.6502 60.2947
23 19 1 33.4803 66.9613
23 20 0 57.6223 64.11
23 21 1 41.9704 93.2785
23 22 1 11.412 33.4497
23 24 1 34.3639 56.291
23 25 0 13.7033 79.6023
23 26 0 41.6545 2.03448
23 27 0 27.5156 85.2248
23 28 1 26.2125 93.5497
23 29 0 10.0006 52.2473
23 30 0 54.9871 70.3502
23 31 0 40.7413 69.2675
23 32 0 52.8179 61.2702
23 33 0 9.76329 73.9523
23 34 0 58.0576 20.7342
23 35 0 11.2648 80.1069
23 36 0 43.2151 79.4101
23 37 0 82.6086 24.2429
23 38 0 53.0751 70.1246
23 39 0 2.35278 68.7973
23 40 0 32.7673 17.1226
24 1 0 8.94707 87.6024
24 2 0 99.8849 63.0838
24 3 0 34.9362 56.313
24 4 0 74.0958 72.0164
24 5 0 68.0555 7.39013
24 6 0 51.5595 8.54704
24 7 0 42.4963 54.1209
24 8 1 81.9864 23.4654
24 9 0 45.317 7.82514
24 10 1 91.6626 10.7363
24 11 0 55.921 49.6095
24 12 0 73.8908 73.702
24 13 0 71.7468 43.4078
24 14 0 43.4279 84.4531
24 15 0 20.3377 19.3777
24 16 0 65.4495 5.96324
24 17 0 17.9904 79.5664
24 18 1 94.6654 50.4437
24 19 1 59.8677 47.6088
24 20 0 80.9419 73.9772
24 21 0 46.7981 34.746
24 22 1 7.19714 26.2289
24 23 0 38.937 40.6226
24 25 1 35.4854 53.2959
24 26 0 85.2961 45.4858
24 27 0 42.1343 10.6714
24 28 0 40.4323 8.11412
24 29 0 44.9084 46.4157
24 30 0 0.849773 44.2927
24 31 0 75.5695 69.0699
24 32 0 60.1304 79.7926
24 33 1 3.17931 89.0463
24 34 0 44.5051 1.56407
24 35 0 24.5792 44.8694
24 36 0 28.8105 57.3839
24 37 0 96.6622 82.8847
24 38 0 65.6455 56.5113
24 39 0 47.9877 4.45422
24 40 0 74.3909 33.2117
25 1 0 42.597 20.6509
25 2 0 85.3362 88.5901
25 3 0 93.5613 36.0938
25 4 0 62.3495 49.3262
25 5 0 48.3049 85.6683
25 6 0 11.3959 28.2376
25 7 0 62.3598 75.452
25 8 0 14.2824 90.3852
25 9 0 73.4844 51.0863
25 10 0 30.4985 0.996805
25 11 0 88.9824 28.3474
25 12 0 23.8948 20.7384
25 13 0 7.59737 82.4925
25 14 0 82.1292 62.1255
25 15 1 15.2679 76.2484
25 16 1 36.8949 50.4613
25 17 0 96.3285 23.7082
25 18 0 27.9421 79.1365
25 19 0 80.3271 10.0099
25 20 1 34.5987 27.0659
25 21 0 83.3607 25.1032
25 22 0 55.6616 64.0112
25 23 0 8.86789 87.2959
25 24 0 47.0551 40.7938
25 26 1 40.9596 46.677
25 27 0 87.823 35.4974
25 28 0 13.5369 7.64418
25 29 0 4.77678 95.8868
25 30 0 61.2031 56.6175
25 31 0 46.4471 44.1088
25 32 0 47.319 77.5732
25 33 0 81.2785 84.041
25 34 0 39.5292 55.1203
25 35 0 45.2207 26.3369
25 36 0 47.4236 35.6309
25 37 1 48.1378 72.6617
25 38 1 24.6551 43.6693
25 39 0 13.8661 78.3236
25 40 0 79.7622 86.4044
26 1 0 97.0886 99.0705
26 2 0 14.2313 64.5497
26 3 0 30.8458 48.1882
26 4 0 52.7348 75.6554
26 5 0 28.4536 47.8319
26 6 0 58.048 15.1194
26 7 0 16.7824 73.7762
26 8 1 92.0251 92.1945
26 9 1 11.2462 81.4808
26 10 1 27.3664 10.753
26 11 0 78.0328 99.2601
26 12 0 35.6249 80.909
26 13 1 67.7479 40.427
26 14 0 22.8543 9.45354
26 15 0 87.6379 17.9398
26 16 0 98.0056 74.2787
26 17 0 0.0483195 19.9483
26 18 0 2.07864 68.0226
26 19 1 99.4715 15.6635
26 20 0 62.5989 8.42877
26 21 0 83.6313 25.0642
26 22 0 51.4262 67.5032
26 23 0 12.9392 66.221
26 24 0 12.1056 57.2114
26 25 0 1.00526 82.9483
26 27 1 65.6571 62.3582
26 28 0 95.6725 7.13671
26 29 0 44.1172 43.437
26 30 0 42.8943 13.7943
26 31 1 90.9144 3.68418
26 32 0 98.7149 36.37
26 33 0 4.60166 26.1375
26 34 1 63.3741 45.6749
26 35 1 40.0253 12.4381
26 36 0 20.3334 11.3648
26 37 0 45.6883 39.5928
26 38 0 97.2986 66.4611
26 39 0 14.072 51.199
26 40 0 76.5299 0.335157
27 1 0 88.7552 63.4482
27 2 0 85.4205 36.8665
27 3 0 40.9181 25.0587
27 4 1 98.0634 61.9257
27 5 0 30.7884 24.0056
27 6 1 68.5341 32.9854
27 7 0 22.6849 71.0467
27 8 0 68.429 51.8361
27 9 0 20.3649 49.5968
27 10 0 57.5786 7.4971
27 11 0 52.2202 62.5642
27 12 0 57.3854 34.9291
27 13 1 31.5143 52.747
27 14 0 3.70316 59.8426
27 15 1 8.24737 92.9857
27 16 0 90.1994 70.7546
27 17 0 76.7694 27.5159
27 18 0 91.6212 18.6644
27 19 0 52.3897 76.56
27 20 0 60.4308 11.1684
27 21 0 27.9079 35.5921
27 22 0 95.3406 81.612
27 23 0 64.4789 71.4027
27 24 0 13.6235 9.38098
27 25 0 60.9979 47.6832
27 26 0 51.4295 74.0993
27 28 1 93.0953 20.0263
27 29 1 22.2035 54.4931
27 30 0 72.4499 26.4156
27 31 0 38.9103 66.0812
27 32 0 69.5042 28.1638
27 33 0 28.3299 73.4675
27 34 0 94.2239 74.7729
27 35 0 99.5222 26.9513
27 36 0 73.2846 72.856
27 37 0 41.7264 70.2861
27 38 0 25.2141 71.3169
27 39 0 75.6173 27.5127
27 40 0 69.6033 98.5214
28 1 0 21.9031 14.3718
28 2 0 26.0571 58.8301
28 3 0 67.2029 1.43222
28 4 0 66.0142 72.817
28 5 0 75.8087 48.3505
28 6 0 79.5952 11.4402
28 7 0 25.1502 23.5742
28 8 0 10.5061 11.4288
28 9 0 38.039 74.1927
28 10 0 94.9141 54.613
28 11 1 76.1314 59.0869
28 12 0 70.8648 48.8325
28 13 0 55.8699 80.2448
28 14 0 67.5784 46.1454
28 15 0 16.7829 85.3715
28 16 0 61.2437 56.636
28 17 0 48.8496 78.2886
28 18 1 77.6931 79.658
28 19 0 62.3214 85.261
28 20 0 78.2252 96.8817
28 21 0 24.1008 66.2696
28 22 0 5.85533 90.789
28 23 1 35.443 25.7279
28 24 0 8.12136 95.9937
28 25 0 90.7561 54.4584
28 26 0 64.6353 14.0821
28 27 0 69.53 92.6726
28 29 1 86.1176 89.1324
28 30 0 64.076 2.30402
28 31 0 99.5379 28.539
28 32 0 41.0125 90.3925
28 33 0 60.3598 17.2501
28 34 0 3.95594 27.0417
28 35 0 8.21599 29.0092
28 36 0 77.8918 72.4365
28 37 0 84.7804 19.106
28 38 0 32.7392 22.5298
28 39 0 79.9152 56.9611
28 40 0 87.5496 91.342
29 1 0 38.3572 61.9318
29 2 0 93.6423 66.807
29 3 0 27.6968 59.8011
29 4 0 61.6206 37.1178
29 5 0 11.4095 10.8972
29 6 0 57.5947 45.0538
29 7 1 60.5748 11.3998
29 8 1 54.4931 69.1921
29 9 0 76.7003 5.64027
29 10 1 74.1711 56.9718
29 11 0 97.2309 68.8438
29 12 0 39.0966 45.4315
29 13 0 23.9567 11.1962
29 14 0 46.9036 74.43
29 15 0 30.3793 45.6755
29 16 0 25.2321 51.4349
29 17 0 21.53 52.2798
29 18 0 0.608765 91.576
29 19 0 22.0064 57.2105
29 20 1 65.167 25.6003
29 21 0 48.1013 52.9472
29 22 0 62.5569 17.6249
29 23 0 96.1095 9.58249
29 24 0 46.6509 66.742
29 25 0 22.9447 38.6438
29 26 0 6.34831 97.1517
29 27 1 41.975 56.2182
29 28 0 95.8655 17.3561
29 30 1 4.82878 77.8992
29 31 0 59.3885 87.6966
29 32 1 42.9996 40.1327
29 33 0 98.5941 4.0465
29 34 0 85.2711 66.8784
29 35 0 93.0044 42.548
29 36 0 39.58 17.1035
29 37 0 52.1548 55.492
29 38 0 14.7462 10.8678
29 39 0 90.495 24.653
29 40 0 94.2122 52.5477
30 1 0 71.13 53.9834
30 2 0 32.9429 45.821
30 3 1 24.9078 8.9779
30 4 0 91.2922 86.489
30 5 0 65.7189 45.9901
30 6 0 2.51679 19.0992
30 7 0 78.1583 67.4631
30 8 0 24.7631 11.2279
30 9 0 88.9749 13.9368
30 10 1 39.8668 3.20473
30 11 0 38.1866 20.3017
30 12 0 49.9825 46.0892
30 13 0 11.977 95.6415
30 14 0 64.7544 58.2387
30 15 0 96.9527 93.4902
30 16 0 25.6098 22.2403
30 17 0 78.4754 36.4332
30 18 0 21.1241 61.9961
30 19 0 35.9242 86.307
30 20 0 70.9843 36.9546
30 21 0 10.3394 53.9182
30 22 1 68.9251 98.954
30 23 1 23.5019 9.58594
30 24 0 32.0137 7.79027
30 25 1 74.4029 0.847085
30 26 0 18.2475 21.8166
30 27 0 99.6953 49.5469
30 28 0 81.4085 95.6851
30 29 0 81.0717 94.7603
30 31 1 25.1764 21.9021
30 32 0 32.1541 25.8853
30 33 0 77.7577 90.1932
30 34 1 16.6311 3.0416
30 35 0 48.4032 90.4731
30 36 0 17.3243 71.3067
30 37 0 36.3844 64.9879
30 38 1 64.1354 7.86116
30 39 1 24.3637 70.125
30 40 0 62.7523 50.7369
31 1 0 28.8999 32.2484
31 2 1 94.2749 83.8893
31 3 1 41.1858 49.5848
31 4 0 67.0153 71.9086
31 5 0 31.9545 33.4509
31 6 1 76.9003 20.1226
31 7 1 63.1723 82.2022
31 8 0 42.5104 0.854893
31 9 0 83.5693 51.0004
31 10 0 5.89945 24.9551
31 11 0 72.2115 7.45302
31 12 0 73.6508 45.1147
31 13 0 89.7647 35.2945
31 14 1 55.0039 81.4944
31 15 0 94.6401 2.10392
31 16 0 11.1432 60.549
31 17 0 96.9285 3.0788
31 18 0 13.1556 35.9054
31 19 0 57.3082 37.149
31 20 0 26.3785 11.268
31 21 1 79.1323 67.7438
31 22 0 52.1008 6.34899
31 23 0 2.79795 45.3572
31 24 0 59.2087 18.7087
31 25 1 65.4473 68.022
31 26 0 82.611 68.9942
31 27 0 67.4631 43.3406
31 28 1 48.9289 7.55447
31 29 0 12.5442 85.0667
31 30 0 84.9447 45.4561
31 32 1 21.0235 63.9913
31 33 0 73.2471 34.8572
31 34 0 75.1475 81.4816
31 35 0 52.5187 63.6304
31 36 1 84.6895 5.31336
31 37 1 58.1955 98.9915
31 38 0 22.5122 17.0207
31 39 1 91.1629 81.6627
31 40 1 1.61432 76.6995
32 1 0 75.6186 99.4944
32 2 0 59.2557 39.7637
32 3 1 96.5872 20.094
32 4 0 86.9764 13.1792
32 5 1 36.8356 31.0168
32 6 1 88.9528 83.7833
32 7 0 4.79821 71.7253
32 8 0 52.5727 24.0958
32 9 0 10.8251 21.0059
32 10 0 12.5389 7.16446
32 11 0 31.5201 55.2855
32 12 0 48.7031 76.6952
32 13 1 18.5061 86.7921
32 14 0 30.8674 82.8337
32 15 0 71.7565 48.0805
32 16 0 77.7333 68.1879
32 17 1 93.0172 1.44726
32 18 0 54.6777 53.1214
32 19 1 43.499 47.8206
32 20 0 43.2776 88.0061
32 21 0 18.4186 63.7503
32 22 0 9.69263 88.7799
32 23 0 14.9048 59.3727
32 24 0 4.46127 35.9635
32 25 0 28.068 1.71814
32 26 0 72.6381 2.36752
32 27 0 55.296 59.3714
32 28 1 18.7611 77.5089
32 29 0 74.9185 27.2401
32 30 0 92.8191 62.8471
32 31 0 26.7043 77.4359
32 33 1 59.9294 11.6923
32 34 0 58.7652 60.6515
32 35 0 39.344 62.5247
32 36 0 55.228 99.9174
32 37 0 10.462 14.8393
32 38 1 59.8697 13.1466
32 39 0 97.6007 64.94
32 40 0 41.5592 59.9049
33 1 0 60.5736 22.7322
33 2 1 15.0478 51.9745
33 3 0 29.2488 90.8689
33 4 0 3.95867 37.9619
33 5 0 84.9424 3.55252
33 6 0 75.5561 24.5695
33 7 0 58.1857 50.8523
33 8 0 74.2755 74.0249
33 9 1 47.724 34.4268
33 10 0 44.7617 91.7986
33 11 0 70.9164 36.419
33 12 1 33.4419 89.2383
33 13 1 80.5941 65.394
33 14 0 29.0108 32.7559
33 15 1 31.6688 33.5862
33 16 0 75.7317 23.1021
33 17 0 62.1363 76.4983
33 18 0 90.1049 11.0331
33 19 0 35.6713 83.3357
33 20 0 70.6513 89.9142
33 21 0 44.5098 92.4511
33 22 0 94.1301 27.6335
33 23 0 54.928 23.7163
33 24 0 21.7874 27.1341
33 25 0 35.3512 55.9623
33 26 1 45.535 46.7024
33 27 0 28.0505 86.0047
33 28 0 33.6287 24.7153
33 29 0 82.7269 58.5913
33 30 0 81.1289 68.884
33 31 0 23.1796 89.1624
33 32 1 40.7839 11.9893
33 34 1 6.77266 36.9008
33 35 0 48.3905 7.49128
33 36 0 99.5118 2.95988
33 37 0 7.90562 54.7551
33 38 0 76.9707 60.5215
33 39 0 90.3453 28.0866
33 40 1 11.4444 44.5981
34 1 0 80.8184 85.6563
34 2 0 30.6407 25.2329
34 3 0 79.2457 25.8814
34 4 0 77.3702 53.7889
34 5 1 34.3353 81.1648
34 6 1 24.34 81.6651
34 7 1 78.8171 70.9414
34 8 0 32.0227 59.6919
34 9 0 96.2449 37.1825
34 10 0 44.2546 5.90465
34 11 0 82.2889 19.2822
34 12 0 82.3842 35.1224
34 13 0 50.4074 83.3394
34 14 0 39.3416 17.5728
34 15 0 48.4692 7.66774
34 16 0 45.9887 39.4383
34 17 0 98.8368 94.2
34 18 1 31.6896 60.85
34 19 0 11.6414 15.1534
34 20 0 12.4399 45.7626
34 21 0 5.28889 89.5283
34 22 0 58.0388 41.9675
34 23 0 24.019 78.4944
34 24 0 87.9556 74.1071
34 25 0 73.6308 82.108
34 26 0 87.5825 71.224
34 27 0 61.8472 46.4399
34 28 0 33.0107 52.4996
34 29 1 26.9474 6.70447
34 30 0 28.7395 60.4465
34 31 0 60.6731 88.1668
34 32 0 60.1117 59.9783
34 33 0 90.0898 19.5352
34 35 1 51.5209 51.2643
34 36 0 40.5777 60.1837
34 37 0 89.5566 68.3058
34 38 0 11.9703 18.5103
34 39 1 90.3446 62.543
34 40 0 67.0472 24.9553
35 1 0 33.6121 88.7499
35 2 1 97.5075 28.6171
35 3 1 22.76 55.0454
35 4 0 27.0103 40.8029
35 5 1 8.20963 55.8068
35 6 0 7.21927 76.1903
35 7 0 96.997 42.5321
35 8 0 3.21594 30.2241
35 9 0 21.7102 37.5663
35 10 0 10.2722 23.979
35 11 0 61.5596 90.0979
35 12 1 39.0404 75.2982
35 13 0 45.6219 68.377
35 14 0 14.418 47.6393
35 15 1 93.0107 32.7815
35 16 0 97.9687 77.2908
35 17 0 43.9169 41.2355
35 18 0 1.25334 13.0324
35 19 0 68.5187 19.5962
35 20 0 18.1829 16.2122
35 21 0 59.7584 74.0234
35 22 0 57.3377 78.8682
35 23 0 84.0321 44.782
35 24 0 96.3908 46.9483
35 25 0 57.1309 0.898472
35 26 0 22.5892 40.1012
35 27 0 50.2562 36.5381
35 28 1 85.5623 59.658
35 29 0 57.5333 29.8594
35 30 1 94.0402 34.7377
35 31 0 19.8545 26.4006
35 32 0 34.7735 29.264
35 33 0 44.29 92.314
35 34 0 73.7495 4.34676
35 36 1 61.7827 2.23441
35 37 0 23.3131 9.17216
35 38 0 32.8857 7.80148
35 39 0 99.2208 33.955
35 40 1 58.9917 0.623386
36 1 0 99.5154 0.341165
36 2 0 79.9843 1.09313
36 3 0 69.5848 72.3142
36 4 1 39.6428 46.4558
36 5 0 73.8919 7.07528
36 6 0 41.2297 81.7168
36 7 1 79.731 99.7231
36 8 0 80.9519 22.0126
36 9 0 64.2022 96.0084
36 10 1 47.3862 15.713
36 11 1 78.5872 87.3771
36 12 0 45.9582 92.1045
36 13 0 85.7048 52.7195
36 14 1 33.2242 37.2601
36 15 0 86.0582 21.6814
36 16 0 56.3621 43.6775
36 17 0 96.7893 89.1332
36 18 0 54.6569 12.7352
36 19 0 87.8331 60.9653
36 20 0 32.1306 14.2317
36 21 0 77.8518 5.91098
36 22 0 4.8311 55.9703
36 23 0 11.2414 76.502
36 24 0 38.8563 77.2529
36 25 0 66.5191 72.568
36 26 0 19.7062 31.0732
36 27 0 18.3019 0.0269364
36 28 0 1.91131 84.4429
36 29 0 8.45598 31.6842
36 30 0 28.2111 14.6428
36 31 0 79.2164 3.94176
36 32 1 72.9427 49.1968
36 33 0 86.6752 14.1911
36 34 0 55.0759 67.1241
36 35 0 48.5614 44.9575
36 37 1 50.2805 61.5436
36 38 0 9.64082 45.8918
36 39 0 8.33232 79.947
36 40 1 76.8087 82.8528
37 1 0 88.3497 37.5623
37 2 0 71.331 56.4602
37 3 0 58.1642 19.3883
37 4 0 60.5653 89.4967
37 5 0 19.2937 62.2482
37 6 1 24.8481 52.564
37 7 0 69.0716 43.1869
37 8 0 60.1698 71.2121
37 9 0 9.41763 45.4422
37 10 0 84.0174 43.9735
37 11 0 55.9362 92.6273
37 12 0 38.7582 15.9662
37 13 0 41.3019 4.66066
37 14 0 87.8373 53.9812
37 15 0 55.8613 50.4119
37 16 0 18.8009 96.1401
37 17 0 82.1722 4.5817
37 18 0 94.8366 19.9874
37 19 0 20.298 97.0242
37 20 0 27.3974 9.6638
37 21 0 55.1852 47.8198
37 22 0 53.051 69.617
37 23 0 82.2802 75.6109
37 24 0 68.0363 50.4848
37 25 0 61.2795 15.1537
37 26 0 40.2032 63.1531
37 27 0 86.1996 11.6791
37 28 0 68.5987 80.5975
37 29 1 62.6038 62.9225
37 30 0 20.1965 35.4584
37 31 0 85.3535 42.2556
37 32 0 78.4217 26.434
37 33 0 99.5558 99.2801
37 34 1 38.4471 35.4781
37 35 0 84.88 28.0715
37 36 0 95.5429 90.0888
37 38 1 21.7052 40.1042
37 39 1 29.5112 17.1115
37 40 0 23.4664 67.7527
38 1 0 68.5705 14.3262
38 2 0 34.0909 7.57038
38 3 0 60.6467 22.832
38 4 1 81.6734 19.5635
38 5 0 40.2072 78.9335
38 6 0 27.6683 54.5226
38 7 1 36.6418 28.6556
38 8 0 0.611989 3.78122
38 9 0 97.4699 7.62652
38 10 0 8.01616 15.1277
38 11 0 80.1768 40.7934
38 12 0 89.9332 97.1018
38 13 0 6.07206 22.8601
38 14 0 93.3902 51.0209
38 15 0 21.7742 56.2092
38 16 0 15.8547 22.6157
38 17 0 21.36 63.3883
38 18 0 54.1967 61.8212
38 19 0 39.3509 57.2259
38 20 0 61.6316 92.3244
38 21 0 60.7672 6.32283
38 22 0 70.2986 77.0048
38 23 0 64.535 2.18101
38 24 0 65.6768 51.0466
38 25 0 24.4582 67.3478
38 26 0 61.1426 47.2149
38 27 0 9.32148 2.14463
38 28 0 2.41274 25.3042
38 29 0 52.2126 73.5272
38 30 0 70.7348 98.3997
38 31 0 66.0591 67.6958
38 32 0 63.4836 24.5354
38 33 0 54.6239 37.365
38 34 0 60.7946 10.2977
38 35 0 44.3696 49.8872
38 36 0 48.3939 65.9045
38 37 0 9.40012 83.966
38 39 1 98.518 90.8253
38 40 0 36.8538 7.64353
39 1 0 0.473149 64.841
39 2 0 98.4355 93.5623
39 3 1 26.8448 44.442
39 4 0 41.9409 86.9582
39 5 1 56.578 2.63526
39 6 0 74.0411 57.1975
39 7 0 35.1323 80.2408
39 8 1 80.3305 17.4286
39 9 0 50.8547 1.52003
39 10 0 5.51163 91.6549
39 11 1 18.6687 1.50709
39 12 0 84.4646 19.9206
39 13 0 92.5219 8.84854
39 14 0 65.4164 36.4667
39 15 0 46.4078 72.4199
39 16 1 86.8612 16.249
39 17 0 2.52444 27.216
39 18 0 14.6094 18.2017
39 19 0 64.8255 86.3733
39 20 0 25.3875 95.5133
39 21 0 35.5457 88.0947
39 22 0 97.3477 72.2796
39 23 0 39.6404 95.8462
39 24 0 75.681 90.1442
39 25 0 31.0083 52.8363
39 26 0 70.6349 87.709
39 27 0 33.888 32.8555
39 28 0 69.2129 31.0149
39 29 0 22.3934 1.62681
39 30 0 68.4265 45.0921
39 31 0 55.3011 29.6481
39 32 1 76.1725 26.0615
39 33 0 90.6206 76.6629
39 34 0 14.9294 81.8781
39 35 0 54.0076 69.7922
39 36 0 99.4363 44.7553
39 37 0 44.6145 33.1808
39 38 0 88.3786 25.0863
39 40 1 65.596 5.86227
40 1 1 5.1469 41.7372
40 2 0 46.4238 65.3399
40 3 0 16.0924 96.2041
40 4 0 44.797 31.5424
40 5 0 13.9368 73.7172
40 6 0 51.2123 19.5116
40 7 0 5.28627 62.252
40 8 0 78.1587 1.19475
40 9 1 22.6575 15.5134
40 10 0 20.1778 19.5434
40 11 0 96.8918 40.1202
40 12 0 30.4407 98.2772
40 13 0 61.0473 96.4767
40 14 0 31.022 53.0781
40 15 0 24.686 2.388
40 16 0 75.6199 82.2577
40 17 1 25.1939 88.2212
40 18 1 3.90774 35.1
40 19 0 73.7434 5.72951
40 20 0 72.071 63.4112
40 21 0 2.34799 21.6668
40 22 0 39.2071 55.4536
40 23 0 36.2938 14.514
40 24 0 77.3514 4.41813
40 25 0 62.0112 92.3395
40 26 0 98.3259 5.58964
40 27 0 49.3619 19.9807
40 28 0 76.9095 15.0403
40 29 0 82.0923 57.8997
40 30 0 14.9677 44.2736
40 31 0 4.12058 96.9104
40 32 1 12.1617 31.9726
40 33 0 18.4889 84.2875
40 34 0 35.1489 78.3558
40 35 0 36.0077 13.4565
40 36 0 29.6507 45.7268
40 37 0 62.7648 23.195
40 38 1 9.38765 17.1341
40 39 1 2.08111 72.8995
21.9531 14.4192 31.9257 20.9394 24.8394 9.60378 24.3407 14.0628 34.491 14.5347 8.2486 37.8857 13.6931 8.76488 33.5144 7.9558 10.0241 31.0011 20.1086 31.9018 10.7784 17.629 35.0318 1.17266 25.5692 10.4855 11.8078 10.7201 1.61031 3.32638 24.2739 36.8447 23.0067 19.3631 26.3872 37.8157 35.0632 32.8302 12.5444 27.3861 