40
300
5
50
1 2 1 3.38407 2.86954
1 3 0 27.4057 5.63758
1 4 0 46.503 74.1387
1 5 0 41.4626 26.3749
1 6 1 16.8883 28.2864
1 7 1 84.0288 4.42401
1 8 1 76.6321 26.4606
1 9 0 83.0152 30.6168
1 10 0 59.3596 76.8626
1 11 0 2.55732 97.5168
1 12 0 76.5581 15.2112
1 13 0 56.6705 83.2333
1 14 0 38.1409 90.7489
1 15 0 7.32964 54.0397
1 16 0 80.9173 47.9542
1 17 1 81.1498 43.5545
1 18 1 98.6301 12.2486
1 19 0 23.471 7.83308
1 20 0 14.5967 65.4708
1 21 0 92.3605 28.063
1 22 0 19.7807 5.90021
1 23 0 43.4036 30.4698
1 24 0 93.1716 64.8452
1 25 1 16.0956 60.1306
1 26 0 35.0306 45.0905
1 27 0 92.1251 74.4588
1 28 0 50.2288 22.7423
1 29 0 79.5674 37.0636
1 30 0 76.1779 75.998
1 31 0 14.4152 53.4424
1 32 0 95.9491 19.9973
1 33 0 12.1308 26.5335
1 34 0 89.2183 15.7261
1 35 0 53.2733 19.9767
1 36 1 35.9448 97.9356
1 37 0 82.421 6.83898
1 38 0 60.6199 15.8065
1 39 0 78.3254 94.3204
1 40 1 58.0319 14.568
2 1 0 75.9231 42.7751
2 3 1 91.929 79.3299
2 4 0 48.9349 28.4235
2 5 0 71.8578 40.4958
2 6 0 6.60365 18.2024
2 7 0 85.2382 3.70869
2 8 0 47.0988 8.36797
2 9 0 37.0729 54.9119
2 10 0 20.9802 75.9036
2 11 0 19.4497 93.2575
2 12 1 26.2723 89.5234
2 13 0 87.4538 27.8531
2 14 0 75.2993 2.96271
2 15 0 48.8459 67.9316
2 16 0 56.1656 50.5732
2 17 0 1.41138 54.811
2 18 0 34.7423 9.6414
2 19 1 75.7438 82.8117
2 20 1 36.2681 21.3417
2 21 0 33.9226 42.6045
2 22 0 90.2282 7.46569
2 23 0 70.2625 35.9975
2 24 0 84.833 1.62392
2 25 0 69.5387 20.9475
2 26 0 21.6426 6.92479
2 27 0 58.5405 97.6428
2 28 0 77.1553 54.1771
2 29 1 37.9657 77.4971
2 30 0 39.0543 43.0815
2 31 0 22.4262 84.905
2 32 0 88.5045 58.6691
2 33 0 28.8286 14.3603
2 34 0 71.4595 35.926
2 35 0 38.417 82.0203
2 36 0 17.1828 14.774
2 37 0 96.0958 57.7078
2 38 0 28.2515 58.0031
2 39 0 72.6405 66.0089
2 40 0 7.55738 64.8
3 1 0 87.474 12.7238
3 2 0 47.4766 7.6317
3 4 1 97.0333 11.3595
3 5 1 22.7815 93.1168
3 6 0 91.5019 71.3595
3 7 0 28.9068 80.5189
3 8 0 77.4806 69.9047
3 9 1 38.2711 49.5782
3 10 0 30.7279 94.1724
3 11 0 99.6652 31.8877
3 12 0 47.2734 35.3731
3 13 0 98.9399 95.5925
3 14 0 72.9738 42.9463
3 15 0 16.3608 69.5431
3 16 0 44.153 36.4351
3 17 0 35.5027 14.2412
3 18 0 90.0435 59.762
3 19 1 72.0755 48.3601
3 20 0 99.4711 65.4158
3 21 0 47.6646 97.6474
3 22 1 71.4552 82.5407
3 23 0 68.7946 23.1575
3 24 0 64.4355 89.1772
3 25 0 11.1501 39.5602
3 26 0 22.233 50.4266
3 27 0 24.1626 93.9238
3 28 0 36.9953 51.23
3 29 0 63.3897 78.0615
3 30 0 14.4717 52.0003
3 31 0 34.6004 16.1745
3 32 0 58.4858 19.9642
3 33 0 82.5934 15.5578
3 34 0 13.4645 98.0286
3 35 0 18.3364 83.3348
3 36 0 11.0728 7.90748
3 37 1 26.0568 20.1922
3 38 1 89.7168 64.5648
3 39 0 90.8058 84.1901
3 40 1 1.43986 20.2127
4 1 0 10.4024 31.1321
4 2 0 28.8641 19.126
4 3 0 50.2513 26.5254
4 5 1 5.60269 54.4112
4 6 0 77.1754 62.2926
4 7 0 72.3545 66.0405
4 8 0 72.7264 69.8517
4 9 0 8.21682 16.4683
4 10 0 75.5097 41.1355
4 11 0 76.3794 22.7772
4 12 0 94.6315 1.02662
4 13 0 78.7278 15.8812
4 14 0 86.3674 51.0484
4 15 0 91.5213 50.773
4 16 0 76.9679 47.1957
4 17 0 71.2492 42.4457
4 18 0 66.61 69.9806
4 19 0 55.4415 12.0932
4 20 0 43.9168 88.5238
4 21 0 99.8967 87.5772
4 22 0 13.1972 24.8041
4 23 1 32.5256 63.3673
4 24 0 61.2441 36.4702
4 25 0 97.9465 82.6857
4 26 0 10.1071 54.9965
4 27 0 67.0979 9.72374
4 28 1 55.3813 49.225
4 29 0 93.819 2.44411
4 30 0 85.4487 14.881
4 31 0 13.1692 40.7903
4 32 0 69.5236 78.1172
4 33 0 98.1886 45.3056
4 34 0 85.5128 88.2452
4 35 0 16.41 82.9812
4 36 1 57.7396 74.5422
4 37 0 58.7604 36.6567
4 38 0 48.1189 76.7701
4 39 0 82.8338 46.3946
4 40 0 86.6385 54.5978
5 1 0 71.7329 30.6982
5 2 1 50.984 12.389
5 3 0 8.06705 44.282
5 4 0 27.8393 32.6018
5 6 1 14.0684 61.9397
5 7 0 3.35878 26.8556
5 8 0 87.5098 92.4191
5 9 0 91.9544 19.3401
5 10 0 34.2416 21.1693
5 11 0 82.8041 93.7288
5 12 0 40.345 21.574
5 13 0 61.8284 0.76452
5 14 0 88.8847 89.9915
5 15 1 53.6627 25.2405
5 16 0 47.6532 28.9595
5 17 1 4.93487 50.2748
5 18 0 1.18127 17.951
5 19 1 99.2246 4.99478
5 20 0 87.5452 38.8907
5 21 0 54.6692 89.8601
5 22 0 25.0323 97.0961
5 23 0 78.3427 3.51584
5 24 0 36.3666 59.5352
5 25 1 80.1844 90.6782
5 26 0 22.826 49.2837
5 27 0 80.3212 47.0453
5 28 0 92.4232 40.3065
5 29 0 9.75411 7.99041
5 30 0 13.095 15.0789
5 31 0 55.4532 86.5698
5 32 0 33.791 10.4277
5 33 0 37.4002 68.6555
5 34 0 35.7585 62.4509
5 35 0 91.2449 73.2597
5 36 1 74.9898 95.4296
5 37 1 0.138504 80.2651
5 38 0 1.00439 60.2866
5 39 0 38.7925 75.2942
5 40 0 94.1208 24.0395
6 1 1 7.80725 64.8475
6 2 1 9.7744 92.6862
6 3 0 54.3803 75.6078
6 4 0 6.72282 23.282
6 5 1 36.1014 0.458409
6 7 1 26.6204 11.7552
6 8 0 26.0084 12.4854
6 9 0 99.1788 15.1348
6 10 0 80.8555 64.4519
6 11 0 75.3957 4.47669
6 12 1 98.6076 70.1656
6 13 0 69.8281 15.7166
6 14 0 11.1517 15.3067
6 15 0 56.3829 36.0343
6 16 1 35.1047 85.4004
6 17 0 48.9588 42.7032
6 18 0 18.6707 78.7795
6 19 0 5.49506 78.2669
6 20 0 98.0485 90.0402
6 21 0 77.8921 94.7598
6 22 1 16.0753 47.3897
6 23 0 31.797 30.5369
6 24 1 90.4677 12.6706
6 25 0 38.6169 63.7348
6 26 0 15.0219 27.9637
6 27 0 69.0074 93.9497
6 28 1 32.9326 97.4
6 29 0 4.86486 27.338
6 30 0 11.9448 72.6468
6 31 1 98.3181 69.9856
6 32 0 56.3611 69.8395
6 33 0 32.9034 47.6831
6 34 0 63.6415 2.07457
6 35 0 71.2274 0.79637
6 36 0 90.597 72.8925
6 37 0 63.724 31.4124
6 38 0 77.323 63.7415
6 39 0 60.705 79.6557
6 40 0 87.8893 5.36065
7 1 0 56.6551 86.0338
7 2 0 71.95 24.704
7 3 0 74.8818 39.5788
7 4 0 59.0646 33.6229
7 5 0 68.7368 75.2481
7 6 0 87.4485 71.544
7 8 1 0.637596 70.449
7 9 0 85.6854 29.3961
7 10 0 31.918 67.235
7 11 0 62.8713 41.6895
7 12 0 2.28081 0.879993
7 13 1 84.8068 3.6657
7 14 0 47.1789 67.0645
7 15 0 54.0211 72.5726
7 16 0 27.9425 9.35177
7 17 0 97.4457 99.8908
7 18 0 26.6003 36.0286
7 19 1 66.1836 91.4634
7 20 1 16.977 39.708
7 21 0 68.9359 54.0976
7 22 0 68.3737 37.6718
7 23 0 22.3916 62.3718
7 24 1 56.6535 32.6128
7 25 0 88.9639 19.1964
7 26 0 23.9405 11.8854
7 27 0 50.7253 60.0208
7 28 0 49.7292 22.8257
7 29 0 74.5319 58.5265
7 30 0 98.9105 84.5847
7 31 0 46.9982 53.7727
7 32 0 34.5029 82.2843
7 33 1 7.92253 17.903
7 34 0 29.7227 93.2328
7 35 0 14.2981 49.144
7 36 0 53.6497 93.269
7 37 0 58.4022 0.850237
7 38 0 40.7374 83.8574
7 39 0 53.0986 87.7231
7 40 0 88.1379 96.4061
8 1 0 73.8941 74.37
8 2 1 90.4686 70.9596
8 3 0 17.6309 68.9307
8 4 0 36.0843 60.0207
8 5 0 19.1495 12.9807
8 6 0 74.6711 18.497
8 7 0 23.2083 62.0813
8 9 1 8.82095 62.8656
8 10 0 44.8733 95.1969
8 11 1 16.3926 19.0205
8 12 0 54.4549 55.7801
8 13 0 65.0514 82.0722
8 14 0 87.5101 45.7001
8 15 0 62.4951 93.1793
8 16 1 9.78306 67.0059
8 17 0 89.6666 76.2284
8 18 0 17.8395 33.5592
8 19 0 15.7937 30.7167
8 20 1 21.8548 18.1158
8 21 0 81.6515 30.9759
8 22 1 85.3688 63.4563
8 23 0 60.3067 22.3096
8 24 1 28.6477 66.3355
8 25 0 85.0253 35.704
8 26 0 91.1953 48.9528
8 27 0 97.9636 89.9368
8 28 0 6.45857 82.1574
8 29 0 12.5176 25.9517
8 30 1 20.4477 33.2678
8 31 0 77.5273 47.8469
8 32 0 33.5997 15.8195
8 33 1 35.5678 10.5956
8 34 0 23.2511 95.7049
8 35 0 65.1418 56.855
8 36 0 83.4246 0.872426
8 37 0 0.493318 67.4389
8 38 0 82.4871 21.2739
8 39 0 44.5116 61.4798
8 40 0 83.9184 11.9889
9 1 0 89.6412 26.6437
9 2 0 9.43189 98.6488
9 3 0 82.496 69.3788
9 4 0 88.1092 68.1731
9 5 0 51.7419 7.29429
9 6 0 5.90335 17.3719
9 7 1 22.8946 92.1894
9 8 0 89.2383 24.9263
9 10 1 81.761 91.1064
9 11 1 23.3248 24.1084
9 12 0 89.6232 89.9582
9 13 0 97.1389 78.7681
9 14 0 76.0102 74.6693
9 15 0 56.8244 76.9299
9 16 0 18.5768 77.3813
9 17 0 13.3324 94.0305
9 18 0 53.792 1.38713
9 19 0 44.5995 82.3649
9 20 0 99.1961 55.3757
9 21 0 34.3179 27.3984
9 22 0 47.9268 98.557
9 23 0 49.1949 47.2055
9 24 0 93.2057 98.2681
9 25 0 9.00672 16.1412
9 26 0 4.17408 36.635
9 27 0 88.3197 49.9266
9 28 0 78.3503 84.9563
9 29 0 45.1291 96.7348
9 30 0 44.4562 65.8021
9 31 0 19.7679 11.4419
9 32 0 13.4834 9.44241
9 33 0 11.7586 38.7855
9 34 0 26.6986 52.4676
9 35 0 99.0672 54.5199
9 36 0 75.2469 56.798
9 37 0 80.5998 13.5707
9 38 0 56.7692 29.9774
9 39 0 40.3451 81.07
9 40 0 37.7588 51.1524
10 1 0 58.0212 60.8846
10 2 0 69.3793 45.8446
10 3 0 68.5776 69.6391
10 4 1 83.6289 83.3707
10 5 1 15.4529 26.3912
10 6 0 65.6722 4.47529
10 7 0 69.8656 91.9841
10 8 1 20.1922 85.2762
10 9 0 82.7789 9.70064
10 11 1 60.1724 30.6265
10 12 0 19.9179 25.0148
10 13 1 41.6392 49.2827
10 14 0 20.3847 85.2329
10 15 0 40.7767 11.3496
10 16 1 33.7196 52.4885
10 17 1 74.659 55.1986
10 18 0 17.1158 87.9241
10 19 0 80.6992 32.7573
10 20 0 46.0147 90.5812
10 21 0 38.9232 93.9413
10 22 0 61.9791 38.5988
10 23 0 2.41214 26.6532
10 24 0 6.12778 52.0118
10 25 0 61.4009 19.5809
10 26 1 73.6963 95.1
10 27 1 30.7204 45.9675
10 28 0 48.6227 68.3083
10 29 1 7.57804 74.149
10 30 0 70.742 19.0215
10 31 0 96.4504 28.4689
10 32 0 73.4537 22.5651
10 33 1 25.8791 37.3792
10 34 0 4.17623 15.8794
10 35 0 20.5477 13.5191
10 36 1 25.6953 67.6578
10 37 0 89.1861 90.4675
10 38 0 64.7145 55.2892
10 39 0 27.6875 96.3464
10 40 0 77.7563 76.6638
11 1 0 52.7367 70.0878
11 2 0 58.1536 57.2435
11 3 0 82.2586 41.0286
11 4 0 30.1927 28.3087
11 5 0 49.4307 6.28398
11 6 1 81.5306 3.32817
11 7 0 57.2247 94.9061
11 8 0 94.4759 26.5339
11 9 0 61.1387 98.6758
11 10 0 44.9768 60.8326
11 12 1 46.4449 14.7823
11 13 0 99.8175 71.482
11 14 0 89.8348 10.9812
11 15 0 50.7226 78.522
11 16 0 57.202 24.5823
11 17 0 4.85802 8.85694
11 18 0 50.9495 83.7876
11 19 1 29.0788 92.0301
11 20 1 74.8258 86.4349
11 21 1 58.6118 74.4379
11 22 1 27.9099 88.0103
11 23 1 91.8037 82.8969
11 24 0 64.0966 66.8632
11 25 0 95.2991 98.6662
11 26 0 48.6638 85.9794
11 27 0 96.4217 47.2742
11 28 0 93.0824 62.5319
11 29 0 69.4207 42.6521
11 30 0 81.1781 3.485
11 31 0 86.6987 18.9772
11 32 0 18.1537 88.3207
11 33 0 17.5395 36.5662
11 34 0 77.6493 46.0933
11 35 0 44.473 88.29
11 36 0 32.824 94.6885
11 37 0 9.82512 50.3869
11 38 1 53.3114 44.1976
11 39 0 27.5031 92.5243
11 40 1 62.0259 69.2656
12 1 0 92.8748 33.2452
12 2 0 77.1619 71.414
12 3 0 4.52981 42.4255
12 4 0 81.7923 61.6998
12 5 0 60.0764 55.1561
12 6 1 87.2519 47.809
12 7 0 39.9582 30.8489
12 8 1 66.2565 72.3558
12 9 0 56.3275 36.9987
12 10 0 36.9407 29.6539
12 11 1 5.06273 11.8017
12 13 1 1.81042 57.7075
12 14 0 13.5967 61.0759
12 15 0 41.3135 67.3808
12 16 0 61.6416 4.43585
12 17 0 24.1773 89.2898
12 18 0 16.587 55.1541
12 19 0 51.0623 69.5445
12 20 0 83.1806 12.9209
12 21 0 36.9146 58.5193
12 22 0 73.7045 67.8133
12 23 0 36.5227 24.8668
12 24 0 48.1734 91.654
12 25 0 35.5335 6.61882
12 26 0 83.6457 28.1708
12 27 0 0.437209 55.2195
12 28 1 91.6919 3.1361
12 29 1 42.7035 36.1788
12 30 0 38.8735 67.1836
12 31 0 87.7238 57.1038
12 32 0 58.5369 55.986
12 33 0 12.6063 15.3504
12 34 1 65.4869 74.7876
12 35 0 54.1556 51.2505
12 36 0 69.0243 9.86897
12 37 0 59.2689 74.9337
12 38 0 20.0848 30.0901
12 39 0 7.94775 6.7481
12 40 0 85.4811 83.4537
13 1 0 48.4017 67.9541
13 2 0 33.6728 71.5156
13 3 0 26.3424 8.48306
13 4 1 27.702 75.0116
13 5 0 16.5923 54.9361
13 6 0 85.3989 26.4754
13 7 0 36.7008 51.9954
13 8 0 39.5459 24.3116
13 9 0 99.1831 43.5401
13 10 1 72.5209 60.9132
13 11 0 50.3649 38.5033
13 12 0 99.1313 75.0341
13 14 1 32.494 79.0435
13 15 0 87.5716 2.85546
13 16 0 70.454 35.7962
13 17 0 93.7023 7.98307
13 18 0 75.3488 57.8981
13 19 1 17.6328 62.3268
13 20 1 85.7984 27.5911
13 21 0 13.1184 87.5711
13 22 1 64.8857 57.6131
13 23 0 33.831 69.3621
13 24 0 3.44141 81.0947
13 25 1 51.9943 56.9215
13 26 1 81.5542 67.2057
13 27 0 48.6679 7.04951
13 28 0 30.9269 12.374
13 29 0 16.6381 4.85198
13 30 1 6.65549 93.6103
13 31 0 24.4444 76.9654
13 32 0 98.9519 79.6559
13 33 0 82.1419 89.2022
13 34 1 31.889 8.64921
13 35 0 16.6919 67.1948
13 36 0 24.1689 51.5599
13 37 1 87.0511 6.96507
13 38 1 58.7411 21.2034
13 39 0 54.0205 92.8301
13 40 0 97.0663 1.9568
14 1 0 67.5238 79.0454
14 2 0 73.8569 17.1059
14 3 0 28.4097 89.8537
14 4 0 92.1952 98.1568
14 5 1 71.8065 53.3745
14 6 1 17.973 99.5352
14 7 0 73.5117 50.2571
14 8 0 43.1615 32.9736
14 9 0 87.8622 44.8035
14 10 0 39.7881 90.2307
14 11 0 21.351 32.4062
14 12 1 22.4147 1.93029
14 13 0 10.5658 24.4675
14 15 1 80.7533 69.3158
14 16 0 32.9053 25.7981
14 17 0 67.4168 90.8198
14 18 0 45.6026 30.0842
14 19 1 58.2795 15.5992
14 20 0 48.8511 72.0373
14 21 0 57.8445 47.2669
14 22 1 83.8571 34.2245
14 23 0 73.1164 85.146
14 24 0 18.1449 65.2128
14 25 1 13.1444 77.4773
14 26 0 61.4669 87.9525
14 27 0 46.3021 10.1318
14 28 0 22.2576 42.3394
14 29 0 32.2923 15.6915
14 30 0 6.37913 87.9296
14 31 0 6.91897 75.7519
14 32 0 18.2562 49.6326
14 33 1 69.2159 82.2099
14 34 0 86.9883 20.4383
14 35 0 78.9998 87.6081
14 36 0 10.0914 94.912
14 37 0 36.0414 74.4843
14 38 0 47.9866 43.4749
14 39 1 86.8249 55.603
14 40 0 71.0709 70.5147
15 1 0 5.76968 30.3447
15 2 1 41.4529 90.1424
15 3 0 60.5632 86.6404
15 4 0 37.3329 18.8243
15 5 0 88.2212 7.72218
15 6 0 85.6288 87.4628
15 7 0 25.3201 25.8789
15 8 0 66.6381 2.62217
15 9 0 14.0609 49.6586
15 10 0 11.0571 49.3734
15 11 0 79.1984 75.3906
15 12 0 87.9681 86.2884
15 13 0 94.2499 7.92082
15 14 0 11.0714 41.5843
15 16 1 58.9014 23.7746
15 17 0 66.5185 11.762
15 18 1 50.1538 61.436
15 19 0 98.925 84.2286
15 20 0 10.7958 18.5523
15 21 1 86.8105 20.3127
15 22 0 24.733 47.0186
15 23 1 90.0936 90.0354
15 24 0 20.964 19.666
15 25 0 90.8748 2.24476
15 26 0 37.0374 62.2762
15 27 0 74.2247 80.3261
15 28 0 75.2049 24.6735
15 29 1 51.4135 88.284
15 30 0 69.6353 59.2988
15 31 0 55.327 21.8749
15 32 0 41.1085 35.6807
15 33 0 36.5338 16.4106
15 34 0 89.8502 8.98449
15 35 0 23.5376 5.40581
15 36 0 47.1901 98.7566
15 37 0 34.4752 40.0626
15 38 0 97.2304 11.1732
15 39 0 59.8547 89.3485
15 40 1 23.2685 33.3747
16 1 0 93.8291 1.75039
16 2 0 42.3685 85.3139
16 3 0 9.01989 48.7955
16 4 0 31.4442 27.7182
16 5 0 2.91059 25.2075
16 6 0 61.937 73.6869
16 7 0 68.1846 85.9724
16 8 0 31.0626 55.3602
16 9 0 14.8889 49.6455
16 10 0 35.1809 38.1552
16 11 0 55.5571 7.95957
16 12 0 0.494379 20.9123
16 13 0 65.6693 20.7127
16 14 0 98.3181 83.2822
16 15 0 48.2875 40.8764
16 17 1 72.4905 41.9335
16 18 0 11.6565 64.8804
16 19 1 77.9183 79.8268
16 20 0 10.6599 85.9172
16 21 0 47.1776 48.637
16 22 1 27.2704 75.8601
16 23 0 55.6405 24.8437
16 24 0 84.9379 11.1819
16 25 0 33.4129 76.5039
16 26 0 12.814 6.2404
16 27 0 31.8152 73.7448
16 28 0 40.7751 35.3334
16 29 1 73.9082 18.077
16 30 0 69.9142 20.9687
16 31 0 80.3356 24.3472
16 32 0 44.3102 82.476
16 33 0 54.7504 2.97286
16 34 0 40.3533 28.4438
16 35 0 62.4675 45.9523
16 36 0 3.38539 42.4294
16 37 0 80.2782 60.9637
16 38 0 33.4815 70.2735
16 39 0 65.2087 92.3631
16 40 0 74.1963 70.8151
17 1 0 69.3379 80.0267
17 2 0 62.8925 0.11361
17 3 1 40.2532 16.8371
17 4 0 23.1593 25.41
17 5 0 79.3253 55.1636
17 6 0 6.81293 45.6215
17 7 1 75.8501 92.7889
17 8 0 13.92 8.1617
17 9 0 7.19136 37.7928
17 10 1 78.7271 81.2422
17 11 1 90.1635 97.7891
17 12 0 51.2937 28.6255
17 13 0 60.2535 81.0253
17 14 0 38.6562 60.4904
17 15 0 87.4062 61.9016
17 16 0 17.2928 83.359
17 18 1 75.9312 94.8034
17 19 0 66.1637 64.6865
17 20 0 48.1772 17.2369
17 21 0 78.1659 71.6266
17 22 0 83.4306 73.624
17 23 0 28.3504 47.7521
17 24 0 32.3634 79.2471
17 25 1 4.83967 35.746
17 26 0 94.9549 68.8954
17 27 0 19.8949 13.059
17 28 1 96.3368 23.7605
17 29 0 9.51426 1.60873
17 30 0 53.9881 40.8503
17 31 0 65.8549 2.52049
17 32 1 74.3608 98.1292
17 33 0 35.8725 61.853
17 34 0 17.2538 14.0264
17 35 0 33.7376 67.8113
17 36 0 79.4955 66.2422
17 37 0 65.9309 27.6185
17 38 0 7.11177 28.6451
17 39 1 70.2138 64.148
17 40 0 9.75531 56.0548
18 1 0 52.9716 37.7401
18 2 0 67.61 45.7458
18 3 0 34.5649 97.4366
18 4 0 33.2397 22.347
18 5 0 1.92531 5.05731
18 6 0 51.0054 91.4231
18 7 0 84.3553 17.2593
18 8 0 1.18507 13.2988
18 9 1 88.8046 29.6203
18 10 0 17.5146 82.9153
18 11 0 59.2373 41.5449
18 12 0 86.9656 56.8344
18 13 0 38.837 28.9416
18 14 0 85.782 1.12531
18 15 0 4.2803 16.2743
18 16 1 80.8657 21.7352
18 17 0 58.7216 65.9548
18 19 1 14.5605 13.1687
18 20 0 12.7191 3.77825
18 21 0 72.8004 64.128
18 22 0 27.5976 57.5877
18 23 0 34.0418 21.3926
18 24 1 88.1769 7.84315
18 25 0 32.285 76.688
18 26 1 9.03333 79.9007
18 27 0 32.862 83.6681
18 28 0 83.6926 37.5109
18 29 0 73.7258 71.436
18 30 0 88.2886 27.6949
18 31 0 23.2512 33.4493
18 32 0 35.4489 90.2141
18 33 1 37.1564 0.237414
18 34 1 92.5176 8.47768
18 35 0 33.3129 46.6712
18 36 0 27.0098 25.3129
18 37 0 66.9548 27.1879
18 38 0 59.9475 41.1627
18 39 0 20.7584 26.9067
18 40 0 6.08671 21.6561
19 1 0 37.7674 6.72617
19 2 1 39.0314 99.852
19 3 0 36.2527 34.2069
19 4 0 43.9273 46.2132
19 5 0 24.2676 12.7352
19 6 0 85.0296 46.2126
19 7 0 1.00183 69.9205
19 8 0 9.25402 50.3973
19 9 0 22.1709 32.3557
19 10 0 98.4958 30.2356
19 11 0 14.6265 44.8806
19 12 1 55.9581 16.2835
19 13 0 94.4313 84.3641
19 14 1 99.3844 2.15602
19 15 0 4.78618 46.195
19 16 0 23.3377 0.188763
19 17 0 34.117 55.9158
19 18 0 45.9895 76.3415
19 20 1 85.7468 94.7026
19 21 0 19.3301 49.7207
19 22 1 56.1268 88.4979
19 23 1 89.9921 4.73292
19 24 0 88.4741 39.0451
19 25 0 85.875 36.2439
19 26 0 91.5954 9.21805
19 27 0 69.3516 52.8127
19 28 0 11.3076 86.2133
19 29 0 46.4976 9.43531
19 30 0 68.3863 73.6407
19 31 0 25.1942 82.2151
19 32 0 46.2858 20.7209
19 33 0 29.5277 22.5176
19 34 0 17.4617 14.6227
19 35 0 27.7071 53.8119
19 36 1 46.9215 65.7332
19 37 0 81.702 19.8928
19 38 0 53.7132 36.0249
19 39 0 98.5533 51.2417
19 40 0 59.7453 42.6315
20 1 0 38.2612 73.769
20 2 0 98.8823 92.0008
20 3 0 40.7628 99.6919
20 4 0 61.8415 23.4504
20 5 0 0.324769 69.9642
20 6 1 81.1187 76.503
20 7 0 57.3243 78.4875
20 8 0 48.6897 81.3888
20 9 1 73.1435 57.0855
20 10 0 58.2132 16.0711
20 11 1 13.6586 72.5424
20 12 1 41.2679 86.2695
20 13 0 29.0509 6.99598
20 14 0 57.0772 18.4591
20 15 0 68.0427 62.6169
20 16 0 71.9312 67.3657
20 17 0 36.0307 18.5045
20 18 0 14.7196 11.4887
20 19 0 93.2664 81.412
20 21 1 8.94823 32.2991
20 22 0 62.0119 87.6515
20 23 0 59.2732 26.4433
20 24 1 37.935 35.1772
20 25 0 58.3925 21.5139
20 26 0 72.7852 5.46924
20 27 0 37.0089 33.1964
20 28 1 89.4502 58.5809
20 29 0 0.6477 41.7661
20 30 0 4.26852 12.0894
20 31 0 39.3601 12.8109
20 32 0 0.180643 88.013
20 33 0 69.0447 68.8296
20 34 0 59.4557 90.5707
20 35 0 82.0951 24.4973
20 36 1 23.3309 67.7391
20 37 0 25.7603 48.2698
20 38 0 42.1832 33.5174
20 39 0 28.8112 24.5022
20 40 0 30.2278 43.4205
21 1 0 49.1211 58.7237
21 2 0 60.5602 8.17866
21 3 1 65.3287 82.8114
21 4 0 57.5289 12.9407
21 5 1 36.0654 7.08779
21 6 0 34.7469 32.0455
21 7 0 73.8537 81.086
21 8 0 51.6175 29.6626
21 9 0 38.9405 59.267
21 10 0 9.76547 52.8727
21 11 0 72.3407 83.2874
21 12 0 54.4172 89.1465
21 13 0 23.207 4.87555
21 14 0 98.5587 35.7485
21 15 0 1.9652 23.5278
21 16 0 28.2259 12.5194
21 17 0 77.6901 85.6392
21 18 1 85.7544 15.4925
21 19 0 85.895 93.1619
21 20 0 99.6342 31.7081
21 22 1 79.031 22.0105
21 23 0 40.9718 33.9319
21 24 0 79.3211 42.6838
21 25 0 80.071 13.3964
21 26 1 90.2556 39.2227
21 27 1 90.7818 93.8453
21 28 1 16.1415 30.9891
21 29 1 96.6944 91.7674
21 30 1 97.695 15.0796
21 31 0 48.4039 4.92832
21 32 0 36.9215 35.7722
21 33 0 58.7288 23.4208
21 34 0 55.4634 28.4521
21 35 1 24.5719 51.2188
21 36 0 73.7047 38.1021
21 37 0 28.5523 30.2726
21 38 0 32.4797 72.7407
21 39 0 53.8685 2.52963
21 40 0 72.848 17.4074
22 1 0 84.8152 71.0902
22 2 0 52.4989 26.8462
22 3 1 89.3958 19.1065
22 4 0 72.6654 31.2451
22 5 0 55.2906 9.71854
22 6 0 37.1128 69.4893
22 7 0 1.56186 92.2401
22 8 0 66.0339 33.57
22 9 1 74.2451 94.1201
22 10 0 80.2876 91.8993
22 11 0 26.7015 61.1584
22 12 0 75.4971 86.4003
22 13 0 86.1903 71.2286
22 14 0 69.402 32.8649
22 15 0 92.3345 89.5929
22 16 0 87.1539 22.1715
22 17 1 5.62915 98.4157
22 18 0 33.5461 18.1155
22 19 1 78.2732 87.4155
22 20 0 39.259 70.6101
22 21 0 75.6511 44.192
22 23 1 5.49762 86.2455
22 24 0 64.6086 35.3076
22 25 0 51.5413 55.8992
22 26 0 38.6332 34.0345
22 27 0 0.647899 35.6411
22 28 1 53.9844 91.6911
22 29 0 93.4079 77.8278
22 30 0 51.6559 79.3533
22 31 0 61.3079 53.388
22 32 1 39.6711 53.0187
22 33 0 1.81596 52.3664
22 34 0 20.8593 48.793
22 35 0 43.8804 54.0894
22 36 0 9.96948 53.6591
22 37 0 68.7528 76.5132
22 38 0 9.12427 33.913
22 39 0 89.8306 86.0232
22 40 0 7.69205 90.8843
23 1 1 86.7813 23.4268
23 2 0 79.9551 29.124
23 3 0 88.0169 25.3116
23 4 0 32.5091 78.7499
23 5 0 98.488 75.2516
23 6 0 67.3947 37.775
23 7 0 15.0893 21.4857
23 8 0 92.9682 49.0703
23 9 0 12.8536 24.3932
23 10 1 34.6853 91.0993
23 11 0 6.15541 22.4841
23 12 0 76.2467 93.9415
23 13 0 89.2345 88.0156
23 14 0 29.9921 20.1124
23 15 0 89.1758 95.0125
23 16 0 97.6406 72.628
23 17 0 95.4429 39.4515
23 18 1 2.21142 99.4583
23 19 0 96.2441 87.1178
23 20 0 36.7075 5.61805
23 21 0 35.9617 70.6584
23 22 0 90.1914 14.7955
23 24 1 42.4495 11.7233
23 25 0 53.5842 60.483
23 26 0 81.5442 51.3519
23 27 0 78.8659 63.2608
23 28 0 86.8882 90.7329
23 29 0 45.5338 74.2088
23 30 0 52.8425 28.1013
23 31 0 30.1531 0.611562
23 32 0 46.0762 61.5867
23 33 0 57.6773 45.7928
23 34 0 50.1739 68.262
23 35 0 82.0755 69.0518
23 36 0 48.6124 71.9072
23 37 0 3.43319 17.1721
23 38 0 8.14345 89.084
23 39 0 80.8559 58.9962
23 40 1 28.2997 34.125
24 1 0 42.1876 85.1077
24 2 0 47.7165 69.3007
24 3 0 26.3125 38.6223
24 4 1 26.5546 99.2542
24 5 0 56.1981 65.0366
24 6 0 72.0205 47.6885
24 7 0 5.23825 75.6407
24 8 0 33.8888 36.9251
24 9 1 77.8125 91.4633
24 10 0 66.9125 0.625761
24 11 0 8.55207 1.47168
24 12 0 69.6085 86.8517
24 13 0 37.8346 36.0761
24 14 0 8.10949 27.6212
24 15 0 17.7513 10.7754
24 16 0 96.3469 37.2432
24 17 0 48.4376 59.9349
24 18 0 38.648 34.5404
24 19 0 16.9944 10.1323
24 20 1 95.7118 60.5647
24 21 0 27.4374 94.1284
24 22 0 20.7518 34.523
24 23 0 75.1266 15.578
24 25 1 32.7576 19.9482
24 26 1 94.7572 49.8563
24 27 1 36.5357 18.088
24 28 0 47.5579 33.4387
24 29 1 40.7182 61.5479
24 30 0 89.3282 76.985
24 31 0 5.82459 5.8385
24 32 1 92.4136 36.6021
24 33 0 56.0324 2.08032
24 34 1 75.8403 15.9814
24 35 1 57.9021 27.5442
24 36 1 33.8479 25.2371
24 37 0 83.2625 66.455
24 38 0 47.4877 69.6816
24 39 0 34.8616 30.821
24 40 0 50.4334 6.47353
25 1 0 82.0698 38.423
25 2 0 4.26675 8.09711
25 3 1 60.4981 69.6872
25 4 0 82.5197 58.4154
25 5 0 61.0142 47.1566
25 6 0 7.50327 90.5115
25 7 0 25.5367 3.75719
25 8 0 56.3436 7.55118
25 9 0 65.2785 20.8445
25 10 1 78.352 52.2455
25 11 0 10.6383 38.9271
25 12 1 23.3973 32.3806
25 13 0 56.2435 35.9206
25 14 0 67.3822 12.6637
25 15 0 23.2949 63.9212
25 16 0 76.4293 64.5754
25 17 0 92.1619 88.998
25 18 0 92.3405 48.8083
25 19 0 62.0364 92.1074
25 20 1 97.5525 29.3025
25 21 1 46.9945 87.0453
25 22 0 11.223 99.0278
25 23 0 4.09213 88.0862
25 24 0 66.4965 51.3727
25 26 1 98.9506 27.4334
25 27 0 31.6646 9.74802
25 28 1 35.6223 19.9903
25 29 0 25.3721 43.1797
25 30 0 13.0783 76.8314
25 31 0 37.1533 58.2381
25 32 0 78.0499 40.6076
25 33 0 80.9669 42.7633
25 34 0 10.5911 53.0164
25 35 0 68.5786 58.6976
25 36 1 60.4796 13.7306
25 37 0 42.9899 94.5909
25 38 0 18.8509 87.303
25 39 0 66.0712 59.0415
25 40 0 59.6432 31.513
26 1 0 23.2573 22.3421
26 2 0 11.2096 30.1052
26 3 0 17.2107 81.8742
26 4 0 91.7199 82.2587
26 5 0 45.68 62.0105
26 6 0 46.7028 17.752
26 7 0 13.4383 90.8114
26 8 0 69.2468 2.74778
26 9 1 45.9343 39.5842
26 10 0 56.7099 70.5874
26 11 0 7.26218 34.0775
26 12 0 64.3668 75.0189
26 13 0 55.3764 46.2613
26 14 0 46.4257 23.178
26 15 0 79.9783 42.8967
26 16 0 85.8046 61.9177
26 17 1 60.2239 49.2671
26 18 0 84.9464 21.759
26 19 0 99.3405 20.4649
26 20 0 10.1733 65.1238
26 21 0 81.4983 89.2278
26 22 0 7.52053 16.5145
26 23 0 4.10819 32.0277
26 24 0 0.788986 46.2474
26 25 0 93.9399 11.33
26 27 1 72.304 94.3561
26 28 0 48.6043 91.0668
26 29 0 86.8845 89.9765
26 30 0 95.7961 52.1136
26 31 0 65.3672 51.3019
26 32 0 46.2911 57.8688
26 33 0 78.8464 69.2554
26 34 1 72.2734 61.965
26 35 0 28.6337 45.0005
26 36 0 98.262 72.5875
26 37 0 45.1787 24.4501
26 38 0 32.4724 23.3216
26 39 0 83.2973 65.3815
26 40 0 26.0988 43.122
27 1 0 84.5284 65.7788
27 2 0 26.457 34.9413
27 3 0 0.369953 4.49185
27 4 0 59.6755 21.1694
27 5 0 15.6361 35.7079
27 6 0 42.2427 90.7469
27 7 0 85.0324 71.806
27 8 0 17.7929 92.8524
27 9 0 42.0819 79.2566
27 10 1 69.7804 78.5171
27 11 0 9.17951 67.5093
27 12 1 42.0628 17.2066
27 13 1 45.5854 72.6022
27 14 0 68.9052 14.3551
27 15 1 54.4287 38.6203
27 16 0 14.0524 44.9373
27 17 0 22.6399 20.8434
27 18 0 94.7868 15.8206
27 19 0 62.6421 6.2999
27 20 1 25.6341 23.7649
27 21 0 45.0865 66.6955
27 22 0 28.7264 77.2717
27 23 0 33.4616 79.8067
27 24 0 89.8154 28.0524
27 25 0 26.6116 78.3548
27 26 0 58.5989 70.4763
27 28 1 55.6744 50.4759
27 29 1 10.1551 0.95939
27 30 0 18.9639 35.3034
27 31 0 39.2207 96.2444
27 32 0 50.9069 17.0091
27 33 0 29.17 8.96522
27 34 0 25.1482 78.388
27 35 0 55.6184 70.2894
27 36 1 1.61258 53.4249
27 37 0 69.0689 57.3236
27 38 0 4.39163 24.4596
27 39 0 48.6559 67.7372
27 40 0 47.0772 59.9453
28 1 0 97.6768 70.6563
28 2 0 88.4256 12.2166
28 3 0 83.7006 77.9213
28 4 0 27.6552 1.49167
28 5 0 94.5582 28.0457
28 6 0 80.062 95.3514
28 7 0 64.3767 8.7535
28 8 0 20.1499 20.5943
28 9 0 58.1157 91.4624
28 10 0 77.8354 56.3258
28 11 0 56.8386 83.926
28 12 0 96.4362 10.6473
28 13 0 72.6806 25.4477
28 14 0 79.7307 23.0645
28 15 1 42.6372 45.0571
28 16 0 18.8093 51.8588
28 17 0 6.78863 49.9689
28 18 1 83.3473 23.7083
28 19 1 12.889 47.6974
28 20 0 76.4684 74.8927
28 21 0 3.85455 82.4449
28 22 0 45.1834 66.9788
28 23 0 71.4182 75.3236
28 24 0 28.3778 0.00101929
28 25 1 68.7627 17.1311
28 26 1 79.1084 20.0643
28 27 0 40.186 74.206
28 29 1 66.2146 28.6852
28 30 1 82.5242 65.6668
28 31 0 86.7748 58.5179
28 32 0 99.8145 75.9604
28 33 1 67.0302 10.9737
28 34 1 15.1493 11.9027
28 35 1 23.8095 36.0922
28 36 0 4.83463 64.7176
28 37 1 18.7744 12.2419
28 38 1 92.6432 1.26586
28 39 0 26.1575 35.0495
28 40 0 25.4878 75.2891
29 1 0 27.4869 80.9922
29 2 0 72.6667 74.7066
29 3 1 64.779 32.4433
29 4 0 2.74926 25.8388
29 5 0 93.7543 49.2799
29 6 0 69.9212 60.7532
29 7 1 97.4727 63.1681
29 8 1 98.3266 83.3578
29 9 0 54.8323 50.5598
29 10 0 40.2091 0.0461054
29 11 0 54.8343 9.63717
29 12 0 2.69469 95.0741
29 13 1 86.6175 44.4898
29 14 0 13.5478 50.4968
29 15 0 93.061 2.12919
29 16 0 77.2968 85.2345
29 17 0 65.6702 59.0033
29 18 0 74.3377 63.2166
29 19 1 66.393 20.5872
29 20 0 14.7449 10.9735
29 21 0 69.7265 35.4337
29 22 0 33.5369 71.8976
29 23 0 65.4182 81.7332
29 24 0 66.6143 9.00828
29 25 0 12.2601 39.2738
29 26 1 2.63926 67.4333
29 27 0 16.8184 1.94938
29 28 1 82.9027 7.06042
29 30 1 55.5918 34.8463
29 31 0 58.8039 79.8456
29 32 1 83.3444 6.9127
29 33 0 20.3853 60.919
29 34 0 15.0757 31.3513
29 35 1 15.3897 89.8164
29 36 0 23.6809 42.6761
29 37 1 75.6011 47.7311
29 38 0 16.7142 4.32149
29 39 0 50.9562 82.9545
29 40 0 99.87 69.2566
30 1 0 66.7105 66.8784
30 2 0 93.7921 11.4792
30 3 0 80.8493 37.8997
30 4 0 24.386 50.1643
30 5 0 69.0391 80.4193
30 6 0 31.2878 5.2336
30 7 1 54.7914 64.0701
30 8 0 54.5839 95.1132
30 9 0 47.5422 65.5658
30 10 0 54.2492 59.8088
30 11 0 41.3309 29.3507
30 12 0 6.24101 94.4013
30 13 0 27.656 6.1467
30 14 0 9.86294 32.8113
30 15 0 64.4041 97.7598
30 16 1 79.8652 9.87187
30 17 1 84.2725 78.5685
30 18 0 92.32 12.2706
30 19 0 93.6822 37.2764
30 20 0 17.2936 63.7119
30 21 0 79.018 7.58742
30 22 0 24.1809 61.1667
30 23 0 67.4439 21.8394
30 24 0 28.8897 67.611
30 25 0 75.5696 28.8319
30 26 1 40.3153 54.3234
30 27 0 89.7221 24.0188
30 28 1 76.4927 22.1729
30 29 1 48.8957 41.5111
30 31 1 35.0293 95.7185
30 32 0 31.758 13.3513
30 33 0 13.4675 51.6016
30 34 0 4.43083 9.28853
30 35 0 73.2706 82.6387
30 36 0 17.3447 25.4662
30 37 0 42.0049 43.4167
30 38 0 99.0821 95.2154
30 39 0 68.5029 51.363
30 40 0 9.91503 23.1326
31 1 0 50.5437 77.6578
31 2 0 55.3858 82.5612
31 3 0 14.7319 37.7836
31 4 0 28.9893 0.732391
31 5 0 41.9438 31.2049
31 6 0 41.3739 24.3279
31 7 1 48.0651 15.1301
31 8 0 37.3111 57.2573
31 9 0 88.4137 43.5827
31 10 0 42.5428 35.273
31 11 0 29.8841 69.0369
31 12 0 3.97739 11.0209
31 13 0 22.8811 88.5208
31 14 1 79.6638 48.7478
31 15 0 76.098 54.9988
31 16 0 16.644 79.16
31 17 1 41.8303 4.80684
31 18 0 7.44762 85.8958
31 19 0 54.3813 64.4579
31 20 1 92.9315 3.59866
31 21 0 53.6706 98.7273
31 22 0 26.8375 7.85609
31 23 0 58.8059 89.1675
31 24 0 92.4194 62.2915
31 25 0 57.6209 8.57722
31 26 0 60.1273 92.7995
31 27 0 40.2238 79.763
31 28 0 89.6616 68.4119
31 29 0 74.4694 4.67212
31 30 0 62.5955 83.146
31 32 1 34.3104 45.9967
31 33 0 69.3062 60.9258
31 34 0 28.8162 88.7365
31 35 1 72.1481 80.561
31 36 1 55.3708 88.9544
31 37 0 33.6291 16.4242
31 38 0 96.8627 76.7901
31 39 0 49.4546 91.7908
31 40 0 62.8986 48.2828
32 1 0 17.3508 33.8604
32 2 1 38.7428 40.2694
32 3 0 77.4519 92.2335
32 4 0 64.4992 7.25651
32 5 0 41.3142 94.3802
32 6 0 49.7619 32.6138
32 7 0 85.7048 29.3149
32 8 0 66.1611 6.72217
32 9 0 81.8037 0.82475
32 10 0 8.83068 68.7479
32 11 0 48.0233 56.527
32 12 0 4.8712 29.5129
32 13 0 93.0336 94.6576
32 14 0 58.9606 61.5737
32 15 0 51.6368 9.49702
32 16 0 22.9781 63.0548
32 17 0 16.482 91.9904
32 18 0 67.9943 46.4807
32 19 0 17.3531 79.4913
32 20 0 56.0831 41.1536
32 21 0 28.2108 24.1068
32 22 0 0.411677 65.8265
32 23 0 39.7662 60.1874
32 24 0 79.8312 58.5765
32 25 0 13.2364 69.8372
32 26 0 99.3993 40.7606
32 27 0 71.4037 17.2631
32 28 0 72.214 48.5337
32 29 0 19.0473 60.2445
32 30 0 21.6234 22.1142
32 31 1 81.1907 40.8963
32 33 1 70.1861 34.9909
32 34 0 50.6745 63.3986
32 35 0 40.9585 58.8586
32 36 0 44.7436 73.4004
32 37 0 41.0709 65.6137
32 38 0 21.7383 46.111
32 39 0 72.7669 51.0377
32 40 0 86.1832 40.5078
33 1 0 59.3404 94.7193
33 2 0 23.3439 34.2035
33 3 1 90.3347 69.7861
33 4 0 15.4993 39.8405
33 5 0 62.1618 48.2122
33 6 0 59.5334 88.05
33 7 0 65.1843 68.8314
33 8 0 39.9444 80.1101
33 9 0 69.0121 90.6002
33 10 1 33.9767 62.7845
33 11 0 39.3455 60.33
33 12 0 5.43745 57.1881
33 13 0 24.7062 86.8151
33 14 1 92.5697 9.80496
33 15 0 37.581 95.7196
33 16 0 41.6753 1.74035
33 17 0 68.7891 73.1219
33 18 0 87.2843 1.85401
33 19 1 6.77818 0.621449
33 20 0 8.34155 31.3958
33 21 0 10.6727 50.1386
33 22 0 74.1252 8.03524
33 23 0 14.2564 10.4345
33 24 0 20.418 75.0529
33 25 0 38.3361 5.61119
33 26 0 92.8273 49.4157
33 27 0 20.2649 60.1334
33 28 0 41.6743 46.0407
33 29 0 49.2243 65.9075
33 30 0 96.372 43.9711
33 31 0 80.0194 10.1177
33 32 0 93.0183 91.3627
33 34 1 1.89822 36.0948
33 35 0 21.513 19.934
33 36 0 19.2662 57.274
33 37 1 81.6917 6.52508
33 38 0 52.8475 41.9284
33 39 1 47.1543 39.1146
33 40 0 36.6972 10.3207
34 1 1 37.5245 37.3181
34 2 0 20.3017 30.5743
34 3 1 92.0947 53.8129
34 4 1 77.3635 91.2577
34 5 0 22.493 5.38585
34 6 0 33.5289 44.9317
34 7 0 87.5612 82.7059
34 8 0 18.5233 29.2977
34 9 0 78.2583 6.67806
34 10 0 30.4086 83.9332
34 11 0 72.2212 76.0037
34 12 0 3.3506 33.5125
34 13 0 36.5344 96.7237
34 14 0 68.0952 14.7022
34 15 1 89.2829 46.524
34 16 0 58.9078 80.3163
34 17 0 20.9432 44.1771
34 18 0 69.8892 24.043
34 19 0 13.4888 59.7334
34 20 0 13.5921 2.86845
34 21 0 4.93058 69.5066
34 22 0 32.9056 18.7805
34 23 0 12.3674 61.8878
34 24 0 47.6501 55.4419
34 25 0 26.2253 38.0868
34 26 0 3.79366 15.5755
34 27 0 7.70431 2.48849
34 28 0 76.3255 11.625
34 29 1 92.9238 77.9557
34 30 0 27.8392 24.8453
34 31 0 49.5529 47.8227
34 32 0 20.9704 67.1329
34 33 0 39.1696 47.6815
34 35 1 38.1173 75.7737
34 36 0 40.5573 69.7924
34 37 0 99.5394 82.1264
34 38 0 53.8675 66.444
34 39 0 86.7003 33.9796
34 40 1 5.64709 82.2979
35 1 0 36.2805 84.1488
35 2 0 43.8291 81.5971
35 3 0 55.9629 2.54193
35 4 1 65.2755 15.4537
35 5 0 10.6982 57.8756
35 6 1 22.831 48.4491
35 7 1 69.7038 95.1855
35 8 0 23.556 29.3153
35 9 0 9.62133 94.4781
35 10 1 92.8964 4.83789
35 11 1 38.2092 15.2841
35 12 0 59.3772 75.4013
35 13 0 52.6632 81.3858
35 14 1 14.2873 22.2949
35 15 0 68.2994 1.03127
35 16 0 36.2393 11.0178
35 17 0 52.4132 30.2237
35 18 0 55.8868 10.3408
35 19 0 92.8562 95.3006
35 20 0 95.9752 98.4463
35 21 0 70.2404 99.9129
35 22 0 5.64606 67.9617
35 23 0 13.7176 88.6788
35 24 0 89.4563 84.237
35 25 0 73.4547 73.4388
35 26 1 69.9074 44.6975
35 27 0 6.79394 63.5597
35 28 0 66.302 71.2052
35 29 1 92.7199 50.5137
35 30 0 60.5521 35.4996
35 31 0 95.6896 0.678686
35 32 0 98.5605 57.7792
35 33 0 53.0175 70.0888
35 34 0 38.1534 42.9664
35 36 1 44.14 14.7226
35 37 0 9.30522 96.7246
35 38 0 78.2571 74.0565
35 39 0 57.3471 11.2699
35 40 0 52.8851 25.2736
36 1 1 22.9737 28.5854
36 2 1 93.3162 16.4708
36 3 0 12.251 42.0948
36 4 1 64.9727 91.0532
36 5 1 33.5154 24.3658
36 6 0 86.3582 85.6404
36 7 0 84.7869 66.9468
36 8 0 15.5597 90.3892
36 9 0 39.244 71.6431
36 10 0 19.1656 57.7076
36 11 0 33.8752 67.6062
36 12 0 61.3504 8.46247
36 13 0 2.15035 93.8458
36 14 0 55.3627 48.9324
36 15 1 16.2847 83.1978
36 16 0 63.358 5.89107
36 17 0 70.9027 86.2139
36 18 0 35.5613 89.6774
36 19 0 43.627 28.6868
36 20 0 6.58872 18.2262
36 21 0 32.9767 28.2768
36 22 0 69.123 23.7547
36 23 0 8.54303 57.8443
36 24 1 37.6256 76.3036
36 25 0 66.5296 51.0248
36 26 0 67.5797 36.3954
36 27 1 27.0305 97.2019
36 28 0 81.3798 33.0035
36 29 0 36.4499 24.2924
36 30 0 82.7403 28.2805
36 31 1 35.624 10.3367
36 32 0 33.294 73.5236
36 33 0 72.9755 6.75751
36 34 0 19.8272 33.1637
36 35 0 63.7335 88.6815
36 37 1 46.8079 41.0467
36 38 0 97.1341 48.0251
36 39 0 83.5261 80.912
36 40 0 71.7255 90.2281
37 1 0 98.6127 72.0465
37 2 0 46.8486 62.8812
37 3 1 39.9921 31.2403
37 4 0 49.9391 20.4036
37 5 0 49.9871 97.7295
37 6 0 81.4763 50.8472
37 7 0 83.9335 14.997
37 8 1 27.9741 56.5448
37 9 0 51.7663 10.4818
37 10 0 27.9033 23.0537
37 11 1 10.1253 69.4544
37 12 0 11.196 39.3036
37 13 0 98.4606 58.8361
37 14 0 22.7486 38.4052
37 15 0 70.8535 74.182
37 16 0 70.6445 82.2544
37 17 0 89.3723 88.2951
37 18 0 73.7026 78.3889
37 19 0 41.4211 97.1844
37 20 0 15.6445 25.3
37 21 0 21.2815 11.77
37 22 0 64.2227 76.8721
37 23 0 91.2804 68.3296
37 24 0 35.0337 33.9462
37 25 0 89.9516 79.386
37 26 0 80.9815 63.2916
37 27 0 38.8414 49.3886
37 28 1 87.9503 55.6969
37 29 0 78.989 56.3253
37 30 0 68.062 77.6848
37 31 0 2.21049 61.5826
37 32 1 25.4878 39.475
37 33 0 16.9928 48.4021
37 34 0 94.3593 30.1656
37 35 0 40.8748 73.8038
37 36 0 72.2255 94.672
37 38 1 73.2386 53.1052
37 39 0 62.5732 17.6841
37 40 0 10.3817 44.5535
38 1 0 27.5799 13.7332
38 2 0 6.40281 16.4835
38 3 0 83.7895 97.4194
38 4 0 61.5166 42.7477
38 5 0 50.0878 84.7478
38 6 1 75.7671 44.8616
38 7 0 48.8689 27.4535
38 8 0 72.3763 60.9899
38 9 0 62.9723 30.0689
38 10 0 75.1216 91.2064
38 11 0 96.2476 57.3188
38 12 0 66.1696 11.413
38 13 0 19.9773 57.9022
38 14 0 96.4366 73.1129
38 15 0 20.4427 5.98513
38 16 0 83.028 76.2328
38 17 0 81.9899 18.1966
38 18 0 78.9093 83.0857
38 19 0 27.5552 81.3257
38 20 0 61.5754 57.72
38 21 0 4.84669 28.7892
38 22 0 85.7821 24.424
38 23 1 11.9859 89.8984
38 24 1 68.5227 39.0113
38 25 0 80.2394 68.1226
38 26 0 54.1025 18.2226
38 27 0 67.434 24.4516
38 28 0 15.5926 46.4302
38 29 0 46.794 1.83437
38 30 0 35.0918 72.9022
38 31 0 44.7599 60.7903
38 32 0 60.4901 75.6961
38 33 0 91.89 29.4951
38 34 0 85.8597 23.5822
38 35 0 20.1527 2.79771
38 36 1 52.0187 16.9155
38 37 0 58.3743 81.6745
38 39 1 97.2144 21.2953
38 40 0 35.2648 20.606
39 1 0 57.457 27.9181
39 2 0 31.4092 30.2122
39 3 0 16.6443 93.8776
39 4 0 12.0287 92.1629
39 5 0 5.74258 93.9176
39 6 0 95.1461 98.6128
39 7 0 52.1897 44.3641
39 8 1 20.7849 21.0339
39 9 0 52.17 20.0248
39 10 0 80.9861 97.9208
39 11 0 64.9275 90.2502
39 12 0 83.4903 51.6966
39 13 1 28.1939 40.7031
39 14 1 33.4724 10.712
39 15 0 35.263 7.86748
39 16 0 99.9421 44.3612
39 17 0 96.2992 34.3308
39 18 0 83.2023 66.6551
39 19 0 58.22 65.8703
39 20 0 26.0389 73.0839
39 21 0 1.1776 99.2888
39 22 0 57.6847 78.1649
39 23 0 17.5846 72.0963
39 24 0 64.5136 40.9387
39 25 0 62.1145 59.3503
39 26 0 12.2365 12.6687
39 27 0 79.8176 11.3157
39 28 0 14.4025 0.741021
39 29 0 0.069048 8.85986
39 30 0 98.674 54.344
39 31 0 76.7702 93.5569
39 32 0 20.7604 84.9947
39 33 0 33.5581 36.8538
39 34 0 35.6761 55.3252
39 35 1 8.01909 38.3602
39 36 0 95.2637 64.0189
39 37 0 76.6342 23.254
39 38 0 22.8968 0.898962
39 40 1 30.6716 22.7211
40 1 1 3.44117 90.054
40 2 1 95.0963 16.8919
40 3 0 62.4161 7.62112
40 4 0 30.5271 57.157
40 5 0 27.249 44.474
40 6 0 44.2255 59.9437
40 7 1 79.3724 46.8246
40 8 0 28.0083 57.5039
40 9 0 54.2944 29.8481
40 10 0 36.2179 20.0808
40 11 0 26.3807 55.3387
40 12 0 48.2066 24.6726
40 13 0 34.2016 98.565
40 14 1 48.5052 56.1652
40 15 0 44.9991 64.8751
40 16 0 25.342 7.13334
40 17 0 14.2229 72.537
40 18 1 35.4259 28.7964
40 19 0 2.5712 21.4791
40 20 0 2.43739 99.3018
40 21 0 97.662 13.7593
40 22 0 65.1647 74.7793
40 23 0 6.93345 98.2266
40 24 0 80.1827 98.7986
40 25 0 22.7077 24.1208
40 26 0 65.0242 55.0196
40 27 1 93.3884 52.2245
40 28 0 59.5799 1.5981
40 29 0 31.499 37.5917
40 30 0 99.049 73.2199
40 31 0 50.8058 79.623
40 32 0 11.5496 68.7588
40 33 0 68.6516 4.0399
40 34 0 13.7086 1.87597
40 35 0 9.10192 77.0869
40 36 0 78.6633 80.7041
40 37 0 94.7008 93.6262
40 38 0 48.8268 20.513
40 39 0 15.8609 5.08114
8.78746 28.0414 22.4507 24.3668 23.1275 26.538 9.73014 24.2781 9.92504 1.93677 22.5096 10.1519 12.7418 8.6332 6.50092 11.3505 36.6456 30.5971 10.3434 34.7637 34.4848 12.6149 33.7227 38.5465 10.5601 14.5257 11.1413 32.9337 26.137 35.5281 22.5443 2.78424 21.5384 35.0098 0.68311 1.09934 25.4793 22.4954 30.8908 21.768 