40
100
4
100
1 2 1 17.4997 99.6281
1 3 0 13.0534 40.9881
1 4 0 41.6568 33.2969
1 5 0 9.10069 30.5657
1 6 1 77.4467 55.2968
1 7 0 3.16783 17.6623
1 8 0 7.73318 18.5518
1 9 0 13.8916 39.9828
1 10 0 97.7041 61.1723
1 11 0 71.5947 20.4368
1 12 0 69.2442 20.2388
1 13 0 75.9069 81.6612
1 14 0 76.1773 59.4507
1 15 0 23.8332 24.9647
1 16 0 86.7869 20.1012
1 17 0 12.0467 80.2635
1 18 0 2.06756 53.5886
1 19 0 32.2674 29.0141
1 20 0 46.0971 84.9723
1 21 0 74.6317 28.4973
1 22 0 26.0662 29.426
1 23 0 14.6711 43.2872
1 24 0 7.68915 1.47943
1 25 1 71.2743 64.3315
1 26 0 67.509 87.7154
1 27 0 41.8223 53.239
1 28 0 12.7039 31.9646
1 29 0 21.7673 64.7876
1 30 0 92.0035 0.0912373
1 31 0 67.6876 42.3633
1 32 0 32.6515 11.1824
1 33 0 90.1062 14.9641
1 34 0 77.3066 1.18332
1 35 0 65.2502 4.48651
1 36 0 35.3075 74.5279
1 37 0 61.8767 75.9938
1 38 0 81.6086 91.1346
1 39 0 3.17672 98.1172
1 40 0 12.0468 18.7125
2 1 0 36.7839 90.0919
2 3 1 59.4707 4.14087
2 4 0 60.1145 39.9174
2 5 0 9.20842 74.1135
2 6 0 42.5792 92.1438
2 7 0 74.1839 38.843
2 8 0 0.27283 58.5018
2 9 0 26.536 87.355
2 10 0 85.4478 62.7859
2 11 0 24.1588 95.5378
2 12 0 63.4741 70.7308
2 13 0 2.75613 34.8855
2 14 0 71.9932 68.64
2 15 0 95.3872 19.254
2 16 0 25.8203 96.4727
2 17 0 89.0378 71.5497
2 18 0 98.0288 36.2251
2 19 0 31.5747 34.6346
2 20 0 93.3955 72.5204
2 21 1 62.1497 39.7024
2 22 0 65.9152 89.5964
2 23 0 50.5916 76.7003
2 24 0 21.5904 61.4291
2 25 0 36.7919 10.7448
2 26 0 79.8039 79.8817
2 27 0 95.2422 17.096
2 28 0 25.6807 70.2313
2 29 0 15.1493 19.2344
2 30 0 8.91514 93.8839
2 31 0 37.0388 6.51034
2 32 0 74.3207 87.2129
2 33 0 74.1195 80.6739
2 34 0 44.1723 77.079
2 35 0 15.4936 60.3588
2 36 0 29.4524 49.5701
2 37 0 39.2998 31.9257
2 38 0 87.9504 1.51188
2 39 0 14.0338 52.3734
2 40 0 47.9946 54.1346
3 1 0 11.5535 77.7536
3 2 0 56.2135 27.4141
3 4 1 45.4336 28.8662
3 5 0 74.924 28.4531
3 6 0 3.4673 88.8799
3 7 0 45.7462 54.1893
3 8 0 15.8807 2.95446
3 9 0 95.3649 87.4554
3 10 0 55.2991 69.2984
3 11 0 13.7711 85.9202
3 12 0 4.85399 15.5817
3 13 0 50.8334 71.2948
3 14 0 61.5521 80.9929
3 15 0 4.22987 98.5261
3 16 0 84.858 34.3589
3 17 0 58.3808 71.3564
3 18 0 49.4622 50.5336
3 19 0 80.9704 62.1648
3 20 0 8.6961 48.5561
3 21 0 5.93923 81.7261
3 22 0 80.5685 88.7196
3 23 0 65.8222 23.1733
3 24 0 91.3644 87.3027
3 25 0 29.2797 48.2747
3 26 0 51.3664 24.695
3 27 0 8.92788 84.9793
3 28 0 73.9744 46.2985
3 29 0 6.93466 81.8778
3 30 0 25.8215 49.1502
3 31 0 12.7583 38.9683
3 32 0 76.6695 34.8182
3 33 0 69.5843 50.6494
3 34 0 28.0736 3.37953
3 35 0 72.8192 10.2433
3 36 0 81.5052 24.9585
3 37 0 44.9126 40.3292
3 38 0 56.5968 19.5937
3 39 0 8.39056 60.7619
3 40 0 58.7358 99.698
4 1 0 69.6393 0.55581
4 2 0 3.13863 94.2117
4 3 0 87.3706 25.2626
4 5 1 71.9775 4.75277
4 6 0 24.9773 81.9056
4 7 0 5.95143 60.2357
4 8 0 94.8341 24.4445
4 9 0 49.0581 12.4484
4 10 0 20.2038 86.9645
4 11 0 5.36528 13.2604
4 12 0 53.0356 52.9869
4 13 0 63.4037 8.10269
4 14 0 25.6856 88.6577
4 15 0 50.9802 66.9415
4 16 0 94.2505 3.58743
4 17 0 68.7155 16.2665
4 18 0 22.5407 67.1081
4 19 0 4.15619 8.81222
4 20 0 6.00311 41.9277
4 21 0 16.8423 94.7413
4 22 0 21.5773 32.6224
4 23 0 65.4671 41.5066
4 24 1 68.9489 96.5625
4 25 0 42.1607 26.5036
4 26 0 11.8817 84.4942
4 27 0 69.93 47.3416
4 28 0 57.8011 81.4732
4 29 0 35.7198 90.3154
4 30 0 20.619 78.0454
4 31 0 83.4728 55.6817
4 32 0 92.8855 73.4809
4 33 0 41.7465 65.2959
4 34 0 62.9466 86.5575
4 35 0 26.9327 91.2549
4 36 0 23.8529 77.4671
4 37 0 44.1136 87.7836
4 38 0 27.3201 27.6544
4 39 0 38.874 91.6756
4 40 0 2.50327 11.9184
5 1 0 97.2972 54.0279
5 2 0 65.5373 78.722
5 3 0 90.4646 18.1532
5 4 0 72.4582 28.0684
5 6 1 98.3942 20.1599
5 7 0 11.2681 28.1564
5 8 0 43.5302 5.035
5 9 0 58.3442 6.91546
5 10 0 1.59867 29.1662
5 11 0 85.4408 24.6116
5 12 0 76.0352 92.2743
5 13 0 26.3285 72.4702
5 14 0 71.659 80.6074
5 15 0 11.9653 60.3397
5 16 0 61.2487 30.7605
5 17 0 50.9598 57.6548
5 18 0 96.2664 47.0209
5 19 0 50.2202 20.5458
5 20 0 36.8001 34.029
5 21 0 68.7694 46.5539
5 22 0 96.3755 68.2311
5 23 0 99.0744 46.1373
5 24 0 3.12734 83.3813
5 25 0 68.892 13.615
5 26 0 19.6818 70.0801
5 27 1 6.46905 1.54718
5 28 0 27.4252 74.6613
5 29 0 51.9067 37.4474
5 30 0 43.6565 10.8234
5 31 0 6.99443 6.38769
5 32 0 78.3685 24.4635
5 33 0 38.3306 3.54215
5 34 0 73.5466 46.6249
5 35 0 65.4005 36.3317
5 36 0 82.3143 60.0266
5 37 0 25.3493 48.7582
5 38 0 40.1098 91.4469
5 39 1 0.831302 32.9111
5 40 1 55.632 80.1561
6 1 0 20.3116 78.1073
6 2 0 39.3216 12.6286
6 3 0 0.749722 73.9266
6 4 0 0.585991 58.86
6 5 0 2.72318 47.5868
6 7 1 51.261 29.8582
6 8 0 25.0581 79.8981
6 9 0 14.0359 26.9528
6 10 0 24.2638 27.3902
6 11 0 54.6254 24.2579
6 12 0 48.7453 94.0362
6 13 0 2.13991 52.7989
6 14 0 22.4549 35.5353
6 15 0 85.2245 79.2436
6 16 0 6.60959 98.3057
6 17 0 58.6537 38.893
6 18 0 55.3017 46.3042
6 19 0 67.4587 53.3158
6 20 0 99.0852 57.9378
6 21 0 59.4087 70.2463
6 22 0 90.0361 84.4094
6 23 0 56.2721 43.9526
6 24 0 39.0983 5.40322
6 25 0 17.719 66.0352
6 26 0 67.5364 89.3102
6 27 0 32.6414 49.5769
6 28 0 85.7696 29.3613
6 29 0 83.674 43.5413
6 30 0 43.8278 31.9541
6 31 0 89.3896 59.6137
6 32 0 87.8449 47.6835
6 33 0 29.0096 70.0131
6 34 0 33.2935 36.1454
6 35 0 53.3193 57.725
6 36 0 25.3545 76.7618
6 37 0 65.3054 95.12
6 38 0 77.4644 40.335
6 39 0 87.4547 38.1927
6 40 0 37.0578 38.5495
7 1 0 35.1889 0.860696
7 2 0 67.6495 69.0343
7 3 1 15.1397 92.7989
7 4 0 87.5936 34.6201
7 5 1 64.4732 71.5802
7 6 0 40.1379 14.0965
7 8 1 30.4783 84.168
7 9 0 0.358089 27.6714
7 10 0 30.5772 2.56709
7 11 0 94.8099 32.0351
7 12 0 92.233 76.8845
7 13 0 45.3774 37.273
7 14 0 48.8207 40.8631
7 15 0 78.7607 84.5348
7 16 0 93.2588 95.3753
7 17 0 31.3234 47.2564
7 18 0 18.4044 47.9558
7 19 0 19.1298 93.9084
7 20 0 62.9034 10.8761
7 21 0 7.60636 66.3134
7 22 0 9.12948 53.8254
7 23 0 35.1696 11.8865
7 24 0 85.9434 43.4098
7 25 0 56.0699 81.325
7 26 0 22.6269 1.30747
7 27 0 10.2329 63.3383
7 28 0 83.7859 67.9267
7 29 0 28.0178 88.1782
7 30 0 90.078 43.6943
7 31 0 92.6702 41.0505
7 32 0 1.97646 37.8435
7 33 0 69.4929 65.7186
7 34 0 1.99556 82.4479
7 35 0 33.7243 36.326
7 36 0 18.3426 93.2517
7 37 0 84.8323 19.3932
7 38 0 61.6307 47.9253
7 39 0 89.8071 18.1508
7 40 0 11.903 75.3878
8 1 0 64.8748 59.8556
8 2 0 36.5226 97.2659
8 3 0 75.9363 10.7894
8 4 0 97.5579 37.6058
8 5 0 4.68197 25.4964
8 6 0 81.9541 74.6393
8 7 0 50.0764 59.5984
8 9 1 34.4923 49.1246
8 10 0 0.96797 24.5303
8 11 0 80.8612 45.0551
8 12 0 60.1417 73.1275
8 13 0 59.7109 40.6525
8 14 0 83.6079 36.2305
8 15 0 4.41935 96.9469
8 16 0 36.61 4.42779
8 17 0 71.9518 53.3024
8 18 0 71.7009 10.5752
8 19 0 3.6045 17.8249
8 20 0 63.543 80.9994
8 21 0 65.6275 97.3345
8 22 0 50.7021 70.299
8 23 0 76.069 86.1372
8 24 0 68.6785 29.1373
8 25 1 43.2736 10.0604
8 26 0 51.4939 46.957
8 27 0 99.2352 98.8951
8 28 0 79.1359 55.2083
8 29 0 46.3904 72.4845
8 30 0 52.3347 85.4437
8 31 0 99.8526 79.4613
8 32 1 23.0003 83.415
8 33 0 85.0696 44.993
8 34 0 55.5578 87.6233
8 35 0 27.8566 2.26321
8 36 0 91.9957 30.9093
8 37 0 53.4381 5.55554
8 38 0 22.413 15.1052
8 39 0 9.38636 8.41895
8 40 0 60.8536 29.6599
9 1 0 98.5794 36.7445
9 2 0 12.6857 90.6866
9 3 0 50.8653 87.0306
9 4 0 39.282 95.0095
9 5 0 40.0862 59.6622
9 6 1 69.4835 46.2548
9 7 0 9.70592 32.211
9 8 0 70.651 26.5758
9 10 1 95.4015 63.3364
9 11 0 32.8334 93.3291
9 12 0 34.126 59.402
9 13 0 71.5387 26.2731
9 14 0 88.4969 81.0973
9 15 0 60.7402 25.3524
9 16 0 30.9935 41.3567
9 17 0 67.5512 52.5728
9 18 0 49.2474 10.3325
9 19 0 89.9899 71.9381
9 20 0 6.55429 79.8117
9 21 0 95.0245 81.7748
9 22 0 38.994 97.8838
9 23 0 8.68842 95.1068
9 24 0 61.4522 28.811
9 25 0 57.9529 30.0513
9 26 1 9.32256 52.8433
9 27 0 25.8311 49.276
9 28 0 67.498 1.66317
9 29 0 28.0429 76.744
9 30 0 50.2369 56.349
9 31 0 79.7209 3.76622
9 32 0 66.1256 64.6748
9 33 0 31.4599 52.8913
9 34 0 50.7738 39.0771
9 35 1 23.027 83.3372
9 36 0 82.7971 37.2609
9 37 0 24.2675 72.4376
9 38 0 4.50794 20.5827
9 39 0 27.371 22.9859
9 40 0 46.8509 29.3382
10 1 0 73.5967 36.6716
10 2 0 32.844 16.794
10 3 0 38.3658 5.93107
10 4 0 4.01177 79.2618
10 5 0 14.9934 33.2741
10 6 0 14.0406 66.8758
10 7 0 0.157533 17.8464
10 8 0 94.273 54.5343
10 9 0 26.4119 59.5633
10 11 1 80.4986 22.2097
10 12 0 15.0501 12.2409
10 13 0 47.6607 82.33
10 14 0 17.408 66.4257
10 15 0 55.1886 71.9049
10 16 0 55.1367 56.356
10 17 0 6.69678 71.4576
10 18 0 66.2135 86.5639
10 19 0 46.8935 68.7707
10 20 0 33.7166 79.2802
10 21 0 53.461 73.4007
10 22 0 52.8148 43.773
10 23 0 13.5779 71.8907
10 24 0 93.6654 64.9778
10 25 0 13.1228 52.4384
10 26 0 96.3952 32.4465
10 27 0 56.4165 44.9558
10 28 0 14.599 81.6731
10 29 0 28.9525 24.2257
10 30 0 13.8828 87.4758
10 31 0 98.2785 62.239
10 32 0 7.93205 73.8544
10 33 0 58.6706 80.5794
10 34 0 8.59156 60.2585
10 35 0 22.5433 54.2933
10 36 0 25.1214 61.7763
10 37 1 39.6297 73.2255
10 38 0 18.7292 7.95883
10 39 0 74.0945 9.04564
10 40 0 53.7129 54.202
11 1 0 75.4053 0.397052
11 2 1 45.597 48.9979
11 3 0 6.99433 68.9682
11 4 0 82.4227 50.5599
11 5 0 64.9387 28.9663
11 6 0 24.296 32.6414
11 7 0 78.1006 37.4293
11 8 0 38.6998 3.38279
11 9 0 96.8256 57.3614
11 10 0 5.15908 92.3948
11 12 1 47.5262 73.9143
11 13 0 44.9914 83.9742
11 14 0 27.5164 77.47
11 15 0 36.9547 7.3673
11 16 0 66.8967 72.6263
11 17 0 76.5898 49.9651
11 18 0 61.8262 31.8221
11 19 0 44.0182 62
11 20 0 21.5971 73.2602
11 21 0 76.8333 93.9307
11 22 0 56.1011 69.8371
11 23 0 1.55523 33.3979
11 24 0 33.7288 44.6142
11 25 0 71.1356 73.7699
11 26 0 54.6681 7.06185
11 27 0 30.673 42.8746
11 28 0 66.1664 39.0878
11 29 0 83.3555 28.0637
11 30 0 34.2015 89.1854
11 31 0 0.786102 71.0107
11 32 0 21.741 14.8269
11 33 0 42.4993 89.2848
11 34 0 0.892477 29.6053
11 35 0 12.5297 9.54733
11 36 0 59.0591 5.89184
11 37 0 84.9457 3.49142
11 38 0 56.5314 65.536
11 39 0 10.1677 98.4071
11 40 0 52.2514 43.6526
12 1 0 36.6333 24.4312
12 2 0 78.5318 38.9166
12 3 0 92.7348 14.4085
12 4 0 14.6504 78.7938
12 5 0 12.1444 64.1264
12 6 0 40.6226 18.9027
12 7 0 13.5824 74.91
12 8 0 74.8973 96.5453
12 9 0 44.9873 88.4402
12 10 0 84.0746 88.0291
12 11 0 43.9952 56.1177
12 13 1 95.2919 4.88405
12 14 0 78.9751 64.2244
12 15 0 18.3799 20.2235
12 16 0 47.7566 96.6851
12 17 0 25.1337 4.60856
12 18 0 81.7563 40.8552
12 19 0 4.67295 73.4162
12 20 0 33.8391 86.5832
12 21 0 26.4957 71.8542
12 22 0 75.4601 76.8953
12 23 1 85.9006 69.069
12 24 0 88.6757 38.5336
12 25 1 75.978 32.6212
12 26 0 24.6772 96.502
12 27 0 54.9986 62.4625
12 28 0 41.1373 31.166
12 29 0 38.3379 63.2618
12 30 0 92.6761 53.0968
12 31 0 11.6901 18.8677
12 32 0 98.167 97.5583
12 33 0 5.4574 98.3384
12 34 0 93.4685 54.9586
12 35 0 68.2467 28.9322
12 36 0 71.3003 65.3281
12 37 0 12.0093 69.8233
12 38 0 22.5059 36.7869
12 39 0 34.9346 33.7064
12 40 0 22.581 51.9673
13 1 1 15.8618 19.7982
13 2 0 79.8791 49.1078
13 3 0 0.462895 93.3031
13 4 0 45.7614 90.199
13 5 0 38.2729 70.6092
13 6 0 62.24 92.474
13 7 0 90.9136 6.07801
13 8 0 81.2593 7.7149
13 9 0 58.4098 36.4803
13 10 0 73.0375 11.2915
13 11 0 43.3408 86.2001
13 12 0 45.2765 15.1448
13 14 1 65.0033 79.3772
13 15 0 72.3065 62.017
13 16 0 49.18 26.8439
13 17 0 27.374 63.1302
13 18 0 61.7852 91.2736
13 19 0 30.8901 84.5466
13 20 0 53.1909 82.5771
13 21 0 45.7634 63.1683
13 22 0 56.3828 7.92733
13 23 0 10.9745 25.0433
13 24 0 3.80293 42.102
13 25 0 85.1063 64.3706
13 26 0 49.3267 48.9651
13 27 0 41.004 44.7793
13 28 0 68.2666 9.21024
13 29 0 24.2723 55.8478
13 30 0 15.2616 92.2462
13 31 0 6.56532 34.6428
13 32 0 67.3974 2.73905
13 33 0 38.6906 28.0676
13 34 0 42.6924 33.202
13 35 0 5.9879 75.5533
13 36 0 34.6192 33.6489
13 37 0 89.9456 74.0215
13 38 0 33.2004 76.1299
13 39 0 24.9695 78.6487
13 40 0 73.4762 34.8943
14 1 0 25.2122 27.3488
14 2 0 53.4629 72.5516
14 3 0 14.2668 18.5965
14 4 0 14.3436 5.73343
14 5 0 40.7622 75.2618
14 6 0 63.3291 50.5495
14 7 0 85.9538 25.0525
14 8 0 45.5966 29.4037
14 9 0 81.5488 81.5719
14 10 0 25.2565 29.0503
14 11 0 55.6211 33.1002
14 12 0 23.3379 48.0168
14 13 0 60.5441 44.8864
14 15 1 43.2869 56.8397
14 16 0 94.5063 80.2219
14 17 0 79.0742 85.3415
14 18 0 52.879 42.014
14 19 0 77.7057 25.5699
14 20 1 98.4492 6.58851
14 21 0 57.4454 60.5478
14 22 0 91.2902 68.3371
14 23 0 70.3912 61.3877
14 24 0 45.0945 80.5472
14 25 0 83.6133 31.8218
14 26 0 88.2266 81.7628
14 27 0 86.1202 15.473
14 28 0 78.978 73.3082
14 29 0 43.9542 87.726
14 30 0 16.9902 53.1494
14 31 0 0.913481 27.5151
14 32 0 37.4714 44.3306
14 33 1 27.8447 21.7207
14 34 0 23.8618 57.0563
14 35 0 74.8328 85.8709
14 36 0 64.6787 29.4323
14 37 0 66.834 54.2025
14 38 0 28.6799 76.2423
14 39 0 24.1158 4.37027
14 40 0 88.4799 59.9861
15 1 0 18.156 42.7149
15 2 0 60.4467 68.6705
15 3 0 15.165 56.8717
15 4 0 90.9558 6.39089
15 5 0 6.09266 63.9781
15 6 0 72.0371 52.8318
15 7 0 82.4922 51.1517
15 8 0 54.2166 85.5196
15 9 0 44.7061 11.73
15 10 0 49.6258 35.2878
15 11 0 42.7742 34.8741
15 12 0 99.9274 15.2669
15 13 0 4.08124 42.6656
15 14 0 25.9739 71.6677
15 16 1 42.9053 41.0747
15 17 0 71.5136 40.376
15 18 0 99.2989 77.3221
15 19 0 28.2946 21.4769
15 20 0 1.70463 59.7731
15 21 0 28.3571 84.3084
15 22 0 40.2643 47.9809
15 23 0 23.6784 87.8278
15 24 0 49.6738 92.7338
15 25 0 28.8077 46.2145
15 26 0 1.84962 45.5263
15 27 0 22.5205 46.792
15 28 0 50.9424 33.6025
15 29 0 39.0117 74.281
15 30 0 86.6158 80.7933
15 31 0 47.2573 9.44691
15 32 0 88.1871 1.26824
15 33 0 66.929 50.9414
15 34 0 72.5651 28.4643
15 35 0 35.8564 45.8652
15 36 0 97.9517 57.9512
15 37 0 78.4578 64.5201
15 38 0 53.796 90.0212
15 39 0 22.5776 6.80606
15 40 0 39.2504 88.8671
16 1 0 87.2119 35.5713
16 2 0 71.0758 91.5334
16 3 0 82.7262 89.5072
16 4 0 9.27129 59.9985
16 5 0 72.4537 71.2835
16 6 0 70.9316 0.223001
16 7 0 69.5499 95.1721
16 8 0 43.408 13.9898
16 9 0 39.2564 2.62036
16 10 0 37.7125 86.3022
16 11 0 66.9823 99.1373
16 12 0 17.1935 89.855
16 13 0 76.5043 14.4015
16 14 0 70.1436 47.4198
16 15 0 57.851 74.6717
16 17 1 47.4401 10.4812
16 18 0 70.8055 68.1499
16 19 0 81.6701 19.5969
16 20 0 25.2499 48.1984
16 21 0 97.8542 47.4979
16 22 0 6.93873 44.2455
16 23 0 75.2005 42.7885
16 24 0 95.4413 15.5168
16 25 0 80.1954 81.0107
16 26 0 19.3141 67.1665
16 27 0 86.7935 30.5136
16 28 0 33.6389 72.7044
16 29 0 21.685 97.7796
16 30 0 42.6787 69.4697
16 31 0 1.64616 16.9624
16 32 0 26.9613 82.1355
16 33 0 78.0647 62.1214
16 34 0 19.1226 45.4404
16 35 0 33.3338 35.3935
16 36 0 60.1674 95.2857
16 37 0 8.46684 81.57
16 38 0 98.7814 75.7863
16 39 0 33.1111 3.78701
16 40 0 1.38727 62.0803
17 1 0 52.2099 40.6875
17 2 0 80.9834 57.7777
17 3 0 45.3527 45.7041
17 4 0 61.5832 35.6093
17 5 0 15.7848 85.9032
17 6 0 64.0623 48.0793
17 7 0 45.7472 34.4401
17 8 0 98.0339 97.8772
17 9 0 68.0399 8.91095
17 10 0 63.281 46.8293
17 11 0 96.0659 48.5332
17 12 0 94.0587 71.0651
17 13 0 37.4609 66.3171
17 14 0 46.8678 33.7676
17 15 0 79.5266 86.4115
17 16 0 7.47891 21.6143
17 18 1 5.53999 15.6663
17 19 0 47.5574 90.6751
17 20 0 65.6802 67.3418
17 21 0 70.4083 31.1378
17 22 0 87.0546 31.4287
17 23 0 0.152327 33.6816
17 24 0 65.696 67.5125
17 25 0 7.00452 28.7552
17 26 0 0.812643 88.372
17 27 0 9.81562 76.592
17 28 0 15.0196 31.8393
17 29 0 2.19834 82.9114
17 30 0 43.2821 81.2776
17 31 0 41.9202 11.0962
17 32 0 76.164 51.052
17 33 0 82.3031 57.7719
17 34 0 27.1302 3.05519
17 35 0 91.6393 84.2237
17 36 0 2.87176 93.6953
17 37 0 37.4116 84.4725
17 38 0 10.5741 85.863
17 39 0 41.7048 34.6822
17 40 0 88.089 91.2545
18 1 0 27.7633 3.68505
18 2 0 91.1296 22.3232
18 3 0 15.1946 6.62418
18 4 0 33.1848 71.0128
18 5 0 47.2223 89.0778
18 6 0 56.2805 90.5446
18 7 0 28.6906 51.8424
18 8 0 60.2146 8.24213
18 9 0 56.3239 32.6556
18 10 0 90.6554 61.8499
18 11 0 11.5162 86.2388
18 12 0 8.2852 3.79455
18 13 0 27.6518 1.97291
18 14 0 18.0348 9.00536
18 15 0 36.0621 19.4831
18 16 0 4.50457 0.232384
18 17 0 87.2944 57.0295
18 19 1 67.7873 4.29259
18 20 0 71.1744 70.7953
18 21 0 24.9492 42.0808
18 22 0 68.1465 5.67758
18 23 0 48.3604 24.5314
18 24 0 52.8167 58.7096
18 25 0 52.9962 83.1011
18 26 0 21.1821 53.0852
18 27 0 55.3429 35.5042
18 28 0 12.243 75.0326
18 29 0 79.036 83.5522
18 30 0 28.6905 99.982
18 31 0 45.2224 14.1352
18 32 0 19.44 69.0282
18 33 0 78.506 98.575
18 34 0 9.42188 29.5105
18 35 0 74.7313 21.8058
18 36 0 94.5108 89.7068
18 37 0 58.0881 15.2041
18 38 0 82.4947 82.685
18 39 0 56.9103 43.6026
18 40 0 64.531 50.7599
19 1 0 51.695 97.0052
19 2 0 7.81094 24.0323
19 3 0 58.3328 95.029
19 4 0 11.8137 75.396
19 5 0 78.4781 42.1933
19 6 0 83.5413 54.5698
19 7 0 71.8696 56.3587
19 8 0 92.4675 53.21
19 9 0 88.5511 97.4933
19 10 0 39.1871 68.8951
19 11 0 71.7893 86.5011
19 12 0 77.4233 92.549
19 13 0 12.2364 72.6782
19 14 1 50.119 21.6225
19 15 0 52.769 38.4108
19 16 0 23.1015 90.5934
19 17 0 1.2934 70.4708
19 18 0 75.2249 87.3007
19 20 1 49.1078 49.065
19 21 0 43.3701 7.46053
19 22 0 49.3806 94.0376
19 23 0 56.6471 67.8001
19 24 0 80.1303 91.3977
19 25 0 49.435 16.0403
19 26 0 37.5788 23.0252
19 27 0 12.0119 20.0552
19 28 0 21.8792 51.2993
19 29 0 6.15014 54.1839
19 30 0 4.88184 4.86246
19 31 0 67.1108 21.1754
19 32 0 38.2485 58.6893
19 33 0 24.9335 69.15
19 34 0 22.6196 7.77279
19 35 0 82.0921 43.2291
19 36 0 54.6188 29.5114
19 37 1 50.4775 11.3666
19 38 0 67.27 37.1219
19 39 0 2.29613 67.1472
19 40 0 65.4775 70.6006
20 1 0 53.6475 17.4001
20 2 0 96.3203 59.4983
20 3 0 60.9963 28.8923
20 4 0 52.8222 61.2724
20 5 0 55.4713 74.1236
20 6 0 50.3883 88.9422
20 7 0 36.3658 93.1759
20 8 0 8.08621 84.034
20 9 0 88.8963 9.0114
20 10 0 57.1257 42.7207
20 11 0 87.4733 6.99478
20 12 1 15.7706 67.2961
20 13 0 77.5039 91.6404
20 14 0 80.5507 97.9391
20 15 0 63.8142 23.2812
20 16 0 9.92148 88.3595
20 17 0 57.2037 17.3914
20 18 0 14.1633 40.3388
20 19 0 51.955 86.6123
20 21 1 4.20482 57.9099
20 22 0 31.5644 14.5426
20 23 0 6.89313 2.92194
20 24 0 41.5901 2.50985
20 25 0 68.4202 18.6041
20 26 1 6.29463 90.3962
20 27 1 66.9406 25.108
20 28 0 79.8095 80.8725
20 29 0 82.909 57.2698
20 30 0 90.3966 65.6653
20 31 0 4.09438 21.8607
20 32 0 14.8853 95.116
20 33 1 91.3557 50.8997
20 34 0 52.6005 91.6481
20 35 0 15.213 12.2679
20 36 0 9.19653 5.81055
20 37 0 57.6903 18.9858
20 38 0 21.3358 78.3937
20 39 0 9.51291 88.2923
20 40 0 66.5926 84.3476
21 1 0 0.563424 63.1444
21 2 0 93.7948 30.3376
21 3 0 75.9495 95.9286
21 4 0 46.9556 62.4183
21 5 0 24.4615 72.0281
21 6 0 21.1037 76.2847
21 7 0 84.2456 16.4473
21 8 0 4.92198 39.0542
21 9 0 91.7599 88.9346
21 10 0 66.1589 13.9272
21 11 0 2.35044 37.4795
21 12 0 3.87119 41.5521
21 13 0 82.885 45.2901
21 14 0 37.4953 11.335
21 15 0 1.6268 82.1773
21 16 1 82.0024 74.0978
21 17 0 2.09621 63.6158
21 18 0 63.3521 62.293
21 19 0 51.8574 89.532
21 20 0 32.3032 14.2734
21 22 1 58.8446 87.998
21 23 0 87.4091 54.704
21 24 0 42.7174 30.1909
21 25 0 70.1005 57.8005
21 26 0 83.3395 28.3965
21 27 0 59.426 89.4842
21 28 0 83.6875 64.2714
21 29 0 41.9877 49.3371
21 30 0 86.3287 84.271
21 31 0 1.20702 41.5833
21 32 0 72.1284 83.2413
21 33 0 80.72 95.1519
21 34 0 69.4654 52.1979
21 35 0 26.4498 64.645
21 36 0 98.9753 71.6488
21 37 0 85.495 0.0321496
21 38 0 26.8918 79.9452
21 39 1 28.0942 85.0785
21 40 0 50.9247 23.2606
22 1 0 40.05 34.0528
22 2 0 91.0622 51.9206
22 3 0 47.9752 87.2484
22 4 0 1.9082 53.8727
22 5 0 71.0615 10.2035
22 6 0 84.7045 88.18
22 7 1 87.2345 29.6943
22 8 0 23.6521 45.5126
22 9 0 71.1378 37.1207
22 10 0 78.915 12.6604
22 11 0 18.8841 9.62535
22 12 1 12.7707 76.5741
22 13 0 19.4406 91.5075
22 14 0 65.3483 73.2174
22 15 0 62.7976 90.3224
22 16 0 43.1895 81.206
22 17 1 30.4829 38.3027
22 18 0 53.5479 87.9225
22 19 0 99.3157 54.6286
22 20 0 78.9425 4.75853
22 21 0 57.1408 53.5594
22 23 1 85.4697 43.6952
22 24 0 20.5045 18.39
22 25 0 28.5442 66.2455
22 26 0 21.5592 59.5929
22 27 0 72.8622 8.14867
22 28 0 29.8042 90.2316
22 29 1 95.5559 67.7563
22 30 0 63.1677 50.1937
22 31 0 68.6174 25.8237
22 32 0 19.5741 29.6298
22 33 1 7.83971 29.4475
22 34 0 38.745 23.253
22 35 0 72.0213 38.0716
22 36 0 62.0363 86.0634
22 37 0 86.477 18.7901
22 38 0 53.4464 72.8378
22 39 0 44.8167 27.0218
22 40 0 80.0446 71.1563
23 1 0 50.9351 11.3113
23 2 0 54.2733 60.9629
23 3 0 50.7133 5.46399
23 4 0 31.0761 76.575
23 5 0 44.4121 4.2764
23 6 0 39.0762 94.8497
23 7 0 39.2518 49.1573
23 8 1 9.92185 2.02863
23 9 0 15.1188 8.79623
23 10 0 8.92655 33.3169
23 11 0 29.4008 68.6634
23 12 0 91.0104 44.5925
23 13 0 62.4157 24.7023
23 14 0 64.1556 28.3034
23 15 0 23.6024 12.55
23 16 0 19.2924 36.4884
23 17 0 60.2862 71.5319
23 18 0 79.7807 2.50167
23 19 0 52.8608 33.8905
23 20 0 74.3732 83.6345
23 21 0 4.88274 81.2131
23 22 0 13.7027 89.4551
23 24 1 91.5841 60.7274
23 25 1 2.46206 85.3927
23 26 0 93.8644 88.4797
23 27 0 33.8682 89.7051
23 28 0 19.9848 79.5413
23 29 0 64.8141 70.5236
23 30 0 73.9917 20.6757
23 31 0 77.8494 77.5709
23 32 0 84.5877 38.3329
23 33 0 63.0482 94.9538
23 34 0 72.0324 12.5471
23 35 0 47.979 55.7962
23 36 0 21.4966 96.3164
23 37 0 75.4966 67.674
23 38 0 82.4535 44.9071
23 39 0 18.5834 53.3262
23 40 0 51.6717 52.8855
24 1 0 3.89587 66.2028
24 2 0 14.857 8.81652
24 3 1 1.02577 98.2617
24 4 0 33.7747 86.1685
24 5 0 30.7714 70.5468
24 6 0 64.0746 8.80795
24 7 0 73.5429 32.8293
24 8 0 34.8511 34.2131
24 9 0 30.9968 22.5945
24 10 0 13.1431 52.7808
24 11 0 31.5458 2.09396
24 12 0 63.9146 96.5749
24 13 0 96.7131 45.9754
24 14 0 51.284 79.3188
24 15 0 43.1838 56.834
24 16 0 88.5477 74.3263
24 17 0 23.7158 34.786
24 18 0 78.5664 67.4553
24 19 0 37.205 93.2667
24 20 0 36.0145 73.5364
24 21 0 14.5575 98.8209
24 22 0 61.0718 61.7282
24 23 0 29.7636 2.37226
24 25 1 44.8459 65.5252
24 26 0 12.537 83.8586
24 27 0 44.9217 19.9899
24 28 0 96.5497 35.2971
24 29 0 65.6391 82.8261
24 30 0 85.5632 20.6403
24 31 0 96.0536 0.731487
24 32 0 49.2718 81.445
24 33 0 42.8123 71.1163
24 34 0 43.3529 45.2228
24 35 0 79.3845 41.1506
24 36 0 68.3533 71.8979
24 37 0 10.959 79.1412
24 38 0 6.49285 17.7893
24 39 0 70.7303 87.3416
24 40 0 47.5491 65.7075
25 1 0 69.1128 58.8755
25 2 0 78.5026 85.387
25 3 0 38.8746 16.7946
25 4 0 56.5899 86.0366
25 5 0 65.4947 8.79485
25 6 0 9.06437 59.7086
25 7 0 24.0423 45.9371
25 8 0 52.4644 98.8304
25 9 0 24.8137 26.5702
25 10 0 34.45 47.9385
25 11 0 67.1771 79.8675
25 12 0 65.659 69.8689
25 13 0 77.9422 64.0149
25 14 0 29.986 64.9623
25 15 0 88.5027 21.0724
25 16 0 31.9719 51.7599
25 17 0 34.4564 40.225
25 18 0 25.8451 77.3944
25 19 0 40.1078 38.9229
25 20 0 19.75 71.9506
25 21 0 47.1429 63.1683
25 22 0 93.6455 63.6499
25 23 0 91.3985 97.1589
25 24 0 44.336 80.8985
25 26 1 61.7629 37.1421
25 27 0 99.7316 94.096
25 28 0 33.4891 72.0617
25 29 0 40.4956 54.8341
25 30 0 73.0268 10.4541
25 31 0 57.4841 45.6349
25 32 0 37.4734 3.12256
25 33 0 48.97 28.1727
25 34 0 83.8725 87.6751
25 35 0 74.9232 50.4764
25 36 0 79.7348 19.3058
25 37 0 5.81423 63.8733
25 38 0 90.726 50.4595
25 39 0 54.3617 47.2826
25 40 0 96.0537 57.7009
26 1 0 41.6594 93.4259
26 2 0 15.3293 21.2935
26 3 0 11.158 78.4673
26 4 0 31.3634 47.7555
26 5 0 46.3402 18.3555
26 6 0 57.8474 15.0216
26 7 0 3.26573 96.8497
26 8 0 13.4294 96.8059
26 9 0 96.3445 13.0884
26 10 0 59.632 38.0326
26 11 0 9.62844 58.9489
26 12 0 62.833 0.681238
26 13 0 15.4855 1.65564
26 14 0 79.702 86.8592
26 15 0 19.2487 68.4143
26 16 0 61.2711 67.3465
26 17 0 76.9923 76.0266
26 18 0 4.80965 74.3713
26 19 0 31.8189 16.8632
26 20 0 35.0137 4.60749
26 21 0 87.1118 60.6183
26 22 0 88.0313 22.116
26 23 1 17.9724 45.2871
26 24 0 33.9111 32.1772
26 25 0 5.28189 45.6741
26 27 1 51.257 61.1387
26 28 0 1.93937 46.1153
26 29 0 90.2103 6.28567
26 30 0 98.3712 38.9196
26 31 0 25.1649 22.323
26 32 0 38.3455 59.9705
26 33 0 40.5295 25.4145
26 34 0 58.0121 43.2335
26 35 0 3.42309 42.135
26 36 0 90.5761 1.16023
26 37 0 30.308 41.8748
26 38 0 35.76 0.0658165
26 39 0 72.7315 6.17825
26 40 0 31.9224 97.6406
27 1 0 42.3568 72.2281
27 2 1 35.4612 43.8118
27 3 0 67.8432 41.8815
27 4 0 73.8564 37.8224
27 5 0 40.3536 67.4044
27 6 0 8.75833 79.5292
27 7 0 64.3562 68.213
27 8 0 70.9672 0.442987
27 9 0 99.9289 80.6785
27 10 0 86.6963 45.2822
27 11 0 98.1376 81.3513
27 12 0 82.7583 98.3854
27 13 0 36.2071 68.0591
27 14 0 80.0224 58.0864
27 15 0 11.8146 82.209
27 16 0 9.30987 72.356
27 17 0 98.2258 69.4997
27 18 0 97.6369 98.49
27 19 0 88.2488 86.8305
27 20 0 46.9079 89.5803
27 21 0 88.3344 34.0839
27 22 1 83.2303 29.9581
27 23 0 82.7937 26.2708
27 24 0 26.6184 3.43911
27 25 0 4.73362 63.781
27 26 0 56.9969 0.470887
27 28 1 66.9798 29.7361
27 29 0 36.7007 8.46318
27 30 0 14.0342 2.30662
27 31 0 46.4099 55.1493
27 32 0 75.2546 19.3811
27 33 1 15.4753 4.62713
27 34 0 24.4339 7.49738
27 35 0 95.0631 29.621
27 36 0 12.002 79.8792
27 37 0 83.4708 18.6447
27 38 0 75.1192 44.4159
27 39 0 73.9776 62.151
27 40 0 28.388 69.1024
28 1 0 80.2444 86.4878
28 2 0 73.4803 1.12118
28 3 0 31.3828 39.9591
28 4 0 22.4559 86.0713
28 5 0 78.9737 15.4274
28 6 0 69.2895 14.5369
28 7 0 56.1065 44.4336
28 8 0 81.6422 48.7796
28 9 0 69.9285 55.6021
28 10 0 83.8548 92.6978
28 11 0 34.3627 49.5689
28 12 0 94.9311 14.6787
28 13 0 10.4798 95.2555
28 14 0 33.3653 76.1537
28 15 0 61.5707 47.7922
28 16 0 89.0591 11.056
28 17 0 54.1219 37.4565
28 18 1 48.4045 26.8755
28 19 0 50.9463 40.7394
28 20 0 16.9196 71.1957
28 21 0 24.5578 70.2038
28 22 0 6.18813 97.4484
28 23 0 85.1284 99.8037
28 24 0 19.4798 38.0364
28 25 0 67.263 17.0821
28 26 0 2.38568 59.1985
28 27 0 7.85401 94.7093
28 29 1 7.38274 55.9991
28 30 0 74.9298 5.3178
28 31 0 48.5806 82.4433
28 32 0 64.5321 75.1666
28 33 0 80.5353 82.1655
28 34 0 3.84863 26.454
28 35 1 36.749 54.512
28 36 0 96.1935 65.868
28 37 0 18.5155 60.8693
28 38 0 87.8219 38.381
28 39 0 2.01513 4.3129
28 40 0 90.0919 43.6501
29 1 0 37.9135 84.0006
29 2 0 16.7132 65.2496
29 3 0 28.6927 8.49974
29 4 0 51.0483 24.9676
29 5 0 91.4433 65.2269
29 6 0 44.356 99.23
29 7 0 60.8838 78.2891
29 8 0 56.1077 51.3869
29 9 1 68.2076 14.1976
29 10 0 8.70412 18.2632
29 11 0 91.2963 86.9156
29 12 0 68.0059 99.4315
29 13 0 35.0166 40.7983
29 14 0 67.7111 62.7776
29 15 0 11.0449 7.8206
29 16 0 90.6075 59.3191
29 17 0 34.3242 90.707
29 18 0 39.9688 76.2486
29 19 1 87.2309 12.576
29 20 0 39.7571 53.7475
29 21 0 67.4868 33.6178
29 22 0 95.8916 60.7312
29 23 0 20.4337 29.6507
29 24 0 97.0553 31.1865
29 25 0 96.8337 14.3385
29 26 0 93.3316 19.8409
29 27 0 26.5015 71.9214
29 28 0 29.0168 25.8813
29 30 1 12.9728 13.9445
29 31 0 40.6901 30.1776
29 32 0 16.2539 87.1024
29 33 0 90.0935 49.1078
29 34 0 73.022 46.5423
29 35 0 17.4723 59.8926
29 36 0 84.725 45.2142
29 37 0 50.5475 35.3648
29 38 0 36.346 15.4908
29 39 0 31.8555 36.3536
29 40 0 80.8215 61.3473
30 1 0 94.0562 76.1507
30 2 0 54.7957 67.8658
30 3 0 34.8804 14.4362
30 4 0 92.719 63.2991
30 5 0 51.8443 76.3273
30 6 0 96.0548 30.2737
30 7 0 31.6961 94.6288
30 8 0 28.7396 12.7872
30 9 0 66.5523 69.1563
30 10 0 83.5838 15.2578
30 11 0 15.8423 42.2863
30 12 0 62.8839 29.6291
30 13 0 48.1879 71.4886
30 14 0 56.3425 5.71855
30 15 0 52.669 3.42493
30 16 0 97.5131 98.6005
30 17 0 71.0808 54.9015
30 18 0 33.844 66.1887
30 19 0 16.0794 10.5057
30 20 0 5.29834 77.6055
30 21 0 2.06269 6.3409
30 22 0 45.0295 33.426
30 23 0 75.7862 33.7981
30 24 0 88.5483 92.3141
30 25 0 73.385 94.072
30 26 0 81.4638 9.46881
30 27 0 44.4342 26.9795
30 28 0 30.5795 25.6528
30 29 0 47.0005 91.0859
30 31 1 24.4081 94.2767
30 32 0 22.5583 97.5503
30 33 0 8.70944 91.9312
30 34 0 58.8748 62.5821
30 35 0 45.1671 9.66302
30 36 0 56.9261 28.5173
30 37 0 1.97805 47.5576
30 38 0 87.4713 77.8328
30 39 0 90.23 44.0914
30 40 0 46.9328 65.0837
31 1 0 3.27595 91.0547
31 2 0 53.9232 38.7036
31 3 0 16.2711 39.3112
31 4 0 55.3135 1.70991
31 5 0 82.1752 87.893
31 6 0 26.5459 43.6878
31 7 0 46.8297 60.3765
31 8 0 45.004 92.255
31 9 1 1.04036 42.179
31 10 0 21.9238 73.9187
31 11 0 79.5317 8.45039
31 12 0 26.9728 43.6004
31 13 0 93.8895 27.1207
31 14 0 2.77956 81.5233
31 15 0 75.844 3.73054
31 16 0 49.2442 79.1511
31 17 0 1.3886 96.9751
31 18 0 59.955 83.8602
31 19 1 39.325 90.5567
31 20 0 52.0607 3.41369
31 21 0 23.1677 86.0063
31 22 0 10.4029 25.6606
31 23 0 50.162 44.6059
31 24 0 36.5417 81.9804
31 25 0 68.7215 47.0379
31 26 0 37.9095 23.4025
31 27 0 17.7567 76.6709
31 28 0 18.9927 25.8156
31 29 0 23.905 17.2743
31 30 0 56.2753 34.6433
31 32 1 3.05194 39.6161
31 33 0 68.5718 38.4772
31 34 0 75.0102 80.3013
31 35 0 63.2784 7.66113
31 36 0 49.1823 81.7994
31 37 0 19.6328 26.4558
31 38 0 86.8854 90.9477
31 39 1 74.062 11.6396
31 40 0 99.4185 56.9304
32 1 0 79.4839 90.1764
32 2 0 41.0963 66.5728
32 3 0 88.0219 59.1528
32 4 0 60.0405 69.7997
32 5 0 85.8165 99.9345
32 6 0 6.28348 60.6918
32 7 0 88.7727 52.2111
32 8 0 14.6653 60.0556
32 9 0 11.2387 72.2027
32 10 0 19.4728 17.1882
32 11 0 42.2923 58.2406
32 12 0 92.5516 44.2697
32 13 0 2.62971 28.3707
32 14 0 12.2289 29.3344
32 15 0 84.7643 53.2784
32 16 0 64.1106 87.9895
32 17 0 95.5117 23.2165
32 18 0 77.8818 70.3905
32 19 0 29.6124 41.0451
32 20 0 56.6016 2.45996
32 21 0 46.3227 86.7498
32 22 0 85.2547 85.0906
32 23 0 46.3611 77.2471
32 24 0 27.5992 52.7989
32 25 1 5.50234 11.0621
32 26 0 38.1259 6.90604
32 27 0 95.8377 46.1887
32 28 0 70.8543 30.9427
32 29 0 85.9147 50.8073
32 30 0 60.1632 47.9945
32 31 0 78.9471 43.1231
32 33 1 6.45035 39.6432
32 34 1 7.1563 24.5793
32 35 0 32.4384 67.382
32 36 0 68.9805 0.538125
32 37 0 49.4918 39.4584
32 38 0 65.5109 6.52631
32 39 0 90.4903 69.8549
32 40 0 75.9824 88.921
33 1 0 48.6109 49.5072
33 2 0 30.8891 61.617
33 3 0 2.95085 20.1085
33 4 0 3.72057 16.9834
33 5 0 61.0405 49.7838
33 6 0 31.921 68.2839
33 7 1 70.458 16.2732
33 8 0 87.0965 49.0033
33 9 0 9.01005 99.0423
33 10 0 92.6918 44.4084
33 11 0 78.3188 51.1751
33 12 0 96.9788 7.2328
33 13 1 10.964 95.2293
33 14 0 31.561 68.7991
33 15 0 47.4097 18.6294
33 16 0 48.2616 37.7638
33 17 0 4.84455 67.0551
33 18 0 76.3165 3.24494
33 19 0 6.61916 88.2659
33 20 0 2.58033 3.72275
33 21 0 67.8096 18.4081
33 22 0 31.5005 2.17578
33 23 0 48.2361 4.00827
33 24 0 22.301 69.5853
33 25 0 82.9384 93.6159
33 26 0 45.1248 46.2252
33 27 0 62.3823 28.3887
33 28 0 51.9098 99.3102
33 29 0 80.0191 54.7586
33 30 0 32.7187 18.4476
33 31 0 82.3976 20.3811
33 32 0 65.6937 41.7831
33 34 1 74.3589 62.7354
33 35 0 22.6532 45.2991
33 36 0 70.0343 52.3011
33 37 0 15.3948 28.2422
33 38 0 36.9242 24.2796
33 39 0 80.2984 87.6311
33 40 0 4.33068 85.5697
34 1 0 12.2745 92.31
34 2 0 60.7276 37.5648
34 3 0 84.9671 68.2572
34 4 0 41.2211 99.061
34 5 0 26.6483 66.8165
34 6 0 59.7942 89.4335
34 7 0 94.7979 49.3427
34 8 0 37.6728 96.6237
34 9 0 7.13836 29.3466
34 10 0 16.1869 34.3644
34 11 0 44.32 23.0393
34 12 0 14.2432 62.0009
34 13 0 63.4321 47.9706
34 14 0 53.2812 9.16385
34 15 0 9.88892 66.5415
34 16 0 37.3353 53.607
34 17 0 2.56632 84.7144
34 18 0 52.7396 2.83835
34 19 0 42.7206 45.3789
34 20 0 35.3443 84.6399
34 21 0 43.4648 22.6739
34 22 0 65.8435 16.831
34 23 0 33.405 94.3169
34 24 0 85.8094 16.8675
34 25 0 68.9555 48.6782
34 26 0 88.574 99.4409
34 27 0 97.0909 8.52345
34 28 0 3.7223 2.84321
34 29 0 8.05839 80.5866
34 30 0 21.8271 3.57269
34 31 0 32.8153 83.3001
34 32 0 66.123 93.361
34 33 0 31.3718 4.09516
34 35 1 32.1775 11.6416
34 36 0 37.0043 43.135
34 37 0 32.1349 37.5516
34 38 0 53.8349 27.2975
34 39 0 74.9962 17.5133
34 40 0 66.3251 29.7986
35 1 0 42.7522 92.1037
35 2 0 90.6308 2.76817
35 3 0 67.6761 74.2247
35 4 0 71.6147 64.1667
35 5 0 28.2252 28.3861
35 6 0 32.5321 41.8254
35 7 0 21.7252 94.5269
35 8 0 93.442 33.7258
35 9 0 9.63411 86.584
35 10 0 60.8165 17.6105
35 11 0 1.39808 45.5728
35 12 0 12.4231 19.6595
35 13 0 97.6707 83.7174
35 14 0 15.5189 53.1744
35 15 1 68.3518 89.4165
35 16 0 20.4744 72.8868
35 17 0 42.6829 97.8927
35 18 0 27.8283 69.5788
35 19 0 30.9812 25.0097
35 20 0 2.14322 6.81535
35 21 0 3.55265 11.3152
35 22 0 26.7145 13.7915
35 23 0 85.299 11.7816
35 24 0 28.6624 69.5374
35 25 0 20.0323 15.4598
35 26 0 78.794 15.7114
35 27 0 31.8233 24.6639
35 28 0 21.0414 79.565
35 29 0 8.81375 94.2116
35 30 0 90.1406 44.8009
35 31 0 80.2889 25.6709
35 32 0 32.6251 33.2571
35 33 0 29.7025 68.8099
35 34 0 97.7931 70.9776
35 36 1 83.5254 13.8161
35 37 0 97.7589 19.9659
35 38 0 41.4921 51.521
35 39 0 91.2528 43.2162
35 40 0 72.0829 9.46896
36 1 0 48.7935 61.3834
36 2 0 56.9864 78.6815
36 3 0 95.0156 22.6546
36 4 0 97.5804 19.7669
36 5 0 3.32806 11.8984
36 6 0 11.0495 92.5272
36 7 0 9.3355 59.3324
36 8 0 94.8496 16.0309
36 9 0 56.4684 67.4969
36 10 0 6.33406 85.8565
36 11 0 97.937 87.6316
36 12 0 64.3654 49.8664
36 13 0 88.0511 24.6843
36 14 0 36.9374 53.5216
36 15 0 3.49388 98.3846
36 16 0 88.6687 58.8335
36 17 0 53.6494 85.2336
36 18 0 35.0895 35.0292
36 19 0 85.2774 49.2509
36 20 0 76.0158 98.58
36 21 0 98.1505 29.3735
36 22 0 18.9722 83.8585
36 23 0 9.62068 14.0357
36 24 0 54.0547 15.9405
36 25 0 45.1719 20.5276
36 26 0 2.74697 38.1028
36 27 0 57.8387 89.9278
36 28 0 56.3554 35.378
36 29 0 25.277 61.7888
36 30 0 8.19159 4.81943
36 31 0 64.623 24.6214
36 32 0 65.0059 34.7916
36 33 0 56.5068 61.4467
36 34 0 30.8634 33.8588
36 35 0 2.54903 40.9198
36 37 1 85.3942 61.093
36 38 0 45.391 15.8029
36 39 0 86.2916 60.088
36 40 0 17.8823 23.4148
37 1 0 47.6767 88.4119
37 2 0 43.8571 55.9863
37 3 0 47.8746 42.4067
37 4 0 5.81327 10.0145
37 5 0 57.4069 94.2307
37 6 0 99.2491 55.1787
37 7 0 52.975 70.7133
37 8 0 94.6669 13.0912
37 9 0 26.6946 44.491
37 10 0 21.8432 88.889
37 11 0 50.6066 8.37572
37 12 0 74.4543 51.6195
37 13 0 9.25471 76.2106
37 14 0 18.6742 54.3731
37 15 0 51.7704 77.7829
37 16 0 8.53012 99.7438
37 17 0 17.1581 12.6584
37 18 0 75.8074 44.0619
37 19 0 86.6456 48.0762
37 20 1 28.997 85.1914
37 21 0 79.9123 21.8101
37 22 0 7.43072 98.9535
37 23 0 98.1942 65.6342
37 24 0 33.0918 7.97495
37 25 0 88.1182 98.7461
37 26 1 37.9571 68.2483
37 27 0 33.0709 49.5461
37 28 0 32.0763 20.6576
37 29 0 63.4516 17.1041
37 30 0 9.35915 31.7782
37 31 0 59.4833 98.6678
37 32 0 50.7291 1.49446
37 33 0 95.0734 0.231921
37 34 0 53.7206 79.217
37 35 0 35.9187 0.134082
37 36 0 4.70907 0.591209
37 38 1 19.7547 32.7607
37 39 0 46.2907 93.4586
37 40 0 3.63937 35.526
38 1 0 88.8699 39.2881
38 2 0 6.10404 12.1173
38 3 0 85.0031 36.3924
38 4 0 14.5548 62.2367
38 5 0 59.9618 96.1821
38 6 0 86.2732 46.7352
38 7 0 55.2495 16.6848
38 8 0 72.4349 42.952
38 9 0 65.7831 77.9042
38 10 0 77.6271 75.3237
38 11 0 12.0197 92.1604
38 12 0 45.8937 91.5132
38 13 0 88.6467 1.89372
38 14 0 46.6909 28.7174
38 15 0 16.9097 49.1121
38 16 0 50.4975 35.0776
38 17 0 92.9048 82.3083
38 18 0 97.0375 27.1342
38 19 0 36.219 57.2821
38 20 0 13.5473 79.6764
38 21 0 78.8196 36.4445
38 22 0 49.59 24.5141
38 23 0 66.9365 52.6415
38 24 0 7.36811 25.5786
38 25 0 68.5897 92.0255
38 26 0 81.978 27.7706
38 27 0 95.5794 39.9188
38 28 0 51.5424 12.0479
38 29 0 68.5154 89.1106
38 30 0 82.6926 16.7191
38 31 1 14.132 31.8189
38 32 1 93.2604 45.0581
38 33 0 38.6928 44.0431
38 34 0 90.6208 66.0853
38 35 0 0.976295 17.465
38 36 0 37.2282 84.8143
38 37 0 47.2656 92.0876
38 39 1 15.9738 14.4355
38 40 0 93.3283 49.2114
39 1 0 3.2037 90.1127
39 2 0 33.287 84.0712
39 3 0 30.8019 8.50789
39 4 0 22.7554 20.5035
39 5 0 26.3514 49.0833
39 6 0 82.8254 86.0833
39 7 0 32.0251 94.0891
39 8 0 74.7881 39.5576
39 9 0 31.1898 68.7129
39 10 0 63.7623 86.586
39 11 0 87.5509 36.5174
39 12 0 84.111 7.64321
39 13 0 93.8145 21.1401
39 14 0 33.1186 1.43416
39 15 0 40.9808 40.0182
39 16 0 34.777 69.642
39 17 0 95.2345 97.8071
39 18 0 9.99099 59.0277
39 19 0 18.0887 72.24
39 20 0 24.5754 4.81697
39 21 0 53.0501 64.4367
39 22 0 71.8399 82.3873
39 23 0 13.5243 73.6134
39 24 0 45.5407 32.9978
39 25 0 8.59126 73.4793
39 26 0 3.56891 37.1295
39 27 0 13.9629 95.6272
39 28 0 21.1137 48.4244
39 29 0 95.1502 3.89936
39 30 0 43.7922 93.9597
39 31 0 58.4617 76.3324
39 32 0 33.0596 40.6677
39 33 0 18.5827 79.9305
39 34 0 1.29497 36.9196
39 35 0 53.7035 1.54557
39 36 0 55.8119 17.2141
39 37 0 50.2599 51.4306
39 38 0 36.8022 91.8034
39 40 1 26.7029 93.3227
40 1 1 12.9883 9.19547
40 2 0 50.9576 7.1361
40 3 0 50.0059 52.7588
40 4 0 91.323 23.4015
40 5 0 39.1452 59.4509
40 6 0 44.5995 56.104
40 7 0 95.8858 48.3335
40 8 1 83.2805 18.256
40 9 1 82.377 8.08136
40 10 0 72.2532 17.2045
40 11 0 64.5956 6.62786
40 12 0 13.593 94.513
40 13 0 64.0621 0.159258
40 14 0 63.3796 59.8803
40 15 0 77.1638 66.301
40 16 0 35.8433 73.2267
40 17 0 49.9376 96.6919
40 18 0 6.11252 71.3318
40 19 0 75.2812 56.2522
40 20 0 50.8341 78.4812
40 21 0 66.4859 64.8093
40 22 0 13.0322 81.4016
40 23 0 20.3295 17.1558
40 24 0 44.0045 79.1792
40 25 1 23.5599 37.4671
40 26 0 64.517 50.3933
40 27 0 91.3876 56.7491
40 28 0 29.1701 36.0408
40 29 0 58.881 80.8148
40 30 0 52.6525 29.8138
40 31 0 98.8945 85.5174
40 32 0 9.24896 21.1635
40 33 0 65.0905 36.462
40 34 0 41.3874 33.6321
40 35 0 19.2051 35.3244
40 36 0 87.9861 86.3766
40 37 0 56.8919 63.5114
40 38 0 73.5381 10.1504
40 39 0 87.3424 57.5703
13.5979 35.7162 23.8035 11.8479 26.1691 5.58518 15.0026 11.793 28.3777 13.8259 30.3974 5.49263 29.5487 31.9273 38.5896 34.5712 11.8246 33.8031 28.5676 9.28752 15.752 24.299 36.5769 37.7604 13.9744 15.3508 11.0216 2.73695 13.6332 25.784 24.5273 0.825077 23.8882 25.2331 21.3997 22.1142 18.5716 26.115 7.01485 15.0636 