40
300
2
50
1 2 1 55.4505 9.85799
1 3 0 56.7932 6.20063
1 4 0 54.4157 24.5825
1 5 0 79.1086 29.1401
1 6 0 59.2758 51.8781
1 7 0 77.7985 89.4123
1 8 0 27.6658 16.0627
1 9 1 45.1996 29.9176
1 10 0 68.9907 77.5365
1 11 0 27.537 57.767
1 12 0 74.7255 65.036
1 13 1 57.7213 55.6049
1 14 0 78.3919 92.1596
1 15 0 20.7817 20.1396
1 16 0 42.7051 26.39
1 17 0 66.4163 67.2521
1 18 0 49.6438 29.3245
1 19 0 67.8143 28.2226
1 20 0 3.17047 53.0148
1 21 0 47.9968 55.3427
1 22 0 86.102 49.9162
1 23 0 5.541 53.3036
1 24 0 2.30637 80.6568
1 25 0 45.6506 96.3947
1 26 1 12.2184 85.8897
1 27 0 58.7044 31.6277
1 28 0 14.4526 24.3277
1 29 0 23.9435 87.6705
1 30 0 69.6439 45.2564
1 31 0 54.2192 13.978
1 32 0 59.4348 49.9714
1 33 1 2.78421 99.3814
1 34 0 73.7177 10.6468
1 35 0 74.8744 60.2471
1 36 0 67.6839 14.5349
1 37 0 16.0113 90.3415
1 38 1 4.72287 64.6325
1 39 0 86.6231 81.9688
1 40 0 3.28355 22.5389
2 1 0 93.3677 79.5897
2 3 1 14.4421 28.7749
2 4 0 72.0106 19.1883
2 5 0 63.3267 41.5229
2 6 1 94.1709 48.1245
2 7 0 82.3215 70.1658
2 8 1 57.312 14.0796
2 9 1 55.0409 60.4108
2 10 0 93.4352 92.0783
2 11 0 2.23885 40.7593
2 12 0 29.099 20.0504
2 13 0 18.6088 13.7514
2 14 0 53.4654 77.2036
2 15 0 44.1517 37.6062
2 16 0 74.0848 65.1511
2 17 0 94.7256 24.2693
2 18 0 6.69798 62.0808
2 19 0 28.3186 61.3052
2 20 1 11.5917 63.1464
2 21 0 43.146 41.8561
2 22 0 61.2128 95.2066
2 23 1 65.2424 1.88387
2 24 0 53.4484 80.6171
2 25 0 62.4375 91.8037
2 26 0 32.993 56.6547
2 27 0 43.384 47.8837
2 28 0 91.922 87.2339
2 29 0 57.0096 62.2382
2 30 0 16.3292 0.955733
2 31 1 21.3936 37.6025
2 32 0 86.5866 0.430883
2 33 0 31.0559 47.4851
2 34 0 28.6536 8.37842
2 35 0 51.9243 45.4074
2 36 1 22.4121 77.7825
2 37 0 81.323 50.0863
2 38 0 72.8754 98.2139
2 39 0 33.7834 76.1594
2 40 0 8.12382 92.7068
3 1 1 76.6364 63.5382
3 2 0 31.9792 63.0093
3 4 1 64.1699 46.4041
3 5 0 12.6445 18.3253
3 6 0 50.4668 24.5807
3 7 0 37.0776 75.2819
3 8 0 23.8893 52.0754
3 9 0 64.0382 23.6606
3 10 0 52.9546 28.2325
3 11 0 14.6126 62.8139
3 12 0 8.78292 83.6948
3 13 1 40.0166 94.4822
3 14 0 82.0555 84.348
3 15 1 89.3513 93.181
3 16 0 72.7127 31.6743
3 17 0 27.8416 36.8763
3 18 0 61.9429 87.7922
3 19 0 53.4187 23.8843
3 20 0 16.9366 21.7549
3 21 1 39.8106 36.593
3 22 1 36.7825 19.8332
3 23 0 93.4271 44.8462
3 24 1 32.6419 3.28463
3 25 1 4.31088 73.6888
3 26 0 56.9942 94.0201
3 27 0 12.6876 93.1671
3 28 0 14.9101 15.5686
3 29 1 16.974 18.1323
3 30 0 85.2082 4.77945
3 31 0 62.5425 95.6254
3 32 0 14.0528 38.741
3 33 1 81.7595 81.4259
3 34 0 3.05295 59.2917
3 35 0 60.1185 86.4823
3 36 0 17.352 16.1414
3 37 0 32.5987 95.4447
3 38 0 10.9316 93.5017
3 39 1 81.4001 20.3621
3 40 1 99.9809 16.0164
4 1 0 65.4354 85.6698
4 2 0 4.3484 74.6883
4 3 0 27.9676 76.1789
4 5 1 96.529 25.2125
4 6 0 97.6841 75.5288
4 7 0 25.2605 99.5527
4 8 1 73.0085 63.3874
4 9 0 21.7243 20.1281
4 10 1 54.3413 34.0481
4 11 1 34.7287 61.7255
4 12 0 3.78581 88.9955
4 13 0 5.81145 36.4776
4 14 0 7.47399 30.512
4 15 0 94.3557 35.4269
4 16 0 13.8197 56.3809
4 17 0 83.6199 3.65173
4 18 0 59.4113 38.4003
4 19 1 84.2228 83.6102
4 20 0 60.047 37.0265
4 21 0 9.88086 43.1595
4 22 0 39.7191 97.6013
4 23 0 94.4906 53.2825
4 24 1 43.6358 2.87427
4 25 0 37.0044 82.1752
4 26 0 16.0176 48.1768
4 27 0 31.7966 59.2077
4 28 1 5.10143 82.4032
4 29 0 15.3523 9.01979
4 30 0 86.7472 14.5367
4 31 0 85.8573 26.3221
4 32 1 79.5163 18.1553
4 33 0 5.38386 47.2176
4 34 1 69.6019 95.6182
4 35 0 94.9243 51.8978
4 36 0 2.87649 65.5871
4 37 0 78.2462 18.3254
4 38 0 66.5246 76.9937
4 39 0 32.6384 35.3456
4 40 0 62.6447 7.8958
5 1 1 53.1925 4.46275
5 2 0 42.0965 49.9863
5 3 0 45.1773 33.1936
5 4 0 87.1978 56.6218
5 6 1 92.4815 30.8007
5 7 0 28.1496 93.3625
5 8 0 30.543 46.7088
5 9 0 67.4349 88.207
5 10 0 94.114 71.8782
5 11 0 83.9083 78.0865
5 12 0 67.5603 86.808
5 13 1 39.2301 86.8673
5 14 1 42.4408 69.1525
5 15 1 84.2014 40.1486
5 16 0 3.57536 20.417
5 17 0 79.2385 94.946
5 18 0 11.5901 84.8353
5 19 1 10.5815 46.6819
5 20 0 62.8118 98.082
5 21 0 49.2868 12.8358
5 22 1 63.1703 5.5062
5 23 0 0.0913067 14.1236
5 24 0 46.9335 45.5909
5 25 0 34.5921 29.5015
5 26 0 95.2915 46.0665
5 27 0 40.6083 79.7801
5 28 1 9.64803 85.8371
5 29 0 77.5153 75.4584
5 30 1 58.9257 99.8494
5 31 0 50.6287 32.3404
5 32 0 85.7509 31.4275
5 33 0 49.9393 31.5478
5 34 1 80.2725 23.5013
5 35 0 77.2394 79.1126
5 36 1 35.4675 17.8004
5 37 0 40.0816 13.0414
5 38 1 94.234 42.3323
5 39 0 51.5675 4.77258
5 40 0 72.3036 45.793
6 1 0 11.9909 75.8445
6 2 0 90.0241 3.65288
6 3 0 10.9729 47.918
6 4 0 24.6259 75.042
6 5 0 28.9947 12.2358
6 7 1 41.361 91.3585
6 8 0 54.3944 39.4477
6 9 0 62.8836 88.7793
6 10 0 90.0378 63.4949
6 11 0 87.4078 74.4221
6 12 0 6.41017 59.5347
6 13 0 25.3611 42.0701
6 14 0 88.6781 8.63021
6 15 0 41.4015 85.2213
6 16 1 48.1903 70.6137
6 17 0 35.7761 82.2984
6 18 0 54.9991 39.1328
6 19 0 33.9519 82.6925
6 20 0 74.3232 46.213
6 21 0 5.87997 57.5779
6 22 0 62.9367 1.31383
6 23 0 29.0915 67.3534
6 24 1 50.0409 12.4979
6 25 0 25.7753 62.2213
6 26 0 4.26177 48.5923
6 27 0 10.5769 66.2355
6 28 0 63.4384 77.1307
6 29 0 65.3558 20.6456
6 30 0 8.35893 14.2622
6 31 0 62.9621 22.7053
6 32 0 88.4701 31.5022
6 33 0 27.6084 86.2041
6 34 1 66.6821 8.87558
6 35 1 91.1293 26.4954
6 36 1 36.3698 42.6951
6 37 0 80.5998 90.7257
6 38 1 89.0606 54.0657
6 39 0 1.16259 81.5045
6 40 0 64.8944 63.1212
7 1 0 66.0975 80.0754
7 2 1 50.7746 56.7793
7 3 0 86.1169 23.5444
7 4 0 35.3462 46.9179
7 5 0 81.9053 2.87582
7 6 0 7.01273 11.1012
7 8 1 63.751 81.5306
7 9 0 35.1762 4.55788
7 10 0 83.3932 47.6329
7 11 1 89.3318 39.0809
7 12 1 75.3705 2.01482
7 13 0 36.6305 32.9895
7 14 0 29.8029 49.0576
7 15 0 34.586 82.3744
7 16 0 16.2759 72.0189
7 17 0 35.1329 26.5573
7 18 0 10.0314 14.0715
7 19 1 46.0349 75.6558
7 20 0 72.4966 33.1788
7 21 0 96.9543 46.8847
7 22 0 68.1733 91.6214
7 23 0 6.94936 85.8797
7 24 1 0.198437 11.6259
7 25 1 51.8079 54.4124
7 26 0 97.8445 79.6635
7 27 0 67.8887 37.0526
7 28 1 5.23794 10.0239
7 29 0 26.1228 54.7763
7 30 0 39.6234 24.5017
7 31 0 69.8851 63.3688
7 32 0 60.8546 4.32778
7 33 0 85.3936 21.8172
7 34 0 73.3435 36.9296
7 35 1 76.4662 20.5883
7 36 0 77.1414 1.71189
7 37 0 73.9282 77.2206
7 38 0 53.5535 30.2498
7 39 0 41.1622 64.5014
7 40 0 15.1049 15.4251
8 1 0 98.6125 39.4199
8 2 0 84.5173 66.816
8 3 0 64.5299 33.97
8 4 0 78.8082 8.05578
8 5 1 82.5058 96.0323
8 6 0 96.5429 4.49667
8 7 0 58.0428 49.2831
8 9 1 8.92111 46.1035
8 10 0 34.1054 78.1236
8 11 0 13.2443 68.5387
8 12 0 51.6036 87.4643
8 13 0 37.1205 61.6621
8 14 0 67.0526 65.461
8 15 0 81.8984 62.0101
8 16 0 66.9902 22.4672
8 17 0 38.1247 88.6783
8 18 0 73.0816 12.9518
8 19 1 73.8653 3.28974
8 20 0 53.205 35.3213
8 21 0 53.7306 71.6955
8 22 0 38.3803 71.8002
8 23 0 67.8915 42.8944
8 24 0 74.6099 99.0115
8 25 0 16.0551 93.9865
8 26 0 98.0227 1.40628
8 27 0 2.33815 94.6432
8 28 0 70.2424 76.9323
8 29 0 81.8048 93.0185
8 30 0 61.5919 73.2556
8 31 0 92.745 4.71678
8 32 0 69.3629 87.4513
8 33 0 38.6277 54.4786
8 34 1 61.6387 1.87355
8 35 0 57.0633 1.675
8 36 0 74.2292 76.1158
8 37 0 98.78 43.4642
8 38 0 12.8233 13.6604
8 39 0 51.2048 23.549
8 40 0 98.5027 95.5861
9 1 0 71.7277 51.7429
9 2 0 71.5269 27.1717
9 3 1 19.2227 74.9652
9 4 0 30.5017 78.0436
9 5 0 49.8786 4.21347
9 6 0 68.5893 78.4663
9 7 1 60.8555 99.9179
9 8 0 61.1907 90.3122
9 10 1 42.6886 16.5007
9 11 0 49.9465 89.4819
9 12 0 68.4447 31.6601
9 13 0 50.6562 12.9875
9 14 0 76.9157 12.0825
9 15 1 10.5119 28.0717
9 16 0 52.5012 6.21381
9 17 0 82.6401 35.5107
9 18 1 15.5326 94.0229
9 19 0 27.029 74.5642
9 20 0 1.07533 35.5128
9 21 0 21.0947 73.2704
9 22 0 68.0142 33.952
9 23 0 46.8723 20.1137
9 24 0 88.075 85.7378
9 25 0 96.9344 82.2957
9 26 0 21.635 80.0503
9 27 0 37.6156 28.2539
9 28 0 53.3802 29.4736
9 29 1 57.9141 10.759
9 30 0 31.36 63.9582
9 31 0 32.198 5.84069
9 32 0 56.9172 92.7455
9 33 1 23.5947 3.57458
9 34 0 8.75528 80.1832
9 35 0 64.5167 62.2664
9 36 0 15.6389 64.5562
9 37 0 95.0385 13.9454
9 38 0 3.81235 51.5419
9 39 0 67.0317 0.720308
9 40 0 5.0161 77.4799
10 1 0 4.40521 63.7137
10 2 0 15.6774 47.9135
10 3 0 67.1692 45.5271
10 4 0 38.3837 6.53853
10 5 0 84.8005 80.8236
10 6 0 97.2402 29.5323
10 7 0 97.053 26.8929
10 8 0 38.5891 44.9689
10 9 0 36.911 22.4451
10 11 1 51.4511 7.15901
10 12 0 7.41251 35.0774
10 13 0 43.4178 30.9793
10 14 0 86.2776 51.2945
10 15 0 62.9939 25.8898
10 16 0 22.5303 21.1922
10 17 0 77.7083 89.3739
10 18 0 31.7237 51.801
10 19 0 7.89355 16.294
10 20 0 76.2137 69.8609
10 21 1 44.2622 26.823
10 22 0 5.6027 53.4885
10 23 0 89.4378 43.9922
10 24 0 64.6515 21.5507
10 25 0 73.0325 81.7544
10 26 0 67.7855 40.5642
10 27 0 11.9436 90.5925
10 28 1 80.2825 46.4076
10 29 1 70.1545 86.5688
10 30 0 76.0676 7.71944
10 31 0 16.2058 77.3434
10 32 0 81.4965 86.0872
10 33 0 82.0931 14.9323
10 34 0 43.2051 82.9253
10 35 1 24.1096 81.7136
10 36 1 56.8718 88.8184
10 37 0 66.9172 89.3821
10 38 0 34.3118 85.1133
10 39 0 14.4676 19.0821
10 40 0 38.2646 62.5562
11 1 1 30.5856 67.0749
11 2 0 13.8614 62.4475
11 3 0 30.7034 49.8035
11 4 0 15.6585 27.2638
11 5 0 25.724 87.672
11 6 0 13.3047 99.2136
11 7 0 72.9567 64.1002
11 8 0 1.19202 3.4012
11 9 0 12.1103 4.14884
11 10 0 78.1338 74.6024
11 12 1 11.9298 64.0038
11 13 0 34.9378 95.2862
11 14 0 38.3695 54.9553
11 15 0 32.8146 2.62311
11 16 1 63.8324 30.7066
11 17 0 87.7968 46.2853
11 18 0 93.4544 44.6966
11 19 0 62.9364 84.0692
11 20 0 2.12688 70.4579
11 21 0 86.7754 15.5821
11 22 0 10.3036 12.7678
11 23 0 95.6935 70.3266
11 24 0 13.982 34.0495
11 25 0 28.0009 87.3499
11 26 0 34.6063 82.8926
11 27 0 20.8433 43.5791
11 28 0 69.1786 15.7087
11 29 0 93.5789 98.4956
11 30 0 39.6987 67.9833
11 31 0 13.6366 6.68974
11 32 0 73.7659 66.6154
11 33 0 10.8042 62.6598
11 34 0 56.4105 34.4684
11 35 0 34.3072 10.6114
11 36 0 90.2125 89.0887
11 37 0 46.3937 0.729933
11 38 0 70.7484 67.0216
11 39 0 20.2743 22.7919
11 40 0 93.7895 2.54187
12 1 0 91.4365 85.1895
12 2 0 50.794 83.9971
12 3 1 76.0026 38.9447
12 4 0 80.7714 60.3254
12 5 0 99.2511 11.4264
12 6 0 67.557 49.5323
12 7 0 1.49722 43.4904
12 8 0 72.0511 43.9839
12 9 0 54.0448 51.4692
12 10 0 41.3711 73.3503
12 11 0 6.23984 20.4978
12 13 1 89.6167 5.36795
12 14 0 40.9094 42.0075
12 15 0 43.8438 40.3511
12 16 0 64.3178 84.1691
12 17 0 16.7533 38.5604
12 18 0 95.0458 13.8159
12 19 0 59.1147 78.4943
12 20 0 26.6464 45.9958
12 21 0 82.9103 81.0294
12 22 0 48.3136 22.8962
12 23 1 66.8499 31.809
12 24 0 56.7841 55.7972
12 25 0 94.3144 90.7102
12 26 0 53.763 39.4183
12 27 0 76.8515 66.3215
12 28 0 0.992799 80.4208
12 29 0 70.8034 16.9388
12 30 0 51.4532 37.132
12 31 1 6.6104 37.4516
12 32 0 57.4532 55.4524
12 33 1 80.2691 65.2014
12 34 0 85.9727 63.2556
12 35 0 63.1735 45.7229
12 36 1 4.83235 17.0237
12 37 0 82.1117 28.8008
12 38 0 83.8866 31.355
12 39 0 73.5292 74.4074
12 40 1 92.4006 9.93097
13 1 0 40.7156 44.331
13 2 1 45.8491 84.0028
13 3 0 85.8098 4.37117
13 4 0 52.8922 21.9481
13 5 0 49.607 90.3537
13 6 0 82.3562 88.9204
13 7 1 5.14092 37.9443
13 8 0 26.5707 1.11108
13 9 0 41.3806 13.2515
13 10 0 81.694 66.2833
13 11 1 38.5974 73.8986
13 12 1 94.7864 94.2201
13 14 1 99.0324 57.7915
13 15 0 42.4619 43.6463
13 16 1 27.0898 81.6632
13 17 1 71.1386 50.3422
13 18 0 81.6178 60.4337
13 19 1 70.5117 30.6387
13 20 0 71.7009 54.139
13 21 0 14.8269 98.4319
13 22 0 75.7514 76.8229
13 23 1 43.315 84.8469
13 24 0 86.5326 18.7326
13 25 0 6.62498 34.59
13 26 0 44.4328 88.6653
13 27 1 30.2913 29.4592
13 28 0 82.7271 31.7922
13 29 1 77.4746 14.214
13 30 0 93.1834 34.1145
13 31 0 26.4522 78.0735
13 32 0 52.9822 78.5804
13 33 1 46.0622 14.1863
13 34 1 85.8085 81.9718
13 35 0 24.0614 25.9666
13 36 1 72.9419 42.6073
13 37 0 3.50012 16.6315
13 38 1 5.96008 68.2034
13 39 0 97.1278 62.5473
13 40 1 89.7297 64.1092
14 1 0 74.1266 15.1246
14 2 1 29.0175 91.3152
14 3 0 83.6033 40.2095
14 4 1 21.0076 20.7309
14 5 0 87.8836 9.82239
14 6 0 4.76795 62.933
14 7 0 26.4058 98.8026
14 8 0 10.2491 53.7204
14 9 1 31.3159 30.8832
14 10 0 45.7274 12.3447
14 11 1 73.8347 24.1501
14 12 1 34.9219 50.8977
14 13 0 73.707 20.9916
14 15 1 1.934 7.57057
14 16 1 95.4353 23.206
14 17 0 94.2566 69.3717
14 18 0 88.7067 53.9213
14 19 0 37.9396 31.7905
14 20 0 38.3825 0.127006
14 21 0 67.3933 24.8191
14 22 1 60.4974 4.43533
14 23 0 63.8407 1.07401
14 24 0 59.691 17.134
14 25 0 3.0441 22.6914
14 26 0 47.8068 71.4948
14 27 0 68.1941 44.5753
14 28 1 76.9205 1.52617
14 29 1 74.3265 0.568042
14 30 0 75.5252 94.6572
14 31 0 4.04957 88.0682
14 32 0 50.1217 44.2085
14 33 0 57.0937 83.7683
14 34 0 82.3937 33.9863
14 35 1 89.6894 3.78516
14 36 1 43.7774 13.4766
14 37 0 94.5082 75.5723
14 38 0 93.3447 34.5929
14 39 0 5.83151 93.9516
14 40 0 52.1888 20.8068
15 1 0 36.5374 68.7864
15 2 0 87.3848 17.3013
15 3 0 39.9529 47.0873
15 4 0 79.5964 71.6214
15 5 0 90.6916 21.7486
15 6 0 36.1907 61.4995
15 7 0 99.5751 5.68405
15 8 0 51.4397 86.697
15 9 0 89.5222 0.194455
15 10 0 98.2766 3.36888
15 11 0 57.5045 51.1571
15 12 0 84.0105 30.6282
15 13 0 65.306 3.2248
15 14 0 62.1412 38.7833
15 16 1 0.243102 90.6209
15 17 0 0.821407 99.7025
15 18 0 93.573 66.2659
15 19 0 12.9772 74.6781
15 20 0 96.9949 31.8253
15 21 0 25.0811 57.8501
15 22 0 95.865 14.965
15 23 0 68.7235 16.6532
15 24 0 60.005 29.1949
15 25 0 76.712 41.0472
15 26 0 37.1245 38.6281
15 27 0 8.02984 24.7944
15 28 0 98.8334 96.7048
15 29 0 76.1858 25.3621
15 30 0 44.0036 92.1871
15 31 0 34.3053 43.1584
15 32 0 5.99717 64.2216
15 33 1 57.8562 20.2076
15 34 0 38.0391 59.7364
15 35 0 78.6923 89.918
15 36 0 81.1574 28.776
15 37 0 77.5718 50.2507
15 38 0 2.63773 31.6202
15 39 0 82.1271 95.645
15 40 0 23.1639 91.0286
16 1 0 88.7683 37.8386
16 2 0 84.4544 72.7467
16 3 0 59.468 28.2618
16 4 0 22.7193 1.10657
16 5 0 6.22012 81.7123
16 6 0 40.3995 71.551
16 7 0 82.0954 8.77966
16 8 0 75.1893 88.5348
16 9 0 64.2805 35.2294
16 10 0 15.6826 95.664
16 11 0 17.2579 39.9104
16 12 0 43.9593 33.965
16 13 0 32.3888 52.4805
16 14 0 59.2515 98.0635
16 15 0 94.049 37.6346
16 17 1 41.5319 49.6042
16 18 0 33.3923 78.807
16 19 0 33.9335 3.02798
16 20 0 13.6889 68.6622
16 21 0 18.1636 25.4613
16 22 0 24.0844 17.4712
16 23 1 86.401 15.4132
16 24 1 27.207 50.7774
16 25 1 54.7028 64.8871
16 26 0 46.513 16.3929
16 27 0 85.9008 6.29206
16 28 0 53.759 34.0587
16 29 0 25.9246 14.3788
16 30 0 27.1985 50.731
16 31 1 73.8709 36.396
16 32 0 61.1375 89.3059
16 33 0 67.4473 25.3935
16 34 0 79.26 28.5064
16 35 0 48.6919 97.5051
16 36 1 5.38823 57.7828
16 37 0 42.2051 5.64948
16 38 0 91.9684 80.4441
16 39 0 10.2885 3.26811
16 40 0 2.54691 79.6549
17 1 1 62.0382 60.5652
17 2 0 69.0571 46.1317
17 3 0 96.3228 0.498099
17 4 1 85.9633 27.1382
17 5 0 82.2849 22.2632
17 6 0 97.2715 54.2328
17 7 0 39.7634 77.2776
17 8 1 40.3818 90.0634
17 9 0 79.0872 87.3994
17 10 0 21.202 96.9228
17 11 0 9.36145 38.997
17 12 0 34.2798 55.3132
17 13 0 70.0874 43.0308
17 14 0 54.2746 53.3954
17 15 0 61.7763 38.3385
17 16 0 10.005 5.70229
17 18 1 79.7759 15.5558
17 19 0 15.6372 41.0195
17 20 0 21.3783 55.5843
17 21 0 14.0769 5.22225
17 22 0 59.0362 40.4563
17 23 1 20.3835 70.4076
17 24 0 31.2298 40.8362
17 25 0 32.6584 88.9847
17 26 0 61.8755 97.1948
17 27 0 93.5233 33.9921
17 28 0 25.0941 35.3389
17 29 0 47.6869 41.0833
17 30 0 42.5667 17.6556
17 31 0 5.80265 99.4636
17 32 0 18.0107 98.0212
17 33 0 84.3001 78.1741
17 34 0 38.3801 8.09276
17 35 0 17.8387 85.2404
17 36 0 32.0123 52.1946
17 37 0 38.0883 13.9847
17 38 0 21.7094 56.2973
17 39 0 79.1699 22.0908
17 40 1 26.7022 29.8056
18 1 0 70.7026 77.5176
18 2 0 41.0769 18.2422
18 3 0 53.5546 0.266447
18 4 0 57.5728 40.3872
18 5 0 31.4975 44.7438
18 6 0 51.8157 98.628
18 7 1 78.7758 72.7665
18 8 0 40.805 48.2303
18 9 0 92.1313 6.88423
18 10 1 14.8849 48.3103
18 11 0 79.2189 29.0172
18 12 1 33.7682 95.4748
18 13 0 18.2318 64.4121
18 14 0 69.3075 7.66344
18 15 0 87.7665 92.9133
18 16 0 85.6543 73.2691
18 17 0 10.7776 1.64985
18 19 1 14.8856 45.47
18 20 0 89.1034 39.6869
18 21 0 45.1036 33.2088
18 22 1 73.7758 43.0389
18 23 0 74.247 64.2649
18 24 0 51.6379 39.7646
18 25 0 21.5585 96.8306
18 26 0 61.0782 21.6719
18 27 0 50.462 49.1971
18 28 0 37.3533 93.3069
18 29 0 67.9737 56.1635
18 30 0 43.0369 65.6871
18 31 0 41.5936 12.0443
18 32 0 33.8765 99.1771
18 33 0 48.763 18.4745
18 34 0 99.0036 13.6417
18 35 0 53.5955 82.4741
18 36 0 50.9585 5.61914
18 37 0 85.7632 3.29891
18 38 0 56.0751 71.7073
18 39 0 43.6298 8.35471
18 40 0 62.2544 23.1366
19 1 0 1.86147 50.1039
19 2 0 51.0329 66.3047
19 3 0 85.8277 16.6718
19 4 0 6.57645 16.05
19 5 0 91.1443 72.0939
19 6 0 62.9017 40.7114
19 7 1 72.6331 77.4266
19 8 0 77.6663 17.9973
19 9 0 42.8615 82.4066
19 10 1 65.8391 39.0475
19 11 0 94.5341 43.8306
19 12 0 92.8489 79.9962
19 13 0 17.3369 87.1094
19 14 0 59.9775 51.9585
19 15 0 58.4206 30.2004
19 16 0 58.8754 8.468
19 17 0 66.624 52.2378
19 18 1 2.42472 18.12
19 20 1 37.6568 39.544
19 21 0 65.994 32.8616
19 22 1 14.8187 31.1583
19 23 1 49.8233 43.3966
19 24 0 64.1742 38.2593
19 25 0 81.1622 20.2203
19 26 0 61.1084 5.96647
19 27 0 92.7213 85.1677
19 28 0 29.4468 56.8226
19 29 0 8.15958 41.7772
19 30 1 53.8833 73.8477
19 31 0 30.3722 8.14174
19 32 1 98.9405 66.3687
19 33 0 75.138 77.4839
19 34 1 81.8109 24.6445
19 35 0 31.3573 60.4052
19 36 0 9.01792 15.0591
19 37 0 93.8188 51.8974
19 38 0 52.2538 58.6601
19 39 0 11.5237 79.6827
19 40 0 54.5293 7.40506
20 1 0 11.9229 94.9412
20 2 0 4.69438 61.5818
20 3 0 91.3567 60.4429
20 4 0 76.1527 41.6963
20 5 1 47.7138 26.4369
20 6 0 18.2615 87.3225
20 7 0 12.6669 90.2707
20 8 0 15.328 37.282
20 9 1 38.6706 55.1059
20 10 0 96.467 77.1474
20 11 0 87.8087 47.9254
20 12 0 80.1147 78.4789
20 13 0 18.0658 3.50921
20 14 0 54.7057 88.8017
20 15 0 98.3736 2.14158
20 16 0 43.3241 36.825
20 17 0 98.1616 93.5434
20 18 0 76.4702 94.1618
20 19 0 39.7931 94.0883
20 21 1 21.6824 5.2304
20 22 0 96.2814 90.4515
20 23 0 52.5731 18.0764
20 24 0 1.47585 0.487896
20 25 0 58.0997 10.5463
20 26 0 48.7901 3.47115
20 27 0 2.28802 50.922
20 28 0 78.3049 72.955
20 29 0 62.0597 24.7096
20 30 0 31.3248 83.0166
20 31 1 37.9215 38.2836
20 32 0 59.8056 59.0365
20 33 0 35.9407 54.0967
20 34 0 22.0381 84.6643
20 35 0 5.59016 11.8702
20 36 0 86.6748 28.4386
20 37 0 78.1254 87.7476
20 38 1 19.5535 46.0707
20 39 0 94.0684 88.5554
20 40 0 7.21609 24.6852
21 1 0 45.9147 53.7776
21 2 0 88.496 43.1707
21 3 0 95.2557 36.3227
21 4 1 19.8265 52.0399
21 5 0 30.3278 58.6122
21 6 0 88.8763 29.5676
21 7 1 97.4887 27.7518
21 8 0 48.0619 76.3439
21 9 0 18.7846 52.7834
21 10 0 76.6589 30.7258
21 11 0 76.43 54.5113
21 12 0 26.0727 30.4686
21 13 1 10.2986 59.3765
21 14 1 64.6687 90.28
21 15 0 21.4326 20.5156
21 16 0 26.7345 26.0718
21 17 0 2.0425 71.2491
21 18 0 12.02 14.2531
21 19 0 28.2298 63.0555
21 20 0 5.70148 9.6712
21 22 1 25.5154 8.22601
21 23 0 54.6012 79.2166
21 24 0 32.4315 73.0404
21 25 0 54.7093 95.6538
21 26 0 51.7915 21.8295
21 27 0 80.9055 35.1531
21 28 0 19.1545 92.9036
21 29 1 38.874 34.1372
21 30 0 99.3226 42.9219
21 31 0 87.2873 85.5532
21 32 1 30.066 69.4745
21 33 0 51.7312 25.9332
21 34 0 14.2709 18.8092
21 35 0 36.2567 33.2536
21 36 0 81.3086 84.0863
21 37 0 32.4946 40.186
21 38 0 59.5816 6.22536
21 39 0 14.6535 66.9042
21 40 0 7.78703 76.947
22 1 1 23.8397 82.9302
22 2 0 53.5004 10.22
22 3 0 87.8928 84.2363
22 4 0 24.8044 31.4145
22 5 0 86.2026 9.22296
22 6 0 64.539 9.14083
22 7 0 58.4125 96.8597
22 8 0 70.4658 30.5309
22 9 0 42.2351 54.1106
22 10 0 34.304 40.6291
22 11 0 7.80468 39.0492
22 12 1 12.0715 68.0184
22 13 0 29.2825 34.4452
22 14 1 6.89165 93.5267
22 15 0 41.1276 3.99739
22 16 0 77.9181 85.3772
22 17 0 3.07622 99.6044
22 18 1 81.6225 0.066652
22 19 0 95.8296 24.8306
22 20 0 91.9484 6.18376
22 21 0 43.4129 82.1015
22 23 1 74.1118 20.9693
22 24 0 92.4102 10.633
22 25 0 29.0378 84.3027
22 26 0 55.9588 27.402
22 27 1 7.1418 69.4241
22 28 0 99.485 51.6136
22 29 0 89.9009 7.50636
22 30 0 32.2599 21.5695
22 31 0 69.6401 93.3786
22 32 0 26.5055 40.9521
22 33 0 36.476 2.55222
22 34 0 76.575 67.9889
22 35 0 78.0073 59.9933
22 36 0 91.6877 37.1224
22 37 0 23.1017 7.73136
22 38 0 92.3561 35.7774
22 39 0 4.70489 82.918
22 40 1 46.8158 88.5872
23 1 0 59.6513 16.4238
23 2 0 73.2468 9.42017
23 3 0 60.1311 13.696
23 4 0 58.4794 58.555
23 5 0 15.5546 60.2076
23 6 0 59.3034 17.1764
23 7 0 46.248 82.5059
23 8 1 46.0914 10.9993
23 9 1 62.4786 77.0179
23 10 0 28.0506 45.1832
23 11 0 70.5568 83.3415
23 12 0 51.2864 64.2522
23 13 0 28.0424 34.6156
23 14 0 6.60375 28.8398
23 15 0 44.6081 97.0074
23 16 0 78.1042 96.6007
23 17 0 95.9246 19.3846
23 18 0 65.1829 10.1347
23 19 0 17.327 86.2849
23 20 0 37.4923 80.5496
23 21 0 47.8427 29.9263
23 22 0 36.9386 14.7483
23 24 1 23.8443 95.1247
23 25 0 75.0773 30.8156
23 26 0 2.08808 37.3436
23 27 1 68.13 66.9492
23 28 0 53.1739 40.383
23 29 0 22.9514 53.7309
23 30 0 94.3507 3.20715
23 31 0 51.5052 19.9457
23 32 0 47.4353 18.1666
23 33 0 34.3588 45.348
23 34 0 71.503 92.0919
23 35 0 89.2276 33.1632
23 36 1 35.3824 70.5716
23 37 0 68.4061 17.1222
23 38 0 78.4201 89.5665
23 39 1 51.058 64.7993
23 40 0 10.2906 5.99553
24 1 0 32.0793 52.3819
24 2 0 43.6518 73.1026
24 3 0 37.5772 71.7814
24 4 0 48.1282 37.9817
24 5 0 53.873 67.5306
24 6 1 6.6626 52.613
24 7 0 57.7102 77.6555
24 8 0 62.9477 90.3547
24 9 0 48.3681 23.9721
24 10 0 4.83623 88.744
24 11 0 43.6393 1.79674
24 12 0 7.5667 77.0953
24 13 0 23.4513 16.0172
24 14 0 78.3444 57.8345
24 15 0 94.474 90.0966
24 16 0 35.0991 9.26036
24 17 0 36.3341 3.64901
24 18 0 73.1186 23.8816
24 19 0 62.7969 97.8407
24 20 0 30.8665 74.3637
24 21 0 69.5795 55.416
24 22 0 55.1063 87.0621
24 23 0 82.5682 30.4996
24 25 1 97.6442 50.0338
24 26 0 28.2046 41.9002
24 27 0 77.537 73.4502
24 28 0 53.0325 62.9153
24 29 0 24.0174 98.3354
24 30 0 44.0748 18.2402
24 31 0 34.9928 27.0532
24 32 0 4.33453 85.8403
24 33 0 74.8702 82.6809
24 34 0 50.4121 87.9875
24 35 1 25.957 19.0946
24 36 0 45.0977 82.5186
24 37 0 98.2474 77.4548
24 38 0 52.2374 17.3932
24 39 1 3.98895 17.1979
24 40 0 34.4107 37.4709
25 1 1 44.4419 23.3684
25 2 0 37.56 17.8387
25 3 1 73.4697 74.0386
25 4 0 41.2271 42.9477
25 5 0 43.1153 49.8032
25 6 1 67.6555 30.4321
25 7 0 67.7988 18.1245
25 8 0 61.358 82.5707
25 9 1 18.3586 83.3533
25 10 0 21.8585 89.1217
25 11 0 31.0019 82.7823
25 12 0 54.7483 67.6704
25 13 0 93.4863 83.7414
25 14 0 24.8494 22.69
25 15 0 59.7786 99.7848
25 16 1 75.4301 94.3129
25 17 1 54.6871 56.0495
25 18 1 16.5787 16.6825
25 19 1 54.3494 86.9036
25 20 1 78.1981 37.4711
25 21 0 65.2603 66.5377
25 22 0 76.4311 51.3626
25 23 0 44.8134 14.3482
25 24 0 76.0968 33.2988
25 26 1 37.6448 66.3272
25 27 0 59.5939 22.6597
25 28 0 5.87522 74.9873
25 29 0 68.1012 75.5973
25 30 0 43.6054 19.2264
25 31 0 86.4974 21.5079
25 32 1 28.3047 70.8702
25 33 0 61.9514 76.7818
25 34 1 6.7414 54.8683
25 35 1 38.4449 61.7585
25 36 0 19.5101 52.8021
25 37 0 49.608 40.7515
25 38 0 73.2061 61.7861
25 39 0 94.4111 8.13338
25 40 0 29.8015 23.7808
26 1 0 66.2959 38.9404
26 2 0 64.6825 71.618
26 3 0 12.7442 44.811
26 4 0 90.5077 43.7627
26 5 0 72.4184 39.1889
26 6 1 9.67976 66.8684
26 7 0 59.9907 63.0713
26 8 0 35.829 22.1987
26 9 0 76.0502 13.6174
26 10 0 32.2745 9.91077
26 11 0 63.0397 26.824
26 12 0 97.2754 45.275
26 13 0 71.0767 47.0934
26 14 1 65.1867 39.0636
26 15 0 82.0907 98.1697
26 16 0 24.955 10.9643
26 17 0 95.3475 17.1779
26 18 0 87.7873 74.7259
26 19 0 68.6289 71.057
26 20 0 59.1419 57.8711
26 21 1 45.1675 83.7163
26 22 1 39.4557 50.8999
26 23 0 46.5003 97.693
26 24 0 56.8327 99.3806
26 25 1 68.0584 71.0112
26 27 1 70.2393 42.0888
26 28 0 76.8758 27.0467
26 29 0 12.4103 9.62945
26 30 0 5.30028 90.2089
26 31 0 2.75865 36.5397
26 32 0 17.182 98.6983
26 33 0 75.9232 84.968
26 34 0 16.3787 18.2721
26 35 0 11.4323 40.2931
26 36 0 77.4119 83.8995
26 37 0 43.4566 37.9385
26 38 0 18.6969 74.6145
26 39 0 74.7752 5.79096
26 40 0 45.9336 84.3547
27 1 0 23.9817 45.2615
27 2 1 29.0979 42.1199
27 3 0 41.3494 38.8434
27 4 0 31.2096 9.471
27 5 0 66.8282 12.3643
27 6 1 16.6692 83.4474
27 7 0 40.2893 88.2697
27 8 0 87.4412 6.92036
27 9 0 38.9877 6.7242
27 10 1 49.5336 72.7512
27 11 0 25.9124 79.1493
27 12 0 42.2584 7.01716
27 13 0 82.043 30.0336
27 14 0 47.946 54.7474
27 15 0 62.982 96.8173
27 16 0 51.654 76.2814
27 17 0 85.6529 39.1978
27 18 0 12.0387 19.598
27 19 0 47.5103 14.8655
27 20 0 3.65221 64.2183
27 21 0 61.6989 28.9679
27 22 0 81.7737 63.9199
27 23 0 2.27308 55.8689
27 24 0 74.2436 1.80025
27 25 0 42.8904 38.8301
27 26 0 54.3941 24.7089
27 28 1 34.6619 14.5312
27 29 0 59.8391 30.7346
27 30 0 82.991 88.5771
27 31 0 30.2547 84.9987
27 32 0 96.0307 4.10604
27 33 0 48.2808 61.8545
27 34 0 44.3726 74.4813
27 35 0 59.5264 73.9681
27 36 0 24.2366 77.6684
27 37 0 59.6815 54.574
27 38 0 85.6301 25.9389
27 39 0 33.6763 40.8587
27 40 1 79.9121 34.5225
28 1 1 43.0304 10.4464
28 2 0 61.6203 99.854
28 3 1 87.1064 73.4339
28 4 0 97.8123 72.4436
28 5 0 97.6544 2.38313
28 6 0 49.4976 54.8867
28 7 0 11.8549 33.8841
28 8 0 98.4081 70.3145
28 9 1 6.65731 56.6523
28 10 0 78.7795 59.656
28 11 0 74.0843 54.5057
28 12 1 93.0125 98.8756
28 13 0 36.718 20.0989
28 14 0 16.1911 82.2116
28 15 0 20.9228 45.9323
28 16 0 30.3579 48.3629
28 17 0 39.258 9.80448
28 18 0 59.1013 63.1178
28 19 0 60.8328 1.22139
28 20 0 67.7313 45.0526
28 21 0 87.3875 93.9984
28 22 0 59.7459 56.7772
28 23 0 92.5916 30.9591
28 24 0 78.5095 10.9672
28 25 0 80.7718 16.8381
28 26 0 11.7659 10.2561
28 27 0 57.9022 70.8162
28 29 1 49.8379 27.9592
28 30 0 89.4424 89.4947
28 31 1 54.8424 25.1446
28 32 0 53.154 54.8374
28 33 1 23.1971 23.7991
28 34 0 85.7016 27.9051
28 35 0 81.4301 94.75
28 36 0 44.3886 36.2089
28 37 0 45.4445 19.9419
28 38 1 69.0213 93.9354
28 39 1 16.3751 44.9801
28 40 0 36.136 36.0288
29 1 0 8.35581 80.529
29 2 0 9.42945 81.6982
29 3 1 24.7764 71.9816
29 4 0 11.4502 53.2424
29 5 0 20.9532 63.7372
29 6 0 37.4611 97.4779
29 7 1 50.0034 91.2533
29 8 0 4.29188 19.4367
29 9 0 69.5652 51.4977
29 10 0 82.8958 32.33
29 11 0 16.0926 2.05355
29 12 0 29.8358 11.5271
29 13 0 8.86854 57.7547
29 14 0 7.31368 63.3132
29 15 0 83.8744 81.5015
29 16 0 46.2809 61.7579
29 17 0 41.3449 29.626
29 18 0 34.2279 4.16319
29 19 1 30.6881 20.9945
29 20 1 14.0051 60.1179
29 21 0 8.1733 81.1389
29 22 0 76.7512 9.34502
29 23 0 6.11836 1.96132
29 24 0 28.1513 47.712
29 25 0 10.3228 31.47
29 26 1 63.7136 56.3782
29 27 0 82.6563 12.1193
29 28 0 57.5727 96.3951
29 30 1 43.2388 30.5498
29 31 0 77.612 1.35389
29 32 0 89.5885 57.8508
29 33 0 80.5155 16.205
29 34 0 80.7361 7.19687
29 35 0 82.6406 5.26316
29 36 0 22.6898 54.7656
29 37 0 61.1152 41.8922
29 38 0 95.3696 37.2238
29 39 0 9.40155 88.2436
29 40 0 7.06423 52.7872
30 1 1 62.4139 1.93707
30 2 0 57.1284 30.8949
30 3 0 46.6488 49.1064
30 4 0 23.9708 98.8459
30 5 0 58.4731 96.063
30 6 1 63.1285 39.9448
30 7 0 28.4776 80.6347
30 8 0 76.0164 38.0856
30 9 0 65.9898 6.07735
30 10 0 86.7187 79.9523
30 11 0 42.8403 42.0321
30 12 0 73.9017 63.21
30 13 0 32.0211 89.6318
30 14 0 24.9724 92.3935
30 15 0 37.783 31.3655
30 16 0 53.5954 2.76172
30 17 0 73.0179 90.9417
30 18 0 51.3749 55.2468
30 19 0 14.7812 58.6638
30 20 0 95.7317 50.6178
30 21 1 57.4502 56.8091
30 22 0 18.2507 55.8278
30 23 0 25.6901 37.3806
30 24 0 38.4337 70.2084
30 25 0 51.3332 83.0325
30 26 0 71.6349 42.3979
30 27 1 39.4744 29.1826
30 28 0 26.0831 56.5588
30 29 0 33.4935 92.3902
30 31 1 10.2931 13.6916
30 32 1 65.4299 26.7124
30 33 1 39.6237 50.7256
30 34 0 66.1481 98.2443
30 35 0 95.9931 83.6857
30 36 0 71.6553 13.9159
30 37 1 15.3606 80.4799
30 38 0 67.3096 62.7494
30 39 1 72.2003 71.2149
30 40 0 39.7734 20.5379
31 1 0 61.5858 44.8302
31 2 0 52.8151 47.6223
31 3 0 78.1826 83.9997
31 4 1 39.7536 23.855
31 5 0 73.4266 51.8444
31 6 0 33.1691 10.0872
31 7 1 19.7671 58.2638
31 8 0 34.3947 92.1939
31 9 0 70.9654 3.56521
31 10 0 6.44299 47.1865
31 11 0 79.8865 28.6233
31 12 0 51.5566 86.7432
31 13 0 69.4503 4.78497
31 14 0 29.9665 12.0524
31 15 0 55.7859 46.8994
31 16 0 57.2047 64.6249
31 17 0 25.5401 76.3333
31 18 0 50.5991 59.1083
31 19 0 90.7174 38.1027
31 20 1 77.4446 33.1259
31 21 0 93.0086 32.7637
31 22 0 50.7822 24.2656
31 23 1 58.6393 48.3084
31 24 0 49.8619 3.32
31 25 0 31.1704 17.0855
31 26 0 80.3126 32.562
31 27 0 21.074 32.7674
31 28 1 32.552 11.0876
31 29 0 90.8807 55.2867
31 30 1 7.60868 2.88935
31 32 1 20.525 60.608
31 33 0 87.4997 55.6732
31 34 0 56.1853 48.3404
31 35 0 13.4319 66.0356
31 36 0 87.3489 38.9557
31 37 0 50.7083 73.2388
31 38 1 79.0771 65.7311
31 39 0 13.928 46.4092
31 40 0 15.0879 46.2324
32 1 0 28.3 51.1679
32 2 0 64.4502 19.1198
32 3 0 80.5713 95.2547
32 4 0 61.2559 6.05736
32 5 0 80.2624 59.7922
32 6 0 66.5277 98.8527
32 7 1 72.5253 35.4628
32 8 0 53.9829 61.3503
32 9 0 54.1867 88.5874
32 10 1 2.81001 8.4105
32 11 0 91.2235 70.0113
32 12 1 56.3542 33.5393
32 13 0 49.2783 49.7293
32 14 0 0.149302 18.2154
32 15 0 89.657 26.7633
32 16 0 90.5743 25.1865
32 17 1 28.9475 72.7033
32 18 0 35.8839 51.9627
32 19 0 0.876419 15.3041
32 20 0 0.525314 31.3121
32 21 0 5.71949 34.8431
32 22 1 14.3021 74.3921
32 23 0 38.4028 46.8982
32 24 0 11.4389 8.34437
32 25 1 53.1612 77.7089
32 26 0 27.8747 54.1541
32 27 1 29.2949 17.9698
32 28 1 28.5421 43.7897
32 29 0 67.4593 78.6824
32 30 0 15.3515 63.2817
32 31 0 52.1474 99.319
32 33 1 27.3906 45.45
32 34 0 59.8124 70.1701
32 35 0 31.7111 54.0867
32 36 1 7.60138 38.7546
32 37 0 44.6838 99.2118
32 38 0 0.51394 27.184
32 39 0 43.8801 23.5466
32 40 0 82.1461 20.8524
33 1 0 38.0531 16.786
33 2 0 41.5949 49.2099
33 3 1 6.2326 10.549
33 4 0 53.8676 99.509
33 5 0 90.7217 82.7449
33 6 1 65.6675 71.7884
33 7 0 9.49398 15.2918
33 8 0 86.1124 98.357
33 9 0 82.3884 81.7589
33 10 0 24.0098 21.8327
33 11 0 84.0276 56.4727
33 12 1 87.8136 67.8987
33 13 0 20.8026 37.8087
33 14 0 9.32651 66.7628
33 15 0 82.4229 85.4921
33 16 0 13.2942 65.1762
33 17 0 65.3219 43.4478
33 18 0 0.194355 83.8036
33 19 0 28.8373 25.3691
33 20 0 87.7735 93.0778
33 21 0 35.8691 91.6887
33 22 0 6.31319 98.7553
33 23 0 4.32612 64.4984
33 24 0 56.0619 16.0991
33 25 1 32.6885 37.1529
33 26 1 13.2494 26.943
33 27 0 32.5089 31.1834
33 28 0 51.8085 50.9648
33 29 0 65.1659 17.8199
33 30 0 77.032 63.8089
33 31 0 97.0791 62.1089
33 32 0 62.7542 8.50511
33 34 1 73.5661 22.284
33 35 0 12.608 59.3477
33 36 1 46.2044 69.6487
33 37 0 69.2166 42.476
33 38 0 87.3136 77.2624
33 39 1 41.3213 9.48645
33 40 0 81.5586 10.2327
34 1 0 9.14693 48.6361
34 2 1 11.9844 29.5597
34 3 0 4.53033 19.7477
34 4 0 22.5526 77.9895
34 5 0 83.9063 50.2558
34 6 0 82.6686 99.0318
34 7 0 75.4719 78.5483
34 8 0 5.70743 48.4288
34 9 0 14.5668 37.6775
34 10 1 5.56252 64.9656
34 11 0 32.2254 82.1346
34 12 0 56.8466 48.4162
34 13 0 23.4054 50.238
34 14 0 23.4947 71.9214
34 15 0 19.1082 31.3923
34 16 0 51.3182 85.2994
34 17 0 21.3041 13.9535
34 18 0 48.742 93.6672
34 19 0 26.1915 80.727
34 20 0 92.4973 38.6595
34 21 0 95.7095 50.287
34 22 0 69.6261 71.7598
34 23 0 6.54432 5.77023
34 24 0 10.5738 27.3689
34 25 0 14.6198 17.5534
34 26 1 12.1701 28.1777
34 27 0 24.5105 45.4865
34 28 0 51.7254 49.8313
34 29 0 6.1638 43.8074
34 30 0 42.6865 92.3502
34 31 0 31.8369 22.3519
34 32 0 32.461 52.0991
34 33 0 88.6678 77.2309
34 35 1 40.2936 26.1759
34 36 0 32.3723 65.5143
34 37 0 45.8566 74.1541
34 38 1 89.3203 66.5844
34 39 0 15.0441 76.1715
34 40 0 48.6675 32.7372
35 1 0 15.2583 84.1067
35 2 1 5.81772 7.19009
35 3 0 69.346 55.8227
35 4 0 61.5179 9.17277
35 5 1 1.93451 56.0395
35 6 0 76.1705 55.2149
35 7 0 99.3177 89.9893
35 8 0 24.7213 81.594
35 9 0 13.9465 28.0571
35 10 0 86.888 4.83573
35 11 0 90.4107 60.7702
35 12 0 46.4572 36.7321
35 13 0 23.0348 36.7952
35 14 0 68.6446 78.254
35 15 0 90.2841 67.591
35 16 0 57.5854 42.7646
35 17 0 72.2448 80.2434
35 18 0 75.3737 38.1057
35 19 0 85.0527 2.63445
35 20 1 76.18 56.3727
35 21 0 7.49173 30.2258
35 22 0 31.881 18.9143
35 23 1 99.9895 91.6172
35 24 0 81.125 40.0666
35 25 1 69.109 28.103
35 26 0 55.3649 75.0217
35 27 0 41.3846 44.3796
35 28 0 97.5123 84.7587
35 29 0 45.0691 81.4708
35 30 0 37.0484 67.2979
35 31 0 67.7403 42.9006
35 32 0 33.2323 29.5691
35 33 1 2.63849 91.7329
35 34 0 57.2491 75.3506
35 36 1 26.2543 80.8677
35 37 0 46.7761 68.0507
35 38 0 70.3791 59.2507
35 39 0 72.1425 76.5212
35 40 1 57.6371 31.9105
36 1 0 99.938 88.5957
36 2 0 35.2455 44.6937
36 3 0 60.8948 46.0079
36 4 0 18.341 65.139
36 5 1 96.8366 74.1525
36 6 0 88.7762 18.9829
36 7 0 35.3545 54.5948
36 8 1 70.4263 50.0175
36 9 1 62.4583 50.7665
36 10 0 54.7351 99.3496
36 11 1 98.9928 83.3426
36 12 0 52.8988 47.0613
36 13 0 98.0109 29.4154
36 14 0 15.8469 99.8448
36 15 0 33.2329 22.9427
36 16 0 64.6193 98.6286
36 17 0 90.7671 67.984
36 18 0 66.5371 25.0352
36 19 0 58.0749 13.7427
36 20 0 69.8728 80.3726
36 21 0 15.9688 45.5837
36 22 0 34.6422 91.0033
36 23 0 79.9795 91.3983
36 24 0 76.7759 53.7991
36 25 1 28.2431 39.8465
36 26 0 98.1278 17.1187
36 27 0 60.8458 98.4363
36 28 0 87.1703 63.2478
36 29 0 13.5377 92.6175
36 30 0 10.1729 1.21407
36 31 0 54.0973 27.5942
36 32 0 71.4712 37.9929
36 33 0 18.5542 76.3989
36 34 0 40.5483 91.9008
36 35 0 11.8284 81.7844
36 37 1 81.972 62.3062
36 38 0 55.9528 90.9192
36 39 1 69.7822 51.8872
36 40 1 29.6737 68.5978
37 1 0 23.4385 6.04141
37 2 0 72.8169 89.1349
37 3 0 36.6139 90.4781
37 4 0 95.5852 19.8704
37 5 1 45.8575 94.0406
37 6 0 4.94213 11.3317
37 7 0 57.2607 13.5839
37 8 1 15.8933 46.637
37 9 0 25.872 45.5675
37 10 0 81.1808 1.58456
37 11 0 0.0893807 50.4149
37 12 0 56.2861 74.254
37 13 0 37.3258 22.163
37 14 1 33.0171 7.45304
37 15 0 31.9305 96.6496
37 16 0 66.3271 69.9526
37 17 0 31.0178 20.382
37 18 0 61.8026 59.8185
37 19 0 11.5968 99.9119
37 20 1 96.412 93.9906
37 21 0 19.1383 87.0027
37 22 0 95.0625 55.3726
37 23 0 60.9553 4.93106
37 24 0 33.2139 31.8748
37 25 0 59.4304 76.4259
37 26 1 83.1444 41.9677
37 27 0 91.897 25.7869
37 28 0 27.0679 22.7538
37 29 0 53.8206 11.0506
37 30 1 13.3462 93.4933
37 31 0 92.581 19.2345
37 32 1 55.7122 8.29279
37 33 0 82.7738 27.1189
37 34 0 66.6363 67.0308
37 35 0 46.1894 86.2695
37 36 0 58.115 61.2809
37 38 1 41.9607 59.1032
37 39 0 71.5735 66.8764
37 40 1 9.05943 54.4147
38 1 0 96.9115 47.3653
38 2 1 30.1607 60.6023
38 3 1 4.88685 45.4784
38 4 0 38.2482 31.6304
38 5 0 31.0107 49.5424
38 6 0 85.2579 93.9738
38 7 0 8.23422 82.3205
38 8 0 49.3062 67.6798
38 9 0 78.407 22.4927
38 10 0 63.0091 87.1976
38 11 0 55.7641 47.596
38 12 0 5.5056 53.3886
38 13 0 29.0046 34.5864
38 14 0 90.2473 15.6267
38 15 0 27.1423 36.1613
38 16 0 55.5532 88.0163
38 17 0 89.4084 62.1324
38 18 0 72.249 17.4676
38 19 1 81.1018 89.4476
38 20 0 13.834 17.832
38 21 0 78.5139 35.1585
38 22 1 57.2015 45.5059
38 23 0 57.0108 78.3058
38 24 0 12.7837 28.4194
38 25 0 85.7675 42.0937
38 26 0 86.5234 48.0851
38 27 0 68.9714 48.5102
38 28 0 74.8229 13.6027
38 29 0 68.8616 41.2329
38 30 0 20.1043 45.7496
38 31 0 76.1102 40.4578
38 32 0 2.22071 23.3975
38 33 0 94.34 46.8244
38 34 0 84.4103 41.5137
38 35 1 2.11936 98.8958
38 36 1 43.3962 60.5987
38 37 0 77.5555 2.04291
38 39 1 34.5483 30.2756
38 40 0 76.8648 0.329967
39 1 1 50.8663 82.3245
39 2 0 39.0885 45.5869
39 3 0 80.8288 74.583
39 4 0 95.1278 46.3801
39 5 0 60.6914 19.3528
39 6 0 40.8619 14.331
39 7 0 95.261 66.1807
39 8 0 5.6344 78.3868
39 9 0 87.3122 73.8502
39 10 0 41.1486 63.2936
39 11 0 47.8279 79.8525
39 12 1 40.2281 39.2911
39 13 0 99.8451 20.9604
39 14 0 89.438 26.5289
39 15 1 18.1751 95.1243
39 16 0 9.9281 1.59729
39 17 0 26.1832 97.5969
39 18 0 88.3888 5.10516
39 19 0 88.0294 68.7303
39 20 1 59.953 71.1751
39 21 0 97.4206 53.7043
39 22 0 18.7296 11.4588
39 23 0 10.44 28.3755
39 24 0 64.8759 7.66928
39 25 1 8.22213 61.6645
39 26 0 99.342 2.41461
39 27 0 70.3893 6.52504
39 28 0 67.0322 51.3988
39 29 1 90.3973 84.0868
39 30 1 30.3646 11.2584
39 31 0 55.618 57.5242
39 32 0 50.5336 24.0627
39 33 0 97.4237 80.6435
39 34 0 53.9061 37.661
39 35 0 19.557 68.847
39 36 0 10.0624 16.1673
39 37 0 65.1397 76.2657
39 38 1 3.68359 56.2875
39 40 1 93.8746 66.4044
40 1 1 43.6396 51.2534
40 2 0 63.6612 37.9579
40 3 0 76.9813 49.2216
40 4 0 25.3821 20.0968
40 5 0 69.7543 12.2659
40 6 0 98.9843 71.2857
40 7 0 50.0323 66.6135
40 8 0 58.2461 69.2
40 9 0 56.4199 14.1699
40 10 0 21.9022 70.4332
40 11 0 16.805 4.04161
40 12 0 32.6867 59.4842
40 13 0 8.33824 60.2587
40 14 0 10.1418 47.8463
40 15 0 37.5068 42.4086
40 16 0 73.0838 16.6779
40 17 0 93.3341 73.2188
40 18 0 82.7337 66.2806
40 19 0 32.6406 52.8532
40 20 0 24.9118 44.5677
40 21 0 83.3004 75.8212
40 22 0 99.7813 88.156
40 23 0 36.3556 8.81634
40 24 1 61.583 14.6688
40 25 0 37.4648 27.2917
40 26 0 41.5847 52.8423
40 27 0 1.02074 43.6772
40 28 0 84.3872 45.9545
40 29 1 25.1838 82.6687
40 30 0 11.9899 59.0332
40 31 0 43.7773 37.2253
40 32 0 7.03618 97.5629
40 33 0 92.3986 45.8065
40 34 1 95.9957 49.514
40 35 0 42.8691 47.1974
40 36 1 24.3339 93.4506
40 37 0 75.2616 42.4475
40 38 0 51.5923 21.3869
40 39 0 29.37 61.3716
15.7622 16.53 25.859 7.90882 33.2236 1.15287 14.9192 37.1732 31.6778 1.28899 15.1627 28.4694 3.69468 16.298 4.85346 1.17711 26.6133 24.1361 5.67632 25.91 12.0623 11.7236 28.8418 10.6634 11.8566 24.6506 25.2144 6.16105 19.021 30.8911 22.3162 5.65582 12.4202 33.3362 8.6813 10.9888 8.93398 34.8883 28.6527 2.91013 