40
500
4
50
1 2 1 65.2679 81.9476
1 3 1 70.4315 53.8946
1 4 1 67.7458 94.8021
1 5 0 40.806 57.6356
1 6 1 41.4458 57.2744
1 7 1 50.0345 75.7534
1 8 0 85.1748 49.5025
1 9 1 63.1003 13.9313
1 10 1 22.085 73.2897
1 11 0 76.5326 55.4241
1 12 0 78.2495 42.8284
1 13 0 42.0954 46.6117
1 14 0 29.3904 11.8626
1 15 0 40.1981 72.1071
1 16 1 3.78207 3.73643
1 17 0 29.4461 74.9052
1 18 0 36.5371 85.9119
1 19 1 62.2485 4.9422
1 20 0 73.4136 22.1311
1 21 0 63.4498 56.1826
1 22 0 21.5239 98.1475
1 23 1 26.0853 65.9646
1 24 0 80.2788 29.4841
1 25 0 38.8129 20.3466
1 26 0 79.1676 69.0946
1 27 1 71.504 6.69924
1 28 0 83.1128 61.589
1 29 0 86.6632 2.88957
1 30 0 27.585 11.3746
1 31 0 50.9592 86.838
1 32 1 64.802 24.904
1 33 0 46.6477 32.6196
1 34 1 27.1138 79.5579
1 35 0 0.296139 39.52
1 36 0 42.57 13.6399
1 37 1 28.3654 35.9257
1 38 0 29.7032 83.097
1 39 0 40.0868 67.3078
1 40 0 67.6067 47.3368
2 1 0 76.1796 85.8116
2 3 1 11.621 96.5367
2 4 0 10.5458 17.1581
2 5 1 34.3008 10.1444
2 6 0 0.078193 52.8381
2 7 0 75.3616 98.8564
2 8 1 10.2892 33.1557
2 9 0 92.7216 62.8915
2 10 0 61.977 94.1287
2 11 1 92.357 78.7517
2 12 1 46.8096 17.0344
2 13 0 80.4344 80.1395
2 14 0 66.3064 34.9808
2 15 1 46.7609 69.9071
2 16 1 65.5801 74.8155
2 17 1 61.4435 56.9599
2 18 0 28.4242 87.4626
2 19 0 39.4701 70.6372
2 20 1 74.0553 14.7549
2 21 0 44.2462 61.2703
2 22 0 26.3866 17.2164
2 23 1 61.1873 22.2237
2 24 1 95.3158 34.65
2 25 0 47.9252 70.7393
2 26 1 45.3283 92.9115
2 27 0 19.6257 51.1819
2 28 0 8.0354 13.7313
2 29 0 58.7173 64.1325
2 30 0 55.1699 13.7708
2 31 0 96.0365 4.78523
2 32 0 75.8291 61.9166
2 33 1 38.0911 75.0551
2 34 0 4.58642 84.5175
2 35 1 69.7227 19.1166
2 36 0 31.1319 91.7817
2 37 0 72.1012 72.4956
2 38 0 84.0138 86.3434
2 39 1 14.8078 54.8937
2 40 0 61.8049 37.6589
3 1 0 88.6045 97.6058
3 2 0 79.4032 82.1587
3 4 1 8.69487 90.3309
3 5 0 28.029 88.7199
3 6 0 49.449 95.5796
3 7 1 60.4787 45.733
3 8 0 40.9163 72.3381
3 9 0 1.75761 81.9501
3 10 0 74.5724 11.3124
3 11 0 4.49623 4.02295
3 12 0 44.8605 2.74814
3 13 0 65.9849 56.5986
3 14 1 68.83 73.4884
3 15 0 34.6 93.4506
3 16 1 21.6036 62.4074
3 17 1 7.3855 87.9059
3 18 0 69.6624 6.64331
3 19 0 66.4836 24.9311
3 20 1 49.2215 29.6678
3 21 0 20.0373 27.9286
3 22 0 45.1076 87.0206
3 23 1 55.7178 35.6405
3 24 1 8.20585 26.7057
3 25 0 23.6331 52.5285
3 26 0 51.6076 32.8199
3 27 0 77.2155 40.5375
3 28 1 74.2492 54.2048
3 29 1 62.6998 9.33862
3 30 0 79.9783 9.36903
3 31 0 13.5208 89.2698
3 32 1 57.8295 53.276
3 33 1 84.1024 19.5448
3 34 1 68.0703 98.1711
3 35 0 34.4775 20.8313
3 36 1 89.6915 3.61915
3 37 1 79.8663 84.5678
3 38 0 24.4493 46.2291
3 39 0 91.8581 71.452
3 40 1 25.8919 42.0047
4 1 1 16.2087 65.4235
4 2 0 10.3065 25.288
4 3 0 96.9326 52.3289
4 5 1 30.1446 49.417
4 6 0 21.6163 42.552
4 7 0 80.1848 49.3773
4 8 0 66.5078 63.5542
4 9 0 15.6874 84.9465
4 10 1 55.6362 96.9313
4 11 0 45.4695 26.9731
4 12 0 66.0883 95.3941
4 13 0 62.1085 54.1841
4 14 1 67.7066 35.9912
4 15 1 2.91717 72.2766
4 16 0 74.5976 89.9655
4 17 0 39.8285 2.22145
4 18 0 6.11107 31.4594
4 19 0 95.4754 21.63
4 20 0 15.6765 37.1808
4 21 0 58.1434 96.9633
4 22 0 87.2932 93.3794
4 23 0 75.4448 77.2157
4 24 0 71.9999 35.2148
4 25 0 6.56352 98.2332
4 26 0 5.78877 5.92152
4 27 0 87.1443 97.9531
4 28 0 53.4926 61.5474
4 29 0 16.5904 51.4698
4 30 0 24.7141 88.8307
4 31 1 97.3068 20.8963
4 32 0 61.6572 93.1754
4 33 0 28.8287 23.0104
4 34 0 1.93162 65.3208
4 35 1 26.537 73.3021
4 36 0 86.7053 61.6422
4 37 0 90.8969 65.1093
4 38 1 35.651 30.729
4 39 0 57.3768 46.0078
4 40 1 69.9562 24.6422
5 1 1 1.87032 79.0403
5 2 1 6.54494 14.4684
5 3 0 81.1367 16.1363
5 4 1 61.603 51.7124
5 6 1 34.9452 66.5306
5 7 0 79.8885 52.2248
5 8 1 72.6756 47.516
5 9 0 98.6661 47.9427
5 10 0 23.1508 14.6687
5 11 0 17.1549 88.0104
5 12 0 91.6295 8.00708
5 13 1 1.87302 57.6368
5 14 1 91.7487 38.6262
5 15 1 38.0612 35.8969
5 16 0 13.1545 53.2434
5 17 0 20.0564 53.0015
5 18 0 64.6672 10.205
5 19 0 98.0023 57.4454
5 20 0 34.065 90.7943
5 21 0 72.7301 0.636635
5 22 1 92.1065 4.07549
5 23 0 67.4481 27.9179
5 24 1 23.6227 27.4031
5 25 0 30.2841 76.1248
5 26 0 10.026 35.6252
5 27 0 77.5666 37.1624
5 28 0 49.3782 19.0463
5 29 1 63.6271 75.0322
5 30 0 14.5206 40.6568
5 31 0 59.1382 56.1759
5 32 0 85.3352 89.1175
5 33 1 35.2533 19.9538
5 34 1 11.6802 32.8757
5 35 1 14.6713 96.8283
5 36 0 65.8658 63.8694
5 37 0 70.8461 59.4015
5 38 0 28.9458 53.4158
5 39 0 98.6621 81.0439
5 40 0 48.0142 50.6508
6 1 0 12.6982 97.4272
6 2 1 27.1262 15.8306
6 3 0 0.769635 90.9887
6 4 0 95.1191 74.6985
6 5 1 35.5752 62.9769
6 7 1 1.13262 36.1759
6 8 0 43.9647 10.4262
6 9 0 34.8606 58.5836
6 10 1 35.9371 13.8023
6 11 0 60.175 7.87886
6 12 0 58.8347 63.3421
6 13 0 6.26505 49.6191
6 14 0 20.8111 48.658
6 15 1 36.0216 40.4952
6 16 1 61.7473 80.0224
6 17 1 87.6405 31.7006
6 18 1 32.5083 70.3104
6 19 0 74.811 60.7931
6 20 0 49.2399 34.7503
6 21 0 62.3996 95.2064
6 22 0 0.0411903 6.79173
6 23 0 94.4204 57.0583
6 24 0 15.2616 98.7597
6 25 1 50.0539 22.1221
6 26 0 58.8285 32.1563
6 27 0 73.2154 40.8123
6 28 0 22.138 49.1451
6 29 0 9.81726 3.56222
6 30 0 85.2994 72.4981
6 31 1 96.7476 44.2226
6 32 0 59.754 87.2691
6 33 0 45.6456 89.0815
6 34 1 24.2792 5.13927
6 35 0 86.8411 64.8413
6 36 0 96.78 79.267
6 37 0 81.0048 76.655
6 38 0 8.41864 42.4852
6 39 0 31.2739 84.7993
6 40 0 53.9729 49.5428
7 1 1 4.52143 21.5187
7 2 0 64.9605 75.6453
7 3 0 18.2761 69.93
7 4 1 85.0502 31.8491
7 5 0 61.4369 26.143
7 6 0 48.4216 29.6746
7 8 1 6.36561 88.0004
7 9 0 92.3355 65.8363
7 10 0 75.806 99.9233
7 11 0 80.2947 66.7885
7 12 0 72.3622 83.7889
7 13 1 75.2535 24.0589
7 14 0 2.03872 13.7994
7 15 0 66.2022 54.3676
7 16 0 9.37655 48.4222
7 17 0 38.2696 88.9804
7 18 1 99.6941 35.6627
7 19 0 76.2398 22.8298
7 20 0 24.1056 16.5724
7 21 0 47.6802 5.6527
7 22 1 34.746 10.0443
7 23 0 6.32475 33.7716
7 24 0 84.9192 99.3833
7 25 1 94.1615 40.2172
7 26 0 70.225 70.2253
7 27 0 91.7135 74.4332
7 28 0 37.0264 88.457
7 29 0 73.3878 4.20031
7 30 1 55.4129 72.263
7 31 0 18.403 60.0617
7 32 1 9.59089 15.5373
7 33 0 51.3222 32.1617
7 34 0 71.1561 94.5164
7 35 0 32.7337 0.292352
7 36 0 82.3299 58.3907
7 37 0 37.6162 51.4587
7 38 1 72.8491 91.1836
7 39 0 80.1957 4.84585
7 40 0 64.7501 56.5229
8 1 1 1.17865 78.2055
8 2 1 43.3811 63.9061
8 3 1 44.6525 14.2895
8 4 0 21.4582 1.18839
8 5 0 20.5811 24.8395
8 6 0 32.6564 65.9058
8 7 0 48.1558 30.7901
8 9 1 6.55985 30.7303
8 10 0 27.9705 83.331
8 11 0 55.6044 89.2793
8 12 0 49.5031 56.1704
8 13 1 46.494 42.1927
8 14 0 72.0731 13.0355
8 15 1 75.3683 20.5626
8 16 1 59.3468 93.8223
8 17 1 20.9262 1.6139
8 18 1 55.3887 95.052
8 19 1 23.5577 3.33043
8 20 0 42.397 16.3083
8 21 0 4.05617 77.9421
8 22 1 7.01286e-005 70.7131
8 23 0 20.0038 68.8796
8 24 0 75.9844 99.1717
8 25 1 0.97015 36.8055
8 26 1 40.7557 94.649
8 27 0 26.7401 46.0821
8 28 0 70.121 95.9689
8 29 0 25.4208 16.6296
8 30 1 92.8888 26.3565
8 31 0 55.4739 35.7748
8 32 1 69.5179 39.8772
8 33 1 81.3628 90.3534
8 34 0 53.9318 55.0235
8 35 1 6.61073 79.3122
8 36 0 36.8936 86.9674
8 37 0 49.9125 86.8144
8 38 0 34.1135 16.0536
8 39 0 18.6974 48.9823
8 40 1 99.3035 32.9032
9 1 0 75.0972 73.3029
9 2 0 53.5697 80.3988
9 3 0 28.5191 65.6522
9 4 0 28.6712 43.7414
9 5 0 80.0256 99.5842
9 6 0 15.4192 84.015
9 7 0 85.8494 73.0562
9 8 1 99.8824 70.6425
9 10 1 51.8075 87.897
9 11 1 87.0248 31.4821
9 12 0 9.23873 73.8365
9 13 0 20.9068 80.8215
9 14 0 81.1479 57.6546
9 15 0 81.3684 94.1862
9 16 0 47.047 78.9105
9 17 0 45.5412 14.5334
9 18 1 46.4038 11.4796
9 19 0 4.82295 23.716
9 20 0 20.9877 39.6698
9 21 0 32.0678 58.3704
9 22 0 11.581 63.482
9 23 0 94.3171 61.4102
9 24 0 23.7361 63.313
9 25 1 87.0368 89.6438
9 26 1 18.9754 0.94223
9 27 0 59.1812 74.4896
9 28 1 5.30588 25.3593
9 29 0 31.5023 44.7754
9 30 1 58.4291 92.9362
9 31 0 91.2145 73.1788
9 32 0 33.296 1.52254
9 33 0 77.8954 13.2089
9 34 0 92.8047 72.5879
9 35 0 71.1059 48.1411
9 36 0 6.48848 71.9268
9 37 0 19.1487 82.6026
9 38 0 50.2285 6.59135
9 39 1 18.3566 13.5629
9 40 1 42.6479 62.3123
10 1 0 88.3021 42.8163
10 2 0 92.2862 1.89008
10 3 1 20.3275 7.99443
10 4 1 11.1656 64.6273
10 5 0 17.9787 13.9714
10 6 0 40.3781 91.4373
10 7 1 32.0745 40.8192
10 8 1 77.3305 78.8881
10 9 0 92.8732 19.3653
10 11 1 42.3025 40.0344
10 12 0 35.3211 83.9911
10 13 0 79.9575 2.7408
10 14 0 62.8964 72.7139
10 15 0 50.2303 66.0084
10 16 1 60.9889 84.1674
10 17 0 72.7099 42.5473
10 18 0 8.82971 18.7423
10 19 1 2.30328 67.4881
10 20 1 46.3609 64.5391
10 21 0 59.364 2.95924
10 22 1 88.1461 92.9166
10 23 0 42.3456 81.009
10 24 1 21.4542 1.63843
10 25 1 52.9751 92.883
10 26 0 10.7398 84.4606
10 27 1 51.7399 12.0407
10 28 1 11.6253 85.6593
10 29 0 85.7476 48.9385
10 30 0 56.1522 1.9436
10 31 0 69.2854 5.99929
10 32 0 45.0647 1.78059
10 33 0 30.3054 71.5086
10 34 1 89.6758 67.1362
10 35 0 70.3567 0.892877
10 36 0 70.2911 80.6086
10 37 1 83.4342 29.2501
10 38 0 99.0196 62.163
10 39 1 75.4119 86.5401
10 40 0 47.3333 45.6035
11 1 0 21.7055 61.3221
11 2 1 55.6085 53.5769
11 3 0 70.2368 19.5434
11 4 0 79.0009 37.0607
11 5 0 0.0381067 78.7373
11 6 0 18.4703 34.0511
11 7 1 92.5655 36.0579
11 8 0 30.5672 4.05304
11 9 0 40.9282 45.4501
11 10 0 84.5693 97.1382
11 12 1 91.4358 86.615
11 13 0 92.0289 66.2758
11 14 0 56.9928 13.4778
11 15 1 43.6943 35.9779
11 16 0 88.3674 63.4081
11 17 0 80.2394 6.58017
11 18 0 30.714 2.53483
11 19 0 30.5104 38.2182
11 20 1 10.439 37.1299
11 21 0 58.0576 76.5526
11 22 0 81.3487 73.8501
11 23 0 67.935 49.6974
11 24 1 24.1885 57.4149
11 25 0 54.1831 39.1914
11 26 0 24.9688 59.7204
11 27 0 27.0548 2.0749
11 28 0 64.374 39.7548
11 29 1 40.46 95.8351
11 30 0 47.5694 41.6564
11 31 1 18.0843 5.69511
11 32 0 73.3023 99.6014
11 33 1 93.1432 25.6687
11 34 0 78.6447 89.3474
11 35 0 20.0577 18.0052
11 36 0 42.7932 17.6356
11 37 0 27.1019 83.3024
11 38 0 16.4067 9.13939
11 39 0 45.4913 36.2849
11 40 0 82.9976 20.8396
12 1 0 38.3362 70.7089
12 2 0 83.6359 88.8372
12 3 0 63.1463 31.1705
12 4 1 46.6106 97.0818
12 5 0 90.4482 5.89662
12 6 0 2.17291 83.3466
12 7 1 9.5004 44.0731
12 8 0 42.8672 1.38785
12 9 0 30.0359 32.6135
12 10 1 47.4709 3.79386
12 11 0 68.9145 15.0932
12 13 1 60.2641 73.976
12 14 0 3.69438 30.3404
12 15 0 42.9239 80.3459
12 16 0 36.3166 19.5159
12 17 0 80.7937 87.4589
12 18 1 19.297 22.0013
12 19 0 24.7593 75.1761
12 20 1 37.8959 50.4629
12 21 0 99.4265 0.325649
12 22 0 82.8511 72.2438
12 23 1 60.5255 62.4646
12 24 0 10.7973 0.0971389
12 25 1 71.0202 72.6684
12 26 1 52.6896 38.1545
12 27 0 53.526 35.0654
12 28 0 10.1647 61.2535
12 29 0 76.4038 62.3433
12 30 1 78.8135 16.4155
12 31 0 75.7356 63.8034
12 32 0 16.5974 20.1247
12 33 0 75.938 3.00164
12 34 0 45.0647 4.29351
12 35 0 64.1123 60.6335
12 36 0 52.3213 94.7755
12 37 0 41.4015 43.7522
12 38 1 0.000661565 27.713
12 39 0 1.21206 4.52973
12 40 1 59.1165 22.7908
13 1 0 69.277 12.3102
13 2 1 18.1973 8.64197
13 3 0 1.92996 36.7621
13 4 0 71.1281 49.0996
13 5 0 7.71432 31.5266
13 6 1 60.9995 1.40183
13 7 1 63.1033 55.0617
13 8 1 62.7668 72.8191
13 9 0 54.755 60.9794
13 10 1 34.8398 44.4489
13 11 0 11.1189 29.943
13 12 0 52.4672 41.9952
13 14 1 4.24242 11.4648
13 15 1 69.8221 83.5962
13 16 0 10.2863 71.4838
13 17 0 22.3651 21.6092
13 18 0 32.3774 80.4638
13 19 0 98.8307 13.0364
13 20 1 75.316 67.261
13 21 1 36.8132 76.4739
13 22 0 51.5334 96.7809
13 23 1 89.6134 52.1467
13 24 0 34.8843 96.9104
13 25 0 64.8339 56.1053
13 26 0 66.9681 34.6043
13 27 0 16.4055 69.4694
13 28 1 54.5203 66.8354
13 29 1 32.8346 56.4307
13 30 0 83.6314 68.3939
13 31 0 36.2863 43.8846
13 32 0 39.0498 62.0136
13 33 0 2.41419 72.0421
13 34 0 22.6697 94.8398
13 35 0 9.19162 49.7573
13 36 0 81.4775 71.5314
13 37 0 7.7561 65.6657
13 38 1 43.7401 67.3409
13 39 0 97.9925 31.0597
13 40 0 92.6348 88.4638
14 1 0 96.9548 85.0705
14 2 0 50.0995 48.5876
14 3 1 63.444 11.2808
14 4 0 9.68401 62.9501
14 5 0 68.1448 11.0716
14 6 1 59.1309 79.476
14 7 1 49.3013 65.4743
14 8 0 77.1496 53.7344
14 9 0 12.4392 73.4517
14 10 0 88.6699 25.8279
14 11 1 3.41757 52.6534
14 12 0 66.8136 70.4843
14 13 0 75.3112 95.7715
14 15 1 11.5014 50.0372
14 16 0 60.4398 32.8431
14 17 1 92.8039 28.6769
14 18 0 22.4485 55.0039
14 19 0 11.95 28.3219
14 20 1 29.5996 67.0429
14 21 0 73.8607 20.5185
14 22 0 72.1067 2.94315
14 23 0 92.3338 73.0966
14 24 0 6.58911 6.98566
14 25 0 75.6766 1.33691
14 26 0 54.3157 99.7368
14 27 0 6.13793 29.3552
14 28 0 38.1835 19.9964
14 29 0 95.246 86.5413
14 30 1 68.3557 75.9925
14 31 0 50.2204 31.2637
14 32 0 83.3123 46.4489
14 33 0 40.6483 98.3222
14 34 0 95.9927 74.6217
14 35 0 7.94878 76.2277
14 36 1 29.8087 14.7562
14 37 1 18.7001 27.2837
14 38 0 13.5185 8.01647
14 39 0 58.018 59.5526
14 40 0 54.5696 1.05467
15 1 0 99.9638 1.04567
15 2 0 92.6764 81.8449
15 3 0 92.8262 3.15147
15 4 0 77.8164 45.518
15 5 1 94.5439 48.3141
15 6 0 19.0487 6.56152
15 7 1 88.4812 80.5393
15 8 0 12.1222 61.4664
15 9 0 88.4464 24.8338
15 10 1 99.3691 21.496
15 11 0 49.9898 40.8954
15 12 1 50.7497 11.1895
15 13 0 86.0024 14.1228
15 14 1 91.5091 80.9887
15 16 1 80.0385 3.31205
15 17 0 52.9449 78.2891
15 18 0 81.7193 37.367
15 19 1 43.1507 27.3331
15 20 0 34.1655 77.4844
15 21 1 60.148 46.3427
15 22 1 98.0109 4.12898
15 23 1 23.3882 86.7506
15 24 0 43.2432 29.3577
15 25 1 86.4392 66.3855
15 26 1 56.0771 79.71
15 27 1 89.9714 17.2061
15 28 1 70.7398 91.2722
15 29 1 36.6495 30.0023
15 30 0 56.7796 65.7505
15 31 1 50.169 68.6619
15 32 0 7.38154 73.4683
15 33 1 51.1303 1.50213
15 34 0 41.3865 67.6167
15 35 0 98.8177 82.0122
15 36 1 70.6932 33.7704
15 37 0 81.0191 7.14276
15 38 0 69.9713 33.9819
15 39 0 67.3023 22.531
15 40 0 95.0667 20.3271
16 1 0 90.7051 38.1016
16 2 1 88.4511 81.1358
16 3 0 79.7752 99.8472
16 4 1 49.3197 15.8209
16 5 0 85.6775 31.7174
16 6 0 28.4196 69.9415
16 7 0 47.7581 94.4907
16 8 1 95.9858 4.75706
16 9 0 81.5514 88.9622
16 10 1 61.5331 51.9891
16 11 1 40.6956 81.5521
16 12 1 16.0355 21.772
16 13 0 70.2054 99.1824
16 14 0 16.8191 28.8797
16 15 0 19.9641 70.9213
16 17 1 51.5557 49.1105
16 18 1 0.137802 95.7776
16 19 0 0.286306 4.58826
16 20 0 98.6409 14.9663
16 21 0 9.3394 99.9665
16 22 1 82.0849 22.1647
16 23 1 95.0531 6.3366
16 24 0 51.9661 78.6559
16 25 1 66.6626 55.8356
16 26 0 78.9244 89.809
16 27 0 8.78602 38.424
16 28 0 7.54001 58.1517
16 29 0 40.6409 69.13
16 30 0 2.69054 49.4542
16 31 1 57.7505 1.03651
16 32 0 26.9496 51.6501
16 33 0 14.0939 92.9377
16 34 0 42.6162 75.1336
16 35 0 35.4828 90.7671
16 36 1 88.5659 66.8312
16 37 1 83.3493 83.7878
16 38 1 24.8747 4.01124
16 39 1 41.2803 55.4864
16 40 0 25.7069 50.0529
17 1 1 18.5964 75.0977
17 2 0 55.4606 31.9838
17 3 0 47.6337 40.2458
17 4 0 27.8665 12.1947
17 5 0 93.5505 77.3845
17 6 0 34.8416 66.6268
17 7 0 55.0585 80.5089
17 8 1 96.8766 50.3153
17 9 1 12.6202 31.0625
17 10 1 49.8796 22.7375
17 11 1 5.32239 44.1153
17 12 0 91.4254 22.8232
17 13 0 23.5689 15.7073
17 14 0 67.5748 81.6886
17 15 0 31.7296 13.2796
17 16 0 83.1463 59.0965
17 18 1 35.1833 12.5026
17 19 0 22.3902 58.3674
17 20 0 31.871 80.4761
17 21 0 47.5775 12.3864
17 22 0 26.9061 67.3798
17 23 0 53.4315 55.6264
17 24 0 11.5118 61.4705
17 25 0 97.2732 93.9145
17 26 0 79.3842 20.5721
17 27 1 79.5467 16.9764
17 28 0 41.3302 57.2566
17 29 0 29.8205 1.41378
17 30 1 48.1721 28.1535
17 31 0 31.5298 68.3118
17 32 1 98.8178 72.754
17 33 0 10.266 78.9166
17 34 0 48.5816 61.401
17 35 1 62.9924 60.1063
17 36 1 4.22376 39.5788
17 37 0 11.4421 23.2324
17 38 1 74.9483 96.6001
17 39 0 54.1675 7.35553
17 40 0 57.3302 45.8946
18 1 1 37.1582 92.4613
18 2 1 37.6115 51.8106
18 3 0 87.3629 77.7157
18 4 1 32.6202 51.464
18 5 0 13.065 21.59
18 6 0 9.59879 24.428
18 7 0 49.6069 28.361
18 8 0 55.7758 60.6536
18 9 0 20.9353 1.12899
18 10 0 25.8052 93.2326
18 11 0 20.7507 85.43
18 12 0 54.335 88.5266
18 13 0 87.3597 38.6275
18 14 0 87.1844 74.9407
18 15 0 65.4823 42.8887
18 16 0 24.5781 73.1332
18 17 0 37.2523 59.2921
18 19 1 62.9233 35.351
18 20 1 76.6914 82.9628
18 21 0 92.8893 10.9751
18 22 0 7.73677 66.6789
18 23 0 51.0761 5.03617
18 24 0 94.4685 90.5523
18 25 1 69.2803 29.2475
18 26 0 36.1906 16.9072
18 27 1 18.1069 61.51
18 28 1 3.37936 59.3549
18 29 0 84.4083 5.87729
18 30 0 61.0387 73.2417
18 31 0 58.0117 60.4871
18 32 0 59.0909 29.5004
18 33 0 60.0833 92.301
18 34 0 55.5995 8.66432
18 35 1 6.28699 78.6419
18 36 1 45.0304 30.3231
18 37 0 18.615 5.97211
18 38 0 48.7952 58.1494
18 39 0 49.5381 12.4388
18 40 0 25.4849 56.191
19 1 0 8.6028 76.7038
19 2 0 1.7233 63.3301
19 3 0 60.007 65.9801
19 4 0 74.4104 1.65248
19 5 0 42.6085 77.4801
19 6 1 22.4018 72.7842
19 7 0 52.9017 17.0192
19 8 0 25.8841 2.76846
19 9 1 21.6953 23.7132
19 10 0 87.3033 99.8999
19 11 0 24.8203 79.5797
19 12 1 33.2407 32.7118
19 13 0 7.42915 96.7289
19 14 1 32.7078 63.0796
19 15 0 93.2729 83.9104
19 16 0 4.98275 25.8854
19 17 1 1.20931 55.4704
19 18 0 19.7885 61.7227
19 20 1 63.075 22.8096
19 21 0 7.53734 17.9056
19 22 1 37.2933 74.7922
19 23 0 45.3769 20.9719
19 24 1 63.512 90.3017
19 25 1 27.8684 73.4927
19 26 0 64.9892 43.8711
19 27 0 55.06 33.7291
19 28 1 15.5531 2.85977
19 29 0 61.7754 32.4935
19 30 0 85.9382 43.4154
19 31 0 64.4689 33.1622
19 32 1 43.5467 96.4216
19 33 0 1.17411 64.17
19 34 0 76.9634 4.70063
19 35 0 80.0562 73.0878
19 36 1 36.9169 69.9883
19 37 0 61.5305 97.2665
19 38 1 59.5094 38.9278
19 39 0 2.44469 62.4001
19 40 0 43.0664 25.2355
20 1 0 16.7039 37.928
20 2 0 45.3874 56.0851
20 3 0 42.7414 55.3891
20 4 1 85.2494 21.1164
20 5 0 74.3735 42.0619
20 6 0 83.098 57.968
20 7 0 24.9859 86.5537
20 8 1 28.577 21.2488
20 9 0 52.5295 33.9582
20 10 1 77.2693 68.5779
20 11 0 17.5778 82.1577
20 12 1 86.3753 3.5365
20 13 0 54.7892 18.9512
20 14 1 88.687 61.9793
20 15 0 68.9524 22.8127
20 16 1 48.9644 56.8747
20 17 0 24.622 54.3818
20 18 0 63.3392 2.91152
20 19 0 96.2228 82.9414
20 21 1 52.1629 88.59
20 22 1 55.8492 35.1859
20 23 0 9.72818 95.3606
20 24 0 59.5079 85.9107
20 25 0 87.9761 95.5294
20 26 0 1.47692 40.762
20 27 1 13.8683 35.7086
20 28 0 62.0967 96.9739
20 29 0 41.3521 86.3662
20 30 0 87.7346 86.7922
20 31 0 5.45832 1.93944
20 32 0 69.5887 34.3031
20 33 1 22.6457 85.7836
20 34 1 96.5962 96.1259
20 35 0 51.6253 16.403
20 36 1 8.52423 93.2138
20 37 0 84.8612 73.1865
20 38 0 24.4011 12.2127
20 39 0 88.54 7.65525
20 40 1 5.76497 46.0899
21 1 0 91.8124 93.0471
21 2 1 58.8665 6.63126
21 3 0 19.5558 69.6408
21 4 1 24.1258 59.0044
21 5 0 49.4041 2.30769
21 6 0 6.59824 88.6767
21 7 0 3.74426 0.511512
21 8 0 94.8421 91.1336
21 9 0 92.4702 98.0145
21 10 1 10.3357 51.443
21 11 0 40.8366 88.1829
21 12 0 62.4446 82.582
21 13 0 60.1096 31.7478
21 14 0 8.79762 89.1449
21 15 0 8.35293 43.4692
21 16 0 7.63687 84.8026
21 17 1 52.9184 58.5443
21 18 1 47.3852 14.4518
21 19 1 38.8296 34.6464
21 20 0 71.648 77.1078
21 22 1 32.3273 57.2457
21 23 0 88.663 21.4438
21 24 0 33.9022 99.6773
21 25 0 77.5452 23.5161
21 26 1 57.038 85.3455
21 27 0 12.7084 20.7545
21 28 0 80.47 42.0255
21 29 1 29.473 93.135
21 30 0 41.849 93.0103
21 31 0 64.5986 92.6935
21 32 1 92.4824 99.1377
21 33 0 86.2544 22.753
21 34 1 29.7941 9.22161
21 35 1 74.3128 28.9665
21 36 0 42.6539 87.7833
21 37 0 75.9781 97.7981
21 38 0 35.8065 46.5923
21 39 0 66.4788 52.6089
21 40 1 56.5864 35.1249
22 1 0 99.422 29.0655
22 2 0 83.3685 82.5575
22 3 1 84.2246 86.2938
22 4 1 28.3119 87.5721
22 5 1 45.6806 43.2577
22 6 0 9.87016 14.6958
22 7 0 24.3449 6.14203
22 8 0 40.42 6.85427
22 9 0 80.1033 22.6324
22 10 0 55.8621 76.6896
22 11 0 66.7068 3.21093
22 12 0 12.8038 13.7257
22 13 0 86.2947 59.6367
22 14 0 32.2452 75.545
22 15 0 33.7797 82.1979
22 16 1 91.4157 87.9057
22 17 1 8.82562 12.742
22 18 0 99.4312 17.1823
22 19 0 43.549 70.4175
22 20 0 70.9794 39.2286
22 21 0 96.2686 51.0217
22 23 1 37.9181 76.5777
22 24 0 29.9583 94.7571
22 25 0 89.2557 54.6005
22 26 0 2.13802 85.2939
22 27 0 37.9057 30.7201
22 28 1 72.0917 48.7052
22 29 0 54.5291 66.1258
22 30 1 7.17572 64.812
22 31 0 81.949 32.5292
22 32 1 94.8279 40.3878
22 33 1 6.47319 36.377
22 34 0 27.3895 95.2727
22 35 1 93.9396 76.3967
22 36 1 50.961 76.431
22 37 0 40.2731 65.4765
22 38 1 64.802 0.347718
22 39 1 63.7954 55.0421
22 40 0 89.9059 0.131004
23 1 0 57.0108 14.6287
23 2 0 93.9039 68.435
23 3 0 79.3117 49.884
23 4 0 9.63927 94.1721
23 5 0 96.7458 21.9947
23 6 1 38.3478 91.6155
23 7 1 16.5937 7.32115
23 8 1 37.0574 87.3798
23 9 0 2.33312 1.7909
23 10 1 80.0241 51.0947
23 11 0 12.2087 88.9596
23 12 1 92.0537 99.421
23 13 0 62.6335 32.2871
23 14 0 47.6425 44.0978
23 15 1 69.7674 49.4888
23 16 0 76.0937 29.1871
23 17 1 51.3716 99.6308
23 18 0 91.1059 64.3238
23 19 0 92.8545 4.0706
23 20 1 27.255 0.905407
23 21 0 51.1322 12.9745
23 22 0 38.6641 49.4509
23 24 1 44.592 97.4219
23 25 1 19.9915 22.0651
23 26 0 89.7448 13.3126
23 27 0 27.7413 69.1903
23 28 1 59.4482 82.9676
23 29 0 61.6057 83.245
23 30 0 51.2458 6.01811
23 31 1 45.5433 82.1485
23 32 1 18.5392 46.3849
23 33 1 0.259125 15.863
23 34 1 64.6622 86.6296
23 35 1 5.33027 81.1396
23 36 0 87.7542 59.2731
23 37 0 33.6118 43.9624
23 38 0 23.845 68.9165
23 39 0 7.06432 75.5106
23 40 0 1.15732 62.7598
24 1 1 81.4628 48.2169
24 2 0 34.5779 81.7761
24 3 0 55.1178 4.91277
24 4 0 93.183 90.3317
24 5 0 74.1988 67.6126
24 6 0 27.9701 21.9926
24 7 0 12.7537 55.1675
24 8 0 73.463 64.9403
24 9 1 25.168 44.7752
24 10 0 99.0235 81.9024
24 11 0 17.0661 38.0594
24 12 0 20.294 52.4707
24 13 0 88.126 62.0734
24 14 0 97.3087 82.6855
24 15 1 9.77046 28.0456
24 16 1 54.6911 12.4502
24 17 0 80.7588 10.7306
24 18 0 77.947 26.8361
24 19 0 68.926 12.5797
24 20 1 48.1745 0.278188
24 21 1 85.8599 69.374
24 22 0 93.0679 33.872
24 23 0 12.4844 90.8797
24 25 1 3.00462 73.5306
24 26 0 82.5159 51.5914
24 27 0 45.0423 80.9881
24 28 1 90.999 33.4695
24 29 0 77.0926 2.21438
24 30 0 2.85938 28.3186
24 31 0 80.3407 77.1775
24 32 0 32.9507 86.4012
24 33 0 66.7569 40.4078
24 34 1 2.29508 61.9909
24 35 0 43.3907 67.17
24 36 0 30.706 50.1561
24 37 0 83.4247 75.5171
24 38 0 86.539 23.8469
24 39 0 39.6845 73.5363
24 40 0 46.3606 91.0975
25 1 0 61.7703 17.1211
25 2 0 88.2837 79.5407
25 3 0 9.76397 16.0443
25 4 0 95.595 23.1095
25 5 0 46.3575 49.5263
25 6 0 33.5773 37.3914
25 7 0 73.4767 75.0236
25 8 0 36.9612 59.4782
25 9 1 25.2859 85.2052
25 10 1 6.62877 95.3658
25 11 0 8.98926 48.3437
25 12 0 55.298 84.1209
25 13 1 51.6174 26.8884
25 14 0 83.3159 67.4587
25 15 0 41.386 43.1528
25 16 0 79.9618 54.0346
25 17 1 67.4763 25.0738
25 18 0 22.7577 6.10858
25 19 0 83.6443 63.5648
25 20 1 94.0491 14.8732
25 21 1 80.1627 78.1893
25 22 0 27.4405 0.762771
25 23 1 19.5368 92.1932
25 24 0 17.0411 65.9501
25 26 1 67.7623 12.2732
25 27 0 91.7297 33.6745
25 28 0 73.2637 57.2257
25 29 1 67.5597 22.561
25 30 1 28.3976 74.3371
25 31 0 18.4353 87.997
25 32 0 32.562 33.3938
25 33 0 9.23827 28.695
25 34 0 93.7794 91.9274
25 35 0 72.2306 41.1205
25 36 0 38.8331 12.1944
25 37 0 5.51161 93.2129
25 38 1 53.9773 9.84913
25 39 1 50.3161 5.58337
25 40 1 63.0329 63.1105
26 1 0 45.2582 97.4847
26 2 0 94.1815 49.4648
26 3 1 68.1698 33.6016
26 4 1 67.8803 59.6572
26 5 1 25.4647 99.03
26 6 0 20.1517 91.5479
26 7 0 90.0061 39.7116
26 8 0 48.8765 12.4404
26 9 1 73.3409 32.2422
26 10 0 30.1485 30.3145
26 11 0 64.1708 58.7261
26 12 0 21.199 77.137
26 13 0 54.5423 99.6965
26 14 0 27.0849 31.1619
26 15 1 39.7605 26.3017
26 16 0 6.64224 21.822
26 17 0 51.9526 23.9671
26 18 0 16.2326 40.9057
26 19 0 18.0892 34.3075
26 20 0 10.1905 49.3501
26 21 0 69.3061 44.7213
26 22 0 57.6232 55.0777
26 23 0 47.5955 51.5274
26 24 0 37.865 68.5107
26 25 0 93.7847 75.4979
26 27 1 75.1841 0.459084
26 28 0 42.5741 65.1658
26 29 0 83.6216 73.4332
26 30 0 51.6494 1.51747
26 31 0 36.7888 63.8709
26 32 0 96.0742 77.502
26 33 0 77.2592 65.3164
26 34 1 19.61 25.1343
26 35 0 74.2917 72.2951
26 36 0 97.7438 76.0091
26 37 1 65.8761 31.9122
26 38 1 85.9249 52.945
26 39 0 75.0583 84.8561
26 40 0 57.4553 97.2815
27 1 0 27.8951 32.8596
27 2 0 84.0777 79.1211
27 3 0 74.5097 35.7806
27 4 1 87.1289 19.9857
27 5 1 68.9964 15.821
27 6 0 19.8029 19.8949
27 7 1 51.1208 24.3355
27 8 0 84.5413 3.73187
27 9 1 60.2395 94.0485
27 10 1 33.251 10.4084
27 11 0 25.2307 81.945
27 12 0 29.4087 42.6969
27 13 1 79.545 21.4585
27 14 0 79.9203 57.7269
27 15 0 27.2935 52.1645
27 16 0 44.6455 88.8788
27 17 0 92.1899 4.09708
27 18 1 78.6243 18.8834
27 19 1 21.2439 12.1963
27 20 1 45.8072 54.3574
27 21 0 15.5558 6.30599
27 22 1 87.1504 29.8138
27 23 0 9.2861 71.5238
27 24 1 39.8725 51.0443
27 25 0 93.073 25.4678
27 26 0 46.0174 66.3464
27 28 1 88.7297 43.32
27 29 0 93.2194 84.8523
27 30 1 31.8767 86.1961
27 31 0 65.9395 53.6934
27 32 0 23.4229 9.7333
27 33 1 1.05621 8.47919
27 34 0 69.5319 87.5834
27 35 0 46.0431 36.6374
27 36 1 50.9888 91.5645
27 37 1 81.4131 37.2389
27 38 0 72.1334 50.3645
27 39 0 45.5263 11.2126
27 40 0 16.5103 76.3254
28 1 1 71.2161 56.0508
28 2 0 61.9276 69.5589
28 3 0 71.4444 51.9136
28 4 1 49.2315 88.027
28 5 0 32.7181 46.2873
28 6 0 29.3059 65.9253
28 7 0 57.7335 62.4892
28 8 0 9.75364 95.2598
28 9 0 29.6614 72.7051
28 10 0 13.3483 84.2294
28 11 1 74.0788 84.8625
28 12 0 28.4316 25.5471
28 13 1 67.6499 50.9051
28 14 1 44.8537 83.6666
28 15 0 49.1713 58.7839
28 16 1 81.2895 83.3596
28 17 0 62.4876 97.0804
28 18 0 33.9781 98.5635
28 19 1 32.7015 77.1326
28 20 0 93.7628 93.5214
28 21 0 34.1202 76.9417
28 22 0 71.2489 1.217
28 23 0 69.3569 84.1034
28 24 1 58.2725 98.1066
28 25 0 45.7119 68.4061
28 26 0 97.4902 57.0061
28 27 0 75.4878 30.511
28 29 1 55.6831 26.1638
28 30 0 21.3473 17.882
28 31 0 69.2689 7.17902
28 32 0 86.2259 1.74013
28 33 0 43.1062 69.4223
28 34 0 85.921 89.4439
28 35 0 21.1894 85.1527
28 36 0 4.60236 81.2291
28 37 0 36.0997 77.4791
28 38 0 84.9666 54.1601
28 39 0 99.9205 14.9098
28 40 0 68.7807 22.5537
29 1 0 51.9261 16.1551
29 2 0 88.9904 44.0641
29 3 0 22.1401 62.1501
29 4 0 54.9218 1.76665
29 5 0 71.524 88.4582
29 6 0 91.3162 38.8425
29 7 0 8.74215 74.0633
29 8 0 86.4177 79.2324
29 9 1 4.37333 3.18254
29 10 0 71.3451 65.1663
29 11 0 7.38571 48.5611
29 12 1 7.33199 46.907
29 13 0 20.7939 18.7833
29 14 0 63.9002 50.3486
29 15 0 12.2077 42.4345
29 16 0 79.5721 46.0257
29 17 1 14.7777 65.8694
29 18 0 92.2585 42.2787
29 19 0 31.6182 63.7585
29 20 0 48.394 32.6185
29 21 0 18.2536 55.9099
29 22 0 22.5114 68.0257
29 23 0 79.9773 62.7257
29 24 0 42.1231 29.527
29 25 0 30.8383 4.60062
29 26 0 48.7998 25.3664
29 27 1 31.0267 59.8705
29 28 1 21.5567 66.7926
29 30 1 70.7499 58.8344
29 31 0 1.30427 77.4561
29 32 1 65.6311 88.8777
29 33 0 77.4616 37.5138
29 34 0 96.4988 93.6897
29 35 1 80.6597 54.1949
29 36 0 46.5969 20.1348
29 37 0 17.0625 78.4208
29 38 0 65.3691 95.9318
29 39 0 46.948 92.1508
29 40 1 3.72039 53.4015
30 1 1 52.627 18.7164
30 2 0 51.3225 29.4678
30 3 1 73.6856 36.0183
30 4 0 88.5434 58.4035
30 5 0 76.9251 32.4435
30 6 0 76.9276 60.5117
30 7 0 74.459 91.8226
30 8 0 81.7069 6.52194
30 9 0 88.3186 85.9754
30 10 1 48.5735 25.0909
30 11 1 47.4108 30.344
30 12 0 73.7116 52.9916
30 13 0 95.5635 17.9427
30 14 0 22.4127 23.2018
30 15 0 58.77 67.0333
30 16 0 98.335 61.8213
30 17 0 2.59364 51.0368
30 18 1 98.7589 36.9321
30 19 0 11.8119 30.3383
30 20 0 54.6583 66.6708
30 21 1 78.5986 9.50608
30 22 0 89.6397 68.9649
30 23 0 9.04229 17.5188
30 24 0 83.3559 17.3132
30 25 0 36.5091 70.8356
30 26 1 97.2871 94.4351
30 27 1 30.0606 18.7842
30 28 0 28.5635 66.9055
30 29 0 32.343 79.1081
30 31 1 36.4036 81.2391
30 32 0 76.9897 85.1597
30 33 0 31.8615 8.9451
30 34 1 43.3675 8.3066
30 35 0 54.4548 34.9707
30 36 1 36.4861 68.1325
30 37 1 66.5364 68.2086
30 38 0 41.5825 81.2152
30 39 1 51.2486 78.5032
30 40 0 33.836 63.8547
31 1 0 36.6425 40.6697
31 2 1 11.418 31.2923
31 3 0 27.9132 32.4657
31 4 1 46.0829 57.4268
31 5 0 75.0032 95.8251
31 6 1 77.4937 80.3415
31 7 0 6.70206 6.24082
31 8 0 67.1046 30.3583
31 9 0 2.53433 3.3902
31 10 0 23.4385 97.8233
31 11 0 97.299 36.5052
31 12 0 36.0167 23.1975
31 13 1 44.2335 83.1028
31 14 0 95.4011 81.4266
31 15 0 84.066 2.55464
31 16 1 27.5026 83.6936
31 17 0 49.6517 35.8335
31 18 0 71.3621 22.7637
31 19 0 7.8538 90.0162
31 20 1 84.1908 40.4287
31 21 1 1.0902 84.8845
31 22 0 48.7519 2.99488
31 23 0 64.527 53.7983
31 24 0 24.57 14.2573
31 25 0 73.8156 7.28072
31 26 0 83.3691 51.9321
31 27 0 5.50008 56.2068
31 28 0 33.2405 25.0439
31 29 0 95.6473 40.3265
31 30 0 86.6366 99.1719
31 32 1 88.0849 84.1295
31 33 0 88.8717 88.8148
31 34 0 50.7145 96.7573
31 35 1 46.6351 4.65288
31 36 0 74.7121 45.2232
31 37 0 8.38934 89.05
31 38 1 79.0686 90.0331
31 39 0 21.8593 5.81033
31 40 1 67.3882 21.7135
32 1 0 94.0827 99.3258
32 2 0 66.1352 0.643495
32 3 1 31.691 48.9989
32 4 0 45.8777 90.3182
32 5 1 39.0042 54.2573
32 6 1 22.5401 40.5289
32 7 1 20.5812 21.3959
32 8 1 41.4489 59.0283
32 9 0 94.4277 45.0589
32 10 0 30.2124 39.1031
32 11 0 56.0154 89.7588
32 12 0 34.4804 16.3057
32 13 0 39.1072 34.5762
32 14 1 94.237 9.61331
32 15 1 1.1556 70.6429
32 16 1 39.8191 22.8941
32 17 0 50.2212 70.8869
32 18 0 57.8354 41.3093
32 19 1 4.77847 79.1966
32 20 0 20.9702 1.0292
32 21 0 44.4006 31.6539
32 22 0 80.6625 72.7402
32 23 1 6.96385 42.3869
32 24 1 15.0239 48.2303
32 25 0 62.1778 7.67634
32 26 1 93.6519 89.4425
32 27 1 21.624 55.4276
32 28 0 90.2276 50.1214
32 29 1 58.1459 59.6264
32 30 0 6.05792 68.6831
32 31 0 15.4275 15.2182
32 33 1 10.6628 26.7051
32 34 0 32.0729 69.2819
32 35 0 66.5069 95.124
32 36 0 79.2031 86.4593
32 37 0 96.4991 82.8136
32 38 0 68.2403 72.2848
32 39 0 25.0585 31.3917
32 40 0 23.0597 30.9533
33 1 0 40.8666 16.8171
33 2 0 41.4828 71.3156
33 3 0 42.5892 35.5784
33 4 1 96.0455 1.18765
33 5 0 80.3695 66.1529
33 6 1 58.3733 72.7808
33 7 0 29.9469 92.0306
33 8 0 22.2146 75.7903
33 9 0 74.1026 77.964
33 10 1 42.9651 64.8097
33 11 0 36.122 89.4258
33 12 0 5.00091 37.4477
33 13 1 16.9329 29.6963
33 14 1 78.4985 8.48879
33 15 0 95.6415 55.0745
33 16 1 2.29045 83.9794
33 17 0 15.345 69.2802
33 18 0 91.6796 94.0816
33 19 0 48.0877 65.4035
33 20 0 39.0761 23.2471
33 21 1 2.58882 85.0238
33 22 0 55.396 36.4116
33 23 1 60.3383 14.2755
33 24 1 75.4179 33.0028
33 25 1 41.5353 57.7086
33 26 0 61.2798 82.7248
33 27 1 33.8662 62.9014
33 28 0 25.2112 93.869
33 29 0 54.2973 6.55048
33 30 0 46.2685 30.5174
33 31 0 54.8043 28.2103
33 32 1 30.6301 81.0757
33 34 1 4.4409 22.8881
33 35 0 39.3938 56.1659
33 36 0 90.9296 5.39435
33 37 0 89.2297 2.95466
33 38 0 10.3665 5.60902
33 39 0 68.8597 12.6051
33 40 1 4.53853 71.2846
34 1 0 58.9197 83.9654
34 2 0 47.0715 23.9371
34 3 0 84.256 31.9039
34 4 0 99.7097 79.8427
34 5 0 18.6374 48.1045
34 6 1 92.2822 59.9307
34 7 0 96.0011 10.5714
34 8 1 41.9204 60.751
34 9 1 79.174 34.2139
34 10 1 87.6624 10.8769
34 11 1 90.7112 32.7954
34 12 1 16.5593 11.1333
34 13 1 61.6955 17.6722
34 14 0 76.692 71.1248
34 15 1 88.7891 32.6154
34 16 0 86.587 16.1261
34 17 0 34.0427 53.9423
34 18 0 61.884 9.66339
34 19 1 67.8937 31.5674
34 20 0 70.337 21.6132
34 21 0 0.13704 76.7646
34 22 0 54.0695 56.8586
34 23 0 37.0146 15.6854
34 24 0 28.9248 53.3243
34 25 1 38.1364 21.3963
34 26 0 63.1699 34.5612
34 27 0 52.3544 98.3978
34 28 1 10.3532 88.3222
34 29 0 82.9654 13.638
34 30 0 97.7039 45.8519
34 31 1 9.61871 55.6752
34 32 1 49.9269 4.5888
34 33 0 96.9952 95.9687
34 35 1 75.7367 93.0425
34 36 0 88.7312 64.8006
34 37 0 5.53684 11.0009
34 38 1 3.2316 7.99089
34 39 1 49.6032 92.2908
34 40 0 6.44902 3.82182
35 1 0 59.7679 6.08869
35 2 1 51.9594 2.58791
35 3 0 96.1177 54.3343
35 4 0 12.1648 63.9737
35 5 0 21.1129 33.3377
35 6 0 59.1283 2.89371
35 7 0 13.518 42.2278
35 8 0 40.6729 0.94365
35 9 0 54.4293 88.4265
35 10 0 42.9983 90.7786
35 11 0 43.371 97.6499
35 12 0 67.9749 92.6454
35 13 0 82.29 22.2622
35 14 1 21.4678 14.8873
35 15 0 15.716 16.4123
35 16 1 88.8658 80.5976
35 17 1 63.3099 8.7777
35 18 0 58.0589 69.5959
35 19 1 39.1517 8.92614
35 20 0 2.27037 90.5154
35 21 0 65.6478 82.4729
35 22 1 23.4167 66.5743
35 23 0 36.2582 70.7989
35 24 0 72.5572 92.8866
35 25 1 91.6083 93.6039
35 26 0 67.4355 15.0849
35 27 0 48.1217 58.5353
35 28 0 55.8142 48.3418
35 29 0 36.2627 26.7944
35 30 0 87.0941 77.7316
35 31 0 57.6194 70.777
35 32 0 43.2825 2.9104
35 33 0 54.4013 75.3485
35 34 0 78.4378 16.72
35 36 1 92.7044 83.5716
35 37 0 91.3956 28.1895
35 38 0 19.7879 39.7899
35 39 0 21.878 33.763
35 40 1 81.5307 94.2458
36 1 0 63.9211 32.6629
36 2 0 45.7573 59.7316
36 3 0 0.293748 92.6525
36 4 0 44.1273 32.3325
36 5 0 24.849 36.3355
36 6 1 20.3098 77.7231
36 7 0 46.0356 87.7587
36 8 0 90.3009 66.587
36 9 1 84.4675 81.2163
36 10 0 91.7745 27.4582
36 11 1 75.6676 65.7058
36 12 0 44.2889 19.9865
36 13 0 67.517 24.0065
36 14 1 86.404 1.36601
36 15 1 83.0428 12.7643
36 16 0 46.6726 12.1474
36 17 1 98.5621 7.16782
36 18 1 88.6964 44.9138
36 19 1 58.5579 41.9209
36 20 0 53.7119 84.1658
36 21 0 31.5819 29.3755
36 22 0 8.4579 14.6493
36 23 0 70.09 29.8448
36 24 0 48.4064 14.1276
36 25 1 92.5137 42.3112
36 26 0 0.608036 32.8045
36 27 0 36.7341 19.3648
36 28 0 3.84315 6.69587
36 29 0 81.4337 90.9166
36 30 1 28.5027 50.7062
36 31 0 69.608 41.5607
36 32 0 73.9833 71.1184
36 33 0 91.1163 12.238
36 34 1 80.2668 1.23704
36 35 1 96.1873 15.9178
36 37 1 95.7855 90.1321
36 38 1 48.0143 29.5008
36 39 0 36.5193 25.0241
36 40 0 29.0406 22.7919
37 1 1 64.4816 37.4258
37 2 0 26.8236 64.0071
37 3 0 84.0263 21.6633
37 4 0 12.4094 37.4461
37 5 0 83.1865 67.9908
37 6 0 61.6086 63.0991
37 7 0 2.7903 21.2406
37 8 0 44.2868 91.1496
37 9 0 44.4622 41.5094
37 10 0 74.0817 72.2286
37 11 0 46.2011 17.766
37 12 0 91.2564 42.9837
37 13 0 2.2757 67.9176
37 14 0 38.6312 52.2609
37 15 0 48.6312 48.0022
37 16 1 54.0486 93.7863
37 17 0 31.7346 9.17096
37 18 0 63.8766 55.9672
37 19 1 75.5135 22.0457
37 20 0 19.2597 66.5418
37 21 0 75.9326 30.7948
37 22 1 75.5144 38.6444
37 23 1 10.0264 11.5702
37 24 0 55.8731 34.2831
37 25 0 88.1397 87.0255
37 26 0 3.2296 80.5437
37 27 0 85.0903 13.1923
37 28 0 25.5387 80.1792
37 29 1 56.1648 94.6751
37 30 0 36.987 60.4963
37 31 0 95.41 27.7077
37 32 0 98.605 96.9517
37 33 0 75.8971 60.6291
37 34 0 14.5059 76.7817
37 35 0 22.517 67.6283
37 36 0 87.9036 22.1141
37 38 1 35.5049 23.7675
37 39 0 1.11515 26.1503
37 40 1 94.8636 69.8712
38 1 0 42.2894 46.209
38 2 0 45.1017 35.9572
38 3 0 33.1639 51.8208
38 4 0 64.5836 67.4733
38 5 0 55.9574 88.1494
38 6 0 32.9387 83.5984
38 7 0 84.8971 44.7025
38 8 1 10.6195 86.0526
38 9 0 1.00773 35.4313
38 10 0 15.6452 85.3604
38 11 0 3.81891 98.4473
38 12 0 10.7224 24.5071
38 13 0 21.4979 16.2253
38 14 0 70.977 4.94515
38 15 0 42.1876 94.9689
38 16 0 87.0431 47.6633
38 17 1 39.9668 8.90202
38 18 0 72.1339 61.5258
38 19 0 46.3517 90.7922
38 20 1 34.1813 27.2427
38 21 1 35.4816 98.4354
38 22 0 23.4376 34.9692
38 23 0 75.1695 4.30767
38 24 1 85.9088 69.5221
38 25 0 55.1912 3.59886
38 26 0 76.024 3.84513
38 27 0 77.2773 43.9943
38 28 0 53.3654 62.3727
38 29 1 5.26884 90.5626
38 30 0 21.9187 17.3969
38 31 0 73.2538 90.2165
38 32 0 85.817 83.0263
38 33 1 99.5362 89.157
38 34 0 57.148 22.7068
38 35 0 79.8912 26.6788
38 36 1 47.7687 71.7141
38 37 1 54.7324 25.1469
38 39 1 21.7135 44.1813
38 40 1 6.50811 61.6094
39 1 1 73.4619 68.9643
39 2 1 61.6466 56.0589
39 3 0 47.2293 63.6489
39 4 1 68.6161 49.5018
39 5 1 33.7613 83.8098
39 6 0 79.9762 33.8397
39 7 1 29.6584 31.3224
39 8 0 55.3624 53.8649
39 9 1 31.2993 81.2343
39 10 0 12.5939 9.42153
39 11 1 69.6302 82.4556
39 12 0 81.8564 86.7825
39 13 0 59.7681 98.937
39 14 0 33.7066 99.1729
39 15 0 39.1463 26.705
39 16 1 98.1309 55.6706
39 17 0 49.884 65.7765
39 18 0 7.01328 67.8597
39 19 0 19.6964 67.4162
39 20 0 83.6151 63.2834
39 21 0 5.10624 5.02782
39 22 0 74.1451 12.1593
39 23 0 37.3079 91.9529
39 24 0 59.5688 86.4147
39 25 0 20.5491 66.0871
39 26 0 26.4331 3.83045
39 27 0 82.7294 38.9937
39 28 0 60.7291 96.2624
39 29 0 10.8508 57.7488
39 30 0 88.166 60.7362
39 31 0 73.2817 43.8742
39 32 0 3.43804 82.498
39 33 0 73.5231 51.7443
39 34 0 65.2466 52.3156
39 35 0 66.1793 97.2848
39 36 1 72.2266 30.7879
39 37 0 63.2765 71.1785
39 38 0 87.4563 93.3528
39 40 1 85.0833 65.7447
40 1 1 70.5985 34.863
40 2 0 77.3133 98.9054
40 3 1 12.3199 71.5327
40 4 0 89.0849 91.8663
40 5 0 49.7332 97.6714
40 6 1 72.5627 28.3479
40 7 0 65.6554 50.1274
40 8 1 77.2634 63.1213
40 9 1 88.9851 78.4042
40 10 0 3.74652 5.50318
40 11 0 99.9919 42.4161
40 12 0 45.89 13.1035
40 13 0 27.0114 3.76685
40 14 1 73.3179 54.933
40 15 0 39.0579 99.2722
40 16 1 41.4676 69.2393
40 17 0 61.198 43.6055
40 18 0 5.979 58.7206
40 19 0 15.7662 87.8878
40 20 0 30.3518 44.2874
40 21 0 95.2219 78.2719
40 22 0 48.4612 20.7149
40 23 1 67.7896 76.0295
40 24 0 46.6204 45.3078
40 25 1 92.8474 43.3435
40 26 1 49.3726 9.96209
40 27 0 80.7913 67.6059
40 28 1 66.3292 80.4864
40 29 0 59.2197 73.7345
40 30 0 0.0910132 91.6585
40 31 0 15.6084 77.6027
40 32 0 31.9972 62.1465
40 33 0 68.5334 29.534
40 34 0 79.3632 5.64546
40 35 0 43.909 48.946
40 36 0 5.12591 2.55172
40 37 1 65.0271 95.6413
40 38 0 69.4693 88.1233
40 39 0 63.5086 84.2294
14.4298 19.6321 1.23115 19.2746 7.00393 34.9793 33.585 13.1882 7.62571 12.3898 15.892 0.861306 35.0855 35.8089 32.7507 10.4471 5.66157 14.3786 15.6582 6.56536 5.31595 16.4267 10.4115 19.2073 1.63773 37.9101 35.0295 1.39434 12.9124 24.6404 38.9942 14.3169 3.47721 14.1223 4.02115 0.3569 24.0134 5.67562 22.9676 12.0172 