40
300
2
50
1 2 1 54.8763 35.7432
1 3 0 21.4174 39.7192
1 4 0 90.6467 10.0099
1 5 0 15.5117 28.244
1 6 1 98.552 26.7511
1 7 0 4.45015 85.4055
1 8 0 73.1201 97.8189
1 9 0 67.4749 35.4545
1 10 0 10.0509 68.4417
1 11 0 67.9577 88.4336
1 12 1 38.8604 42.0612
1 13 0 93.6605 73.7958
1 14 0 67.1123 2.69202
1 15 0 91.0841 36.4932
1 16 0 40.3084 96.1933
1 17 0 50.7313 16.7802
1 18 0 93.5604 79.233
1 19 1 26.5642 71.9079
1 20 0 90.1568 13.9633
1 21 0 6.73173 56.2158
1 22 0 70.4359 18.5694
1 23 0 30.3658 92.3172
1 24 0 51.2585 71.7354
1 25 0 65.6809 94.1533
1 26 0 63.4037 8.16281
1 27 0 40.5463 44.8324
1 28 0 64.4413 82.9089
1 29 0 62.253 41.3155
1 30 1 59.0212 95.7586
1 31 0 32.1058 76.1533
1 32 0 55.0077 76.8446
1 33 0 96.1243 76.4743
1 34 0 58.063 2.93817
1 35 0 63.3824 80.6595
1 36 0 16.6131 75.796
1 37 0 34.6996 81.8488
1 38 0 13.9732 87.8577
1 39 0 55.8355 12.2506
1 40 0 54.8217 34.8496
2 1 1 7.24102 43.411
2 3 1 21.6673 75.0684
2 4 0 61.3415 8.73913
2 5 0 15.6699 8.78534
2 6 0 43.4459 53.2528
2 7 0 57.4036 43.1916
2 8 0 47.4845 53.286
2 9 0 99.6927 91.864
2 10 0 27.2847 63.5024
2 11 0 31.5884 73.4903
2 12 0 68.1118 4.1624
2 13 0 80.7625 51.7487
2 14 1 89.127 63.2372
2 15 0 5.55528 55.3913
2 16 0 74.2874 26.2921
2 17 1 47.8812 31.8514
2 18 0 73.2743 50.0135
2 19 0 45.6208 41.1329
2 20 0 97.8371 58.1381
2 21 0 21.7072 24.7088
2 22 0 74.6054 78.6033
2 23 0 99.9378 38.0025
2 24 0 43.2677 98.8597
2 25 0 76.7075 51.163
2 26 1 61.3159 92.7946
2 27 0 93.2076 91.3224
2 28 0 98.7167 69.7677
2 29 0 19.0498 85.6355
2 30 0 0.478918 26.1469
2 31 0 51.5381 69.0027
2 32 0 95.2414 89.2274
2 33 0 88.5612 69.6824
2 34 0 14.17 12.8808
2 35 1 63.8905 57.4667
2 36 0 72.4545 24.6187
2 37 1 49.1711 66.7385
2 38 0 49.2414 20.1709
2 39 0 51.409 61.1674
2 40 0 26.7718 79.9952
3 1 0 32.9008 74.3594
3 2 0 64.3328 61.2016
3 4 1 50.682 16.9061
3 5 1 38.946 21.7566
3 6 0 86.0366 20.2998
3 7 0 66.5176 71.1549
3 8 0 41.1562 54.6125
3 9 0 70.0678 75.7107
3 10 0 75.2419 85.8365
3 11 0 29.7441 45.6274
3 12 0 90.2062 55.2025
3 13 0 69.2896 69.7337
3 14 0 92.7095 66.0838
3 15 1 38.3404 58.6137
3 16 0 53.9034 81.0617
3 17 0 99.7915 67.5443
3 18 0 87.0533 47.2512
3 19 0 54.1643 84.3789
3 20 0 37.2839 99.1552
3 21 0 96.0233 44.7118
3 22 1 52.982 1.50185
3 23 0 88.8233 32.8636
3 24 0 34.9241 28.7197
3 25 1 36.9292 16.6973
3 26 0 69.3309 17.6754
3 27 0 69.699 91.3573
3 28 1 70.6915 85.9457
3 29 0 11.933 23.4549
3 30 0 26.6253 4.10892
3 31 0 65.8422 15.0676
3 32 0 38.7194 71.9332
3 33 0 38.2303 41.3558
3 34 0 27.8622 99.6802
3 35 0 1.36902 5.72251
3 36 0 83.8476 74.9587
3 37 0 1.01147 4.60358
3 38 0 15.7238 42.7922
3 39 0 40.7078 72.3278
3 40 0 56.4641 9.0844
4 1 0 23.6314 19.5211
4 2 0 29.9988 0.0634309
4 3 0 58.4063 18.2655
4 5 1 47.0342 54.152
4 6 0 31.8581 41.5881
4 7 0 9.02046 91.5238
4 8 0 96.417 45.2341
4 9 0 68.5377 78.1947
4 10 0 9.18831 68.7371
4 11 0 62.6486 64.1392
4 12 0 6.92727 19.895
4 13 0 97.4041 92.4644
4 14 0 30.903 71.1759
4 15 0 14.8928 71.7824
4 16 1 26.6132 62.4624
4 17 1 20.0343 66.875
4 18 0 5.5146 96.4384
4 19 0 55.9556 11.232
4 20 0 55.3065 52.9265
4 21 0 79.5696 71.5339
4 22 1 12.3945 6.27172
4 23 1 59.5824 68.9173
4 24 1 8.40354 61.7597
4 25 0 74.436 8.80243
4 26 0 86.2171 94.6683
4 27 0 85.902 40.0605
4 28 0 77.9272 59.2161
4 29 1 68.1418 50.5842
4 30 1 88.0048 57.5749
4 31 0 26.0171 44.7011
4 32 0 95.473 54.0822
4 33 0 35.6689 40.4416
4 34 0 44.2298 39.8135
4 35 0 54.462 79.7259
4 36 0 26.3525 59.5464
4 37 0 76.2893 56.6198
4 38 1 27.4052 78.243
4 39 0 63.1075 8.06036
4 40 1 71.2605 9.0608
5 1 1 58.4197 23.8817
5 2 0 2.96394 72.4624
5 3 0 44.0476 33.1927
5 4 0 85.2162 88.5359
5 6 1 78.8806 49.8823
5 7 0 6.8118 88.0123
5 8 1 24.58 85.001
5 9 0 54.8398 12.1007
5 10 0 29.3249 96.255
5 11 0 92.6869 84.9491
5 12 0 31.7331 82.8315
5 13 1 38.327 78.5488
5 14 0 80.664 52.5629
5 15 0 92.7612 90.7823
5 16 0 0.920189 23.2321
5 17 0 98.8747 47.7522
5 18 0 45.1058 75.7248
5 19 0 86.9377 14.6129
5 20 0 62.0072 30.7077
5 21 0 89.6486 23.0613
5 22 1 45.8366 52.3701
5 23 0 0.359746 73.6511
5 24 0 63.4545 70.4928
5 25 0 48.4871 89.71
5 26 0 2.83443 6.40702
5 27 0 50.6214 79.1127
5 28 0 13.2996 21.0432
5 29 0 88.3022 45.649
5 30 0 78.209 29.9085
5 31 0 96.6969 52.5709
5 32 0 93.5522 85.5754
5 33 0 85.0576 32.7217
5 34 0 46.2428 72.2726
5 35 1 58.6571 65.114
5 36 0 11.0311 40.5453
5 37 0 85.9398 53.6686
5 38 0 57.8457 72.7006
5 39 0 45.9104 79.9548
5 40 1 13.0806 81.9095
6 1 0 53.4961 52.8007
6 2 0 31.9636 58.7461
6 3 0 65.6108 68.2604
6 4 1 93.8957 42.5085
6 5 0 83.8223 1.17637
6 7 1 23.2826 83.4361
6 8 0 93.4808 98.4253
6 9 0 1.01493 13.8956
6 10 1 7.7413 8.93988
6 11 0 37.1567 66.8104
6 12 1 31.6169 36.6426
6 13 0 80.9544 36.0655
6 14 1 71.6418 24.4995
6 15 0 24.9185 59.76
6 16 0 4.73677 70.4033
6 17 0 65.2514 70.6232
6 18 0 0.461861 51.2952
6 19 0 72.8248 33.434
6 20 0 15.5517 20.6747
6 21 0 10.6796 53.3932
6 22 0 15.2818 81.1034
6 23 0 65.494 92.5982
6 24 0 53.7046 53.9568
6 25 0 91.8951 82.9145
6 26 0 10.8808 21.589
6 27 1 58.2342 69.0654
6 28 0 10.1736 18.3265
6 29 1 68.8838 64.5381
6 30 0 63.6346 0.566224
6 31 0 11.2813 76.2002
6 32 0 84.0484 10.2344
6 33 0 55.639 49.0776
6 34 1 4.42587 97.2881
6 35 0 5.5366 46.2662
6 36 0 38.0637 78.8866
6 37 1 20.9256 43.4744
6 38 0 15.1404 51.8222
6 39 0 42.2628 12.8206
6 40 0 55.4845 96.3434
7 1 0 97.5271 46.9169
7 2 0 80.407 49.625
7 3 0 93.3399 0.904013
7 4 0 85.5458 46.5266
7 5 0 40.7931 77.5057
7 6 0 75.3169 72.079
7 8 1 5.34942 81.5347
7 9 0 36.6044 41.53
7 10 0 30.3681 0.119038
7 11 1 12.6674 37.4704
7 12 0 25.8925 62.6409
7 13 1 27.1344 2.94797
7 14 1 71.6414 30.5158
7 15 0 1.06078 47.0137
7 16 0 13.2563 93.7548
7 17 0 79.8162 6.44975
7 18 0 33.0157 44.0177
7 19 0 96.15 65.7857
7 20 0 62.4951 5.01722
7 21 1 2.53931 36.0066
7 22 0 4.97777 79.2449
7 23 0 71.0576 37.5141
7 24 0 7.39602 16.5277
7 25 0 66.2837 28.5716
7 26 0 99.7588 64.7297
7 27 1 17.4114 68.8437
7 28 0 8.52356 65.522
7 29 0 56.5884 46.7898
7 30 1 30.3198 75.6058
7 31 0 94.513 59.9401
7 32 0 68.55 79.9221
7 33 1 81.5909 49.9548
7 34 0 19.7 11.9754
7 35 0 36.8255 31.829
7 36 0 64.3836 75.7761
7 37 0 28.4981 98.62
7 38 1 95.4416 47.0981
7 39 0 87.4318 65.5752
7 40 0 2.43948 26.9247
8 1 0 54.5362 59.8687
8 2 0 51.4796 5.52553
8 3 1 8.0177 83.9387
8 4 1 31.0849 63.2754
8 5 0 12.3111 73.8258
8 6 1 68.0799 13.9725
8 7 0 66.8102 25.704
8 9 1 98.4105 74.2481
8 10 0 19.6146 14.3405
8 11 0 23.9073 21.4758
8 12 0 7.28896 95.0476
8 13 1 99.3665 69.7326
8 14 0 62.2414 95.4678
8 15 0 20.0425 56.308
8 16 0 91.5583 25.6939
8 17 0 95.6984 44.1431
8 18 0 13.3157 23.9185
8 19 0 61.4158 6.1034
8 20 0 81.7526 78.1237
8 21 1 79.51 58.1837
8 22 0 15.617 49.0317
8 23 0 68.1363 40.8505
8 24 0 42.0967 69.3241
8 25 0 0.308216 68.4653
8 26 1 40.0326 6.13339
8 27 0 9.80168 2.05669
8 28 0 18.6231 55.4629
8 29 0 85.7161 88.3585
8 30 0 96.7954 63.9416
8 31 0 70.2486 4.21933
8 32 0 37.8447 8.06284
8 33 0 16.4455 95.072
8 34 0 6.86067 95.475
8 35 0 3.45811 72.4589
8 36 0 90.6431 99.8298
8 37 0 72.1884 93.4813
8 38 0 98.1773 12.8518
8 39 0 20.3892 39.3595
8 40 0 16.1047 89.5864
9 1 0 23.3997 86.5537
9 2 0 20.9617 46.2022
9 3 0 90.4204 52.8568
9 4 0 9.5598 0.679818
9 5 1 0.208655 12.0936
9 6 0 7.68825 21.5525
9 7 0 78.6539 15.2886
9 8 0 34.5193 85.4794
9 10 1 28.1207 33.0373
9 11 0 77.605 29.9132
9 12 0 80.1807 96.8731
9 13 0 50.2614 16.7329
9 14 0 39.6858 79.312
9 15 0 82.2112 67.6186
9 16 0 14.5496 40.2635
9 17 0 66.2589 52.1337
9 18 0 13.9598 98.4547
9 19 1 15.0161 27.688
9 20 0 15.592 76.4891
9 21 0 55.557 66.8002
9 22 0 28.2882 57.5972
9 23 0 52.1401 11.6547
9 24 0 69.3685 90.4811
9 25 0 89.4676 11.2532
9 26 0 92.8201 48.5895
9 27 0 67.6276 80.3499
9 28 0 74.7733 26.0342
9 29 0 16.484 14.2451
9 30 0 95.8925 58.4074
9 31 1 72.9035 29.6453
9 32 0 50.8648 98.98
9 33 0 78.2768 34.6471
9 34 0 44.9497 58.5441
9 35 0 87.601 43.7956
9 36 1 52.8534 92.6815
9 37 0 2.07572 52.9414
9 38 0 24.0626 54.8423
9 39 0 64.6298 56.9041
9 40 0 24.8832 83.0458
10 1 0 49.6067 24.853
10 2 0 96.6723 64.8838
10 3 1 23.5626 7.26941
10 4 0 10.2338 21.4418
10 5 0 71.2408 15.8719
10 6 0 97.6232 73.3519
10 7 0 46.3373 29.0253
10 8 0 89.9006 72.7211
10 9 0 58.8813 0.0385466
10 11 1 22.9016 47.8528
10 12 0 95.9316 23.1313
10 13 0 21.943 12.6359
10 14 1 41.6649 44.8887
10 15 0 97.0573 50.5442
10 16 0 21.0464 38.3204
10 17 0 33.7772 36.1192
10 18 1 74.1042 80.6737
10 19 0 16.6003 67.9674
10 20 0 85.1326 81.6047
10 21 0 7.26322 97.591
10 22 0 20.0125 23.8639
10 23 0 64.0855 47.3177
10 24 0 39.1391 12.932
10 25 0 76.5559 68.6499
10 26 0 96.7362 15.6136
10 27 0 61.4867 41.9978
10 28 0 66.2054 40.7076
10 29 0 37.9931 37.4909
10 30 0 38.357 11.6709
10 31 0 55.9852 37.0038
10 32 1 27.4563 26.3377
10 33 0 44.3682 28.2231
10 34 1 27.4112 32.3504
10 35 0 19.0643 51.1036
10 36 0 42.4846 33.7416
10 37 1 49.3866 34.645
10 38 1 99.2516 72.0959
10 39 1 40.5167 61.3345
10 40 1 42.4294 62.8356
11 1 0 84.9549 72.2231
11 2 1 61.1939 81.7687
11 3 0 32.862 17.0797
11 4 1 84.7437 66.7401
11 5 0 66.3396 57.4213
11 6 1 11.0047 46.897
11 7 0 22.5771 37.945
11 8 0 6.74418 95.4788
11 9 0 86.7104 56.6653
11 10 1 64.2863 90.9072
11 12 1 13.1469 44.1023
11 13 0 46.0241 99.3059
11 14 0 14.4564 57.918
11 15 1 62.3747 27.1875
11 16 0 70.0661 15.7368
11 17 0 52.5508 81.9003
11 18 0 18.2246 38.4174
11 19 0 50.8694 34.28
11 20 0 17.6372 95.2651
11 21 0 28.797 34.8847
11 22 0 58.2661 19.7704
11 23 0 80.8887 87.9138
11 24 0 86.6835 43.6923
11 25 0 77.8542 8.93832
11 26 0 66.6488 53.947
11 27 1 59.4044 50.928
11 28 0 15.5071 77.9613
11 29 0 24.6514 17.6047
11 30 0 40.9125 50.6193
11 31 0 60.0801 54.608
11 32 0 99.6547 6.0186
11 33 0 90.7546 76.9097
11 34 0 7.51104 97.0857
11 35 0 16.0932 85.0219
11 36 0 28.0987 52.9976
11 37 0 68.178 72.6101
11 38 0 72.0473 33.4586
11 39 0 86.943 39.626
11 40 0 62.877 75.5899
12 1 0 94.8925 63.2478
12 2 0 66.6885 27.0086
12 3 0 72.8905 40.1708
12 4 0 70.7691 32.6806
12 5 0 27.8347 95.5574
12 6 1 27.243 93.408
12 7 0 86.462 39.9795
12 8 1 16.5669 26.8139
12 9 0 81.1642 89.387
12 10 1 83.0822 33.2345
12 11 0 74.2081 62.0206
12 13 1 59.2769 18.636
12 14 0 57.5583 19.4248
12 15 0 83.75 66.3374
12 16 0 63.3814 98.4882
12 17 0 39.3973 5.71896
12 18 0 59.0624 0.82485
12 19 0 86.1026 48.4817
12 20 0 24.5469 77.5531
12 21 1 98.6416 62.9759
12 22 0 0.950776 35.7047
12 23 0 0.954936 8.31001
12 24 1 55.8531 10.0795
12 25 1 10.1874 58.2479
12 26 0 10.504 63.6306
12 27 0 34.8934 18.3573
12 28 0 42.6472 40.0904
12 29 0 69.2952 26.0439
12 30 0 11.1374 20.1345
12 31 0 52.729 99.4897
12 32 1 91.41 8.41627
12 33 0 79.6843 4.44077
12 34 0 66.5594 52.2859
12 35 0 94.1403 15.6977
12 36 0 51.0974 55.9503
12 37 0 58.745 58.077
12 38 0 52.1631 99.0253
12 39 0 34.6387 63.0069
12 40 1 16.2911 18.567
13 1 0 2.82524 95.8402
13 2 0 22.6409 79.898
13 3 0 23.8558 52.3303
13 4 0 54.1321 30.2907
13 5 0 26.259 88.1201
13 6 0 67.515 99.7495
13 7 0 12.3798 18.7156
13 8 0 44.3124 45.3799
13 9 0 31.1076 6.5559
13 10 0 55.641 56.2624
13 11 0 26.7193 44.0601
13 12 0 70.5472 12.6139
13 14 1 36.6389 23.4526
13 15 0 13.3878 28.5439
13 16 0 95.7219 87.446
13 17 0 67.5275 70.955
13 18 0 86.3698 72.0438
13 19 0 5.63003 32.034
13 20 0 35.2691 90.6131
13 21 0 82.9638 4.64889
13 22 0 26.0713 1.75107
13 23 0 80.813 69.7989
13 24 0 95.9429 90.4292
13 25 0 51.538 13.1521
13 26 0 11.3889 88.2222
13 27 0 17.1966 16.4546
13 28 0 8.97633 16.2856
13 29 0 54.2322 28.543
13 30 0 74.7118 37.7195
13 31 0 51.9785 57.5131
13 32 1 65.075 50.6081
13 33 0 80.9792 67.9352
13 34 0 78.3957 24.1988
13 35 0 85.4452 84.5801
13 36 0 96.5832 51.2638
13 37 0 95.8627 71.1183
13 38 0 53.7455 63.1354
13 39 0 51.1287 52.7069
13 40 0 6.52177 55.067
14 1 0 27.795 86.9902
14 2 1 10.6669 70.105
14 3 1 16.2213 11.9073
14 4 0 31.786 36.0147
14 5 0 1.60435 30.7791
14 6 0 65.1189 76.2908
14 7 0 11.4289 73.1789
14 8 0 42.6756 44.3188
14 9 1 4.23328 70.9757
14 10 1 74.6205 68.085
14 11 0 20.8369 85.4047
14 12 0 66.876 13.3556
14 13 0 99.6012 51.7303
14 15 1 22.4776 46.7071
14 16 0 98.4487 67.0808
14 17 0 70.9846 96.8553
14 18 0 23.822 99.6087
14 19 0 11.0864 33.969
14 20 1 75.8562 65.6282
14 21 0 73.2 74.5196
14 22 0 1.71634 94.6372
14 23 0 22.9525 50.4955
14 24 0 44.23 88.1564
14 25 0 38.2764 31.0542
14 26 1 18.2515 45.7213
14 27 0 49.594 50.18
14 28 0 77.1395 33.0523
14 29 0 26.041 67.1746
14 30 0 10.9325 4.17766
14 31 0 73.0128 45.4007
14 32 0 70.9582 17.426
14 33 0 90.8338 22.9176
14 34 0 27.8869 95.9701
14 35 0 17.3798 7.1954
14 36 1 31.939 1.56784
14 37 0 26.056 5.50147
14 38 0 87.958 29.844
14 39 0 0.17736 9.63393
14 40 0 95.2115 4.42747
15 1 1 0.615762 47.2849
15 2 0 64.6671 10.4048
15 3 0 62.0679 12.957
15 4 1 44.0115 9.23354
15 5 0 52.483 46.4525
15 6 0 34.0817 87.4798
15 7 0 86.246 46.4395
15 8 0 74.1806 73.1401
15 9 1 72.8452 14.0065
15 10 0 61.4325 85.0819
15 11 0 70.5039 65.2288
15 12 1 9.57253 25.7811
15 13 1 2.94359 23.13
15 14 1 26.1412 32.9219
15 16 1 47.3705 17.6026
15 17 0 99.3482 73.7926
15 18 0 29.862 2.41135
15 19 0 81.0481 27.6699
15 20 0 77.2282 74.5246
15 21 0 45.6368 65.3556
15 22 0 58.3359 70.8618
15 23 1 72.8156 26.2032
15 24 0 96.6313 8.15133
15 25 0 59.4351 70.6535
15 26 0 83.079 84.3153
15 27 0 56.6853 58.022
15 28 0 45.0994 25.9875
15 29 0 68.4801 87.3704
15 30 0 99.677 47.6986
15 31 0 66.2685 67.0737
15 32 0 5.45862 76.815
15 33 0 74.0823 37.0676
15 34 0 86.2459 12.4678
15 35 0 78.0961 7.34724
15 36 0 47.282 34.7954
15 37 1 40.9988 71.1964
15 38 0 15.2957 6.92181
15 39 0 72.4372 82.7634
15 40 0 81.2755 34.8225
16 1 0 35.7512 3.93341
16 2 1 26.539 67.9459
16 3 0 61.0833 15.5432
16 4 0 36.4096 27.6104
16 5 0 25.6772 12.4426
16 6 0 57.134 98.4401
16 7 0 70.9924 77.9953
16 8 1 8.80928 34.6327
16 9 0 10.5855 11.4625
16 10 0 57.5444 60.8011
16 11 0 32.3022 34.7219
16 12 0 97.47 90.5717
16 13 0 43.003 10.3118
16 14 0 33.1301 39.3067
16 15 0 82.8217 19.6422
16 17 1 49.6607 99.8216
16 18 0 31.7923 83.5143
16 19 0 32.8407 61.7428
16 20 0 48.018 28.1744
16 21 0 59.0259 16.6248
16 22 1 16.9681 32.5856
16 23 1 9.94147 75.6812
16 24 0 73.1789 24.2512
16 25 0 12.8684 35.5016
16 26 1 18.2194 26.9446
16 27 0 5.40214 16.4194
16 28 0 85.856 46.2258
16 29 0 97.0667 73.8357
16 30 0 84.4961 99.434
16 31 0 96.4289 56.5456
16 32 0 34.9221 61.0289
16 33 0 14.405 87.8611
16 34 0 65.2059 58.5576
16 35 0 55.4692 46.5594
16 36 0 49.1125 52.59
16 37 0 91.3881 79.5558
16 38 0 85.5232 50.2282
16 39 0 95.8482 87.7529
16 40 0 21.2962 98.3173
17 1 0 46.6056 92.1965
17 2 0 68.9478 46.0121
17 3 0 3.57345 66.9059
17 4 0 52.2875 46.8703
17 5 1 51.2226 9.09468
17 6 0 83.185 44.265
17 7 1 53.3114 50.5125
17 8 0 4.11094 74.6343
17 9 0 59.6289 79.752
17 10 0 50.7178 63.4542
17 11 0 89.6886 87.5459
17 12 0 28.2421 78.0872
17 13 1 75.0015 44.0588
17 14 0 99.9305 56.3205
17 15 0 80.8827 19.6863
17 16 0 5.53097 84.0944
17 18 1 59.8563 23.3771
17 19 1 65.538 96.0081
17 20 0 10.0258 74.3817
17 21 0 93.7411 36.8853
17 22 0 41.9981 8.96841
17 23 0 25.6163 63.2806
17 24 0 4.07165 89.5205
17 25 0 13.3806 71.2531
17 26 1 34.9682 8.75494
17 27 1 24.5811 59.1967
17 28 0 20.1316 18.06
17 29 0 89.0283 72.1159
17 30 0 2.82566 58.4293
17 31 0 48.2395 26.736
17 32 0 92.5175 32.0981
17 33 0 73.73 17.3049
17 34 0 6.40002 52.0922
17 35 0 59.0333 78.2613
17 36 0 87.4023 31.9801
17 37 0 61.682 96.37
17 38 0 70.2717 46.621
17 39 0 64.8218 94.1523
17 40 0 56.6177 31.7331
18 1 0 56.206 18.1134
18 2 0 81.4575 90.5848
18 3 0 97.0834 67.1584
18 4 0 7.18328 54.3613
18 5 1 16.7464 41.4002
18 6 0 15.0445 71.6196
18 7 1 0.0389761 31.8685
18 8 0 37.4317 63.8657
18 9 0 55.0718 18.288
18 10 0 24.0023 90.2302
18 11 0 91.7903 98.1335
18 12 0 62.6039 11.7571
18 13 0 6.39441 78.2116
18 14 0 20.0176 35.2602
18 15 0 18.8309 20.7211
18 16 1 95.768 34.8985
18 17 0 89.2776 42.3054
18 19 1 54.8412 37.8226
18 20 0 92.8706 2.33142
18 21 0 73.0415 32.3977
18 22 1 84.1207 71.831
18 23 0 6.1369 34.6744
18 24 0 0.571193 4.70861
18 25 1 88.0882 50.1545
18 26 0 33.2405 59.1322
18 27 0 38.3526 87.4967
18 28 0 81.2954 21.957
18 29 0 27.7153 3.13837
18 30 1 0.00598389 87.5098
18 31 0 23.7916 18.6385
18 32 0 76.4357 9.09851
18 33 0 95.7938 14.5134
18 34 0 99.7045 49.522
18 35 0 42.8048 31.4521
18 36 0 80.4427 32.7822
18 37 1 29.31 65.4496
18 38 0 90.9142 63.7716
18 39 0 95.3889 58.5421
18 40 0 17.486 29.3974
19 1 1 35.3856 81.2725
19 2 0 98.3931 38.5264
19 3 1 87.8441 89.8053
19 4 0 65.9429 88.8477
19 5 0 51.0315 39.418
19 6 0 97.3049 35.4519
19 7 1 96.8686 75.8129
19 8 0 67.4775 50.5203
19 9 1 63.6324 77.8562
19 10 0 16.5353 87.5457
19 11 0 94.3269 98.643
19 12 0 69.0038 57.2127
19 13 0 98.0488 4.60311
19 14 0 6.6204 27.8092
19 15 1 9.49579 56.4584
19 16 0 73.1644 82.0534
19 17 0 1.66762 15.4124
19 18 0 95.618 96.401
19 20 1 98.0701 61.8748
19 21 0 97.7412 12.4474
19 22 0 74.7007 74.2312
19 23 0 84.2582 13.6067
19 24 0 9.14116 29.8148
19 25 0 36.3802 64.5336
19 26 0 52.5791 17.5763
19 27 0 70.5543 62.7678
19 28 0 54.9413 71.6909
19 29 1 8.27604 70.1896
19 30 0 0.653459 68.0002
19 31 0 28.2747 29.1556
19 32 0 35.37 44.9022
19 33 0 82.6861 64.7046
19 34 0 59.4872 19.6804
19 35 0 61.9919 26.7867
19 36 0 24.1463 28.7336
19 37 0 52.0143 83.5921
19 38 0 4.72167 77.4647
19 39 0 11.5204 88.1023
19 40 0 41.8447 34.8191
20 1 1 96.4998 81.4594
20 2 0 12.9332 69.04
20 3 0 26.5537 78.9553
20 4 0 35.4017 3.98895
20 5 0 33.5824 70.8115
20 6 0 2.94809 10.5672
20 7 0 5.87623 5.5182
20 8 0 86.8696 20.9118
20 9 0 53.9871 75.8646
20 10 0 36.1172 55.7763
20 11 0 17.2772 17.5132
20 12 0 36.7612 8.42028
20 13 1 54.3137 38.1387
20 14 0 35.8157 92.6984
20 15 0 40.7937 2.202
20 16 0 61.5258 58.3645
20 17 0 27.4261 25.6597
20 18 0 45.4285 56.2353
20 19 0 68.1844 20.1233
20 21 1 15.2712 52.3732
20 22 0 7.74353 81.1738
20 23 0 21.7829 3.32724
20 24 0 73.4694 99.2834
20 25 1 86.7234 4.75885
20 26 1 47.8215 27.4639
20 27 0 60.595 71.0211
20 28 1 68.8251 64.692
20 29 0 57.1569 15.0399
20 30 0 70.9302 87.0973
20 31 1 68.3998 82.8628
20 32 0 61.6327 31.8386
20 33 1 92.7214 12.058
20 34 0 62.7636 78.8659
20 35 1 48.595 78.7902
20 36 0 45.7722 6.48014
20 37 0 0.848553 12.5422
20 38 0 65.1374 38.8714
20 39 0 96.1058 96.0025
20 40 1 64.1702 96.8988
21 1 0 34.6871 86.5567
21 2 0 72.3737 10.9183
21 3 0 53.1231 96.0199
21 4 0 21.0559 99.4941
21 5 0 29.4433 97.4254
21 6 0 61.8036 93.7849
21 7 0 66.6971 83.8932
21 8 0 25.8146 3.45797
21 9 0 43.8568 58.8538
21 10 1 50.616 26.4158
21 11 0 0.896809 55.6251
21 12 1 3.25071 77.0286
21 13 0 64.4938 48.3739
21 14 0 22.1898 10.7911
21 15 0 51.2418 97.9225
21 16 0 26.609 42.9099
21 17 0 65.4891 37.5537
21 18 0 58.5132 66.6924
21 19 0 94.7142 1.19495
21 20 1 86.8996 58.3106
21 22 1 48.4863 86.6044
21 23 0 49.7323 28.5773
21 24 0 83.7228 46.0325
21 25 0 19.5171 32.1244
21 26 0 72.6715 18.1767
21 27 0 24.2638 11.9362
21 28 0 31.5024 31.5722
21 29 0 78.5604 1.79449
21 30 0 72.8051 33.0018
21 31 1 3.87504 24.3177
21 32 0 99.9618 75.1192
21 33 0 94.2159 0.114715
21 34 0 97.4409 7.12385
21 35 0 89.3702 56.9506
21 36 0 69.7783 61.6117
21 37 1 61.6663 48.9502
21 38 1 44.7249 28.0081
21 39 0 74.6431 97.8631
21 40 0 19.7068 33.2305
22 1 0 91.599 30.4673
22 2 0 78.3064 54.7348
22 3 1 74.964 85.9106
22 4 0 16.122 45.1214
22 5 0 50.6599 28.6013
22 6 0 60.8873 84.7617
22 7 1 0.0528429 42.8532
22 8 0 17.5165 5.10404
22 9 0 90.1168 73.3323
22 10 0 47.2636 44.4331
22 11 0 28.919 34.021
22 12 0 90.0425 32.3487
22 13 0 6.31081 80.5403
22 14 0 37.498 11.7961
22 15 0 43.3524 50.8315
22 16 0 85.052 19.3002
22 17 0 89.2548 36.7869
22 18 0 88.9217 53.6998
22 19 0 10.324 90.2031
22 20 0 16.8419 31.9185
22 21 0 47.3021 41.2543
22 23 1 92.0191 61.2782
22 24 0 95.9156 90.4723
22 25 0 45.6008 60.0444
22 26 0 88.1309 25.5918
22 27 0 16.1413 92.4222
22 28 0 57.1477 14.4141
22 29 0 54.0845 68.3743
22 30 0 19.0737 91.9458
22 31 0 63.039 1.34265
22 32 0 39.939 9.58994
22 33 0 5.95488 3.14319
22 34 0 12.869 46.6684
22 35 0 20.7912 83.47
22 36 0 82.0039 60.616
22 37 0 40.9467 84.8556
22 38 0 84.7825 73.7835
22 39 0 39.6567 56.1304
22 40 0 57.0054 0.0868712
23 1 1 70.6194 24.6613
23 2 0 58.7969 63.7075
23 3 0 96.4177 81.3434
23 4 0 11.4277 37.7718
23 5 0 86.6578 83.5718
23 6 0 99.8107 41.1754
23 7 1 11.9859 73.0794
23 8 0 65.6658 20.1992
23 9 1 26.4181 77.2299
23 10 0 33.6669 31.4756
23 11 0 29.5933 66.2982
23 12 0 18.9022 38.3151
23 13 0 32.4584 34.6382
23 14 0 76.2918 2.39782
23 15 0 4.88591 39.9681
23 16 1 90.2173 18.6225
23 17 0 15.8159 59.9126
23 18 0 17.8242 31.2795
23 19 0 97.4951 74.1945
23 20 1 36.1314 52.0177
23 21 0 62.3005 27.6121
23 22 0 80.6269 67.823
23 24 1 0.00487915 15.0188
23 25 1 95.5463 65.8558
23 26 1 43.1169 21.1175
23 27 0 76.6169 60.7513
23 28 0 52.0621 83.9396
23 29 0 92.8649 64.2128
23 30 0 8.83033 15.0557
23 31 0 7.14954 78.5505
23 32 0 48.7394 46.0359
23 33 0 82.1162 54.7175
23 34 0 28.7842 87.222
23 35 0 35.8028 21.9539
23 36 0 50.6298 43.1198
23 37 1 90.6219 25.0522
23 38 0 98.9289 49.7365
23 39 0 4.92953 67.2929
23 40 0 7.03867 99.018
24 1 0 63.6439 39.3189
24 2 0 39.7904 71.713
24 3 1 18.6944 91.6809
24 4 0 99.6611 61.583
24 5 0 27.7608 71.4947
24 6 0 66.2805 30.822
24 7 0 90.847 91.3473
24 8 0 82.058 25.8864
24 9 0 87.1034 62.7981
24 10 0 45.6557 50.0393
24 11 1 66.0984 77.3695
24 12 0 80.4875 47.3716
24 13 0 56.2223 47.8435
24 14 1 28.4282 55.9803
24 15 0 46.4744 98.582
24 16 0 64.6362 16.3675
24 17 0 25.6605 80.0014
24 18 0 45.7952 90.5877
24 19 0 38.3076 21.5258
24 20 1 76.7386 96.0178
24 21 1 93.4308 7.19612
24 22 0 52.8049 78.1128
24 23 1 5.41279 56.7118
24 25 1 58.8685 19.7098
24 26 1 71.8 42.5403
24 27 0 92.8049 57.5532
24 28 1 3.01276 9.54112
24 29 1 92.3785 82.7934
24 30 0 74.9729 11.5755
24 31 0 35.1931 45.0321
24 32 0 95.4129 8.13938
24 33 0 5.39797 91.0772
24 34 1 87.7753 85.7691
24 35 0 72.8225 67.5199
24 36 0 86.8903 5.31424
24 37 0 86.9676 8.59491
24 38 0 86.8385 18.8849
24 39 0 94.3785 96.1547
24 40 1 60.1872 74.9623
25 1 0 34.84 15.7837
25 2 0 65.869 92.5396
25 3 0 40.4388 98.8319
25 4 0 35.4352 44.7964
25 5 1 9.51405 74.0893
25 6 0 60.8253 90.7217
25 7 0 92.6167 35.6431
25 8 0 26.2204 87.9379
25 9 0 90.1993 24.1175
25 10 0 6.62182 7.12916
25 11 0 55.6331 49.065
25 12 0 95.2542 60.157
25 13 0 70.7974 73.4786
25 14 0 93.8582 99.1983
25 15 0 82.5073 53.4645
25 16 1 91.5682 58.6508
25 17 0 64.3291 64.8864
25 18 0 35.5322 61.7151
25 19 1 29.0064 85.4672
25 20 0 37.3855 66.9556
25 21 0 11.9905 22.1096
25 22 1 10.1887 48.894
25 23 0 35.567 12.5177
25 24 0 74.5068 10.5546
25 26 1 26.967 60.3579
25 27 0 79.4469 92.6255
25 28 0 55.5659 26.6212
25 29 0 91.3954 21.8517
25 30 0 6.85596 34.8114
25 31 1 17.3256 22.8898
25 32 0 46.382 89.0565
25 33 1 79.0347 9.36805
25 34 0 89.0974 61.3442
25 35 0 63.2425 40.23
25 36 1 33.933 89.1314
25 37 1 20.5481 2.23533
25 38 0 38.3662 71.9386
25 39 0 30.5247 47.122
25 40 1 24.8393 72.5884
26 1 0 27.7759 44.3635
26 2 0 28.1245 77.4082
26 3 1 5.7057 34.4862
26 4 0 65.8004 82.1314
26 5 0 2.66737 53.9487
26 6 0 70.2878 50.2857
26 7 0 99.849 46.3531
26 8 0 42.5267 64.8147
26 9 1 23.6505 60.6707
26 10 0 99.4589 6.40438
26 11 0 36.0554 69.1442
26 12 0 58.256 55.4727
26 13 0 16.9093 16.5521
26 14 0 7.15354 61.7386
26 15 0 87.6484 83.2584
26 16 0 7.08745 66.146
26 17 0 72.4767 54.6135
26 18 0 8.38977 4.44834
26 19 0 73.3832 96.5877
26 20 1 51.8864 74.5101
26 21 0 35.3952 15.9139
26 22 0 78.1427 63.2887
26 23 0 23.3835 87.4923
26 24 0 57.2023 56.7594
26 25 1 43.6257 52.4758
26 27 1 41.9425 45.8219
26 28 0 19.2942 15.707
26 29 0 61.4214 10.2734
26 30 0 41.1057 39.2373
26 31 1 71.5785 38.445
26 32 0 36.5643 89.0525
26 33 0 58.7754 45.6659
26 34 0 66.1581 22.517
26 35 0 27.8841 81.8708
26 36 0 95.7207 23.4376
26 37 0 62.5479 39.8518
26 38 0 18.7121 5.44831
26 39 0 17.2531 81.2099
26 40 0 71.7331 12.4248
27 1 0 4.78937 10.8936
27 2 0 77.4932 31.9244
27 3 0 40.2164 73.0479
27 4 1 9.24302 96.8055
27 5 0 55.275 95.2994
27 6 0 59.5706 54.6805
27 7 1 18.5435 24.8814
27 8 0 18.9552 60.6502
27 9 1 19.1598 92.8437
27 10 0 0.58691 62.636
27 11 0 47.3098 64.5634
27 12 0 63.4133 45.3117
27 13 0 82.1724 27.8598
27 14 0 77.3292 29.4698
27 15 0 86.0772 29.8379
27 16 1 19.7103 80.9948
27 17 0 64.1922 2.05462
27 18 0 40.4886 6.89263
27 19 0 0.208064 23.4375
27 20 0 79.0359 55.1423
27 21 1 38.1827 67.8441
27 22 1 90.9623 16.1257
27 23 0 3.8072 43.191
27 24 0 35.0679 72.6641
27 25 0 94.9388 3.98969
27 26 0 97.2441 22.7347
27 28 1 33.0084 69.7702
27 29 0 94.1133 14.0063
27 30 1 56.6688 92.9934
27 31 0 36.6819 8.07076
27 32 0 52.9456 8.6565
27 33 1 65.4762 92.0755
27 34 0 92.6216 79.4188
27 35 0 65.5517 51.8027
27 36 1 63.909 11.6417
27 37 1 26.2446 52.9632
27 38 0 44.755 80.2387
27 39 0 29.5189 97.9402
27 40 0 47.5099 78.8927
28 1 1 55.9434 73.8497
28 2 0 85.8101 39.6139
28 3 0 51.0443 47.8207
28 4 0 11.8322 16.6904
28 5 0 74.1035 94.9656
28 6 0 6.59639 14.3374
28 7 0 96.929 84.3862
28 8 0 72.8244 17.7753
28 9 0 28.8194 46.6195
28 10 0 49.0438 73.6665
28 11 0 79.2805 41.0192
28 12 0 39.5523 87.3469
28 13 0 55.0643 36.0611
28 14 0 67.9468 90.734
28 15 0 12.313 61.986
28 16 0 58.519 76.2604
28 17 0 73.1095 40.6016
28 18 0 25.0044 10.3674
28 19 0 94.9884 72.1329
28 20 0 96.7498 89.7664
28 21 0 98.2943 64.7276
28 22 0 8.04576 53.6725
28 23 0 67.514 10.2538
28 24 0 67.7335 37.7855
28 25 0 71.2796 2.37626
28 26 0 80.3139 48.284
28 27 0 65.5352 44.3176
28 29 1 18.4582 13.6349
28 30 0 62.4502 32.5005
28 31 0 9.74965 51.9131
28 32 0 97.5293 38.4348
28 33 0 26.7231 13.3342
28 34 1 14.6843 7.85276
28 35 1 81.8369 34.2838
28 36 0 91.199 81.3946
28 37 0 12.6465 89.9304
28 38 0 89.6397 82.481
28 39 0 16.5391 0.608522
28 40 0 50.3309 7.83643
29 1 0 23.22 38.9701
29 2 0 35.9592 15.3993
29 3 0 51.0449 15.365
29 4 0 34.7956 18.8935
29 5 0 5.08974 99.4813
29 6 0 27.4619 92.0606
29 7 0 97.1672 26.445
29 8 1 51.2523 12.22
29 9 0 43.2921 79.3546
29 10 0 61.1593 62.9227
29 11 0 12.0069 57.7124
29 12 0 0.473092 48.7661
29 13 1 3.2748 6.88546
29 14 0 67.3235 97.6263
29 15 0 95.4032 86.0425
29 16 1 32.018 53.4325
29 17 0 59.1656 71.9747
29 18 0 74.4774 60.1406
29 19 0 42.4713 61.1577
29 20 0 23.8591 50.1401
29 21 0 10.0735 98.6919
29 22 0 19.05 14.2985
29 23 0 0.868247 43.4319
29 24 0 72.9064 4.42991
29 25 0 46.9299 90.4624
29 26 0 45.4433 27.4226
29 27 0 70.3546 56.5434
29 28 0 41.3353 40.7522
29 30 1 13.4541 78.0692
29 31 0 52.3766 77.3548
29 32 0 1.1526 61.3609
29 33 0 5.14532 4.9142
29 34 0 38.4998 91.5263
29 35 0 49.2768 16.4251
29 36 0 90.7135 0.0809996
29 37 0 44.3894 30.1123
29 38 0 22.3931 79.0237
29 39 1 33.7884 70.8392
29 40 0 21.7304 76.6636
30 1 0 46.8855 93.1737
30 2 0 8.03601 10.2186
30 3 0 35.9654 24.738
30 4 0 10.8507 1.92567
30 5 0 82.403 94.5853
30 6 0 74.4835 34.1722
30 7 0 77.3482 70.2565
30 8 0 82.2009 29.6616
30 9 0 46.2821 94.7215
30 10 0 9.77711 12.0098
30 11 0 28.9847 99.5157
30 12 0 48.2981 0.0810762
30 13 0 91.5276 5.49247
30 14 0 61.1953 80.6575
30 15 1 99.2693 85.0318
30 16 0 60.4102 14.9331
30 17 0 79.6189 62.6476
30 18 0 22.5554 95.2306
30 19 0 23.8076 99.7421
30 20 1 95.2813 54.1606
30 21 0 90.7432 80.9353
30 22 1 15.2186 38.2363
30 23 0 71.7838 4.7313
30 24 0 61.2061 48.25
30 25 0 64.2067 21.5885
30 26 0 88.8625 59.1293
30 27 0 93.042 40.1397
30 28 0 67.0808 90.9641
30 29 1 66.4539 88.6059
30 31 1 13.9316 92.4752
30 32 1 27.6902 94.4417
30 33 0 6.31644 74.5272
30 34 0 5.09832 80.0589
30 35 0 46.3662 42.8923
30 36 1 18.621 28.7202
30 37 0 57.496 88.7368
30 38 0 22.0115 81.2148
30 39 0 92.4638 59.0929
30 40 0 47.6461 68.7466
31 1 0 70.3347 35.1398
31 2 0 89.035 40.812
31 3 0 16.8126 74.9839
31 4 0 90.763 82.0586
31 5 1 80.0814 77.7713
31 6 1 22.7521 22.2698
31 7 0 28.0169 59.5945
31 8 0 32.5694 70.0113
31 9 0 34.8139 64.0798
31 10 0 87.4593 95.4647
31 11 0 81.0688 52.4771
31 12 0 56.7266 93.0327
31 13 1 53.3485 2.55563
31 14 0 94.8812 77.7324
31 15 0 39.7672 61.5792
31 16 0 75.9926 81.827
31 17 0 5.86035 90.5314
31 18 1 97.4223 35.3629
31 19 0 54.0944 42.9564
31 20 0 85.5735 68.976
31 21 0 87.1627 66.9237
31 22 0 96.9249 40.7356
31 23 0 74.468 12.3875
31 24 0 62.8016 64.8215
31 25 0 52.7586 86.181
31 26 0 70.2928 36.9887
31 27 1 93.8954 31.565
31 28 0 33.1425 48.0731
31 29 0 19.7818 57.847
31 30 0 17.8909 56.5205
31 32 1 80.2493 24.543
31 33 1 42.8377 60.795
31 34 0 91.7238 72.06
31 35 0 93.042 80.2993
31 36 0 64.6883 44.2528
31 37 0 76.338 23.9266
31 38 1 40.6399 13.6451
31 39 0 68.4694 69.7088
31 40 0 58.8158 95.8862
32 1 0 73.9148 44.0077
32 2 0 32.253 67.6314
32 3 0 84.9781 59.5945
32 4 0 16.7588 32.7479
32 5 0 50.5648 78.5805
32 6 0 12.1333 81.6426
32 7 1 62.5593 12.7667
32 8 0 47.7165 0.544364
32 9 0 28.5294 12.5636
32 10 0 34.353 4.78376
32 11 1 6.04455 33.8227
32 12 0 35.1565 88.5584
32 13 0 72.2727 69.6931
32 14 0 19.6648 49.1329
32 15 0 26.94 2.94151
32 16 0 34.0703 0.647502
32 17 1 83.9624 24.7329
32 18 0 94.9377 80.2345
32 19 0 85.999 0.865976
32 20 0 90.8021 85.146
32 21 0 16.615 14.7995
32 22 0 11.0163 82.5641
32 23 1 33.1977 54.4657
32 24 0 1.52681 20.9879
32 25 1 10.9863 33.7579
32 26 0 24.5938 73.8306
32 27 0 4.63105 94.6321
32 28 1 56.5893 76.4071
32 29 0 10.5682 56.8318
32 30 0 65.0649 11.4197
32 31 0 54.0102 40.4726
32 33 1 61.1261 53.694
32 34 0 11.4508 87.4909
32 35 0 2.1154 9.53558
32 36 0 41.8079 50.5055
32 37 0 45.2246 36.7354
32 38 0 75.8964 34.4606
32 39 0 71.1635 80.9015
32 40 0 24.0308 91.3979
33 1 0 45.1666 12.1326
33 2 0 32.5046 53.0089
33 3 0 47.5958 20.9009
33 4 0 50.2197 59.9225
33 5 1 50.8915 99.446
33 6 0 16.91 78.4269
33 7 0 29.4356 41.6996
33 8 0 43.1834 4.58383
33 9 0 55.6395 54.9517
33 10 1 90.7535 7.4021
33 11 0 11.9611 37.8482
33 12 0 39.1229 45.1994
33 13 0 25.6048 73.4389
33 14 1 72.1843 25.6171
33 15 1 98.4706 97.1524
33 16 1 64.9986 38.8561
33 17 0 53.5426 70.4803
33 18 0 67.9663 83.7915
33 19 0 89.5169 9.3168
33 20 1 99.1502 78.2157
33 21 0 49.2161 53.7923
33 22 0 96.4965 96.3157
33 23 0 46.9923 47.35
33 24 0 18.0651 82.9015
33 25 0 5.11299 28.6344
33 26 0 15.5808 66.7881
33 27 0 69.6455 87.7253
33 28 0 19.1196 70.8445
33 29 0 95.6966 26.9726
33 30 0 20.1441 98.4343
33 31 0 35.3854 86.0294
33 32 0 96.0908 7.15494
33 34 1 82.6701 22.2378
33 35 0 94.888 48.5269
33 36 0 74.8468 45.9459
33 37 0 73.1332 62.5384
33 38 1 23.0818 22.2952
33 39 0 42.3977 32.2757
33 40 0 23.994 17.2146
34 1 0 82.6647 43.2495
34 2 0 84.3824 87.2739
34 3 0 99.4712 20.5574
34 4 0 73.1551 39.6914
34 5 0 34.9725 96.872
34 6 0 35.6503 78.9698
34 7 0 45.1668 75.9195
34 8 0 77.5669 11.2169
34 9 0 4.31482 8.95413
34 10 0 66.2403 8.97607
34 11 1 19.1098 7.65854
34 12 0 49.5796 17.1615
34 13 0 61.2686 41.5815
34 14 0 82.4204 60.1761
34 15 0 11.4675 92.9636
34 16 1 85.8569 45.5232
34 17 0 34.2426 63.1109
34 18 0 67.5074 5.2399
34 19 0 35.7503 12.0424
34 20 1 18.5533 91.2006
34 21 0 41.1773 66.2799
34 22 0 45.784 97.1555
34 23 0 24.804 33.7848
34 24 1 92.1944 65.0944
34 25 0 8.92401 80.9006
34 26 0 93.2884 64.3275
34 27 0 26.905 5.53863
34 28 1 87.3608 96.5139
34 29 0 86.5936 43.5036
34 30 0 61.2952 76.2321
34 31 0 71.9424 53.1143
34 32 1 24.2247 92.0711
34 33 0 40.6811 14.2439
34 35 1 49.9656 91.705
34 36 0 45.7719 18.8185
34 37 0 99.0326 92.0081
34 38 0 15.1737 22.6772
34 39 0 0.647574 66.9581
34 40 1 39.3084 97.0863
35 1 0 96.6316 28.9855
35 2 0 14.9773 75.1233
35 3 1 58.7553 60.5234
35 4 0 66.7521 33.7161
35 5 0 19.758 59.1721
35 6 0 55.587 60.7683
35 7 0 38.0389 52.1585
35 8 0 81.9649 16.399
35 9 1 36.0833 89.7707
35 10 0 72.8852 92.5733
35 11 0 24.1813 43.7768
35 12 0 15.6263 66.2153
35 13 0 82.2959 50.1164
35 14 0 87.9995 95.6844
35 15 1 79.1083 88.3392
35 16 0 42.1591 35.8206
35 17 0 31.5551 11.218
35 18 0 78.6529 8.50326
35 19 0 72.1336 33.8603
35 20 0 82.405 28.5888
35 21 0 96.1498 74.6118
35 22 1 83.5031 82.7392
35 23 0 60.3066 12.2256
35 24 0 60.0419 6.94534
35 25 0 54.0824 30.2999
35 26 0 9.15142 7.22052
35 27 0 91.7948 64.9524
35 28 0 95.2734 42.9715
35 29 0 73.6773 16.8359
35 30 0 1.81236 68.5093
35 31 1 0.177424 58.3313
35 32 0 82.2611 92.1769
35 33 1 94.4758 37.1003
35 34 0 36.5505 2.07098
35 36 1 12.0485 55.9856
35 37 0 52.0013 78.6981
35 38 1 5.64081 87.826
35 39 0 48.8627 13.4291
35 40 0 87.9144 82.016
36 1 0 90.2227 5.83268
36 2 0 45.7009 86.261
36 3 1 77.8903 78.9309
36 4 1 81.0168 92.642
36 5 0 52.5139 2.72758
36 6 0 16.9458 64.8569
36 7 0 44.4455 23.3653
36 8 0 24.8675 49.6487
36 9 0 80.9451 57.4501
36 10 0 14.9116 38.8887
36 11 0 37.3967 80.2608
36 12 0 12.8635 75.7764
36 13 1 84.442 0.615943
36 14 0 88.7047 18.8631
36 15 0 95.5569 35.5473
36 16 0 96.4368 42.504
36 17 0 57.617 0.811877
36 18 0 25.8798 81.2001
36 19 0 60.2702 36.1891
36 20 0 62.4038 24.8886
36 21 1 23.317 26.4985
36 22 1 15.2577 53.4976
36 23 0 49.6256 46.034
36 24 0 50.1604 44.2291
36 25 0 18.9603 65.985
36 26 0 56.2747 86.5555
36 27 0 99.7867 25.7854
36 28 0 1.92531 4.79193
36 29 0 62.3106 97.9964
36 30 0 88.4418 6.60288
36 31 1 82.0169 96.842
36 32 0 53.6263 30.9343
36 33 0 20.8849 55.7504
36 34 0 76.0264 37.9048
36 35 0 48.802 79.237
36 37 1 62.2393 74.3042
36 38 0 11.267 55.2333
36 39 0 47.2075 44.1491
36 40 0 72.4383 9.97133
37 1 0 4.46137 29.7712
37 2 0 8.55299 74.1325
37 3 0 96.4924 63.5416
37 4 0 69.3401 32.2322
37 5 1 83.7827 49.6167
37 6 0 58.9427 59.8495
37 7 0 76.034 17.5639
37 8 0 56.1833 45.2185
37 9 0 49.8449 26.4647
37 10 0 62.4021 46.2094
37 11 0 54.0628 69.0161
37 12 0 43.7098 79.2856
37 13 0 49.6891 83.2396
37 14 0 30.8425 4.9026
37 15 0 34.1003 41.9717
37 16 0 25.1891 2.55152
37 17 0 15.7686 83.4743
37 18 0 65.2808 18.48
37 19 0 75.7267 78.9177
37 20 0 25.129 35.879
37 21 0 95.9993 13.6487
37 22 1 65.4292 10.8886
37 23 0 47.416 92.617
37 24 0 30.9871 73.2385
37 25 0 0.758537 96.7397
37 26 0 90.4749 5.59732
37 27 0 63.7924 93.6355
37 28 0 50.4461 66.7253
37 29 0 42.9747 88.1142
37 30 0 9.83108 34.284
37 31 0 32.7579 5.07255
37 32 0 48.7235 64.9987
37 33 1 47.9462 4.71262
37 34 1 20.3981 22.9226
37 35 1 44.0386 94.3657
37 36 0 75.0649 74.4431
37 38 1 15.2262 8.77989
37 39 0 34.1565 49.6523
37 40 1 99.2158 54.3567
38 1 0 3.01603 43.5906
38 2 1 14.9163 32.1026
38 3 0 89.8171 29.7271
38 4 0 98.315 13.1431
38 5 1 92.2193 23.8133
38 6 0 98.8122 16.3825
38 7 0 72.6294 81.6395
38 8 0 91.4382 45.9024
38 9 0 83.1578 34.4214
38 10 0 48.3225 69.2523
38 11 0 30.5358 21.3087
38 12 1 32.4398 29.8343
38 13 0 56.2261 75.121
38 14 0 43.1076 29.4152
38 15 0 52.4053 67.8451
38 16 0 59.6687 81.7935
38 17 0 69.9258 25.0742
38 18 0 67.7306 52.9859
38 19 1 71.2057 15.9253
38 20 0 2.00928 41.0082
38 21 0 30.5821 57.637
38 22 1 5.43986 90.5682
38 23 0 1.12059 2.70897
38 24 0 91.0626 48.9466
38 25 1 72.7886 91.5456
38 26 0 39.2737 33.2172
38 27 1 7.98405 4.2884
38 28 0 33.7874 22.8367
38 29 1 27.756 56.473
38 30 0 27.9814 46.4143
38 31 0 19.863 21.4145
38 32 0 39.7031 1.77116
38 33 0 74.3992 40.5427
38 34 1 82.6486 13.5826
38 35 0 58.2695 58.9847
38 36 1 56.9421 96.8262
38 37 0 50.565 39.882
38 39 1 27.3141 82.6692
38 40 0 38.2794 82.7721
39 1 0 40.1683 33.1186
39 2 0 52.3241 34.318
39 3 0 9.4574 93.95
39 4 0 75.4923 60.7732
39 5 0 38.5815 72.4804
39 6 1 11.0893 96.3239
39 7 0 46.598 58.0611
39 8 0 7.16598 88.6215
39 9 0 50.5348 85.449
39 10 0 77.3039 36.1008
39 11 0 72.572 12.8139
39 12 0 9.29056 49.4609
39 13 0 70.2661 1.73292
39 14 1 94.4482 21.6529
39 15 0 82.9506 95.6764
39 16 0 46.4241 29.0325
39 17 0 57.7539 46.7786
39 18 0 45.8743 58.6055
39 19 0 76.6829 49.7575
39 20 1 11.4359 81.9216
39 21 0 54.4807 24.1622
39 22 0 95.7713 92.0031
39 23 0 91.3718 25.2415
39 24 0 89.896 49.9969
39 25 1 89.1458 85.6939
39 26 1 86.8558 12.8107
39 27 0 57.2489 88.4085
39 28 0 9.47718 74.1306
39 29 0 76.9497 92.0051
39 30 0 50.3883 38.8355
39 31 0 62.2724 14.577
39 32 0 79.467 9.34422
39 33 0 35.3653 56.7854
39 34 0 16.2164 99.4458
39 35 1 60.4419 18.3644
39 36 0 28.368 6.39312
39 37 0 89.5506 95.1344
39 38 0 84.6108 50.4125
39 40 1 94.2169 53.4283
40 1 1 2.72594 7.00051
40 2 0 82.2687 46.9435
40 3 1 86.5994 43.5019
40 4 0 86.0152 49.1549
40 5 1 89.5935 7.59292
40 6 0 99.0412 60.1659
40 7 0 33.3158 33.6522
40 8 0 67.9967 18.0019
40 9 1 69.9467 68.861
40 10 0 97.5124 62.9739
40 11 0 22.5784 60.7499
40 12 0 41.1932 10.8592
40 13 0 27.9174 30.6103
40 14 0 37.8326 82.5177
40 15 0 18.3825 58.0355
40 16 0 98.9895 24.4394
40 17 0 48.1987 2.91776
40 18 0 35.8366 56.9695
40 19 1 70.1731 99.8074
40 20 0 3.9179 60.0558
40 21 0 76.6158 63.1052
40 22 0 96.4695 88.5264
40 23 0 31.5069 48.36
40 24 0 75.7654 66.3052
40 25 0 28.7712 7.71005
40 26 0 64.247 91.3554
40 27 0 79.5299 21.1411
40 28 0 80.2803 87.2167
40 29 0 13.5463 36.6222
40 30 0 93.2581 9.97135
40 31 0 14.8026 8.88947
40 32 1 55.38 99.9088
40 33 0 57.3232 76.7314
40 34 0 63.0052 73.258
40 35 0 5.80196 86.1915
40 36 1 34.7372 56.1648
40 37 0 56.9283 58.4019
40 38 0 96.4463 25.7379
40 39 0 57.9074 7.83861
27.545 9.49105 26.3274 17.1302 3.98218 37.3501 2.44551 36.058 39.2739 27.6181 17.259 25.7265 4.13064 25.6702 22.7707 26.6333 1.93406 5.15754 26.1496 25.8426 25.4865 31.0833 13.1183 16.6 23.2155 16.8789 13.2786 14.2306 32.9416 2.08245 9.91726 32.1296 16.4533 0.903314 36.2648 39.1983 16.0607 0.861311 33.2199 19.0581 