40
300
5
50
1 2 1 56.7957 50.6632
1 3 0 40.5546 40.1826
1 4 0 53.8038 18.5575
1 5 0 80.4889 12.2984
1 6 1 60.6318 38.6077
1 7 0 63.5567 9.05055
1 8 1 65.392 27.1053
1 9 1 80.5952 38.7903
1 10 0 23.5056 57.211
1 11 1 90.6466 12.2229
1 12 0 63.6366 9.72554
1 13 0 62.7373 18.4674
1 14 0 17.9766 12.5311
1 15 0 14.6791 4.70809
1 16 1 1.83832 89.2124
1 17 1 78.3641 5.68634
1 18 0 25.6844 17.8172
1 19 0 68.2074 49.6856
1 20 0 11.2111 44.4196
1 21 0 53.4239 75.0004
1 22 0 81.8125 52.5644
1 23 0 67.1982 14.3458
1 24 1 24.7722 66.2354
1 25 1 78.2627 62.1674
1 26 1 62.4018 86.4345
1 27 0 58.4328 82.8918
1 28 0 24.2031 43.8855
1 29 0 31.2566 81.1018
1 30 0 21.9449 63.9132
1 31 0 15.4148 83.6069
1 32 1 34.9003 60.9241
1 33 0 77.4947 28.8446
1 34 0 51.9078 82.9396
1 35 1 38.7292 24.7362
1 36 1 81.8636 63.8372
1 37 0 83.5025 29.4713
1 38 1 37.0432 44.685
1 39 0 97.9015 51.8523
1 40 0 53.8285 84.8486
2 1 0 32.8068 91.7987
2 3 1 30.8348 44.916
2 4 0 34.722 74.2208
2 5 1 17.8942 21.5061
2 6 0 70.8357 93.6183
2 7 0 43.0983 39.5443
2 8 0 61.2427 71.45
2 9 1 27.0354 65.7681
2 10 0 87.4412 92.7131
2 11 1 6.90497 55.6999
2 12 0 6.11096 86.8016
2 13 0 16.9821 4.86937
2 14 0 23.1159 86.4579
2 15 1 35.8288 70.303
2 16 0 31.8452 32.2044
2 17 0 74.0284 72.4688
2 18 0 12.0038 1.34504
2 19 0 46.1494 92.5769
2 20 0 57.7562 80.7086
2 21 1 83.1805 80.9799
2 22 0 84.6622 53.1391
2 23 0 85.6542 68.7493
2 24 0 42.0933 59.6704
2 25 0 54.3687 41.4199
2 26 0 60.0746 86.1334
2 27 0 74.6442 29.9732
2 28 0 77.767 46.7171
2 29 0 95.0088 6.89007
2 30 0 42.7348 20.6049
2 31 1 57.4653 6.08411
2 32 1 30.5914 82.7352
2 33 0 12.3896 20.346
2 34 0 29.4605 54.5476
2 35 0 51.2925 33.6598
2 36 0 40.0089 39.3161
2 37 0 28.9782 48.4996
2 38 0 15.0395 40.6129
2 39 0 75.0103 89.9275
2 40 1 86.9535 53.6019
3 1 0 62.4774 73.7141
3 2 0 99.8086 84.9436
3 4 1 95.0775 2.8959
3 5 0 27.8275 47.2252
3 6 0 44.677 12.0023
3 7 0 42.1509 82.1295
3 8 0 96.3528 80.5711
3 9 0 54.3994 9.58729
3 10 0 19.3431 56.7655
3 11 0 21.6347 60.9876
3 12 0 34.4929 27.8027
3 13 0 40.8679 27.2832
3 14 0 56.2103 90.2407
3 15 0 79.7724 55.6125
3 16 0 28.9181 78.6996
3 17 0 64.2461 14.9151
3 18 0 32.1634 50.8712
3 19 0 67.0243 28.4646
3 20 0 25.8661 73.0365
3 21 0 90.0247 4.05334
3 22 0 40.0869 80.6736
3 23 0 37.3692 94.3595
3 24 1 4.43018 60.2258
3 25 0 98.2078 33.1344
3 26 0 11.7694 13.1487
3 27 0 72.8693 0.734086
3 28 0 82.9647 48.7961
3 29 0 50.3208 16.1514
3 30 0 68.9437 97.9081
3 31 0 8.79719 68.4447
3 32 1 90.4087 19.8386
3 33 0 52.4757 58.2956
3 34 0 64.1329 11.2889
3 35 1 94.3706 78.7655
3 36 0 27.166 98.5512
3 37 0 73.6689 49.7155
3 38 0 68.4428 17.9327
3 39 1 86.9919 95.1002
3 40 0 6.31 50.4012
4 1 1 68.6327 37.7812
4 2 0 75.8094 22.0834
4 3 0 29.7082 55.7426
4 5 1 44.7942 1.05638
4 6 0 65.2872 38.6754
4 7 0 27.0334 88.6138
4 8 0 42.578 61.0643
4 9 1 58.0822 92.4692
4 10 1 0.847938 13.206
4 11 0 68.5585 59.8464
4 12 0 42.8442 3.18296
4 13 0 60.4971 21.4791
4 14 1 52.1456 20.9493
4 15 1 43.8167 10.0315
4 16 1 82.4528 90.0463
4 17 0 18.8115 77.6107
4 18 0 22.7229 78.1511
4 19 0 50.0649 8.65542
4 20 0 70.9732 93.2771
4 21 1 81.3452 95.9669
4 22 0 83.6347 89.0645
4 23 0 10.0239 99.3541
4 24 0 47.1273 71.5954
4 25 0 8.75554 59.2277
4 26 0 23.3678 95.5608
4 27 0 62.742 13.7769
4 28 0 84.7101 14.9542
4 29 0 28.8168 61.655
4 30 1 40.4989 34.5816
4 31 0 58.7619 83.3383
4 32 0 75.3111 57.2806
4 33 0 82.0635 5.53287
4 34 0 72.0972 12.3228
4 35 0 8.35817 79.806
4 36 0 53.3174 38.5148
4 37 0 87.4119 44.5158
4 38 0 62.0675 23.6331
4 39 0 87.3904 32.8394
4 40 1 58.664 29.2116
5 1 1 21.8941 88.7422
5 2 0 4.89299 48.0362
5 3 0 64.6213 3.12394
5 4 1 36.4766 8.7371
5 6 1 37.1951 4.11073
5 7 0 78.4447 78.1043
5 8 0 31.5669 44.1982
5 9 0 86.0289 71.0519
5 10 0 1.48355 92.7533
5 11 0 54.309 83.2816
5 12 0 80.7199 24.5701
5 13 1 70.9997 68.7845
5 14 0 9.41929 49.0577
5 15 0 19.79 25.8
5 16 0 48.1206 76.21
5 17 0 38.4276 0.380239
5 18 0 97.6808 20.935
5 19 0 89.8463 99.1004
5 20 0 9.66525 44.3323
5 21 0 27.8197 90.6735
5 22 0 22.6727 12.8335
5 23 1 89.0107 34.7487
5 24 1 65.5111 10.0151
5 25 0 69.6007 98.3306
5 26 0 83.9905 66.7601
5 27 0 24.4135 68.0324
5 28 0 43.6444 80.1672
5 29 0 88.4564 42.4678
5 30 0 32.0414 80.4086
5 31 0 91.3444 27.851
5 32 0 61.0649 65.066
5 33 0 66.2701 65.8027
5 34 0 70.5413 70.2045
5 35 0 96.0058 68.7268
5 36 0 49.9936 71.0679
5 37 0 48.2832 38.5164
5 38 0 19.4728 55.8143
5 39 0 65.2376 32.1231
5 40 0 19.6225 60.4308
6 1 0 55.486 21.5214
6 2 0 80.4446 52.4881
6 3 0 32.6819 7.52595
6 4 0 22.6857 54.9907
6 5 0 49.326 82.2538
6 7 1 89.9952 85.0271
6 8 1 11.6275 24.5569
6 9 1 45.6952 3.97267
6 10 0 46.8426 10.0197
6 11 0 84.8088 59.1542
6 12 0 24.9274 49.8886
6 13 0 40.9632 91.8644
6 14 0 22.1879 18.0046
6 15 0 23.5717 28.8993
6 16 0 45.3822 60.8056
6 17 0 81.856 24.1662
6 18 0 69.6644 32.4937
6 19 0 71.7672 39.8122
6 20 0 73.5132 7.75167
6 21 0 17.7092 23.6924
6 22 0 77.9467 13.5997
6 23 0 74.4407 50.9424
6 24 0 43.3966 20.9986
6 25 0 69.4916 61.9338
6 26 1 36.3505 23.2471
6 27 1 10.952 94.8349
6 28 0 37.5608 90.9598
6 29 0 95.3298 37.4486
6 30 0 91.9628 88.8891
6 31 0 79.1628 60.28
6 32 0 48.7168 65.3166
6 33 0 68.7957 59.1463
6 34 0 36.3541 79.2046
6 35 1 2.58505 64.9706
6 36 0 54.6368 28.4062
6 37 0 57.3862 44.9053
6 38 0 34.0744 37.7393
6 39 0 48.8035 25.7442
6 40 0 86.9041 60.6509
7 1 0 53.1995 53.7234
7 2 0 98.4857 98.0231
7 3 0 7.20923 4.75874
7 4 0 39.2742 21.04
7 5 1 26.2033 80.1134
7 6 0 98.9138 53.9266
7 8 1 76.6181 44.1515
7 9 0 9.83315 94.1086
7 10 0 46.976 1.38355
7 11 0 55.6706 53.1536
7 12 0 64.7052 96.7815
7 13 0 53.4952 24.8573
7 14 0 67.7265 76.1707
7 15 0 64.769 63.5422
7 16 0 79.4974 6.00227
7 17 0 58.9925 3.7063
7 18 1 49.1895 27.5127
7 19 0 92.412 6.30528
7 20 0 87.3243 83.1317
7 21 0 55.4391 74.6128
7 22 0 13.6331 89.5473
7 23 0 84.7284 10.4393
7 24 0 98.3942 19.8119
7 25 0 20.6969 91.7658
7 26 0 93.756 53.2575
7 27 0 99.0889 19.9932
7 28 1 51.1882 72.926
7 29 0 4.32614 29.1722
7 30 0 2.93149 53.5488
7 31 0 1.05304 96.1454
7 32 0 90.7135 25.8662
7 33 1 73.5109 17.071
7 34 0 65.7362 97.8548
7 35 1 31.9257 30.6541
7 36 0 28.5271 15.5029
7 37 0 68.6974 90.0014
7 38 0 18.9327 97.1635
7 39 0 20.276 92.2628
7 40 0 59.9665 66.6149
8 1 1 88.4967 44.5303
8 2 0 83.759 80.1169
8 3 0 79.9711 7.45504
8 4 0 75.7567 12.9064
8 5 0 53.5896 45.1557
8 6 1 11.4316 69.2755
8 7 0 80.3411 20.4324
8 9 1 97.1703 25.0047
8 10 0 44.4812 61.8378
8 11 0 3.68775 72.7651
8 12 0 52.5966 7.45615
8 13 0 95.267 3.05974
8 14 0 79.3743 76.2016
8 15 0 0.43476 86.2412
8 16 1 21.803 2.81624
8 17 1 57.0436 73.3641
8 18 0 42.8412 98.4835
8 19 0 28.5379 33.9265
8 20 0 60.7701 69.7403
8 21 1 32.1917 41.2174
8 22 0 1.1341 90.9779
8 23 0 61.5758 2.83224
8 24 0 84.3236 48.2599
8 25 0 45.7827 92.2376
8 26 0 6.37736 42.6955
8 27 1 68.2624 47.7327
8 28 0 63.8222 38.3678
8 29 0 74.4497 82.9182
8 30 1 19.0825 17.4825
8 31 0 3.92314 8.7102
8 32 0 84.3591 12.642
8 33 0 13.6395 59.9312
8 34 0 31.4541 43.9578
8 35 0 26.0161 53.6051
8 36 1 63.4603 57.5453
8 37 1 55.6844 22.3689
8 38 0 86.8836 32.8664
8 39 0 48.4233 23.6143
8 40 1 32.7526 79.4485
9 1 0 55.7858 12.852
9 2 0 7.31162 66.8377
9 3 0 18.2202 1.5392
9 4 0 66.1456 83.0153
9 5 0 26.7422 82.9357
9 6 0 92.3121 49.6068
9 7 0 43.2569 85.5346
9 8 0 9.72888 51.053
9 10 1 23.1978 46.0511
9 11 0 38.8947 70.3841
9 12 0 86.0691 85.1043
9 13 0 86.3709 55.0677
9 14 0 93.0441 33.2454
9 15 0 39.2524 90.7765
9 16 0 93.7879 47.5702
9 17 0 86.0989 66.6184
9 18 0 91.3677 28.267
9 19 0 17.1889 61.2926
9 20 0 99.8246 41.5405
9 21 0 19.4447 12.5832
9 22 0 6.22284 59.5364
9 23 0 87.1996 22.7278
9 24 0 6.61893 80.4181
9 25 0 32.3734 86.4794
9 26 1 70.4764 41.6342
9 27 0 7.01609 85.8808
9 28 0 81.386 46.4145
9 29 0 63.3546 54.7511
9 30 0 89.13 46.6399
9 31 0 45.1387 47.2237
9 32 1 39.1931 83.6983
9 33 0 94.3474 40.9274
9 34 0 96.9957 88.7587
9 35 1 64.9246 31.1736
9 36 0 58.1626 61.2139
9 37 0 36.1819 23.121
9 38 0 41.1317 95.2199
9 39 0 15.7395 63.6081
9 40 0 71.718 55.0501
10 1 0 97.5436 88.3823
10 2 0 17.4103 33.0555
10 3 0 5.56425 77.5041
10 4 1 70.8385 29.937
10 5 0 18.2701 64.2949
10 6 0 74.4975 9.167
10 7 0 87.2319 35.8759
10 8 0 82.5002 99.5544
10 9 0 55.9206 79.3136
10 11 1 64.8227 4.68142
10 12 0 14.4156 5.63557
10 13 0 0.0628182 87.9375
10 14 0 53.02 24.7888
10 15 0 38.7511 80.6964
10 16 0 33.4497 73.5987
10 17 1 53.9714 4.32435
10 18 0 4.49397 66.0829
10 19 0 78.6749 17.2465
10 20 0 63.7093 0.0437839
10 21 0 20.478 82.8613
10 22 0 87.325 87.1713
10 23 0 35.1545 67.8733
10 24 0 30.8307 78.5877
10 25 0 13.2673 21.9109
10 26 0 73.0407 36.0994
10 27 0 32.6552 94.2412
10 28 0 53.8165 64.7057
10 29 0 94.699 61.5323
10 30 0 88.5534 73.0105
10 31 0 38.7105 56.6009
10 32 0 93.4762 81.2863
10 33 0 44.3132 84.7291
10 34 0 6.60638 42.2962
10 35 0 15.1101 88.715
10 36 0 98.3245 55.1399
10 37 0 30.1375 69.6986
10 38 0 37.8651 2.24559
10 39 0 84.4952 71.5467
10 40 0 39.8603 57.2028
11 1 0 93.1457 87.2199
11 2 0 11.6345 63.7858
11 3 0 33.3753 56.5854
11 4 1 78.1226 80.1032
11 5 0 28.0768 67.7459
11 6 0 39.95 71.6884
11 7 0 96.8273 26.9638
11 8 0 52.6763 64.3449
11 9 0 97.2746 71.4333
11 10 0 70.3562 85.3857
11 12 1 30.8493 28.3546
11 13 0 77.4316 70.6409
11 14 0 45.615 10.3863
11 15 0 40.5822 26.3862
11 16 0 43.0765 76.8671
11 17 0 72.4047 88.6815
11 18 0 39.6488 10.2128
11 19 1 67.7197 98.0277
11 20 0 52.1057 11.8744
11 21 0 72.5081 85.8662
11 22 1 3.42084 61.8084
11 23 0 6.21754 30.8048
11 24 0 71.4652 24.1566
11 25 0 49.2361 4.64161
11 26 0 35.0908 90.5205
11 27 0 31.3701 58.9627
11 28 0 69.0513 78.8994
11 29 1 17.4155 62.5081
11 30 0 40.6041 6.17662
11 31 0 94.0003 79.5884
11 32 1 87.0335 3.73342
11 33 0 99.5714 49.3833
11 34 0 43.0386 80.6264
11 35 0 64.8482 84.602
11 36 1 86.7833 86.5274
11 37 0 60.8247 48.6184
11 38 0 6.32556 38.0798
11 39 0 64.4033 80.2394
11 40 0 43.1814 6.94048
12 1 0 96.504 72.8205
12 2 0 13.379 36.5495
12 3 0 27.0703 11.5802
12 4 0 51.969 92.8891
12 5 0 15.2191 11.1134
12 6 0 57.0853 84.0432
12 7 1 82.9911 4.51382
12 8 1 40.8999 5.51187
12 9 0 77.3744 50.5278
12 10 0 90.5752 23.4981
12 11 0 10.9238 69.8328
12 13 1 62.8021 8.23627
12 14 0 43.8792 18.4313
12 15 0 97.3385 23.1553
12 16 0 81.097 20.4962
12 17 0 98.1785 41.5041
12 18 0 1.63776 47.3856
12 19 0 94.4069 81.1544
12 20 0 31.4665 74.006
12 21 1 66.0473 74.4064
12 22 1 21.3712 78.2033
12 23 0 67.3255 35.7993
12 24 0 53.414 48.3599
12 25 0 6.13153 11.4319
12 26 0 16.3871 4.67974
12 27 0 69.9717 20.1428
12 28 0 56.7365 70.1215
12 29 0 64.9047 80.0801
12 30 0 86.5949 62.8293
12 31 0 49.4685 47.6557
12 32 0 1.72971 10.6214
12 33 0 39.2323 14.4379
12 34 0 14.5364 98.151
12 35 0 34.0016 53.2036
12 36 0 43.1697 45.776
12 37 0 27.9273 41.5827
12 38 0 32.773 32.3741
12 39 0 74.3089 24.7509
12 40 0 87.8248 58.4144
13 1 0 14.9976 73.2614
13 2 1 25.821 63.2631
13 3 0 93.7254 99.0522
13 4 1 76.5435 53.3696
13 5 0 74.4758 82.1045
13 6 0 46.8537 52.3681
13 7 0 0.612937 39.6811
13 8 0 13.8889 61.4014
13 9 0 93.4556 66.1604
13 10 0 79.8404 72.82
13 11 1 25.8588 27.9089
13 12 0 8.8701 51.5891
13 14 1 9.73962 57.9199
13 15 0 64.4328 65.2304
13 16 0 1.3988 65.2254
13 17 0 63.084 50.6618
13 18 0 90.362 13.8738
13 19 0 70.1668 42.6699
13 20 1 65.9268 4.56095
13 21 0 50.0701 58.2874
13 22 0 16.0132 71.8243
13 23 0 94.3694 63.2988
13 24 0 76.6135 72.3691
13 25 0 77.2023 58.4505
13 26 0 6.50944 34.694
13 27 0 23.9337 71.7445
13 28 0 90.1763 2.35267
13 29 0 69.6462 5.98869
13 30 0 43.7947 18.2445
13 31 0 24.0711 80.2617
13 32 0 43.3643 63.6103
13 33 0 53.4653 41.3329
13 34 0 28.7494 9.00924
13 35 0 96.2748 51.9117
13 36 1 38.8116 8.28001
13 37 1 30.5245 52.1093
13 38 0 83.0576 0.821911
13 39 0 53.7174 82.812
13 40 0 84.6542 65.9234
14 1 0 9.61184 33.3229
14 2 0 91.5982 55.9489
14 3 1 36.8606 51.2921
14 4 0 71.1707 62.8144
14 5 0 56.1799 20.5898
14 6 0 74.0479 36.078
14 7 0 39.479 76.6297
14 8 0 13.7812 76.5855
14 9 1 53.1051 88.8879
14 10 0 62.1359 42.9745
14 11 0 16.9418 53.0465
14 12 0 17.7806 22.953
14 13 0 12.6668 33.9957
14 15 1 97.811 43.9907
14 16 0 8.70109 31.0766
14 17 0 75.7448 57.2482
14 18 0 4.10994 39.2799
14 19 0 91.6936 69.2203
14 20 1 50.6692 14.7964
14 21 0 38.1658 62.0461
14 22 0 64.8024 85.3771
14 23 0 1.44402 29.1831
14 24 0 14.6309 78.3458
14 25 0 86.2779 68.1514
14 26 1 23.6748 10.9358
14 27 0 46.6379 95.5699
14 28 0 15.5618 13.7636
14 29 0 24.5254 85.3568
14 30 0 24.9514 84.3546
14 31 0 89.5045 95.7703
14 32 0 23.916 37.7249
14 33 0 1.47265 4.88933
14 34 0 20.8083 21.2552
14 35 0 29.5799 96.8057
14 36 0 20.2305 1.07598
14 37 0 75.2878 22.3714
14 38 0 25.1714 45.7912
14 39 0 2.40518 76.3836
14 40 0 26.9575 39.2744
15 1 0 24.0043 83.9751
15 2 0 49.7725 58.434
15 3 0 46.1126 57.6429
15 4 0 58.4735 48.1453
15 5 0 32.1831 70.8928
15 6 0 43.1812 75.0036
15 7 1 43.5048 85.6647
15 8 0 37.6623 3.24617
15 9 0 76.5012 69.2521
15 10 1 61.1426 36.5595
15 11 1 52.9013 13.6544
15 12 0 40.3449 41.8994
15 13 0 7.7342 67.0883
15 14 0 46.5 7.77098
15 16 1 90.2248 2.2271
15 17 0 50.8865 12.2713
15 18 1 60.234 6.90413
15 19 0 22.6787 95.0919
15 20 1 13.26 59.6485
15 21 0 64.5439 91.1337
15 22 0 54.8891 14.0182
15 23 0 79.7108 9.14606
15 24 0 16.7075 80.5413
15 25 0 90.4853 37.6157
15 26 1 37.5732 66.3979
15 27 0 53.4219 70.1431
15 28 0 90.7469 89.3346
15 29 0 70.0327 85.6231
15 30 0 9.10214 56.6893
15 31 0 61.8534 77.9864
15 32 0 95.135 55.9384
15 33 1 49.3434 67.0389
15 34 1 61.1318 51.1551
15 35 1 78.0802 53.0045
15 36 0 88.7798 42.5388
15 37 0 71.1357 30.9258
15 38 0 38.9215 48.3511
15 39 0 77.5489 17.9054
15 40 0 71.4432 36.7387
16 1 0 90.6876 46.4867
16 2 0 56.693 91.9132
16 3 1 71.8854 3.24353
16 4 0 99.1887 76.6401
16 5 0 78.476 30.4284
16 6 0 82.5005 2.84049
16 7 0 14.659 17.8196
16 8 0 93.9786 95.5799
16 9 0 94.1119 57.6952
16 10 0 88.0998 63.5646
16 11 1 46.6764 71.595
16 12 0 70.2275 64.2579
16 13 0 21.2424 90.5973
16 14 0 51.5952 82.4459
16 15 0 93.4489 48.9884
16 17 1 21.9861 26.7122
16 18 1 33.2417 77.6113
16 19 0 78.059 34.3018
16 20 0 51.7238 12.7487
16 21 0 21.1989 13.9443
16 22 0 71.077 31.3241
16 23 1 51.0098 73.2095
16 24 0 91.36 81.9444
16 25 0 89.9429 73.6565
16 26 1 37.4178 25.0714
16 27 0 72.3495 46.4303
16 28 0 56.2898 17.9512
16 29 0 24.6419 29.817
16 30 0 91.1767 10.8452
16 31 0 29.2145 93.7574
16 32 0 62.1022 34.2016
16 33 0 25.452 46.3155
16 34 0 35.6586 59.1967
16 35 0 49.8513 26.0243
16 36 0 39.3244 20.0487
16 37 0 86.354 19.7929
16 38 1 98.9008 56.6005
16 39 0 62.534 53.1706
16 40 0 98.1669 10.4882
17 1 0 64.7553 93.0726
17 2 0 42.745 5.71631
17 3 0 14.2998 74.0664
17 4 0 34.5623 48.1002
17 5 0 39.255 44.5909
17 6 0 55.4494 3.95985
17 7 1 64.8335 99.6287
17 8 1 16.4899 66.9409
17 9 0 86.6289 74.6797
17 10 0 37.5239 58.7945
17 11 0 31.8562 18.0706
17 12 0 7.47202 19.1763
17 13 1 53.8989 84.0137
17 14 1 7.06296 75.1739
17 15 0 3.54585 53.9521
17 16 0 55.8202 12.8905
17 18 1 94.0821 72.9168
17 19 0 69.7252 66.2161
17 20 0 35.8048 13.8137
17 21 0 72.7216 73.1397
17 22 0 51.1964 25.4032
17 23 0 71.7457 38.642
17 24 0 95.0603 38.8794
17 25 0 71.7793 19.2892
17 26 0 76.4129 11.7731
17 27 0 82.2866 49.827
17 28 0 88.1082 59.6203
17 29 0 8.76122 82.7098
17 30 1 21.0213 70.1878
17 31 0 86.71 69.642
17 32 0 58.0198 99.8117
17 33 0 58.4248 84.7274
17 34 0 97.6579 68.8501
17 35 0 14.8222 35.2847
17 36 0 41.0943 12.0318
17 37 0 45.7869 15.5254
17 38 0 80.7908 15.2015
17 39 0 9.64408 70.8332
17 40 0 2.34133 18.3497
18 1 1 40.0212 39.2165
18 2 0 39.4415 94.2828
18 3 1 59.4438 71.3034
18 4 0 0.041208 33.3464
18 5 0 30.2826 95.8175
18 6 0 49.8007 35.1173
18 7 0 59.5797 3.10676
18 8 1 5.62599 74.7861
18 9 0 4.54465 91.9309
18 10 0 4.93997 42.0479
18 11 0 26.0336 9.89486
18 12 0 92.5828 15.349
18 13 0 62.947 93.5582
18 14 0 7.20081 61.9915
18 15 0 1.10736 14.7264
18 16 0 55.9464 71.4254
18 17 0 81.9462 16.1435
18 19 1 15.4462 49.3669
18 20 0 48.176 36.1287
18 21 0 68.4724 10.5319
18 22 0 57.9379 91.6982
18 23 0 35.6229 47.5275
18 24 0 77.6902 28.8674
18 25 0 0.943789 96.6974
18 26 0 82.8846 48.5221
18 27 0 13.7399 11.4999
18 28 0 58.9499 80.1545
18 29 0 13.7873 69.9605
18 30 0 0.983912 76.0012
18 31 0 38.2938 47.1136
18 32 1 72.726 37.387
18 33 0 39.0855 74.444
18 34 0 62.3607 17.544
18 35 0 25.7725 52.5734
18 36 0 7.14282 1.06675
18 37 0 96.786 9.50304
18 38 0 72.2249 62.6492
18 39 0 96.0582 59.3637
18 40 0 27.554 93.2968
19 1 0 88.4226 56.144
19 2 0 95.49 38.4407
19 3 0 84.057 13.9844
19 4 0 3.80205 33.0027
19 5 0 46.5941 24.3261
19 6 0 58.995 43.2196
19 7 0 36.6103 91.8362
19 8 0 23.2929 96.4659
19 9 0 44.9493 33.4823
19 10 0 67.8519 3.08593
19 11 0 75.6538 22.0613
19 12 1 83.176 65.1573
19 13 0 30.9747 82.6586
19 14 0 91.8468 6.96732
19 15 1 49.3198 61.3655
19 16 0 71.4331 95.5038
19 17 0 83.9948 87.3285
19 18 0 23.4134 24.9669
19 20 1 42.6679 10.9547
19 21 0 94.5831 85.0707
19 22 0 65.189 90.0357
19 23 1 18.4267 12.2671
19 24 0 24.0589 3.57739
19 25 0 35.0027 7.90651
19 26 0 9.8155 21.4239
19 27 0 66.9263 45.63
19 28 0 21.7724 37.6098
19 29 0 11.3385 60.4316
19 30 0 77.3071 71.7244
19 31 0 28.0314 73.8724
19 32 0 46.6845 21.1781
19 33 1 69.6687 38.8816
19 34 0 91.2026 54.8672
19 35 0 45.6493 2.59775
19 36 0 64.8988 63.2962
19 37 0 50.4146 46.5008
19 38 0 9.86948 82.2845
19 39 0 87.2569 38.7173
19 40 0 66.8768 45.8672
20 1 0 0.763518 58.9141
20 2 0 7.01269 43.3924
20 3 0 19.196 99.349
20 4 0 32.45 30.221
20 5 0 92.8901 78.6894
20 6 1 66.2548 44.3609
20 7 0 46.8026 74.8254
20 8 0 45.1872 77.9105
20 9 0 93.4832 72.675
20 10 0 75.5942 70.7599
20 11 1 26.1788 99.3085
20 12 0 86.5273 73.5182
20 13 0 14.6633 32.6867
20 14 0 9.54406 29.5331
20 15 1 20.1413 20.1013
20 16 1 8.16061 42.1399
20 17 1 84.977 58.3432
20 18 0 49.6208 89.7458
20 19 0 27.9968 91.4157
20 21 1 13.7531 46.5161
20 22 1 76.282 74.259
20 23 0 11.8284 65.7445
20 24 0 70.9834 51.7829
20 25 0 53.3567 35.4568
20 26 0 41.5787 65.7298
20 27 0 42.4131 13.9951
20 28 0 13.7217 74.6834
20 29 0 48.1563 18.4098
20 30 0 95.4024 40.4376
20 31 0 37.0173 15.141
20 32 0 65.7748 93.9064
20 33 0 11.1676 71.9932
20 34 0 85.5877 84.7744
20 35 1 9.60882 25.12
20 36 0 84.6384 82.8476
20 37 0 17.7648 69.4601
20 38 0 17.4115 65.4966
20 39 0 19.1137 35.1436
20 40 0 18.3168 78.9113
21 1 0 43.7823 42.4213
21 2 0 72.1207 2.25778
21 3 0 0.451244 40.7946
21 4 0 12.1072 0.00791382
21 5 0 73.4773 33.0076
21 6 0 36.6117 68.3521
21 7 0 70.6694 62.6581
21 8 0 72.8391 99.4883
21 9 0 67.1219 1.80673
21 10 0 40.1609 61.3296
21 11 1 50.2601 52.3115
21 12 0 77.0405 14.8319
21 13 1 62.2708 28.8256
21 14 0 20.8656 93.1703
21 15 0 48.8212 15.8706
21 16 0 2.42893 3.61093
21 17 0 32.3094 70.4007
21 18 0 55.3267 2.00509
21 19 0 7.13475 70.0902
21 20 0 50.2653 48.8457
21 22 1 60.8959 72.3014
21 23 1 14.9 64.2598
21 24 0 30.0947 67.5798
21 25 0 9.36191 72.6464
21 26 0 7.18027 90.6387
21 27 0 43.2901 89.8641
21 28 0 21.0168 95.4731
21 29 0 25.0275 71.4145
21 30 0 27.9444 29.135
21 31 0 35.4711 77.36
21 32 1 17.5619 61.2205
21 33 0 38.2056 6.55791
21 34 0 0.884449 24.3255
21 35 0 28.5441 29.4488
21 36 0 6.23807 25.8698
21 37 0 90.9602 49.8544
21 38 0 33.0584 70.4582
21 39 0 40.1787 21.9805
21 40 0 32.4343 36.1367
22 1 0 3.42029 99.2029
22 2 1 15.192 13.8436
22 3 0 52.8712 41.1065
22 4 0 78.8534 58.4019
22 5 0 28.1827 37.727
22 6 1 60.2853 88.9527
22 7 1 99.8901 49.1893
22 8 1 61.3999 75.0262
22 9 0 26.3516 93.9145
22 10 1 62.1454 24.9254
22 11 0 94.9512 44.9266
22 12 1 22.9768 77.5462
22 13 0 35.7033 5.70719
22 14 0 77.7211 69.7953
22 15 0 35.147 65.9335
22 16 1 94.6732 40.25
22 17 0 35.7919 31.7444
22 18 0 50.3798 67.262
22 19 0 73.9673 86.7696
22 20 0 29.3468 14.5802
22 21 0 61.1011 76.453
22 23 1 90.587 64.4122
22 24 0 25.8146 64.892
22 25 1 44.2552 65.6916
22 26 0 21.3742 65.6208
22 27 0 76.0776 78.6637
22 28 0 72.9607 3.0285
22 29 0 57.3579 49.5525
22 30 0 86.3694 82.0435
22 31 0 33.4931 3.45701
22 32 0 24.1287 55.7999
22 33 0 53.638 90.2148
22 34 0 82.8826 27.8742
22 35 0 18.7919 98.3736
22 36 0 52.64 57.6412
22 37 0 91.4713 68.9791
22 38 0 32.3974 28.9455
22 39 0 66.2591 49.9176
22 40 0 31.8023 87.4019
23 1 0 52.8547 89.0587
23 2 0 74.4461 18.9772
23 3 0 50.3647 13.8634
23 4 1 13.7027 9.84582
23 5 1 29.5754 23.8692
23 6 1 13.7739 51.3432
23 7 0 85.7813 18.8279
23 8 0 74.11 89.4544
23 9 0 1.08035 72.2312
23 10 0 24.0709 82.1406
23 11 0 16.7124 63.8752
23 12 0 58.2039 85.3653
23 13 0 79.4594 82.583
23 14 1 68.4513 86.7619
23 15 0 29.6244 0.320001
23 16 0 26.6388 72.6714
23 17 0 68.0246 31.8312
23 18 0 67.1479 56.5696
23 19 0 63.4983 51.0064
23 20 1 89.2604 86.3548
23 21 0 87.9733 33.9373
23 22 1 3.70998 87.4178
23 24 1 54.5277 37.0708
23 25 0 84.7417 82.1597
23 26 0 41.8953 78.2551
23 27 0 39.613 34.9659
23 28 0 84.8411 16.8111
23 29 0 8.28552 46.104
23 30 0 77.0893 24.5568
23 31 0 20.8574 60.1527
23 32 0 23.6969 20.45
23 33 0 11.9142 64.4784
23 34 1 24.1308 7.0566
23 35 0 61.8528 3.24485
23 36 0 98.0093 50.7834
23 37 0 41.6367 5.01536
23 38 0 54.7722 5.34829
23 39 1 78.9259 94.8068
23 40 1 66.0836 20.7087
24 1 1 15.2929 65.0434
24 2 1 18.941 83.9437
24 3 0 47.8766 43.6628
24 4 0 37.8133 45.6042
24 5 0 55.5694 41.9449
24 6 0 31.063 70.6538
24 7 0 41.6064 63.9059
24 8 0 14.4899 85.2301
24 9 1 87.9671 73.604
24 10 0 53.6818 57.1124
24 11 0 2.96034 30.2793
24 12 0 3.34455 66.1193
24 13 0 29.2046 1.02846
24 14 0 54.4482 83.9149
24 15 1 67.741 62.5734
24 16 0 28.6957 42.0168
24 17 0 63.2791 31.1511
24 18 0 27.6673 20.9156
24 19 0 47.1568 52.9592
24 20 1 8.16232 88.7365
24 21 0 75.592 88.3758
24 22 1 75.3048 19.2235
24 23 0 99.0364 98.8989
24 25 1 5.42942 77.6183
24 26 1 62.4242 78.6338
24 27 0 62.7582 40.2665
24 28 0 31.7775 36.4703
24 29 1 98.0135 59.1792
24 30 0 52.1801 89.7912
24 31 0 57.3919 89.2175
24 32 1 22.6374 37.8537
24 33 1 12.5164 8.20483
24 34 1 47.3027 41.5842
24 35 0 7.81641 43.7267
24 36 0 70.3516 68.3426
24 37 0 63.6002 28.905
24 38 1 32.5396 14.5593
24 39 0 93.5191 59.4852
24 40 1 14.8065 69.9271
25 1 1 29.3596 57.187
25 2 0 29.442 40.0986
25 3 0 29.9119 6.02842
25 4 0 29.0951 17.0922
25 5 0 1.56595 24.8493
25 6 0 22.417 68.1603
25 7 0 82.5923 84.3579
25 8 0 54.0801 14.2704
25 9 0 32.4344 47.7972
25 10 0 86.1468 67.2864
25 11 1 54.5413 30.5326
25 12 0 41.9539 3.45974
25 13 1 10.189 63.2068
25 14 1 60.5588 42.6336
25 15 0 96.902 33.6517
25 16 0 75.731 48.4128
25 17 0 90.1859 19.0366
25 18 0 15.9498 77.8058
25 19 0 42.1921 6.16847
25 20 1 71.4126 22.8546
25 21 0 95.3782 98.788
25 22 0 33.9941 81.9237
25 23 0 19.372 60.7805
25 24 0 62.8969 27.0867
25 26 1 99.1767 11.0766
25 27 1 28.3575 68.4096
25 28 0 18.9387 48.3303
25 29 0 0.206886 20.0984
25 30 1 3.31596 63.727
25 31 0 53.6798 16.9377
25 32 1 64.3524 16.4514
25 33 0 62.6465 40.7395
25 34 0 84.3836 72.4063
25 35 0 85.2243 36.145
25 36 0 28.1596 98.6518
25 37 1 74.1287 56.2321
25 38 1 33.6588 16.9345
25 39 0 31.4868 9.02118
25 40 0 57.1218 19.6982
26 1 0 23.4237 45.6556
26 2 0 31.2859 92.3964
26 3 0 45.9252 62.0942
26 4 0 89.5016 50.9164
26 5 0 67.0901 93.8846
26 6 0 24.9318 69.4445
26 7 0 79.6058 45.9431
26 8 0 75.0597 67.1502
26 9 0 4.22842 3.23891
26 10 1 19.1366 56.6925
26 11 0 81.6477 64.9504
26 12 0 22.4693 34.4464
26 13 0 63.9218 93.89
26 14 0 35.5285 90.3884
26 15 0 38.1324 7.06289
26 16 0 84.1496 67.6582
26 17 0 83.0997 42.9889
26 18 1 52.9495 18.9071
26 19 0 11.2765 30.9316
26 20 0 30.8248 87.9766
26 21 0 52.0461 69.0079
26 22 0 44.573 57.7599
26 23 0 83.2721 38.9202
26 24 0 22.523 21.114
26 25 0 57.1148 81.8129
26 27 1 28.4217 92.8221
26 28 1 24.8357 69.655
26 29 0 51.1058 71.5846
26 30 0 13.3922 72.1776
26 31 0 19.5234 71.5056
26 32 1 64.6328 88.3794
26 33 0 98.3618 13.338
26 34 0 77.133 38.2352
26 35 0 75.488 55.9575
26 36 0 56.6868 60.9746
26 37 0 35.5863 61.5541
26 38 1 83.059 64.611
26 39 0 3.26359 31.2658
26 40 1 26.7546 31.9516
27 1 0 83.9119 78.9319
27 2 0 47.8249 73.4639
27 3 0 47.3194 93.0154
27 4 1 34.9494 91.2044
27 5 0 22.8029 47.9925
27 6 0 70.2963 36.3685
27 7 0 25.0716 83.9507
27 8 0 89.8456 56.8317
27 9 0 54.0047 21.6312
27 10 0 28.8263 77.2034
27 11 1 66.1254 59.2822
27 12 0 56.7064 87.7121
27 13 0 95.8424 2.78393
27 14 0 77.8325 6.95628
27 15 0 35.8717 15.8781
27 16 0 84.9931 99.5459
27 17 0 78.988 9.66032
27 18 0 33.7702 94.3775
27 19 0 34.3002 59.0807
27 20 1 93.6837 51.1937
27 21 1 69.8292 40.3398
27 22 0 65.8714 92.687
27 23 0 85.7039 9.11846
27 24 0 1.11414 62.8436
27 25 0 52.8065 22.9297
27 26 0 69.7967 31.4724
27 28 1 13.6626 25.9022
27 29 0 73.9214 51.4678
27 30 0 39.2728 84.601
27 31 0 72.4194 77.0236
27 32 1 81.5713 22.0474
27 33 0 34.9816 14.3279
27 34 0 56.2564 89.4563
27 35 0 26.0904 12.628
27 36 0 1.12534 38.8162
27 37 1 30.915 88.574
27 38 0 0.0883979 83.7181
27 39 0 23.3284 22.3768
27 40 0 79.8695 63.1308
28 1 0 25.3343 38.0029
28 2 0 83.9426 73.3693
28 3 0 92.9828 86.1991
28 4 0 49.9844 12.041
28 5 0 94.9119 31.0081
28 6 0 0.688782 29.078
28 7 0 63.762 95.7371
28 8 0 88.5873 52.9788
28 9 0 68.1425 85.1498
28 10 0 20.1004 17.0112
28 11 0 96.6257 12.6887
28 12 0 6.00468 50.6975
28 13 0 93.1094 24.3811
28 14 0 65.3915 32.3449
28 15 0 40.5217 9.68331
28 16 0 69.1591 7.75247
28 17 0 29.7714 47.443
28 18 1 80.3037 54.0125
28 19 1 84.2343 91.1682
28 20 0 16.6874 63.9987
28 21 0 83.9483 20.1096
28 22 0 78.3917 77.4095
28 23 1 96.8096 73.1637
28 24 0 57.4741 38.4076
28 25 0 44.1473 82.8428
28 26 0 83.2869 79.2665
28 27 0 79.818 34.5503
28 29 1 20.6724 18.6458
28 30 0 72.4137 46.5786
28 31 0 56.7378 71.0087
28 32 0 17.706 9.72826
28 33 0 30.0101 29.8728
28 34 0 76.6048 53.1136
28 35 0 76.3584 22.7471
28 36 0 12.2229 9.85255
28 37 0 38.2474 36.9049
28 38 0 90.753 72.092
28 39 1 64.1265 71.7302
28 40 0 73.5581 17.2272
29 1 1 14.0478 66.3204
29 2 0 70.5528 63.3723
29 3 0 86.4864 4.94163
29 4 0 27.6451 14.2642
29 5 0 25.2464 46.4879
29 6 0 97.8455 46.3448
29 7 0 87.3241 81.5103
29 8 1 97.1023 14.5771
29 9 1 90.7325 99.5705
29 10 0 6.70706 59.2748
29 11 1 96.4179 14.8024
29 12 1 57.846 44.8781
29 13 1 0.94277 43.9384
29 14 0 75.6109 80.8961
29 15 1 30.7149 97.7731
29 16 0 3.96336 66.8547
29 17 0 66.7379 63.6513
29 18 0 99.1118 88.1367
29 19 1 97.8886 50.828
29 20 0 8.44217 12.5397
29 21 1 16.7445 72.0581
29 22 1 45.1302 25.5876
29 23 0 84.7431 74.9857
29 24 0 41.673 58.3886
29 25 0 19.898 26.9454
29 26 0 92.4802 37.3006
29 27 0 13.0848 64.4568
29 28 0 79.9961 13.9959
29 30 1 14.9226 95.9425
29 31 1 70.124 81.0153
29 32 1 94.7996 55.5719
29 33 1 24.3409 40.0366
29 34 0 47.509 69.4065
29 35 0 35.7771 50.2769
29 36 0 61.9411 67.5725
29 37 0 71.9955 61.142
29 38 0 15.5697 17.8094
29 39 0 47.598 4.29367
29 40 0 0.853203 12.7566
30 1 0 32.6737 59.1232
30 2 1 42.5388 45.8591
30 3 0 38.0451 21.5122
30 4 0 36.8541 54.0136
30 5 0 39.7813 81.2462
30 6 0 71.1226 86.683
30 7 0 79.3244 72.3952
30 8 0 73.3702 11.2302
30 9 0 66.6149 14.3371
30 10 0 81.8474 55.9774
30 11 0 78.0272 39.5667
30 12 0 4.03669 4.39518
30 13 0 78.6031 10.6477
30 14 0 64.0852 40.0684
30 15 0 25.6391 92.5979
30 16 0 89.962 84.1941
30 17 0 47.4207 72.1036
30 18 0 70.139 38.415
30 19 0 89.9663 73.7138
30 20 1 53.7545 73.0271
30 21 0 26.9412 83.1219
30 22 0 9.60039 95.5955
30 23 0 25.438 49.4191
30 24 0 87.0662 6.91022
30 25 1 12.6815 71.5658
30 26 0 96.6603 69.8593
30 27 0 4.60611 46.6027
30 28 1 19.3148 45.9798
30 29 0 23.8235 94.5779
30 31 1 1.23179 93.396
30 32 0 26.2863 8.0678
30 33 1 70.3971 46.1681
30 34 0 11.7946 70.701
30 35 0 21.7392 51.6567
30 36 0 47.3706 25.6391
30 37 1 51.8243 53.4185
30 38 0 87.9116 80.4601
30 39 0 31.1486 97.5714
30 40 0 44.5873 97.3202
31 1 1 22.7948 57.1968
31 2 0 56.9554 12.5273
31 3 0 97.8827 29.0106
31 4 0 87.4884 59.8627
31 5 0 63.9318 14.0708
31 6 0 74.4814 74.3609
31 7 1 79.5924 30.3958
31 8 0 23.5482 83.6187
31 9 0 53.7496 62.6885
31 10 0 14.5943 85.2775
31 11 0 48.7206 82.3013
31 12 0 48.6278 3.97041
31 13 0 69.2882 29.9234
31 14 0 45.5447 54.1919
31 15 0 31.2937 37.0975
31 16 0 94.6816 4.94944
31 17 0 2.69467 59.2619
31 18 1 46.7793 17.872
31 19 0 41.1108 88.2972
31 20 0 13.6295 29.4977
31 21 0 36.3342 14.0901
31 22 0 57.3736 48.9285
31 23 0 69.966 28.0565
31 24 0 15.7102 41.5147
31 25 0 6.67715 98.3508
31 26 1 17.8918 7.38489
31 27 0 53.9428 92.5783
31 28 0 14.1986 22.9543
31 29 1 95.5093 53.9843
31 30 1 75.4999 12.1813
31 32 1 93.1964 1.05399
31 33 0 2.09854 38.4282
31 34 0 26.0601 66.4177
31 35 1 19.2923 15.5955
31 36 0 54.8253 31.3549
31 37 0 63.8026 91.7374
31 38 0 55.2695 14.4484
31 39 0 68.0327 79.0185
31 40 1 8.77084 98.4088
32 1 0 16.8644 0.327307
32 2 0 40.3917 53.8616
32 3 0 78.0086 61.1423
32 4 0 51.9155 79.5352
32 5 0 86.8547 90.5095
32 6 0 28.4022 23.2058
32 7 0 37.3434 33.6622
32 8 0 25.6129 63.0908
32 9 0 39.602 30.7408
32 10 0 72.244 19.8507
32 11 0 14.6999 81.9266
32 12 0 30.2251 59.0742
32 13 0 97.384 51.9918
32 14 0 18.607 75.7566
32 15 0 88.7411 7.3405
32 16 0 67.7419 87.4965
32 17 0 16.9151 60.0559
32 18 0 39.6656 55.7812
32 19 0 36.6729 44.2408
32 20 0 32.3466 62.7695
32 21 0 48.6449 84.4654
32 22 0 26.1151 68.6125
32 23 0 48.9044 80.7389
32 24 0 7.5616 14.8537
32 25 1 91.3184 22.3294
32 26 0 43.2593 5.87732
32 27 0 52.6742 99.9495
32 28 0 30.7444 93.6177
32 29 0 64.9724 67.4554
32 30 1 25.8737 88.3306
32 31 0 87.785 46.4869
32 33 1 4.87098 71.472
32 34 0 89.3941 67.0837
32 35 1 33.6816 98.1199
32 36 0 10.4485 21.2812
32 37 0 70.3133 91.7856
32 38 1 5.91146 73.386
32 39 1 90.9356 40.879
32 40 0 30.0769 74.9926
33 1 0 19.3389 82.1427
33 2 1 90.746 40.3841
33 3 0 96.2548 52.1319
33 4 0 93.7998 3.04525
33 5 1 93.3491 32.7628
33 6 0 5.00942 80.1502
33 7 0 98.7443 72.88
33 8 0 90.3754 19.4361
33 9 0 54.9992 91.5865
33 10 0 59.1371 94.882
33 11 0 75.8021 95.2655
33 12 0 4.58325 12.8541
33 13 0 50.3364 93.9096
33 14 0 21.9027 39.5752
33 15 0 16.6427 92.4451
33 16 0 94.498 38.8179
33 17 1 18.1561 65.138
33 18 0 86.571 61.2187
33 19 0 20.8245 69.7402
33 20 0 91.3015 27.9537
33 21 0 49.9167 88.8127
33 22 0 2.82408 1.60466
33 23 0 58.6862 45.8609
33 24 1 0.283188 69.4767
33 25 0 63.2838 91.7242
33 26 0 28.177 73.6037
33 27 0 53.9591 34.3703
33 28 0 62.6644 84.5534
33 29 1 71.0054 3.3253
33 30 0 86.7554 45.8869
33 31 0 14.5322 86.0684
33 32 0 82.5766 2.53169
33 34 1 95.6617 51.356
33 35 0 99.3879 24.0522
33 36 0 4.31426 38.7842
33 37 0 66.7107 57.8069
33 38 0 91.7174 35.3664
33 39 0 0.592536 31.0109
33 40 0 55.8976 9.5134
34 1 0 95.8464 18.4797
34 2 0 3.82042 25.5027
34 3 0 73.3517 9.28655
34 4 0 61.509 23.4764
34 5 0 86.63 46.3957
34 6 0 78.6932 8.52308
34 7 0 61.9216 72.9837
34 8 0 69.0417 1.50564
34 9 1 99.0229 13.8119
34 10 0 9.74435 40.8628
34 11 0 92.4379 71.751
34 12 0 50.9622 35.8928
34 13 0 7.41086 89.7462
34 14 0 64.3797 79.007
34 15 0 91.1286 88.5782
34 16 0 46.6707 57.5593
34 17 1 92.7919 63.5265
34 18 0 74.2396 60.4107
34 19 0 14.7182 23.0673
34 20 0 97.2273 36.4679
34 21 0 56.8172 34.4772
34 22 1 10.612 6.32958
34 23 0 26.4263 33.2053
34 24 0 70.2049 5.29556
34 25 0 61.3885 50.1344
34 26 1 47.2161 50.1366
34 27 1 58.759 39.8604
34 28 0 43.8567 71.8369
34 29 0 45.4968 92.1898
34 30 0 79.1827 40.275
34 31 0 51.5706 66.8817
34 32 0 94.4139 17.68
34 33 0 21.5277 25.4393
34 35 1 2.89891 54.0222
34 36 0 22.474 23.6029
34 37 0 54.3932 85.1375
34 38 0 20.6058 47.3263
34 39 0 78.9827 80.9715
34 40 0 17.3399 98.9377
35 1 1 11.6984 47.325
35 2 0 98.8067 74.0504
35 3 0 48.6966 82.1843
35 4 0 38.5258 63.2292
35 5 0 27.4221 51.3496
35 6 0 43.4238 33.8589
35 7 0 62.8075 95.2887
35 8 0 99.5344 81.3569
35 9 0 12.5964 44.8505
35 10 0 11.8789 16.6974
35 11 0 64.1109 12.8643
35 12 1 25.1787 42.6661
35 13 0 92.471 88.903
35 14 0 63.899 45.282
35 15 1 51.393 21.8818
35 16 0 31.3448 94.2428
35 17 0 70.7381 39.3376
35 18 1 23.1665 98.1041
35 19 0 18.5565 78.2316
35 20 0 17.4727 64.2874
35 21 0 13.3916 2.72048
35 22 1 82.5853 70.8837
35 23 1 99.5176 80.8169
35 24 0 79.0315 58.5635
35 25 1 41.2755 0.752304
35 26 0 59.322 72.4842
35 27 1 2.99156 25.0756
35 28 0 5.95101 9.82928
35 29 0 16.4702 11.7942
35 30 0 72.013 7.73715
35 31 0 51.0568 30.6001
35 32 0 34.0249 64.0752
35 33 1 56.1981 77.4601
35 34 1 79.526 81.5389
35 36 1 7.89898 98.7193
35 37 0 13.7145 27.7717
35 38 0 23.0798 68.4065
35 39 0 76.1 35.1528
35 40 0 59.5446 81.3251
36 1 0 58.9718 35.1484
36 2 0 2.52664 69.8437
36 3 0 65.1721 41.8667
36 4 1 52.623 87.8738
36 5 0 68.0402 95.4661
36 6 0 21.7916 72.5993
36 7 0 93.2315 74.7527
36 8 0 17.1745 12.4564
36 9 0 71.5091 38.3262
36 10 0 22.2036 76.3151
36 11 0 79.6007 51.4033
36 12 0 84.3571 23.1112
36 13 0 1.6392 74.8838
36 14 0 64.1391 54.2937
36 15 0 86.0988 43.9754
36 16 0 83.0637 39.6517
36 17 1 12.8211 17.38
36 18 1 3.87217 68.1047
36 19 0 47.4488 55.4513
36 20 0 89.6744 53.4642
36 21 0 9.76157 19.8053
36 22 0 10.4927 61.0781
36 23 0 63.9578 32.8009
36 24 1 75.1594 29.5912
36 25 1 48.7384 70.8473
36 26 1 17.8712 56.407
36 27 0 53.0149 37.7134
36 28 0 62.4657 11.4511
36 29 0 46.4032 14.846
36 30 0 24.2707 35.8593
36 31 0 8.93404 90.4835
36 32 0 57.1371 59.6428
36 33 0 98.8198 8.23882
36 34 0 50.0712 48.9541
36 35 0 60.9526 37.8072
36 37 1 87.9453 16.5415
36 38 0 60.5857 57.816
36 39 0 26.6815 95.9716
36 40 1 62.7844 86.4959
37 1 0 78.8313 38.8097
37 2 0 54.4126 79.8528
37 3 1 34.7465 53.7537
37 4 0 83.204 68.3723
37 5 0 77.8267 13.6503
37 6 0 17.2645 23.1551
37 7 0 0.741414 8.42911
37 8 0 83.6244 90.6273
37 9 0 62.71 90.3908
37 10 0 63.9079 26.99
37 11 0 21.9312 15.2053
37 12 1 57.2553 4.35786
37 13 0 30.0756 16.5431
37 14 0 35.4717 36.1633
37 15 0 39.0529 68.5147
37 16 0 58.1836 36.3482
37 17 0 37.2248 57.4547
37 18 0 85.3658 97.1578
37 19 0 3.93157 26.4363
37 20 1 60.6306 46.0367
37 21 0 69.9638 73.5772
37 22 1 20.6526 68.0582
37 23 1 38.2374 40.6115
37 24 0 42.394 65.3173
37 25 0 55.4175 29.8121
37 26 0 17.2035 14.9494
37 27 1 66.258 39.3349
37 28 0 60.2212 12.9196
37 29 0 31.0983 73.7387
37 30 0 36.7279 38.243
37 31 0 32.4132 25.5404
37 32 0 51.1058 69.15
37 33 0 2.1257 54.6258
37 34 1 98.3767 70.5501
37 35 0 80.6391 7.5211
37 36 0 0.161671 74.9255
37 38 1 94.9731 33.0046
37 39 0 12.7077 69.8765
37 40 0 33.2338 71.5369
38 1 0 47.3657 81.8772
38 2 0 64.1281 63.2052
38 3 0 98.1679 39.9056
38 4 1 26.3224 90.0248
38 5 0 82.3326 32.281
38 6 0 18.0117 55.8923
38 7 0 44.198 7.19769
38 8 0 6.10801 21.0774
38 9 0 0.168448 37.7198
38 10 0 4.35709 39.1699
38 11 0 41.7483 11.3855
38 12 0 68.0339 37.6226
38 13 0 36.4964 55.8233
38 14 0 27.9079 52.349
38 15 0 57.1055 12.5131
38 16 0 15.1861 57.983
38 17 0 4.05238 48.6612
38 18 0 0.708 73.7181
38 19 0 63.7294 47.6848
38 20 0 68.4244 0.604288
38 21 1 26.0033 49.1625
38 22 0 83.1989 69.2894
38 23 0 72.918 9.30632
38 24 0 53.8447 29.109
38 25 0 45.7276 93.6499
38 26 0 99.1516 73.0132
38 27 0 8.90445 56.2723
38 28 0 89.3336 47.986
38 29 1 73.6282 63.4119
38 30 0 34.3777 91.6963
38 31 0 37.2454 32.1018
38 32 0 94.5573 43.7289
38 33 0 64.039 32.0735
38 34 0 26.2064 96.7166
38 35 1 68.4546 30.7769
38 36 0 51.2149 56.1214
38 37 0 74.7581 90.6818
38 39 1 60.5604 11.3162
38 40 0 29.5629 22.237
39 1 0 12.669 42.5046
39 2 0 63.3259 15.6818
39 3 0 83.9557 27.8014
39 4 0 17.1199 46.5465
39 5 0 32.4388 3.51867
39 6 0 8.42281 1.88182
39 7 1 41.1595 46.5677
39 8 1 99.359 55.9677
39 9 0 32.3104 44.9105
39 10 0 35.663 3.33923
39 11 0 24.302 48.8482
39 12 0 7.36224 0.806721
39 13 0 88.2116 90.9861
39 14 0 67.0413 11.4698
39 15 0 48.2668 30.7348
39 16 0 62.1329 29.3178
39 17 0 42.9441 6.84972
39 18 0 72.2213 39.0347
39 19 0 48.8477 36.8531
39 20 0 89.6045 58.187
39 21 1 59.3547 29.8388
39 22 0 23.7855 23.2739
39 23 0 65.9979 59.3563
39 24 1 74.5993 51.6921
39 25 0 50.7801 88.8641
39 26 0 19.703 27.6875
39 27 0 60.2823 0.437673
39 28 0 82.9297 99.1527
39 29 0 65.6833 48.0258
39 30 0 19.1247 56.7204
39 31 0 77.8471 4.88518
39 32 1 67.1069 13.6703
39 33 0 90.8516 38.112
39 34 1 56.676 39.5087
39 35 1 70.3848 44.1227
39 36 0 69.0224 10.1216
39 37 0 15.9837 0.172955
39 38 0 38.974 88.3432
39 40 1 28.8609 55.1696
40 1 1 62.1768 22.4377
40 2 0 75.6586 68.091
40 3 0 69.0661 49.8669
40 4 0 38.6096 81.488
40 5 1 99.1541 73.3165
40 6 0 23.3577 34.4874
40 7 0 56.8703 22.1248
40 8 0 81.5622 60.6165
40 9 0 94.0139 20.7943
40 10 1 43.1999 34.1829
40 11 0 0.133919 64.1609
40 12 0 78.1833 58.5578
40 13 0 0.416752 68.588
40 14 0 86.272 80.7877
40 15 0 68.7154 88.5387
40 16 0 94.1993 3.73692
40 17 0 0.694516 59.2456
40 18 0 51.3288 16.0248
40 19 0 28.7189 12.2628
40 20 0 80.4355 35.2159
40 21 0 73.9306 14.1851
40 22 0 28.2459 40.3073
40 23 1 49.0271 70.0693
40 24 0 60.4156 64.4993
40 25 0 80.2132 72.0245
40 26 0 98.7968 96.0263
40 27 0 96.6243 51.6826
40 28 0 47.9796 5.20881
40 29 0 82.1971 72.6749
40 30 1 30.4159 97.5123
40 31 0 70.8504 83.4046
40 32 0 78.2959 87.4931
40 33 0 3.81201 67.8447
40 34 0 18.9313 29.0379
40 35 0 42.2127 89.0384
40 36 0 72.7308 40.5886
40 37 0 77.2339 21.4569
40 38 0 43.7245 19.7598
40 39 0 43.0905 18.777
10.5925 27.625 17.8555 38.3987 23.1269 5.72529 25.9869 35.2325 33.3909 28.0338 32.7899 38.0898 36.9975 35.4274 10.7026 38.6668 0.0229342 3.67696 17.5195 19.4655 31.5555 20.4293 12.6694 19.5886 3.24295 26.3356 25.8834 38.625 27.5713 15.2024 21.9611 14.6237 39.7879 19.0076 11.0808 16.3782 2.93571 34.8297 30.7182 7.23138 