40
300
3
100
1 2 1 87.5259 82.7735
1 3 0 49.1985 22.8036
1 4 0 51.7673 14.4486
1 5 1 81.5427 9.51358
1 6 0 55.4766 83.9829
1 7 0 33.4395 12.3287
1 8 0 94.3666 74.58
1 9 0 68.7359 70.75
1 10 0 48.0295 20.471
1 11 1 24.5526 89.9891
1 12 0 38.2763 68.786
1 13 1 95.5986 70.48
1 14 1 98.8061 19.7727
1 15 0 47.5631 57.5068
1 16 0 43.086 48.9303
1 17 0 89.5449 37.055
1 18 0 92.576 37.0951
1 19 0 32.1176 16.5619
1 20 0 81.4005 57.0754
1 21 0 79.4078 58.1117
1 22 0 29.5699 25.4842
1 23 1 13.0431 66.6763
1 24 1 57.5314 75.4013
1 25 0 63.1474 10.2894
1 26 0 10.4478 38.0828
1 27 0 18.3792 8.79005
1 28 0 99.2062 65.2109
1 29 0 17.4488 52.3129
1 30 0 34.4487 81.4439
1 31 1 81.0945 66.8732
1 32 0 2.10995 48.7134
1 33 1 81.7462 83.6507
1 34 0 69.0428 7.24309
1 35 0 12.9181 4.33366
1 36 0 88.3282 46.5332
1 37 0 95.6819 63.7403
1 38 1 4.62411 35.8629
1 39 0 24.0623 56.2602
1 40 0 45.5926 13.1603
2 1 0 95.2822 70.9392
2 3 1 54.9104 80.815
2 4 0 7.05548 9.45254
2 5 0 82.1288 48.319
2 6 0 1.16533 79.192
2 7 0 97.1798 28.5677
2 8 0 79.5888 60.6993
2 9 0 64.8954 43.3074
2 10 0 99.1662 45.751
2 11 0 37.103 42.7299
2 12 0 68.1659 57.6289
2 13 0 33.6314 64.7429
2 14 0 41.1834 60.5935
2 15 0 21.8061 79.2264
2 16 1 31.4095 67.8653
2 17 0 85.1314 34.5915
2 18 0 19.1575 95.595
2 19 0 70.1498 60.6006
2 20 0 85.745 4.92361
2 21 0 53.3298 42.7288
2 22 0 36.5496 94.6531
2 23 1 62.7241 89.0063
2 24 0 55.0176 17.0952
2 25 0 86.303 64.6353
2 26 0 46.3727 33.8136
2 27 0 90.4357 69.2068
2 28 0 27.0871 74.8884
2 29 0 95.1378 56.8258
2 30 0 52.8392 35.3444
2 31 0 68.5986 30.2903
2 32 0 3.7059 11.3571
2 33 0 33.1126 37.2839
2 34 0 8.28544 17.3454
2 35 0 89.4363 20.2498
2 36 1 97.643 49.2312
2 37 0 80.2382 31.3303
2 38 0 89.8944 6.31366
2 39 1 20.6452 62.417
2 40 1 13.155 28.1936
3 1 0 16.1139 24.247
3 2 0 49.4477 8.45903
3 4 1 15.6964 50.2184
3 5 0 19.183 47.6829
3 6 0 98.9074 51.6819
3 7 1 83.936 42.9644
3 8 1 56.0154 25.4204
3 9 0 45.7915 84.6046
3 10 0 98.8575 72.7709
3 11 0 95.5053 30.6348
3 12 1 84.1497 96.0247
3 13 0 57.3129 40.3552
3 14 1 32.3496 97.3466
3 15 0 70.0654 94.4679
3 16 0 96.4804 29.5892
3 17 0 10.4603 76.9042
3 18 0 85.5021 26.6703
3 19 0 18.1888 59.5811
3 20 0 46.0144 61.3314
3 21 1 13.8252 92.1571
3 22 0 36.5038 17.6233
3 23 0 93.6986 23.3335
3 24 0 24.9563 87.1716
3 25 1 23.7514 79.726
3 26 1 77.8358 51.1465
3 27 0 58.9714 12.497
3 28 0 10.1414 18.8681
3 29 0 67.6354 66.166
3 30 1 75.7163 18.5536
3 31 0 65.7958 97.2495
3 32 0 64.3187 5.98997
3 33 0 91.5301 49.4928
3 34 0 72.3138 3.46359
3 35 0 96.3785 16.0233
3 36 0 21.7628 70.0017
3 37 0 63.7529 13.6092
3 38 0 42.6349 33.669
3 39 0 2.87203 17.9383
3 40 0 51.213 75.7641
4 1 0 3.41975 82.2429
4 2 0 64.2215 79.8276
4 3 0 3.721 41.8203
4 5 1 9.44329 16.3993
4 6 1 75.4605 25.1279
4 7 0 4.49854 55.7501
4 8 0 20.9799 73.3868
4 9 0 41.3104 54.589
4 10 0 38.8998 12.6193
4 11 1 75.4807 60.6299
4 12 0 36.4029 84.8453
4 13 0 27.4155 69.9198
4 14 0 86.0525 67.6421
4 15 0 48.5219 81.6904
4 16 0 8.75225 98.4311
4 17 0 89.3866 18.4278
4 18 0 37.9782 79.2316
4 19 0 3.34341 31.2824
4 20 0 23.9109 7.09973
4 21 0 86.8725 92.6994
4 22 1 68.6985 95.466
4 23 0 6.98772 73.482
4 24 1 51.5089 92.1988
4 25 0 21.6009 57.4558
4 26 0 69.6923 79.5929
4 27 0 41.9957 96.3859
4 28 0 17.7726 59.5615
4 29 0 7.20725 48.4799
4 30 0 98.2056 2.76786
4 31 0 60.1065 94.4442
4 32 1 13.2948 69.3965
4 33 0 36.4031 75.7496
4 34 0 80.467 24.3529
4 35 0 11.7831 72.0872
4 36 0 99.0442 50.6334
4 37 0 49.5819 74.0845
4 38 0 15.568 67.4343
4 39 0 65.2042 23.7842
4 40 0 24.4494 41.933
5 1 1 70.4945 63.7363
5 2 0 15.1291 38.7818
5 3 0 96.5992 5.51592
5 4 0 51.8856 19.4607
5 6 1 74.23 71.5129
5 7 0 63.5123 67.2301
5 8 1 42.2479 0.550196
5 9 0 83.9533 93.3071
5 10 0 5.46856 95.8278
5 11 0 57.2304 11.8146
5 12 0 30.3906 38.0284
5 13 1 61.9318 79.8673
5 14 1 22.8694 58.4619
5 15 0 60.9588 77.5902
5 16 0 38.1325 36.6003
5 17 0 69.29 16.6228
5 18 1 34.041 74.9923
5 19 0 45.7275 53.1029
5 20 0 32.2506 67.6595
5 21 0 59.5298 61.9555
5 22 0 30.0588 47.3722
5 23 0 25.4916 85.0058
5 24 0 8.88134 1.39083
5 25 0 65.0116 85.9062
5 26 0 79.9615 96.994
5 27 0 92.8612 78.6681
5 28 0 63.9414 62.4625
5 29 0 17.5709 83.3875
5 30 0 84.1593 40.4581
5 31 0 34.7698 3.55581
5 32 0 87.8142 30.4532
5 33 0 10.4046 11.5596
5 34 0 18.8314 20.4738
5 35 0 28.0725 26.8651
5 36 0 34.1151 45.3093
5 37 0 15.5483 68.4712
5 38 0 27.1181 89.5034
5 39 0 66.4985 98.9435
5 40 0 3.97443 91.2144
6 1 0 75.3296 25.6797
6 2 0 92.6269 32.7391
6 3 0 23.4633 58.6239
6 4 0 93.1594 6.54251
6 5 0 50.0023 91.6081
6 7 1 84.1957 45.9074
6 8 0 21.0022 46.8522
6 9 0 4.57943 25.1037
6 10 0 22.6083 96.0889
6 11 1 88.7065 98.4126
6 12 0 77.2019 10.8484
6 13 0 76.959 66.41
6 14 1 13.9208 45.6656
6 15 0 8.8546 17.5108
6 16 0 71.7628 9.35503
6 17 0 28.8427 9.20139
6 18 0 76.8748 87.4859
6 19 0 67.0495 56.7556
6 20 0 15.9292 46.1956
6 21 0 41.0734 1.50227
6 22 0 12.1875 78.2327
6 23 1 32.6771 40.8961
6 24 0 40.2754 21.777
6 25 0 97.8419 53.0751
6 26 0 99.4787 33.5628
6 27 0 22.3337 65.8503
6 28 0 27.287 14.3691
6 29 0 19.2786 31.7278
6 30 0 95.4999 8.90493
6 31 0 73.7393 76.3463
6 32 1 2.53347 60.0099
6 33 0 89.345 40.5549
6 34 0 12.2695 51.6772
6 35 0 78.312 96.3294
6 36 0 13.3351 22.0161
6 37 1 1.58052 47.1394
6 38 1 93.2634 93.3657
6 39 0 89.8619 47.777
6 40 0 78.2153 43.7395
7 1 0 0.648115 70.4578
7 2 0 3.3725 5.76914
7 3 1 66.2062 39.0579
7 4 0 19.9514 75.4805
7 5 0 76.162 5.10973
7 6 0 61.7612 29.2856
7 8 1 49.823 51.4826
7 9 0 38.7991 1.56322
7 10 0 87.4649 96.442
7 11 0 1.19022 73.0199
7 12 1 74.0458 30.0014
7 13 0 87.2192 8.61929
7 14 1 1.81044 92.2476
7 15 0 28.0471 30.4153
7 16 0 55.3089 11.0344
7 17 0 58.6788 10.9368
7 18 0 65.1113 67.3489
7 19 0 48.387 65.1698
7 20 0 28.937 16.6466
7 21 0 52.5354 48.61
7 22 1 9.46171 90.0186
7 23 0 64.735 1.25607
7 24 0 86.3357 13.8432
7 25 0 64.8982 9.45488
7 26 1 97.5661 33.374
7 27 0 63.2502 8.1628
7 28 0 49.35 55.1807
7 29 0 44.6953 84.5024
7 30 0 17.4698 64.3497
7 31 0 22.5346 51.2677
7 32 0 45.282 25.6033
7 33 0 7.58215 3.82115
7 34 0 63.764 88.6065
7 35 0 36.5613 55.4907
7 36 0 23.0249 55.4779
7 37 0 10.2628 27.4551
7 38 0 79.9665 68.0026
7 39 0 91.5198 17.1269
7 40 0 81.6005 56.2827
8 1 1 80.2877 67.5025
8 2 0 86.4942 44.4152
8 3 0 93.6544 14.3212
8 4 0 7.50865 10.0728
8 5 0 22.0434 93.783
8 6 0 71.2319 62.9236
8 7 0 81.5584 30.0737
8 9 1 25.2655 68.2232
8 10 0 49.1279 37.4147
8 11 0 85.7921 86.4526
8 12 0 12.1167 17.4886
8 13 0 95.1976 85.7062
8 14 0 54.3159 30.0461
8 15 0 93.0147 82.7922
8 16 1 44.631 5.86968
8 17 0 87.1138 19.7518
8 18 0 18.8592 84.6609
8 19 0 32.8392 77.513
8 20 0 89.5096 0.665711
8 21 0 58.9333 32.9571
8 22 0 98.8449 10.6496
8 23 0 51.4047 15.4224
8 24 0 25.0479 13.1978
8 25 1 58.7692 66.18
8 26 0 48.9675 65.0864
8 27 1 33.8501 24.6078
8 28 0 7.26287 44.8054
8 29 0 13.2698 29.4349
8 30 1 92.8722 60.241
8 31 0 48.5614 79.275
8 32 0 46.4089 0.878828
8 33 0 72.0855 9.79062
8 34 0 88.0684 48.5849
8 35 1 67.094 42.7295
8 36 0 17.8646 42.034
8 37 0 33.1416 15.3291
8 38 0 95.2047 86.75
8 39 0 0.250524 36.0531
8 40 0 44.1036 7.20117
9 1 0 8.20075 87.8417
9 2 1 4.61521 89.1096
9 3 0 87.1969 23.618
9 4 0 40.8894 1.50373
9 5 0 39.6132 82.2323
9 6 0 44.2436 70.4825
9 7 1 44.5294 65.052
9 8 1 49.4776 97.0608
9 10 1 54.2479 6.82274
9 11 0 10.564 69.7997
9 12 0 67.1685 4.80898
9 13 0 27.6091 98.8582
9 14 0 5.53352 45.8685
9 15 1 47.5877 73.1073
9 16 0 19.2695 57.4053
9 17 0 28.7028 64.1422
9 18 0 93.8136 24.4509
9 19 0 33.2096 12.0723
9 20 0 35.8977 78.4703
9 21 0 99.6056 72.2605
9 22 0 96.3805 61.0295
9 23 0 3.81354 96.5653
9 24 0 4.04026 4.89823
9 25 0 70.6472 77.0025
9 26 0 8.96034 43.6967
9 27 0 5.35179 36.1377
9 28 0 67.6625 34.0911
9 29 1 39.4089 50.8686
9 30 1 34.9765 48.0971
9 31 1 46.5978 50.7952
9 32 0 70.7276 47.9998
9 33 1 4.1504 32.6945
9 34 1 82.8534 45.353
9 35 0 96.4272 24.3566
9 36 1 71.2602 83.838
9 37 0 21.9809 75.3677
9 38 0 26.0968 51.4965
9 39 1 45.3682 96.226
9 40 0 78.9625 68.8748
10 1 0 33.0108 89.6875
10 2 0 94.2373 48.4267
10 3 0 54.2559 69.5585
10 4 0 14.8717 45.5966
10 5 0 67.8838 22.5607
10 6 1 16.9983 77.2739
10 7 0 25.8247 21.4136
10 8 0 95.0035 10.1527
10 9 0 17.9621 64.7033
10 11 1 32.5841 81.8007
10 12 0 34.3201 42.4241
10 13 0 37.994 1.30118
10 14 1 90.9526 69.7968
10 15 0 22.3003 14.2617
10 16 1 97.1497 66.8945
10 17 0 69.5229 8.02029
10 18 0 79.193 99.5293
10 19 0 73.0668 16.2938
10 20 0 29.9425 84.4278
10 21 0 54.4894 96.1822
10 22 0 88.592 58.8472
10 23 0 43.549 23.1271
10 24 0 66.873 21.9451
10 25 0 61.6234 69.0778
10 26 0 34.2853 96.3368
10 27 0 64.6643 29.0848
10 28 0 82.6144 13.9166
10 29 0 40.1829 32.4692
10 30 0 12.5607 70.3649
10 31 0 64.9468 52.3052
10 32 0 63.3125 99.0872
10 33 0 83.6444 68.1756
10 34 0 93.1711 10.0766
10 35 0 6.86669 82.0994
10 36 0 55.7734 49.4243
10 37 0 51.4691 52.8003
10 38 0 67.4068 69.9913
10 39 0 68.3321 77.6444
10 40 0 1.88198 32.0307
11 1 0 61.7787 5.02039
11 2 0 56.7969 79.3867
11 3 1 1.86508 68.4652
11 4 0 54.1515 43.643
11 5 1 22.948 74.181
11 6 0 8.51296 94.2776
11 7 0 87.2924 93.305
11 8 0 6.35847 22.4007
11 9 0 2.06354 91.3996
11 10 1 58.4529 77.4814
11 12 1 11.4475 21.414
11 13 0 47.8515 40.6249
11 14 0 4.58737 3.54023
11 15 0 86.3175 71.1227
11 16 1 81.8353 31.3093
11 17 0 98.5352 14.3316
11 18 0 77.2687 79.7283
11 19 0 75.4111 58.5413
11 20 0 66.5129 27.4034
11 21 0 30.431 70.8184
11 22 0 53.6474 9.98324
11 23 1 18.3124 7.22084
11 24 0 6.93082 57.4028
11 25 0 6.67993 35.6356
11 26 0 3.96157 68.974
11 27 1 37.248 43.2589
11 28 0 41.1602 26.2804
11 29 0 74.0863 27.3543
11 30 0 33.1501 69.8823
11 31 0 85.4979 95.4706
11 32 0 27.1956 68.4642
11 33 0 33.7158 3.44656
11 34 0 26.2288 33.7841
11 35 0 0.425574 88.2705
11 36 0 69.6176 41.3788
11 37 0 55.5209 74.729
11 38 0 74.347 94.6849
11 39 0 6.9689 63.1814
11 40 1 82.0804 44.7799
12 1 0 76.6154 96.1577
12 2 0 82.4851 20.9681
12 3 0 25.7602 92.9914
12 4 1 20.8828 64.2929
12 5 1 99.9021 10.1941
12 6 0 74.2052 52.8392
12 7 0 90.6465 6.636
12 8 0 80.674 67.7205
12 9 0 38.9679 90.1812
12 10 1 25.9927 68.5602
12 11 0 10.8454 76.2342
12 13 1 40.4697 86.3963
12 14 1 81.2801 76.5353
12 15 0 75.5465 28.2919
12 16 0 52.0066 77.4928
12 17 0 87.5648 51.4454
12 18 0 3.18575 23.2141
12 19 1 26.0777 30.503
12 20 0 73.9944 42.1607
12 21 0 8.16291 91.159
12 22 1 95.7474 51.7722
12 23 0 61.5402 95.5485
12 24 0 23.9998 27.1367
12 25 0 76.141 11.4885
12 26 0 28.3985 62.6122
12 27 0 17.2294 35.6317
12 28 0 49.795 10.5192
12 29 0 88.6498 63.5174
12 30 0 90.6387 37.2282
12 31 0 93.9608 95.1212
12 32 0 39.9788 91.6803
12 33 0 42.8719 42.1091
12 34 0 91.736 29.6509
12 35 0 27.7294 55.9308
12 36 1 27.5999 37.6671
12 37 0 79.3861 6.5231
12 38 0 98.7316 58.9324
12 39 0 98.5547 78.0098
12 40 0 87.8804 95.1268
13 1 0 38.0215 62.0483
13 2 0 33.6466 23.7502
13 3 1 52.6222 83.9029
13 4 0 94.2935 60.6812
13 5 0 48.3331 19.1016
13 6 1 91.952 86.6039
13 7 1 76.2349 26.2243
13 8 0 55.2892 71.1527
13 9 0 10.7985 2.13163
13 10 0 24.3115 60.5638
13 11 0 49.4827 64.845
13 12 0 93.5616 89.2634
13 14 1 22.9392 14.4421
13 15 1 29.3441 62.4175
13 16 0 45.609 84.0879
13 17 0 23.9884 25.3385
13 18 0 33.2088 64.5509
13 19 0 44.2551 65.3497
13 20 0 16.1629 92.8994
13 21 1 50.6034 45.1005
13 22 1 95.2321 32.7439
13 23 1 66.0971 6.61442
13 24 0 27.1683 12.2321
13 25 0 41.8888 1.95688
13 26 0 98.4635 14.0468
13 27 0 6.45106 63.1924
13 28 0 3.41762 60.949
13 29 0 65.2959 74.9343
13 30 0 98.0062 9.88998
13 31 0 22.6177 54.9847
13 32 0 49.849 67.436
13 33 0 85.6392 63.2988
13 34 0 27.9348 19.0747
13 35 0 79.7534 49.8775
13 36 0 25.5125 69.287
13 37 0 71.5834 6.20658
13 38 0 9.74658 74.7728
13 39 0 58.3643 65.3018
13 40 0 63.8066 16.0016
14 1 0 0.73861 27.9453
14 2 0 77.9443 3.65282
14 3 0 6.88572 28.565
14 4 1 35.7631 8.63732
14 5 1 87.1001 43.3483
14 6 0 57.8909 4.75449
14 7 1 1.79097 93.9143
14 8 0 48.4545 90.1719
14 9 0 1.97881 32.3415
14 10 0 5.77228 30.1329
14 11 0 70.1077 18.4684
14 12 0 14.5737 39.7366
14 13 0 59.5218 97.4482
14 15 1 36.1993 79.7007
14 16 0 64.8878 50.0824
14 17 0 0.81802 28.1842
14 18 0 55.6721 56.3803
14 19 0 28.3548 85.5275
14 20 0 40.6269 91.3765
14 21 0 14.7631 69.922
14 22 0 22.3833 26.2586
14 23 0 59.581 53.0966
14 24 0 95.6839 78.086
14 25 0 53.3244 61.2715
14 26 0 77.4669 89.1394
14 27 0 75.2114 34.5603
14 28 0 41.9537 49.6854
14 29 0 62.4362 84.7877
14 30 0 9.28965 70.6831
14 31 0 77.5727 70.5004
14 32 0 15.3696 16.7775
14 33 0 64.56 84.3097
14 34 0 42.5487 21.5686
14 35 0 16.7994 39.5719
14 36 0 90.3051 93.4
14 37 0 2.50688 71.528
14 38 0 16.1586 78.8087
14 39 0 74.9082 68.5535
14 40 1 71.3752 94.8245
15 1 1 10.0924 67.7476
15 2 1 39.5848 88.586
15 3 0 38.3973 0.249123
15 4 0 73.9677 28.3962
15 5 0 22.1545 91.3882
15 6 0 60.7312 83.0136
15 7 0 47.7907 5.13936
15 8 1 14.7412 19.7042
15 9 0 96.2676 77.1479
15 10 1 31.1299 64.9491
15 11 0 85.6645 33.8276
15 12 1 68.5793 54.2367
15 13 0 23.2629 64.1694
15 14 1 95.3649 59.4414
15 16 1 87.3692 66.6887
15 17 0 5.78073 33.2092
15 18 0 81.3358 32.4194
15 19 1 47.2261 20.462
15 20 0 50.4792 59.8403
15 21 0 58.5264 97.8023
15 22 0 11.6919 73.727
15 23 1 58.8965 91.2735
15 24 0 50.9963 72.1661
15 25 0 60.9479 72.1689
15 26 0 98.5274 33.0582
15 27 0 13.8238 4.85525
15 28 1 3.5715 86.5032
15 29 0 7.8525 80.1105
15 30 0 17.7351 26.0599
15 31 0 95.5389 0.102219
15 32 0 37.8888 63.923
15 33 0 74.4119 12.9766
15 34 1 40.2806 54.3594
15 35 1 11.4984 72.8633
15 36 0 95.0214 8.81209
15 37 0 41.8225 97.8769
15 38 1 32.8122 75.2706
15 39 0 12.8981 36.2087
15 40 0 91.0685 87.0136
16 1 0 38.3949 12.5211
16 2 0 13.724 94.5676
16 3 0 15.5469 64.2669
16 4 0 99.3235 75.1469
16 5 0 41.2918 61.4963
16 6 0 52.818 45.2594
16 7 0 35.5993 29.3787
16 8 0 77.5119 37.2447
16 9 0 73.6596 68.725
16 10 0 54.4246 53.7407
16 11 0 99.4194 97.3023
16 12 0 36.9368 8.22642
16 13 0 30.2053 65.0865
16 14 0 59.1602 61.7029
16 15 0 25.3428 23.8822
16 17 1 18.548 16.8691
16 18 0 90.9408 37.1753
16 19 0 95.9288 94.4133
16 20 0 63.7801 54.1359
16 21 1 69.7408 95.1264
16 22 0 51.3095 38.1725
16 23 0 97.6992 25.5657
16 24 1 32.5478 31.4464
16 25 0 12.8111 4.77416
16 26 0 30.5966 39.3296
16 27 0 29.5707 42.999
16 28 0 31.0574 70.2497
16 29 0 81.1738 9.43214
16 30 0 1.64737 26.5463
16 31 0 96.9355 83.5384
16 32 0 62.7211 94.9656
16 33 0 8.70959 98.6579
16 34 0 14.5708 90.2242
16 35 0 62.7317 47.032
16 36 0 27.8545 38.2031
16 37 0 36.1654 90.059
16 38 0 37.0101 14.2245
16 39 0 86.678 52.7491
16 40 0 68.2518 18.0023
17 1 0 56.7828 87.2279
17 2 0 95.0399 60.6802
17 3 0 35.3489 9.96612
17 4 0 97 29.7688
17 5 0 79.1056 48.5628
17 6 1 70.9615 71.766
17 7 0 82.0948 71.5612
17 8 0 77.0251 34.5974
17 9 0 60.913 39.4858
17 10 0 17.2512 71.4382
17 11 0 31.5011 79.2811
17 12 0 52.9222 42.4901
17 13 0 67.3983 21.8285
17 14 0 31.9291 2.17441
17 15 0 49.5448 19.2703
17 16 0 61.1448 35.0784
17 18 1 76.2168 41.4306
17 19 0 76.0164 63.9397
17 20 0 7.37259 17.6302
17 21 0 51.0398 71.4151
17 22 0 99.8771 81.6709
17 23 0 81.2304 96.5237
17 24 1 39.2894 74.0513
17 25 0 75.1532 59.6992
17 26 1 11.0664 82.8802
17 27 0 58.646 88.2196
17 28 0 32.159 61.6234
17 29 0 19.6384 56.204
17 30 0 78.729 65.6511
17 31 0 0.893648 5.04523
17 32 0 50.0493 92.0979
17 33 1 17.464 42.157
17 34 0 96.195 88.7252
17 35 0 95.9451 38.226
17 36 0 96.1008 72.201
17 37 0 66.437 7.42287
17 38 0 33.6538 98.7456
17 39 0 48.035 80.4614
17 40 0 62.6549 43.0989
18 1 0 2.57499 0.40469
18 2 0 19.5913 61.9475
18 3 0 23.4781 64.0001
18 4 0 48.1429 3.80578
18 5 0 98.4686 93.0662
18 6 0 16.7193 64.3482
18 7 0 50.0741 55.488
18 8 0 71.8183 50.5161
18 9 1 37.7464 45.515
18 10 0 19.5477 88.466
18 11 0 34.9686 1.62673
18 12 0 49.8055 36.7111
18 13 0 29.6493 81.9267
18 14 1 88.2353 19.9761
18 15 0 82.0014 51.6143
18 16 0 4.31821 57.2446
18 17 0 88.4164 61.9546
18 19 1 41.7367 27.2789
18 20 1 97.1023 24.674
18 21 0 15.782 0.557521
18 22 0 48.2187 67.1666
18 23 0 68.9358 24.3466
18 24 0 17.9739 4.57217
18 25 0 32.819 86.3746
18 26 0 67.1981 73.2899
18 27 1 71.3671 41.5756
18 28 0 89.3639 48.2083
18 29 0 20.4267 8.84361
18 30 0 80.4214 60.3601
18 31 0 97.1631 64.4652
18 32 0 38.9679 30.9053
18 33 0 87.8075 93.9792
18 34 0 69.5204 7.35452
18 35 0 66.8096 9.02541
18 36 0 6.35847 47.9299
18 37 0 93.5394 97.4599
18 38 0 39.5511 72.2885
18 39 0 88.2093 15.9199
18 40 0 33.8103 63.6802
19 1 1 38.0322 81.5376
19 2 0 97.3148 75.886
19 3 1 3.85483 42.2496
19 4 0 80.3665 66.5912
19 5 0 55.6616 47.4614
19 6 0 35.1412 50.2642
19 7 0 11.5147 1.97666
19 8 1 46.9189 44.5378
19 9 0 89.5989 10.4009
19 10 0 69.0828 67.2752
19 11 0 49.0472 90.7329
19 12 0 41.2914 97.1578
19 13 0 27.8419 90.0726
19 14 1 77.8537 7.93284
19 15 0 37.8442 57.5088
19 16 1 70.7743 21.715
19 17 0 46.3178 15.3866
19 18 1 78.2585 3.77495
19 20 1 74.3558 75.8896
19 21 0 64.9155 96.3499
19 22 0 61.4656 98.0096
19 23 0 41.0291 2.53832
19 24 0 22.8295 23.131
19 25 0 17.1791 84.4372
19 26 0 39.5691 44.2385
19 27 0 52.3861 62.9468
19 28 0 10.937 78.9406
19 29 1 86.0261 52.8499
19 30 1 79.0285 33.3149
19 31 1 80.4518 30.2786
19 32 0 31.5335 1.8741
19 33 0 74.4553 69.5491
19 34 0 12.6871 72.6773
19 35 1 25.4181 50.7756
19 36 0 96.2446 96.6395
19 37 0 7.09058 19.5821
19 38 0 53.3238 81.8998
19 39 0 65.5935 54.5782
19 40 1 32.7402 25.0644
20 1 0 18.1752 68.8644
20 2 0 90.5593 22.5069
20 3 1 85.0626 11.6172
20 4 0 51.4685 46.732
20 5 0 63.9319 5.60009
20 6 0 51.2958 21.7377
20 7 0 80.4531 81.7124
20 8 0 84.2398 40.8581
20 9 0 99.4098 52.8167
20 10 0 3.66575 10.2916
20 11 0 10.2878 66.2879
20 12 0 2.96611 24.0745
20 13 0 52.2065 61.3891
20 14 0 83.5152 90.0566
20 15 0 70.1615 61.5459
20 16 0 52.9402 87.7429
20 17 0 3.75134 94.4484
20 18 0 79.1457 70.1542
20 19 0 40.642 68.5941
20 21 1 63.0465 30.6001
20 22 0 75.8841 57.339
20 23 0 82.2189 91.3299
20 24 1 48.708 19.736
20 25 1 85.6435 6.9385
20 26 1 12.8566 1.55241
20 27 0 71.8662 96.8717
20 28 0 34.5571 37.3483
20 29 0 29.2251 45.3253
20 30 0 4.08379 0.303723
20 31 0 24.9465 33.91
20 32 0 7.39517 19.9653
20 33 0 98.259 80.9991
20 34 0 3.533 54.1009
20 35 0 5.34741 2.28786
20 36 0 22.169 25.8928
20 37 0 73.8782 52.0181
20 38 0 70.0763 2.92971
20 39 1 12.9922 58.4786
20 40 0 19.7961 64.9744
21 1 0 29.0745 20.7432
21 2 0 73.5352 3.9698
21 3 0 48.3695 4.67109
21 4 0 18.3195 75.357
21 5 0 28.9215 82.6275
21 6 1 78.4929 15.3485
21 7 0 75.741 90.6242
21 8 0 68.4198 34.5176
21 9 0 37.108 99.3213
21 10 0 60.6815 16.9971
21 11 0 65.2912 85.9391
21 12 0 10.9281 49.5273
21 13 0 1.36995 47.4465
21 14 0 24.7816 77.542
21 15 0 91.2149 94.5941
21 16 0 97.6734 25.5369
21 17 0 0.388063 49.4044
21 18 0 26.7424 48.7223
21 19 0 55.7135 96.6227
21 20 0 38.8857 53.922
21 22 1 92.8771 56.399
21 23 0 71.3819 48.402
21 24 0 45.9888 37.5195
21 25 1 66.5842 40.4678
21 26 0 91.9498 76.9996
21 27 0 75.2265 75.2219
21 28 1 51.7994 12.8679
21 29 0 1.16767 98.6803
21 30 0 82.4607 75.1973
21 31 0 32.2139 70.3662
21 32 0 28.7754 13.3704
21 33 1 29.3672 45.5436
21 34 0 31.7414 92.6653
21 35 1 81.0336 24.0484
21 36 0 85.0986 22.9302
21 37 1 96.3658 95.5063
21 38 1 77.6283 90.1027
21 39 0 41.7073 19.8019
21 40 0 78.5854 79.519
22 1 0 37.9289 20.5125
22 2 0 95.8249 40.0634
22 3 0 62.6017 32.9454
22 4 0 46.6042 80.3477
22 5 1 28.7194 44.8661
22 6 1 77.0263 54.3938
22 7 0 46.7232 97.8959
22 8 1 8.4003 51.1426
22 9 0 70.316 40.5875
22 10 0 31.6433 77.5369
22 11 0 81.034 53.0132
22 12 0 71.7344 85.6494
22 13 0 40.8253 28.5344
22 14 0 76.5795 74.2705
22 15 1 74.0566 73.1725
22 16 0 30.0345 40.6335
22 17 0 83.7671 62.0458
22 18 0 38.1853 95.022
22 19 0 40.1968 33.4199
22 20 1 94.5154 62.3677
22 21 0 87.0247 85.3775
22 23 1 27.0113 65.0846
22 24 0 16.7738 91.6511
22 25 0 0.99321 96.8165
22 26 1 83.8661 39.5504
22 27 0 17.5876 9.21633
22 28 0 63.242 51.9804
22 29 0 23.4729 77.2132
22 30 0 60.1994 98.886
22 31 0 42.6457 49.4785
22 32 0 78.9893 92.2162
22 33 1 27.1808 84.0629
22 34 0 96.5707 42.744
22 35 0 7.47914 51.1147
22 36 0 16.4777 61.6123
22 37 0 58.5788 12.7662
22 38 0 66.6537 23.3566
22 39 0 86.3958 74.6257
22 40 1 1.95808 27.5094
23 1 1 9.01948 66.4067
23 2 0 63.7519 16.8414
23 3 0 34.464 40.2944
23 4 0 99.6574 24.4301
23 5 0 14.9332 14.8451
23 6 0 33.3918 69.1804
23 7 0 50.5758 93.391
23 8 0 74.3907 80.7559
23 9 0 91.4227 13.5751
23 10 0 54.3846 37.1794
23 11 1 17.6174 9.80991
23 12 0 78.9713 39.6906
23 13 1 54.809 29.3376
23 14 1 89.2004 6.99355
23 15 0 84.4418 97.1834
23 16 1 69.5565 33.8199
23 17 0 9.37089 23.0685
23 18 0 37.2832 77.2855
23 19 0 40.5405 17.8517
23 20 0 21.0393 48.0413
23 21 0 16.6882 11.381
23 22 0 91.7747 34.5525
23 24 1 84.9262 57.3356
23 25 1 75.9615 36.3415
23 26 0 72.6537 26.0786
23 27 0 51.1317 16.8661
23 28 0 48.6078 82.351
23 29 0 89.314 64.3882
23 30 1 73.932 97.6488
23 31 0 97.5239 89.478
23 32 1 64.1405 88.3584
23 33 0 19.0123 27.7275
23 34 0 92.3257 52.9635
23 35 0 57.6066 2.07643
23 36 1 70.5817 54.4207
23 37 0 94.7417 12.581
23 38 0 35.2689 91.9159
23 39 0 3.40478 59.7274
23 40 0 94.359 98.6297
24 1 0 88.1762 88.2506
24 2 0 15.8134 15.4952
24 3 1 17.2522 32.9348
24 4 0 88.9615 3.098
24 5 0 36.4306 72.0113
24 6 0 77.3296 1.78597
24 7 0 16.6358 30.8329
24 8 0 76.6015 47.5687
24 9 1 54.6412 73.8853
24 10 0 9.1256 8.43573
24 11 0 54.3585 87.3142
24 12 1 89.0395 61.7837
24 13 0 41.6227 7.3014
24 14 1 98.5158 22.9769
24 15 1 19.4569 39.2547
24 16 1 28.1873 23.3086
24 17 0 41.4957 74.3088
24 18 0 9.53466 28.3051
24 19 1 76.5649 74.0524
24 20 0 47.0214 28.3979
24 21 1 80.7054 83.5604
24 22 0 57.2267 74.8983
24 23 0 84.5685 99.7161
24 25 1 36.6788 40.3806
24 26 0 52.8324 7.76424
24 27 0 84.1424 77.4483
24 28 0 90.3408 54.4644
24 29 0 87.3511 94.6113
24 30 1 5.50045 45.0244
24 31 0 78.2356 55.9179
24 32 0 47.7247 10.8599
24 33 0 69.456 91.0291
24 34 0 42.0532 35.7117
24 35 0 19.1626 39.808
24 36 0 79.8742 28.1467
24 37 0 45.7912 28.157
24 38 0 69.6029 60.0114
24 39 0 66.3153 97.9876
24 40 1 66.8751 22.7895
25 1 0 4.10046 93.5877
25 2 0 16.6149 17.4879
25 3 0 54.2778 57.4448
25 4 0 38.0786 68.1287
25 5 1 24.1799 68.9087
25 6 0 46.1068 73.5027
25 7 0 33.069 34.3858
25 8 0 35.2739 19.3813
25 9 0 16.5351 99.4763
25 10 0 77.5827 85.4147
25 11 1 76.0201 72.6839
25 12 0 28.9939 64.5791
25 13 0 45.0062 16.5222
25 14 0 50.3417 89.6655
25 15 0 5.67026 38.4864
25 16 0 91.6867 41.1709
25 17 0 43.1716 72.8448
25 18 0 61.5844 65.5302
25 19 0 60.558 66.6475
25 20 0 83.531 23.6039
25 21 0 0.0971969 65.3124
25 22 0 36.0408 27.0352
25 23 1 4.71681 27.3951
25 24 0 54.906 97.7317
25 26 1 93.3423 11.9415
25 27 0 4.95634 10.4431
25 28 0 3.31563 85.3049
25 29 0 65.8003 0.319244
25 30 0 16.4391 79.2333
25 31 0 75.4465 38.0551
25 32 0 99.9771 61.1665
25 33 0 49.0617 1.62346
25 34 0 12.8676 74.4206
25 35 0 9.78374 15.1739
25 36 0 65.7569 22.9921
25 37 1 43.9261 56.4245
25 38 0 58.7382 8.27177
25 39 1 8.31829 62.3917
25 40 0 87.2992 17.8312
26 1 0 11.52 45.2215
26 2 0 68.8283 6.07639
26 3 0 90.0818 24.3407
26 4 0 33.5879 83.5928
26 5 0 77.399 34.809
26 6 0 84.0736 80.7804
26 7 0 72.1786 86.2494
26 8 0 75.0116 51.6793
26 9 0 29.7391 29.6526
26 10 0 15.0389 35.9068
26 11 0 93.5842 46.4807
26 12 1 45.1339 80.0155
26 13 1 85.3667 0.995365
26 14 0 48.435 88.2247
26 15 0 29.8562 37.8629
26 16 0 7.94017 93.4978
26 17 0 30.2581 5.84219
26 18 0 59.1956 19.8256
26 19 0 58.5429 76.1366
26 20 1 40.9764 17.4517
26 21 0 1.23065 96.7859
26 22 0 6.24233 22.9908
26 23 0 5.44082 8.82874
26 24 0 84.8143 46.1184
26 25 0 11.2868 46.4322
26 27 1 97.0048 69.088
26 28 0 25.1342 10.7672
26 29 0 74.715 20.1613
26 30 0 13.3554 73.9031
26 31 0 50.3916 92.0397
26 32 0 12.0935 18.9218
26 33 1 64.8112 25.6104
26 34 1 12.2109 77.1065
26 35 1 95.0901 90.0825
26 36 0 5.20238 62.4746
26 37 0 73.2625 11.8758
26 38 0 51.8739 38.4974
26 39 0 80.0259 10.5087
26 40 1 55.7049 2.73239
27 1 1 25.845 74.5946
27 2 0 28.9196 34.4883
27 3 1 48.5953 24.7603
27 4 1 81.9774 48.3197
27 5 0 25.0856 98.3
27 6 1 52.6132 29.472
27 7 0 63.8221 93.2305
27 8 0 79.2102 44.2354
27 9 0 57.5865 79.275
27 10 0 91.1718 85.76
27 11 0 31.0659 29.0975
27 12 0 69.6336 95.7684
27 13 0 12.0861 38.0644
27 14 1 85.7799 23.3293
27 15 0 22.4885 91.4889
27 16 0 32.4002 79.7297
27 17 0 40.8835 41.9377
27 18 0 23.9678 24.5383
27 19 0 67.1816 51.6024
27 20 1 96.8397 41.9821
27 21 0 3.4 29.2547
27 22 0 43.7867 68.7892
27 23 0 25.4068 11.4856
27 24 1 21.809 95.0564
27 25 0 49.8278 40.8421
27 26 0 31.2658 63.3724
27 28 1 67.2843 94.548
27 29 1 52.244 62.6651
27 30 0 44.1232 54.9499
27 31 0 80.2781 25.8291
27 32 1 60.3251 43.5308
27 33 0 5.9661 11.6651
27 34 0 76.5265 4.40666
27 35 0 63.9143 18.9965
27 36 0 78.0961 64.568
27 37 1 84.0347 57.7866
27 38 1 83.532 43.7286
27 39 0 14.661 84.6561
27 40 0 44.6588 47.282
28 1 0 2.80801 54.7536
28 2 0 26.7023 18.9157
28 3 0 33.6685 27.6638
28 4 0 82.4367 16.3732
28 5 1 7.82185 16.5013
28 6 0 99.8006 7.68897
28 7 1 93.7781 8.71675
28 8 0 65.6855 70.7829
28 9 0 94.6824 2.80267
28 10 1 8.15155 12.4926
28 11 0 71.9879 15.2952
28 12 0 23.0121 12.0595
28 13 0 9.4575 22.2656
28 14 0 65.5146 84.1041
28 15 0 70.3973 84.6342
28 16 0 70.9803 5.15345
28 17 0 67.2528 66.6465
28 18 0 3.03102 80.3865
28 19 0 9.44854 84.6391
28 20 0 40.5638 0.189572
28 21 1 38.4442 84.3293
28 22 0 46.3057 63.9555
28 23 0 41.5487 45.9889
28 24 0 7.22374 16.7812
28 25 1 60.5214 28.5459
28 26 0 53.241 99.3635
28 27 0 56.4022 44.4931
28 29 1 96.0476 92.5095
28 30 1 42.3134 80.7155
28 31 0 32.9722 42.3605
28 32 0 5.57482 88.8323
28 33 0 20.8535 22.0498
28 34 0 12.8158 38.8269
28 35 1 61.8458 32.6561
28 36 0 46.8413 77.0412
28 37 0 69.4076 68.6989
28 38 0 17.0707 1.85889
28 39 0 65.9954 34.0988
28 40 0 6.81198 62.0521
29 1 0 64.1903 91.1051
29 2 0 56.5281 2.99764
29 3 0 82.4352 40.4416
29 4 0 88.0164 84.9861
29 5 0 31.4834 52.9264
29 6 1 78.135 37.6666
29 7 0 94.2675 40.525
29 8 0 90.8931 58.9907
29 9 0 64.9259 36.1866
29 10 0 92.9021 39.7329
29 11 0 20.3443 56.1105
29 12 0 37.2672 40.4945
29 13 0 14.8631 96.244
29 14 0 50.5781 22.2977
29 15 1 27.1198 53.1615
29 16 0 1.54731 72.5134
29 17 0 89.0069 63.5414
29 18 0 34.5215 94.9858
29 19 0 33.9451 26.7802
29 20 1 2.80495 19.1053
29 21 0 90.0907 91.3186
29 22 0 54.4341 80.7559
29 23 0 62.0981 81.3192
29 24 0 65.4063 97.8399
29 25 0 26.3374 69.5519
29 26 0 83.5122 26.2322
29 27 0 40.5447 69.8183
29 28 0 60.5384 5.19249
29 30 1 52.0251 2.97223
29 31 0 31.4145 64.5291
29 32 0 12.0786 72.6586
29 33 0 39.3078 22.0368
29 34 0 13.4522 94.5556
29 35 0 15.4002 72.6049
29 36 0 76.336 88.873
29 37 1 67.8833 93.4761
29 38 0 33.1637 26.4689
29 39 0 81.9011 70.2588
29 40 0 46.6778 39.1823
30 1 0 83.8762 32.375
30 2 1 22.9843 2.22588
30 3 0 94.6178 79.0175
30 4 0 97.5142 62.3163
30 5 0 0.512177 10.3933
30 6 0 4.50678 16.1384
30 7 1 14.7223 68.846
30 8 0 79.0997 3.63934
30 9 0 42.8153 37.7191
30 10 1 40.5354 66.4004
30 11 0 94.965 94.1656
30 12 0 94.1996 63.9619
30 13 1 32.3445 47.5093
30 14 0 14.5013 13.9966
30 15 0 32.6306 17.8923
30 16 0 70.0234 60.2692
30 17 1 6.50393 79.8986
30 18 0 81.9535 15.5578
30 19 0 84.6487 88.3755
30 20 0 4.27008 6.91873
30 21 1 95.0933 48.2493
30 22 0 13.5402 30.0047
30 23 0 83.3002 95.0776
30 24 0 63.8628 95.7859
30 25 0 91.1422 55.7209
30 26 0 80.9244 95.8007
30 27 0 23.2605 1.01959
30 28 0 89.9622 74.0951
30 29 0 45.5012 7.32474
30 31 1 12.9131 39.3198
30 32 0 34.9348 94.5655
30 33 1 73.1964 87.9559
30 34 0 82.9711 80.7901
30 35 0 48.3852 95.4296
30 36 0 47.1162 35.5172
30 37 0 63.3365 36.431
30 38 1 10.4355 52.9048
30 39 0 11.2272 54.3321
30 40 0 2.44377 36.1806
31 1 0 31.0463 70.8848
31 2 0 9.81561 44.0576
31 3 1 72.5151 59.4347
31 4 0 76.9989 40.822
31 5 0 29.3346 31.8673
31 6 0 86.9354 91.5912
31 7 0 41.972 83.1144
31 8 0 38.6477 49.223
31 9 0 51.9922 88.1455
31 10 0 96.8812 37.5508
31 11 0 0.939404 61.8692
31 12 0 60.9679 75.958
31 13 0 90.3184 9.1625
31 14 0 8.77284 61.3491
31 15 0 1.39608 83.9654
31 16 0 84.9967 33.405
31 17 0 45.4057 52.2068
31 18 0 45.0527 60.63
31 19 0 68.9802 29.0417
31 20 0 2.93338 61.204
31 21 0 45.8687 45.948
31 22 0 49.756 18.1993
31 23 0 96.9186 27.5564
31 24 0 48.8062 4.0164
31 25 0 31.2289 76.7263
31 26 0 18.1499 5.77958
31 27 0 11.6281 30.9891
31 28 0 23.0397 47.5108
31 29 0 99.5305 37.456
31 30 0 64.0146 33.0859
31 32 1 31.1762 36.0342
31 33 0 64.7105 51.392
31 34 0 40.2172 3.80472
31 35 0 77.5233 82.1334
31 36 1 33.862 3.50573
31 37 1 26.0905 18.4161
31 38 0 26.2835 16.6931
31 39 0 9.38914 8.39235
31 40 0 29.876 37.3969
32 1 0 25.6656 73.6002
32 2 0 3.25008 90.3172
32 3 0 22.978 22.7284
32 4 0 78.4507 87.6935
32 5 0 16.0409 26.0507
32 6 0 88.5483 60.3755
32 7 0 10.9411 13.2411
32 8 0 24.0855 85.6179
32 9 1 37.764 44.4267
32 10 1 61.8263 43.7506
32 11 0 39.8531 15.1803
32 12 0 73.5749 22.8711
32 13 0 28.1926 34.6264
32 14 0 5.81182 58.2772
32 15 0 55.8837 48.5891
32 16 0 37.8707 23.6896
32 17 1 0.951159 74.6607
32 18 0 32.132 65.5219
32 19 0 58.4702 73.9472
32 20 0 5.56557 21.0382
32 21 0 26.6313 70.3739
32 22 0 79.2203 74.125
32 23 0 98.783 80.3544
32 24 0 21.309 15.6192
32 25 1 86.4005 35.5373
32 26 0 14.8789 21.6905
32 27 0 88.5683 15.7914
32 28 0 99.8971 50.236
32 29 0 66.0529 98.7397
32 30 0 27.0551 91.0576
32 31 0 61.4944 40.3899
32 33 1 86.1356 11.1057
32 34 1 65.3057 55.0164
32 35 0 61.8708 7.58809
32 36 0 0.881623 15.7767
32 37 0 58.8264 31.7036
32 38 0 27.5835 46.1635
32 39 0 1.49943 36.1418
32 40 0 13.6193 85.6499
33 1 0 92.9726 94.0272
33 2 0 90.023 61.2663
33 3 1 91.1462 27.5018
33 4 0 47.2601 40.8715
33 5 0 93.0365 26.7896
33 6 0 6.10311 44.4713
33 7 0 95.1247 6.42929
33 8 0 91.1784 70.2242
33 9 0 77.7276 6.12192
33 10 0 14.9794 67.4486
33 11 0 53.5043 47.2658
33 12 0 92.5467 65.2272
33 13 0 32.6562 88.5691
33 14 1 95.444 66.0523
33 15 0 67.7059 18.3034
33 16 1 8.99634 57.9797
33 17 0 86.9962 52.5118
33 18 0 92.8494 42.8384
33 19 0 30.0963 29.7049
33 20 0 80.831 16.8218
33 21 0 36.6791 15.3423
33 22 0 67.2147 21.1391
33 23 0 25.8535 18.4882
33 24 0 12.2895 65.5463
33 25 0 69.8136 52.8825
33 26 0 48.9399 92.8837
33 27 0 74.896 76.3397
33 28 0 17.4387 34.437
33 29 0 46.0344 57.0556
33 30 0 43.1208 58.8739
33 31 0 34.1749 23.9663
33 32 0 28.5807 73.7622
33 34 1 74.3629 58.8837
33 35 0 61.1859 1.62422
33 36 0 39.7819 75.1407
33 37 0 32.9243 58.575
33 38 1 46.9972 18.7524
33 39 0 59.319 24.0907
33 40 0 99.5545 98.2797
34 1 1 94.9967 84.6776
34 2 0 56.4959 33.6479
34 3 0 38.4958 65.3422
34 4 0 88.6941 41.718
34 5 1 0.101511 96.9703
34 6 0 49.2565 24.319
34 7 0 57.5378 8.21231
34 8 0 11.2539 53.4523
34 9 0 68.0129 47.8295
34 10 0 20.0941 25.3676
34 11 1 51.1968 49.6111
34 12 0 33.4949 73.8206
34 13 0 81.5647 87.1286
34 14 0 20.3465 29.2091
34 15 0 22.7281 79.2506
34 16 0 57.0223 59.8335
34 17 0 70.4885 55.6997
34 18 0 92.0783 78.8168
34 19 0 69.8859 6.24115
34 20 0 81.7519 68.8712
34 21 1 15.9073 72.0098
34 22 0 17.3269 73.409
34 23 1 92.7514 59.8017
34 24 0 3.94881 94.9966
34 25 0 68.5885 19.8819
34 26 0 5.06472 82.4007
34 27 0 64.8214 18.5796
34 28 0 19.518 93.0054
34 29 1 53.9268 69.8708
34 30 0 76.5532 68.7785
34 31 0 53.476 10.9829
34 32 0 58.9364 2.14481
34 33 1 96.7265 71.0566
34 35 1 75.9387 96.4243
34 36 1 44.8331 39.9988
34 37 0 12.7888 41.5816
34 38 0 70.8619 96.2828
34 39 0 67.6958 75.0619
34 40 0 53.5807 48.7144
35 1 0 9.4586 43.8313
35 2 1 0.904686 13.4857
35 3 1 60.2443 36.3732
35 4 0 30.3914 70.3293
35 5 0 82.6835 89.1823
35 6 0 64.0622 86.1471
35 7 0 57.8957 85.8719
35 8 0 70.6517 67.0106
35 9 0 96.0536 3.61845
35 10 0 42.5632 39.9041
35 11 0 41.0512 65.6886
35 12 0 8.2716 86.3257
35 13 0 19.5767 47.7828
35 14 0 52.2615 15.0507
35 15 0 91.0368 20.2356
35 16 0 27.1414 59.6266
35 17 0 21.0132 13.7288
35 18 0 30.9682 74.6684
35 19 1 24.7615 87.387
35 20 0 47.4503 51.2357
35 21 1 2.56265 54.7783
35 22 0 24.0061 7.79421
35 23 1 17.9115 96.524
35 24 0 72.1323 82.5733
35 25 0 51.9028 43.4607
35 26 0 82.5125 27.6303
35 27 0 66.8449 2.30522
35 28 0 72.2507 12.9463
35 29 0 72.4122 67.616
35 30 0 33.1644 58.8357
35 31 1 55.2458 42.7073
35 32 1 17.9623 93.3138
35 33 0 50.3107 71.1496
35 34 0 31.154 77.6241
35 36 1 94.5336 94.396
35 37 0 74.0173 11.2987
35 38 1 62.3314 16.1241
35 39 1 70.1151 43.3374
35 40 0 13.7487 61.1345
36 1 0 59.2905 1.30705
36 2 1 38.8894 4.89791
36 3 0 44.2354 75.274
36 4 0 2.21094 22.557
36 5 0 3.30915 59.0407
36 6 0 30.7823 85.5632
36 7 1 57.8011 46.3597
36 8 0 27.6424 57.3464
36 9 0 90.1013 5.16309
36 10 1 63.603 79.108
36 11 0 62.6191 97.2952
36 12 0 63.959 25.4572
36 13 0 58.9265 24.7459
36 14 0 75.5134 60.1538
36 15 0 25.3884 51.786
36 16 0 54.2912 67.2272
36 17 0 65.5605 79.8766
36 18 1 77.2369 9.77319
36 19 0 11.6006 50.3497
36 20 0 92.3737 89.305
36 21 0 88.1829 28.861
36 22 0 71.4621 49.2418
36 23 1 93.2645 18.7942
36 24 0 39.0301 51.0205
36 25 0 86.6107 72.1797
36 26 0 26.3622 21.3272
36 27 0 71.0432 41.303
36 28 0 89.4243 88.5912
36 29 0 78.1692 23.9174
36 30 0 59.9446 19.0598
36 31 0 51.6983 11.3615
36 32 0 4.57891 88.7114
36 33 0 95.6107 66.929
36 34 0 4.66005 48.8431
36 35 0 38.3688 62.3753
36 37 1 5.15639 29.5448
36 38 0 66.3345 79.8038
36 39 1 63.4279 6.19913
36 40 1 67.6846 32.9868
37 1 1 26.3411 16.9516
37 2 0 81.2702 28.0115
37 3 0 10.8691 25.9427
37 4 1 46.5841 76.3336
37 5 0 65.6467 67.654
37 6 0 38.3835 71.2386
37 7 1 84.7391 46.8687
37 8 0 32.5686 59.0861
37 9 0 26.7428 59.8282
37 10 0 12.1649 71.7564
37 11 0 65.8279 6.86467
37 12 0 30.9748 87.3512
37 13 1 28.4986 76.0909
37 14 0 61.9348 13.0446
37 15 0 35.9787 19.1575
37 16 0 88.0538 85.1654
37 17 0 68.3636 35.1277
37 18 0 22.6371 0.0462679
37 19 0 16.9067 67.6789
37 20 0 74.7667 41.0369
37 21 0 21.387 53.5174
37 22 0 32.5325 87.9328
37 23 0 93.0721 81.9939
37 24 0 54.3573 97.6791
37 25 0 22.7922 57.9417
37 26 1 89.3162 0.88768
37 27 0 43.5857 50.0033
37 28 0 20.7645 78.928
37 29 0 48.5005 36.1638
37 30 0 38.6389 18.4179
37 31 0 94.1111 19.5797
37 32 0 63.8702 83.9769
37 33 0 15.6981 1.30626
37 34 0 37.5236 77.6255
37 35 0 99.2401 90.8625
37 36 0 98.7566 88.097
37 38 1 94.2904 44.1266
37 39 0 28.7827 74.4988
37 40 0 38.9664 42.5603
38 1 0 46.2398 39.3215
38 2 0 69.7644 9.13572
38 3 0 7.99479 73.4596
38 4 0 88.8577 34.8796
38 5 0 15.5566 36.1773
38 6 0 96.277 54.3548
38 7 0 24.4711 76.3806
38 8 1 28.0964 67.4293
38 9 0 62.3586 4.82176
38 10 0 8.14641 4.94423
38 11 1 42.9688 19.8374
38 12 0 60.4688 4.50818
38 13 0 94.5424 6.71849
38 14 0 13.182 25.0364
38 15 1 93.5094 38.6632
38 16 0 36.3071 84.1391
38 17 0 16.7218 68.9912
38 18 0 54.3016 99.6295
38 19 0 13.5555 54.3604
38 20 1 42.6534 38.8512
38 21 0 96.3948 25.0084
38 22 0 82.5277 48.6955
38 23 0 55.2785 6.58486
38 24 0 78.2523 69.581
38 25 0 87.6204 19.1263
38 26 0 76.6284 17.6074
38 27 0 74.6859 31.8322
38 28 1 58.657 97.7224
38 29 0 19.802 56.0538
38 30 0 99.3035 95.6339
38 31 0 61.4212 98.224
38 32 1 7.96588 2.79373
38 33 0 73.4989 35.3881
38 34 1 28.0522 41.0685
38 35 0 54.2449 21.1569
38 36 0 44.5772 43.2916
38 37 0 61.7628 41.3121
38 39 1 86.1741 35.7754
38 40 0 24.9654 61.3638
39 1 0 50.3394 19.2301
39 2 0 6.11796 32.6387
39 3 0 77.261 65.1397
39 4 1 86.6259 6.36617
39 5 0 22.0158 74.7365
39 6 1 20.083 87.5263
39 7 0 63.679 73.8699
39 8 0 51.2438 25.737
39 9 0 34.7103 5.44233
39 10 0 61.781 27.0524
39 11 0 29.1061 43.8346
39 12 0 86.2537 13.1633
39 13 0 22.2536 26.5237
39 14 0 16.6599 69.7114
39 15 0 53.1254 96.4386
39 16 0 76.0161 41.5809
39 17 0 85.1861 75.45
39 18 0 4.87391 71.4949
39 19 0 76.735 26.8923
39 20 0 9.28559 98.056
39 21 0 72.7554 50.4643
39 22 0 99.7329 51.4988
39 23 1 52.209 99.2805
39 24 0 5.89848 53.1147
39 25 0 47.2829 7.27102
39 26 0 94.4963 33.1841
39 27 0 63.7433 45.9946
39 28 1 39.2221 38.7406
39 29 0 66.708 19.1174
39 30 0 45.0282 46.1323
39 31 0 2.44119 2.57787
39 32 0 23.603 53.6896
39 33 0 15.8099 54.2953
39 34 1 16.889 53.9658
39 35 0 85.1626 2.86722
39 36 0 62.9825 24.0587
39 37 0 26.8227 76.4316
39 38 0 10.048 67.028
39 40 1 85.6421 12.7267
40 1 1 20.5303 30.0229
40 2 0 3.37593 30.7796
40 3 0 27.0239 0.859224
40 4 0 22.9066 22.7775
40 5 0 10.6911 21.6517
40 6 0 90.6493 71.8247
40 7 0 75.5139 40.2989
40 8 0 84.1712 26.2136
40 9 0 33.2983 3.23396
40 10 1 47.1551 28.0222
40 11 0 90.7434 28.6139
40 12 0 1.16084 40.9841
40 13 1 83.6979 25.7849
40 14 1 33.9909 52.9465
40 15 0 85.0548 44.2565
40 16 0 67.745 57.8464
40 17 0 34.3466 87.9734
40 18 0 82.3309 61.2454
40 19 0 23.8819 56.747
40 20 1 71.8084 21.1736
40 21 0 47.0901 1.51623
40 22 0 15.3458 20.0095
40 23 0 87.1027 71.3281
40 24 0 36.0906 83.286
40 25 0 35.7045 16.3515
40 26 0 42.9712 2.25889
40 27 0 35.4831 11.4548
40 28 0 16.7338 75.0688
40 29 0 27.7099 0.162756
40 30 0 84.0704 15.2098
40 31 0 58.889 94.187
40 32 0 72.8663 79.3316
40 33 0 99.3564 40.0628
40 34 0 82.5716 87.5248
40 35 0 28.9968 64.6463
40 36 0 85.9823 31.3342
40 37 0 94.7964 29.6961
40 38 1 24.8186 71.211
40 39 0 48.1181 11.698
0.69001 6.41304 39.0448 26.0547 39.43 9.58787 39.9094 29.6082 38.852 18.5783 31.7547 25.3144 23.3111 34.7391 5.85903 31.7719 3.44793 12.7754 26.4185 6.38015 3.47293 26.7839 7.68668 39.0826 29.1258 5.69222 32.1773 3.55963 8.86174 25.174 29.2893 21.6566 4.23026 6.39356 30.0809 36.6845 20.8579 17.3189 21.0035 39.9403 