40
500
4
100
1 2 1 48.9617 31.8586
1 3 1 26.8891 14.7553
1 4 0 88.5107 98.1686
1 5 0 65.1932 9.92042
1 6 0 25.3969 71.314
1 7 0 55.5136 85.136
1 8 0 54.9114 10.801
1 9 0 2.04166 35.3486
1 10 0 75.9711 26.0805
1 11 0 81.934 86.3953
1 12 1 87.9917 95.9116
1 13 0 17.2091 64.3807
1 14 1 26.5262 17.671
1 15 0 23.8473 99.8122
1 16 0 59.9331 62.9402
1 17 0 34.5284 80.0357
1 18 0 11.5724 47.4322
1 19 0 72.391 2.25725
1 20 0 62.1748 50.2428
1 21 0 16.1497 30.5802
1 22 1 78.5839 74.1311
1 23 1 2.68532 24.0121
1 24 0 16.545 18.2361
1 25 0 22.7604 59.3812
1 26 0 5.78427 81.5083
1 27 0 39.8494 9.9189
1 28 1 78.428 85.5908
1 29 0 33.9614 61.7609
1 30 0 3.22515 19.7482
1 31 0 50.0302 65.5075
1 32 0 63.4631 52.7035
1 33 0 34.0111 24.4056
1 34 0 63.9956 25.8848
1 35 1 92.0693 18.2044
1 36 1 72.0228 45.2442
1 37 1 87.7774 47.1768
1 38 1 31.6641 93.6345
1 39 0 9.16228 85.6527
1 40 1 52.7375 10.766
2 1 0 31.8851 59.5532
2 3 1 52.4498 1.95693
2 4 0 62.7281 14.2515
2 5 0 90.3596 68.4931
2 6 0 68.8342 90.2611
2 7 1 80.6406 43.9712
2 8 0 23.2322 24.1845
2 9 0 63.9585 62.0656
2 10 0 59.0502 19.1006
2 11 0 32.2516 28.1957
2 12 0 71.0604 85.723
2 13 0 37.9832 96.1228
2 14 1 58.2331 15.0223
2 15 0 46.8347 35.1517
2 16 0 96.1817 24.7765
2 17 0 12.4899 13.3579
2 18 0 82.0603 93.5275
2 19 0 18.9642 55.9229
2 20 0 3.4598 6.93237
2 21 1 74.5244 21.2653
2 22 1 51.3577 43.4995
2 23 1 17.8354 6.26908
2 24 0 63.8344 83.8242
2 25 0 39.171 8.07756
2 26 1 16.6567 57.676
2 27 0 81.2727 17.0283
2 28 0 35.51 98.2925
2 29 0 28.0349 20.4589
2 30 1 59.6005 33.8888
2 31 0 74.1312 84.4272
2 32 0 90.2662 59.6051
2 33 0 56.4073 5.69069
2 34 0 49.2292 21.4636
2 35 0 25.3737 27.3027
2 36 0 68.5688 36.5561
2 37 0 97.7375 16.4617
2 38 0 12.5748 16.3795
2 39 0 98.7797 6.75363
2 40 0 9.45785 50.7858
3 1 1 64.7668 26.2666
3 2 0 50.1625 85.1703
3 4 1 26.6966 69.171
3 5 0 89.8122 4.58118
3 6 0 65.8442 49.3349
3 7 1 73.8864 90.0789
3 8 0 21.5426 80.5273
3 9 1 16.8517 86.9693
3 10 0 13.5358 13.4409
3 11 0 58.1083 16.0853
3 12 0 42.7232 8.28615
3 13 0 91.0941 65.3831
3 14 0 73.6152 84.3593
3 15 0 60.0693 59.9245
3 16 0 35.5579 56.9911
3 17 0 90.8888 56.9594
3 18 0 88.3895 45.3632
3 19 1 55.769 22.188
3 20 1 14.1737 71.1677
3 21 0 36.6013 12.7414
3 22 0 8.00813 39.2071
3 23 1 84.6768 9.22998
3 24 1 78.3862 47.9272
3 25 0 83.8266 65.342
3 26 0 97.0245 11.9805
3 27 0 26.9502 36.4443
3 28 0 97.6472 57.4289
3 29 1 16.4696 19.0889
3 30 1 1.4956 72.3321
3 31 1 89.4546 46.5536
3 32 0 84.0864 27.666
3 33 0 81.9906 4.23713
3 34 0 86.72 44.9435
3 35 0 23.7806 17.6807
3 36 0 74.1203 53.8792
3 37 0 62.6308 36.7159
3 38 1 46.8219 44.3624
3 39 0 95.0348 19.0002
3 40 0 50.4769 42.424
4 1 0 36.1595 1.12529
4 2 0 77.6128 69.485
4 3 0 71.7153 36.6325
4 5 1 79.6566 1.74932
4 6 0 81.2805 76.4905
4 7 0 2.43371 38.1499
4 8 0 38.9992 70.9438
4 9 0 80.8124 75.5721
4 10 0 73.1495 15.2846
4 11 0 91.125 81.8351
4 12 0 92.7104 55.4892
4 13 1 2.41771 93.5169
4 14 0 91.0826 45.8045
4 15 0 34.5162 79.8496
4 16 0 58.9347 19.3865
4 17 0 58.1234 32.2231
4 18 0 76.1345 75.9352
4 19 1 15.8403 8.99805
4 20 0 75.5125 0.811118
4 21 1 89.7258 52.9431
4 22 1 59.7779 94.5025
4 23 0 36.1342 83.6433
4 24 0 97.7317 60.724
4 25 0 45.7116 7.23183
4 26 0 45.5448 59.9485
4 27 1 28.9735 97.9419
4 28 0 99.7906 90.9578
4 29 0 24.8842 10.9824
4 30 1 95.4478 46.6082
4 31 0 71.2352 80.3742
4 32 0 27.7224 49.363
4 33 1 5.14343 32.4536
4 34 0 33.4026 23.2829
4 35 0 50.9276 81.9323
4 36 0 49.9767 74.5997
4 37 0 48.1044 19.8797
4 38 0 57.0707 43.9593
4 39 1 92.4787 87.0144
4 40 0 12.8814 29.1926
5 1 0 29.647 96.0409
5 2 0 80.5263 64.2336
5 3 0 4.9469 48.4231
5 4 0 40.6711 73.5858
5 6 1 97.4279 54.61
5 7 0 6.16349 88.5233
5 8 0 8.02519 2.58341
5 9 0 38.4259 57.5801
5 10 1 25.4302 99.1398
5 11 0 55.1223 50.7656
5 12 1 40.3421 30.5982
5 13 0 23.8292 44.505
5 14 0 89.7366 43.5314
5 15 0 56.9484 74.2177
5 16 0 95.5816 63.7923
5 17 0 3.7935 60.5039
5 18 0 97.4781 46.4837
5 19 1 7.24088 96.8978
5 20 0 13.8468 50.4114
5 21 0 35.1697 63.5951
5 22 0 71.2516 3.39706
5 23 0 57.3544 50.1707
5 24 0 73.2568 36.1384
5 25 0 42.5181 40.1601
5 26 1 79.3121 87.4923
5 27 0 71.1911 31.8287
5 28 0 76.5784 56.5879
5 29 1 50.4705 17.6623
5 30 1 18.0197 36.7998
5 31 0 20.9586 32.6923
5 32 0 85.2265 90.1536
5 33 0 3.33167 93.152
5 34 0 69.6867 17.3537
5 35 0 34.4137 31.0679
5 36 0 10.9107 42.4107
5 37 1 51.5944 61.405
5 38 0 47.6755 94.3624
5 39 0 87.4633 95.0771
5 40 0 69.5974 68.8679
6 1 0 39.8951 83.0017
6 2 0 16.3724 12.1082
6 3 0 82.022 62.9075
6 4 1 24.0133 78.0213
6 5 0 70.319 16.4312
6 7 1 64.8769 78.1777
6 8 0 37.2729 51.4532
6 9 0 17.6435 58.3933
6 10 0 86.7899 11.7648
6 11 0 71.8771 68.6031
6 12 0 73.6575 94.9176
6 13 0 99.9326 63.0602
6 14 0 24.8532 12.7965
6 15 1 56.4694 30.1518
6 16 0 53.8629 96.094
6 17 1 7.21226 62.306
6 18 0 7.7999 54.88
6 19 0 92.2854 49.116
6 20 0 40.7827 88.5978
6 21 1 62.2714 0.12468
6 22 1 31.4792 5.19532
6 23 0 59.7916 3.45559
6 24 0 33.0052 90.8291
6 25 0 18.7019 95.5049
6 26 0 88.5128 20.1578
6 27 0 51.2211 23.6832
6 28 0 93.0101 73.482
6 29 0 48.8015 33.4089
6 30 1 21.0312 49.3544
6 31 1 43.135 35.1249
6 32 0 7.23704 57.6991
6 33 1 40.8966 77.7821
6 34 0 17.9226 70.0297
6 35 0 23.9872 52.7362
6 36 0 19.2922 55.9754
6 37 0 19.8797 11.3486
6 38 0 59.3558 83.9693
6 39 1 43.398 37.1553
6 40 1 98.3752 66.2506
7 1 0 42.9416 72.0987
7 2 0 22.4821 84.2824
7 3 1 99.3074 94.2794
7 4 0 56.2282 5.33649
7 5 0 89.498 65.139
7 6 1 52.4913 77.4209
7 8 1 92.3518 44.4122
7 9 0 31.57 48.7262
7 10 0 83.7046 78.1262
7 11 1 78.2565 15.36
7 12 0 95.8966 12.9936
7 13 0 26.4872 32.7695
7 14 0 97.6264 33.7049
7 15 1 16.9893 32.2159
7 16 0 91.2893 51.9017
7 17 0 20.8756 16.4454
7 18 1 26.0083 89.7458
7 19 1 10.3606 46.7238
7 20 0 33.5749 86.3562
7 21 0 56.5417 42.7019
7 22 1 56.7694 51.7674
7 23 0 59.5119 46.6731
7 24 0 22.7455 5.50777
7 25 1 25.538 45.6678
7 26 0 22.5272 74.1353
7 27 0 64.5954 2.70413
7 28 0 41.1476 36.5973
7 29 0 26.7047 53.6273
7 30 1 55.0657 97.4679
7 31 0 39.222 40.6519
7 32 0 44.835 14.4918
7 33 1 57.2666 56.3058
7 34 0 16.1531 73.3497
7 35 0 95.9199 80.4185
7 36 1 9.8001 42.3653
7 37 0 14.3286 10.6401
7 38 1 92.8786 42.3273
7 39 0 26.0585 24.9754
7 40 1 85.9628 9.34041
8 1 1 34.6284 10.1354
8 2 0 67.1559 61.7546
8 3 1 9.61267 92.6168
8 4 1 49.0356 91.5872
8 5 0 97.3951 65.4641
8 6 0 30.8619 38.1754
8 7 0 97.8882 58.7995
8 9 1 86.7943 93.8386
8 10 0 29.6174 40.23
8 11 1 94.1885 74.4837
8 12 0 44.0322 91.561
8 13 0 34.3896 55.851
8 14 0 79.7657 23.9514
8 15 0 61.0406 98.3492
8 16 1 84.3973 51.5803
8 17 0 12.1926 63.2638
8 18 0 35.8278 86.9503
8 19 1 50.3195 69.0911
8 20 0 83.0205 51.3486
8 21 0 95.5769 17.8983
8 22 1 17.3756 34.8433
8 23 0 52.1773 44.5186
8 24 0 26.5672 58.0699
8 25 0 58.5666 47.9426
8 26 0 42.7746 88.7394
8 27 1 90.4377 11.6205
8 28 1 4.90766 47.4795
8 29 0 23.5818 37.1593
8 30 0 88.9212 2.93775
8 31 0 66.4342 70.5324
8 32 0 22.4154 71.7213
8 33 1 61.8586 93.5567
8 34 1 20.6502 17.5441
8 35 0 64.9981 70.8516
8 36 0 99.2973 8.068
8 37 0 26.5391 54.7955
8 38 0 69.6512 63.3455
8 39 0 81.2069 16.2596
8 40 0 19.5229 84.3542
9 1 1 23.9677 48.3751
9 2 0 73.9148 16.8229
9 3 0 67.9564 45.3829
9 4 1 28.909 74.7268
9 5 0 21.8491 11.1214
9 6 0 9.61759 60.3628
9 7 0 18.2277 88.2052
9 8 1 73.448 37.1191
9 10 1 21.3994 9.46025
9 11 1 55.1555 6.96566
9 12 0 75.9794 31.2434
9 13 1 90.4651 83.8413
9 14 0 57.0196 50.0418
9 15 1 27.9939 19.5972
9 16 0 4.21753 90.3201
9 17 0 59.3599 16.8494
9 18 0 23.3197 88.6315
9 19 0 42.877 77.0602
9 20 0 94.0779 14.0564
9 21 0 49.8705 28.2503
9 22 0 58.4137 90.9185
9 23 0 86.9538 98.9459
9 24 0 67.2766 11.4189
9 25 0 59.1676 58.363
9 26 1 13.072 33.4764
9 27 0 41.196 11.8609
9 28 0 49.625 51.1727
9 29 1 57.2448 44.4957
9 30 1 13.1796 28.8961
9 31 1 9.34409 68.8599
9 32 0 24.7217 41.0562
9 33 1 32.7096 11.6296
9 34 1 99.6858 76.7107
9 35 0 4.65902 44.5306
9 36 0 84.2915 91.8328
9 37 0 14.9848 28.622
9 38 0 8.32854 33.4191
9 39 0 77.852 50.2991
9 40 0 20.9527 76.1464
10 1 0 19.6629 81.7693
10 2 0 26.3528 67.2603
10 3 0 33.7886 14.3811
10 4 1 81.38 26.3265
10 5 1 30.8933 60.2041
10 6 0 30.1871 71.7925
10 7 1 59.8498 75.286
10 8 1 85.8169 31.9344
10 9 0 1.77994 48.1813
10 11 1 23.3538 83.7944
10 12 0 58.1235 22.1294
10 13 1 18.2429 47.8736
10 14 1 48.6558 31.9533
10 15 1 58.3042 69.229
10 16 1 78.4386 48.7606
10 17 0 46.3087 45.0797
10 18 0 32.1682 96.4202
10 19 0 85.5833 37.8583
10 20 0 45.126 84.6559
10 21 0 17.0743 75.4431
10 22 0 17.1315 19.8173
10 23 0 53.0351 39.3096
10 24 0 40.0053 80.7044
10 25 0 84.9547 65.9085
10 26 1 96.2137 28.0501
10 27 0 47.4479 31.417
10 28 0 29.785 53.7066
10 29 1 94.7694 8.05016
10 30 0 24.8354 7.32379
10 31 0 67.1255 68.8846
10 32 0 15.3753 46.9191
10 33 0 70.6531 68.5116
10 34 1 84.0987 3.18408
10 35 0 99.2658 91.2333
10 36 1 53.0105 34.8388
10 37 1 68.4872 87.607
10 38 1 68.9504 96.0817
10 39 0 32.4788 4.18163
10 40 1 66.9897 38.6575
11 1 0 40.5247 58.5846
11 2 0 63.7308 60.097
11 3 1 24.9304 24.8973
11 4 1 66.5359 6.60707
11 5 0 33.4683 43.9987
11 6 0 75.6907 75.1059
11 7 0 43.3109 52.7291
11 8 0 46.1569 38.7882
11 9 1 64.1907 21.7565
11 10 0 54.7399 18.466
11 12 1 58.6541 57.3293
11 13 0 95.9884 61.8276
11 14 0 32.4428 36.5489
11 15 0 82.8145 22.1073
11 16 1 71.9964 76.6144
11 17 0 11.4175 30.5919
11 18 0 99.2235 34.9526
11 19 0 42.7017 10.3075
11 20 1 67.4151 57.2965
11 21 1 67.7862 77.7599
11 22 1 20.1662 13.8411
11 23 1 10.7156 37.4684
11 24 0 15.6638 88.6537
11 25 0 61.1036 57.8158
11 26 1 88.7217 74.3645
11 27 1 52.2832 56.7268
11 28 0 86.6865 78.4235
11 29 0 22.8848 31.4038
11 30 1 13.6293 76.6448
11 31 0 49.993 43.8379
11 32 0 9.24426 43.0137
11 33 0 7.52325 32.4958
11 34 0 6.25345 37.3392
11 35 1 1.74188 78.5196
11 36 0 32.806 16.7333
11 37 0 36.6126 78.6584
11 38 0 52.3726 7.19645
11 39 0 57.617 57.6571
11 40 0 93.6193 10.8358
12 1 1 80.9816 2.33679
12 2 0 77.5639 69.1732
12 3 0 63.4597 85.7945
12 4 1 37.2912 98.5335
12 5 1 14.5056 49.2266
12 6 0 52.3224 48.0429
12 7 0 95.1473 60.9707
12 8 0 59.7332 11.4185
12 9 0 92.7245 91.8839
12 10 1 43.522 16.5658
12 11 0 0.60214 50.6703
12 13 1 45.4119 32.5432
12 14 0 13.0293 10.77
12 15 1 67.2152 37.3355
12 16 0 32.8576 11.5968
12 17 0 71.1141 74.0451
12 18 0 97.9101 63.5337
12 19 0 61.1293 99.1162
12 20 1 19.5532 51.619
12 21 0 36.9743 24.73
12 22 0 5.9301 37.7589
12 23 1 46.9228 34.1826
12 24 1 83.067 97.3329
12 25 0 47.282 70.822
12 26 0 57.2293 78.9506
12 27 0 41.4913 15.0266
12 28 1 48.3183 83.8923
12 29 1 75.8328 12.7272
12 30 0 74.5122 59.6884
12 31 0 69.0733 75.7977
12 32 0 82.7138 60.2804
12 33 0 52.2982 59.286
12 34 0 85.1407 84.738
12 35 0 68.4487 22.2081
12 36 0 84.0593 71.7826
12 37 0 20.0157 24.6718
12 38 0 50.3138 98.197
12 39 0 4.02852 27.014
12 40 1 30.1992 14.7603
13 1 1 68.2592 79.9524
13 2 1 79.8043 58.7231
13 3 0 73.5036 55.0789
13 4 0 36.3964 69.6417
13 5 0 24.6344 96.6058
13 6 1 17.6327 10.8625
13 7 0 96.1262 87.759
13 8 1 59.1075 78.4541
13 9 0 21.6003 35.6337
13 10 1 7.6572 75.9081
13 11 0 75.7747 20.4641
13 12 1 47.9643 7.04341
13 14 1 98.5943 6.10887
13 15 0 71.3995 66.0452
13 16 0 13.7633 57.1987
13 17 0 58.9864 94.8709
13 18 1 66.6377 40.3479
13 19 0 40.5162 49.776
13 20 0 1.20514 34.4485
13 21 1 85.6853 46.7216
13 22 0 7.25173 32.4751
13 23 1 84.1625 84.6747
13 24 0 70.7745 11.8045
13 25 0 54.669 27.5909
13 26 1 53.6509 14.1426
13 27 0 91.2055 94.4925
13 28 0 30.6508 47.9078
13 29 0 77.1607 58.5681
13 30 1 18.3741 14.0982
13 31 0 56.4234 19.9527
13 32 0 83.1381 68.6238
13 33 0 5.0604 83.2281
13 34 1 65.8819 82.3157
13 35 0 2.77774 25.3282
13 36 0 13.1716 75.1008
13 37 0 22.2814 50.1499
13 38 0 87.4848 25.5292
13 39 0 74.4629 24.7601
13 40 0 34.0457 53.7447
14 1 1 85.4039 95.6692
14 2 1 13.5025 44.7208
14 3 0 51.6436 81.4873
14 4 0 94.5598 90.9814
14 5 0 8.88907 52.9479
14 6 0 97.6084 6.00516
14 7 0 79.3987 68.5121
14 8 1 55.2112 27.8351
14 9 0 91.443 28.7507
14 10 0 81.7987 26.9583
14 11 0 97.7143 37.3308
14 12 0 71.1868 54.3096
14 13 0 50.1393 83.2342
14 15 1 84.5553 80.7602
14 16 0 57.9884 36.791
14 17 0 79.3894 63.7242
14 18 1 37.1183 18.4608
14 19 1 6.06816 94.7715
14 20 0 83.2916 17.778
14 21 0 37.0457 7.05003
14 22 0 38.8902 61.0237
14 23 0 85.483 40.8315
14 24 0 81.7754 9.51453
14 25 0 3.16578 39.0477
14 26 0 27.221 85.6404
14 27 1 96.9885 76.9941
14 28 0 26.3071 43.5834
14 29 1 85.9065 96.827
14 30 0 94.3802 89.8148
14 31 0 4.16857 20.4163
14 32 0 65.1149 76.0295
14 33 0 26.0907 99.6465
14 34 1 12.8836 87.75
14 35 0 10.4423 10.6871
14 36 0 26.8933 71.2905
14 37 0 45.7652 12.9494
14 38 0 83.9328 70.9036
14 39 0 47.3115 46.6349
14 40 0 13.6828 94.7562
15 1 1 76.2235 77.6707
15 2 1 22.893 99.291
15 3 0 74.2734 83.3643
15 4 0 37.2575 36.3576
15 5 0 7.27323 79.3407
15 6 0 61.2287 3.91381
15 7 0 10.7723 43.3082
15 8 0 88.9619 58.5993
15 9 1 20.4889 68.2793
15 10 0 74.5454 62.3136
15 11 0 66.4521 27.5122
15 12 0 20.6437 19.2398
15 13 1 77.9759 18.5101
15 14 1 91.1358 17.3017
15 16 1 5.08069 26.9777
15 17 0 62.3857 46.329
15 18 1 18.4332 30.0784
15 19 0 62.6155 18.184
15 20 0 15.7402 6.03757
15 21 1 69.5012 95.2644
15 22 0 43.6187 27.9542
15 23 0 36.6489 22.6476
15 24 1 59.7767 13.8266
15 25 0 0.254031 92.5379
15 26 0 57.8421 26.1908
15 27 0 98.7351 59.586
15 28 1 30.9343 39.2126
15 29 0 91.0765 79.1162
15 30 0 88.0435 9.62071
15 31 1 50.8763 64.0059
15 32 1 99.6063 79.3007
15 33 1 65.7289 78.1401
15 34 1 82.8603 31.5461
15 35 0 25.6556 57.2069
15 36 1 82.8117 54.5128
15 37 0 79.8521 13.1098
15 38 0 41.4969 18.9665
15 39 0 85.6608 51.2034
15 40 0 33.8871 88.2872
16 1 1 87.3599 4.32939
16 2 1 38.1968 89.9351
16 3 0 41.1016 58.2336
16 4 0 63.4282 67.8106
16 5 0 7.02883 96.5752
16 6 1 66.164 38.4756
16 7 1 28.1597 34.7342
16 8 0 6.27826 71.2387
16 9 1 7.48928 84.2702
16 10 0 28.9191 50.7093
16 11 0 92.249 66.2259
16 12 1 18.7966 50.2585
16 13 1 33.0563 29.7336
16 14 0 73.3314 85.0204
16 15 0 40.97 6.75907
16 17 1 16.8576 16.1357
16 18 0 33.5248 38.6559
16 19 0 62.442 14.9041
16 20 0 41.2809 83.1417
16 21 0 72.657 37.2184
16 22 0 62.871 93.8393
16 23 0 95.3357 93.813
16 24 0 41.2544 18.4809
16 25 0 66.3162 71.554
16 26 0 72.3444 57.508
16 27 0 75.9404 92.3931
16 28 1 77.9668 69.3332
16 29 0 10.3786 63.63
16 30 0 5.95293 12.5026
16 31 0 80.6212 73.7019
16 32 1 92.0964 64.7063
16 33 0 6.99456 74.529
16 34 0 43.5341 56.5717
16 35 1 35.006 29.4393
16 36 1 1.31143 9.23255
16 37 0 7.60433 77.6791
16 38 0 90.0761 73.5005
16 39 0 14.0444 7.03766
16 40 1 47.6338 52.0308
17 1 0 93.5209 62.0342
17 2 0 97.8515 63.5768
17 3 0 2.80408 0.732257
17 4 0 4.51111 92.8946
17 5 0 39.9236 86.0042
17 6 1 77.5953 71.5105
17 7 0 33.2368 72.0042
17 8 1 55.0722 34.9254
17 9 0 46.9515 26.8114
17 10 0 67.4544 83.112
17 11 1 45.0253 7.98041
17 12 1 45.5444 91.8077
17 13 1 27.3444 23.7075
17 14 0 73.8179 62.0586
17 15 0 40.9359 47.705
17 16 0 8.96468 22.935
17 18 1 64.762 27.2613
17 19 0 29.5926 81.0358
17 20 0 77.9917 95.6621
17 21 1 51.4228 8.87502
17 22 1 43.9402 38.2361
17 23 0 77.2632 7.85826
17 24 0 70.5799 15.8423
17 25 0 51.5729 62.4837
17 26 1 37.012 8.49583
17 27 0 69.394 80.8966
17 28 0 65.9748 36.7933
17 29 1 97.223 20.0601
17 30 1 2.09227 62.9837
17 31 0 64.8123 78.0416
17 32 0 67.828 82.2892
17 33 0 65.6836 68.6403
17 34 0 33.1156 32.2641
17 35 0 63.3777 93.1378
17 36 0 22.2546 33.4465
17 37 0 18.9425 64.5343
17 38 0 57.5095 48.1351
17 39 1 5.89431 89.4775
17 40 0 0.892929 53.2202
18 1 0 40.9247 92.395
18 2 0 0.441719 28.6953
18 3 1 4.43281 20.7207
18 4 0 85.8276 68.278
18 5 1 80.9649 20.3644
18 6 0 96.305 89.9623
18 7 0 62.5475 5.2537
18 8 1 63.6659 32.3327
18 9 1 12.8374 81.3859
18 10 0 14.3671 20.8318
18 11 0 68.778 84.4848
18 12 0 55.9984 51.6429
18 13 0 89.7949 12.8308
18 14 0 20.7601 9.19001
18 15 0 69.2272 84.4788
18 16 0 69.5125 4.54943
18 17 0 44.5639 85.1969
18 19 1 97.7727 52.7708
18 20 0 43.9782 62.2604
18 21 1 84.1881 47.1044
18 22 0 58.1003 19.6469
18 23 0 1.99237 69.0429
18 24 0 5.54139 61.8678
18 25 0 34.1495 11.9416
18 26 0 74.9726 0.494586
18 27 0 29.9578 45.0719
18 28 1 85.0104 38.3224
18 29 0 50.7193 60.7176
18 30 1 39.0646 61.8718
18 31 1 7.45829 34.4098
18 32 0 23.9671 40.3444
18 33 1 32.0979 32.6373
18 34 0 89.5359 4.51959
18 35 1 33.1236 35.0805
18 36 1 11.3926 83.2174
18 37 0 10.9799 60.7467
18 38 0 68.01 25.1611
18 39 1 74.7293 50.499
18 40 0 29.0779 86.1374
19 1 1 13.0288 98.2556
19 2 0 51.1911 14.2173
19 3 0 75.221 10.5071
19 4 0 72.8129 80.1056
19 5 0 79.6528 35.4638
19 6 0 38.6025 6.23519
19 7 0 39.2773 6.49171
19 8 0 38.6636 93.5957
19 9 0 18.5106 31.6684
19 10 0 14.9204 20.5692
19 11 0 80.9525 99.263
19 12 0 78.0115 9.72695
19 13 0 54.2104 91.7295
19 14 0 96.7533 86.3035
19 15 0 92.605 41.3464
19 16 0 6.61642 8.4402
19 17 0 32.8975 46.7714
19 18 0 39.9695 50.2608
19 20 1 80.3811 47.9753
19 21 0 85.5263 2.49297
19 22 0 75.8419 34.6374
19 23 0 40.3258 6.87326
19 24 0 44.3711 55.0472
19 25 0 65.4103 98.9904
19 26 1 58.0513 88.3236
19 27 0 61.1085 35.52
19 28 0 49.0772 73.2126
19 29 1 82.4833 12.9546
19 30 0 51.0538 80.8349
19 31 0 68.0106 97.5609
19 32 1 92.7816 3.53925
19 33 0 55.7375 18.8937
19 34 0 55.5895 22.4364
19 35 1 60.1119 87.8463
19 36 0 26.565 84.2303
19 37 0 62.6602 94.913
19 38 0 7.00208 84.2694
19 39 1 45.7347 68.038
19 40 1 52.7939 95.6021
20 1 0 68.3467 14.5558
20 2 0 3.01917 99.0727
20 3 0 49.9111 99.5519
20 4 1 77.8377 42.5761
20 5 1 47.4368 96.5285
20 6 0 55.9327 47.6933
20 7 0 1.51145 32.8549
20 8 0 73.6631 2.83349
20 9 0 13.7311 92.1386
20 10 1 95.7509 44.777
20 11 0 92.5778 78.1846
20 12 0 43.2356 14.4047
20 13 0 2.17204 80.8617
20 14 0 86.3125 67.0556
20 15 0 87.6092 31.9419
20 16 0 76.0481 71.087
20 17 0 61.2224 13.0637
20 18 1 2.94204 3.80307
20 19 1 40.4056 69.2296
20 21 1 84.8506 64.2583
20 22 0 97.066 81.7211
20 23 1 40.7012 40.1221
20 24 0 83.658 35.653
20 25 1 18.9129 59.2514
20 26 0 9.11195 82.0028
20 27 0 2.75903 23.1496
20 28 0 72.8731 88.5821
20 29 0 54.1884 0.0992466
20 30 0 40.0539 59.6996
20 31 0 78.0159 2.55944
20 32 0 59.3068 35.5388
20 33 0 83.9249 50.9253
20 34 0 28.5929 49.2645
20 35 0 23.858 89.5265
20 36 1 7.9438 37.7661
20 37 1 72.8629 75.3942
20 38 0 2.08131 6.29624
20 39 0 6.15827 84.3564
20 40 1 56.571 33.7627
21 1 1 47.6121 19.5034
21 2 0 65.5465 41.4999
21 3 1 35.4973 82.6242
21 4 1 57.9732 5.78804
21 5 1 85.5515 86.3804
21 6 1 66.7153 66.8053
21 7 1 92.7515 69.3532
21 8 1 35.389 95.3396
21 9 0 37.1467 72.4575
21 10 0 80.9153 37.4427
21 11 1 63.5799 74.2932
21 12 0 37.7127 32.3273
21 13 0 77.7458 79.5965
21 14 0 73.6448 18.2763
21 15 0 35.1471 29.6274
21 16 0 43.248 50.3713
21 17 1 2.85765 45.0761
21 18 0 17.5148 5.00786
21 19 1 21.6217 11.5714
21 20 0 60.2233 54.6228
21 22 1 42.1896 33.776
21 23 0 76.89 93.1001
21 24 0 48.9121 71.2028
21 25 0 63.5531 9.94133
21 26 1 27.6314 50.2664
21 27 1 46.8992 65.8962
21 28 0 10.3111 15.2561
21 29 0 44.6833 11.5717
21 30 0 71.0406 77.2746
21 31 0 14.0636 97.8587
21 32 1 44.8751 76.5385
21 33 0 18.8164 26.8918
21 34 0 74.8341 16.4349
21 35 0 66.4803 77.3074
21 36 0 74.0249 28.0493
21 37 1 8.80072 24.4907
21 38 1 67.7179 49.2972
21 39 1 13.7348 93.4976
21 40 1 84.2456 47.2522
22 1 0 16.9048 91.1062
22 2 1 14.4984 22.5707
22 3 0 43.0113 85.1842
22 4 0 36.7555 81.0921
22 5 0 34.1094 33.1813
22 6 0 64.3746 11.8967
22 7 0 98.454 68.3184
22 8 1 84.2627 8.07893
22 9 0 91.2197 72.5475
22 10 0 80.7866 62.8782
22 11 0 68.8123 93.8313
22 12 1 46.6463 83.9372
22 13 0 15.5446 72.6668
22 14 0 10.4882 80.7957
22 15 0 12.1568 57.4784
22 16 0 24.9171 1.98928
22 17 1 72.2418 24.7322
22 18 1 41.3824 98.847
22 19 1 75.8247 70.8947
22 20 0 50.3249 68.4761
22 21 0 79.996 25.0226
22 23 1 18.3181 82.6363
22 24 0 30.1785 80.6678
22 25 0 51.9361 24.8921
22 26 0 16.842 62.707
22 27 0 90.4652 33.4011
22 28 0 87.6932 40.1821
22 29 0 40.6464 21.2075
22 30 0 29.3399 78.5758
22 31 0 48.5043 61.8681
22 32 0 97.353 0.10262
22 33 0 46.6873 64.9648
22 34 1 51.287 16.4507
22 35 0 11.8737 15.4567
22 36 1 81.0753 33.7992
22 37 0 63.3517 86.8348
22 38 0 10.4092 21.9348
22 39 1 44.9732 17.0117
22 40 1 5.00891 92.7725
23 1 0 71.8026 3.42707
23 2 1 99.0154 64.3571
23 3 0 30.4995 36.7343
23 4 0 99.6683 24.672
23 5 0 44.865 6.4515
23 6 0 51.7199 55.321
23 7 1 84.7471 26.6554
23 8 0 87.5553 75.661
23 9 1 43.6323 80.152
23 10 0 27.673 41.8887
23 11 0 15.6957 23.2863
23 12 0 61.7386 35.4947
23 13 0 37.3817 9.7778
23 14 1 86.5172 41.038
23 15 0 1.18118 80.7101
23 16 0 90.1954 59.2123
23 17 0 52.0153 62.1149
23 18 0 72.5591 23.6349
23 19 1 51.2542 94.9638
23 20 1 45.1939 72.897
23 21 0 63.8587 83.3418
23 22 1 47.9764 63.1976
23 24 1 82.4799 24.7719
23 25 0 73.8786 4.59431
23 26 1 73.8171 4.73733
23 27 0 71.955 50.1552
23 28 0 47.659 53.4663
23 29 0 72.3342 63.3185
23 30 1 5.10467 18.798
23 31 0 55.9267 38.2654
23 32 0 80.5663 32.8687
23 33 1 64.1071 15.9463
23 34 0 56.3618 30.3539
23 35 0 24.7866 5.41238
23 36 0 32.6859 58.588
23 37 0 94.4256 43.1107
23 38 0 15.2101 78.5901
23 39 0 80.4204 63.0894
23 40 0 72.3373 51.7786
24 1 0 88.7243 87.8984
24 2 0 26.7772 13.5611
24 3 0 20.9353 27.5371
24 4 1 58.0061 93.7696
24 5 0 94.2791 16.5173
24 6 0 38.1724 35.5608
24 7 0 1.14529 56.1244
24 8 0 24.0094 8.70779
24 9 0 48.0221 60.193
24 10 1 94.1922 60.8856
24 11 0 24.5515 58.4883
24 12 0 95.7603 37.8681
24 13 1 80.6232 49.945
24 14 1 72.3346 45.3147
24 15 0 27.0985 16.8183
24 16 0 11.1462 22.4238
24 17 0 39.8436 27.0869
24 18 0 36.3596 13.5855
24 19 0 96.9805 6.89079
24 20 0 0.277495 11.8378
24 21 0 95.3886 82.7619
24 22 1 33.2321 49.7958
24 23 0 7.01721 27.2224
24 25 1 63.1506 13.1665
24 26 1 72.7372 64.3084
24 27 0 39.21 45.4582
24 28 0 89.4202 26.4336
24 29 0 44.8213 75.8668
24 30 0 20.4115 86.4139
24 31 0 34.6379 9.22868
24 32 1 84.6462 30.7758
24 33 0 51.7775 70.7532
24 34 1 43.7092 72.7028
24 35 0 21.0497 6.9941
24 36 0 10.2083 3.5652
24 37 0 2.47453 49.1484
24 38 1 4.84279 61.0981
24 39 0 89.424 92.9308
24 40 0 34.1656 57.2978
25 1 0 43.6577 89.8817
25 2 1 53.9043 23.6751
25 3 0 49.8407 55.7245
25 4 1 42.9928 80.1637
25 5 0 10.1652 23.6476
25 6 1 52.2805 16.9642
25 7 0 80.7791 69.1174
25 8 1 32.5542 15.493
25 9 0 98.2216 87.2598
25 10 1 49.4083 9.9306
25 11 0 33.0644 49.5505
25 12 0 29.2651 54.1509
25 13 0 45.7488 17.6132
25 14 1 20.8253 5.80651
25 15 1 69.0993 46.5017
25 16 0 60.0729 28.6498
25 17 0 46.6173 20.3853
25 18 0 41.4172 42.6221
25 19 1 12.6837 48.4039
25 20 0 51.8148 8.62876
25 21 0 33.1658 66.4096
25 22 1 67.6692 15.5754
25 23 1 30.3649 59.4864
25 24 0 16.4658 13.9421
25 26 1 41.806 90.8828
25 27 1 11.5453 25.4198
25 28 0 74.2984 17.6645
25 29 0 65.3443 58.8969
25 30 0 52.1726 30.0534
25 31 1 47.3746 55.0323
25 32 1 95.4167 23.6484
25 33 0 92.8151 97.6323
25 34 0 78.2073 16.3428
25 35 0 17.072 74.6356
25 36 0 97.7352 40.4776
25 37 0 57.7673 42.4244
25 38 0 59.3041 6.00361
25 39 1 88.5117 80.1317
25 40 1 47.8609 24.799
26 1 1 11.2133 39.1144
26 2 0 47.5714 13.6032
26 3 1 77.7309 3.01901
26 4 1 15.1792 31.9651
26 5 0 41.6462 25.7711
26 6 0 46.5668 26.1959
26 7 1 2.54724 61.6006
26 8 0 78.1005 69.9056
26 9 0 5.11645 89.9661
26 10 1 34.7562 7.02784
26 11 0 70.1662 55.9112
26 12 1 59.1766 24.2363
26 13 0 16.9447 19.9644
26 14 1 62.6324 28.2088
26 15 0 93.8626 74.28
26 16 1 61.0943 27.531
26 17 0 80.3 21.7018
26 18 0 78.6198 15.8902
26 19 0 67.3595 6.97492
26 20 0 54.2198 78.9471
26 21 0 47.2382 0.173735
26 22 0 31.7192 99.5347
26 23 0 24.4633 95.9426
26 24 0 34.6721 31.1848
26 25 1 52.5024 67.1498
26 27 1 77.1153 60.25
26 28 0 84.293 41.697
26 29 0 58.8131 29.0345
26 30 1 87.1403 28.2972
26 31 1 83.7854 72.5722
26 32 0 86.3117 87.202
26 33 0 12.9988 87.988
26 34 0 92.1876 70.0945
26 35 1 11.5356 1.87244
26 36 0 22.9685 66.1839
26 37 0 3.73444 91.1088
26 38 1 11.7125 6.19541
26 39 1 16.5153 82.3348
26 40 0 66.4003 95.7376
27 1 0 54.979 36.1711
27 2 0 31.9972 77.3059
27 3 0 77.2002 87.6367
27 4 0 82.3339 82.5592
27 5 1 70.9206 37.2109
27 6 1 7.06177 32.1895
27 7 1 55.0992 80.1845
27 8 0 2.85147 36.417
27 9 0 10.2031 1.39555
27 10 0 11.2149 24.953
27 11 0 24.5889 36.9736
27 12 1 71.903 6.90095
27 13 0 32.0161 77.6067
27 14 1 24.6422 9.1726
27 15 0 32.3916 0.561984
27 16 1 32.0463 84.2097
27 17 0 44.9179 84.7624
27 18 0 70.6676 1.01045
27 19 1 69.2411 87.5753
27 20 0 12.3172 63.8772
27 21 1 64.8202 75.7142
27 22 0 90.458 45.26
27 23 1 90.3003 73.5738
27 24 0 34.3252 29.4402
27 25 0 34.732 20.642
27 26 0 64.6851 40.1579
27 28 1 95.5215 89.6455
27 29 0 27.4233 32.7141
27 30 0 2.05286 55.044
27 31 1 26.4488 64.4456
27 32 1 10.5823 26.6443
27 33 0 72.6978 4.26847
27 34 0 5.37467 10.3848
27 35 0 73.8151 15.0835
27 36 0 43.5265 32.0342
27 37 1 97.4576 71.0931
27 38 1 63.3598 72.1738
27 39 0 7.65886 89.0203
27 40 0 34.3573 2.0867
28 1 0 22.5312 69.1874
28 2 0 2.89432 88.7438
28 3 0 56.0877 1.98267
28 4 0 42.7576 22.7855
28 5 1 1.29916 12.8116
28 6 0 15.1287 32.6131
28 7 0 59.6737 28.0115
28 8 1 3.90714 7.82307
28 9 0 49.9829 84.8508
28 10 0 6.22255 66.6847
28 11 1 11.157 84.4727
28 12 0 94.1776 61.7659
28 13 0 81.9367 52.7929
28 14 0 47.4129 16.5957
28 15 0 15.6931 33.7287
28 16 1 88.6689 86.3397
28 17 0 3.71247 61.5617
28 18 0 54.495 67.0362
28 19 0 67.2974 0.0988613
28 20 0 58.6246 22.5331
28 21 0 40.234 13.9528
28 22 0 35.9045 5.366
28 23 1 30.22 82.2632
28 24 0 71.6069 78.6319
28 25 0 15.4741 25.1923
28 26 1 77.295 11.2773
28 27 1 62.1674 97.3304
28 29 1 35.0193 92.728
28 30 0 93.6795 33.0761
28 31 0 36.1764 82.8043
28 32 0 75.6323 35.8757
28 33 1 94.6826 25.1741
28 34 1 48.5115 65.5049
28 35 0 97.5768 84.8461
28 36 1 71.9805 92.135
28 37 0 61.7779 92.9022
28 38 1 30.4797 60.2679
28 39 0 70.8853 13.1562
28 40 0 68.9189 41.5573
29 1 0 42.8716 17.0228
29 2 1 67.9865 98.9577
29 3 0 69.6149 27.6878
29 4 1 43.3544 8.20843
29 5 0 56.6547 38.3924
29 6 0 17.5614 79.2478
29 7 0 73.1443 62.7813
29 8 0 71.4821 59.1402
29 9 0 96.4185 99.7248
29 10 0 66.6511 30.4193
29 11 1 96.3406 64.1633
29 12 0 30.6438 65.8782
29 13 0 26.9973 15.9853
29 14 0 65.3177 43.2754
29 15 0 68.6591 66.7724
29 16 1 31.0049 73.4141
29 17 0 67.0523 16.7729
29 18 0 95.3359 71.0659
29 19 1 0.00993945 56.6151
29 20 0 49.8172 15.3989
29 21 0 4.50625 11.4575
29 22 0 77.7247 40.1456
29 23 0 83.2133 92.3431
29 24 0 32.6589 22.2025
29 25 1 79.0971 5.88693
29 26 0 10.3204 54.0391
29 27 1 98.0751 62.1875
29 28 0 36.608 57.4529
29 30 1 54.3698 69.2205
29 31 1 18.6868 77.5179
29 32 0 98.4036 10.821
29 33 0 44.6867 40.8274
29 34 1 40.8647 3.83459
29 35 0 5.34352 32.9017
29 36 0 32.9253 7.5519
29 37 0 89.1197 58.6537
29 38 0 36.9833 22.6041
29 39 0 49.3733 46.9169
29 40 0 45.9233 2.73433
30 1 0 26.1908 64.8483
30 2 1 47.7804 96.5296
30 3 0 69.4665 3.64921
30 4 0 92.0468 50.5075
30 5 0 51.7426 76.718
30 6 1 62.4565 65.4623
30 7 0 99.2876 18.3454
30 8 0 54.6276 45.5571
30 9 0 30.3822 7.60329
30 10 1 10.1291 32.1519
30 11 1 27.9077 80.3077
30 12 0 73.0003 10.9101
30 13 0 69.0422 24.1229
30 14 0 64.7175 65.7817
30 15 1 44.4812 47.9759
30 16 1 23.0721 93.5592
30 17 0 85.5664 25.5933
30 18 0 62.2038 57.9139
30 19 0 20.6101 77.3169
30 20 0 99.2717 60.9235
30 21 0 93.9099 99.9656
30 22 0 57.9242 10.061
30 23 0 8.49041 45.3359
30 24 0 54.3095 79.9942
30 25 1 43.7038 96.2959
30 26 0 88.6465 30.4514
30 27 1 89.3718 95.8111
30 28 1 39.1303 86.9116
30 29 0 16.245 69.3556
30 31 1 63.0445 29.8579
30 32 0 41.7225 23.1561
30 33 0 31.5249 60.5834
30 34 0 65.088 46.6753
30 35 0 33.4586 90.2033
30 36 1 40.2837 23.0705
30 37 1 16.2369 61.0846
30 38 1 93.9052 48.1053
30 39 0 14.1713 70.8131
30 40 0 19.2595 64.8494
31 1 0 96.718 41.9746
31 2 1 1.27777 32.7572
31 3 0 31.6086 35.8896
31 4 0 94.3225 7.15227
31 5 0 59.2606 62.4047
31 6 0 77.7348 43.0601
31 7 1 75.1436 55.4218
31 8 1 52.1689 78.1698
31 9 0 20.5522 46.8071
31 10 0 38.3625 6.52777
31 11 1 78.5526 39.5061
31 12 1 34.7848 86.9058
31 13 1 72.2002 33.2876
31 14 1 95.6054 74.6662
31 15 0 55.6108 31.0076
31 16 1 47.732 45.925
31 17 1 16.0626 70.2742
31 18 0 33.5456 4.62454
31 19 0 37.3211 97.4466
31 20 0 94.7105 72.2761
31 21 0 92.9101 2.67848
31 22 0 6.65916 49.9148
31 23 0 88.9777 11.2158
31 24 0 62.8914 43.7074
31 25 0 48.7056 35.8556
31 26 1 61.3779 14.7343
31 27 1 16.7309 50.6539
31 28 0 78.3462 84.3851
31 29 0 62.0096 87.5364
31 30 1 1.19636 12.2944
31 32 1 96.186 24.8353
31 33 0 28.5355 31.305
31 34 0 30.5405 24.2817
31 35 0 2.64715 60.0817
31 36 0 23.3126 79.1001
31 37 0 33.6744 84.8557
31 38 0 65.013 99.2016
31 39 0 50.2662 44.1302
31 40 0 28.9185 29.0242
32 1 1 90.6271 17.1672
32 2 0 14.9905 67.1375
32 3 0 75.4946 25.8089
32 4 1 3.24442 73.0614
32 5 0 80.8927 96.2265
32 6 0 81.6312 83.8301
32 7 0 38.5785 28.2359
32 8 0 69.6235 4.36564
32 9 0 39.3492 83.5868
32 10 0 67.1212 29.7181
32 11 1 40.0403 71.4597
32 12 1 38.534 10.3519
32 13 0 43.8193 49.2312
32 14 0 29.6266 15.207
32 15 0 24.9693 52.2473
32 16 1 22.1668 20.42
32 17 1 6.8465 48.0272
32 18 1 98.0412 66.1722
32 19 1 39.6986 81.6694
32 20 0 70.5378 68.5968
32 21 0 5.81535 91.1814
32 22 0 81.3241 56.2488
32 23 0 83.1539 24.3401
32 24 1 38.2854 21.0997
32 25 0 48.1458 88.8547
32 26 0 24.5196 81.6594
32 27 0 69.052 85.8742
32 28 0 86.9946 62.9371
32 29 0 65.6344 24.7132
32 30 0 41.3187 38.1591
32 31 0 39.3253 21.4427
32 33 1 19.7758 2.33977
32 34 0 32.6156 78.5456
32 35 1 57.6063 95.3569
32 36 0 50.5356 63.517
32 37 0 25.7765 24.2201
32 38 0 80.8589 67.1864
32 39 1 13.3922 88.3869
32 40 0 84.3492 8.06639
33 1 0 62.2402 98.9779
33 2 0 76.297 84.6072
33 3 1 56.9751 37.4561
33 4 0 65.4638 19.0428
33 5 0 89.7618 24.4947
33 6 0 78.2204 98.4139
33 7 0 14.6575 6.13733
33 8 1 49.3597 23.0897
33 9 0 98.6635 49.4077
33 10 0 30.276 80.2815
33 11 1 25.8825 70.2096
33 12 0 43.3221 48.8131
33 13 0 81.0343 45.0425
33 14 1 20.4394 92.4855
33 15 0 10.3188 18.7961
33 16 0 94.7867 55.5096
33 17 0 45.8977 6.13662
33 18 1 29.0966 63.8201
33 19 0 53.9556 77.6997
33 20 0 40.7129 6.08358
33 21 0 32.7626 97.1633
33 22 0 28.0993 95.8448
33 23 0 32.4825 12.4399
33 24 0 49.6813 1.08682
33 25 0 45.6882 62.6626
33 26 0 40.5011 22.9269
33 27 0 43.3361 24.2188
33 28 1 15.8237 14.5968
33 29 0 7.20424 55.8063
33 30 0 57.2458 97.8698
33 31 0 83.5606 72.787
33 32 1 87.7221 52.6961
33 34 1 38.8281 91.846
33 35 0 37.5848 47.0878
33 36 0 60.4215 78.149
33 37 1 45.3525 29.322
33 38 1 95.6529 6.24435
33 39 0 62.5716 89.0625
33 40 0 2.34887 14.0017
34 1 0 69.1749 0.791945
34 2 0 50.2594 21.7826
34 3 1 50.6362 4.4028
34 4 0 0.150352 74.259
34 5 1 80.7807 64.2828
34 6 0 41.5501 99.3404
34 7 0 88.5023 74.6096
34 8 1 22.964 15.8631
34 9 0 37.6879 73.3255
34 10 0 3.73979 86.3992
34 11 1 17.8996 50.1631
34 12 0 58.8137 1.13086
34 13 0 47.7565 88.2868
34 14 0 27.6965 71.4658
34 15 0 92.9665 14.7961
34 16 0 58.445 25.929
34 17 1 59.7942 18.2158
34 18 0 54.7173 11.557
34 19 1 10.5263 27.4958
34 20 0 37.744 9.20825
34 21 0 81.003 25.7456
34 22 0 86.3408 51.1413
34 23 1 72.3902 68.9449
34 24 1 98.8691 97.3673
34 25 0 80.8624 26.7678
34 26 0 55.1676 29.3041
34 27 0 44.9637 68.583
34 28 0 33.71 43.0067
34 29 0 87.3522 45.2204
34 30 1 1.33397 51.0411
34 31 1 84.2676 14.3246
34 32 0 42.918 51.6695
34 33 1 29.0252 49.7514
34 35 1 77.4929 0.390283
34 36 0 56.6526 56.1314
34 37 1 80.8173 10.2264
34 38 0 18.2877 91.8279
34 39 0 0.782995 54.8045
34 40 0 31.0972 89.5555
35 1 0 51.171 99.7856
35 2 0 26.964 39.7348
35 3 1 23.2638 82.8323
35 4 0 47.9551 71.8354
35 5 1 60.4762 53.0791
35 6 0 96.4922 84.3276
35 7 0 63.1675 85.8034
35 8 0 55.8565 46.8298
35 9 1 60.632 12.944
35 10 0 89.4137 72.4629
35 11 0 26.6346 38.4035
35 12 0 92.3943 59.2542
35 13 1 95.2151 43.506
35 14 0 75.9591 50.8486
35 15 1 50.1789 50.8116
35 16 1 67.1739 9.58819
35 17 0 62.449 58.8342
35 18 0 80.8381 68.8984
35 19 0 93.9475 97.3732
35 20 1 54.1901 54.0584
35 21 0 87.0519 50.4873
35 22 0 58.391 48.76
35 23 0 56.7498 94.5939
35 24 0 1.06278 31.8336
35 25 1 2.05011 93.6646
35 26 1 44.1138 26.1945
35 27 1 42.507 59.493
35 28 0 56.9912 22.0263
35 29 0 62.078 27.5778
35 30 0 29.8414 20.2438
35 31 0 56.1651 35.7385
35 32 0 46.021 6.44105
35 33 1 81.7831 31.6731
35 34 0 23.5412 77.147
35 36 1 81.0258 40.8562
35 37 0 45.1572 76.1593
35 38 0 68.6562 69.4664
35 39 0 25.7649 99.9732
35 40 0 3.19088 48.8983
36 1 0 17.826 2.6411
36 2 1 76.1113 22.4008
36 3 0 72.3675 16.5787
36 4 0 19.9582 63.003
36 5 0 33.0896 11.7764
36 6 0 15.2352 8.84707
36 7 0 24.2902 8.49294
36 8 1 25.2974 61.1077
36 9 1 13.728 38.2529
36 10 1 8.42929 76.3889
36 11 0 82.4447 20.3308
36 12 1 5.49326 15.5553
36 13 1 26.51 86.6747
36 14 0 45.5909 44.543
36 15 0 84.9308 34.104
36 16 0 75.2842 21.996
36 17 0 57.6879 50.0113
36 18 0 2.88924 91.5156
36 19 1 19.8954 9.4794
36 20 0 46.8159 63.2511
36 21 0 41.4453 10.2673
36 22 1 29.1725 99.7845
36 23 1 73.7797 51.164
36 24 0 59.835 93.4464
36 25 1 59.432 53.9596
36 26 0 17.6899 32.8906
36 27 0 54.2487 35.3771
36 28 0 15.0514 37.705
36 29 0 45.9761 90.7477
36 30 1 40.5472 80.1985
36 31 1 76.5071 99.5578
36 32 1 89.0873 49.0341
36 33 1 45.2016 13.6641
36 34 1 16.8047 7.13376
36 35 1 28.0555 37.8703
36 37 1 76.0913 33.6373
36 38 1 2.69909 31.2282
36 39 0 3.36154 98.0706
36 40 1 96.9145 90.7495
37 1 1 37.1761 37.4464
37 2 0 74.0244 52.0387
37 3 1 40.4842 16.3254
37 4 1 36.717 40.448
37 5 0 67.8955 70.5158
37 6 0 31.9577 0.324339
37 7 0 34.8253 51.9754
37 8 0 26.8939 56.0142
37 9 1 34.6709 95.9738
37 10 0 68.3984 89.033
37 11 0 5.75731 39.8795
37 12 0 50.0997 26.0473
37 13 1 81.1522 38.8062
37 14 1 30.7958 65.2377
37 15 0 65.7667 78.818
37 16 1 68.8074 62.1164
37 17 1 72.9298 85.684
37 18 1 19.5452 97.0789
37 19 1 97.4499 71.8068
37 20 0 26.1598 76.5915
37 21 0 72.4693 95.85
37 22 1 57.069 93.9755
37 23 0 89.5224 6.32662
37 24 1 63.5725 41.4274
37 25 0 44.683 86.5544
37 26 0 62.5266 7.89619
37 27 0 82.1482 64.0469
37 28 1 60.9447 46.4294
37 29 1 13.5258 5.91036
37 30 1 76.3442 57.4115
37 31 0 14.4603 92.7114
37 32 0 12.5287 56.2267
37 33 1 20.3129 99.1786
37 34 0 58.9448 11.191
37 35 0 46.8915 93.9578
37 36 1 67.8223 31.4312
37 38 1 98.3603 50.6068
37 39 0 85.0354 0.725839
37 40 0 71.4577 73.8919
38 1 0 39.0764 40.9577
38 2 1 96.1163 35.7991
38 3 0 56.8957 2.39519
38 4 0 69.0783 97.3434
38 5 0 35.811 81.5507
38 6 1 91.8111 90.4471
38 7 0 29.1161 45.9728
38 8 0 34.8196 52.7489
38 9 1 58.3508 94.3712
38 10 0 0.805795 0.0904805
38 11 0 34.4172 80.357
38 12 0 16.3394 38.7353
38 13 1 84.1991 48.8991
38 14 0 79.7974 27.1038
38 15 1 48.4105 2.54027
38 16 0 99.8004 84.382
38 17 0 92.5444 76.0871
38 18 0 2.215 2.72543
38 19 1 95.2119 7.69794
38 20 0 63.3784 95.4452
38 21 0 9.71499 47.7649
38 22 0 5.06197 99.151
38 23 1 45.4271 59.8546
38 24 0 64.1703 24.288
38 25 0 69.6427 82.9234
38 26 0 42.9975 77.0229
38 27 0 14.6555 46.5843
38 28 1 60.0579 5.94121
38 29 1 54.2579 50.3604
38 30 0 29.5042 53.9625
38 31 0 27.4895 71.0586
38 32 1 90.5492 86.9758
38 33 0 5.81199 79.2614
38 34 0 96.3424 7.94607
38 35 0 6.04329 35.2827
38 36 0 32.3688 22.9714
38 37 0 63.1266 21.4327
38 39 1 99.1448 11.3218
38 40 1 76.5143 22.6513
39 1 0 69.2045 89.4821
39 2 0 72.1636 24.5675
39 3 0 59.954 77.2749
39 4 0 10.8265 53.0966
39 5 1 85.4523 18.2369
39 6 0 93.7666 31.298
39 7 0 22.2496 20.7058
39 8 0 71.0564 26.3829
39 9 0 83.1027 31.3862
39 10 0 16.9008 74.4131
39 11 0 34.3557 51.1723
39 12 0 79.9964 19.1761
39 13 1 51.9043 61.6919
39 14 1 93.9875 85.5371
39 15 1 65.8367 89.9888
39 16 0 44.967 59.5607
39 17 0 26.701 63.8213
39 18 0 1.59304 47.1502
39 19 1 8.01488 6.90039
39 20 0 20.3166 15.6111
39 21 1 41.8379 58.5962
39 22 0 53.359 7.87395
39 23 1 60.3774 23.2457
39 24 0 17.0595 36.5546
39 25 0 39.0231 76.5508
39 26 1 75.3355 72.5007
39 27 0 32.5152 25.5101
39 28 1 60.5028 56.4457
39 29 1 32.2775 37.3663
39 30 0 14.7312 11.6941
39 31 0 5.31391 6.85888
39 32 0 49.5496 14.9337
39 33 0 55.7254 90.2325
39 34 0 20.9813 75.8899
39 35 0 2.1654 43.5588
39 36 0 8.89141 52.2832
39 37 0 37.8772 48.1796
39 38 1 10.4409 16.5124
39 40 1 29.2408 37.4232
40 1 1 62.2539 63.5913
40 2 0 87.1907 22.8724
40 3 0 62.109 91.4328
40 4 0 13.079 82.6802
40 5 0 92.0793 18.9298
40 6 0 75.9926 54.7131
40 7 1 80.3424 85.0171
40 8 0 71.3947 43.8731
40 9 0 94.8924 94.9803
40 10 1 61.5214 96.127
40 11 0 63.1878 52.0236
40 12 1 26.8822 71.6529
40 13 0 11.0078 82.6019
40 14 1 83.0415 62.9606
40 15 1 55.9968 85.6309
40 16 0 37.5932 85.92
40 17 1 69.6188 16.9372
40 18 1 60.2241 80.043
40 19 0 37.8781 42.037
40 20 0 12.3809 2.53892
40 21 0 26.2456 42.181
40 22 1 96.622 35.8435
40 23 1 86.847 6.23464
40 24 0 19.2874 33.9151
40 25 1 78.4281 83.5679
40 26 0 77.2155 61.403
40 27 0 73.2895 80.9676
40 28 1 7.81324 14.7281
40 29 0 30.7116 86.3205
40 30 0 41.1681 63.8943
40 31 0 93.9561 0.310403
40 32 0 45.2496 21.6348
40 33 0 17.4874 79.4029
40 34 1 88.4816 2.85217
40 35 0 74.2746 43.7254
40 36 0 11.8713 16.6815
40 37 1 28.3207 71.4532
40 38 1 6.12877 18.9541
40 39 0 77.5333 92.3763
22.906 10.2986 15.3844 0.276635 2.04536 6.61773 22.8602 9.13704 29.7206 36.2886 38.1898 6.46717 15.7127 1.28242 6.72194 12.4705 27.6311 19.5252 25.2492 16.9033 11.0885 6.17131 16.3136 18.5087 38.4547 35.0385 33.6437 38.656 38.4049 0.653358 33.5674 0.337993 9.48386 30.1746 36.1305 31.5845 23.0231 3.05291 9.44055 18.5252 