40
100
2
100
1 2 1 59.8418 68.7319
1 3 0 71.5325 14.9313
1 4 0 93.6817 66.6408
1 5 0 11.2838 79.0766
1 6 0 37.0927 47.7385
1 7 0 3.36716 15.2361
1 8 0 54.615 41.034
1 9 0 42.1257 43.6307
1 10 0 65.2429 55.9945
1 11 0 76.6042 38.4564
1 12 0 90.7862 93.6273
1 13 0 48.0974 86.8837
1 14 0 19.1989 19.575
1 15 0 64.7103 59.6521
1 16 0 7.41827 78.3323
1 17 0 87.2309 9.80377
1 18 0 67.2535 60.2747
1 19 0 68.2799 76.1923
1 20 0 63.0231 3.1879
1 21 0 3.89674 63.8421
1 22 0 22.2162 23.8796
1 23 0 61.3579 4.54637
1 24 0 44.6563 29.1334
1 25 0 80.2429 32.0522
1 26 0 89.2928 1.44631
1 27 0 42.9699 14.6098
1 28 0 32.3858 70.4918
1 29 0 67.9097 8.20751
1 30 0 28.6396 68.5325
1 31 0 67.3525 58.619
1 32 0 54.5044 64.9186
1 33 0 87.1561 45.8374
1 34 0 8.9048 25.0202
1 35 0 92.4918 77.002
1 36 0 95.5607 39.5388
1 37 0 99.3137 29.3154
1 38 1 39.7791 85.3359
1 39 0 66.1888 69.6199
1 40 0 58.9041 36.0357
2 1 0 37.8294 54.3268
2 3 1 88.1367 39.8848
2 4 0 42.0157 21.6838
2 5 0 58.544 0.980317
2 6 0 57.5501 93.548
2 7 0 52.4294 3.82993
2 8 0 58.8128 86.8022
2 9 0 80.3136 44.3794
2 10 0 88.9714 94.2287
2 11 0 74.4707 0.920878
2 12 0 7.18173 40.2555
2 13 0 7.26418 10.8328
2 14 0 35.4686 85.0464
2 15 0 39.8002 20.4644
2 16 0 44.1931 67.6409
2 17 0 71.1423 51.4221
2 18 0 37.9216 0.0379875
2 19 0 26.6765 92.4869
2 20 0 47.7502 74.7759
2 21 0 53.8272 70.4768
2 22 0 0.525526 84.2521
2 23 0 91.9204 72.6186
2 24 0 89.0532 32.8775
2 25 0 60.4115 41.1134
2 26 0 18.7702 99.5555
2 27 0 13.4351 69.1981
2 28 0 79.6792 72.558
2 29 0 46.2046 94.4945
2 30 0 52.2281 14.8327
2 31 0 30.7689 60.4055
2 32 0 56.2241 75.0723
2 33 0 84.5681 60.964
2 34 0 32.5226 38.4333
2 35 0 49.1197 28.1054
2 36 0 91.7406 1.11031
2 37 0 30.2649 30.1524
2 38 0 57.1959 4.39167
2 39 0 32.3702 57.7926
2 40 0 61.4796 51.945
3 1 0 93.0578 32.4169
3 2 0 9.11595 68.2712
3 4 1 23.1112 31.1897
3 5 0 67.0565 41.1274
3 6 0 43.8483 33.755
3 7 0 2.59203 88.6166
3 8 0 36.552 8.28569
3 9 0 0.197934 52.0588
3 10 0 69.4869 75.0692
3 11 0 98.2522 48.5932
3 12 0 73.7935 71.879
3 13 0 36.7666 86.2814
3 14 0 66.1966 59.2933
3 15 0 72.2079 69.8444
3 16 0 41.1585 75.7295
3 17 0 29.2112 56.7083
3 18 0 11.8127 95.9568
3 19 0 73.6979 99.8085
3 20 0 48.7133 20.9839
3 21 0 88.303 41.6609
3 22 0 62.3486 36.772
3 23 0 46.2008 24.5847
3 24 0 98.7487 88.5814
3 25 0 49.6663 45.318
3 26 0 61.4062 45.4819
3 27 0 12.0723 25.9598
3 28 0 31.2183 31.1785
3 29 0 29.9537 81.498
3 30 0 1.53936 83.096
3 31 0 65.8619 57.9773
3 32 0 55.3786 27.4965
3 33 0 91.0309 70.6938
3 34 0 96.4654 46.1002
3 35 0 17.6934 5.54951
3 36 0 36.8144 28.9385
3 37 0 51.0951 51.0477
3 38 0 64.179 18.341
3 39 0 45.6229 58.1385
3 40 0 98.4728 42.9984
4 1 0 32.0861 11.7593
4 2 0 98.4796 66.8983
4 3 0 29.7188 78.5149
4 5 1 85.3847 39.394
4 6 0 56.5099 48.9874
4 7 0 36.449 95.7916
4 8 0 1.63992 33.4352
4 9 0 50.6086 27.3901
4 10 0 62.0659 73.2874
4 11 0 64.0329 68.7973
4 12 0 41.9704 42.0837
4 13 0 24.6582 54.0913
4 14 0 74.0746 95.0856
4 15 0 81.9098 2.46172
4 16 0 57.5948 17.2155
4 17 1 61.4381 10.7305
4 18 0 42.3537 13.2962
4 19 0 98.117 5.87484
4 20 0 24.2977 50.1162
4 21 0 52.2844 78.819
4 22 0 27.1638 82.6604
4 23 0 41.9344 23.8617
4 24 0 10.3246 18.5589
4 25 0 0.779529 69.8879
4 26 0 41.8889 32.9175
4 27 0 66.0442 74.0518
4 28 0 78.8232 75.4705
4 29 0 21.3008 6.80237
4 30 0 86.6231 60.2676
4 31 0 57.7118 6.46451
4 32 1 6.55234 17.2257
4 33 0 94.1148 90.6832
4 34 0 73.0674 71.8054
4 35 0 44.6434 12.9067
4 36 1 96.1343 16.5871
4 37 1 99.7403 35.8222
4 38 0 25.8241 37.9317
4 39 0 24.0594 88.8878
4 40 0 25.2093 19.3387
5 1 0 73.8331 35.361
5 2 1 35.2965 60.0307
5 3 0 90.0305 11.9098
5 4 0 53.2761 5.82594
5 6 1 19.875 44.4991
5 7 0 39.3897 0.246928
5 8 0 25.0754 48.8767
5 9 0 93.8941 37.5738
5 10 0 56.6544 35.3623
5 11 0 52.3301 52.6891
5 12 0 92.0524 67.1413
5 13 0 95.6847 69.4403
5 14 0 39.7785 15.611
5 15 0 10.5357 74.5034
5 16 1 5.13566 67.5358
5 17 0 84.5164 40.8676
5 18 0 21.9404 44.1458
5 19 0 13.4583 95.0902
5 20 1 30.0185 67.2368
5 21 0 72.0879 21.2261
5 22 1 78.3203 97.5518
5 23 0 44.6287 45.9532
5 24 0 27.8549 14.3253
5 25 0 73.8287 57.9438
5 26 0 26.0776 47.6679
5 27 0 55.4026 12.3816
5 28 0 59.4005 68.5609
5 29 0 25.1033 45.6643
5 30 0 65.0574 66.0011
5 31 0 39.174 73.3209
5 32 0 11.9327 61.5589
5 33 0 52.4983 45.5446
5 34 0 83.1355 4.57031
5 35 0 21.6461 3.51452
5 36 0 74.1959 60.7233
5 37 0 50.8517 9.33737
5 38 0 46.0457 67.6287
5 39 0 15.003 13.1572
5 40 0 36.1704 80.2346
6 1 0 28.8362 68.5961
6 2 0 16.1436 2.15657
6 3 0 43.4284 81.1574
6 4 0 57.5261 91.6077
6 5 0 57.6952 63.058
6 7 1 18.8738 33.5461
6 8 0 65.7807 22.1972
6 9 0 41.3292 34.9551
6 10 0 50.3596 55.9395
6 11 0 77.6761 59.0806
6 12 0 78.7824 3.62952
6 13 0 86.6791 77.1664
6 14 0 10.3823 73.8096
6 15 0 78.3867 49.5022
6 16 0 15.3781 1.32897
6 17 0 64.5666 59.3579
6 18 0 31.7977 12.4824
6 19 0 84.2402 36.0251
6 20 0 89.8117 68.305
6 21 0 49.477 49.9887
6 22 0 70.2841 59.6883
6 23 0 40.1588 36.498
6 24 0 23.2688 30.267
6 25 0 94.4985 3.30094
6 26 0 0.532779 92.0695
6 27 0 15.0269 97.7369
6 28 0 2.21223 49.7332
6 29 0 96.6337 93.2784
6 30 0 97.1855 63.0224
6 31 0 90.6273 64.369
6 32 0 58.8992 92.4664
6 33 0 16.511 20.6933
6 34 1 33.2153 79.3508
6 35 0 87.2645 27.5955
6 36 0 59.0413 88.3308
6 37 0 88.0934 34.9496
6 38 0 37.4779 87.8382
6 39 0 70.7926 18.1775
6 40 0 59.9114 79.1968
7 1 0 21.6218 20.65
7 2 0 54.4175 56.0612
7 3 0 20.4213 2.81505
7 4 0 31.7628 80.705
7 5 0 14.1865 19.8776
7 6 0 23.1461 83.5867
7 8 1 9.94146 65.9871
7 9 0 7.62883 97.334
7 10 0 12.4055 18.2532
7 11 0 83.9324 84.7932
7 12 0 54.5985 75.9205
7 13 0 36.5494 12.5636
7 14 0 20.5969 45.4211
7 15 0 85.023 33.1089
7 16 0 32.9511 84.1282
7 17 0 81.8567 41.6135
7 18 0 48.4627 46.5826
7 19 0 90.3885 64.4587
7 20 0 86.1677 83.3695
7 21 0 26.9268 82.3323
7 22 1 97.9611 45.3125
7 23 0 7.58987 47.3931
7 24 0 51.7791 81.8243
7 25 0 47.6331 66.5735
7 26 0 98.5414 41.4835
7 27 0 99.1923 59.4304
7 28 0 24.5036 30.0225
7 29 0 4.29359 97.4055
7 30 0 38.0919 13.2904
7 31 0 30.7466 5.82284
7 32 0 12.0505 93.9467
7 33 0 50.9102 98.2115
7 34 0 47.0563 41.9503
7 35 0 74.9286 84.1255
7 36 0 75.7707 19.8722
7 37 0 70.2395 42.8834
7 38 0 72.1889 28.2809
7 39 0 86.6928 49.2558
7 40 0 45.2957 52.0331
8 1 0 3.00854 75.5007
8 2 0 16.5157 42.0305
8 3 0 85.9115 87.3723
8 4 0 91.6154 26.3903
8 5 0 62.9552 64.2838
8 6 0 80.9774 35.3987
8 7 0 17.7844 8.89741
8 9 1 32.5429 59.7244
8 10 0 58.1166 96.6293
8 11 0 62.4492 0.913347
8 12 0 78.1658 6.70562
8 13 0 39.9576 33.3607
8 14 0 30.8135 58.0224
8 15 0 82.1841 9.47556
8 16 1 66.139 55.7107
8 17 0 95.1607 42.1376
8 18 0 78.9913 89.774
8 19 0 17.7497 38.7568
8 20 1 67.3545 98.0042
8 21 0 47.6682 50.6234
8 22 0 17.1706 62.1631
8 23 0 85.0984 25.4005
8 24 0 40.7868 29.4581
8 25 0 66.3859 66.3537
8 26 0 48.0231 92.5379
8 27 0 24.967 90.4061
8 28 0 49.012 45.1142
8 29 0 27.7151 0.556437
8 30 0 85.6131 13.8762
8 31 0 43.9571 58.0234
8 32 0 79.31 87.1239
8 33 0 13.7969 31.084
8 34 0 65.3718 58.2034
8 35 1 87.3053 47.7042
8 36 0 42.7083 6.74494
8 37 0 86.4121 17.616
8 38 0 94.8832 71.5551
8 39 0 59 62.287
8 40 0 24.1104 89.3243
9 1 0 7.97351 89.0456
9 2 0 25.4505 15.6321
9 3 0 25.6109 99.1808
9 4 0 2.63596 14.0313
9 5 0 63.4616 63.042
9 6 0 34.1283 1.74103
9 7 0 81.289 95.2498
9 8 0 40.7597 5.49853
9 10 1 5.50893 71.0378
9 11 0 44.4179 30.9066
9 12 0 98.3743 26.7311
9 13 1 26.2558 74.2166
9 14 0 2.57664 56.6823
9 15 0 46.3398 69.7698
9 16 0 86.169 65.6019
9 17 0 14.3445 51.1139
9 18 0 14.7816 23.3289
9 19 0 40.3408 42.5459
9 20 0 19.3222 77.4764
9 21 0 71.2576 75.9558
9 22 0 61.4034 0.405473
9 23 0 24.3183 71.776
9 24 0 4.72461 21.6463
9 25 0 32.801 93.8672
9 26 0 3.96651 40.0284
9 27 0 69.4684 34.4091
9 28 0 35.9646 61.5299
9 29 0 46.0505 46.4875
9 30 0 14.0106 89.0162
9 31 0 8.2286 28.8493
9 32 0 6.55695 70.3063
9 33 0 88.9388 94.167
9 34 0 85.235 33.5051
9 35 0 75.3639 71.8324
9 36 0 46.5438 3.55397
9 37 0 72.9924 56.5791
9 38 0 7.62728 95.8007
9 39 0 94.875 31.5209
9 40 0 88.3443 71.8971
10 1 0 64.9287 85.0714
10 2 0 88.6062 65.0162
10 3 0 63.4618 8.92294
10 4 0 2.1673 77.3546
10 5 0 80.6875 14.7899
10 6 0 76.8379 32.8703
10 7 0 69.6467 42.6726
10 8 0 1.4642 50.949
10 9 0 43.6967 67.8993
10 11 1 20.0895 83.1767
10 12 0 73.3406 16.6216
10 13 0 44.0838 70.939
10 14 0 51.9334 74.3686
10 15 0 59.4703 97.8452
10 16 0 57.1819 24.7019
10 17 0 3.00498 16.898
10 18 0 67.5013 85.1214
10 19 0 28.7575 85.047
10 20 0 49.0534 88.3339
10 21 0 10.866 15.4697
10 22 0 68.6892 35.2597
10 23 1 79.1522 72.5483
10 24 0 11.0585 97.1568
10 25 0 62.338 13.5816
10 26 0 23.9018 42.6316
10 27 0 56.3854 80.3219
10 28 0 17.7128 1.43053
10 29 0 79.4085 73.8736
10 30 0 9.51761 92.7922
10 31 0 62.5336 92.7643
10 32 0 27.1639 53.1599
10 33 0 70.1065 93.7989
10 34 0 56.6471 74.8583
10 35 0 62.6428 67.243
10 36 0 3.12128 16.7797
10 37 0 98.6184 24.8639
10 38 0 43.0101 66.1703
10 39 0 95.0425 10.7155
10 40 0 68.0528 91.5508
11 1 0 14.0007 58.2998
11 2 0 83.8573 14.0819
11 3 0 65.1347 39.8665
11 4 0 71.5039 20.3054
11 5 0 37.7643 64.017
11 6 0 98.148 85.0016
11 7 0 94.3875 27.6528
11 8 0 69.6219 38.8103
11 9 0 49.568 33.3535
11 10 0 26.7604 10.3755
11 12 1 4.94862 59.2515
11 13 0 15.2378 37.5884
11 14 0 10.5751 23.238
11 15 0 37.8297 97.661
11 16 0 88.7646 50.8799
11 17 0 25.8063 70.8405
11 18 0 26.6095 35.61
11 19 0 89.0168 8.83518
11 20 0 88.7719 21.5306
11 21 0 23.4873 72.128
11 22 0 80.7974 88.9457
11 23 0 48.8331 61.1199
11 24 0 25.3958 19.2784
11 25 0 5.27301 29.5341
11 26 0 91.5288 98.5187
11 27 0 3.64653 12.7416
11 28 0 99.3975 48.3866
11 29 0 67.424 20.2283
11 30 0 34.9742 94.6835
11 31 0 8.86375 46.1349
11 32 0 16.1104 11.2819
11 33 0 37.5349 8.11869
11 34 0 4.8485 87.7093
11 35 0 92.0984 62.3168
11 36 0 74.0877 58.041
11 37 0 77.5879 38.2061
11 38 0 59.9903 29.48
11 39 1 2.52757 45.709
11 40 1 65.7699 10.7698
12 1 0 32.1798 7.35881
12 2 0 56.0728 79.4842
12 3 0 11.8073 25.373
12 4 0 46.6475 11.0741
12 5 0 19.125 39.9468
12 6 0 18.2887 18.3386
12 7 0 39.3538 95.1923
12 8 0 19.9079 55.894
12 9 0 82.938 44.5021
12 10 0 35.8441 87.6504
12 11 0 46.1681 90.3883
12 13 1 15.4146 83.0678
12 14 0 24.3676 5.28263
12 15 0 58.2401 13.1561
12 16 0 26.1255 8.02874
12 17 0 70.2683 86.005
12 18 0 12.5201 64.7118
12 19 0 33.5904 55.1059
12 20 0 48.8291 67.38
12 21 0 90.7997 87.8443
12 22 0 30.8431 2.26128
12 23 0 11.5801 43.4978
12 24 0 33.4861 36.3257
12 25 0 67.6212 93.5912
12 26 0 72.6929 24.6884
12 27 0 80.4523 70.2988
12 28 0 41.7321 54.1497
12 29 0 71.0519 74.6645
12 30 0 8.51395 79.0898
12 31 0 47.4409 85.2441
12 32 0 9.69396 38.889
12 33 0 60.7074 54.9999
12 34 0 98.9894 85.5015
12 35 0 97.5982 24.1887
12 36 0 18.0722 93.9752
12 37 0 38.2756 20.2932
12 38 0 97.971 49.5958
12 39 0 38.7816 39.0343
12 40 0 35.5748 40.2479
13 1 0 38.3389 66.7235
13 2 0 59.3693 86.1242
13 3 0 55.2147 75.9988
13 4 0 71.0081 65.6057
13 5 0 28.9167 7.12053
13 6 0 31.3596 19.0896
13 7 0 8.95208 54.737
13 8 0 2.76422 47.217
13 9 0 94.2365 64.2927
13 10 1 94.7351 72.7351
13 11 0 31.9689 24.186
13 12 0 26.5389 11.5601
13 14 1 1.2932 78.8931
13 15 0 83.2291 94.0872
13 16 0 47.4349 90.4418
13 17 0 58.192 89.9678
13 18 0 28.1629 18.9368
13 19 0 67.7888 94.8047
13 20 0 57.5756 91.5701
13 21 0 44.4608 57.6542
13 22 0 61.6763 59.3157
13 23 0 11.3773 41.8698
13 24 0 32.1896 94.4333
13 25 0 34.8331 49.6247
13 26 0 20.4005 0.986955
13 27 0 98.8366 88.2843
13 28 0 5.99508 70.1932
13 29 0 92.1301 41.1189
13 30 0 26.3718 62.1277
13 31 0 40.2793 55.9802
13 32 0 70.6092 83.0726
13 33 0 64.852 88.4844
13 34 0 31.8944 70.8651
13 35 0 93.451 30.2586
13 36 0 31.0575 17.2242
13 37 1 52.8594 5.38993
13 38 0 34.1658 56.9068
13 39 0 6.94873 6.1559
13 40 0 38.7745 16.0658
14 1 0 98.017 72.9289
14 2 0 82.2784 24.8367
14 3 0 78.8836 29.9458
14 4 1 86.9455 7.45957
14 5 0 56.6056 58.3623
14 6 0 80.0648 17.6597
14 7 0 88.6151 88.3147
14 8 0 51.4404 39.4092
14 9 0 19.1222 22.4239
14 10 1 3.36659 51.1641
14 11 0 52.3253 48.0725
14 12 0 18.2345 12.576
14 13 1 3.13771 33.3444
14 15 1 30.3387 67.8622
14 16 0 25.7047 84.0806
14 17 0 82.8166 27.9133
14 18 0 98.6546 97.0052
14 19 0 22.4965 31.3624
14 20 0 53.719 26.6588
14 21 0 33.0972 38.7347
14 22 0 86.8906 77.5026
14 23 0 53.7562 48.5972
14 24 0 52.3587 0.173274
14 25 0 29.8092 64.7213
14 26 0 2.22747 87.7447
14 27 0 52.8934 19.1692
14 28 0 21.0515 37.0589
14 29 0 67.9321 40.4271
14 30 0 8.59642 69.8425
14 31 0 69.8925 51.2231
14 32 0 72.5186 77.8069
14 33 0 73.7364 43.439
14 34 0 9.89627 55.5523
14 35 0 45.201 59.5661
14 36 0 49.2063 53.8415
14 37 0 96.6886 22.351
14 38 1 75.0195 85.713
14 39 0 61.4327 56.0272
14 40 0 10.2365 30.7588
15 1 0 73.3402 15.0157
15 2 0 26.5528 12.2108
15 3 0 37.0844 98.8626
15 4 0 59.9751 14.6005
15 5 0 9.84463 3.05026
15 6 0 58.621 99.6052
15 7 0 80.0157 19.8423
15 8 0 24.0612 13.2205
15 9 0 20.9349 88.8296
15 10 0 56.5914 2.70799
15 11 0 37.1778 59.4655
15 12 0 64.4114 52.7358
15 13 0 20.712 57.002
15 14 0 60.671 43.0505
15 16 1 37.916 5.29251
15 17 0 83.7641 7.18084
15 18 0 77.2286 68.5514
15 19 0 8.25905 14.849
15 20 0 20.1157 29.4435
15 21 0 45.4357 59.0827
15 22 0 28.5851 19.621
15 23 0 13.0833 43.3051
15 24 0 93.9827 69.5136
15 25 0 96.1271 83.8435
15 26 0 26.797 67.6824
15 27 0 7.32221 94.5288
15 28 0 60.2974 80.1578
15 29 0 54.642 41.9999
15 30 0 56.3409 36.3145
15 31 0 97.6211 96.5737
15 32 0 80.9199 28.8919
15 33 0 47.7038 33.1369
15 34 0 30.2015 90.422
15 35 0 87.3118 57.2077
15 36 0 99.9498 31.4301
15 37 0 83.7127 79.9892
15 38 0 81.0874 85.8606
15 39 1 59.705 56.5666
15 40 0 79.8758 23.0855
16 1 0 23.3168 62.7689
16 2 0 58.5625 65.3003
16 3 0 25.661 7.88431
16 4 0 1.05624 91.4913
16 5 0 91.729 42.8656
16 6 0 87.3877 58.6016
16 7 0 29.3727 27.9438
16 8 0 48.9278 22.9232
16 9 0 62.4293 52.0443
16 10 1 85.6634 62.2252
16 11 0 6.04155 96.1898
16 12 0 94.8153 31.6348
16 13 0 76.7776 97.8229
16 14 0 35.1259 35.8507
16 15 0 17.3295 16.7211
16 17 1 45.5153 78.6458
16 18 0 42.9516 10.0262
16 19 0 92.5346 65.7952
16 20 0 75.1952 61.0358
16 21 0 77.3028 84.5933
16 22 0 96.8077 9.88445
16 23 0 70.9393 8.71337
16 24 0 85.34 15.22
16 25 0 66.1306 45.84
16 26 0 31.5059 56.1622
16 27 0 92.7411 15.2769
16 28 0 83.9172 16.2299
16 29 0 13.0257 69.8662
16 30 0 49.2489 37.4305
16 31 0 95.2889 9.7263
16 32 0 60.4735 73.9328
16 33 0 20.5549 14.2515
16 34 0 18.8459 68.8727
16 35 0 91.6895 28.5657
16 36 0 63.9381 86.8257
16 37 0 57.4907 53.2739
16 38 0 47.1834 82.7315
16 39 0 62.8035 95.0533
16 40 0 34.7194 60.3382
17 1 0 28.8697 75.4717
17 2 0 40.2508 33.0621
17 3 0 67.8159 4.18618
17 4 0 9.40584 25.3104
17 5 0 84.83 6.1343
17 6 0 88.6065 91.3061
17 7 0 97.0797 2.88352
17 8 0 67.3358 89.6469
17 9 0 43.3457 78.7721
17 10 0 33.4077 16.7019
17 11 0 83.8974 43.7156
17 12 0 8.18147 63.3234
17 13 0 52.1973 11.6687
17 14 0 90.1087 33.4027
17 15 0 8.49929 31.647
17 16 0 38.6075 58.7147
17 18 1 24.9106 48.6483
17 19 0 94.2671 41.5194
17 20 0 39.0183 97.1692
17 21 0 71.7214 57.1375
17 22 0 78.4845 32.3124
17 23 0 45.2784 17.5779
17 24 0 20.2019 94.2879
17 25 0 25.5732 81.3333
17 26 0 10.6054 96.7919
17 27 0 11.4279 36.4706
17 28 0 29.096 3.36368
17 29 0 6.00385 54.5856
17 30 0 57.1471 27.0838
17 31 0 29.1442 80.9338
17 32 1 77.3478 49.2767
17 33 0 47.0792 36.0556
17 34 0 25.7648 28.4844
17 35 0 52.0158 66.6194
17 36 0 76.1586 45.6105
17 37 0 90.5794 76.4612
17 38 0 97.1098 74.0725
17 39 0 47.6305 98.8383
17 40 0 67.5927 1.82208
18 1 0 26.3563 60.7115
18 2 0 29.8287 68.5696
18 3 1 63.7169 51.8407
18 4 0 29.177 70.5411
18 5 0 80.6368 12.7427
18 6 0 32.4516 75.8204
18 7 0 4.43925 67.7383
18 8 0 84.8179 73.3866
18 9 0 67.99 77.3222
18 10 0 84.8422 69.8556
18 11 0 76.7272 65.4033
18 12 0 22.1951 22.6458
18 13 0 55.8898 99.1712
18 14 1 72.2928 54.8427
18 15 0 43.0956 84.6107
18 16 0 69.8462 72.4
18 17 0 9.61102 98.4162
18 19 1 13.1743 1.98944
18 20 0 6.03099 40.9732
18 21 0 60.4496 86.2439
18 22 0 81.0848 37.34
18 23 0 14.6966 17.3031
18 24 0 9.41277 10.9875
18 25 0 42.9031 8.79745
18 26 0 57.2008 88.5236
18 27 0 34.9773 78.5833
18 28 0 77.599 32.2681
18 29 0 29.7553 54.1621
18 30 1 94.7352 36.9035
18 31 0 40.3716 67.4115
18 32 0 24.9545 63.3545
18 33 0 97.1263 89.1422
18 34 0 71.8341 23.135
18 35 0 73.1804 13.0849
18 36 0 27.1112 33.2998
18 37 0 43.5819 52.3187
18 38 0 0.447651 8.5063
18 39 0 21.2067 70.478
18 40 0 21.4346 12.9523
19 1 0 75.3802 80.3749
19 2 0 1.83009 29.4373
19 3 0 48.7104 12.9263
19 4 0 15.921 33.8615
19 5 0 72.7441 61.0603
19 6 0 59.2124 36.2393
19 7 0 23.6711 73.6618
19 8 0 85.7065 73.0929
19 9 0 16.9173 66.1933
19 10 0 98.6553 33.1572
19 11 0 69.8734 51.0079
19 12 0 62.537 40.3374
19 13 0 62.1643 13.5648
19 14 0 16.912 95.4395
19 15 0 81.5522 77.2076
19 16 0 10.4741 80.2352
19 17 0 80.9246 11.0099
19 18 0 40.2631 28.9207
19 20 1 54.0975 4.84115
19 21 0 1.10234 37.5668
19 22 0 40.6941 51.3226
19 23 0 60.8704 76.9234
19 24 0 34.7697 75.8902
19 25 0 40.5725 7.78493
19 26 0 77.9641 50.9975
19 27 0 37.8676 45.8028
19 28 0 76.5596 86.5573
19 29 0 36.7337 65.2804
19 30 0 29.885 73.1052
19 31 0 58.3661 11.5719
19 32 0 94.6695 53.5377
19 33 0 58.8009 20.2102
19 34 0 32.8596 46.4352
19 35 0 6.05465 30.3061
19 36 0 0.423449 8.17361
19 37 0 9.43629 63.2548
19 38 0 24.8251 45.6575
19 39 0 10.1963 1.37422
19 40 0 76.8491 66.901
20 1 0 81.2529 88.8301
20 2 0 56.1805 78.4984
20 3 0 66.3598 86.6457
20 4 0 42.9503 55.3963
20 5 0 95.7889 5.19864
20 6 0 71.5997 12.8632
20 7 0 11.3341 79.2949
20 8 0 50.913 19.2709
20 9 0 31.5834 73.523
20 10 0 45.1926 65.647
20 11 0 14.6797 0.313706
20 12 0 1.98018 14.3571
20 13 0 89.3007 61.8945
20 14 0 32.3836 89.9442
20 15 0 99.8067 72.4591
20 16 0 47.5344 87.5283
20 17 0 45.7725 97.9336
20 18 0 51.044 72.9881
20 19 0 94.2524 70.1428
20 21 1 4.35513 98.2351
20 22 0 52.6381 11.6859
20 23 0 90.6229 29.2857
20 24 0 45.9247 96.5822
20 25 0 97.4053 9.61956
20 26 0 12.6729 16.7358
20 27 0 96.9308 84.4546
20 28 0 76.5609 86.73
20 29 0 95.4811 97.2477
20 30 0 98.9238 50.2896
20 31 0 56.5771 23.0934
20 32 0 76.3756 22.305
20 33 0 90.9515 44.6993
20 34 0 9.30771 82.5974
20 35 0 20.941 61.3719
20 36 0 15.4244 37.2106
20 37 0 58.8776 92.3405
20 38 0 55.9814 20.9473
20 39 0 96.1447 67.8222
20 40 0 22.0443 88.5059
21 1 0 3.23978 90.6058
21 2 0 93.1133 17.288
21 3 0 56.2055 46.5697
21 4 0 36.5901 17.8281
21 5 0 17.361 97.7564
21 6 0 74.5259 47.5241
21 7 0 0.350727 30.054
21 8 0 15.9604 77.9878
21 9 0 22.6472 41.2366
21 10 0 59.8313 73.9164
21 11 0 24.5094 4.8489
21 12 0 76.8249 93.1791
21 13 0 79.6368 91.2482
21 14 0 34.764 62.1702
21 15 0 68.9012 60.7092
21 16 0 96.0799 10.2874
21 17 0 69.2426 95.3975
21 18 0 53.0231 41.2444
21 19 0 54.4476 23.1577
21 20 0 84.9032 60.7377
21 22 1 60.5388 19.3609
21 23 0 95.644 8.48317
21 24 0 58.4554 57.7273
21 25 0 13.5323 23.6422
21 26 0 70.0787 22.8657
21 27 0 99.0327 74.0537
21 28 0 97.9149 12.0653
21 29 0 84.3569 70.9673
21 30 0 51.3772 95.5018
21 31 0 75.1232 46.7668
21 32 0 21.4223 91.602
21 33 0 72.7179 95.1514
21 34 0 30.896 88.4902
21 35 0 86.2934 60.0046
21 36 0 82.7571 3.50507
21 37 0 67.0438 82.1659
21 38 0 3.65518 36.6372
21 39 0 85.1042 39.5782
21 40 0 55.1491 92.256
22 1 0 95.0189 21.3087
22 2 0 88.329 78.3037
22 3 0 0.500001 60.5978
22 4 0 68.8133 88.4873
22 5 0 30.7006 37.7336
22 6 1 52.0233 14.3318
22 7 0 4.57032 98.3608
22 8 0 95.5727 51.6177
22 9 0 0.577051 38.2367
22 10 0 13.6004 85.8246
22 11 0 65.7958 41.8187
22 12 0 7.78816 9.9377
22 13 0 46.4433 27.7434
22 14 0 3.52095 51.7304
22 15 0 65.8917 84.6186
22 16 0 46.8466 62.6076
22 17 0 63.8894 23.0548
22 18 0 92.2672 20.3672
22 19 0 46.212 65.4546
22 20 0 59.1094 42.2371
22 21 0 44.6996 45.8692
22 23 1 56.3554 70.494
22 24 0 50.0328 82.5959
22 25 0 50.6929 46.1188
22 26 0 73.153 97.4958
22 27 0 46.5551 47.3306
22 28 0 2.04978 38.4018
22 29 0 48.6286 84.5697
22 30 0 96.6977 88.9416
22 31 0 41.2476 41.1606
22 32 0 32.659 46.1473
22 33 0 56.3934 89.6964
22 34 0 95.9525 88.4209
22 35 0 23.0049 81.3862
22 36 0 89.2141 93.5913
22 37 0 98.4955 74.812
22 38 0 86.2895 12.2525
22 39 0 90.6565 23.5873
22 40 0 50.3689 79.0074
23 1 0 82.5404 95.7954
23 2 0 90.4033 34.7199
23 3 0 91.9923 18.0469
23 4 0 47.2696 54.885
23 5 0 82.473 11.3099
23 6 0 20.8032 85.2177
23 7 0 26.9082 27.6426
23 8 0 82.6894 31.077
23 9 0 0.880837 18.9288
23 10 0 82.3634 77.7734
23 11 1 79.9315 36.7301
23 12 0 44.2366 13.8851
23 13 0 93.1506 54.3135
23 14 0 83.8037 88.4683
23 15 0 36.1389 57.5606
23 16 0 84.9737 28.9626
23 17 0 58.1155 23.0701
23 18 0 27.2635 53.3933
23 19 0 91.2941 42.5299
23 20 1 86.182 90.3371
23 21 0 56.8437 99.672
23 22 0 71.5589 26.9785
23 24 1 61.5231 71.712
23 25 0 42.0116 85.7734
23 26 0 43.5652 11.5385
23 27 1 13.4352 87.3393
23 28 0 0.835774 97.8375
23 29 0 9.0341 60.2768
23 30 1 50.691 33.9526
23 31 1 60.9342 66.6673
23 32 0 73.5356 76.6417
23 33 0 56.9699 53.9302
23 34 0 68.9294 56.63
23 35 0 96.9212 86.621
23 36 0 14.7771 73.4435
23 37 0 12.8559 92.8711
23 38 0 43.3718 35.7109
23 39 0 5.02843 4.88565
23 40 0 89.1425 6.01809
24 1 0 39.8277 64.5952
24 2 0 83.5593 36.785
24 3 0 55.0886 39.0947
24 4 0 64.1638 13.5853
24 5 0 52.3324 13.0923
24 6 0 66.7821 41.5754
24 7 0 18.6565 79.6749
24 8 0 44.7657 81.2674
24 9 0 77.455 20.7732
24 10 0 13.4186 38.7787
24 11 0 49.6231 2.67398
24 12 0 88.5941 9.66135
24 13 0 85.0569 55.6419
24 14 0 98.6178 82.1795
24 15 0 27.7351 58.4909
24 16 0 89.9091 90.3574
24 17 0 42.3163 95.5769
24 18 0 16.1331 60.8088
24 19 0 25.0277 14.9994
24 20 0 21.3711 58.1437
24 21 0 4.22391 17.276
24 22 0 48.2469 67.5723
24 23 0 51.4513 29.7091
24 25 1 87.1679 93.4154
24 26 0 10.5092 95.1175
24 27 0 14.1009 81.0149
24 28 0 99.5806 65.4227
24 29 0 27.9777 38.3236
24 30 0 95.7389 91.9934
24 31 0 18.1461 32.4373
24 32 0 81.4718 95.3727
24 33 0 7.105 73.1344
24 34 0 83.8321 90.1824
24 35 0 18.9484 58.5281
24 36 0 83.6451 64.7948
24 37 0 64.1261 4.95687
24 38 0 74.4257 52.177
24 39 0 24.8485 11.798
24 40 0 81.3704 31.8867
25 1 0 28.2027 39.9802
25 2 0 83.3555 10.0744
25 3 0 52.308 23.1479
25 4 0 12.4249 39.0764
25 5 0 48.4994 34.7672
25 6 0 16.3035 5.37292
25 7 0 2.11929 82.3376
25 8 0 69.4344 25.8772
25 9 0 45.0305 63.2812
25 10 0 39.8161 42.9751
25 11 0 50.8721 20.7869
25 12 0 92.1299 57.0294
25 13 0 2.71902 63.732
25 14 0 63.1265 44.5179
25 15 0 3.12442 95.114
25 16 0 14.0914 46.8277
25 17 0 28.9995 41.6048
25 18 0 41.1202 11.7079
25 19 0 94.1501 32.4803
25 20 0 51.5203 45.9413
25 21 0 75.2294 69.3109
25 22 0 89.0641 66.609
25 23 0 84.8215 35.2602
25 24 0 28.1697 28.6602
25 26 1 68.6123 6.38039
25 27 0 57.5251 50.5164
25 28 0 30.8946 48.1063
25 29 0 66.0574 27.2811
25 30 0 51.0949 28.5681
25 31 0 67.335 30.0823
25 32 0 81.8548 22.7999
25 33 0 7.60946 95.7212
25 34 0 65.2028 51.8099
25 35 0 33.3336 31.4412
25 36 0 0.549013 75.8938
25 37 0 38.1909 21.1151
25 38 0 66.929 73.8646
25 39 0 93.3844 33.2206
25 40 0 80.9612 20.4939
26 1 0 86.9684 27.0737
26 2 0 83.3026 2.53601
26 3 0 11.3409 32.4527
26 4 0 28.0014 32.8771
26 5 0 60.3291 49.4525
26 6 0 7.12127 32.4985
26 7 0 6.64724 48.2266
26 8 0 37.5833 43.853
26 9 0 58.1697 47.6992
26 10 0 52.4915 8.55486
26 11 0 33.92 40.8539
26 12 0 19.6281 9.01234
26 13 0 67.4379 74.6931
26 14 0 57.5844 26.8658
26 15 0 28.1564 36.984
26 16 0 24.4233 3.59553
26 17 0 72.8299 92.5346
26 18 0 12.2016 21.2316
26 19 0 63.6008 65.8141
26 20 0 20.0821 85.2921
26 21 0 12.1083 37.2101
26 22 0 82.8549 74.5589
26 23 0 65.7026 58.1998
26 24 0 3.87062 41.6741
26 25 1 23.0806 67.5054
26 27 1 90.2635 41.5438
26 28 0 15.3676 94.7625
26 29 0 74.4538 42.6917
26 30 0 64.5554 78.2978
26 31 0 42.5287 70.6792
26 32 0 35.5152 79.823
26 33 0 18.3053 72.3319
26 34 0 1.14019 78.6354
26 35 0 78.8488 20.1759
26 36 0 47.128 80.5782
26 37 0 19.0814 64.3403
26 38 0 80.3714 15.9839
26 39 0 21.3526 92.8685
26 40 0 45.2121 95.4115
27 1 0 26.9561 51.6952
27 2 0 38.9623 19.862
27 3 0 92.9748 67.3697
27 4 0 20.9167 72.8624
27 5 0 42.5375 95.7853
27 6 0 65.1224 38.3515
27 7 0 12.1357 86.3526
27 8 0 1.2817 40.9524
27 9 0 23.5926 40.773
27 10 0 4.42547 63.7989
27 11 0 99.3458 34.5195
27 12 0 94.9462 86.4687
27 13 1 4.19869 98.915
27 14 0 99.3754 65.3308
27 15 0 1.55801 54.4483
27 16 0 9.35899 20.4157
27 17 0 62.4914 2.09155
27 18 0 39.1288 89.3883
27 19 0 14.8834 38.7436
27 20 0 58.8455 91.0572
27 21 0 53.535 23.0284
27 22 0 13.6833 16.0613
27 23 0 58.7198 69.0381
27 24 0 3.28137 82.7465
27 25 1 13.1854 28.5136
27 26 0 5.7137 97.4246
27 28 1 43.4431 86.9438
27 29 0 5.53683 51.8542
27 30 0 90.4165 74.3501
27 31 0 11.9985 12.4039
27 32 0 8.77071 70.4573
27 33 0 30.1306 62.6703
27 34 0 62.135 71.4836
27 35 0 48.5533 97.6933
27 36 0 73.8767 65.7398
27 37 0 17.1305 52.6157
27 38 0 15.1618 25.8924
27 39 0 36.2879 63.2876
27 40 0 12.0019 30.747
28 1 0 98.1316 77.8643
28 2 0 6.95535 99.1717
28 3 0 97.6036 56.9205
28 4 0 59.8212 24.3705
28 5 0 21.5914 22.0619
28 6 0 6.92602 44.3532
28 7 1 15.3636 81.4768
28 8 0 48.7282 99.3799
28 9 0 86.6675 61.7569
28 10 0 79.5422 17.1111
28 11 0 79.7788 93.8753
28 12 0 92.5862 72.1242
28 13 0 45.6778 73.6139
28 14 0 28.1958 93.2188
28 15 0 22.9203 73.7265
28 16 0 96.549 27.6618
28 17 0 85.4592 81.7744
28 18 0 23.1268 86.2905
28 19 0 74.669 99.8766
28 20 0 20.7134 84.3713
28 21 0 27.245 5.64433
28 22 0 87.0241 11.7032
28 23 0 61.7523 28.8569
28 24 0 89.9939 14.3315
28 25 0 39.2216 89.5163
28 26 0 34.5903 83.0467
28 27 0 75.5324 57.8533
28 29 1 15.2014 81.0064
28 30 0 78.3751 82.8425
28 31 0 95.709 48.1424
28 32 0 61.0437 62.576
28 33 0 9.39407 81.8834
28 34 0 73.7526 41.1339
28 35 0 14.5512 68.1534
28 36 0 95.6594 63.3997
28 37 0 72.6008 77.385
28 38 0 87.2926 69.5104
28 39 0 37.9728 65.5475
28 40 0 58.871 74.9085
29 1 0 30.1902 96.8864
29 2 0 18.5205 52.0115
29 3 0 29.8119 59.2183
29 4 0 89.4715 29.9615
29 5 0 86.2057 38.532
29 6 0 52.7362 65.8103
29 7 0 24.043 35.692
29 8 0 71.3521 11.8255
29 9 0 67.6307 77.6604
29 10 0 61.986 86.345
29 11 0 2.15072 64.2561
29 12 0 98.6044 56.4927
29 13 0 22.2167 83.7297
29 14 0 23.1203 9.45611
29 15 0 60.8521 26.5657
29 16 0 33.0564 70.0307
29 17 0 91.0045 0.407955
29 18 0 81.1069 0.308386
29 19 0 48.1926 72.9676
29 20 0 51.0634 72.9778
29 21 0 53.0507 59.0619
29 22 0 72.0184 89.388
29 23 1 48.0367 0.139712
29 24 0 11.5292 66.7079
29 25 0 47.1641 49.9222
29 26 0 6.79484 37.0903
29 27 0 6.972 42.1804
29 28 0 92.4223 28.9246
29 30 1 79.3466 62.8718
29 31 0 17.3744 30.3677
29 32 0 47.1145 10.9805
29 33 0 91.0152 20.6363
29 34 0 71.2346 46.79
29 35 0 82.6351 49.8279
29 36 0 41.5578 15.2423
29 37 0 5.21119 8.09187
29 38 0 84.4969 63.6258
29 39 0 74.9481 57.3759
29 40 0 14.3873 83.5721
30 1 0 27.4106 44.6909
30 2 0 88.2572 62.2443
30 3 0 38.0303 29.2333
30 4 0 38.0303 16.3867
30 5 0 77.9521 23.602
30 6 0 41.2936 44.634
30 7 0 60.9717 88.7378
30 8 0 27.118 96.4679
30 9 0 33.6628 78.3003
30 10 0 72.0058 15.6209
30 11 0 21.6515 21.6083
30 12 0 61.3606 25.9036
30 13 0 77.7136 33.575
30 14 0 63.4853 37.3837
30 15 0 57.5599 78.0311
30 16 0 74.5278 89.3386
30 17 0 66.7172 2.30091
30 18 0 47.6309 35.5358
30 19 0 57.8813 28.8098
30 20 0 27.4867 56.5921
30 21 1 33.1604 89.3335
30 22 0 26.8856 49.3672
30 23 1 68.9234 39.4729
30 24 0 94.0543 49.7858
30 25 0 90.4116 39.155
30 26 0 70.8501 77.5998
30 27 0 64.658 5.53635
30 28 0 62.1781 41.1482
30 29 0 86.4864 69.3527
30 31 1 54.7075 71.3349
30 32 0 50.0152 68.6345
30 33 0 12.7277 50.3668
30 34 0 97.4971 81.2449
30 35 0 78.1556 25.7237
30 36 0 87.0906 30.0443
30 37 0 89.6933 81.5909
30 38 0 48.7945 28.0353
30 39 0 40.1829 65.8336
30 40 0 40.3382 46.5384
31 1 0 97.4537 5.4324
31 2 0 50.0186 23.495
31 3 0 56.351 90.9684
31 4 0 75.3424 11.9294
31 5 0 77.6856 11.818
31 6 0 57.4378 53.4646
31 7 0 56.9797 24.0463
31 8 0 71.5938 28.7559
31 9 0 88.4562 66.0984
31 10 1 35.6437 3.57421
31 11 0 44.4244 9.08721
31 12 1 63.32 70.3616
31 13 0 83.9946 59.8528
31 14 0 71.3192 15.8182
31 15 0 27.0294 43.053
31 16 0 59.1161 80.066
31 17 0 77.2492 47.6507
31 18 0 57.8433 19.4777
31 19 0 56.3326 27.2047
31 20 0 60.7153 64.4614
31 21 0 96.7269 68.2269
31 22 0 7.01189 89.6795
31 23 0 42.433 95.0818
31 24 0 96.6132 39.6418
31 25 0 85.0699 62.0809
31 26 0 8.84962 4.70471
31 27 0 70.5137 43.2358
31 28 0 98.6367 90.7245
31 29 0 39.4731 0.550572
31 30 0 4.05423 15.0141
31 32 1 25.1536 45.7273
31 33 0 86.8898 71.7207
31 34 0 69.323 69.3107
31 35 0 93.818 42.7933
31 36 0 48.1269 72.1407
31 37 0 63.6638 53.3994
31 38 0 31.8735 96.868
31 39 0 95.5768 51.8978
31 40 0 70.0592 71.7289
32 1 0 71.2721 27.1649
32 2 0 87.5864 10.2388
32 3 0 82.3088 80.3532
32 4 0 97.9175 6.66655
32 5 0 99.2505 64.2333
32 6 0 29.623 82.9421
32 7 0 53.123 16.4553
32 8 0 1.42017 72.0587
32 9 0 40.1194 53.5674
32 10 0 2.8897 6.72742
32 11 0 59.2832 67.6758
32 12 0 41.4361 8.12673
32 13 0 23.0528 34.9561
32 14 0 40.6394 41.7077
32 15 1 19.0024 60.1329
32 16 0 15.3975 39.2095
32 17 0 91.6672 88.5198
32 18 0 10.4001 85.884
32 19 0 0.9574 13.6925
32 20 0 91.0796 82.7803
32 21 0 91.9951 50.2248
32 22 0 43.3288 31.9766
32 23 0 24.7529 54.1577
32 24 0 73.3935 53.932
32 25 0 69.5933 99.5721
32 26 0 64.2515 37.1263
32 27 0 49.9573 25.2088
32 28 0 84.7355 77.807
32 29 0 99.207 93.4684
32 30 0 73.7675 69.0749
32 31 0 50.4154 31.2297
32 33 1 64.3248 72.6216
32 34 0 31.8189 3.5077
32 35 0 31.8097 94.3102
32 36 0 87.1304 67.7891
32 37 0 49.3457 7.58192
32 38 0 79.565 29.2988
32 39 0 63.3134 39.2306
32 40 0 88.5338 93.9008
33 1 0 74.7136 55.9316
33 2 0 82.9326 8.13171
33 3 0 11.735 26.5316
33 4 0 61.6852 43.3019
33 5 1 16.0995 84.9006
33 6 0 30.937 72.3254
33 7 0 9.63502 13.4575
33 8 0 97.2426 48.2367
33 9 0 53.8991 44.7355
33 10 0 80.4163 51.5763
33 11 0 15.4954 73.2967
33 12 0 90.2714 89.3282
33 13 1 93.1256 90.6451
33 14 0 26.3649 16.6177
33 15 0 68.8046 28.0361
33 16 0 32.1611 9.72999
33 17 0 1.37195 2.08056
33 18 0 43.0025 42.0707
33 19 0 14.5174 31.9606
33 20 1 50.0915 98.334
33 21 0 47.5406 69.7247
33 22 0 82.4785 94.3202
33 23 0 54.8044 73.0185
33 24 0 79.6051 86.5964
33 25 0 22.095 62.3305
33 26 0 93.6069 24.8286
33 27 0 91.8256 60.904
33 28 0 87.1085 27.0999
33 29 0 58.3496 32.2275
33 30 1 74.72 44.6976
33 31 0 62.7926 97.6561
33 32 0 30.8379 32.6159
33 34 1 98.5894 70.1559
33 35 0 11.7855 76.2477
33 36 0 60.9753 74.6128
33 37 0 55.8578 39.0552
33 38 0 57.213 66.6789
33 39 0 72.9228 42.6207
33 40 0 13.9098 93.1781
34 1 0 29.5285 69.6663
34 2 0 42.0313 40.0548
34 3 0 1.88788 62.035
34 4 0 37.2286 79.9411
34 5 0 14.6242 67.9698
34 6 0 43.2522 22.949
34 7 0 61.2432 67.7682
34 8 0 51.0492 86.2832
34 9 0 85.625 0.340757
34 10 0 88.1283 38.8406
34 11 0 87.5047 99.4143
34 12 0 77.8073 24.6939
34 13 0 81.3923 61.6922
34 14 0 92.6017 55.7282
34 15 0 32.9261 22.681
34 16 0 9.40901 82.8657
34 17 0 20.6968 51.9589
34 18 0 22.4782 5.25892
34 19 0 55.0715 79.6368
34 20 0 83.175 24.0963
34 21 0 21.4448 1.03117
34 22 0 26.1741 91.6174
34 23 0 13.4151 51.5668
34 24 0 41.5272 48.4377
34 25 0 47.9783 20.8721
34 26 0 19.8727 27.1101
34 27 0 78.0013 69.4426
34 28 0 96.0981 83.4414
34 29 0 25.679 30.8412
34 30 0 67.1291 17.3241
34 31 0 54.9735 81.944
34 32 0 2.11683 73.3594
34 33 0 14.9626 62.7633
34 35 1 72.8798 28.1778
34 36 0 89.8937 51.9918
34 37 1 7.74059 30.301
34 38 0 12.2326 53.658
34 39 0 79.3197 30.9396
34 40 0 79.5297 26.0008
35 1 0 45.0551 43.3899
35 2 0 6.85023 4.63804
35 3 0 83.6218 92.9565
35 4 0 77.4843 74.3815
35 5 1 47.5599 70.0655
35 6 0 57.3553 84.6774
35 7 0 22.9244 34.616
35 8 0 8.89523 63.607
35 9 0 35.0798 90.566
35 10 0 76.1434 26.2075
35 11 0 82.2679 24.0959
35 12 0 85.6418 61.1849
35 13 0 89.3246 24.563
35 14 0 18.1938 86.2071
35 15 0 2.22807 67.33
35 16 0 73.5977 61.2503
35 17 0 11.5022 83.2665
35 18 0 30.8113 48.1746
35 19 0 39.4812 69.4753
35 20 0 61.3977 21.9829
35 21 0 70.9566 60.8638
35 22 0 66.9191 84.4152
35 23 0 13.6029 38.6435
35 24 0 56.0398 13.4956
35 25 0 24.1907 38.8601
35 26 0 41.5364 63.185
35 27 0 27.3789 39.6443
35 28 0 38.1575 17.462
35 29 0 29.1069 26.7596
35 30 0 17.8514 70.5769
35 31 0 89.2704 91.3597
35 32 0 59.9625 39.7775
35 33 0 99.325 3.00049
35 34 0 1.09601 35.0315
35 36 1 65.2788 50.1171
35 37 0 81.2187 30.3579
35 38 0 40.2685 26.1275
35 39 0 29.724 43.1307
35 40 0 71.9151 79.4116
36 1 0 5.2906 19.8585
36 2 0 67.1864 71.2042
36 3 0 7.3436 98.048
36 4 0 2.74238 20.5202
36 5 0 51.7229 21.8414
36 6 0 67.0429 93.2212
36 7 0 38.7116 91.9689
36 8 0 39.5205 52.3717
36 9 0 39.6517 34.4453
36 10 0 25.3751 22.2137
36 11 0 42.5495 81.9907
36 12 0 56.8479 65.8723
36 13 0 5.52398 80.5429
36 14 0 41.5743 72.4473
36 15 0 76.8858 39.8002
36 16 0 35.6077 20.4791
36 17 0 91.2558 69.0101
36 18 0 22.6541 88.1787
36 19 0 68.3618 2.31871
36 20 0 49.2556 92.2724
36 21 0 77.0397 10.9246
36 22 0 78.0179 47.9288
36 23 0 29.4018 15.374
36 24 0 21.1971 46.2328
36 25 0 69.8249 98.0916
36 26 1 55.2309 19.5153
36 27 0 44.8544 88.6688
36 28 0 92.2613 99.5168
36 29 0 72.1848 71.3564
36 30 0 60.0251 56.2563
36 31 0 10.0127 98.6312
36 32 0 19.1002 56.9974
36 33 0 0.57263 70.5257
36 34 0 72.9682 55.2609
36 35 0 31.4362 96.0568
36 37 1 35.9451 90.7413
36 38 0 47.0502 74.6375
36 39 0 5.43661 47.1682
36 40 0 99.6178 12.1913
37 1 0 82.6889 32.0469
37 2 0 58.0883 30.2033
37 3 0 19.9678 22.749
37 4 0 28.1419 69.4293
37 5 0 85.1669 44.9284
37 6 0 90.097 18.2942
37 7 0 40.7098 29.2166
37 8 0 77.157 81.5719
37 9 0 56.5113 98.1279
37 10 0 55.8112 25.4036
37 11 1 62.302 43.1076
37 12 0 48.4175 8.95296
37 13 1 56.467 99.5662
37 14 0 2.34452 75.9018
37 15 0 81.4624 0.194131
37 16 0 86.9671 78.4717
37 17 0 21.3654 99.9195
37 18 0 18.4289 64.8685
37 19 0 76.3694 83.2929
37 20 0 88.023 24.1909
37 21 0 89.0486 79.0829
37 22 0 30.8 2.8277
37 23 0 35.0045 80.7463
37 24 0 73.1812 18.4658
37 25 0 37.7996 30.3084
37 26 0 78.6812 93.0044
37 27 0 45.1502 41.4419
37 28 0 9.76976 11.6046
37 29 0 52.6167 53.6292
37 30 0 76.0784 11.3935
37 31 0 94.4982 36.443
37 32 0 39.9499 21.513
37 33 0 5.6089 86.5185
37 34 0 40.8847 41.7364
37 35 0 39.9291 13.1753
37 36 0 14.8483 98.6564
37 38 1 9.53907 80.7647
37 39 0 87.2277 44.6293
37 40 0 56.8767 0.531345
38 1 0 9.11161 55.069
38 2 0 25.6127 97.9679
38 3 1 95.3696 42.8494
38 4 0 8.28315 46.9324
38 5 0 7.35743 9.99308
38 6 0 10.6394 45.849
38 7 0 77.8566 63.7313
38 8 0 38.8355 65.8498
38 9 0 93.2753 35.9255
38 10 0 0.352915 83.9941
38 11 0 38.871 38.0914
38 12 0 95.6588 56.7078
38 13 0 67.6927 57.6394
38 14 0 21.4337 95.3014
38 15 0 26.9713 89.013
38 16 0 56.2782 17.0915
38 17 0 85.6909 85.2733
38 18 0 35.8652 16.8232
38 19 0 60.9585 78.9758
38 20 0 75.7257 85.7419
38 21 0 81.3408 45.8393
38 22 0 4.26351 59.1621
38 23 0 55.0045 30.948
38 24 0 4.40743 89.1211
38 25 0 0.821511 92.7815
38 26 0 4.23201 57.6018
38 27 0 58.7007 8.65216
38 28 0 1.1991 38.1011
38 29 0 81.8391 2.94492
38 30 0 11.4715 31.5173
38 31 0 10.203 45.4205
38 32 0 10.2748 73.7614
38 33 0 88.0527 14.441
38 34 0 54.9134 92.3153
38 35 0 7.13742 56.0926
38 36 0 15.8095 11.0158
38 37 0 5.81273 78.5184
38 39 1 24.1841 43.8741
38 40 0 9.57467 73.5111
39 1 0 2.13881 1.31579
39 2 0 89.5669 49.8382
39 3 0 47.0196 74.7057
39 4 0 21.9259 76.6153
39 5 0 61.3553 45.2062
39 6 1 91.8687 64.68
39 7 0 38.1748 37.7757
39 8 0 27.3383 7.02385
39 9 0 73.3029 66.2347
39 10 0 30.1247 96.4145
39 11 0 29.7055 41.1296
39 12 0 66.5706 59.3547
39 13 0 45.2288 48.692
39 14 0 28.0887 52.039
39 15 0 6.62089 10.4077
39 16 0 56.9456 33.1979
39 17 0 10.6021 31.1581
39 18 0 99.2369 16.8656
39 19 0 48.9967 21.0921
39 20 0 16.1451 88.0655
39 21 0 84.7229 59.3715
39 22 0 53.3368 79.7059
39 23 0 58.2827 57.7403
39 24 0 26.4824 73.8936
39 25 0 33.389 19.9347
39 26 0 98.4652 8.38339
39 27 0 15.0523 0.835221
39 28 0 23.0733 73.4546
39 29 0 51.2058 96.9004
39 30 0 35.3566 41.9146
39 31 0 31.1235 9.25089
39 32 0 52.5683 43.0768
39 33 0 10.759 63.9849
39 34 0 90.487 76.161
39 35 0 52.2173 42.6206
39 36 0 15.5209 3.93955
39 37 0 46.7903 71.5142
39 38 0 50.2787 46.6532
39 40 1 38.1976 1.82177
40 1 1 43.3811 91.4124
40 2 1 60.6717 98.9208
40 3 0 15.0555 4.21634
40 4 0 16.8681 25.5235
40 5 0 37.0036 69.5357
40 6 0 26.0923 72.8332
40 7 0 34.2687 67.9005
40 8 0 54.3629 37.5551
40 9 1 97.1965 38.2163
40 10 0 77.6669 6.06904
40 11 0 36.5152 24.4675
40 12 0 34.1153 87.9133
40 13 0 58.4713 99.576
40 14 0 81.1646 38.7234
40 15 0 68.8361 2.40339
40 16 0 87.5684 58.315
40 17 0 37.33 12.8873
40 18 0 45.6934 14.4879
40 19 0 1.94299 41.4465
40 20 0 74.5554 34.0588
40 21 0 77.317 2.17703
40 22 0 12.7355 94.8215
40 23 0 30.348 89.0289
40 24 0 32.773 77.4758
40 25 0 68.8816 22.1476
40 26 0 41.4713 43.7542
40 27 0 94.4118 7.46046
40 28 0 74.9953 94.1931
40 29 0 47.5293 4.13483
40 30 1 84.1814 93.7552
40 31 0 51.0091 64.8125
40 32 0 55.8912 12.038
40 33 0 27.8735 0.964014
40 34 0 76.4954 69.2809
40 35 0 25.6361 22.7863
40 36 0 37.066 19.4188
40 37 0 57.5787 4.60184
40 38 0 93.69 2.97005
40 39 0 37.011 86.2197
2.53681 15.2429 29.8891 15.6044 31.7637 9.70666 35.345 23.137 6.5185 27.0712 13.7791 3.90625 34.3089 23.9885 25.2659 10.4852 23.4759 37.8247 15.5761 28.9608 12.1133 18.7079 21.8232 29.3888 14.31 0.500675 33.9896 7.04877 39.6789 34.7775 2.75211 6.15647 27.4223 2.88692 12.0945 28.6638 25.3192 18.8028 26.021 3.14439 