40
500
4
100
1 2 1 75.1318 25.09
1 3 1 73.8325 56.3796
1 4 0 63.5703 56.5631
1 5 0 31.3037 76.0421
1 6 1 84.7608 82.9815
1 7 1 84.6709 79.9971
1 8 1 7.37962 70.6218
1 9 1 52.0989 66.4776
1 10 1 34.637 7.37996
1 11 0 66.3451 75.6337
1 12 0 93.5518 95.3735
1 13 1 86.2204 55.1392
1 14 0 29.2047 25.2061
1 15 1 93.5389 25.7319
1 16 0 86.5694 36.8102
1 17 0 71.6215 13.2679
1 18 0 29.5742 92.3696
1 19 1 41.9336 81.8283
1 20 0 58.7355 41.631
1 21 0 67.7198 79.1057
1 22 0 69.0657 92.6278
1 23 0 48.9876 12.1857
1 24 0 23.0374 93.885
1 25 1 67.718 58.1813
1 26 0 48.109 39.1917
1 27 1 99.2747 26.2372
1 28 0 16.8321 69.8654
1 29 1 34.6811 95.7668
1 30 0 94.5956 14.0902
1 31 0 21.1705 32.3325
1 32 0 13.9107 49.2948
1 33 0 76.2018 89.0013
1 34 0 35.6472 92.61
1 35 0 95.7328 27.2794
1 36 1 80.8129 92.7595
1 37 1 20.0135 78.7641
1 38 1 21.7747 13.0914
1 39 1 89.7116 83.3004
1 40 0 7.46917 5.27139
2 1 1 43.2977 23.1283
2 3 1 34.3695 30.7109
2 4 0 93.2949 41.2663
2 5 0 77.9701 96.2523
2 6 1 16.6115 59.7896
2 7 1 26.8814 21.7389
2 8 0 26.1593 17.8755
2 9 0 55.1162 97.0116
2 10 0 96.6092 79.5616
2 11 0 79.6287 91.5341
2 12 1 19.878 98.1015
2 13 0 83.6106 25.687
2 14 0 96.4128 88.4273
2 15 1 20.5924 31.8664
2 16 1 25.7036 29.135
2 17 0 37.2832 45.0501
2 18 1 89.5627 34.9148
2 19 0 43.4308 27.0383
2 20 0 86.5234 22.4753
2 21 1 43.8299 72.3311
2 22 0 62.3813 87.7043
2 23 0 5.52604 42.2402
2 24 0 13.1762 57.3238
2 25 0 66.8541 14.1958
2 26 0 92.2737 13.3096
2 27 1 21.0109 69.348
2 28 0 96.4869 8.53572
2 29 1 71.9936 1.54285
2 30 0 22.7795 71.6236
2 31 0 10.4416 81.3996
2 32 0 26.2758 94.6871
2 33 0 56.0475 41.6287
2 34 0 19.3027 28.3894
2 35 0 17.0463 36.2623
2 36 0 62.2155 97.516
2 37 1 58.5868 51.5037
2 38 0 99.0727 22.2548
2 39 1 7.50443 97.0032
2 40 1 41.0238 6.9405
3 1 0 85.1538 83.5321
3 2 0 79.473 43.9952
3 4 1 33.628 54.3146
3 5 0 15.3282 53.7179
3 6 0 6.23568 17.2116
3 7 1 68.3528 61.8091
3 8 0 3.04693 25.4309
3 9 1 10.3901 51.9425
3 10 1 74.3045 49.0261
3 11 0 46.3363 71.133
3 12 0 2.74639 3.73916
3 13 1 90.4953 5.97206
3 14 0 68.8811 17.8763
3 15 1 67.5492 11.5181
3 16 0 72.6894 85.138
3 17 0 29.2171 39.4239
3 18 0 35.3578 88.8376
3 19 0 91.0971 40.4432
3 20 0 9.78265 9.43363
3 21 1 54.1042 27.8671
3 22 0 90.3155 13.9611
3 23 1 25.9803 31.9201
3 24 1 35.8297 31.4355
3 25 0 28.9418 54.6339
3 26 0 4.83899 75.3859
3 27 1 41.0646 69.0096
3 28 1 5.73453 25.0323
3 29 0 79.0683 21.0943
3 30 1 45.5019 65.6787
3 31 0 52.3236 52.1034
3 32 0 4.24196 43.8223
3 33 0 94.6612 26.2049
3 34 0 97.0992 68.8053
3 35 0 50.6911 42.1532
3 36 1 0.538624 83.8761
3 37 0 2.33391 31.179
3 38 0 77.7104 5.1758
3 39 1 30.6576 46.963
3 40 0 15.5518 21.3497
4 1 1 48.2204 9.87899
4 2 1 44.0892 87.1733
4 3 0 23.2998 62.7423
4 5 1 11.674 57.0733
4 6 0 33.3831 41.2191
4 7 1 65.666 75.7177
4 8 0 80.6695 42.6514
4 9 1 70.948 88.3263
4 10 0 50.9241 50.9798
4 11 0 7.5491 13.4765
4 12 1 85.1137 31.1926
4 13 0 80.1776 52.8305
4 14 1 66.2753 8.0235
4 15 0 68.6182 58.4668
4 16 0 49.4031 52.1799
4 17 1 41.3192 25.167
4 18 0 1.07661 31.3622
4 19 1 78.6685 32.0072
4 20 0 62.3103 58.012
4 21 1 76.2069 46.3276
4 22 0 81.8819 0.0554151
4 23 0 0.938418 24.4841
4 24 0 66.0062 82.3019
4 25 1 18.6463 87.5143
4 26 1 92.6029 57.2683
4 27 0 24.3073 83.6623
4 28 0 9.33325 29.5365
4 29 0 27.136 33.4756
4 30 0 73.7369 7.09131
4 31 1 64.0091 81.7663
4 32 1 54.9826 26.1195
4 33 1 70.4932 83.0879
4 34 0 89.6046 21.0944
4 35 1 78.9179 5.78795
4 36 0 66.5689 21.9465
4 37 0 87.1465 0.822844
4 38 0 74.0919 54.4298
4 39 0 63.05 45.311
4 40 1 81.424 13.0633
5 1 0 97.3603 51.0283
5 2 0 26.6322 27.2257
5 3 0 48.8405 34.3662
5 4 0 88.2316 50.7582
5 6 1 77.686 54.7011
5 7 0 34.7592 45.3971
5 8 1 96.5797 89.5217
5 9 0 10.0926 19.8503
5 10 1 0.438045 29.9654
5 11 0 35.2703 90.4356
5 12 0 64.1748 73.0218
5 13 0 69.0184 32.953
5 14 0 48.1451 94.7085
5 15 0 78.7484 26.9402
5 16 0 74.6933 10.1478
5 17 0 85.918 78.1134
5 18 0 94.0845 0.301367
5 19 1 86.2491 30.1033
5 20 0 61.6298 80.8343
5 21 0 23.2781 21.9769
5 22 1 63.8494 79.7662
5 23 0 0.0191703 95.7627
5 24 0 18.7036 88.4955
5 25 0 71.7276 82.6407
5 26 0 22.196 93.207
5 27 0 74.4355 65.3806
5 28 0 8.63102 36.0777
5 29 1 17.3826 89.6654
5 30 0 33.2053 6.45524
5 31 0 62.2163 92.7007
5 32 0 2.66403 8.42994
5 33 1 13.5261 49.3222
5 34 1 17.989 55.1678
5 35 0 77.8437 66.2073
5 36 1 23.3393 36.2
5 37 0 64.6462 92.9512
5 38 0 37.1401 57.8943
5 39 0 52.1687 24.2712
5 40 0 83.8 83.8144
6 1 0 91.5136 93.1879
6 2 0 26.0108 0.245036
6 3 0 15.1888 56.8407
6 4 0 62.5965 18.3138
6 5 0 98.5485 7.06419
6 7 1 70.2204 21.4075
6 8 0 81.3688 76.7823
6 9 0 35.8399 69.9207
6 10 1 3.91567 4.55618
6 11 0 52.6572 27.9395
6 12 0 10.6227 44.1786
6 13 0 87.8276 46.2589
6 14 0 25.0363 46.9768
6 15 0 14.3921 24.9639
6 16 0 87.9496 99.4988
6 17 1 96.8424 48.1917
6 18 0 11.7828 17.3953
6 19 1 62.3964 47.4982
6 20 0 55.5103 53.8046
6 21 0 93.3568 68.329
6 22 0 61.5228 5.6414
6 23 1 38.0748 74.7778
6 24 0 52.851 42.7276
6 25 0 27.0877 65.0775
6 26 0 30.1829 82.0666
6 27 0 89.1009 76.5922
6 28 0 53.0146 28.1959
6 29 1 61.3017 61.7153
6 30 0 84.7478 85.138
6 31 0 32.7603 52.1649
6 32 1 18.9299 61.004
6 33 1 33.2 30.4629
6 34 0 79.1285 24.212
6 35 1 59.9041 62.5662
6 36 0 47.6238 97.1513
6 37 0 47.6623 49.5837
6 38 0 48.1218 68.9712
6 39 0 82.4676 89.1459
6 40 0 46.6213 31.5434
7 1 0 52.4549 22.4126
7 2 0 68.4267 40.8081
7 3 0 19.1003 45.1655
7 4 1 12.2365 38.7349
7 5 0 32.4292 18.0572
7 6 0 58.5053 94.6194
7 8 1 97.5592 11.611
7 9 0 64.8432 9.00041
7 10 0 68.8978 2.66328
7 11 0 19.0246 47.9987
7 12 0 9.67835 61.9225
7 13 1 63.9498 48.4877
7 14 0 62.7392 28.4361
7 15 0 82.6169 32.1319
7 16 0 37.0734 29.4921
7 17 0 64.5628 12.1149
7 18 1 41.7827 17.0662
7 19 0 8.88118 38.1277
7 20 0 40.7036 5.01209
7 21 0 43.4278 79.4545
7 22 0 61.152 68.5724
7 23 0 7.55924 87.8907
7 24 0 90.8051 86.1087
7 25 0 23.9117 89.796
7 26 0 9.61495 71.4048
7 27 0 80.7808 31.9918
7 28 1 98.5308 14.5472
7 29 0 5.72159 90.8926
7 30 0 6.88565 85.9194
7 31 0 66.7553 1.14575
7 32 0 1.92834 84.7461
7 33 1 61.2342 14.1296
7 34 0 40.8917 80.3498
7 35 0 81.9623 23.9689
7 36 0 41.526 73.9269
7 37 0 22.2264 92.0536
7 38 0 95.7311 39.7105
7 39 1 16.6855 92.4433
7 40 0 59.0225 34.5476
8 1 1 36.4515 15.0533
8 2 0 27.8395 37.5475
8 3 0 97.8857 41.5669
8 4 1 68.8666 89.2211
8 5 0 57.4415 56.6149
8 6 0 56.9603 13.4377
8 7 0 7.86462 64.0402
8 9 1 51.7739 24.7608
8 10 0 58.6423 93.0695
8 11 1 80.6328 14.2942
8 12 0 63.9655 30.5042
8 13 0 97.9201 95.166
8 14 0 91.766 45.7677
8 15 1 57.1426 38.4664
8 16 0 54.3631 23.2012
8 17 1 23.0692 10.7416
8 18 0 44.0165 54.7988
8 19 0 91.8164 99.2377
8 20 0 44.8675 82.6419
8 21 1 52.9991 21.5686
8 22 0 9.36838 48.773
8 23 0 95.626 53.9306
8 24 1 85.2525 24.9835
8 25 1 14.0048 41.8278
8 26 1 83.3791 41.9291
8 27 0 58.9097 16.0916
8 28 0 87.5721 3.71824
8 29 0 20.6681 94.1884
8 30 1 19.1456 56.7455
8 31 0 38.8254 47.7022
8 32 0 57.0156 89.1401
8 33 0 19.7225 1.67476
8 34 0 38.6802 76.1454
8 35 0 98.9028 2.7027
8 36 0 90.1794 64.501
8 37 0 76.6787 84.5467
8 38 0 90.4331 76.036
8 39 1 3.51069 68.0416
8 40 0 41.162 45.7649
9 1 1 94.9155 22.2713
9 2 0 31.5792 17.6067
9 3 1 3.55426 23.4418
9 4 1 36.3509 58.0813
9 5 0 31.0602 66.7859
9 6 1 64.8016 29.239
9 7 1 29.5169 78.2624
9 8 0 36.2233 61.5037
9 10 1 4.38333 25.0508
9 11 0 8.80376 90.2807
9 12 0 67.6404 45.5979
9 13 0 53.4638 20.0189
9 14 1 25.0636 21.0858
9 15 0 29.5408 49.6477
9 16 0 70.5749 70.0688
9 17 0 11.8527 25.9714
9 18 0 86.768 11.697
9 19 0 51.9839 0.661926
9 20 0 22.7743 74.6256
9 21 0 43.1399 19.9045
9 22 0 48.8868 28.7048
9 23 0 32.1674 36.1801
9 24 0 66.9667 43.087
9 25 0 9.0944 50.9088
9 26 1 29.5775 1.75811
9 27 0 85.7387 78.566
9 28 0 94.6061 79.5238
9 29 0 39.904 41.001
9 30 0 70.5673 81.9322
9 31 1 9.77863 22.004
9 32 1 49.4672 67.962
9 33 1 67.0476 64.5824
9 34 0 72.1428 32.1074
9 35 1 8.59151 0.867517
9 36 1 3.99774 36.3801
9 37 0 14.0316 21.8529
9 38 0 93.7324 33.5203
9 39 0 56.0212 5.10688
9 40 0 49.5058 85.4987
10 1 0 90.2725 29.4714
10 2 1 7.24319 75.1367
10 3 1 30.7593 1.14308
10 4 0 89.989 31.3346
10 5 0 70.4574 11.6368
10 6 0 82.4745 51.6855
10 7 1 60.9282 34.7674
10 8 0 30.0662 40.7593
10 9 1 27.5416 74.021
10 11 1 48.0111 56.3278
10 12 0 96.1725 37.9107
10 13 1 77.1384 13.5861
10 14 1 4.23676 54.8568
10 15 0 71.7121 78.0102
10 16 0 9.42293 4.19539
10 17 0 49.6514 79.0926
10 18 1 50.6362 4.48468
10 19 0 45.5002 28.9312
10 20 0 86.8002 58.6187
10 21 0 44.849 0.0510861
10 22 0 42.9194 11.9
10 23 1 35.7629 87.31
10 24 0 52.632 9.24369
10 25 0 69.4498 32.0631
10 26 0 5.93519 3.71793
10 27 1 43.3156 0.188735
10 28 1 24.5951 86.1885
10 29 0 21.8502 52.2223
10 30 0 91.2578 18.5531
10 31 1 45.4786 72.9855
10 32 0 67.9493 29.3738
10 33 0 9.98949 72.0611
10 34 0 52.7143 27.9303
10 35 0 57.5184 67.7665
10 36 0 58.7488 70.9004
10 37 0 70.322 72.9796
10 38 0 11.5281 30.5686
10 39 0 29.0344 25.0569
10 40 0 1.30869 66.0696
11 1 0 65.534 31.3089
11 2 1 86.1554 85.2436
11 3 1 46.3359 49.9043
11 4 1 60.0759 41.6715
11 5 0 66.5319 17.1434
11 6 1 96.0807 89.0895
11 7 0 42.0221 91.1439
11 8 0 49.5605 33.6678
11 9 1 69.7072 65.9494
11 10 0 70.0965 33.4424
11 12 1 54.4209 22.8063
11 13 0 58.5885 35.8762
11 14 1 1.36075 22.4381
11 15 0 98.1597 71.5031
11 16 0 24.2342 7.97358
11 17 0 63.6374 99.7433
11 18 0 69.8271 98.4781
11 19 0 92.4301 13.8177
11 20 0 52.4044 50.3549
11 21 1 81.5059 41.0656
11 22 0 71.1291 99.3494
11 23 0 12.4373 34.2014
11 24 1 11.9838 42.9361
11 25 0 96.7089 67.8741
11 26 1 79.717 46.977
11 27 0 79.9506 79.2408
11 28 0 26.8699 45.9749
11 29 1 95.1976 55.2418
11 30 1 55.7998 15.2794
11 31 0 0.551054 22.6011
11 32 0 21.964 43.2577
11 33 0 63.7905 0.908388
11 34 0 27.0252 54.2601
11 35 0 49.9389 29.4008
11 36 1 75.3865 46.2879
11 37 0 66.2309 19.2794
11 38 0 63.9007 41.1621
11 39 1 43.7109 24.4744
11 40 0 3.25908 0.4001
12 1 0 52.5049 40.9522
12 2 0 89.2153 82.3816
12 3 0 91.4684 70.449
12 4 0 34.4136 31.9107
12 5 0 70.6288 79.8775
12 6 0 11.852 22.1824
12 7 1 86.6696 88.3322
12 8 0 84.2124 67.2713
12 9 0 41.0907 67.2757
12 10 0 66.4422 17.3046
12 11 0 51.8066 65.6731
12 13 1 32.4991 58.6036
12 14 0 69.4634 31.1469
12 15 0 92.4158 87.3596
12 16 0 9.22444 12.1901
12 17 0 77.7252 70.6641
12 18 0 73.9128 90.5619
12 19 1 93.3677 25.895
12 20 0 3.73959 60.6374
12 21 0 94.6457 85.8154
12 22 0 22.5546 21.5002
12 23 1 33.6136 53.1911
12 24 0 52.9224 84.3094
12 25 0 25.7746 22.8947
12 26 0 48.9668 32.4464
12 27 0 85.1356 74.5233
12 28 1 12.5397 11.9383
12 29 1 64.7971 53.96
12 30 1 13.3555 95.9632
12 31 0 7.57407 75.8355
12 32 1 51.3254 0.69786
12 33 0 77.2054 98.6882
12 34 0 25.2326 59.3491
12 35 0 90.4397 96.5782
12 36 0 75.0586 55.3275
12 37 1 24.0823 86.9671
12 38 1 11.0137 47.5572
12 39 0 93.494 3.45226
12 40 0 76.8894 88.865
13 1 0 42.396 14.6791
13 2 0 12.1475 38.603
13 3 0 82.4867 38.6504
13 4 0 54.4007 85.2126
13 5 1 75.7495 48.505
13 6 0 47.7768 23.8896
13 7 0 19.2248 61.415
13 8 1 71.9641 25.8016
13 9 1 83.8208 11.4075
13 10 0 11.4799 39.0544
13 11 0 43.7503 67.7071
13 12 0 57.7193 45.1085
13 14 1 89.0024 55.9688
13 15 0 25.7894 80.6657
13 16 0 50.9208 13.1988
13 17 1 83.6511 9.17982
13 18 0 87.2708 22.5212
13 19 0 11.579 28.7808
13 20 0 59.6041 89.9697
13 21 1 22.8664 21.4975
13 22 0 49.1987 93.9309
13 23 1 27.5841 8.25136
13 24 0 12.399 23.1648
13 25 0 97.6312 30.0752
13 26 0 48.3765 74.7044
13 27 0 41.9075 76.0242
13 28 0 84.2354 89.3936
13 29 0 56.6535 57.021
13 30 0 71.4359 64.0333
13 31 0 66.4249 26.88
13 32 1 62.6599 35.7127
13 33 1 97.4503 52.9745
13 34 1 48.7105 4.63353
13 35 1 77.1224 11.7047
13 36 0 22.284 24.0631
13 37 0 65.1123 33.2129
13 38 1 72.4823 2.24169
13 39 1 68.1078 38.5956
13 40 0 38.9702 29.0723
14 1 0 65.5431 8.40012
14 2 0 69.6189 76.2321
14 3 0 39.7596 89.6971
14 4 0 35.3297 39.5805
14 5 0 35.104 57.1134
14 6 1 83.0878 29.4276
14 7 0 35.6123 5.61798
14 8 0 57.0462 46.3551
14 9 0 36.2135 31.3682
14 10 0 41.9656 63.2743
14 11 0 95.736 89.2751
14 12 1 84.1144 84.0601
14 13 0 75.3283 54.3084
14 15 1 6.99573 65.1921
14 16 0 28.7192 93.2604
14 17 0 11.7569 28.1289
14 18 1 75.3227 64.3492
14 19 1 99.0947 82.843
14 20 1 9.95547 51.8573
14 21 1 51.577 58.4189
14 22 1 90.0968 63.1918
14 23 0 15.4943 38.4441
14 24 1 47.5533 98.6234
14 25 0 21.5763 76.7873
14 26 0 5.87661 94.9594
14 27 1 79.46 41.0767
14 28 1 2.94817 52.9198
14 29 1 21.0825 58.4404
14 30 0 27.6279 7.03484
14 31 0 38.6431 21.4057
14 32 1 38.4413 51.1656
14 33 0 12.5365 37.6555
14 34 0 66.2749 83.0277
14 35 0 88.019 30.3599
14 36 0 77.9834 43.7162
14 37 1 54.896 66.1651
14 38 1 43.0548 18.4049
14 39 0 81.2593 64.4044
14 40 1 47.9443 34.6274
15 1 1 81.7711 50.2266
15 2 0 10.223 70.5818
15 3 0 28.2031 4.97499
15 4 0 54.7779 16.7101
15 5 1 94.1349 0.0737077
15 6 0 24.2309 50.7561
15 7 0 49.1146 19.5895
15 8 0 18.3091 68.5649
15 9 0 38.9693 46.8555
15 10 0 1.10858 47.4545
15 11 0 15.5824 91.4993
15 12 0 31.8867 41.8364
15 13 0 85.0161 7.94591
15 14 0 75.0936 93.1081
15 16 1 93.1535 38.8055
15 17 1 53.8852 68.5178
15 18 0 87.1287 93.1962
15 19 0 56.02 77.7723
15 20 0 7.95706 35.4456
15 21 0 66.2792 3.48781
15 22 0 19.3395 48.2177
15 23 1 7.49565 91.8108
15 24 1 77.9754 97.0921
15 25 0 28.8991 46.334
15 26 0 14.987 48.1878
15 27 1 62.731 64.0481
15 28 1 85.7889 18.523
15 29 0 34.3902 95.663
15 30 0 10.9527 35.0072
15 31 0 3.12459 74.226
15 32 0 27.0341 80.7931
15 33 0 31.6899 63.8903
15 34 0 20.3282 15.7985
15 35 0 34.8556 24.5513
15 36 0 96.362 60.6333
15 37 0 72.2422 18.7503
15 38 0 84.2201 78.8239
15 39 0 20.8962 72.7632
15 40 1 48.1371 60.8004
16 1 1 19.4693 65.8204
16 2 0 76.1484 68.037
16 3 0 26.607 96.4632
16 4 0 6.22405 34.007
16 5 0 41.769 68.596
16 6 0 25.5197 57.0318
16 7 1 78.7238 75.9144
16 8 0 11.1748 26.7016
16 9 0 56.7148 46.085
16 10 1 15.637 63.8949
16 11 1 19.7044 30.7917
16 12 1 0.468983 37.5979
16 13 0 5.26603 15.8724
16 14 1 10.5636 15.5406
16 15 0 32.5066 3.79742
16 17 1 18.7735 52.441
16 18 0 95.0605 48.4607
16 19 0 86.0048 82.2583
16 20 0 17.2545 79.3382
16 21 0 6.39585 33.3683
16 22 0 30.3489 64.937
16 23 1 84.1222 97.9287
16 24 0 25.2083 1.18188
16 25 1 98.8839 8.82659
16 26 0 37.2005 33.7108
16 27 1 40.9404 41.3863
16 28 1 41.9646 84.5442
16 29 0 87.4855 52.9477
16 30 1 5.07158 4.4976
16 31 0 88.4663 39.1392
16 32 1 39.4313 31.6149
16 33 0 71.1803 56.0723
16 34 1 54.0333 65.6033
16 35 1 95.3994 80.0281
16 36 1 63.7832 61.3697
16 37 0 66.1639 52.8587
16 38 0 32.0839 73.2768
16 39 0 47.964 21.75
16 40 1 26.1201 42.7104
17 1 0 2.22697 6.84557
17 2 0 81.3107 76.0847
17 3 0 48.8905 97.0702
17 4 0 18.3582 32.0071
17 5 1 38.0074 99.0033
17 6 0 59.2944 52.3218
17 7 0 37.7585 22.6557
17 8 0 75.5107 91.6205
17 9 0 82.2026 57.0477
17 10 0 61.0103 41.0244
17 11 0 88.0148 96.3787
17 12 0 88.1454 34.2753
17 13 0 64.619 72.3988
17 14 0 92.75 73.908
17 15 1 79.4436 63.6355
17 16 0 41.1634 18.2928
17 18 1 49.0993 75.3757
17 19 0 99.956 4.64999
17 20 0 28.6812 62.456
17 21 0 19.3996 98.4544
17 22 0 74.5144 7.09443
17 23 0 82.8836 36.5505
17 24 0 29.2307 55.1295
17 25 0 92.2409 48.9331
17 26 0 16.4887 91.2066
17 27 0 60.0747 30.2676
17 28 1 79.6671 87.7867
17 29 0 25.7021 27.6225
17 30 1 46.2424 59.396
17 31 0 66.8276 15.3821
17 32 0 62.7832 80.6862
17 33 0 3.41622 47.0696
17 34 1 96.2628 73.1451
17 35 1 25.5484 21.8217
17 36 0 83.3522 71.9698
17 37 1 61.0752 66.3103
17 38 0 14.6535 96.1529
17 39 0 41.3736 34.6518
17 40 1 75.6686 35.6643
18 1 1 0.180236 5.52669
18 2 0 96.8026 50.8071
18 3 0 1.85135 36.1272
18 4 0 85.9909 87.017
18 5 1 20.1759 53.494
18 6 0 93.4603 10.5535
18 7 0 22.1644 89.3533
18 8 0 74.7022 73.9709
18 9 0 87.4969 7.5536
18 10 0 1.45423 96.7773
18 11 1 32.1891 22.6159
18 12 1 11.4309 89.7799
18 13 1 52.8915 7.91306
18 14 0 10.1314 92.6475
18 15 0 90.6962 49.8709
18 16 0 6.79364 57.4145
18 17 1 90.041 7.84721
18 19 1 31.0401 95.1368
18 20 0 90.5112 26.373
18 21 1 92.5599 28.7871
18 22 0 96.8339 81.0004
18 23 0 48.8744 62.049
18 24 0 98.0226 25.3712
18 25 1 66.5016 37.0443
18 26 0 1.11496 43.2543
18 27 1 11.5004 87.9892
18 28 1 90.8132 34.9262
18 29 0 40.7629 98.525
18 30 1 82.8527 26.1556
18 31 0 11.6012 85.7439
18 32 0 96.2569 75.0584
18 33 0 2.12953 93.6604
18 34 0 15.3981 31.4844
18 35 0 4.8184 92.5605
18 36 0 18.1057 85.8071
18 37 1 16.845 24.7687
18 38 1 66.1881 50.2728
18 39 0 93.7714 64.9041
18 40 0 3.62175 58.0554
19 1 1 2.55645 23.7152
19 2 0 70.6818 25.5841
19 3 0 60.5006 1.56035
19 4 1 81.4663 42.9569
19 5 0 6.31143 9.06203
19 6 0 86.8265 80.5541
19 7 0 87.6427 32.982
19 8 1 81.6648 60.622
19 9 0 0.108969 28.9276
19 10 0 29.9614 3.31011
19 11 0 76.354 73.3915
19 12 1 4.93164 94.835
19 13 0 8.61724 90.4586
19 14 1 31.4408 5.59664
19 15 0 87.8259 26.638
19 16 0 45.8415 2.80221
19 17 0 0.119064 96.7979
19 18 0 28.4596 76.2227
19 20 1 41.3106 74.5755
19 21 1 59.8623 4.40746
19 22 0 59.618 90.0496
19 23 1 96.2185 13.7222
19 24 0 84.15 14.462
19 25 0 58.7213 12.6452
19 26 0 8.26584 27.258
19 27 0 72.6334 63.1543
19 28 1 39.9945 5.33897
19 29 0 24.0376 83.7989
19 30 0 80.6354 9.83884
19 31 1 82.1374 45.6362
19 32 0 85.1595 69.0604
19 33 0 26.2656 40.6466
19 34 1 15.6132 81.6274
19 35 0 49.42 76.0625
19 36 0 91.0064 14.3044
19 37 0 89.4603 25.4537
19 38 0 37.6513 0.422729
19 39 1 13.6948 34.9831
19 40 1 9.81539 62.8061
20 1 0 76.2125 4.79836
20 2 0 63.5957 46.0746
20 3 0 39.205 83.3176
20 4 1 23.3882 55.0213
20 5 0 67.881 5.72057
20 6 0 4.05689 11.2937
20 7 1 53.5296 82.2505
20 8 1 33.321 55.8537
20 9 0 49.8862 33.4578
20 10 1 67.2221 87.2226
20 11 0 22.5805 14.8584
20 12 0 36.9978 41.1366
20 13 0 45.1055 24.9155
20 14 0 5.81125 21.5983
20 15 1 9.92668 78.0513
20 16 0 63.0225 43.3891
20 17 1 61.407 14.3075
20 18 0 44.8571 3.2376
20 19 0 86.6125 24.636
20 21 1 8.74817 53.4196
20 22 1 95.6468 53.8899
20 23 0 13.0175 48.6395
20 24 0 85.7299 59.0423
20 25 1 38.5425 32.0237
20 26 1 67.5514 27.7247
20 27 0 50.7829 83.0507
20 28 0 54.7674 53.0763
20 29 0 37.7251 92.5332
20 30 0 65.4845 73.4465
20 31 0 32.597 29.8199
20 32 0 45.5888 21.0107
20 33 0 74.7926 34.1642
20 34 1 35.2183 15.285
20 35 0 30.4508 16.7527
20 36 0 85.0124 37.2274
20 37 0 97.7251 1.71071
20 38 0 44.5525 33.0459
20 39 1 13.998 39.3426
20 40 0 78.6576 97.5486
21 1 0 76.3142 82.6621
21 2 0 18.6328 42.6492
21 3 0 23.1097 44.7324
21 4 1 83.462 12.7302
21 5 0 12.1213 31.5593
21 6 1 76.476 38.3738
21 7 0 78.0153 49.1072
21 8 0 26.1787 36.7886
21 9 1 93.4973 8.71971
21 10 0 1.06876 12.1708
21 11 1 69.6784 57.0092
21 12 0 61.7159 5.81396
21 13 0 57.4508 62.1414
21 14 0 75.3969 50.1768
21 15 0 84.9073 4.45593
21 16 0 19.9164 18.9668
21 17 1 3.75513 33.5241
21 18 0 96.625 78.6133
21 19 0 49.9601 55.2917
21 20 0 10.1595 83.8899
21 22 1 35.0036 49.7567
21 23 1 47.3414 29.3209
21 24 0 98.334 56.1096
21 25 0 9.03571 78.7142
21 26 0 46.2813 40.7437
21 27 1 5.7808 69.4559
21 28 0 27.1771 18.6425
21 29 1 36.5766 16.8744
21 30 0 63.2276 13.9192
21 31 0 90.0762 10.8394
21 32 0 62.5944 33.4726
21 33 0 70.629 2.48948
21 34 1 62.369 52.2424
21 35 0 36.3443 57.8777
21 36 0 58.1169 74.5593
21 37 1 38.805 85.7236
21 38 0 33.9912 69.0488
21 39 0 9.99072 97.4959
21 40 0 98.8998 44.3852
22 1 1 78.5962 45.2437
22 2 0 3.05099 1.40698
22 3 0 25.6775 28.2738
22 4 0 87.6693 48.6328
22 5 0 61.7705 27.4498
22 6 0 34.1772 95.1653
22 7 0 87.2766 60.785
22 8 0 0.307335 75.6326
22 9 0 69.2369 97.7476
22 10 0 72.8764 54.8046
22 11 0 64.3689 70.6329
22 12 1 76.0084 54.7067
22 13 1 95.1449 53.2811
22 14 0 65.788 23.5798
22 15 0 98.0762 10.0261
22 16 0 47.6848 3.65036
22 17 1 65.5607 50.3006
22 18 0 9.13236 98.2603
22 19 0 66.0187 37.5946
22 20 0 9.40667 54.015
22 21 1 57.818 5.22902
22 23 1 57.8511 46.4223
22 24 0 99.2712 47.1149
22 25 1 97.8581 49.5432
22 26 0 14.4955 78.3285
22 27 0 50.5715 27.1488
22 28 1 66.12 19.9686
22 29 0 13.0016 2.22541
22 30 0 64.0686 59.82
22 31 0 56.9552 46.0108
22 32 1 54.502 72.3674
22 33 0 79.5284 65.8426
22 34 1 38.1846 8.95155
22 35 0 11.7443 86.9539
22 36 0 18.4149 16.9486
22 37 0 2.94466 40.472
22 38 0 52.2517 59.3563
22 39 0 1.74921 61.1392
22 40 1 42.8918 1.58664
23 1 1 12.5422 45.5466
23 2 1 42.4636 66.6729
23 3 1 46.0276 6.9169
23 4 1 75.4852 52.3458
23 5 0 87.5154 81.8298
23 6 0 53.1242 61.3392
23 7 0 82.4655 57.9499
23 8 0 95.7814 70.4741
23 9 1 70.727 94.8666
23 10 1 93.9354 12.0453
23 11 0 7.57112 55.3607
23 12 1 46.1363 1.50005
23 13 1 56.7626 64.3536
23 14 1 2.89614 51.8243
23 15 1 96.9385 43.9902
23 16 1 25.7252 91.1507
23 17 0 64.8333 90.7411
23 18 0 85.2087 78.0163
23 19 1 33.6201 3.70903
23 20 1 97.8719 11.2899
23 21 0 97.0601 73.3161
23 22 0 20.7949 71.9347
23 24 1 58.9707 43.2012
23 25 0 33.923 90.0754
23 26 0 13.811 7.29533
23 27 1 85.5796 8.61808
23 28 1 20.9564 53.6498
23 29 0 8.16861 23.7263
23 30 1 33.129 84.1647
23 31 0 95.5798 27.2529
23 32 0 13.8236 64.1896
23 33 0 10.3061 57.2494
23 34 0 19.9805 30.4704
23 35 1 94.7428 94.9156
23 36 1 30.3446 10.6071
23 37 0 66.5449 4.94937
23 38 1 98.9077 93.4078
23 39 1 0.589526 20.3943
23 40 0 43.1366 34.4764
24 1 0 36.8035 95.6082
24 2 0 16.0775 62.4347
24 3 0 12.7948 82.1581
24 4 1 1.44821 82.285
24 5 0 89.1168 32.5897
24 6 0 2.01879 51.5754
24 7 1 10.8011 91.0696
24 8 0 40.1469 94.0002
24 9 0 1.17332 89.1843
24 10 0 75.6668 84.944
24 11 0 8.69293 76.3561
24 12 0 41.7123 67.6321
24 13 1 85.366 69.1265
24 14 0 13.8689 16.7139
24 15 0 48.9802 16.8757
24 16 0 1.04462 50.6375
24 17 0 63.8243 36.3198
24 18 1 89.8675 67.2273
24 19 1 34.4961 42.7749
24 20 0 45.6982 39.8277
24 21 0 99.7045 29.2718
24 22 0 45.058 62.2099
24 23 0 47.1151 20.2435
24 25 1 19.5399 94.0647
24 26 0 49.3441 69.6257
24 27 0 95.5015 18.2276
24 28 1 26.2408 64.6396
24 29 0 89.6804 46.7282
24 30 0 24.9324 7.37657
24 31 0 90.9797 92.5763
24 32 0 43.055 27.332
24 33 0 41.7903 63.4347
24 34 0 32.4512 21.4703
24 35 0 59.126 45.0192
24 36 1 2.2488 51.284
24 37 0 67.3295 97.2849
24 38 0 38.3319 14.0572
24 39 0 76.9658 12.4058
24 40 1 95.3746 40.4885
25 1 0 89.7098 39.8598
25 2 0 43.8329 41.5709
25 3 0 59.7962 96.7537
25 4 0 57.6901 7.24888
25 5 0 37.5011 30.1492
25 6 0 82.5105 23.6862
25 7 1 94.3271 15.4806
25 8 0 29.1857 38.7481
25 9 1 28.3893 81.3216
25 10 0 40.4696 35.8352
25 11 0 97.3487 67.1362
25 12 0 62.9952 58.9514
25 13 1 6.63562 60.4547
25 14 0 60.3047 36.9493
25 15 0 26.1525 67.3492
25 16 1 53.0103 37.5838
25 17 1 29.8042 31.5989
25 18 1 72.5257 82.795
25 19 0 73.107 82.7552
25 20 1 33.6841 71.404
25 21 0 81.266 32.0024
25 22 1 39.1947 38.2562
25 23 0 39.6971 33.6371
25 24 0 29.2692 73.6092
25 26 1 9.04937 83.1167
25 27 0 29.5254 87.3197
25 28 0 79.6634 42.9573
25 29 1 48.2657 72.166
25 30 1 77.7527 26.4119
25 31 0 53.2296 1.40925
25 32 1 75.3703 67.267
25 33 0 75.8335 18.2266
25 34 1 73.0265 64.2721
25 35 0 28.2209 85.2935
25 36 0 70.919 31.0055
25 37 0 47.8202 20.3804
25 38 0 11.7496 27.4581
25 39 0 31.2594 92.1067
25 40 1 3.24383 18.2425
26 1 1 79.841 96.2424
26 2 0 36.2892 94.701
26 3 1 38.0346 44.367
26 4 1 27.3148 88.7983
26 5 0 45.2962 99.3719
26 6 0 96.0568 65.1061
26 7 0 44.6326 45.9327
26 8 1 34.3547 38.5517
26 9 1 70.6762 49.5445
26 10 0 72.3655 66.9309
26 11 0 37.0817 59.4571
26 12 0 12.1913 91.3705
26 13 0 72.5633 70.9523
26 14 0 83.4345 81.9583
26 15 0 92.8024 93.7366
26 16 0 10.3726 49.852
26 17 0 6.92416 49.4921
26 18 0 19.1332 46.3213
26 19 0 55.7136 73.7986
26 20 1 34.1984 66.7336
26 21 1 25.816 14.5292
26 22 0 16.6082 51.9088
26 23 0 50.4402 33.4959
26 24 0 93.8973 93.7482
26 25 0 98.9174 2.70996
26 27 1 23.603 64.1886
26 28 0 99.7745 41.618
26 29 0 84.1812 9.07757
26 30 0 98.1709 40.526
26 31 1 99.0196 33.4414
26 32 0 76.8638 12.7845
26 33 0 56.1574 99.0447
26 34 0 13.5635 68.4918
26 35 0 91.3182 42.7559
26 36 1 59.0061 0.111761
26 37 0 45.0168 20.8929
26 38 1 4.37471 81.1125
26 39 1 54.9589 7.4412
26 40 1 57.5236 78.367
27 1 0 81.8552 75.021
27 2 0 23.0188 5.11059
27 3 0 55.9112 89.9562
27 4 0 1.87715 38.3631
27 5 1 81.1983 13.6895
27 6 0 94.0687 79.0473
27 7 0 89.1107 74.4365
27 8 0 33.0967 98.7114
27 9 1 61.1689 47.5384
27 10 0 32.7093 22.4948
27 11 0 61.1921 33.8342
27 12 0 56.4498 79.7929
27 13 0 49.2817 2.41179
27 14 0 47.7344 58.4855
27 15 0 22.1254 71.3031
27 16 0 79.0956 62.7262
27 17 1 96.1971 76.1706
27 18 1 84.6289 54.7972
27 19 0 70.0655 29.5481
27 20 0 90.2412 64.4244
27 21 1 57.4737 55.1546
27 22 0 67.622 78.5006
27 23 0 99.3623 17.8735
27 24 1 49.9371 95.0285
27 25 1 60.9945 75.4351
27 26 0 91.2696 84.0411
27 28 1 15.6274 41.9314
27 29 0 93.3226 38.4101
27 30 1 25.7176 28.6114
27 31 0 65.7222 59.8896
27 32 0 95.1126 92.3692
27 33 0 56.432 68.9547
27 34 1 86.9456 24.4098
27 35 0 52.3472 16.1528
27 36 0 73.3616 59.1017
27 37 0 74.2963 88.5717
27 38 1 38.4254 54.3727
27 39 0 99.4774 4.49907
27 40 0 57.4641 75.9299
28 1 0 55.1223 56.222
28 2 0 59.0084 75.7721
28 3 0 23.6542 64.4868
28 4 0 34.8534 64.2949
28 5 1 83.5965 55.4319
28 6 1 78.2876 29.1776
28 7 1 80.5769 83.1878
28 8 0 67.6531 23.0397
28 9 0 23.4147 68.0685
28 10 1 54.9004 77.6188
28 11 0 56.6076 88.7163
28 12 0 3.10912 28.3022
28 13 0 54.7984 7.2886
28 14 1 26.8767 77.7577
28 15 0 63.3738 66.9008
28 16 1 30.6616 74.9608
28 17 0 31.8184 34.9179
28 18 0 51.6268 46.4554
28 19 0 58.6624 70.7145
28 20 0 16.6426 50.3819
28 21 0 14.5687 45.0237
28 22 0 99.7806 39.4214
28 23 0 3.57135 43.0346
28 24 0 97.6202 71.1336
28 25 0 26.9342 56.2145
28 26 0 32.0809 55.8581
28 27 0 65.5551 99.7204
28 29 1 20.6145 43.985
28 30 0 79.9913 89.77
28 31 0 45.3588 1.10485
28 32 0 40.12 99.9398
28 33 1 41.4591 54.3443
28 34 0 6.80557 1.50261
28 35 0 49.5674 26.0573
28 36 0 99.1573 58.4323
28 37 0 27.1526 45.923
28 38 0 53.4291 8.36583
28 39 0 76.6307 41.4306
28 40 1 92.9944 70.2489
29 1 0 56.8194 73.7728
29 2 1 91.9528 39.3624
29 3 0 17.2099 63.7812
29 4 1 51.0814 65.2233
29 5 0 84.5952 56.2634
29 6 0 40.3855 34.1458
29 7 0 70.2704 80.2712
29 8 0 99.4048 15.866
29 9 0 40.5388 27.3544
29 10 0 2.4401 90.9344
29 11 0 12.541 91.8397
29 12 1 24.8365 61.235
29 13 0 79.7898 37.2221
29 14 0 56.3678 64.0352
29 15 0 46.9692 19.7361
29 16 0 76.8097 65.9532
29 17 0 67.9965 85.8416
29 18 0 46.1284 90.5851
29 19 1 73.0392 4.43423
29 20 1 16.3409 2.5147
29 21 0 57.7736 5.05688
29 22 1 23.1037 63.6582
29 23 0 13.8369 55.7093
29 24 0 70.174 66.0323
29 25 0 10.7353 63.0143
29 26 1 36.5333 60.1411
29 27 0 10.1994 22.7493
29 28 0 62.5162 35.3766
29 30 1 85.6952 79.5511
29 31 0 19.26 64.9933
29 32 1 9.91589 88.2731
29 33 1 98.1547 71.123
29 34 0 27.9758 40.4403
29 35 0 36.0869 3.57924
29 36 1 10.5015 41.0401
29 37 0 22.652 13.4789
29 38 1 39.6101 40.8105
29 39 0 89.643 68.7097
29 40 1 95.6617 32.9975
30 1 0 31.5794 76.8706
30 2 0 82.7372 24.8816
30 3 0 67.4249 94.3287
30 4 1 44.7956 22.6189
30 5 0 79.8483 29.8994
30 6 0 57.3584 69.1403
30 7 0 95.4864 41.4875
30 8 1 50.2873 44.7138
30 9 0 1.19708 88.3016
30 10 0 30.6283 13.2291
30 11 0 75.6093 4.50674
30 12 0 98.7413 47.5498
30 13 0 12.2558 26.6497
30 14 1 20.1363 86.9258
30 15 1 91.8143 80.679
30 16 1 10.9632 0.947161
30 17 1 47.8966 2.85244
30 18 1 4.20651 51.3698
30 19 0 83.1217 97.8217
30 20 0 46.4921 45.717
30 21 0 5.37624 1.59207
30 22 1 54.2189 72.9866
30 23 0 12.5821 79.5028
30 24 0 26.8606 40.0637
30 25 0 83.0437 80.4039
30 26 0 57.1266 86.0582
30 27 0 92.8511 9.42703
30 28 1 51.8779 39.0576
30 29 0 50.3625 80.9626
30 31 1 77.0032 54.0689
30 32 0 80.4386 91.684
30 33 0 58.4752 76.4992
30 34 1 12.7552 50.9389
30 35 0 21.6287 85.5596
30 36 0 98.7655 89.1124
30 37 1 30.9602 57.9401
30 38 1 15.5935 4.12786
30 39 1 65.647 98.3817
30 40 0 92.6522 0.627307
31 1 0 54.4482 11.0018
31 2 0 52.0927 12.2184
31 3 0 55.9918 22.8385
31 4 0 72.873 80.7638
31 5 0 10.7476 36.4174
31 6 0 12.6684 81.9436
31 7 1 60.2114 99.5142
31 8 0 37.5454 90.376
31 9 0 1.33149 43.611
31 10 1 42.5487 66.7758
31 11 1 34.7359 5.16926
31 12 0 15.4531 39.0665
31 13 0 71.6383 67.2522
31 14 1 46.9365 56.8909
31 15 1 17.0973 69.9077
31 16 0 34.527 43.706
31 17 0 36.8945 7.39911
31 18 1 21.3161 85.2807
31 19 1 29.7099 68.9679
31 20 0 27.3315 98.2213
31 21 0 13.7295 97.952
31 22 0 85.0639 89.2211
31 23 1 51.6268 79.1936
31 24 0 77.065 57.0778
31 25 0 10.5491 66.9125
31 26 0 58.2717 46.2942
31 27 0 73.7946 43.1493
31 28 1 60.6687 6.18006
31 29 0 25.0517 64.7183
31 30 0 50.1455 18.9274
31 32 1 71.645 68.1965
31 33 0 68.6566 49.794
31 34 0 72.5665 0.859255
31 35 1 2.94007 48.7489
31 36 0 90.7998 91.6289
31 37 0 25.3152 76.2529
31 38 1 91.0357 82.5702
31 39 1 14.9632 10.4301
31 40 1 96.183 47.2543
32 1 0 48.5304 11.3072
32 2 1 11.3552 19.4721
32 3 0 89.6786 36.512
32 4 0 78.4346 7.2357
32 5 1 98.0409 56.9616
32 6 0 34.5468 60.0375
32 7 0 59.7446 6.04476
32 8 0 13.8211 13.863
32 9 1 73.016 99.8512
32 10 0 39.5927 39.1481
32 11 0 44.3024 21.2796
32 12 0 26.5196 19.049
32 13 0 86.0218 26.4919
32 14 0 47.2567 41.4952
32 15 0 25.8499 29.6492
32 16 0 89.7009 96.5279
32 17 1 57.5219 19.3836
32 18 0 27.8695 48.953
32 19 0 14.3635 67.7238
32 20 0 54.8357 53.2809
32 21 0 32.2223 8.3701
32 22 0 78.6902 66.9901
32 23 1 70.7862 83.3965
32 24 0 39.2671 64.7004
32 25 0 63.0921 95.153
32 26 0 79.2974 30.768
32 27 0 27.6606 47.2798
32 28 1 1.8728 26.4404
32 29 0 34.2069 52.7253
32 30 0 71.7991 57.9561
32 31 0 91.688 2.00368
32 33 1 61.7504 59.016
32 34 1 78.9763 89.6959
32 35 0 98.8081 61.9534
32 36 0 4.02159 75.8464
32 37 0 14.9374 49.5546
32 38 0 76.1435 26.1255
32 39 0 2.89104 91.6587
32 40 0 57.8679 40.6051
33 1 0 78.1759 49.7368
33 2 0 33.5766 74.1422
33 3 0 86.3624 6.65711
33 4 1 2.23684 32.708
33 5 1 47.4818 79.7198
33 6 1 94.6519 51.3512
33 7 1 79.1531 7.89491
33 8 1 49.4874 85.1216
33 9 0 4.61703 78.8343
33 10 0 16.112 59.9697
33 11 1 47.1007 92.6416
33 12 0 60.5952 13.1115
33 13 1 56.6689 70.4712
33 14 0 27.2713 68.0365
33 15 1 68.35 81.8047
33 16 1 42.2953 91.4231
33 17 0 86.2581 76.0889
33 18 1 84.9489 27.7607
33 19 1 97.9876 7.86655
33 20 0 22.4678 57.0221
33 21 0 30.7373 23.7393
33 22 0 32.3883 3.84108
33 23 0 35.3772 49.8525
33 24 0 90.8181 73.2946
33 25 0 13.366 61.5508
33 26 1 94.7493 69.1424
33 27 0 98.4387 8.45038
33 28 1 20.5644 85.9736
33 29 0 27.5916 69.621
33 30 0 76.9958 89.5595
33 31 1 52.0109 86.2136
33 32 1 36.8648 95.082
33 34 1 24.1808 38.6779
33 35 0 25.9279 64.2931
33 36 1 56.528 47.7975
33 37 1 81.5658 46.6592
33 38 0 51.9137 88.4114
33 39 0 86.6808 49.8817
33 40 0 77.1596 36.6794
34 1 0 65.5255 56.4805
34 2 0 47.9859 57.8016
34 3 1 82.1083 21.0292
34 4 1 43.9646 17.1135
34 5 1 88.171 43.1717
34 6 1 7.31113 54.0636
34 7 1 6.66251 44.1994
34 8 0 55.4659 70.8012
34 9 1 44.5036 43.9251
34 10 0 91.9103 63.5598
34 11 0 63.7697 53.7595
34 12 0 26.9048 95.6187
34 13 0 22.0133 9.33629
34 14 1 57.5785 26.2983
34 15 0 77.7916 82.3339
34 16 0 7.93282 70.4693
34 17 0 15.7326 49.431
34 18 1 6.51408 91.0547
34 19 1 96.2507 78.2822
34 20 0 68.7716 20.3349
34 21 1 93.331 50.965
34 22 0 26.2517 10.8679
34 23 0 19.3589 34.4332
34 24 1 71.5628 56.0077
34 25 0 94.9977 34.7285
34 26 0 81.7573 48.5752
34 27 1 57.9516 94.8438
34 28 1 84.1309 81.3968
34 29 1 63.0686 65.5354
34 30 1 13.1385 88.5188
34 31 0 78.049 55.1729
34 32 0 88.7723 3.49636
34 33 0 35.7027 57.2349
34 35 1 98.4962 79.119
34 36 1 44.218 9.85687
34 37 0 21.9291 20.3456
34 38 0 64.2937 64.4099
34 39 1 1.16987 56.0847
34 40 0 35.426 7.2416
35 1 0 7.56363 35.5878
35 2 0 29.4866 63.363
35 3 1 69.3978 81.2715
35 4 1 73.0654 82.0465
35 5 0 23.7796 25.5723
35 6 0 83.0075 23.9939
35 7 1 93.4492 70.8489
35 8 0 25.708 53.287
35 9 0 74.1384 30.1434
35 10 1 91.1435 7.92087
35 11 0 98.4847 20.3041
35 12 0 62.7324 99.505
35 13 0 6.52556 9.6894
35 14 0 11.2772 71.0656
35 15 0 59.6095 93.5677
35 16 0 94.4952 39.9006
35 17 0 10.7314 74.1864
35 18 0 71.0702 0.636869
35 19 1 18.3787 18.4407
35 20 0 85.6506 68.7232
35 21 0 77.4682 25.6066
35 22 0 41.2425 0.13408
35 23 0 84.7086 57.6433
35 24 0 24.9905 94.8815
35 25 0 48.742 20.2286
35 26 0 88.3833 47.6276
35 27 1 63.2836 42.43
35 28 0 81.4187 30.011
35 29 0 7.51464 88.1403
35 30 1 3.93116 16.2972
35 31 0 64.9228 10.2731
35 32 0 60.005 8.59206
35 33 0 76.6613 74.6741
35 34 1 14.9212 97.2665
35 36 1 99.3944 88.593
35 37 0 81.1318 52.9785
35 38 1 58.979 37.1583
35 39 0 94.1509 50.6822
35 40 1 46.5559 63.8974
36 1 0 43.7189 15.8521
36 2 1 80.6773 9.76852
36 3 1 36.5067 79.4956
36 4 1 60.886 50.4356
36 5 1 82.7457 80.5151
36 6 0 3.82574 26.3493
36 7 0 26.8123 66.2579
36 8 1 32.7369 59.8481
36 9 1 69.2868 3.84897
36 10 1 22.6296 9.59094
36 11 1 23.3979 96.2531
36 12 1 80.3491 70.3754
36 13 0 30.4652 6.82564
36 14 0 36.6346 83.2308
36 15 1 29.2668 92.8661
36 16 0 45.5195 18.5849
36 17 0 23.9133 23.4305
36 18 0 27.5554 53.4833
36 19 0 45.8165 91.7646
36 20 0 95.9914 87.1627
36 21 0 2.54798 60.9216
36 22 0 75.1449 5.69919
36 23 0 21.7778 86.3393
36 24 1 44.9261 54.0371
36 25 0 19.2997 10.229
36 26 0 91.7611 5.36609
36 27 0 22.1623 36.7224
36 28 1 28.0761 23.9948
36 29 0 75.1127 52.4371
36 30 0 37.5196 52.2925
36 31 0 0.704944 54.2036
36 32 0 97.2177 61.9844
36 33 0 6.42807 0.799472
36 34 0 99.1567 96.5595
36 35 0 6.96824 87.9011
36 37 1 19.83 28.5975
36 38 0 10.6637 12.968
36 39 0 65.2123 26.8227
36 40 0 34.795 67.4137
37 1 0 46.5161 21.896
37 2 0 29.2563 71.6638
37 3 0 96.7511 53.0661
37 4 0 70.0302 0.531243
37 5 0 42.7548 48.8674
37 6 0 10.8128 98.8097
37 7 0 40.2875 50.0151
37 8 0 64.3014 16.8252
37 9 0 12.0608 43.9193
37 10 0 37.0301 86.4573
37 11 1 5.87132 93.5718
37 12 0 42.3422 18.5907
37 13 0 69.2353 61.8058
37 14 0 72.0039 38.8439
37 15 1 9.78891 55.6314
37 16 1 43.2783 47.1264
37 17 0 67.9363 15.1083
37 18 1 67.7447 65.0414
37 19 0 82.7449 16.6135
37 20 0 92.8091 84.6603
37 21 1 24.3045 77.4079
37 22 0 85.5938 3.45423
37 23 0 43.751 16.7459
37 24 0 79.1963 9.47296
37 25 0 22.7908 71.4831
37 26 1 86.1995 80.7114
37 27 0 54.8147 80.5538
37 28 0 17.4331 59.0139
37 29 1 36.4922 74.9373
37 30 1 78.0091 60.2338
37 31 1 1.69955 86.1489
37 32 0 13.2746 12.0513
37 33 1 49.1868 87.9886
37 34 1 48.7986 17.8466
37 35 0 38.0951 13.5175
37 36 0 65.1318 84.5404
37 38 1 6.20031 8.02249
37 39 0 99.7422 81.6542
37 40 0 17.3425 62.4673
38 1 0 86.2015 15.485
38 2 0 35.5777 23.5327
38 3 0 88.4211 69.2736
38 4 0 58.0687 24.0173
38 5 1 68.0313 13.6755
38 6 0 93.466 23.2173
38 7 0 34.4967 0.138902
38 8 0 48.4261 80.628
38 9 1 65.1809 47.1237
38 10 0 33.5154 97.3633
38 11 0 38.6769 26.0036
38 12 0 95.7835 51.0119
38 13 1 5.34135 41.8136
38 14 1 55.7205 94.9017
38 15 1 54.4348 14.9829
38 16 1 30.9721 34.5199
38 17 0 52.2286 48.3413
38 18 1 12.2555 6.48044
38 19 1 91.0025 33.9697
38 20 0 51.1215 15.0996
38 21 0 1.04143 51.1924
38 22 0 84.4254 77.5299
38 23 1 30.3771 46.7158
38 24 1 61.2246 70.6121
38 25 0 86.285 43.6009
38 26 1 60.8078 45.6006
38 27 1 38.8084 71.048
38 28 0 90.9719 4.18717
38 29 0 83.1303 53.0442
38 30 0 83.622 78.627
38 31 0 45.7826 89.2013
38 32 0 70.6084 22.8509
38 33 0 92.6373 75.2874
38 34 0 68.379 84.2667
38 35 0 71.1758 29.4754
38 36 0 63.3504 54.148
38 37 0 33.2004 73.7667
38 39 1 95.1099 17.6558
38 40 0 65.4841 54.675
39 1 0 78.1927 91.0597
39 2 0 15.1719 95.1678
39 3 0 37.1892 9.23729
39 4 1 98.8012 80.2771
39 5 0 93.1452 58.1374
39 6 0 30.5169 19.952
39 7 0 96.837 99.6072
39 8 0 91.9266 16.7306
39 9 0 98.7879 29.2711
39 10 0 66.2818 90.2059
39 11 1 97.8466 15.2992
39 12 0 38.2093 40.9698
39 13 0 84.6652 73.835
39 14 0 53.395 41.0271
39 15 0 48.1859 4.67563
39 16 1 50.945 71.5759
39 17 0 70.1317 53.8211
39 18 0 7.85852 59.0781
39 19 0 74.9479 82.1469
39 20 0 8.65062 41.2263
39 21 0 2.50268 21.7803
39 22 0 4.1269 42.3245
39 23 0 91.7493 66.3047
39 24 0 64.4873 56.8792
39 25 0 10.7158 86.4873
39 26 0 3.38449 13.8109
39 27 0 21.0972 88.4277
39 28 0 82.9143 99.3389
39 29 0 67.766 48.2869
39 30 0 83.3239 22.1265
39 31 0 33.7638 33.3452
39 32 0 84.3633 42.3293
39 33 0 99.4912 96.0597
39 34 1 23.9737 27.444
39 35 1 93.5227 91.526
39 36 1 80.5684 25.7766
39 37 1 1.26482 37.896
39 38 0 75.4401 4.55011
39 40 1 50.3043 93.2482
40 1 1 45.2599 18.598
40 2 0 42.5694 58.6615
40 3 0 79.5968 72.6998
40 4 0 87.7058 83.2761
40 5 0 97.7762 91.4123
40 6 0 76.3121 80.6789
40 7 0 78.3802 6.75208
40 8 0 29.4292 50.6936
40 9 1 28.0211 75.6029
40 10 1 74.4512 32.1557
40 11 0 62.5023 78.915
40 12 0 13.3855 12.5222
40 13 0 57.8308 29.7503
40 14 0 25.2675 24.1447
40 15 0 62.3768 11.3869
40 16 0 9.75693 52.2831
40 17 1 70.4244 43.3372
40 18 1 83.0132 24.4809
40 19 0 97.4877 17.0386
40 20 0 53.209 69.4473
40 21 0 86.1896 30.4515
40 22 0 69.2501 91.2666
40 23 1 94.2274 94.6756
40 24 0 36.2957 50.3563
40 25 0 62.0138 32.6761
40 26 0 71.458 76.5796
40 27 0 98.203 68.6843
40 28 1 11.4729 75.4312
40 29 0 95.1981 3.93235
40 30 0 98.0551 90.9514
40 31 1 89.8075 67.1315
40 32 0 16.4427 91.0806
40 33 0 11.9968 41.8696
40 34 0 94.0864 87.3207
40 35 0 10.7086 66.2599
40 36 0 73.2704 1.90226
40 37 0 66.6095 55.9522
40 38 0 68.5845 98.0476
40 39 0 46.5941 16.9863
3.54607 15.5148 35.1909 6.00735 32.8942 0.5717 4.43667 39.7374 30.7827 11.8032 1.69893 36.544 30.1518 38.5267 36.2794 24.8795 5.76693 13.7156 25.5108 21.143 14.5919 3.19699 7.09553 12.7091 9.22696 27.7419 10.8361 17.2275 16.7494 27.5153 16.2138 14.6322 17.6052 10.3489 25.9408 37.5637 1.36339 3.32629 10.4084 16.9722 