40
300
2
100
1 2 1 80.8423 14.3396
1 3 0 27.3165 58.7229
1 4 0 4.44402 88.3999
1 5 1 87.2615 11.6799
1 6 1 68.6415 57.3701
1 7 1 36.1803 75.1369
1 8 0 5.31141 68.1316
1 9 1 30.0156 91.7734
1 10 0 68.802 79.6162
1 11 0 82.3695 85.0125
1 12 1 55.0701 33.8392
1 13 0 59.9822 5.1706
1 14 0 30.5613 18.7731
1 15 0 44.6981 47.0592
1 16 0 9.12188 24.4092
1 17 1 45.1824 32.8413
1 18 0 2.15757 69.0611
1 19 0 17.3558 53.381
1 20 0 33.8447 96.0714
1 21 0 63.9159 75.0527
1 22 0 31.2985 73.6112
1 23 0 93.6594 12.3612
1 24 0 76.8849 1.87735
1 25 1 16.6901 88.1843
1 26 0 88.7008 26.0666
1 27 0 36.8313 60.4815
1 28 0 51.769 8.77944
1 29 0 69.2418 39.532
1 30 0 40.2177 14.0831
1 31 1 20.5587 55.0887
1 32 1 4.63118 2.22086
1 33 0 80.9927 86.3487
1 34 0 11.4784 71.2125
1 35 0 45.5751 24.9064
1 36 0 61.2406 23.077
1 37 0 25.9283 82.704
1 38 0 17.5659 64.3599
1 39 0 97.9919 95.9322
1 40 0 55.0712 25.921
2 1 1 15.0429 92.3345
2 3 1 45.7769 82.5526
2 4 0 92.2049 83.8253
2 5 1 7.00109 69.0045
2 6 0 62.2039 67.0901
2 7 0 87.1906 82.8817
2 8 0 72.1708 57.9583
2 9 0 57.6698 52.6729
2 10 0 79.7111 36.6861
2 11 1 88.6955 97.4265
2 12 0 50.16 83.0938
2 13 0 34.5706 95.6466
2 14 1 39.2833 21.4961
2 15 0 55.6938 0.324798
2 16 0 8.11825 74.1048
2 17 0 14.935 89.605
2 18 1 43.4761 62.1463
2 19 0 45.1803 65.5619
2 20 0 26.8452 52.4616
2 21 1 12.7384 83.9836
2 22 0 0.711403 54.9764
2 23 0 70.0416 55.7847
2 24 0 28.5033 83.5914
2 25 0 77.1585 31.5871
2 26 0 67.3409 54.3836
2 27 0 74.127 20.0241
2 28 0 87.5691 11.357
2 29 0 86.1245 92.0561
2 30 0 49.9427 60.7169
2 31 0 39.2382 40.2031
2 32 0 89.4669 15.5973
2 33 0 9.8859 43.271
2 34 1 5.99704 11.0904
2 35 0 72.4275 36.242
2 36 0 19.552 13.1978
2 37 1 3.45849 3.15214
2 38 0 65.2836 9.55556
2 39 1 33.8161 33.6744
2 40 0 46.844 34.4759
3 1 0 38.3901 65.3902
3 2 1 22.4993 93.7646
3 4 1 21.5371 17.8164
3 5 0 73.4899 67.112
3 6 0 51.7452 65.6034
3 7 0 94.4288 21.1856
3 8 0 51.2793 34.6068
3 9 0 58.2443 46.2082
3 10 1 73.3093 56.4772
3 11 0 96.7727 31.8608
3 12 0 12.4457 91.8335
3 13 1 16.4732 20.0951
3 14 1 94.7913 67.7864
3 15 0 85.9079 97.6266
3 16 0 52.2588 15.4076
3 17 0 74.1769 12.7519
3 18 0 40.9345 73.9691
3 19 0 56.5502 49.064
3 20 0 91.0359 58.8816
3 21 0 87.274 12.6793
3 22 0 92.9838 99.4234
3 23 0 0.233377 7.98322
3 24 0 20.3729 98.6919
3 25 0 82.287 53.3392
3 26 0 38.9014 37.2663
3 27 0 3.47551 86.4381
3 28 0 44.208 79.6196
3 29 0 7.37809 2.84234
3 30 0 34.9795 76.8519
3 31 0 64.8236 53.9471
3 32 1 3.06032 1.23451
3 33 0 35.0194 96.2548
3 34 0 55.7988 67.1528
3 35 0 71.0023 93.0748
3 36 0 7.58002 8.52215
3 37 1 81.7431 71.3557
3 38 0 48.1221 4.81737
3 39 0 13.6445 21.832
3 40 0 69.0379 31.7542
4 1 0 17.3278 0.42295
4 2 0 59.819 92.903
4 3 1 12.6822 70.733
4 5 1 78.5561 84.6661
4 6 0 10.0545 44.0822
4 7 0 54.0346 65.4556
4 8 0 1.43496 10.4461
4 9 1 57.5551 29.8145
4 10 0 13.3218 52.6738
4 11 1 73.2352 1.59645
4 12 0 95.6746 71.2172
4 13 1 63.2849 15.9687
4 14 0 9.98141 76.7119
4 15 0 70.8634 53.8026
4 16 0 11.3354 60.5458
4 17 0 23.2355 39.1797
4 18 0 12.8192 93.5267
4 19 0 53.5515 47.4038
4 20 0 1.80266 58.8536
4 21 0 97.3084 52.619
4 22 0 58.0418 50.873
4 23 0 62.4712 53.2665
4 24 0 3.2173 32.4299
4 25 0 82.0331 30.2416
4 26 0 16.0363 5.92318
4 27 0 14.7797 23.8335
4 28 0 61.1936 5.38965
4 29 0 36.5058 20.5803
4 30 0 29.2141 68.8065
4 31 1 97.4643 83.7509
4 32 0 70.0052 44.4657
4 33 0 19.1269 76.4002
4 34 0 70.8364 32.5598
4 35 0 66.3163 82.1827
4 36 0 84.6921 70.522
4 37 0 22.3634 79.8281
4 38 0 42.4562 88.7307
4 39 0 2.65445 37.477
4 40 1 4.55584 48.3396
5 1 0 53.2152 75.2111
5 2 0 81.4128 47.6015
5 3 1 88.3612 96.5307
5 4 0 45.8985 20.3465
5 6 1 26.1221 1.88211
5 7 0 23.1373 23.3048
5 8 0 79.0929 93.5819
5 9 0 29.7835 71.1415
5 10 0 89.8779 18.8762
5 11 0 89.0363 14.2348
5 12 1 30.5216 68.0165
5 13 0 62.8923 62.8114
5 14 0 1.70305 57.7346
5 15 1 70.0835 72.2766
5 16 0 30.894 8.74391
5 17 0 95.922 9.4441
5 18 0 25.7037 46.2192
5 19 0 78.3476 63.2622
5 20 0 58.9792 62.7649
5 21 0 78.0827 49.2892
5 22 1 82.1018 38.9252
5 23 0 51.823 17.4672
5 24 0 78.1636 44.0956
5 25 0 35.0193 23.8977
5 26 1 17.6311 10.7733
5 27 0 87.4779 88.3337
5 28 0 79.8524 7.18918
5 29 0 70.9732 15.6356
5 30 0 84.5906 2.63389
5 31 0 1.26509 15.1491
5 32 0 46.087 53.3988
5 33 0 32.4145 43.1476
5 34 0 34.7955 78.0052
5 35 0 46.114 92.0354
5 36 1 69.792 66.8948
5 37 0 3.69634 72.9674
5 38 0 93.6171 79.4381
5 39 0 61.5895 53.0736
5 40 1 48.8081 50.4577
6 1 0 21.5384 11.141
6 2 0 78.6952 98.9574
6 3 1 62.4147 75.0224
6 4 1 91.4192 93.241
6 5 0 43.404 1.6026
6 7 1 40.248 48.6474
6 8 0 88.4978 48.5019
6 9 0 76.6761 91.9908
6 10 0 14.2569 30.3513
6 11 1 42.1803 45.0598
6 12 1 71.3299 67.8596
6 13 0 47.2288 34.8317
6 14 0 82.5928 28.5891
6 15 1 16.3123 25.9335
6 16 0 37.4666 85.1605
6 17 0 18.519 92.5672
6 18 1 68.9207 5.49925
6 19 0 23.0761 30.2145
6 20 0 87.8895 72.7567
6 21 0 42.6324 16.9388
6 22 0 27.0794 37.1846
6 23 0 30.3525 83.5172
6 24 0 14.5391 29.346
6 25 0 77.0052 1.90674
6 26 0 23.346 14.3937
6 27 0 95.7039 56.8034
6 28 0 58.2037 90.3242
6 29 0 69.2696 77.8463
6 30 0 72.3981 51.7005
6 31 0 39.5148 46.5952
6 32 0 24.9386 64.7324
6 33 0 72.8515 3.19798
6 34 0 78.6395 58.4519
6 35 0 57.7395 48.8419
6 36 0 69.781 89.7546
6 37 0 9.13183 85.4013
6 38 0 29.0543 54.4121
6 39 0 18.4099 95.2424
6 40 0 36.626 15.5777
7 1 0 50.3145 61.7867
7 2 0 60.2767 14.5827
7 3 0 28.4164 69.1208
7 4 1 28.361 0.59235
7 5 0 17.4947 48.8821
7 6 0 64.0579 63.8294
7 8 1 16.6965 0.23353
7 9 0 68.7599 58.8653
7 10 0 92.8371 24.9398
7 11 0 94.6969 17.0345
7 12 0 15.6464 2.18715
7 13 1 53.5192 16.8981
7 14 0 23.3148 55.7813
7 15 0 77.4108 35.0967
7 16 0 65.9173 59.4288
7 17 0 35.6209 13.2389
7 18 0 20.8654 6.11987
7 19 0 37.8865 82.5737
7 20 1 93.7215 19.9969
7 21 0 4.52665 55.6348
7 22 1 73.6029 51.1625
7 23 0 42.7435 26.5965
7 24 0 81.7939 22.3213
7 25 0 97.6003 58.4135
7 26 0 34.0136 6.35797
7 27 0 94.6997 62.9462
7 28 0 79.3326 83.006
7 29 0 89.7207 35.817
7 30 0 96.0303 88.7942
7 31 0 2.68807 80.2915
7 32 0 30.1702 89.8739
7 33 0 33.2283 7.07274
7 34 0 32.1713 1.22857
7 35 0 16.2077 15.6849
7 36 0 42.7627 15.8
7 37 0 72.5138 33.637
7 38 1 60.7528 38.6702
7 39 0 11.9506 71.0717
7 40 0 66.1654 56.7001
8 1 1 85.0828 41.2983
8 2 0 24.319 38.793
8 3 0 74.9243 68.2761
8 4 0 67.4564 57.3918
8 5 0 26.441 74.3972
8 6 0 10.8656 46.6295
8 7 0 66.4144 7.05683
8 9 1 9.71775 35.6134
8 10 0 35.3787 20.8727
8 11 0 87.4434 76.6447
8 12 1 94.2728 40.1932
8 13 0 32.9044 93.7522
8 14 0 2.4648 69.8619
8 15 0 23.6434 15.6705
8 16 1 42.2636 36.3097
8 17 0 84.0226 94.0228
8 18 1 39.3389 31.3938
8 19 0 65.3265 57.9561
8 20 0 48.3913 64.0945
8 21 0 40.0605 48.5534
8 22 1 25.9301 49.4248
8 23 0 78.0529 28.2482
8 24 0 52.9651 87.3713
8 25 0 84.3944 58.4599
8 26 0 60.732 95.4723
8 27 0 40.4216 58.0587
8 28 0 93.3702 55.5172
8 29 0 41.9497 67.4308
8 30 0 10.5723 92.7568
8 31 1 44.3407 4.09701
8 32 0 49.2739 87.9238
8 33 0 98.524 30.9201
8 34 1 69.1041 8.71717
8 35 0 97.1146 30.2258
8 36 0 7.01424 20.6064
8 37 0 12.5262 40.6154
8 38 0 14.7894 81.3906
8 39 0 48.2871 37.2833
8 40 0 95.7581 52.3507
9 1 0 22.6281 9.45948
9 2 0 19.3735 24.9564
9 3 0 61.157 17.1322
9 4 0 11.6001 40.7599
9 5 0 14.1901 94.3948
9 6 0 61.9345 77.0081
9 7 0 52.0078 23.0191
9 8 0 89.1476 25.2301
9 10 1 77.57 9.45175
9 11 0 74.1351 68.0446
9 12 0 23.7322 10.1046
9 13 0 95.9129 30.5925
9 14 1 93.4846 86.5939
9 15 0 62.0498 44.3583
9 16 1 12.2084 54.0388
9 17 0 95.8388 77.4326
9 18 1 96.0521 48.9194
9 19 0 66.9667 66.8834
9 20 0 26.2179 68.7065
9 21 0 72.3314 30.9441
9 22 0 41.718 30.5003
9 23 0 71.3283 23.9284
9 24 0 88.2574 88.2218
9 25 0 67.0561 25.5144
9 26 0 97.3 43.8653
9 27 0 41.4454 96.1372
9 28 1 91.4745 10.9388
9 29 1 47.3723 50.6652
9 30 0 33.2477 66.3752
9 31 1 10.9822 76.9039
9 32 0 74.1755 0.177066
9 33 0 87.4571 95.2064
9 34 0 3.24934 28.3792
9 35 0 47.9658 64.2338
9 36 0 71.538 2.66129
9 37 0 11.9711 78.2253
9 38 0 19.107 71.5256
9 39 1 7.93431 35.1128
9 40 0 72.7107 83.1598
10 1 0 30.8619 73.0697
10 2 0 73.9761 5.65205
10 3 1 93.1593 18
10 4 1 87.1227 42.2918
10 5 0 95.3063 97.9241
10 6 0 9.62083 42.4794
10 7 0 45.3772 91.0475
10 8 0 93.1931 28.8045
10 9 0 88.5028 35.8128
10 11 1 48.1223 9.06339
10 12 0 25.5408 31.7122
10 13 0 21.4189 92.4612
10 14 0 54.9992 88.8942
10 15 0 11.9519 31.8416
10 16 0 79.9842 65.8942
10 17 0 78.3247 32.0944
10 18 0 34.7605 37.2821
10 19 0 34.3762 32.018
10 20 1 18.4012 4.7226
10 21 0 25.9109 60.065
10 22 1 11.7459 64.346
10 23 0 65.4272 5.28386
10 24 0 6.87205 99.0193
10 25 1 71.214 35.1302
10 26 0 64.3568 72.7979
10 27 0 89.7149 48.4179
10 28 0 66.843 75.9464
10 29 1 87.5081 10.1968
10 30 0 3.3729 69.3074
10 31 0 13.4959 13.5923
10 32 0 62.0225 62.979
10 33 0 85.6414 97.1276
10 34 0 66.6777 38.1826
10 35 0 88.2857 10.4583
10 36 0 18.5119 40.4891
10 37 0 55.1688 37.4726
10 38 0 6.05494 35.283
10 39 0 29.5861 49.3491
10 40 0 27.559 34.9943
11 1 0 21.4783 10.2138
11 2 0 13.1318 2.10238
11 3 0 52.9885 5.87851
11 4 0 86.6167 23.5163
11 5 1 52.8015 76.6604
11 6 1 34.8034 49.9578
11 7 0 69.7183 63.0871
11 8 0 50.2244 7.24779
11 9 0 24.9186 96.2257
11 10 1 53.7155 32.6849
11 12 1 27.0073 53.8887
11 13 0 12.4091 78.7291
11 14 1 85.0711 0.131707
11 15 0 39.9075 15.1906
11 16 0 63.5784 18.4257
11 17 0 21.5567 12.6549
11 18 1 59.5439 39.4793
11 19 0 76.9711 34.7385
11 20 1 76.0125 5.63644
11 21 0 77.1476 7.95567
11 22 0 20.4888 20.0365
11 23 0 93.5671 83.924
11 24 0 47.4842 71.4374
11 25 0 3.90169 1.08609
11 26 0 16.4116 57.6212
11 27 0 89.2752 74.7889
11 28 0 61.6522 1.29321
11 29 0 81.8455 83.3022
11 30 0 88.9407 29.4342
11 31 0 67.4902 45.5425
11 32 0 35.3342 27.2741
11 33 0 6.66362 61.0168
11 34 0 37.8622 18.1649
11 35 0 26.9276 28.2903
11 36 1 75.7244 79.1053
11 37 0 54.4504 13.599
11 38 1 97.6619 75.1056
11 39 1 30.8518 29.4199
11 40 0 29.7086 38.7602
12 1 1 37.2429 99.9343
12 2 0 39.2832 13.5799
12 3 1 55.646 82.5335
12 4 0 79.0499 81.6195
12 5 0 19.0824 12.3668
12 6 1 48.2596 31.6484
12 7 0 82.4791 73.9405
12 8 0 1.96313 18.8102
12 9 0 11.3391 85.6863
12 10 0 0.127927 18.3552
12 11 0 83.3742 5.88676
12 13 1 84.6724 67.7409
12 14 0 50.0641 0.803518
12 15 0 2.85512 43.0643
12 16 0 83.6894 33.0451
12 17 0 66.9058 6.12118
12 18 0 49.565 53.4126
12 19 0 17.6459 80.4375
12 20 0 15.3667 42.4337
12 21 0 54.997 33.7882
12 22 0 30.7011 77.8519
12 23 0 40.7714 41.2242
12 24 0 91.0327 86.565
12 25 0 99.7193 62.1673
12 26 0 91.244 88.9038
12 27 0 28.6255 48.1488
12 28 0 18.4244 59.7667
12 29 0 2.1066 47.8648
12 30 0 5.90389 70.3659
12 31 0 25.4427 0.290552
12 32 0 42.926 77.3567
12 33 0 59.5662 4.76182
12 34 0 7.11025 57.6617
12 35 0 32.9122 60.6009
12 36 0 38.5208 40.0174
12 37 0 51.3138 84.1324
12 38 0 46.1716 48.3109
12 39 0 94.5706 72.3104
12 40 0 51.6142 21.1937
13 1 0 89.1125 3.0679
13 2 0 94.3684 40.5329
13 3 0 21.8868 23.4335
13 4 1 85.9462 10.9079
13 5 0 22.2911 61.1928
13 6 0 82.8169 49.1297
13 7 0 26.6313 97.5415
13 8 0 83.8701 13.9419
13 9 0 50.716 21.7774
13 10 1 52.0965 0.235242
13 11 0 89.2535 53.7174
13 12 0 86.2479 20.6505
13 14 1 98.7198 72.2965
13 15 0 9.34797 80.163
13 16 0 49.8532 42.5837
13 17 0 8.61558 31.8909
13 18 0 38.6674 97.6263
13 19 0 86.3979 52.1746
13 20 0 78.8647 49.755
13 21 0 93.7125 82.79
13 22 0 11.3075 46.7661
13 23 0 70.7196 23.5101
13 24 0 95.4842 41.0612
13 25 0 68.6311 13.9689
13 26 0 91.6647 98.8028
13 27 1 46.919 62.012
13 28 0 82.8277 20.2286
13 29 0 68.8695 43.4249
13 30 0 2.82106 77.9701
13 31 0 41.3517 36.4103
13 32 0 4.28764 95.1468
13 33 0 78.1866 53.6309
13 34 1 66.6833 96.0042
13 35 0 86.5999 43.4903
13 36 0 82.5351 39.0946
13 37 0 18.9491 28.2764
13 38 1 26.5614 54.4942
13 39 0 84.5701 40.8863
13 40 0 93.4329 10.3729
14 1 0 84.4474 14.995
14 2 0 95.4604 43.5802
14 3 0 13.6007 75.3867
14 4 0 5.57415 63.3109
14 5 0 75.6897 98.2281
14 6 0 57.8139 52.9322
14 7 1 35.342 35.0327
14 8 1 44.2822 66.8259
14 9 0 14.3346 78.704
14 10 0 7.54362 95.3302
14 11 0 84.5711 75.5703
14 12 0 43.9298 58.6034
14 13 0 9.74257 78.613
14 15 1 16.82 94.7074
14 16 0 54.7475 77.4954
14 17 0 84.7158 65.3927
14 18 0 2.53345 47.3613
14 19 1 35.326 62.6776
14 20 0 46.2492 65.0327
14 21 0 79.6836 39.5803
14 22 0 16.4882 38.1222
14 23 1 93.2499 44.5333
14 24 0 2.52537 52.0576
14 25 0 68.0486 81.6621
14 26 1 10.7808 47.0906
14 27 0 42.596 5.18472
14 28 0 23.6256 47.3123
14 29 0 22.9756 47.743
14 30 1 8.31192 53.1026
14 31 0 13.679 42.1833
14 32 0 43.3696 71.0394
14 33 0 72.5179 20.0952
14 34 0 86.0726 27.4552
14 35 0 52.4405 34.4136
14 36 1 83.4055 95.2557
14 37 1 26.3031 22.981
14 38 0 28.9639 31.4618
14 39 0 44.6216 74.6988
14 40 1 15.0364 4.22415
15 1 0 40.4357 16.0143
15 2 0 86.1595 45.4188
15 3 1 32.4026 57.901
15 4 0 81.9055 55.3133
15 5 0 45.2711 92.8825
15 6 0 90.4563 84.3725
15 7 1 97.0476 75.5071
15 8 0 82.6345 40.9987
15 9 0 98.848 9.43929
15 10 0 97.6873 24.3385
15 11 0 37.2897 12.0948
15 12 0 93.462 31.8512
15 13 0 20.2486 76.8081
15 14 0 75.9879 63.9143
15 16 1 67.9235 81.5231
15 17 0 88.2384 14.3074
15 18 1 46.0521 57.1887
15 19 0 37.618 29.4616
15 20 0 48.0093 19.0869
15 21 0 8.11679 6.78774
15 22 0 6.31525 43.3025
15 23 1 88.9535 7.96286
15 24 0 33.572 85.0734
15 25 0 61.2482 90.2926
15 26 0 62.346 63.8347
15 27 0 63.3418 95.6249
15 28 0 71.9161 77.403
15 29 0 67.9558 31.9864
15 30 0 83.3601 56.3118
15 31 0 30.0373 3.3278
15 32 1 83.1548 62.7248
15 33 0 45.4461 5.68351
15 34 0 44.017 93.3559
15 35 1 44.7461 17.7732
15 36 0 47.7973 15.9252
15 37 0 82.5602 40.1517
15 38 0 30.0973 71.4439
15 39 0 13.2165 46.1954
15 40 0 98.5213 55.08
16 1 0 27.6345 60.6008
16 2 0 71.2303 31.548
16 3 1 77.1842 36.2996
16 4 0 11.762 58.5992
16 5 0 22.7329 88.0582
16 6 0 98.4772 4.30212
16 7 0 55.0172 13.8734
16 8 0 51.8744 51.5858
16 9 0 90.5067 84.0667
16 10 0 2.28351 18.5549
16 11 0 18.2 29.4102
16 12 0 14.519 30.2753
16 13 0 43.7172 55.7122
16 14 0 2.71125 13.7269
16 15 0 41.6548 19.8072
16 17 1 16.2441 35.4112
16 18 1 92.0239 98.0826
16 19 0 10.4073 2.07542
16 20 0 22.5294 22.4785
16 21 0 51.0007 22.3214
16 22 0 13.0762 66.0723
16 23 1 45.3251 62.5066
16 24 0 28.6465 33.0942
16 25 0 30.0853 65.9032
16 26 0 83.654 75.537
16 27 0 57.0911 62.5832
16 28 0 52.0822 50.1552
16 29 0 48.7012 0.447095
16 30 0 61.4242 51.1076
16 31 0 85.7064 50.6138
16 32 1 92.4651 91.5142
16 33 0 28.9279 70.0982
16 34 1 72.5972 97.5169
16 35 1 18.1425 75.0789
16 36 0 39.277 49.5193
16 37 0 94.4775 96.0305
16 38 1 27.5842 22.7621
16 39 0 74.78 77.5079
16 40 0 11.543 31.0087
17 1 0 91.9777 54.9185
17 2 0 62.2702 15.0591
17 3 0 88.5868 98.9222
17 4 0 71.8416 42.2164
17 5 0 28.2706 28.3012
17 6 0 74.7255 12.9858
17 7 1 9.20608 41.8423
17 8 0 41.9707 0.829759
17 9 0 61.6472 65.9244
17 10 1 79.8906 85.6399
17 11 1 5.27395 11.1444
17 12 0 85.6566 55.4921
17 13 0 78.7566 51.6179
17 14 1 53.8929 78.4365
17 15 0 99.3701 50.6314
17 16 0 68.0133 82.204
17 18 1 14.9647 16.5429
17 19 0 20.4267 5.53077
17 20 0 68.5729 52.1045
17 21 0 64.7509 20.7655
17 22 0 67.3064 86.208
17 23 0 26.7567 28.9874
17 24 0 36.64 45.7557
17 25 0 53.5021 66.7766
17 26 0 52.2834 24.081
17 27 0 68.6988 13.8963
17 28 0 52.7209 65.8663
17 29 0 52.5455 2.47893
17 30 0 26.6001 42.9835
17 31 0 80.6194 36.6242
17 32 0 3.52545 75.0506
17 33 0 78.7925 55.561
17 34 0 28.473 58.4805
17 35 0 76.6735 56.4609
17 36 0 44.5542 92.3829
17 37 1 11.9107 82.1156
17 38 1 26.6362 5.23983
17 39 0 56.74 34.639
17 40 0 47.6212 31.8726
18 1 0 20.0267 58.0166
18 2 0 93.7304 79.732
18 3 0 75.1877 2.30385
18 4 1 62.9199 97.4957
18 5 1 99.4319 42.9405
18 6 0 26.4393 11.0509
18 7 1 95.3406 91.1381
18 8 0 93.368 56.4085
18 9 0 62.814 88.7043
18 10 0 80.1543 37.7136
18 11 0 87.6019 97.2748
18 12 1 22.1051 66.1308
18 13 0 68.3732 49.0746
18 14 0 32.1311 63.1773
18 15 0 78.959 70.319
18 16 0 66.9685 16.567
18 17 1 5.94045 15.573
18 19 1 94.5259 98.5833
18 20 1 8.53264 35.3956
18 21 1 19.7104 52.0022
18 22 1 83.5582 78.4827
18 23 1 40.5157 52.6076
18 24 0 53.2036 13.7748
18 25 0 79.3034 94.0611
18 26 0 99.4848 21.6942
18 27 0 53.1488 57.9013
18 28 0 22.0735 90.2093
18 29 0 72.3452 48.3308
18 30 0 50.8609 89.8913
18 31 0 68.1119 92.2394
18 32 0 40.5325 84.3515
18 33 0 63.2964 57.2204
18 34 0 47.3652 42.4878
18 35 0 77.1216 59.7947
18 36 0 14.3321 7.28065
18 37 0 4.8964 58.6191
18 38 1 29.9997 61.7594
18 39 0 24.6958 67.5408
18 40 0 87.1108 93.3415
19 1 0 66.2702 40.8667
19 2 0 92.3648 90.3771
19 3 0 8.07683 94.7249
19 4 0 68.8067 74.5235
19 5 0 19.782 13.4565
19 6 1 33.7893 75.5325
19 7 0 41.1257 83.0552
19 8 0 72.884 46.5498
19 9 0 71.28 41.8756
19 10 0 10.0107 69.258
19 11 0 96.9831 85.832
19 12 0 46.7663 47.2016
19 13 0 4.71008 67.5668
19 14 0 80.6632 84.4916
19 15 0 88.5492 2.96616
19 16 0 40.3863 76.4364
19 17 0 74.7463 35.3693
19 18 0 15.0475 81.4728
19 20 1 74.8934 15.5456
19 21 0 93.9391 83.7291
19 22 1 62.2936 22.4187
19 23 0 60.5911 63.4553
19 24 0 82.0801 3.4144
19 25 0 97.2966 3.70988
19 26 1 28.2605 23.8893
19 27 0 7.055 54.4696
19 28 0 33.5699 8.37701
19 29 0 1.87471 58.2216
19 30 0 80.9402 31.1935
19 31 1 63.2656 17.5369
19 32 0 60.3423 79.0322
19 33 0 20.8849 12.4779
19 34 0 49.6342 70.1731
19 35 0 73.4198 61.3556
19 36 0 36.6085 68.6728
19 37 0 70.3683 98.1533
19 38 0 2.723 95.477
19 39 0 86.3227 37.7937
19 40 0 74.7973 95.0994
20 1 0 45.1394 39.1758
20 2 0 44.436 28.2399
20 3 0 82.4447 34.5076
20 4 0 11.7777 53.7706
20 5 0 65.3971 29.164
20 6 0 7.71757 20.1389
20 7 0 35.1668 16.2934
20 8 0 57.152 69.0704
20 9 0 89.6458 34.1544
20 10 0 4.58844 1.19526
20 11 0 33.2042 14.7944
20 12 0 48.5147 58.4819
20 13 0 78.0356 12.6099
20 14 0 66.719 7.65631
20 15 1 18.6688 58.6727
20 16 0 2.50807 79.6231
20 17 0 95.9284 66.7724
20 18 0 79.2576 35.9254
20 19 0 25.8825 74.3724
20 21 1 3.09885 98.9373
20 22 0 34.895 19.2329
20 23 0 42.2626 8.23283
20 24 0 8.26531 4.40333
20 25 0 36.6658 7.85808
20 26 0 53.0812 68.3993
20 27 1 2.21291 50.4386
20 28 0 96.1774 91.3583
20 29 0 81.0448 50.138
20 30 0 20.0086 33.8187
20 31 0 56.1182 85.2054
20 32 0 1.7247 62.933
20 33 0 45.1551 69.9187
20 34 0 48.7301 31.5395
20 35 0 88.4391 73.5119
20 36 0 84.4807 74.1726
20 37 0 67.9302 36.4127
20 38 1 72.2394 21.4181
20 39 0 44.862 84.8794
20 40 0 72.6037 14.7278
21 1 0 60.8699 26.0132
21 2 1 9.20784 68.5083
21 3 0 28.4885 82.1523
21 4 0 92.6064 5.31055
21 5 0 67.337 86.7994
21 6 0 50.6254 86.866
21 7 1 86.425 93.365
21 8 0 5.76252 90.7992
21 9 0 67.6404 49.5347
21 10 1 68.6369 52.3114
21 11 0 51.5143 62.6806
21 12 0 80.0079 30.7955
21 13 0 44.0111 80.348
21 14 0 39.9715 68.9386
21 15 0 17.9207 79.7615
21 16 0 27.7346 40.0363
21 17 0 84.289 93.968
21 18 1 6.21885 28.0772
21 19 0 32.1087 59.5492
21 20 0 31.6528 32.792
21 22 1 33.9468 56.7933
21 23 0 92.5397 6.73939
21 24 1 55.9451 37.5012
21 25 0 33.1719 87.2424
21 26 1 84.0463 85.4376
21 27 0 2.90943 66.6024
21 28 0 20.4184 43.7715
21 29 0 95.2837 57.3888
21 30 0 21.2497 91.6679
21 31 0 34.1415 29.9368
21 32 0 41.8879 39.7894
21 33 0 35.3084 44.539
21 34 0 6.77613 64.8661
21 35 0 9.13029 25.4203
21 36 1 70.0387 29.3091
21 37 0 53.9654 54.4778
21 38 0 55.8364 77.1155
21 39 0 96.956 49.1077
21 40 1 47.6047 48.4296
22 1 0 50.4864 1.38501
22 2 0 91.629 47.7187
22 3 0 65.839 77.8355
22 4 0 1.23113 10.5195
22 5 0 31.8519 44.5668
22 6 1 31.2807 45.2764
22 7 0 49.3327 41.7976
22 8 0 35.2635 33.6444
22 9 0 62.5674 4.21526
22 10 0 12.729 71.0771
22 11 0 15.0404 89.985
22 12 0 64.5179 20.0237
22 13 0 26.1834 35.1453
22 14 0 60.3857 61.4884
22 15 0 6.52164 97.6738
22 16 0 40.9677 47.4972
22 17 0 33.9836 13.3931
22 18 0 35.2406 56.6704
22 19 0 17.1254 4.75249
22 20 1 69.1236 3.67899
22 21 0 44.6895 17.365
22 23 1 59.6201 32.8424
22 24 0 23.9847 15.9817
22 25 0 73.456 65.8832
22 26 0 0.285983 20.6143
22 27 0 42.5983 36.3381
22 28 0 81.3456 33.7015
22 29 1 10.6463 62.7613
22 30 0 20.2661 59.9532
22 31 0 47.0299 21.5728
22 32 0 88.131 92.7841
22 33 0 24.5437 75.0732
22 34 0 26.1335 98.5976
22 35 0 60.6845 74.1934
22 36 0 69.8653 88.0979
22 37 0 48.6596 81.4801
22 38 0 8.37671 67.9343
22 39 0 11.0836 99.9996
22 40 0 1.40947 88.7138
23 1 0 64.2105 11.0846
23 2 0 35.9529 30.6385
23 3 0 71.2771 34.6308
23 4 0 48.9417 22.1593
23 5 0 63.2536 70.6747
23 6 0 41.9561 98.4508
23 7 0 85.3161 24.5141
23 8 0 92.3027 90.77
23 9 0 54.2518 24.8639
23 10 0 39.6894 95.5592
23 11 0 71.5338 82.8601
23 12 1 61.4647 98.105
23 13 0 48.2269 77.9315
23 14 0 36.7228 86.731
23 15 0 55.9149 86.4057
23 16 0 59.3644 48.593
23 17 0 7.06756 69.2915
23 18 0 3.13535 71.457
23 19 0 98.7216 53.4074
23 20 0 60.9312 39.8769
23 21 0 67.7982 8.46345
23 22 0 10.5041 62.5956
23 24 1 17.0136 37.5519
23 25 0 54.98 32.5024
23 26 0 55.5853 31.8929
23 27 0 78.4648 57.7456
23 28 1 8.11549 75.2911
23 29 1 38.7892 86.7168
23 30 0 37.8683 2.27192
23 31 0 30.4649 80.8243
23 32 0 52.7968 78.3773
23 33 0 72.8776 83.6159
23 34 0 26.5642 71.6671
23 35 0 55.9974 18.3398
23 36 0 57.9737 28.3691
23 37 0 22.243 0.267881
23 38 0 63.697 99.8741
23 39 0 0.608533 8.37072
23 40 0 86.2642 68.0435
24 1 0 36.2283 49.9509
24 2 0 21.2266 84.1943
24 3 0 88.9218 0.0274535
24 4 1 87.4257 31.3127
24 5 0 85.5307 30.1475
24 6 0 29.043 91.8148
24 7 1 56.2454 63.5353
24 8 0 55.6076 7.24041
24 9 0 67.9837 35.8932
24 10 0 81.4231 2.27231
24 11 1 8.3597 60.9038
24 12 1 81.456 88.6071
24 13 0 59.8998 8.37249
24 14 0 18.4852 78.8095
24 15 0 78.5672 32.7899
24 16 0 64.0079 10.1303
24 17 0 72.7075 16.4217
24 18 0 20.1895 28.684
24 19 0 0.71925 59.69
24 20 0 95.7628 53.4964
24 21 1 98.2852 37.7184
24 22 0 21.504 63.5305
24 23 0 82.551 29.891
24 25 1 1.24516 22.567
24 26 0 35.0949 89.532
24 27 0 14.8093 14.7643
24 28 1 52.1114 82.839
24 29 0 15.9469 30.9729
24 30 0 29.778 83.8503
24 31 0 98.9509 69.9794
24 32 0 57.2545 61.4106
24 33 0 96.8076 60.3185
24 34 0 40.5936 0.997807
24 35 0 23.4698 15.9727
24 36 1 45.2533 20.9395
24 37 1 21.0663 19.6302
24 38 0 76.0155 94.3221
24 39 0 96.4225 34.127
24 40 1 26.3631 3.35265
25 1 0 25.1238 53.0711
25 2 0 63.5183 45.9506
25 3 0 83.305 92.8393
25 4 1 92.2215 9.84887
25 5 0 89.0795 48.0586
25 6 0 88.4292 80.3612
25 7 0 61.5827 61.3615
25 8 0 49.9928 70.1374
25 9 0 83.996 60.9687
25 10 1 56.1001 80.1862
25 11 1 67.0624 5.73453
25 12 0 27.4743 93.2769
25 13 0 52.7323 27.1904
25 14 0 17.8048 32.905
25 15 0 45.8751 61.6465
25 16 0 91.4426 81.857
25 17 0 75.1747 76.1445
25 18 0 3.46986 7.11048
25 19 1 30.911 44.2709
25 20 0 23.6388 61.5296
25 21 0 31.3495 1.33024
25 22 1 74.9314 99.8356
25 23 0 6.526 71.9721
25 24 0 36.7083 13.1499
25 26 1 48.6225 37.4098
25 27 0 35.7586 51.6282
25 28 1 8.74283 5.00158
25 29 0 68.9361 34.2644
25 30 0 52.0181 37.2465
25 31 0 27.8782 6.9096
25 32 0 76.0652 73.6919
25 33 0 88.0154 43.1033
25 34 0 20.1964 50.9083
25 35 0 75.439 29.7278
25 36 0 17.9694 44.2123
25 37 0 40.698 40.0422
25 38 0 27.6097 80.9494
25 39 0 67.1338 70.1811
25 40 0 15.0637 90.1935
26 1 0 32.6244 52.4492
26 2 0 31.0919 13.9721
26 3 0 11.2491 46.0646
26 4 0 78.3185 94.6095
26 5 1 78.3057 63.9413
26 6 0 63.2109 16.4826
26 7 0 71.4795 36.419
26 8 0 57.9183 20.0599
26 9 0 94.6764 71.2717
26 10 0 18.0082 98.7909
26 11 0 11.7027 94.3442
26 12 0 79.3933 13.9334
26 13 1 84.8429 38.768
26 14 0 26.1795 1.89154
26 15 0 92.521 39.4773
26 16 0 55.1846 63.4164
26 17 0 94.0629 79.242
26 18 1 78.0161 91.0751
26 19 0 48.1354 81.9197
26 20 0 11.2581 57.3793
26 21 0 52.4136 88.6361
26 22 0 33.5019 78.8432
26 23 0 38.3918 70.2802
26 24 0 85.3235 4.2597
26 25 0 22.4266 34.3679
26 27 1 54.9035 33.2602
26 28 0 3.86058 66.6978
26 29 0 75.4454 57.6891
26 30 0 75.572 51.8007
26 31 0 50.3579 17.2392
26 32 0 37.4801 19.8615
26 33 1 14.7901 89.8988
26 34 0 64.3029 13.8378
26 35 1 52.1227 42.1707
26 36 1 78.8408 2.23799
26 37 0 15.1914 39.4532
26 38 0 61.001 89.5855
26 39 0 40.4853 56.6084
26 40 0 8.94023 3.19141
27 1 0 76.7631 53.4281
27 2 0 65.4715 72.903
27 3 0 43.0357 58.69
27 4 0 87.1359 52.9351
27 5 0 58.4932 38.0828
27 6 0 20.8233 32.2018
27 7 0 88.1507 29.8776
27 8 0 12.2799 28.5473
27 9 0 94.802 79.244
27 10 0 84.8501 71.3895
27 11 1 10.0621 44.0503
27 12 0 46.3083 74.5709
27 13 0 97.6709 81.1108
27 14 0 97.0069 96.2029
27 15 0 87.2662 17.1085
27 16 0 87.121 57.0339
27 17 0 60.2739 29.1624
27 18 1 34.3741 53.0907
27 19 0 27.6021 32.7784
27 20 0 24.2782 38.7386
27 21 0 94.4042 6.68404
27 22 0 3.20623 46.3354
27 23 0 15.5917 40.9898
27 24 0 81.3908 91.3812
27 25 0 94.8173 99.5968
27 26 0 94.1412 92.7005
27 28 1 37.6796 13.062
27 29 1 24.7025 17.1888
27 30 0 68.8995 87.2313
27 31 0 63.2011 5.92014
27 32 0 35.8227 79.393
27 33 0 76.9835 74.0218
27 34 0 6.32093 15.8371
27 35 0 75.2666 29.4597
27 36 0 35.4586 8.68311
27 37 0 88.2035 10.1291
27 38 0 97.9381 89.475
27 39 0 83.7901 15.9132
27 40 0 3.39018 33.9184
28 1 0 30.8102 8.31274
28 2 0 51.1917 67.2581
28 3 0 1.11487 52.3355
28 4 0 17.1962 36.9732
28 5 0 15.7823 65.4699
28 6 0 57.4447 63.8526
28 7 1 14.3455 96.8037
28 8 0 27.5482 84.2023
28 9 0 54.761 23.8622
28 10 0 25.6688 71.4079
28 11 1 57.8718 82.3372
28 12 0 71.8837 16.4391
28 13 1 61.294 72.6387
28 14 1 79.0385 91.2378
28 15 0 38.6085 59.5981
28 16 1 92.464 88.9534
28 17 0 43.6606 84.3561
28 18 0 72.1194 94.4071
28 19 0 36.4833 61.6122
28 20 0 55.7429 63.5483
28 21 0 52.0977 79.3099
28 22 1 98.4503 93.4665
28 23 0 2.90793 10.5232
28 24 0 54.7306 6.40711
28 25 0 9.26362 77.7674
28 26 0 53.125 74.1759
28 27 0 93.6225 50.7116
28 29 1 58.1311 53.2024
28 30 0 93.5882 57.4154
28 31 0 43.7129 96.1331
28 32 0 41.1212 79.661
28 33 0 14.727 7.7753
28 34 0 49.697 94.7155
28 35 0 39.1262 79.5213
28 36 0 59.6083 14.445
28 37 0 75.2493 51.8492
28 38 0 71.7056 73.0312
28 39 1 53.0388 35.6976
28 40 1 57.0443 37.9423
29 1 0 72.3775 12.2634
29 2 0 24.5825 66.4006
29 3 0 42.9376 35.8585
29 4 0 16.7018 97.1392
29 5 0 73.3785 29.0093
29 6 0 64.5822 65.7385
29 7 0 23.4062 40.3178
29 8 0 33.2304 18.2637
29 9 0 99.2655 99.9019
29 10 0 13.448 48.5465
29 11 0 6.5126 6.16444
29 12 0 22.5238 50.4607
29 13 0 65.4266 89.5621
29 14 0 11.7252 56.1791
29 15 0 42.0678 68.7764
29 16 1 2.93144 24.6204
29 17 1 19.9139 91.2492
29 18 0 4.31951 79.5125
29 19 0 85.2179 24.9629
29 20 1 22.6798 8.78583
29 21 0 31.0466 76.6698
29 22 0 56.6311 83.9801
29 23 0 79.7028 2.77739
29 24 0 15.5744 44.174
29 25 0 1.88945 39.2107
29 26 0 9.90596 31.2683
29 27 0 60.8466 38.8337
29 28 0 80.8568 52.2736
29 30 1 80.5997 20.8708
29 31 0 9.33306 69.3852
29 32 0 55.919 4.97464
29 33 0 93.2899 34.767
29 34 0 47.8797 21.8509
29 35 0 57.1845 81.9844
29 36 0 85.9164 29.7124
29 37 0 20.4065 56.5944
29 38 0 89.5174 24.2684
29 39 0 71.631 84.0079
29 40 0 17.2004 16.3002
30 1 0 68.6819 26.0033
30 2 0 0.0454753 24.4385
30 3 0 92.5061 22.0855
30 4 0 68.721 3.38493
30 5 0 91.165 88.5471
30 6 0 99.2352 9.85077
30 7 1 85.5359 58.7339
30 8 1 79.9814 71.8523
30 9 0 14.9493 12.5417
30 10 1 19.188 51.3708
30 11 0 47.1389 38.4219
30 12 0 93.1035 66.4389
30 13 0 89.5596 75.1967
30 14 1 62.7192 19.6959
30 15 0 99.7359 68.6807
30 16 0 28.4646 98.8806
30 17 1 41.9281 37.9239
30 18 0 48.3376 44.2613
30 19 1 17.2391 92.0481
30 20 0 81.7273 63.453
30 21 1 73.5042 79.6637
30 22 0 35.9084 54.994
30 23 0 81.9166 61.9447
30 24 0 19.2098 62.211
30 25 0 30.8929 23.9323
30 26 0 24.1762 90.5207
30 27 1 72.5734 22.2326
30 28 0 58.5485 71.9087
30 29 0 89.7174 69.4411
30 31 1 33.3405 76.2832
30 32 0 24.126 86.7944
30 33 0 23.6775 29.3658
30 34 1 91.4696 56.9508
30 35 0 37.0494 88.9392
30 36 1 25.1145 69.0128
30 37 0 5.52113 41.2342
30 38 1 18.9338 14.9186
30 39 0 59.4632 77.6261
30 40 0 36.4199 78.497
31 1 0 42.8436 43.7623
31 2 0 29.6247 93.7392
31 3 0 97.55 74.2219
31 4 0 59.673 45.1265
31 5 0 2.58729 19.6163
31 6 0 9.59715 52.6461
31 7 0 50.1479 61.7091
31 8 0 87.2839 30.1881
31 9 0 4.7418 54.1695
31 10 0 16.318 12.2701
31 11 0 25.5679 64.1274
31 12 0 71.6497 47.5899
31 13 0 20.7879 87.5251
31 14 0 56.8455 58.3356
31 15 0 15.1921 26.9327
31 16 1 4.23817 90.3376
31 17 0 45.1923 69.6032
31 18 0 32.9795 46.9775
31 19 1 35.2824 37.0542
31 20 0 84.624 11.5171
31 21 0 88.4837 52.0698
31 22 0 53.7238 15.0122
31 23 1 40.8383 37.7694
31 24 0 75.5794 14.3389
31 25 0 59.7856 69.2747
31 26 1 82.5113 30.232
31 27 0 99.5811 50.6648
31 28 0 77.9189 36.834
31 29 0 68.9366 0.193047
31 30 1 31.3715 23.6972
31 32 1 17.4241 9.79439
31 33 0 47.5831 44.5372
31 34 0 2.26248 97.869
31 35 1 68.174 44.4031
31 36 0 46.4384 80.0864
31 37 0 10.2027 23.6818
31 38 0 0.592132 62.0542
31 39 0 59.7292 9.55856
31 40 0 17.6891 82.518
32 1 0 77.3917 90.4993
32 2 0 97.7559 92.017
32 3 0 43.7019 91.8094
32 4 0 64.1262 84.1506
32 5 1 83.0047 89.5039
32 6 0 1.54362 92.1452
32 7 1 6.51541 19.3495
32 8 0 52.5996 83.6565
32 9 0 51.9658 7.73031
32 10 0 45.1582 20.2011
32 11 0 92.9903 83.8216
32 12 1 14.1574 90.1731
32 13 0 69.7427 23.2943
32 14 0 82.9922 97.027
32 15 1 91.4283 12.0399
32 16 0 40.8489 38.8284
32 17 0 33.6221 0.210818
32 18 0 50.1642 73.4671
32 19 0 74.1959 41.3219
32 20 0 48.1178 51.3737
32 21 0 21.6909 15.5756
32 22 0 61.1196 43.2243
32 23 0 4.516 52.9616
32 24 0 65.2596 26.2012
32 25 0 86.755 79.6925
32 26 1 95.2285 10.1801
32 27 1 60.7494 56.3088
32 28 0 90.3066 21.5969
32 29 0 5.04513 73.0278
32 30 1 82.4375 15.5264
32 31 0 53.3951 62.8943
32 33 1 12.0195 81.3686
32 34 0 88.1898 77.8826
32 35 0 86.7238 89.601
32 36 0 48.6433 72.8278
32 37 1 43.6701 7.10146
32 38 0 12.2398 38.5478
32 39 0 11.7465 10.5432
32 40 0 27.3999 20.5827
33 1 1 29.0433 52.8296
33 2 0 62.9308 11.0589
33 3 0 27.5747 38.3369
33 4 1 59.0833 74.8163
33 5 0 36.5544 81.585
33 6 0 14.5175 99.269
33 7 0 47.1794 39.2668
33 8 1 96.2955 27.4463
33 9 0 47.6364 67.639
33 10 0 77.6631 23.1457
33 11 1 55.1638 16.6323
33 12 0 87.1177 21.544
33 13 0 23.2163 28.2937
33 14 0 28.7627 41.912
33 15 0 13.2872 64.5154
33 16 0 34.4665 73.6128
33 17 0 19.012 89.8403
33 18 0 63.949 24.2388
33 19 1 17.2221 36.6105
33 20 0 0.336477 78.6264
33 21 0 34.7304 8.52743
33 22 1 73.1633 98.9037
33 23 0 90.7743 44.408
33 24 1 87.5595 54.71
33 25 0 22.8788 23.0887
33 26 0 22.2937 7.79996
33 27 1 81.3461 71.8623
33 28 0 37.5907 71.2883
33 29 0 99.2551 80.0533
33 30 1 38.1885 13.5165
33 31 0 11.8633 54.2913
33 32 0 10.1719 98.5269
33 34 1 13.8776 56.6911
33 35 1 42.0702 33.8164
33 36 0 37.6348 61.99
33 37 0 74.0186 32.5721
33 38 0 45.143 76.2707
33 39 0 10.3017 14.2931
33 40 1 41.8616 88.1388
34 1 0 18.1905 9.71524
34 2 0 53.5112 74.6491
34 3 0 16.9072 66.3626
34 4 1 34.7467 70.6156
34 5 1 3.08474 55.7126
34 6 0 62.7835 48.6444
34 7 1 63.7564 10.0613
34 8 0 49.7224 70.2885
34 9 0 76.9065 91.5548
34 10 0 67.9548 6.54393
34 11 0 69.3754 68.5298
34 12 0 44.0563 88.9148
34 13 0 94.8001 15.1705
34 14 0 84.4932 85.7271
34 15 1 58.8399 98.7656
34 16 1 3.20218 66.098
34 17 0 66.4745 93.1661
34 18 0 10.7119 10.8551
34 19 0 4.84411 23.0732
34 20 0 32.9376 41.1298
34 21 0 68.5049 22.3175
34 22 0 81.4389 51.7338
34 23 0 18.969 32.955
34 24 0 54.8857 89.9424
34 25 0 87.443 42.1316
34 26 0 87.8734 90.717
34 27 0 48.3656 89.2006
34 28 1 96.0954 64.1231
34 29 0 66.0967 90.5317
34 30 0 39.5186 74.8008
34 31 0 28.1907 39.346
34 32 0 89.8341 64.4194
34 33 1 4.23549 76.2608
34 35 1 56.7679 82.227
34 36 0 88.4592 45.6146
34 37 0 85.9568 34.2475
34 38 0 4.34368 3.8415
34 39 0 98.8151 81.2651
34 40 0 85.7603 76.8395
35 1 0 28.8634 56.8391
35 2 0 58.2827 84.1183
35 3 0 76.2104 4.15053
35 4 1 75.1776 4.99816
35 5 0 46.2593 22.7334
35 6 0 77.3348 80.5634
35 7 0 80.4678 62.0389
35 8 0 95.4783 95.4826
35 9 1 22.3421 89.8153
35 10 0 83.8769 14.4586
35 11 1 89.8791 5.81433
35 12 1 67.5391 80.9117
35 13 0 4.20463 85.1853
35 14 0 6.64259 21.496
35 15 1 14.104 61.1201
35 16 1 62.3561 8.58174
35 17 0 25.2268 42.3807
35 18 0 51.6037 17.5526
35 19 0 41.5357 12.7662
35 20 0 15.0256 23.3066
35 21 0 94.1439 82.5897
35 22 0 17.4773 12.7222
35 23 1 55.0242 95.9225
35 24 0 11.317 33.2978
35 25 0 43.1362 90.0104
35 26 0 53.236 36.4386
35 27 0 75.7714 93.8843
35 28 1 63.7379 34.3518
35 29 0 84.3456 51.3949
35 30 0 46.7434 28.9703
35 31 0 21.834 45.0718
35 32 0 98.412 41.1846
35 33 0 41.9882 77.1099
35 34 0 27.1019 57.8967
35 36 1 75.1753 91.5042
35 37 0 54.7138 6.3411
35 38 0 1.70019 0.789975
35 39 0 49.6192 61.8264
35 40 0 85.8882 41.9826
36 1 1 96.1167 42.4651
36 2 0 17.2422 7.14757
36 3 0 90.0801 88.2511
36 4 0 16.0702 93.7713
36 5 0 34.6839 20.7751
36 6 0 92.3157 77.2084
36 7 0 17.7633 10.2727
36 8 0 60.9917 94.8207
36 9 0 76.193 16.5112
36 10 0 74.3704 85.6129
36 11 0 1.27297 3.40199
36 12 0 56.3037 14.8114
36 13 0 9.55829 50.9035
36 14 0 89.1073 41.5212
36 15 1 31.9844 29.2051
36 16 0 93.6122 47.31
36 17 0 13.8831 69.7342
36 18 0 37.9792 1.41461
36 19 1 67.1541 36.7747
36 20 1 91.6009 14.7391
36 21 0 17.8339 10.0858
36 22 1 33.0221 19.5792
36 23 0 82.9724 3.32444
36 24 0 45.0029 96.1927
36 25 0 63.7261 66.8879
36 26 0 71.8775 91.0329
36 27 0 54.6661 75.3132
36 28 0 43.6578 73.9465
36 29 0 12.9766 6.45438
36 30 0 34.2586 50.9378
36 31 1 42.1565 12.6568
36 32 0 39.793 34.4475
36 33 0 84.1558 7.24308
36 34 0 23.6039 35.3197
36 35 0 40.1825 38.8053
36 37 1 39.8317 35.9019
36 38 0 58.9484 47.6362
36 39 0 5.84611 56.7973
36 40 0 36.7419 52.6627
37 1 0 87.4882 18.4502
37 2 0 45.1169 85.7067
37 3 0 11.164 72.9813
37 4 0 55.616 65.689
37 5 0 29.6983 13.8808
37 6 0 33.677 91.9699
37 7 0 50.6923 94.9726
37 8 0 31.972 39.8116
37 9 0 81.2771 21.3817
37 10 0 26.7927 76.6897
37 11 0 97.5519 4.48418
37 12 0 96.8414 23.2546
37 13 0 51.5996 68.9626
37 14 0 24.8096 92.6035
37 15 0 4.72178 38.1363
37 16 0 12.2243 73.8054
37 17 0 18.3734 84.8921
37 18 1 27.3423 96.6434
37 19 0 56.1178 56.8974
37 20 0 2.44569 38.574
37 21 0 72.9283 66.8039
37 22 0 89.9702 81.6757
37 23 0 37.7511 55.1527
37 24 0 79.8412 62.3234
37 25 0 42.3762 73.1783
37 26 1 85.0887 73.0596
37 27 0 88.0298 14.2617
37 28 0 54.4242 23.0641
37 29 0 38.2611 21.0833
37 30 1 7.30477 47.5859
37 31 0 20.7172 2.7809
37 32 0 44.1421 86.4704
37 33 0 16.28 12.6819
37 34 0 52.5692 10.3554
37 35 0 42.4029 58.8967
37 36 1 16.2949 95.1139
37 38 1 37.1229 39.849
37 39 0 53.3402 78.7315
37 40 0 25.2222 62.2085
38 1 0 31.2274 78.2242
38 2 0 4.68146 40.2053
38 3 0 27.0334 50.2969
38 4 0 4.49572 12.9112
38 5 0 5.5675 84.6786
38 6 0 45.1868 23.8939
38 7 0 95.4833 43.468
38 8 0 79.3921 22.7404
38 9 0 71.3522 85.1839
38 10 0 35.5077 22.3886
38 11 0 4.81695 53.2949
38 12 1 53.9054 61.5861
38 13 0 58.4164 31.2873
38 14 1 90.8914 67.4922
38 15 0 17.8037 39.9428
38 16 0 74.1603 5.74378
38 17 0 69.8372 15.9113
38 18 0 79.1062 98.7265
38 19 1 48.3655 83.5539
38 20 0 95.4804 19.4479
38 21 0 13.4675 66.0548
38 22 0 1.54999 94.4683
38 23 0 54.7909 84.9076
38 24 0 46.1955 27.8623
38 25 1 87.4882 96.7318
38 26 1 67.9798 10.8022
38 27 0 7.00409 92.988
38 28 0 70.3124 94.8752
38 29 1 53.8736 84.0432
38 30 0 4.12416 98.238
38 31 0 64.7258 69.8279
38 32 0 33.5449 46.9028
38 33 0 75.0819 83.6677
38 34 0 92.0839 74.6241
38 35 0 7.89951 95.8595
38 36 0 21.465 35.1029
38 37 0 40.4115 37.5797
38 39 1 50.0954 97.4033
38 40 0 71.7939 7.64532
39 1 0 62.0673 1.15712
39 2 0 1.7488 2.43493
39 3 0 0.262041 91.7113
39 4 0 58.7924 59.519
39 5 0 7.77699 73.7821
39 6 0 15.1559 2.74167
39 7 0 78.9909 91.042
39 8 0 53.2492 42.5544
39 9 0 65.1333 86.2648
39 10 1 19.2304 51.8831
39 11 0 25.7278 35.7839
39 12 0 73.0437 30.3331
39 13 1 50.7797 29.0646
39 14 0 54.6375 46.2906
39 15 0 51.3894 42.7054
39 16 0 39.5885 24.7468
39 17 0 7.08081 82.4555
39 18 0 78.3605 72.3867
39 19 0 63.5123 60.2196
39 20 0 1.81462 12.0105
39 21 0 23.1721 14.0989
39 22 0 65.3256 19.2671
39 23 1 5.40493 86.5895
39 24 0 95.3721 19.5739
39 25 1 71.225 81.4077
39 26 0 91.8586 32.7444
39 27 0 3.69579 55.6789
39 28 0 20.3511 29.034
39 29 0 98.3436 6.25813
39 30 0 71.5225 62.0867
39 31 0 92.402 93.4454
39 32 0 0.329083 88.1969
39 33 0 40.7079 11.4307
39 34 1 39.9223 37.5924
39 35 0 53.5877 8.40299
39 36 0 64.4544 28.7854
39 37 1 28.3049 18.6547
39 38 0 59.4934 20.9359
39 40 1 84.2221 34.3424
40 1 1 1.53841 95.7926
40 2 0 10.2495 79.2485
40 3 0 7.12528 46.3679
40 4 1 49.2226 80.3632
40 5 1 59.8959 29.3735
40 6 0 13.7319 66.7205
40 7 0 5.19804 9.30034
40 8 0 30.9006 71.6229
40 9 0 86.6135 94.9607
40 10 0 51.793 24.0334
40 11 0 84.4263 29.6741
40 12 0 5.79057 65.1455
40 13 0 30.3895 23.9041
40 14 0 56.5661 45.2258
40 15 0 52.9766 80.5538
40 16 0 22.1297 67.1961
40 17 0 77.8205 99.8712
40 18 0 2.21358 88.4668
40 19 0 74.9091 64.2881
40 20 0 11.9022 78.0272
40 21 1 97.4201 75.5171
40 22 0 10.119 78.7695
40 23 0 5.06236 12.6619
40 24 0 35.9703 14.8082
40 25 0 37.7619 13.2689
40 26 0 70.6161 10.6358
40 27 1 69.2854 90.0948
40 28 0 94.3389 67.8036
40 29 1 41.756 9.39237
40 30 0 63.21 98.1132
40 31 0 23.8464 57.486
40 32 1 83.9274 48.7645
40 33 0 34.7102 5.05577
40 34 0 19.9092 23.9972
40 35 1 46.9572 2.70022
40 36 0 13.5841 10.727
40 37 0 56.0439 79.9775
40 38 1 45.5122 3.02929
40 39 0 14.8302 65.0425
1.62496 39.7708 6.05498 33.305 5.16461 32.3349 20.1656 27.9916 16.8465 4.17136 24.1368 38.1688 19.8357 9.14261 27.2258 1.63597 10.7326 19.9437 20.3338 3.00897 3.1621 18.5624 12.5527 21.6763 22.803 24.7861 32.3544 22.6288 8.02357 26.7063 28.157 11.6891 19.2234 36.2865 14.5284 11.8131 33.387 12.6786 6.58678 31.42 