40
500
4
50
1 2 1 23.1503 57.5953
1 3 0 17.8732 6.83693
1 4 0 20.4802 22.6735
1 5 0 83.6456 93.0213
1 6 0 85.9848 77.777
1 7 0 74.4906 40.5136
1 8 0 94.2281 29.702
1 9 0 59.6828 30.298
1 10 0 42.0209 4.306
1 11 1 53.9821 53.6974
1 12 0 44.9784 67.3959
1 13 1 90.0384 42.8301
1 14 0 70.7373 9.40194
1 15 0 38.5281 45.7479
1 16 1 94.8763 79.6248
1 17 0 81.2176 78.7971
1 18 0 3.28981 40.3102
1 19 0 48.8216 19.3969
1 20 0 92.036 66.3438
1 21 0 66.0362 72.3641
1 22 0 40.274 1.84753
1 23 0 72.9015 82.2229
1 24 0 81.096 32.2852
1 25 0 90.6087 11.3545
1 26 1 72.7964 21.1107
1 27 0 64.0582 74.0742
1 28 0 48.2685 45.8079
1 29 0 9.94368 7.63017
1 30 0 52.4519 11.22
1 31 0 95.9325 91.9851
1 32 0 55.3454 43.6603
1 33 1 81.5041 23.4915
1 34 0 3.90533 74.0789
1 35 0 59.7555 80.8358
1 36 0 23.5736 94.2741
1 37 0 50.2055 9.44559
1 38 1 36.68 52.2693
1 39 1 47.9797 10.2267
1 40 1 67.0076 79.1622
2 1 0 27.4711 99.5146
2 3 1 30.3366 89.3455
2 4 1 69.1177 58.2364
2 5 0 89.83 18.3323
2 6 1 28.3355 52.0502
2 7 0 94.3083 78.7412
2 8 0 80.1396 9.73312
2 9 0 26.0206 2.91603
2 10 0 58.2387 94.2029
2 11 0 59.8205 41.0828
2 12 0 18.8969 65.1125
2 13 0 1.05931 74.0602
2 14 0 72.5657 32.8375
2 15 0 33.9222 81.6619
2 16 0 45.8708 68.3395
2 17 0 40.2257 65.2612
2 18 0 6.66175 8.78875
2 19 1 71.9387 21.9642
2 20 0 61.2354 45.013
2 21 0 39.1085 7.60528
2 22 0 81.0829 27.3045
2 23 1 9.46969 50.2202
2 24 0 97.176 50.7861
2 25 0 75.334 63.2498
2 26 1 93.2641 34.3504
2 27 0 23.3907 49.8536
2 28 0 99.6361 69.7314
2 29 1 50.955 13.4793
2 30 0 84.6011 7.98749
2 31 0 36.8883 49.804
2 32 1 90.1033 32.0697
2 33 0 25.1514 0.198255
2 34 0 57.0899 96.2957
2 35 1 9.44482 42.6593
2 36 1 14.9968 74.6599
2 37 1 17.6633 12.468
2 38 1 4.24829 54.6556
2 39 0 17.3451 52.8989
2 40 1 92.1179 39.2769
3 1 0 58.6696 64.2157
3 2 0 24.4864 26.364
3 4 1 75.1366 14.3719
3 5 1 0.146288 85.8797
3 6 0 76.7871 25.1113
3 7 0 93.516 80.5823
3 8 0 79.5725 62.6914
3 9 1 36.7475 43.0047
3 10 0 66.3033 33.4182
3 11 1 71.1821 76.5159
3 12 0 39.961 99.2931
3 13 1 15.0435 84.5734
3 14 0 44.6476 68.2348
3 15 0 51.763 54.2473
3 16 0 56.244 52.9332
3 17 0 6.06172 48.2385
3 18 1 25.4119 71.8377
3 19 0 8.53362 94.9179
3 20 0 59.6022 42.2284
3 21 1 3.04724 75.6173
3 22 1 22.6009 92.0838
3 23 1 21.3066 90.6863
3 24 1 97.101 26.3641
3 25 0 23.1782 22.4655
3 26 0 71.379 7.30565
3 27 0 29.3363 80.8813
3 28 1 19.6675 77.888
3 29 0 66.9826 99.8885
3 30 0 20.987 52.8214
3 31 0 10.2244 64.5133
3 32 0 42.6456 64.192
3 33 1 1.15318 46.8346
3 34 0 38.6072 85.9969
3 35 0 54.3613 69.4716
3 36 0 9.53999 29.4179
3 37 0 15.5001 70.9093
3 38 0 49.8441 22.9109
3 39 0 66.4825 74.9575
3 40 1 42.2719 59.2232
4 1 1 9.96096 46.2364
4 2 1 67.4594 12.7604
4 3 0 33.695 95.851
4 5 1 79.3251 83.6244
4 6 0 90.3068 89.0197
4 7 0 60.273 46.1066
4 8 0 96.2063 41.6012
4 9 0 51.0329 73.993
4 10 0 27.626 51.1418
4 11 0 32.8656 68.7242
4 12 0 17.7333 9.67167
4 13 0 97.6664 64.3394
4 14 1 76.7403 49.2481
4 15 1 53.8479 74.2922
4 16 0 15.9081 38.8581
4 17 0 29.2331 44.9422
4 18 1 37.5147 39.8744
4 19 0 81.4789 2.39751
4 20 0 43.5476 3.01316
4 21 0 11.779 27.099
4 22 0 70.0249 56.1094
4 23 0 59.9891 51.7799
4 24 0 76.4296 87.5701
4 25 0 34.6534 7.94549
4 26 1 85.6917 10.2566
4 27 1 93.1675 29.0524
4 28 0 21.1335 63.1857
4 29 0 63.296 84.4201
4 30 0 17.0461 63.7546
4 31 0 35.2427 95.8327
4 32 1 98.772 37.9518
4 33 0 20.3924 73.7923
4 34 1 70.0904 76.4326
4 35 1 34.4549 0.0604055
4 36 0 23.8177 53.4882
4 37 0 74.0858 91.9717
4 38 0 33.7956 0.903411
4 39 0 63.5407 92.4686
4 40 0 9.78003 9.61765
5 1 0 84.8001 92.5966
5 2 0 60.5095 25.9366
5 3 0 83.6514 76.0928
5 4 1 77.0336 5.46751
5 6 1 24.0853 61.8355
5 7 1 37.4496 46.4661
5 8 1 38.0638 94.9708
5 9 0 1.72411 34.9226
5 10 0 13.8562 40.5454
5 11 0 89.4398 43.5785
5 12 1 78.2636 68.3667
5 13 0 4.62773 91.2137
5 14 1 38.5633 75.7594
5 15 1 40.9297 17.1891
5 16 1 3.22394 48.6256
5 17 1 3.04555 48.3356
5 18 0 4.8455 62.0506
5 19 1 93.463 83.7261
5 20 1 83.4753 30.9876
5 21 0 50.4052 70.5477
5 22 1 36.532 86.2726
5 23 0 77.1489 59.5362
5 24 0 59.7102 22.6616
5 25 0 98.2299 68.9922
5 26 0 3.61933 23.4252
5 27 0 25.0944 65.9681
5 28 0 92.7746 21.2243
5 29 0 61.2456 92.8649
5 30 0 65.7753 16.1068
5 31 0 8.90806 38.8625
5 32 0 71.9103 59.4539
5 33 0 15.8828 78.9353
5 34 0 72.9353 83.2094
5 35 0 12.3972 74.2655
5 36 0 14.1786 24.3652
5 37 0 38.2401 89.3588
5 38 0 86.4953 10.9902
5 39 1 99.0717 16.7832
5 40 1 85.1726 83.9862
6 1 0 59.6344 9.21464
6 2 1 57.2524 11.7625
6 3 0 0.594604 98.6979
6 4 0 32.8688 15.2358
6 5 0 42.2003 90.7204
6 7 1 15.7988 6.17831
6 8 1 59.1427 97.3872
6 9 0 44.8377 94.8143
6 10 0 29.9534 98.513
6 11 1 49.2722 47.993
6 12 0 13.8891 83.7284
6 13 0 90.4945 37.2977
6 14 0 2.13387 8.67254
6 15 0 88.0557 62.8734
6 16 1 50.3371 24.8727
6 17 0 28.3505 71.8972
6 18 0 62.8592 70.3738
6 19 1 60.1068 25.5125
6 20 0 90.108 87.8335
6 21 1 22.7 76.117
6 22 0 18.5326 75.9987
6 23 1 93.6468 61.3362
6 24 1 30.6395 52.8251
6 25 0 60.661 68.4602
6 26 0 23.6939 53.9392
6 27 0 64.0315 20.2481
6 28 1 29.7807 56.7845
6 29 0 72.4988 39.843
6 30 0 11.5476 56.6224
6 31 0 80.4838 11.3677
6 32 0 63.9497 13.3275
6 33 0 3.79753 43.3793
6 34 0 96.2406 41.8945
6 35 1 52.9622 89.7559
6 36 0 18.6387 47.8468
6 37 0 78.1261 60.109
6 38 0 33.0526 87.5882
6 39 1 52.0429 43.8868
6 40 0 60.7449 84.0244
7 1 0 87.8018 51.9212
7 2 1 23.5535 94.3314
7 3 0 84.0545 17.9803
7 4 0 54.5742 16.3109
7 5 1 19.4761 44.7844
7 6 0 30.1358 39.9945
7 8 1 0.059121 47.0701
7 9 0 14.8642 5.60476
7 10 0 64.8391 9.62385
7 11 0 15.3026 7.93602
7 12 0 76.207 4.89621
7 13 0 13.891 29.8826
7 14 0 10.3767 81.0272
7 15 0 19.9817 31.1066
7 16 0 93.9197 38.8632
7 17 1 66.94 66.436
7 18 0 40.5096 27.0486
7 19 1 40.3141 2.24596
7 20 0 93.7095 43.8999
7 21 1 65.4116 56.7601
7 22 0 11.5077 90.0393
7 23 1 55.6339 96.9263
7 24 1 34.2711 94.25
7 25 0 30.1957 62.7146
7 26 0 9.10946 90.6664
7 27 0 44.738 76.3477
7 28 0 9.55333 77.0088
7 29 0 87.2748 3.67399
7 30 0 60.8015 5.82727
7 31 0 61.1106 8.10292
7 32 0 68.8561 21.4854
7 33 0 91.601 5.54003
7 34 0 57.3145 85.8508
7 35 0 21.7356 7.19218
7 36 0 39.1743 95.1635
7 37 0 74.9841 32.0455
7 38 1 99.1444 0.237525
7 39 1 75.7459 93.7744
7 40 0 1.4594 54.084
8 1 0 59.9081 5.23029
8 2 0 63.8408 25.6914
8 3 0 84.7437 58.4872
8 4 0 50.5128 3.55708
8 5 1 99.5098 54.0596
8 6 1 24.9118 18.1385
8 7 0 76.8774 91.9591
8 9 1 79.2393 91.1943
8 10 0 7.08813 50.7357
8 11 1 31.8155 48.8941
8 12 1 98.8596 89.9881
8 13 0 16.847 83.9255
8 14 0 39.5375 87.5379
8 15 0 85.8377 10.0411
8 16 0 32.3099 37.4262
8 17 0 71.3937 40.055
8 18 1 71.4928 0.369622
8 19 0 48.2387 65.9406
8 20 0 74.336 12.2424
8 21 1 73.7446 53.963
8 22 1 47.8198 75.8954
8 23 0 87.3117 48.7183
8 24 0 71.5578 10.9365
8 25 1 48.5266 45.5296
8 26 1 3.24576 65.5503
8 27 0 91.2814 88.5744
8 28 0 63.5976 98.8668
8 29 0 92.16 35.7727
8 30 0 64.9637 56.064
8 31 0 44.189 15.7074
8 32 0 23.1173 73.7461
8 33 0 47.5423 79.9483
8 34 1 97.9284 74.6205
8 35 0 13.6964 5.73667
8 36 0 28.0987 42.2845
8 37 0 2.77027 26.6046
8 38 1 41.7785 79.9464
8 39 0 84.5719 16.2533
8 40 0 51.5421 15.5177
9 1 0 32.6898 80.686
9 2 0 72.2466 33.434
9 3 0 7.99686 90.3651
9 4 1 48.8767 85.248
9 5 1 54.4684 96.1208
9 6 0 28.0716 63.1831
9 7 0 33.7859 0.885658
9 8 0 40.818 51.8297
9 10 1 78.273 96.121
9 11 1 85.5684 60.7432
9 12 1 41.7908 99.2025
9 13 1 95.6645 62.5534
9 14 0 3.03743 11.0675
9 15 0 39.5896 72.493
9 16 1 22.8995 68.9364
9 17 1 95.1005 15.3649
9 18 0 54.1864 17.4077
9 19 1 78.0941 24.8478
9 20 0 43.3845 29.7126
9 21 1 89.2577 46.5699
9 22 0 86.5816 90.5278
9 23 0 51.5077 5.14977
9 24 0 77.6665 13.4238
9 25 0 49.6322 21.8336
9 26 1 30.1766 13.0913
9 27 0 33.476 4.52116
9 28 0 60.5281 24.4068
9 29 0 70.7498 13.2406
9 30 0 68.8997 14.3081
9 31 0 92.3621 26.1472
9 32 0 84.7822 38.8013
9 33 0 51.6167 67.0525
9 34 0 21.122 2.13277
9 35 0 76.0449 12.0762
9 36 1 96.6464 57.7356
9 37 0 76.253 58.5614
9 38 0 21.55 57.7304
9 39 1 27.3589 75.3084
9 40 0 27.7658 93.809
10 1 0 47.5786 13.7311
10 2 1 35.7392 56.0169
10 3 1 86.7444 76.2549
10 4 1 91.6961 88.8513
10 5 1 91.7529 61.3449
10 6 1 86.7809 78.7495
10 7 0 53.0842 70.8869
10 8 1 36.7304 43.6022
10 9 1 93.0775 13.4491
10 11 1 53.6911 19.9834
10 12 1 83.6526 87.1669
10 13 1 33.5368 52.101
10 14 0 15.2819 64.7152
10 15 1 0.0615092 72.0924
10 16 0 11.6498 61.5722
10 17 0 33.0488 83.5624
10 18 0 8.65646 61.1054
10 19 1 8.33761 69.4888
10 20 1 57.1067 50.5684
10 21 0 75.36 33.1883
10 22 1 65.5611 67.9249
10 23 1 34.9499 67.0624
10 24 0 48.7221 9.4122
10 25 1 85.5473 12.4506
10 26 0 71.8591 96.5881
10 27 0 29.7431 23.7845
10 28 1 69.5315 73.3757
10 29 1 50.2216 83.0767
10 30 1 36.6126 98.543
10 31 0 17.158 42.677
10 32 0 95.051 3.17194
10 33 0 91.1028 76.9961
10 34 1 72.0264 84.8146
10 35 0 28.0602 94.5459
10 36 0 47.0431 15.6926
10 37 0 74.5536 57.2686
10 38 1 95.0435 7.79371
10 39 1 36.1991 1.77034
10 40 1 86.2079 17.9992
11 1 0 22.7197 59.7472
11 2 0 64.1147 11.5402
11 3 0 54.5735 56.7035
11 4 0 52.7536 71.0718
11 5 0 37.2932 56.9555
11 6 0 29.58 63.9609
11 7 1 74.7464 95.6437
11 8 1 24.9995 20.9175
11 9 0 53.0237 61.3134
11 10 0 91.1818 88.9208
11 12 1 50.9312 32.4835
11 13 0 74.6565 68.1507
11 14 1 81.3018 90.7774
11 15 0 29.7738 37.0996
11 16 0 34.8118 35.1506
11 17 1 92.5587 18.9525
11 18 0 52.2276 60.6324
11 19 0 90.1901 47.9416
11 20 0 74.9242 47.4072
11 21 1 24.5163 97.7901
11 22 1 39.2143 39.8089
11 23 0 97.8381 46.5917
11 24 0 88.8731 12.6591
11 25 0 24.2451 10.7582
11 26 0 41.1289 92.3225
11 27 0 69.184 2.25019
11 28 0 62.7082 91.0735
11 29 0 69.7176 13.4428
11 30 0 51.088 16.2085
11 31 0 10.8719 72.8559
11 32 0 17.432 33.2505
11 33 0 95.4624 64.1445
11 34 0 66.248 82.7928
11 35 0 50.0918 41.1816
11 36 0 5.37851 69.0099
11 37 1 81.9459 90.4996
11 38 0 45.4225 55.0753
11 39 1 3.49825 22.1744
11 40 0 22.6677 45.3045
12 1 1 88.7724 90.9333
12 2 0 32.9618 91.2088
12 3 0 79.619 4.2545
12 4 0 52.7192 49.3718
12 5 0 50.0638 58.84
12 6 0 58.6856 26.9818
12 7 0 55.2407 75.9295
12 8 0 43.4159 92.4904
12 9 1 98.3192 5.37934
12 10 0 73.7212 10.5448
12 11 0 87.1447 16.845
12 13 1 29.1358 28.4592
12 14 0 16.3108 34.1179
12 15 0 8.03052 40.3035
12 16 0 93.1014 63.0387
12 17 1 51.9968 81.4796
12 18 0 42.9553 4.07149
12 19 0 73.0523 72.9747
12 20 0 2.79518 66.2189
12 21 0 48.0822 77.1109
12 22 0 69.9723 96.2559
12 23 1 2.98717 97.9628
12 24 1 68.6044 24.3864
12 25 1 11.1055 56.6261
12 26 0 96.6209 66.2995
12 27 1 68.8708 68.8954
12 28 0 87.7922 53.695
12 29 1 41.0036 32.5136
12 30 0 99.0632 41.7334
12 31 0 89.5105 14.6102
12 32 0 21.7736 46.9437
12 33 0 84.6045 26.9094
12 34 0 78.5532 95.5552
12 35 0 42.1942 21.8199
12 36 0 48.4394 53.6031
12 37 0 33.4377 64.2983
12 38 0 48.0658 65.9275
12 39 0 42.6385 79.3413
12 40 0 92.3331 50.7267
13 1 0 5.31013 50.6615
13 2 0 38.5787 51.6691
13 3 1 52.7205 3.05202
13 4 0 47.4266 33.2416
13 5 1 47.6086 62.1638
13 6 0 23.5313 7.49674
13 7 1 91.9403 3.72411
13 8 0 80.5464 74.8759
13 9 1 0.642133 38.9046
13 10 0 23.2226 12.6415
13 11 1 6.24037 59.1157
13 12 0 42.6481 97.5058
13 14 1 85.2619 85.2272
13 15 0 71.8451 86.8877
13 16 1 53.2529 18.5219
13 17 0 97.0353 74.8143
13 18 0 21.3498 58.0928
13 19 1 21.7333 35.3365
13 20 0 71.3967 34.7566
13 21 0 84.6897 44.9839
13 22 0 80.3763 15.4759
13 23 1 23.9973 30.061
13 24 1 93.4235 29.5497
13 25 0 81.9078 37.1672
13 26 0 75.898 44.2967
13 27 0 29.7171 95.088
13 28 0 49.1605 14.3246
13 29 0 89.8974 43.4186
13 30 0 25.8001 86.289
13 31 0 95.6012 96.8293
13 32 1 38.9334 19.6712
13 33 0 85.9387 53.3436
13 34 0 80.5869 46.3675
13 35 1 23.7926 71.8819
13 36 1 82.7164 58.2221
13 37 0 61.8128 39.2006
13 38 0 42.1784 65.8375
13 39 0 72.4585 0.445084
13 40 1 54.6599 32.6814
14 1 0 79.2274 76.9475
14 2 0 85.9737 24.2947
14 3 0 18.1523 80.2878
14 4 0 39.7735 80.529
14 5 1 21.6587 55.3019
14 6 1 64.7047 88.5792
14 7 0 35.9733 51.1056
14 8 0 35.8632 95.3789
14 9 0 53.4748 32.0818
14 10 1 95.6212 73.3616
14 11 0 85.543 38.9473
14 12 1 19.9159 35.4009
14 13 1 63.7448 45.0034
14 15 1 9.97087 58.7718
14 16 0 35.672 87.3467
14 17 0 50.5173 94.29
14 18 1 72.3344 78.4056
14 19 0 59.9391 59.1985
14 20 0 46.4537 17.7226
14 21 1 17.5902 10.2908
14 22 0 26.4948 85.808
14 23 0 47.7471 63.1412
14 24 0 68.9462 98.9528
14 25 0 92.5853 0.0781524
14 26 0 14.7356 59.5807
14 27 0 89.0669 56.9641
14 28 0 78.0358 86.3737
14 29 0 88.1039 62.6218
14 30 1 56.3924 85.0657
14 31 1 27.0969 69.9529
14 32 0 94.4926 88.9311
14 33 0 34.0613 16.8001
14 34 0 24.5105 82.0959
14 35 0 60.2997 42.7307
14 36 0 65.1946 72.2791
14 37 0 41.4486 28.2677
14 38 0 47.7813 69.1405
14 39 0 36.4257 4.90698
14 40 0 38.879 9.02946
15 1 0 97.8975 96.0082
15 2 1 74.5863 13.9195
15 3 1 46.2941 13.1476
15 4 0 25.6768 81.042
15 5 1 91.5179 44.4212
15 6 0 62.9278 83.2092
15 7 0 67.2097 81.9478
15 8 1 2.25119 95.1053
15 9 0 22.9543 21.835
15 10 1 25.9606 99.565
15 11 1 58.6054 99.8525
15 12 0 37.9004 45.0705
15 13 0 64.6969 15.6242
15 14 0 99.221 72.4258
15 16 1 19.2222 33.1399
15 17 0 28.0622 63.4871
15 18 1 99.534 98.9083
15 19 1 62.2768 0.136805
15 20 0 85.5712 20.9788
15 21 0 67.5628 6.63087
15 22 0 7.19017 92.4806
15 23 0 73.4162 72.9561
15 24 0 18.744 96.3522
15 25 0 50.8118 7.24737
15 26 0 38.8794 15.2891
15 27 1 31.3917 5.319
15 28 0 79.0341 98.7917
15 29 0 6.20098 1.36827
15 30 0 68.8506 96.4611
15 31 0 6.49509 99.2348
15 32 0 55.5077 31.2148
15 33 1 44.0729 32.3021
15 34 0 31.0679 41.6543
15 35 0 62.1449 96.5501
15 36 0 29.0282 72.1299
15 37 1 59.5644 29.6424
15 38 0 99.1303 93.7266
15 39 0 60.8871 63.1897
15 40 0 61.5297 84.3697
16 1 0 14.8599 34.8312
16 2 0 28.3427 54.4466
16 3 1 82.8858 48.3797
16 4 0 57.7109 56.7909
16 5 0 67.4143 0.74195
16 6 1 6.80999 27.8022
16 7 0 16.4327 13.5074
16 8 0 28.8451 38.721
16 9 0 46.4116 95.4516
16 10 1 32.9957 39.5203
16 11 0 21.967 50.2078
16 12 0 51.5678 97.0856
16 13 0 0.378759 87.1181
16 14 0 45.145 52.2285
16 15 0 33.4706 88.5903
16 17 1 93.5455 1.01736
16 18 0 81.4303 61.8351
16 19 1 39.923 89.915
16 20 1 65.8013 26.028
16 21 0 45.5737 62.2349
16 22 0 74.4764 32.0903
16 23 1 18.1132 63.5235
16 24 1 27.298 55.5688
16 25 0 16.2469 16.8591
16 26 0 2.08849 92.1724
16 27 0 90.0681 98.5575
16 28 0 81.3315 37.7878
16 29 0 48.5524 99.4876
16 30 1 19.7577 67.5392
16 31 1 94.3902 83.6711
16 32 1 41.0709 44.6511
16 33 0 82.6545 99.2863
16 34 1 5.05827 37.2233
16 35 0 2.19371 51.2892
16 36 1 42.9152 3.42869
16 37 0 62.7206 83.6694
16 38 0 0.497547 18.1537
16 39 0 98.1525 83.3829
16 40 0 29.8694 77.7487
17 1 0 97.1996 88.0597
17 2 0 40.8964 41.6535
17 3 1 49.3362 39.8726
17 4 0 14.3611 31.0548
17 5 0 1.67468 77.4736
17 6 1 35.9815 10.4794
17 7 0 68.2254 86.432
17 8 0 52.7694 99.191
17 9 0 74.0935 18.1305
17 10 0 72.6544 22.9579
17 11 1 67.0363 18.6562
17 12 0 25.7949 28.3315
17 13 0 1.19334 58.5694
17 14 0 27.9506 3.89491
17 15 0 46.6826 24.8276
17 16 0 95.3218 66.696
17 18 1 27.8702 50.5261
17 19 0 58.7624 62.5885
17 20 0 85.2291 29.8186
17 21 0 77.4919 43.9716
17 22 1 86.2606 8.50349
17 23 0 93.437 40.0927
17 24 1 74.4421 7.65506
17 25 1 79.7742 47.0698
17 26 1 99.1195 51.7049
17 27 0 93.5639 65.0079
17 28 0 40.5548 87.3286
17 29 0 19.7092 92.0195
17 30 0 66.207 16.4019
17 31 0 64.464 60.1978
17 32 0 94.195 41.2732
17 33 0 35.771 85.328
17 34 0 65.7301 14.5457
17 35 0 36.4815 81.4155
17 36 0 95.7191 54.0614
17 37 1 64.7347 61.3246
17 38 0 43.8844 79.4655
17 39 0 19.5476 60.8446
17 40 1 9.04602 9.07667
18 1 0 57.4241 51.7756
18 2 1 51.615 45.1817
18 3 0 34.5789 53.7899
18 4 1 23.1406 46.2789
18 5 1 91.4128 67.1225
18 6 0 13.6936 6.92182
18 7 1 12.8237 68.9254
18 8 0 55.4218 52.673
18 9 0 84.0741 28.5814
18 10 0 45.6507 31.8411
18 11 1 91.0243 77.9574
18 12 1 90.8642 76.2093
18 13 0 89.7214 47.0273
18 14 0 76.2304 92.488
18 15 1 94.8746 70.3838
18 16 0 23.7474 75.8456
18 17 1 5.85416 87.1337
18 19 1 80.2372 39.7113
18 20 1 95.9527 2.42469
18 21 0 61.3552 74.7624
18 22 1 49.8662 16.8785
18 23 0 13.6379 40.3927
18 24 1 74.1058 99.5945
18 25 0 4.45624 71.7932
18 26 1 28.7877 16.3746
18 27 1 45.8972 14.3589
18 28 0 39.7507 89.7054
18 29 1 48.6469 26.9343
18 30 1 83.818 70.2767
18 31 0 38.165 28.2372
18 32 1 11.2259 50.5664
18 33 0 17.5307 37.1244
18 34 0 56.5207 18.7519
18 35 1 96.9882 21.1112
18 36 0 76.7367 61.2374
18 37 0 63.5605 66.643
18 38 0 22.1272 81.5113
18 39 1 97.4314 78.9877
18 40 0 63.6772 51.5599
19 1 0 81.1103 97.2267
19 2 0 5.5597 1.17976
19 3 1 43.6659 84.4541
19 4 0 2.55886 27.6849
19 5 1 95.0115 93.1966
19 6 0 41.8041 44.0659
19 7 0 87.6857 80.4832
19 8 1 16.4612 45.1946
19 9 0 14.5154 35.8696
19 10 0 29.2909 88.437
19 11 0 92.6414 68.6853
19 12 1 46.8624 81.497
19 13 0 23.2112 19.3756
19 14 1 20.285 17.8053
19 15 0 45.3465 82.9418
19 16 0 67.1505 11.4308
19 17 1 50.3732 35.0666
19 18 0 34.0695 48.0905
19 20 1 98.0439 27.8622
19 21 0 29.4653 25.0186
19 22 0 23.2392 93.4121
19 23 0 31.1568 88.3046
19 24 1 65.4821 57.7251
19 25 1 23.5671 30.1378
19 26 0 58.366 20.8245
19 27 0 61.0617 17.7712
19 28 1 1.17117 80.9083
19 29 0 33.4947 60.5877
19 30 1 60.5778 52.8876
19 31 1 32.9752 85.8079
19 32 0 72.6819 54.2289
19 33 0 92.9401 47.1645
19 34 1 80.9881 38.1357
19 35 0 91.8939 30.3803
19 36 0 68.2734 42.218
19 37 0 1.75641 76.8005
19 38 1 14.3198 7.53494
19 39 1 10.2114 61.2409
19 40 1 92.3195 89.4983
20 1 0 42.4195 66.5748
20 2 0 15.0767 86.548
20 3 0 58.0848 6.60944
20 4 0 82.3903 70.8529
20 5 0 99.7898 55.1806
20 6 0 52.8033 84.8548
20 7 0 20.0607 92.8428
20 8 0 23.5664 98.213
20 9 0 89.0868 72.7544
20 10 0 93.6852 19.576
20 11 1 83.1111 58.7133
20 12 1 27.9884 23.4392
20 13 0 6.80381 86.4168
20 14 0 38.1982 79.3665
20 15 0 66.6979 88.9742
20 16 0 44.0609 72.9229
20 17 1 80.2107 67.7206
20 18 0 70.7112 14.7018
20 19 1 69.6922 2.39
20 21 1 67.6153 26.4034
20 22 0 68.1379 76.8072
20 23 0 74.1373 98.5584
20 24 0 68.7254 84.2844
20 25 0 24.8836 53.759
20 26 0 15.6851 17.1404
20 27 0 54.0057 93.7936
20 28 0 96.6287 43.0773
20 29 0 46.0888 4.75984
20 30 1 93.0256 25.9408
20 31 0 56.0082 27.3879
20 32 1 60.869 62.605
20 33 0 65.3078 69.1982
20 34 0 13.6841 35.2661
20 35 0 44.0929 42.4132
20 36 0 57.3768 2.77313
20 37 1 68.842 68.7067
20 38 1 14.396 68.2959
20 39 0 43.5776 92.848
20 40 0 47.7863 11.9643
21 1 1 74.4928 62.2504
21 2 0 17.9438 24.7976
21 3 0 30.5326 4.4181
21 4 0 56.5368 8.03014
21 5 0 73.1063 9.2899
21 6 1 60.3486 95.6503
21 7 0 97.0934 86.1666
21 8 0 1.32442 54.9363
21 9 0 32.2043 54.7434
21 10 1 28.2602 15.9832
21 11 1 34.9044 72.6832
21 12 0 45.8027 47.1868
21 13 0 8.00102 55.0535
21 14 1 10.5436 29.0599
21 15 0 31.1527 20.2121
21 16 0 48.3788 80.8148
21 17 1 22.1372 13.6602
21 18 1 5.94577 50.013
21 19 1 61.3666 98.3047
21 20 0 49.6948 0.534397
21 22 1 1.09171 9.54
21 23 0 96.9002 10.431
21 24 1 20.8304 15.8053
21 25 0 78.4444 9.8893
21 26 0 81.3958 38.8437
21 27 1 29.3502 84.2875
21 28 0 94.6828 81.6181
21 29 1 24.6122 39.1147
21 30 0 47.6 58.002
21 31 0 67.2806 53.6624
21 32 1 81.0618 97.8525
21 33 0 89.1109 14.6023
21 34 0 19.3822 41.0831
21 35 0 87.7783 18.8656
21 36 0 96.553 39.8838
21 37 0 45.8071 31.5935
21 38 1 63.3164 68.7539
21 39 0 48.5419 27.3721
21 40 1 51.8411 1.95231
22 1 0 59.4918 20.3657
22 2 0 33.377 55.2907
22 3 0 84.8755 70.883
22 4 0 57.4725 11.0487
22 5 1 38.4574 37.4521
22 6 1 5.54341 42.4477
22 7 0 12.3837 18.7395
22 8 0 60.7898 46.0961
22 9 0 31.2788 97.6824
22 10 0 3.16259 30.4163
22 11 0 54.0319 6.21407
22 12 1 8.24639 6.83023
22 13 1 58.1104 95.0775
22 14 1 20.7194 67.3136
22 15 1 66.1985 96.3011
22 16 0 93.4257 61.4547
22 17 0 31.0768 13.9381
22 18 0 62.5481 5.95697
22 19 0 80.1818 59.3468
22 20 0 5.30116 92.5133
22 21 1 98.0876 32.9333
22 23 1 13.7843 1.26921
22 24 0 28.6872 16.6152
22 25 1 75.7996 29.8005
22 26 1 22.9893 44.7051
22 27 1 80.3268 56.8444
22 28 0 9.95629 80.283
22 29 0 34.4369 27.5683
22 30 1 2.42538 94.9674
22 31 0 1.86889 93.6627
22 32 0 1.59234 16.6163
22 33 0 62.3863 46.3815
22 34 1 73.2863 29.4848
22 35 0 52.6953 33.6187
22 36 0 19.7853 70.5319
22 37 0 17.9688 15.824
22 38 0 78.5467 56.6181
22 39 0 76.7123 50.5097
22 40 0 59.1237 84.3526
23 1 1 96.8893 30.1235
23 2 0 20.6958 27.8
23 3 0 0.140781 95.8986
23 4 0 26.4686 67.6217
23 5 1 88.5114 68.9114
23 6 0 97.5007 38.5929
23 7 0 68.1575 70.2793
23 8 1 0.904265 57.6803
23 9 0 82.4149 40.2231
23 10 1 86.0869 32.208
23 11 1 53.6039 35.3209
23 12 0 58.7841 18.3327
23 13 0 84.5938 30.7753
23 14 0 27.1441 56.6396
23 15 0 47.0731 52.1546
23 16 1 15.9291 29.0016
23 17 0 66.1102 69.7192
23 18 0 18.978 20.6433
23 19 0 23.5903 51.4802
23 20 0 91.5141 79.4526
23 21 0 97.9756 17.2247
23 22 0 3.64247 75.3061
23 24 1 56.7146 41.3436
23 25 0 22.8301 17.1375
23 26 1 99.1423 23.3988
23 27 0 43.6398 58.2797
23 28 0 46.6009 70.6658
23 29 0 59.7418 62.8411
23 30 1 57.7652 12.4429
23 31 0 11.8446 54.3653
23 32 1 4.34085 27.6858
23 33 0 53.4552 40.9372
23 34 0 10.1995 2.0497
23 35 1 50.19 85.8598
23 36 1 6.56275 39.6273
23 37 0 84.7205 63.133
23 38 0 6.00091 21.0051
23 39 0 43.7085 70.269
23 40 1 9.20612 94.7177
24 1 1 59.7626 31.7015
24 2 0 6.29072 75.8858
24 3 1 4.15385 63.0989
24 4 0 8.2998 92.1066
24 5 1 88.6368 18.454
24 6 1 57.6131 49.3468
24 7 1 28.0925 38.7159
24 8 0 57.2256 87.6475
24 9 1 52.778 86.4608
24 10 1 73.9965 38.1917
24 11 0 59.9992 84.6115
24 12 0 13.7198 63.5187
24 13 0 81.0659 13.4423
24 14 0 14.4155 51.8296
24 15 0 55.9685 11.3093
24 16 0 8.09203 32.1706
24 17 0 36.5294 20.4214
24 18 0 22.3842 34.9674
24 19 0 71.9597 12.4517
24 20 0 20.4575 2.27216
24 21 1 34.9735 76.3871
24 22 1 8.00178 23.1816
24 23 1 34.5516 71.4529
24 25 1 97.3005 6.34381
24 26 1 26.9417 3.91516
24 27 1 40.3193 0.528368
24 28 0 30.8832 15.272
24 29 0 75.0675 84.2495
24 30 1 81.2747 30.6751
24 31 1 30.6496 59.1696
24 32 0 28.5575 9.03759
24 33 0 92.6977 6.23291
24 34 1 85.4432 56.4393
24 35 0 29.9047 28.2629
24 36 1 69.8067 10.8841
24 37 0 58.7378 50.7595
24 38 1 46.9477 82.1861
24 39 0 89.9807 43.8336
24 40 1 49.786 80.3967
25 1 0 37.3243 74.6013
25 2 0 44.604 86.5006
25 3 0 27.2271 61.9703
25 4 0 18.6632 89.4123
25 5 0 6.19469 65.8037
25 6 0 18.8039 7.9406
25 7 0 61.55 14.206
25 8 0 28.5748 36.2316
25 9 0 3.92085 54.4089
25 10 1 3.04932 90.6895
25 11 0 62.452 23.9384
25 12 0 34.9003 0.115439
25 13 0 61.4069 75.9467
25 14 0 50.2834 76.0755
25 15 1 50.7717 84.1296
25 16 0 40.6766 43.7585
25 17 0 94.7286 49.7953
25 18 0 94.8212 58.8972
25 19 0 39.3351 44.3595
25 20 0 72.7154 38.0597
25 21 0 74.425 59.5444
25 22 1 94.4222 1.26339
25 23 1 5.59857 83.0061
25 24 0 25.2679 20.696
25 26 1 97.6793 47.8986
25 27 0 5.97481 69.9081
25 28 0 32.3787 40.1875
25 29 1 22.4786 9.46825
25 30 0 85.9627 61.031
25 31 0 60.4096 32.9197
25 32 0 83.7889 88.1192
25 33 1 23.6742 33.8077
25 34 1 83.7547 64.3297
25 35 0 62.6691 34.9726
25 36 1 63.7359 98.9858
25 37 0 76.8712 84.6579
25 38 0 66.1048 51.3656
25 39 0 14.2223 47.8279
25 40 0 95.8947 49.5803
26 1 0 69.348 56.6665
26 2 0 62.004 44.7711
26 3 0 11.9452 68.2697
26 4 0 2.72946 6.77312
26 5 0 77.3398 35.7454
26 6 0 89.9251 9.42928
26 7 0 9.13455 9.99271
26 8 0 98.8781 10.3426
26 9 0 1.3818 27.4735
26 10 1 30.0189 17.7417
26 11 0 70.1151 32.2401
26 12 0 85.3687 44.7651
26 13 0 65.3485 32.9999
26 14 0 74.1173 53.8456
26 15 1 53.5592 55.0819
26 16 0 3.01271 36.649
26 17 0 7.0189 91.3257
26 18 0 6.72952 61.0378
26 19 0 21.5717 47.5316
26 20 1 49.9218 94.2961
26 21 1 24.315 30.6781
26 22 0 80.1622 50.0661
26 23 0 62.4261 84.3611
26 24 0 92.3411 3.192
26 25 0 40.933 60.6678
26 27 1 16.7047 41.5563
26 28 1 72.5949 84.0231
26 29 1 74.2388 37.2205
26 30 0 72.8693 7.75539
26 31 0 13.8499 93.2463
26 32 0 55.5588 44.9117
26 33 0 30.7253 83.3665
26 34 0 66.6142 68.5148
26 35 0 71.6104 29.7372
26 36 0 84.6265 55.5013
26 37 0 17.636 58.9104
26 38 0 15.1885 34.3091
26 39 0 85.3602 54.1411
26 40 0 64.7087 52.5532
27 1 0 7.54294 10.9381
27 2 1 55.6199 46.7163
27 3 0 49.4261 17.1964
27 4 1 80.2884 38.4991
27 5 0 54.1571 13.8579
27 6 1 1.24954 72.2079
27 7 0 99.4777 35.1432
27 8 0 3.05867 28.3729
27 9 0 52.5986 48.947
27 10 0 52.0583 0.37573
27 11 1 29.5438 81.2937
27 12 1 4.10828 19.8237
27 13 0 23.8993 31.7278
27 14 0 6.79801 28.0794
27 15 0 38.0616 61.3041
27 16 0 95.0969 65.0297
27 17 0 76.5446 67.6985
27 18 1 27.9923 76.5841
27 19 0 89.514 66.6104
27 20 1 67.4009 76.2363
27 21 0 47.9119 3.89671
27 22 0 0.997521 65.5361
27 23 1 98.0621 95.5064
27 24 0 25.2513 14.89
27 25 0 29.5886 67.0217
27 26 0 20.7514 91.9337
27 28 1 68.0234 88.3636
27 29 0 35.7443 89.4654
27 30 0 13.5529 45.3679
27 31 0 35.4354 45.2401
27 32 1 77.1228 24.1567
27 33 0 26.8596 62.9609
27 34 0 72.5305 26.8852
27 35 0 75.1999 66.502
27 36 0 98.2713 12.7754
27 37 0 34.365 72.7264
27 38 1 75.0035 33.2827
27 39 1 14.8907 58.3011
27 40 0 2.3501 62.4518
28 1 0 53.8368 98.8574
28 2 0 19.7866 77.8479
28 3 0 94.2388 30.2605
28 4 0 56.7934 57.0601
28 5 1 96.4263 50.9435
28 6 1 52.2203 69.4117
28 7 1 42.1146 95.6038
28 8 0 56.5309 59.3189
28 9 1 66.2167 74.1713
28 10 0 12.3387 69.7283
28 11 1 76.1962 50.0487
28 12 1 5.96526 96.7305
28 13 0 71.9826 68.457
28 14 0 80.5626 47.5744
28 15 0 65.343 9.1066
28 16 1 38.7361 63.5215
28 17 0 95.0055 44.4095
28 18 0 3.66673 1.2905
28 19 0 55.1135 54.6201
28 20 0 42.9962 30.1344
28 21 0 88.825 25.8508
28 22 0 95.855 91.2803
28 23 0 11.9312 15.7159
28 24 0 59.3626 51.0288
28 25 0 81.6126 19.4718
28 26 1 86.8255 65.5833
28 27 0 62.0836 88.7749
28 29 1 36.833 53.9123
28 30 0 98.1971 38.3556
28 31 1 67.3606 40.5288
28 32 0 63.7032 67.7437
28 33 0 55.4542 77.7732
28 34 0 30.9492 3.72618
28 35 0 20.2829 37.3086
28 36 0 53.3224 81.8264
28 37 1 92.7061 99.9742
28 38 1 19.6 76.9246
28 39 1 27.9483 48.586
28 40 0 44.9861 33.6662
29 1 0 65.6316 23.2017
29 2 0 68.8293 89.513
29 3 0 55.5283 18.128
29 4 1 26.3869 38.4662
29 5 0 32.8232 67.9837
29 6 0 30.1485 1.73431
29 7 1 10.884 78.0293
29 8 1 40.4637 70.0665
29 9 0 18.6239 86.0486
29 10 0 58.7157 89.5034
29 11 0 72.932 51.4309
29 12 0 93.1409 2.06468
29 13 0 85.3339 17.3677
29 14 1 9.12859 98.6182
29 15 0 93.8178 34.942
29 16 0 36.2254 2.3415
29 17 1 89.4796 10.6782
29 18 0 88.4593 2.12681
29 19 0 7.26858 80.1071
29 20 0 73.9799 10.3847
29 21 0 92.0027 59.4117
29 22 0 89.5188 6.89914
29 23 1 63.0633 28.3387
29 24 1 13.4582 42.4168
29 25 0 58.081 50.126
29 26 0 41.7976 10.2642
29 27 1 63.7109 91.4024
29 28 0 45.0956 27.6634
29 30 1 38.0223 34.679
29 31 0 44.0089 49.2878
29 32 1 39.8251 7.35047
29 33 0 54.5644 98.5218
29 34 0 42.0798 37.2381
29 35 0 40.9325 60.033
29 36 0 60.9171 99.8512
29 37 0 24.2728 4.21017
29 38 0 68.6615 85.2325
29 39 1 56.6343 98.3328
29 40 0 41.2361 95.9761
30 1 0 33.3665 61.9848
30 2 0 18.3597 99.8034
30 3 1 57.6154 91.8665
30 4 1 18.3826 70.7393
30 5 1 19.1345 13.8989
30 6 0 6.62419 83.6419
30 7 0 4.78702 53.6166
30 8 0 27.3357 72.0335
30 9 1 35.7303 74.4384
30 10 0 74.7431 16.0793
30 11 0 55.5229 69.1697
30 12 0 70.2898 25.2521
30 13 0 53.3969 15.0852
30 14 0 69.4747 12.7694
30 15 0 60.9336 90.5993
30 16 1 90.9439 80.1517
30 17 0 72.9195 1.28467
30 18 0 16.7531 33.1291
30 19 1 50.5576 39.3303
30 20 1 26.7858 75.9278
30 21 0 41.9914 98.4836
30 22 0 55.8754 81.369
30 23 1 11.1384 15.3552
30 24 1 96.4565 1.74967
30 25 0 80.0247 85.8227
30 26 0 19.87 25.7923
30 27 1 21.219 17.5814
30 28 0 68.4238 36.7644
30 29 1 82.794 60.3379
30 31 1 30.0749 50.6466
30 32 1 70.8274 19.2644
30 33 1 3.8131 0.996647
30 34 0 71.205 81.9154
30 35 0 55.1387 86.7144
30 36 0 83.8817 51.9819
30 37 0 69.1845 0.985268
30 38 0 1.29873 13.352
30 39 1 67.2245 8.92973
30 40 0 83.419 75.689
31 1 0 77.5083 46.9683
31 2 0 7.25621 74.1522
31 3 0 28.183 44.2159
31 4 0 22.7319 39.2323
31 5 0 93.817 18.9413
31 6 0 50.1771 59.4046
31 7 1 95.8975 15.0919
31 8 0 27.6927 38.3103
31 9 1 49.8927 33.255
31 10 1 54.2723 22.1824
31 11 1 27.8323 24.832
31 12 0 6.92594 84.4522
31 13 1 66.517 80.8699
31 14 1 45.4123 83.1014
31 15 0 63.5334 7.51359
31 16 0 52.5817 81.9105
31 17 1 31.1025 16.2447
31 18 1 51.9277 7.25736
31 19 0 55.3051 24.3223
31 20 0 24.824 87.8323
31 21 1 48.8087 6.69263
31 22 1 4.25566 93.3936
31 23 0 15.4996 69.4845
31 24 0 21.6064 0.0605451
31 25 1 98.5322 68.8902
31 26 0 83.7371 92.9932
31 27 0 44.9078 44.4216
31 28 0 55.7566 84.2407
31 29 1 19.3143 84.482
31 30 0 91.3597 97.0902
31 32 1 0.680991 99.5575
31 33 1 14.6542 73.6925
31 34 0 7.05012 50.2519
31 35 1 28.3324 80.6372
31 36 0 12.3638 95.1934
31 37 0 0.252881 49.642
31 38 0 92.757 20.6134
31 39 0 65.7235 17.0865
31 40 0 82.5523 89.4266
32 1 0 45.5206 40.7947
32 2 0 65.0482 66.8304
32 3 1 0.354335 18.0114
32 4 0 23.8256 54.6992
32 5 0 14.983 75.6361
32 6 0 66.9769 69.978
32 7 0 67.1476 77.4135
32 8 0 90.967 78.2795
32 9 0 36.6911 35.3967
32 10 1 48.8735 74.458
32 11 0 19.5261 64.9655
32 12 0 93.8339 49.5449
32 13 1 40.2158 50.9908
32 14 0 6.15638 74.596
32 15 1 75.1358 79.7636
32 16 0 66.2264 37.2047
32 17 0 82.3814 99.5288
32 18 0 48.8943 33.2043
32 19 1 63.4901 88.8192
32 20 0 78.7873 28.6741
32 21 1 27.0761 55.3857
32 22 1 16.1795 64.8407
32 23 1 11.5247 87.0872
32 24 0 51.0694 11.3151
32 25 0 97.7283 76.5973
32 26 1 82.861 60.3818
32 27 0 20.6984 72.201
32 28 0 78.8675 12.1725
32 29 1 56.3538 62.1432
32 30 1 93.7259 51.555
32 31 1 84.0535 55.9893
32 33 1 54.0266 70.7459
32 34 0 65.0797 44.2292
32 35 0 99.4738 99.5951
32 36 1 45.3616 83.377
32 37 1 66.2568 95.5323
32 38 0 54.5499 12.7477
32 39 0 82.3457 82.7877
32 40 0 24.2992 9.93216
33 1 0 41.8098 76.9546
33 2 0 45.9025 41.456
33 3 0 49.1758 25.2595
33 4 0 77.9734 60.4038
33 5 0 97.1056 76.7373
33 6 0 4.745 85.686
33 7 0 93.9071 41.9505
33 8 1 26.7132 23.8657
33 9 0 38.0775 66.9745
33 10 0 69.5361 36.1819
33 11 1 81.9421 44.772
33 12 0 61.6592 37.6567
33 13 0 86.7913 13.5413
33 14 0 41.7727 71.6628
33 15 1 89.746 29.0854
33 16 0 57.2288 13.6434
33 17 0 67.1598 41.138
33 18 1 98.1564 53.6032
33 19 0 51.053 41.7593
33 20 1 4.13193 59.5366
33 21 1 48.3663 70.1155
33 22 1 18.3819 6.91643
33 23 1 69.1023 36.3982
33 24 0 30.7387 4.11736
33 25 0 43.479 47.9817
33 26 0 76.7989 74.2522
33 27 1 44.7463 84.0529
33 28 0 60.821 35.9228
33 29 0 82.5023 9.52605
33 30 1 25.5776 54.5657
33 31 0 55.546 31.7074
33 32 1 14.569 16.8607
33 34 1 81.3681 71.0959
33 35 0 34.3544 63.5254
33 36 0 97.7878 4.81597
33 37 0 76.1592 4.31143
33 38 0 59.0956 35.4008
33 39 0 28.2114 29.1475
33 40 0 84.837 44.377
34 1 0 15.5755 0.41811
34 2 0 78.9895 36.7571
34 3 0 71.8253 49.9554
34 4 0 46.2358 62.1749
34 5 0 19.5574 13.7064
34 6 1 72.0278 44.5802
34 7 1 86.6194 74.5265
34 8 0 65.4648 73.4511
34 9 1 84.2092 24.0117
34 10 1 7.19802 9.37507
34 11 1 80.9808 82.0771
34 12 0 45.5188 93.2426
34 13 0 55.6125 88.9034
34 14 0 25.7678 77.8731
34 15 0 94.3491 31.032
34 16 0 93.2383 0.504226
34 17 0 96.5242 66.2976
34 18 0 81.6096 66.8593
34 19 1 68.3671 27.6684
34 20 1 49.5973 11.1543
34 21 0 39.7986 7.39154
34 22 0 61.2561 73.4514
34 23 0 0.85883 64.2084
34 24 0 78.9279 6.85044
34 25 1 86.679 36.7573
34 26 0 79.9304 63.7238
34 27 1 98.2857 46.9553
34 28 0 46.9817 5.76397
34 29 1 27.5864 81.9986
34 30 0 69.2498 29.6951
34 31 0 33.8226 27.2166
34 32 0 77.1195 17.7874
34 33 0 20.9611 85.4331
34 35 1 7.96348 69.8702
34 36 0 46.5334 98.4832
34 37 0 13.3532 96.7341
34 38 1 66.2311 29.843
34 39 0 27.1153 61.7404
34 40 1 48.015 74.9897
35 1 0 86.2764 80.386
35 2 0 87.9698 82.8788
35 3 0 59.3936 66.0238
35 4 0 3.80775 23.045
35 5 0 27.122 50.9732
35 6 0 1.51589 24.0103
35 7 0 96.8405 53.7108
35 8 1 65.0253 51.6293
35 9 1 89.3954 16.9854
35 10 1 63.4103 89.4858
35 11 0 94.3884 72.4622
35 12 0 95.4896 29.6931
35 13 0 46.5196 27.7956
35 14 0 82.437 70.9579
35 15 0 80.956 32.8589
35 16 0 60.2347 9.01323
35 17 1 36.2821 78.4965
35 18 0 86.9794 51.5225
35 19 0 4.40075 15.3527
35 20 0 92.6933 51.1581
35 21 0 13.0877 79.9185
35 22 0 18.5744 77.0024
35 23 0 94.4693 72.6202
35 24 0 54.9496 24.3603
35 25 1 27.2368 73.7138
35 26 1 96.6927 24.1537
35 27 0 8.33046 50.4731
35 28 1 64.5197 37.9495
35 29 0 79.7077 27.1756
35 30 0 89.2237 27.5875
35 31 0 86.1474 59.7492
35 32 0 30.3928 59.953
35 33 1 78.7627 86.7086
35 34 1 52.2205 87.0858
35 36 1 31.0259 30.1087
35 37 1 84.1512 22.7303
35 38 1 60.373 23.492
35 39 0 83.0305 94.0004
35 40 1 53.6472 8.80751
36 1 0 10.1005 41.7729
36 2 0 2.87405 6.87295
36 3 1 14.9161 28.3913
36 4 0 92.5691 84.7619
36 5 0 75.6942 36.5729
36 6 1 44.3162 90.8524
36 7 1 37.2916 86.2779
36 8 1 94.3316 41.291
36 9 1 53.1101 72.4471
36 10 0 52.1496 1.50077
36 11 0 87.592 29.7333
36 12 0 70.6949 72.7162
36 13 0 88.0313 87.5291
36 14 0 40.0739 52.545
36 15 1 45.1243 81.2807
36 16 0 95.3884 39.4526
36 17 0 26.6608 36.6252
36 18 1 59.5795 78.0861
36 19 0 48.517 66.8248
36 20 0 77.5751 80.5054
36 21 1 25.3999 17.7704
36 22 0 41.2595 32.674
36 23 0 55.1056 43.883
36 24 1 59.7588 14.9
36 25 1 48.2902 89.5185
36 26 0 13.9642 41.768
36 27 0 94.0928 82.102
36 28 0 6.04756 99.5719
36 29 0 11.3272 59.4281
36 30 0 65.5023 11.4507
36 31 0 14.3245 52.1531
36 32 0 54.6602 95.2044
36 33 0 44.5286 53.7234
36 34 1 98.1261 7.31334
36 35 0 42.2078 18.2765
36 37 1 96.9949 4.33074
36 38 0 42.9374 17.1872
36 39 1 48.4776 91.3075
36 40 0 48.4474 93.5334
37 1 0 56.379 69.4647
37 2 1 92.8589 63.024
37 3 1 18.0833 56.3119
37 4 0 8.8123 57.54
37 5 0 20.8791 29.9165
37 6 0 22.6489 16.8152
37 7 0 6.34199 74.5743
37 8 0 34.4845 12.9316
37 9 1 93.3615 19.7956
37 10 0 29.2741 2.37132
37 11 0 78.292 2.00017
37 12 1 28.4305 56.5119
37 13 0 64.1058 7.27037
37 14 0 91.3806 97.5898
37 15 0 0.00381423 27.0838
37 16 1 63.1833 5.44287
37 17 1 3.23058 78.323
37 18 1 24.9889 32.6428
37 19 1 40.7694 67.1855
37 20 0 34.1617 92.993
37 21 0 42.8717 92.464
37 22 0 69.5107 93.8011
37 23 0 21.5636 74.2653
37 24 0 80.2071 21.8887
37 25 0 26.0227 64.988
37 26 1 57.6666 19.2081
37 27 0 38.1406 40.0938
37 28 1 30.0171 4.93308
37 29 0 63.1941 35.5482
37 30 0 42.4514 10.2307
37 31 0 39.5036 67.5539
37 32 0 55.8433 83.4113
37 33 0 77.1087 70.4603
37 34 0 96.4632 41.8647
37 35 0 74.7144 42.3377
37 36 0 43.4271 6.06313
37 38 1 74.2836 11.9124
37 39 0 73.6172 91.352
37 40 0 50.732 14.7706
38 1 0 58.4066 83.3903
38 2 0 84.605 87.7761
38 3 1 69.5891 4.4709
38 4 0 37.15 92.3774
38 5 0 6.1046 72.4873
38 6 0 80.8959 44.8904
38 7 0 4.25265 87.2208
38 8 1 66.5462 16.4623
38 9 0 80.1869 33.8205
38 10 0 42.5096 16.4624
38 11 0 84.4202 87.5094
38 12 0 52.4711 40.2355
38 13 1 37.9225 51.2218
38 14 0 55.2869 78.2099
38 15 0 7.68164 58.7979
38 16 0 11.8466 73.2333
38 17 0 88.8672 83.316
38 18 0 20.0351 3.34624
38 19 0 80.1573 37.9861
38 20 0 89.0519 82.6778
38 21 0 36.0902 34.3751
38 22 1 46.7166 7.60941
38 23 0 66.6653 31.2821
38 24 0 87.2249 71.2492
38 25 1 69.3944 11.3171
38 26 0 81.8318 53.1667
38 27 0 24.416 76.4323
38 28 0 16.8602 47.7118
38 29 0 8.9626 34.3915
38 30 0 70.0672 57.5969
38 31 1 60.4786 47.7028
38 32 1 92.6786 70.4261
38 33 0 96.4416 91.6303
38 34 0 53.0002 31.6168
38 35 0 11.3428 72.2908
38 36 0 19.976 40.5447
38 37 0 67.3378 12.9958
38 39 1 47.0308 48.9823
38 40 0 62.2918 73.4638
39 1 0 36.9714 67.9981
39 2 0 0.887153 53.1452
39 3 0 94.6952 36.6431
39 4 0 98.8211 51.0387
39 5 0 21.4217 65.7074
39 6 1 89.6587 66.9975
39 7 0 58.7256 32.0392
39 8 0 64.1431 1.54507
39 9 0 4.76751 95.3694
39 10 1 58.2904 83.6338
39 11 0 37.9106 20.7567
39 12 1 37.6444 73.639
39 13 0 67.7915 14.2897
39 14 0 93.142 84.1544
39 15 0 47.4742 39.4687
39 16 0 78.6751 43.6654
39 17 0 45.8237 3.08755
39 18 1 10.3863 25.9964
39 19 1 63.0267 25.1405
39 20 1 63.3216 57.3559
39 21 0 95.002 7.93559
39 22 0 78.6673 31.8006
39 23 1 14.9967 53.3365
39 24 0 33.6334 27.3563
39 25 0 65.5167 81.3438
39 26 0 99.2492 39.7726
39 27 0 60.9018 57.5631
39 28 0 91.8134 44.8765
39 29 0 12.2562 91.9499
39 30 0 59.4868 54.0133
39 31 1 13.6478 40.4229
39 32 0 24.8951 9.13012
39 33 0 2.64316 39.8631
39 34 0 77.0262 45.6077
39 35 0 5.32832 92.5065
39 36 0 45.4425 56.5515
39 37 0 49.6793 49.8478
39 38 1 90.136 32.8146
39 40 1 37.3721 43.5026
40 1 1 8.33445 62.3665
40 2 0 82.4069 96.9101
40 3 0 63.8843 58.614
40 4 0 34.9589 15.8323
40 5 0 59.9848 85.1967
40 6 1 56.8639 2.13527
40 7 1 51.5064 93.286
40 8 0 85.5395 32.7433
40 9 0 39.4455 55.4448
40 10 1 72.3411 60.6382
40 11 0 52.1591 58.5653
40 12 0 47.6581 24.0371
40 13 0 43.3021 73.6399
40 14 0 95.512 85.0043
40 15 1 82.1185 44.0232
40 16 1 96.301 5.00582
40 17 0 43.698 43.0483
40 18 0 76.1197 33.6145
40 19 0 20.3323 79.8784
40 20 0 75.7522 61.3812
40 21 0 18.3891 22.1751
40 22 1 23.5606 87.3782
40 23 1 56.5349 50.3649
40 24 1 55.7772 53.6165
40 25 0 88.6458 15.4889
40 26 1 78.6488 66.9745
40 27 0 65.8966 82.7009
40 28 0 50.6551 13.8638
40 29 0 51.5184 49.9908
40 30 0 45.6304 93.4227
40 31 0 5.30989 57.1238
40 32 0 24.5556 96.1675
40 33 0 94.4729 21.4636
40 34 1 16.7793 49.77
40 35 0 12.6968 50.8937
40 36 1 11.1654 81.4077
40 37 0 97.2962 26.252
40 38 0 53.5916 88.3212
40 39 0 8.23813 0.849805
31.7832 11.5298 28.2975 38.0514 31.7142 4.14992 12.9153 3.38094 25.907 32.8346 23.534 32.2453 5.34767 6.16426 36.7423 34.7718 18.4018 39.7283 28.2045 24.5372 21.7554 4.92404 38.2822 36.8802 27.0746 16.1826 30.8584 36.9254 35.3124 36.9176 35.6789 15.4237 34.3117 2.78194 34.615 10.0523 26.0206 13.7712 15.2857 32.944 