40
100
5
100
1 2 1 11.2325 0.29811
1 3 0 31.4565 78.804
1 4 0 8.63797 85.2308
1 5 0 99.1338 66.8326
1 6 0 96.2984 19.1133
1 7 0 80.2333 65.6202
1 8 0 70.5156 87.9838
1 9 0 71.5677 89.4333
1 10 0 67.8687 59.2417
1 11 0 35.2756 0.670501
1 12 0 40.2621 21.5397
1 13 0 41.0263 26.3819
1 14 0 2.46157 82.3714
1 15 0 36.5661 37.3072
1 16 0 51.8096 83.5246
1 17 0 21.7014 49.8064
1 18 0 42.3688 77.3076
1 19 1 35.5668 64.0221
1 20 0 47.0853 1.27085
1 21 0 28.209 3.7373
1 22 0 13.1778 95.8018
1 23 0 78.3538 38.736
1 24 0 8.11375 70.8002
1 25 0 18.7405 35.392
1 26 0 62.7653 95.6646
1 27 0 71.1195 79.7421
1 28 0 69.5024 18.3678
1 29 0 87.0176 91.405
1 30 0 29.4503 78.3327
1 31 1 2.13599 90.4169
1 32 0 70.7233 76.0575
1 33 1 4.03308 92.7565
1 34 0 46.3412 6.6661
1 35 0 34.3008 5.589
1 36 0 15.8576 60.5807
1 37 0 87.4524 70.2914
1 38 0 83.9079 87.7618
1 39 0 77.2155 94.3485
1 40 0 55.9971 22.2699
2 1 0 38.2368 37.1793
2 3 1 13.1545 97.8245
2 4 0 99.5307 32.4674
2 5 0 71.3112 54.1424
2 6 0 2.23934 33.71
2 7 0 22.6633 55.8875
2 8 0 96.5626 0.808489
2 9 0 28.1316 2.75841
2 10 0 39.824 10.1698
2 11 0 29.6025 43.653
2 12 0 87.5242 54.9761
2 13 0 72.5628 49.1468
2 14 0 79.8465 0.642158
2 15 0 13.2918 23.0178
2 16 0 33.9249 38.2226
2 17 0 60.3587 26.2383
2 18 0 34.9599 35.8571
2 19 0 20.6248 8.01109
2 20 0 15.864 78.0323
2 21 0 48.872 15.2288
2 22 0 41.0009 42.3335
2 23 0 25.9547 36.7763
2 24 0 30.2349 25.1034
2 25 0 12.9075 50.7958
2 26 0 72.4906 98.4398
2 27 0 69.0035 99.4321
2 28 0 23.9197 80.104
2 29 0 16.6157 37.133
2 30 0 16.125 27.9275
2 31 0 67.7126 77.6392
2 32 0 26.0696 42.3814
2 33 0 18.7033 7.09394
2 34 0 44.8754 13.6813
2 35 0 83.5283 4.33195
2 36 0 77.0843 88.9304
2 37 0 55.5163 70.6809
2 38 0 63.0826 96.5414
2 39 0 28.8828 33.6311
2 40 0 45.8443 88.2816
3 1 0 66.4067 29.6069
3 2 0 21.2051 0.231953
3 4 1 42.088 60.8518
3 5 0 77.7247 52.7576
3 6 0 10.4299 82.5716
3 7 0 93.0277 34.4321
3 8 0 61.4348 3.91605
3 9 0 44.9091 91.2673
3 10 0 52.7742 50.204
3 11 0 62.4511 3.14217
3 12 0 2.96891 51.1817
3 13 0 19.0288 46.5177
3 14 0 39.6563 5.00784
3 15 0 18.6775 23.7842
3 16 0 77.3348 43.466
3 17 0 80.2053 80.3083
3 18 0 3.7178 31.1123
3 19 0 36.5433 5.97623
3 20 0 86.4567 98.5334
3 21 0 91.7878 7.75457
3 22 0 73.2911 42.1008
3 23 0 17.5351 76.9557
3 24 0 82.1562 22.9773
3 25 0 96.7698 50.6144
3 26 0 59.6173 40.6655
3 27 0 72.0022 40.3953
3 28 0 7.25154 33.2749
3 29 0 94.9716 33.5676
3 30 0 63.5101 97.2732
3 31 0 79.0215 51.9882
3 32 0 12.8242 63.5332
3 33 0 4.33257 58.8328
3 34 0 37.0722 97.8047
3 35 0 73.0222 97.1151
3 36 0 43.3326 60.9839
3 37 0 85.0943 49.2297
3 38 0 83.7979 5.21874
3 39 0 94.9642 49.4765
3 40 0 15.5526 35.1255
4 1 0 61.1507 96.3201
4 2 0 14.9725 59.263
4 3 0 65.9709 67.1364
4 5 1 99.6854 8.41586
4 6 0 76.059 65.1895
4 7 1 28.9646 30.8126
4 8 0 13.92 4.13813
4 9 0 16.5569 53.7162
4 10 0 76.7058 0.0657594
4 11 0 42.9695 42.5329
4 12 0 11.4958 1.73918
4 13 0 10.5714 24.9532
4 14 0 48.783 89.9782
4 15 0 13.5347 70.2746
4 16 1 2.06852 3.62702
4 17 0 41.5424 85.3959
4 18 0 10.915 8.19272
4 19 0 95.1887 43.7158
4 20 0 10.333 88.0173
4 21 0 14.6854 59.8557
4 22 0 76.6585 70.562
4 23 0 11.0913 93.931
4 24 0 34.8029 16.9598
4 25 0 19.4817 37.3598
4 26 0 3.72055 54.4362
4 27 0 59.0123 48.4337
4 28 1 61.2087 8.71985
4 29 0 72.3815 21.7075
4 30 0 29.7085 12.7766
4 31 0 88.0111 88.1532
4 32 0 36.4294 23.8081
4 33 0 59.9853 24.0352
4 34 0 11.0188 6.04609
4 35 0 55.1473 98.805
4 36 0 95.4828 57.1173
4 37 0 17.7804 45.279
4 38 0 65.5626 64.4195
4 39 0 92.6698 31.8496
4 40 0 91.3076 71.2321
5 1 0 14.0752 68.8672
5 2 0 32.8544 61.9482
5 3 0 49.131 43.1349
5 4 0 37.239 38.1046
5 6 1 54.8901 96.6196
5 7 0 2.21999 51.1062
5 8 0 99.8755 13.2523
5 9 0 7.28524 60.4247
5 10 0 91.2189 16.515
5 11 0 61.4949 41.9186
5 12 0 5.94616 67.0475
5 13 0 59.9275 4.01719
5 14 0 74.5136 27.4026
5 15 0 93.8035 17.0716
5 16 0 11.3334 94.4971
5 17 0 37.1811 42.1271
5 18 0 58.1211 11.9228
5 19 0 1.05379 49.8155
5 20 0 15.6088 64.118
5 21 0 44.1189 48.9183
5 22 0 98.4698 24.2968
5 23 0 37.7962 16.709
5 24 0 31.2597 95.548
5 25 0 5.87432 76.0515
5 26 0 50.0527 22.9958
5 27 0 81.7202 75.9937
5 28 0 75.8559 11.208
5 29 0 83.0639 6.39164
5 30 0 54.4814 31.7685
5 31 0 33.7488 70.272
5 32 0 50.6595 63.5519
5 33 0 66.2018 56.0916
5 34 0 71.9717 26.3916
5 35 0 4.03012 96.8403
5 36 0 34.8347 67.0739
5 37 0 6.89398 85.7684
5 38 0 40.6628 15.6793
5 39 0 8.07489 26.4335
5 40 0 56.1086 54.8674
6 1 0 28.3323 44.6156
6 2 0 41.5085 20.1195
6 3 0 16.8704 33.799
6 4 0 80.6638 12.3883
6 5 0 0.598629 25.2502
6 7 1 55.2587 9.6684
6 8 0 78.9942 60.8217
6 9 0 32.135 38.1623
6 10 0 81.0778 67.7714
6 11 0 15.3852 63.598
6 12 0 87.4911 11.5752
6 13 0 9.08406 76.9734
6 14 0 40.0832 10.7589
6 15 0 56.0927 0.181111
6 16 0 49.2899 6.54037
6 17 0 29.6161 79.307
6 18 0 69.5632 94.0265
6 19 0 12.4907 56.0995
6 20 0 32.5583 66.461
6 21 0 79.1456 94.9949
6 22 0 99.6795 97.008
6 23 0 52.2435 55.629
6 24 0 74.0373 13.1271
6 25 0 45.6202 60.5723
6 26 0 62.2688 91.2447
6 27 0 35.1761 10.4329
6 28 0 45.8176 12.8634
6 29 0 4.55434 71.7208
6 30 0 39.0162 9.52053
6 31 0 56.8338 4.7951
6 32 0 67.1523 72.3494
6 33 0 44.3116 35.6372
6 34 0 55.7546 25.5861
6 35 0 5.98342 30.1465
6 36 0 67.4241 33.673
6 37 0 81.4332 38.3745
6 38 0 19.8506 48.9495
6 39 0 73.0208 31.8246
6 40 0 48.6526 43.2913
7 1 0 63.3094 97.2218
7 2 0 16.845 99.0355
7 3 0 28.9898 61.058
7 4 0 40.9621 11.1526
7 5 0 33.3152 80.1973
7 6 0 74.4794 66.5019
7 8 1 44.7253 8.69105
7 9 0 47.8861 63.4894
7 10 0 49.1935 78.7232
7 11 0 29.4928 82.6754
7 12 0 48.6582 10.4716
7 13 0 86.2049 22.6086
7 14 0 93.0017 72.6727
7 15 0 19.9485 65.3333
7 16 0 77.5308 42.6519
7 17 0 68.8415 94.5476
7 18 0 50.5618 24.8705
7 19 0 50.7437 24.301
7 20 0 12.2646 53.05
7 21 0 91.978 29.8305
7 22 0 43.3697 70.4316
7 23 0 99.19 77.6272
7 24 0 43.6991 43.9348
7 25 0 72.3656 10.3889
7 26 0 1.8687 38.2891
7 27 0 92.8762 96.4595
7 28 0 85.1653 4.13834
7 29 0 35.339 75.9782
7 30 0 97.8733 66.7427
7 31 0 48.8419 25.2028
7 32 0 32.0959 82.8338
7 33 0 86.5057 41.6754
7 34 0 94.9162 95.639
7 35 0 34.2496 78.0495
7 36 0 57.9622 62.6306
7 37 0 27.4101 22.1869
7 38 0 93.3348 12.1422
7 39 0 80.6328 71.3689
7 40 0 74.4835 84.5164
8 1 0 88.8293 90.8865
8 2 0 37.9918 41.5782
8 3 0 96.9077 22.0922
8 4 0 75.9657 73.8819
8 5 0 49.3616 26.9782
8 6 0 54.7961 16.4383
8 7 0 22.3106 28.8038
8 9 1 45.7031 93.629
8 10 0 35.5822 82.5825
8 11 0 56.2906 77.7189
8 12 0 75.3881 85.5538
8 13 0 58.3301 35.151
8 14 0 48.0902 56.001
8 15 0 53.7584 90.2048
8 16 0 17.9329 58.0298
8 17 0 99.4674 56.8644
8 18 0 23.8328 23.3495
8 19 0 98.3372 12.6397
8 20 0 5.52378 91.2345
8 21 0 74.5989 44.5781
8 22 0 87.4643 44.1049
8 23 1 69.9187 51.1415
8 24 0 20.034 74.5796
8 25 0 14.7825 34.8849
8 26 0 12.6193 31.6033
8 27 0 58.3239 99.25
8 28 0 66.3087 1.70724
8 29 0 83.9531 95.8983
8 30 0 99.4929 3.92608
8 31 0 75.881 78.2806
8 32 0 51.5658 50.8146
8 33 0 30.9613 30.2927
8 34 0 53.7447 49.0213
8 35 0 60.1174 95.6387
8 36 0 7.2848 92.7486
8 37 0 80.2795 9.87393
8 38 0 41.9342 32.8158
8 39 1 85.1603 83.4889
8 40 0 77.2771 24.0542
9 1 0 84.6574 36.0598
9 2 0 64.3351 83.6665
9 3 0 95.2579 27.1019
9 4 0 23.2327 11.2478
9 5 0 38.1374 2.59028
9 6 0 73.804 15.3146
9 7 0 43.8554 56.2688
9 8 0 86.3937 35.3446
9 10 1 12.3207 19.0237
9 11 1 66.4952 5.66659
9 12 0 64.148 25.8362
9 13 0 50.4293 17.5257
9 14 0 36.8428 41.9259
9 15 0 18.6439 63.8194
9 16 0 93.0925 2.7116
9 17 0 59.5015 70.7669
9 18 0 1.53216 34.8566
9 19 0 53.9526 61.0218
9 20 0 60.2369 0.924887
9 21 0 82.671 4.63389
9 22 0 35.321 34.8124
9 23 0 70.6827 5.67608
9 24 0 96.1224 24.6842
9 25 0 64.8445 2.46248
9 26 0 61.2118 77.017
9 27 0 27.2692 78.8373
9 28 0 48.4179 28.5094
9 29 0 50.0423 54.5903
9 30 0 86.5872 56.7011
9 31 0 92.8135 34.4
9 32 0 68.5418 68.0738
9 33 0 46.1868 32.0293
9 34 0 96.8045 34.874
9 35 0 80.6598 72.3477
9 36 0 27.2641 29.9984
9 37 0 13.5767 56.0885
9 38 0 49.1324 78.9363
9 39 0 83.5027 47.3229
9 40 0 12.9305 99.4661
10 1 0 59.2145 97.2164
10 2 0 68.1659 51.5577
10 3 0 0.621315 57.0985
10 4 0 50.6636 83.0828
10 5 0 30.6691 67.8359
10 6 0 16.4848 47.0774
10 7 0 63.8941 17.5315
10 8 0 48.8511 62.804
10 9 0 18.9318 44.3984
10 11 1 32.5034 12.1793
10 12 0 71.8377 55.255
10 13 0 52.4889 97.9853
10 14 0 94.9029 30.0962
10 15 0 90.6675 61.153
10 16 0 43.9044 97.9221
10 17 0 42.4341 88.1505
10 18 0 28.3908 75.8329
10 19 0 4.25883 63.2265
10 20 0 31.8643 66.6725
10 21 0 78.0816 64.6937
10 22 0 79.3591 3.64696
10 23 0 48.4474 16.5985
10 24 0 16.0899 97.267
10 25 0 84.4515 3.07313
10 26 0 55.9971 95.7912
10 27 0 3.78576 26.7248
10 28 0 41.8404 92.3284
10 29 1 89.214 64.5387
10 30 0 16.9119 65.3396
10 31 0 66.805 10.1933
10 32 0 53.9474 10.9151
10 33 0 39.7067 68.0145
10 34 0 54.7176 94.4883
10 35 0 34.2845 1.86707
10 36 0 11.0019 84.8517
10 37 0 37.862 93.8018
10 38 0 19.914 52.187
10 39 0 23.5321 26.9161
10 40 0 42.3368 79.7868
11 1 0 50.4355 38.2054
11 2 1 46.9894 97.1011
11 3 0 11.2195 55.0595
11 4 0 41.1176 50.1213
11 5 0 99.0237 42.8413
11 6 0 40.8571 46.995
11 7 0 70.1973 6.77083
11 8 0 17.674 87.9183
11 9 0 48.576 50.0958
11 10 0 47.6971 37.583
11 12 1 50.835 3.75104
11 13 0 91.1137 61.9192
11 14 0 83.5304 5.83109
11 15 0 86.0597 93.7021
11 16 0 92.44 77.5635
11 17 0 58.4745 59.3148
11 18 0 92.4111 78.4083
11 19 0 17.2705 97.3849
11 20 0 80.0972 70.7363
11 21 0 95.9964 81.7877
11 22 0 38.4028 8.60146
11 23 0 62.9545 43.6615
11 24 0 76.2132 57.9404
11 25 0 8.27013 36.18
11 26 0 50.9447 1.70827
11 27 0 35.3102 6.86059
11 28 0 22.3688 22.8505
11 29 0 70.7145 71.3212
11 30 0 33.1576 20.8954
11 31 0 62.054 27.4728
11 32 0 40.0793 34.2177
11 33 0 54.9652 30.0477
11 34 0 94.2799 45.7491
11 35 0 76.6678 65.4193
11 36 0 16.4316 18.9664
11 37 0 42.0263 2.91769
11 38 0 97.9731 0.513311
11 39 0 5.42619 26.1217
11 40 0 49.9643 37.5778
12 1 0 80.0999 87.3414
12 2 0 35.4481 5.87169
12 3 0 93.7784 78.9587
12 4 0 69.607 76.6891
12 5 0 42.0361 42.2346
12 6 0 35.933 48.2246
12 7 0 38.6491 47.4263
12 8 0 52.1456 56.3676
12 9 0 10.2097 10.0877
12 10 0 45.1639 18.9947
12 11 0 95.7214 61.6187
12 13 1 38.8229 86.8559
12 14 0 22.8542 66.3506
12 15 0 33.2922 44.08
12 16 0 1.35229 31.546
12 17 0 94.0676 69.7161
12 18 0 44.6852 19.0756
12 19 0 26.1763 18.6183
12 20 0 55.1056 75.3469
12 21 0 11.7076 13.1228
12 22 0 83.9487 78.987
12 23 0 80.6576 17.2971
12 24 0 68.0513 37.4297
12 25 0 16.0311 43.9044
12 26 0 66.6886 31.8399
12 27 0 22.4522 33.5689
12 28 0 85.0545 25.1479
12 29 0 12.6565 55.4083
12 30 0 5.8364 65.4809
12 31 0 55.5136 93.6492
12 32 0 98.1731 58.0974
12 33 0 26.4328 22.9573
12 34 0 92.2888 63.314
12 35 0 64.2376 50.1612
12 36 0 0.346072 49.7601
12 37 0 39.398 69.526
12 38 0 60.6227 92.8866
12 39 0 27.8546 59.8894
12 40 0 30.4563 17.5968
13 1 0 18.8756 31.7768
13 2 1 76.9721 60.72
13 3 0 85.1173 11.7118
13 4 0 15.3078 43.5068
13 5 0 77.9647 55.6587
13 6 0 22.8912 65.7434
13 7 0 27.5311 70.2107
13 8 0 70.5829 52.4656
13 9 0 54.6929 68.6363
13 10 0 94.1725 51.0975
13 11 0 62.4089 55.8285
13 12 0 48.4543 2.61505
13 14 1 53.6547 21.5664
13 15 0 19.2546 44.9537
13 16 0 99.9002 74.3574
13 17 0 56.6687 97.3559
13 18 0 65.6431 13.3409
13 19 0 75.024 20.332
13 20 1 92.5552 56.3015
13 21 0 78.3517 60.413
13 22 0 18.1307 66.1574
13 23 0 25.3377 10.0019
13 24 0 45.4413 6.70155
13 25 0 5.7055 27.2127
13 26 0 53.1739 89.9123
13 27 0 51.4643 18.9913
13 28 1 9.73903 55.7089
13 29 0 94.9503 48.7649
13 30 1 12.8415 70.0692
13 31 0 13.3095 96.0585
13 32 0 5.82008 85.4848
13 33 0 28.763 17.7587
13 34 0 86.1248 40.1163
13 35 0 33.1477 46.6809
13 36 0 11.7058 58.9305
13 37 0 89.542 99.6956
13 38 0 70.2415 99.1844
13 39 0 32.7137 47.5225
13 40 0 53.0898 84.4342
14 1 1 95.7154 66.5345
14 2 0 32.5285 47.7688
14 3 0 75.1707 39.6086
14 4 0 59.5259 24.2224
14 5 0 26.6753 61.7562
14 6 0 18.8546 84.426
14 7 0 59.7211 1.07981
14 8 0 64.048 91.4434
14 9 0 56.2701 88.9101
14 10 0 10.4203 28.2669
14 11 0 80.9931 17.7266
14 12 0 10.3433 44.828
14 13 0 17.5771 5.75478
14 15 1 37.7134 50.6327
14 16 0 35.4942 1.60937
14 17 0 58.4472 3.36298
14 18 0 51.7711 36.147
14 19 0 94.1726 72.26
14 20 0 58.9195 45.2073
14 21 0 55.2766 32.5065
14 22 0 20.1164 35.3583
14 23 0 10.3753 69.1951
14 24 0 17.2963 84.8782
14 25 0 98.943 9.62714
14 26 1 32.9571 50.8772
14 27 0 60.7241 15.9246
14 28 1 78.4859 73.5725
14 29 0 18.0887 61.4775
14 30 0 53.257 12.2395
14 31 0 0.531991 94.2763
14 32 0 30.9417 48.2339
14 33 0 63.1748 23.0244
14 34 0 12.0754 9.59792
14 35 1 41.1467 60.0489
14 36 0 22.7857 39.023
14 37 0 75.0786 71.1019
14 38 0 90.4423 41.9938
14 39 0 51.7997 33.0281
14 40 0 33.253 7.38445
15 1 0 55.1367 92.4555
15 2 0 72.7582 21.5238
15 3 0 24.422 81.6654
15 4 0 95.8789 88.6192
15 5 0 83.1826 50.7835
15 6 0 29.227 1.00203
15 7 0 27.0108 45.2485
15 8 1 54.7992 52.1037
15 9 0 52.7783 57.7312
15 10 0 28.1722 20.5597
15 11 0 56.2596 36.2875
15 12 0 50.5028 10.516
15 13 0 25.559 89.7613
15 14 0 55.7516 9.66608
15 16 1 93.3226 81.7767
15 17 0 51.9076 83.2992
15 18 0 86.0979 35.6551
15 19 0 79.2142 69.4399
15 20 0 26.6195 34.7378
15 21 0 47.9751 50.4654
15 22 0 31.5657 76.6475
15 23 1 89.5135 68.8425
15 24 0 76.1842 72.1137
15 25 0 36.3941 36.9572
15 26 0 87.2169 14.4709
15 27 0 17.7192 92.7028
15 28 0 34.9834 94.8317
15 29 0 45.4884 42.203
15 30 0 89.6905 38.6857
15 31 0 21.0629 82.4201
15 32 0 41.1698 55.7417
15 33 0 17.2664 22.7653
15 34 0 76.4133 59.8138
15 35 0 4.51868 17.8546
15 36 0 4.39479 41.1398
15 37 0 10.4872 48.2352
15 38 0 79.5572 5.47152
15 39 0 5.82712 91.6921
15 40 0 57.7826 88.4159
16 1 0 4.62225 63.9241
16 2 0 84.26 35.6261
16 3 0 57.7352 35.7044
16 4 0 58.3749 19.8838
16 5 0 43.1081 63.3468
16 6 0 20.4285 36.8073
16 7 0 44.5303 87.2619
16 8 0 27.5011 90.1764
16 9 0 36.3893 29.6982
16 10 0 77.9632 18.0623
16 11 0 4.45115 96.5997
16 12 0 7.26639 6.67866
16 13 0 66.3896 50.8357
16 14 0 34.0608 11.8011
16 15 0 99.7276 72.5631
16 17 1 10.766 99.0318
16 18 0 52.4542 10.6824
16 19 0 34.4748 98.7696
16 20 0 33.5995 58.9557
16 21 0 75.252 15.2296
16 22 0 6.14693 84.1785
16 23 0 11.4842 8.70542
16 24 0 31.3705 54.8783
16 25 0 72.1137 11.9424
16 26 0 44.6371 67.8234
16 27 0 14.3545 48.3086
16 28 0 18.1118 68.4948
16 29 0 41.9828 19.0742
16 30 0 3.75398 10.0634
16 31 0 21.0103 66.7233
16 32 0 93.0811 56.9493
16 33 0 65.9567 24.496
16 34 0 70.2133 15.2805
16 35 0 97.6067 4.18265
16 36 0 60.526 92.0519
16 37 0 83.1634 16.4592
16 38 0 26.2535 94.5014
16 39 0 56.6629 84.8489
16 40 0 17.011 57.2007
17 1 0 12.0869 59.709
17 2 0 20.2845 18.855
17 3 0 61.4821 46.3407
17 4 0 47.0058 40.6959
17 5 0 95.5257 50.3224
17 6 0 18.228 40.0606
17 7 0 55.4108 89.4156
17 8 0 18.0065 72.0589
17 9 0 96.5691 20.6663
17 10 0 87.4039 67.0004
17 11 0 22.9712 43.8305
17 12 0 16.3455 75.3695
17 13 0 82.6075 40.9142
17 14 0 27.1027 35.1604
17 15 0 14.8368 93.8631
17 16 0 89.6062 45.6945
17 18 1 67.1364 87.2173
17 19 0 2.83344 38.8051
17 20 0 47.5473 58.8685
17 21 0 61.2297 60.4201
17 22 0 82.1839 79.8874
17 23 0 53.3741 20.0233
17 24 0 36.7396 35.308
17 25 0 26.4873 82.5338
17 26 0 58.9251 97.7486
17 27 0 61.3527 8.20637
17 28 0 29.7403 61.5285
17 29 0 70.8398 23.2108
17 30 0 21.588 28.9738
17 31 0 13.5341 93.5381
17 32 0 53.3899 85.9475
17 33 0 22.8815 98.032
17 34 0 24.768 55.6717
17 35 0 68.4909 9.99981
17 36 0 64.0912 48.3575
17 37 0 71.1715 80.7198
17 38 0 83.6682 3.62185
17 39 0 45.7918 39.1852
17 40 0 42.3984 24.5974
18 1 0 44.1636 78.7183
18 2 0 40.3537 30.9779
18 3 0 50.6448 18.6014
18 4 0 44.0189 19.7385
18 5 0 9.31901 72.3778
18 6 0 14.5041 24.1528
18 7 0 76.1904 88.4304
18 8 0 14.7213 3.14894
18 9 0 48.401 44.7532
18 10 0 99.0438 50.5467
18 11 0 29.6274 41.1471
18 12 0 91.3479 93.5493
18 13 0 30.0293 33.4926
18 14 0 43.3557 89.9774
18 15 0 25.2757 34.0436
18 16 0 58.5942 79.5415
18 17 0 92.6716 49.7673
18 19 1 97.4763 41.8441
18 20 0 95.2784 43.2792
18 21 1 84.0383 60.6587
18 22 0 44.7397 52.5126
18 23 0 84.4236 16.7813
18 24 0 31.6371 42.0516
18 25 0 22.031 90.4665
18 26 0 25.9927 53.4747
18 27 0 34.4504 57.6368
18 28 0 68.9152 8.17655
18 29 0 54.5038 73.77
18 30 0 31.247 68.8898
18 31 0 70.3657 45.2268
18 32 0 86.954 32.547
18 33 0 11.3883 48.9606
18 34 0 89.2493 44.1627
18 35 0 24.1615 14.8826
18 36 0 37.5669 62.1253
18 37 0 24.62 69.9227
18 38 0 73.2714 79.0572
18 39 0 75.8221 81.2069
18 40 0 75.4927 27.6991
19 1 0 62.9059 37.7497
19 2 0 67.4156 66.5311
19 3 0 58.6046 20.7287
19 4 0 8.2443 73.533
19 5 0 7.708 60.9733
19 6 0 48.3306 82.239
19 7 0 52.6088 42.2298
19 8 0 88.3432 28.4624
19 9 0 89.2767 38.2425
19 10 0 91.7637 34.1438
19 11 1 61.9052 31.7586
19 12 0 31.3852 45.2803
19 13 0 2.94744 61.4713
19 14 0 81.0198 56.9445
19 15 1 41.4926 46.6695
19 16 0 35.7074 31.3847
19 17 0 14.8561 26.7943
19 18 0 6.60157 72.9002
19 20 1 83.9108 62.3803
19 21 0 98.3302 81.885
19 22 0 66.4884 67.0353
19 23 0 23.123 54.7406
19 24 0 4.6266 53.2782
19 25 0 58.4079 52.3778
19 26 0 29.0384 91.3385
19 27 0 13.0291 92.8589
19 28 0 93.7676 8.18017
19 29 0 71.1429 74.419
19 30 0 80.8375 24.9387
19 31 0 83.1409 31.3997
19 32 0 34.3311 22.3158
19 33 0 88.644 99.8311
19 34 0 72.8734 64.5182
19 35 0 59.3183 34.8482
19 36 0 88.5037 53.6587
19 37 1 42.4805 14.0183
19 38 0 48.652 48.3002
19 39 0 61.8438 66.9698
19 40 0 88.3256 17.3233
20 1 0 55.511 26.8239
20 2 0 35.1647 44.3472
20 3 0 94.2282 9.11063
20 4 0 23.8153 27.8395
20 5 0 87.3258 23.4219
20 6 0 35.7912 56.5434
20 7 0 7.22624 41.3286
20 8 0 52.2111 62.7964
20 9 0 8.38292 75.7222
20 10 0 5.26802 3.74805
20 11 0 84.2083 70.4785
20 12 0 62.7584 90.4461
20 13 0 82.1576 67.7309
20 14 0 94.2573 40.958
20 15 0 51.417 38.2961
20 16 0 39.5542 12.0572
20 17 0 73.0413 1.63135
20 18 0 70.0486 88.0669
20 19 0 63.0881 83.8694
20 21 1 64.3704 19.5402
20 22 0 17.2275 24.9376
20 23 0 75.1861 39.2282
20 24 0 59.1588 44.3386
20 25 0 7.54183 52.3575
20 26 0 87.5852 5.07575
20 27 0 96.8975 61.6484
20 28 0 2.15724 43.2754
20 29 0 39.542 33.6136
20 30 1 45.7236 60.5377
20 31 0 34.9028 35.8366
20 32 0 37.4787 63.6195
20 33 0 97.8641 43.3855
20 34 0 56.0974 5.18237
20 35 0 56.3757 92.297
20 36 0 56.3885 84.1571
20 37 0 49.7563 79.739
20 38 0 11.5022 38.4764
20 39 0 42.1544 90.4824
20 40 0 73.952 57.6533
21 1 0 77.1049 8.98663
21 2 0 75.3767 72.5765
21 3 0 65.8057 97.7033
21 4 0 56.7435 24.3099
21 5 0 54.4684 39.596
21 6 0 14.6635 72.3322
21 7 0 65.9918 23.7608
21 8 0 38.5843 46.4994
21 9 0 47.4164 37.4288
21 10 0 50.4256 38.3281
21 11 0 57.3181 14.7263
21 12 0 86.1573 79.2206
21 13 0 92.4994 39.6663
21 14 0 12.7705 31.959
21 15 0 27.1765 0.162811
21 16 0 87.6191 84.6824
21 17 0 58.6277 9.66648
21 18 0 42.0429 98.2974
21 19 0 21.6821 47.2628
21 20 0 11.5057 60.7807
21 22 1 28.8301 45.3461
21 23 0 81.9579 25.8788
21 24 0 42.6831 92.8387
21 25 1 32.3208 35.2975
21 26 0 80.7605 10.9895
21 27 0 22.2385 83.1535
21 28 0 65.7876 45.5965
21 29 0 55.9424 1.28849
21 30 0 45.5124 36.6009
21 31 0 27.7205 84.3611
21 32 0 20.6067 91.7936
21 33 0 16.2236 43.945
21 34 0 75.949 75.1127
21 35 0 97.0273 79.655
21 36 0 6.09952 11.6743
21 37 0 44.5228 57.1424
21 38 0 49.0743 43.5088
21 39 0 47.4045 75.7098
21 40 0 48.8015 28.695
22 1 0 7.24096 73.8823
22 2 0 22.0241 5.48814
22 3 0 89.9207 54.2414
22 4 0 36.1779 52.5899
22 5 0 1.28554 66.0911
22 6 0 21.2715 92.2374
22 7 0 88.4311 51.6383
22 8 0 50.0883 56.5833
22 9 0 27.1698 19.0145
22 10 0 91.2887 39.4205
22 11 0 96.469 9.91752
22 12 0 74.1154 78.2304
22 13 0 10.7911 76.0444
22 14 0 70.0554 85.3509
22 15 0 2.49998 51.4537
22 16 0 76.0136 70.6709
22 17 0 27.6355 24.3163
22 18 0 11.6307 39.1697
22 19 0 18.0201 84.1675
22 20 0 61.2916 5.96487
22 21 0 17.671 64.793
22 23 1 74.2117 56.4951
22 24 0 15.6612 65.2812
22 25 0 20.0263 33.225
22 26 0 60.9074 83.8125
22 27 0 70.091 3.03883
22 28 0 64.1575 18.9279
22 29 0 82.2076 81.477
22 30 0 28.252 50.0987
22 31 0 10.0332 0.90295
22 32 0 55.9032 8.46908
22 33 0 15.0681 52.4736
22 34 0 54.2048 63.3581
22 35 0 34.0929 17.5249
22 36 0 78.0582 81.0331
22 37 1 96.2009 13.3719
22 38 0 40.2044 35.0635
22 39 0 23.7965 21.9852
22 40 0 52.0706 5.16233
23 1 0 64.7416 73.6023
23 2 0 7.13695 42.4207
23 3 0 96.5046 76.5387
23 4 0 18.0459 12.414
23 5 0 68.372 2.80577
23 6 0 97.7459 59.8305
23 7 0 70.681 11.8945
23 8 0 28.8753 56.0889
23 9 0 42.1396 75.8051
23 10 0 31.7593 73.0086
23 11 0 42.3778 90.1398
23 12 0 59.2267 87.8172
23 13 0 42.0558 6.50886
23 14 0 53.2769 70.4125
23 15 1 60.037 75.8794
23 16 0 52.9677 24.088
23 17 0 50.787 79.9192
23 18 0 90.0241 11.9891
23 19 0 71.2182 5.25251
23 20 0 26.7927 1.61184
23 21 0 48.4772 86.2078
23 22 0 98.7741 42.8869
23 24 1 31.8098 79.9993
23 25 0 23.8206 28.7481
23 26 0 44.9188 92.0237
23 27 0 68.6469 83.523
23 28 0 4.7386 49.2749
23 29 0 35.8522 0.988391
23 30 0 33.4668 53.0511
23 31 0 5.85633 23.4761
23 32 0 49.0672 41.309
23 33 0 80.5614 59.1556
23 34 0 24.2096 42.3108
23 35 0 27.2608 59.181
23 36 0 32.0272 55.0982
23 37 0 9.4467 78.915
23 38 0 41.0266 69.7954
23 39 0 51.7347 61.375
23 40 0 35.5857 94.8417
24 1 0 72.2026 45.9779
24 2 0 62.3055 85.3173
24 3 0 92.2943 29.5864
24 4 0 77.6308 51.6381
24 5 0 43.2033 15.2764
24 6 0 11.6695 0.71141
24 7 0 33.1297 61.8085
24 8 0 43.2697 69.0259
24 9 0 62.1901 61.1988
24 10 0 84.233 91.7928
24 11 1 50.7373 82.2353
24 12 1 28.8935 29.114
24 13 0 4.16846 52.6217
24 14 0 70.7091 13.7225
24 15 0 81.944 34.0219
24 16 0 82.0699 40.6706
24 17 0 10.6994 35.4961
24 18 0 29.1402 56.6597
24 19 0 42.4537 82.7306
24 20 0 6.14468 58.6772
24 21 1 19.5245 86.6817
24 22 0 29.003 82.8496
24 23 0 54.006 58.5732
24 25 1 37.7666 63.2298
24 26 0 96.998 62.5924
24 27 0 95.3443 0.0440033
24 28 0 90.3547 6.43731
24 29 0 88.8488 32.2759
24 30 0 48.9259 84.5159
24 31 0 7.2282 81.2409
24 32 0 61.0752 10.416
24 33 0 73.6171 47.864
24 34 0 81.3818 18.6685
24 35 0 24.9729 90.8736
24 36 0 52.8731 84.6408
24 37 0 49.4224 32.6967
24 38 0 48.9378 40.4613
24 39 0 90.0645 89.308
24 40 0 97.3433 94.3614
25 1 0 65.1827 17.479
25 2 0 77.4833 96.9549
25 3 0 42.7656 61.5339
25 4 0 78.2696 69.9878
25 5 0 84.3966 61.901
25 6 0 14.9043 50.1137
25 7 0 98.9028 60.3149
25 8 0 94.5389 44.1292
25 9 0 25.879 69.3451
25 10 0 40.9829 60.3584
25 11 0 28.8135 80.259
25 12 0 48.3315 32.959
25 13 0 14.8386 25.3198
25 14 0 66.1123 55.5747
25 15 0 16.6567 52.687
25 16 0 91.4086 79.8882
25 17 0 3.77478 19.8454
25 18 0 76.8357 39.8792
25 19 0 8.92657 50.6358
25 20 0 98.2446 16.7698
25 21 0 48.7521 8.37946
25 22 0 22.0531 7.20774
25 23 0 64.1752 19.9027
25 24 0 14.5718 94.6175
25 26 1 71.9056 22.4371
25 27 0 35.7443 50.4111
25 28 0 12.5532 20.9267
25 29 0 64.2331 92.2036
25 30 0 90.9183 20.3027
25 31 0 97.1203 34.0298
25 32 0 88.42 41.9065
25 33 0 92.9431 57.9677
25 34 0 47.6731 88.9087
25 35 0 75.0616 36.528
25 36 0 66.0987 63.9369
25 37 0 40.7854 39.5629
25 38 0 3.88132 36.8252
25 39 0 1.11656 63.1118
25 40 0 94.9305 20.4786
26 1 0 77.0127 94.6955
26 2 0 40.92 66.0946
26 3 1 77.8067 95.3521
26 4 0 55.7607 14.3626
26 5 0 7.04712 12.6783
26 6 0 21.4071 1.53536
26 7 0 77.5539 34.2897
26 8 0 77.9184 47.0009
26 9 0 42.0026 3.9446
26 10 0 70.1123 49.6134
26 11 0 47.9211 80.284
26 12 0 10.623 50.2942
26 13 0 18.7573 66.6112
26 14 0 80.2548 92.5803
26 15 0 68.0894 38.9894
26 16 0 42.7011 84.1854
26 17 0 32.1302 16.2069
26 18 0 59.0888 14.5903
26 19 0 24.2477 4.86524
26 20 1 59.6591 32.5179
26 21 1 97.6519 46.8186
26 22 0 41.454 13.5364
26 23 0 8.07934 4.92456
26 24 0 38.0841 67.1428
26 25 0 0.426321 22.8545
26 27 1 17.0101 40.3356
26 28 0 80.7638 14.736
26 29 0 25.3712 24.0109
26 30 0 51.8239 79.9115
26 31 0 93.3296 69.0171
26 32 0 89.4098 6.13675
26 33 0 21.876 51.1501
26 34 0 8.23034 71.1979
26 35 0 93.6092 23.6802
26 36 0 93.8162 78.678
26 37 0 91.251 41.4365
26 38 0 44.7571 43.8121
26 39 0 65.6793 12.0083
26 40 0 13.2152 42.1672
27 1 0 77.0633 79.6479
27 2 0 37.5993 53.1909
27 3 0 90.4387 0.0247974
27 4 0 68.514 70.0093
27 5 0 64.6566 71.5706
27 6 0 2.66839 85.7532
27 7 0 3.2559 27.3651
27 8 0 97.7502 52.6305
27 9 0 59.2122 49.8287
27 10 0 3.34433 29.0099
27 11 0 20.1657 87.2648
27 12 0 7.52814 37.6665
27 13 0 78.4045 64.1423
27 14 1 67.7211 79.2534
27 15 0 37.3826 27.2986
27 16 0 71.1892 60.0289
27 17 0 11.7746 71.95
27 18 0 13.5781 47.1593
27 19 0 83.9609 8.20902
27 20 0 54.8084 3.90267
27 21 0 73.7215 92.5715
27 22 0 71.171 14.8935
27 23 0 67.7733 39.0598
27 24 0 3.1101 72.3007
27 25 0 14.8343 86.8282
27 26 0 51.0375 64.5012
27 28 1 89.2018 50.234
27 29 0 21.761 6.42043
27 30 0 26.2728 96.2603
27 31 0 89.2821 97.751
27 32 1 88.9678 33.5426
27 33 0 85.0035 68.6388
27 34 0 78.2927 80.1737
27 35 0 10.4066 32.5238
27 36 0 66.0053 24.5721
27 37 0 62.6413 86.4731
27 38 0 19.3306 93.6663
27 39 0 81.2596 27.836
27 40 0 86.5375 26.8731
28 1 0 84.1601 96.2196
28 2 0 91.0659 10.039
28 3 0 80.7945 65.7492
28 4 0 78.7406 83.3816
28 5 0 34.8772 67.8415
28 6 0 71.4743 22.9406
28 7 0 58.6876 35.7073
28 8 0 40.6807 4.21725
28 9 0 79.4665 46.0896
28 10 0 81.5923 42.1828
28 11 1 63.965 46.4287
28 12 0 29.2657 74.4626
28 13 0 33.291 47.5215
28 14 1 89.4867 21.6991
28 15 0 53.5303 11.264
28 16 0 35.9973 78.5282
28 17 0 21.1587 94.0686
28 18 0 68.102 9.77441
28 19 0 5.72555 17.4075
28 20 0 21.3498 11.6621
28 21 0 97.1907 44.8573
28 22 0 24.6469 40.1109
28 23 0 14.5343 30.9721
28 24 0 18.9802 69.0703
28 25 0 54.8701 54.2118
28 26 0 12.0217 8.11816
28 27 0 93.1699 80.4968
28 29 1 27.3552 71.1894
28 30 0 30.6947 15.3999
28 31 0 67.696 39.7412
28 32 0 84.0918 30.1761
28 33 0 14.2028 68.9365
28 34 0 88.0706 4.60223
28 35 0 88.6662 52.3576
28 36 0 96.6865 51.1918
28 37 0 32.0331 63.7015
28 38 0 66.8405 50.1496
28 39 0 8.60958 30.8261
28 40 0 66.6157 27.4922
29 1 0 26.561 61.9867
29 2 0 60.2423 56.9814
29 3 0 68.957 63.9883
29 4 0 13.4512 94.1731
29 5 0 25.4832 34.7501
29 6 0 93.5204 99.0868
29 7 0 39.1247 25.1933
29 8 0 4.10078 43.969
29 9 1 31.621 6.98698
29 10 0 14.0076 29.1452
29 11 0 1.06858 63.0299
29 12 0 11.6867 35.4005
29 13 0 15.6625 53.7121
29 14 0 70.4747 26.7406
29 15 0 72.1664 92.4835
29 16 1 6.17354 6.88976
29 17 0 11.3332 83.6343
29 18 0 13.1396 63.2993
29 19 0 58.255 75.8829
29 20 0 73.5144 29.3117
29 21 0 61.3489 41.1183
29 22 0 96.6783 93.4456
29 23 0 75.0707 69.3132
29 24 0 30.547 62.0572
29 25 0 92.1466 86.469
29 26 0 80.8706 33.2068
29 27 0 36.6939 11.3069
29 28 0 47.9382 12.9593
29 30 1 20.5826 35.2004
29 31 0 2.27068 64.2444
29 32 0 91.6828 86.8231
29 33 0 84.6907 51.6777
29 34 0 44.4972 66.9877
29 35 0 12.9508 48.5753
29 36 0 34.6424 76.97
29 37 0 96.8687 35.159
29 38 0 18.331 33.9627
29 39 0 37.4432 47.0596
29 40 0 22.3408 59.7542
30 1 0 74.9145 89.7692
30 2 0 34.4586 82.8323
30 3 0 9.79864 58.1655
30 4 0 61.5062 84.5443
30 5 0 45.2026 44.0812
30 6 0 33.2701 70.3804
30 7 0 76.7929 66.0136
30 8 0 32.3889 23.4938
30 9 0 24.9939 80.2463
30 10 0 85.6911 42.5923
30 11 0 48.1248 40.2394
30 12 0 72.3876 9.46198
30 13 0 10.5999 30.142
30 14 0 14.9777 17.1679
30 15 0 70.2578 16.2381
30 16 0 8.66076 85.2449
30 17 0 10.1553 7.98248
30 18 0 14.1716 46.377
30 19 0 82.8775 61.5197
30 20 1 1.24505 6.95262
30 21 0 20.5744 72.1546
30 22 1 89.3687 43.6684
30 23 0 10.7143 69.6388
30 24 0 10.5266 62.2638
30 25 0 20.1606 12.3797
30 26 1 75.9107 1.25056
30 27 0 71.9253 41.8389
30 28 0 69.1982 74.8416
30 29 0 22.4583 95.5777
30 31 1 8.19299 88.6129
30 32 0 55.9892 52.7583
30 33 0 63.3495 72.5426
30 34 0 6.69172 23.4743
30 35 0 33.9728 84.0888
30 36 0 49.311 8.23396
30 37 0 12.249 66.4482
30 38 0 38.5404 67.3579
30 39 0 91.5816 62.2422
30 40 0 93.6008 44.7858
31 1 1 48.1442 2.39855
31 2 0 72.1628 77.6664
31 3 0 11.6563 85.6107
31 4 0 40.3563 8.4591
31 5 0 68.4327 29.3129
31 6 0 80.121 18.2296
31 7 0 96.5072 11.585
31 8 0 81.5528 14.5045
31 9 0 40.9728 97.2914
31 10 0 56.1395 38.4359
31 11 0 80.7867 19.4682
31 12 0 50.7723 12.5494
31 13 0 0.132048 12.0844
31 14 0 29.2542 35.242
31 15 0 60.337 17.1491
31 16 0 29.389 74.7269
31 17 0 27.2929 54.9836
31 18 0 59.6704 55.1463
31 19 0 12.0135 2.42288
31 20 0 14.3492 45.581
31 21 0 20.482 1.12129
31 22 1 48.7818 97.0255
31 23 0 22.7657 1.67977
31 24 0 99.5427 60.061
31 25 0 2.48557 65.4192
31 26 0 60.2265 10.7243
31 27 0 14.0518 82.4386
31 28 0 28.8045 29.0551
31 29 0 10.4156 83.8921
31 30 0 69.0979 41.5626
31 32 1 10.4596 31.8325
31 33 0 69.4877 25.1655
31 34 0 80.3341 43.1766
31 35 0 11.3547 23.3226
31 36 0 65.6129 8.68859
31 37 0 81.2949 88.2063
31 38 0 40.7843 58.8521
31 39 0 61.0562 88.1364
31 40 0 32.2074 12.8751
32 1 0 15.6704 39.5182
32 2 0 57.3338 82.8575
32 3 0 35.4813 44.9231
32 4 0 52.3838 7.5183
32 5 0 39.2015 55.8584
32 6 0 66.5282 21.3897
32 7 0 39.201 9.11165
32 8 0 48.902 15.0655
32 9 0 21.0318 59.425
32 10 0 17.3512 89.6702
32 11 0 59.1192 86.4556
32 12 0 17.2074 89.3906
32 13 0 48.2036 33.787
32 14 0 66.0644 86.7618
32 15 0 96.3334 58.7368
32 16 0 29.6448 91.1874
32 17 0 95.1847 4.00226
32 18 0 39.8286 95.0178
32 19 1 76.2876 32.5689
32 20 0 76.0345 30.2115
32 21 0 92.7557 42.8896
32 22 0 59.0482 31.4417
32 23 0 58.3315 76.751
32 24 0 24.8066 79.7221
32 25 0 80.9252 79.7745
32 26 0 31.8962 33.3876
32 27 0 89.371 47.8188
32 28 0 30.7562 55.7272
32 29 0 98.446 6.65613
32 30 0 9.61624 83.1453
32 31 0 78.9693 94.172
32 33 1 82.6419 65.6633
32 34 0 49.9379 4.12122
32 35 0 19.3073 2.99118
32 36 0 44.5974 61.3429
32 37 0 41.276 82.4855
32 38 0 5.68568 93.6488
32 39 0 91.6321 11.7096
32 40 0 30.6732 8.50488
33 1 0 71.3713 24.2276
33 2 1 55.2646 40.3734
33 3 0 71.816 56.1548
33 4 0 0.484378 45.2623
33 5 0 20.1899 49.5874
33 6 0 52.0634 21.1546
33 7 0 85.1698 69.6307
33 8 0 47.4988 63.5357
33 9 0 1.27043 87.2023
33 10 0 0.318001 65.2142
33 11 1 44.7305 85.6128
33 12 0 29.5982 94.5137
33 13 0 6.49137 55.6895
33 14 0 22.8307 83.6111
33 15 0 82.6141 13.2272
33 16 0 1.15436 23.4416
33 17 0 85.221 15.1937
33 18 0 41.343 25.7404
33 19 0 56.6032 5.64238
33 20 0 24.1377 82.0683
33 21 0 82.7167 38.7413
33 22 0 19.2241 59.6825
33 23 0 44.651 82.871
33 24 0 9.54672 52.3631
33 25 0 92.9319 27.0753
33 26 0 58.6664 22.7709
33 27 0 10.9568 19.0901
33 28 0 64.5281 16.7303
33 29 0 36.7734 57.3372
33 30 0 4.3366 55.8643
33 31 0 29.8363 36.2491
33 32 0 51.7435 45.4369
33 34 1 21.1108 6.62786
33 35 1 14.4582 32.3208
33 36 1 75.7224 0.780696
33 37 0 45.5186 22.2219
33 38 0 98.1475 89.6396
33 39 0 37.8053 89.768
33 40 0 62.8781 52.5809
34 1 0 73.5591 1.39045
34 2 0 22.8009 68.5333
34 3 0 51.1292 80.989
34 4 0 8.79161 45.3978
34 5 0 53.435 72.3687
34 6 0 40.9463 73.0934
34 7 0 97.9955 22.4611
34 8 0 58.8045 39.6949
34 9 0 45.5891 66.0867
34 10 0 36.7322 66.4734
34 11 0 8.02898 40.2437
34 12 0 74.2545 25.5096
34 13 0 75.9261 94.5255
34 14 0 27.8953 93.8797
34 15 0 54.6388 49.9111
34 16 0 96.0932 16.0836
34 17 0 56.1017 5.17199
34 18 0 83.296 11.1473
34 19 0 27.8345 78.1658
34 20 0 58.1533 17.9176
34 21 0 59.778 47.6895
34 22 0 59.2009 19.6316
34 23 0 66.6853 73.434
34 24 0 97.0334 2.90985
34 25 0 55.6708 54.6538
34 26 0 74.0826 88.0593
34 27 0 52.2255 27.9572
34 28 0 3.69336 72.6394
34 29 1 42.9999 33.4608
34 30 0 38.1065 49.6441
34 31 0 27.229 92.5719
34 32 0 32.1632 9.38765
34 33 0 80.2188 11.636
34 35 1 52.6184 86.9867
34 36 0 30.8474 46.1947
34 37 0 99.793 40.5797
34 38 0 60.9752 80.0246
34 39 0 80.4112 66.2597
34 40 0 49.5903 75.396
35 1 0 51.0409 90.256
35 2 0 77.1539 84.0769
35 3 0 54.4332 87.1784
35 4 0 10.7157 17.0528
35 5 0 16.3369 26.7325
35 6 0 78.0163 80.1214
35 7 0 2.72947 98.9719
35 8 0 98.7343 45.7465
35 9 0 92.6621 6.21523
35 10 0 24.4152 16.6902
35 11 0 90.0877 94.6267
35 12 0 37.6136 56.3527
35 13 0 60.1049 25.7029
35 14 0 72.5819 90.4122
35 15 0 98.3894 41.1872
35 16 0 90.5498 98.3607
35 17 0 29.4954 40.1147
35 18 0 25.3104 59.3324
35 19 0 82.416 97.4937
35 20 0 5.96372 21.6998
35 21 0 64.7098 55.5741
35 22 0 37.7269 48.2528
35 23 0 29.9746 98.7902
35 24 0 65.928 90.9767
35 25 0 40.2369 66.1731
35 26 0 40.2138 20.3088
35 27 0 96.8272 45.7381
35 28 0 55.517 7.68656
35 29 0 74.1891 69.3312
35 30 0 30.4208 65.8724
35 31 0 73.1677 74.2258
35 32 0 33.509 1.20194
35 33 0 66.1123 76.3401
35 34 0 29.1603 29.9305
35 36 1 27.7562 19.6903
35 37 0 51.0822 12.9925
35 38 0 33.4089 47.4221
35 39 0 8.02641 34.6275
35 40 0 43.8955 13.4094
36 1 0 89.2549 85.2934
36 2 0 97.4217 92.3719
36 3 0 82.0668 16.3071
36 4 0 38.8496 12.9639
36 5 0 74.7004 89.7783
36 6 0 78.1881 60.409
36 7 0 84.3962 19.4852
36 8 0 29.0591 35.5081
36 9 0 68.735 62.9256
36 10 0 99.8672 92.1608
36 11 0 47.7409 41.0354
36 12 0 47.1966 93.8491
36 13 0 79.4436 83.7566
36 14 0 69.8778 33.9437
36 15 0 83.7687 1.01736
36 16 0 81.0774 6.75708
36 17 0 58.8209 79.2661
36 18 1 71.0561 57.9425
36 19 0 2.12317 0.469505
36 20 0 0.802674 62.5293
36 21 0 18.611 19.9774
36 22 0 17.7956 73.1417
36 23 0 50.3082 48.1411
36 24 0 73.7192 26.8735
36 25 0 73.8722 77.1024
36 26 0 54.5749 66.188
36 27 0 23.9979 6.16101
36 28 0 88.7088 87.9998
36 29 0 20.4527 70.1273
36 30 0 60.518 25.4897
36 31 0 83.9371 12.181
36 32 0 84.1514 89.3119
36 33 0 47.3793 25.4459
36 34 0 8.31551 88.498
36 35 0 55.6064 23.7608
36 37 1 40.1116 14.8108
36 38 0 68.4164 27.338
36 39 0 99.621 47.6369
36 40 0 29.427 25.74
37 1 0 12.3877 92.1279
37 2 0 95.5922 60.7229
37 3 0 90.1305 28.7245
37 4 0 46.2486 21.4012
37 5 0 77.5046 34.65
37 6 0 91.093 92.9208
37 7 0 71.0174 5.43167
37 8 0 73.4169 28.9644
37 9 0 40.1174 41.3168
37 10 0 15.5406 69.3722
37 11 0 26.1039 68.917
37 12 0 96.1845 79.8678
37 13 0 33.8574 98.2554
37 14 0 98.2362 84.2337
37 15 0 60.052 14.1508
37 16 0 1.37725 5.44369
37 17 0 95.8976 38.6197
37 18 0 88.8954 7.9372
37 19 0 41.1768 30.154
37 20 0 58.2234 81.2032
37 21 0 63.1864 96.3474
37 22 0 94.4511 38.0148
37 23 0 48.413 38.571
37 24 0 79.3985 68.5487
37 25 0 32.8234 74.3925
37 26 0 64.5864 62.7373
37 27 0 32.7478 37.0818
37 28 0 86.996 56.7445
37 29 0 36.4915 77.9863
37 30 0 7.52329 25.8627
37 31 0 51.2786 81.6925
37 32 0 6.52434 71.6807
37 33 0 67.2795 38.2577
37 34 0 90.7158 98.653
37 35 0 7.61078 11.4043
37 36 0 82.2109 85.4063
37 38 1 45.3439 32.0068
37 39 0 58.1056 32.4902
37 40 0 18.7977 39.6664
38 1 0 0.71407 84.2638
38 2 0 29.5917 14.0077
38 3 1 94.7351 37.4446
38 4 0 92.9463 3.72857
38 5 0 64.5301 13.2587
38 6 0 42.4814 16.9602
38 7 1 21.8135 82.8064
38 8 0 83.1133 38.3422
38 9 0 85.0113 73.1682
38 10 0 42.9967 21.2975
38 11 0 27.0496 11.9151
38 12 0 62.8601 38.5193
38 13 0 32.5059 22.274
38 14 0 85.3242 32.6607
38 15 1 10.3352 73.6165
38 16 0 13.4131 58.5697
38 17 0 37.4762 66.1347
38 18 0 45.9789 61.7612
38 19 0 89.3744 89.9947
38 20 0 77.7606 34.0056
38 21 0 80.2706 33.7192
38 22 0 10.245 0.39049
38 23 0 23.4937 16.3049
38 24 0 66.4929 16.4264
38 25 0 18.5794 57.2752
38 26 0 30.5591 99.8733
38 27 0 56.4226 22.487
38 28 0 15.6413 84.7286
38 29 0 8.05463 93.9319
38 30 0 57.9512 90.7341
38 31 0 85.1604 4.00063
38 32 0 93.2423 78.4653
38 33 0 19.5771 79.3116
38 34 0 23.2403 94.8916
38 35 0 11.6773 58.761
38 36 0 94.979 35.3836
38 37 0 93.8906 50.8644
38 39 1 51.0369 25.4744
38 40 0 66.5962 48.4449
39 1 0 59.8505 94.0788
39 2 0 41.7046 48.5539
39 3 0 3.05534 21.8528
39 4 0 85.9735 81.5728
39 5 0 36.6746 78.0283
39 6 0 20.5855 71.0904
39 7 0 35.4339 27.9815
39 8 0 7.27708 15.6198
39 9 1 43.0386 66.5209
39 10 0 36.1583 69.962
39 11 0 56.1105 75.7919
39 12 0 54.9126 7.84053
39 13 0 60.3951 62.3083
39 14 0 37.1831 51.9647
39 15 1 30.5504 7.46541
39 16 0 74.117 15.0183
39 17 0 63.3127 85.7825
39 18 0 76.8156 57.1702
39 19 0 97.3352 44.6839
39 20 0 2.91793 65.5964
39 21 0 11.7979 47.0342
39 22 0 72.3405 68.1132
39 23 0 71.697 47.0743
39 24 0 14.4382 97.1135
39 25 0 59.1789 92.4628
39 26 0 50.3443 95.6263
39 27 0 15.3162 80.5955
39 28 0 45.2081 42.6756
39 29 0 80.1579 81.929
39 30 0 13.4524 3.55851
39 31 0 61.4422 90.5215
39 32 0 30.9046 70.9824
39 33 0 56.2963 77.2597
39 34 0 11.968 2.95204
39 35 0 58.7089 95.6183
39 36 0 61.7811 29.9386
39 37 0 93.5533 14.8497
39 38 0 89.9884 6.29957
39 40 1 95.7038 78.2121
40 1 1 30.6647 1.47869
40 2 0 50.084 39.036
40 3 0 46.5259 8.3468
40 4 0 58.8211 91.2775
40 5 0 93.9588 91.8385
40 6 0 78.8303 81.0835
40 7 0 6.43159 52.3773
40 8 0 48.3926 36.2456
40 9 0 48.4031 3.00514
40 10 0 76.0503 5.50162
40 11 0 46.7027 87.0014
40 12 0 76.8787 76.9289
40 13 0 8.48971 1.95984
40 14 0 74.057 46.1945
40 15 0 20.4292 16.8022
40 16 0 5.92349 24.5871
40 17 0 85.1425 22.6368
40 18 0 87.583 21.2076
40 19 0 54.9636 78.9911
40 20 0 59.9174 26.3168
40 21 0 65.3349 35.2285
40 22 0 11.8669 19.9528
40 23 0 55.6431 46.2557
40 24 0 89.7228 57.8499
40 25 0 46.599 43.7685
40 26 0 86.5545 84.6039
40 27 0 41.5033 48.7615
40 28 0 34.8325 21.3425
40 29 0 13.7357 93.1626
40 30 0 72.4685 70.5317
40 31 1 34.3441 17.2727
40 32 1 39.7568 83.8294
40 33 0 96.4918 5.91343
40 34 0 69.1132 91.5005
40 35 0 53.7482 93.3692
40 36 0 76.3902 33.7986
40 37 0 20.8309 62.9616
40 38 0 21.4075 95.2459
40 39 0 19.783 77.4028
22.0883 27.0732 35.3486 9.84622 13.9211 15.6715 8.45474 22.3027 26.3583 3.4443 15.7353 33.9427 16.6175 24.1506 25.275 22.3306 4.62529 35.5293 8.27148 35.7592 36.0527 36.8636 35.291 7.06295 9.98039 18.786 13.3186 5.35102 22.9683 26.6275 17.219 28.2748 21.6184 2.27123 32.7379 22.9465 37.0651 27.0571 32.6626 22.9462 