40
300
5
50
1 2 1 21.2163 87.8365
1 3 0 83.0172 62.0669
1 4 0 27.1478 68.0871
1 5 0 87.0919 90.5096
1 6 0 28.5992 85.9795
1 7 1 53.4593 68.2233
1 8 0 71.0358 0.28909
1 9 0 79.9643 79.6537
1 10 0 28.3425 13.7315
1 11 0 6.13963 58.064
1 12 0 54.0964 37.4576
1 13 0 88.8019 97.6914
1 14 0 82.7032 56.4536
1 15 0 44.4691 3.4152
1 16 0 82.5581 53.9574
1 17 0 0.14968 5.22856
1 18 0 94.559 42.2369
1 19 0 73.1016 96.3582
1 20 0 71.6638 46.0612
1 21 0 93.9061 46.043
1 22 1 9.66996 25.5254
1 23 0 91.2876 30.8097
1 24 0 85.2823 79.3598
1 25 0 32.6237 92.494
1 26 0 69.3054 51.1781
1 27 1 86.9125 18.87
1 28 0 39.1689 58.7556
1 29 0 43.9036 70.1935
1 30 0 15.6776 59.8928
1 31 0 87.2995 57.2857
1 32 0 60.0895 32.4745
1 33 0 80.0268 66.6601
1 34 0 78.9853 18.0985
1 35 0 31.4576 50.1918
1 36 0 12.1302 1.42408
1 37 0 27.0178 81.6501
1 38 0 92.9037 99.8689
1 39 0 87.4361 98.1895
1 40 0 40.5352 82.0774
2 1 1 24.3767 55.2616
2 3 1 27.214 19.457
2 4 0 55.071 34.5352
2 5 0 65.323 99.2026
2 6 0 53.0598 75.1789
2 7 0 20.4218 75.8359
2 8 0 60.3822 55.936
2 9 0 74.9528 12.5231
2 10 1 23.0015 47.2603
2 11 0 35.822 38.7945
2 12 0 43.0014 64.6212
2 13 0 73.3522 10.1022
2 14 1 90.2618 45.3
2 15 0 83.489 4.87591
2 16 0 93.6234 51.3467
2 17 0 78.163 26.3804
2 18 0 8.14324 49.4727
2 19 0 90.4665 86.4228
2 20 0 37.4972 31.9461
2 21 0 73.9714 0.579563
2 22 0 92.1603 76.0073
2 23 0 32.0546 16.7075
2 24 0 63.4344 38.8901
2 25 0 77.5014 7.51806
2 26 0 60.9574 76.4533
2 27 1 8.17459 87.5366
2 28 0 61.5095 58.7274
2 29 0 35.3892 83.6557
2 30 1 66.7401 31.0949
2 31 0 70.3344 87.2234
2 32 0 72.9137 88.128
2 33 0 0.411082 95.4088
2 34 0 27.9056 84.9602
2 35 0 10.8687 2.25157
2 36 0 42.2476 89.1347
2 37 0 36.6033 42.135
2 38 1 33.8148 84.7971
2 39 1 28.1478 32.128
2 40 0 5.10904 67.6259
3 1 1 67.6959 40.7234
3 2 0 25.1235 37.8459
3 4 1 82.6104 70.0356
3 5 1 15.9357 98.1311
3 6 0 64.3149 45.764
3 7 0 80.228 46.7993
3 8 0 40.8497 5.65282
3 9 0 71.6472 55.5272
3 10 0 50.1777 2.69554
3 11 0 65.3041 75.0525
3 12 1 53.9057 80.9005
3 13 0 70.035 63.6851
3 14 0 36.2144 56.0265
3 15 0 75.2546 43.1009
3 16 1 92.0709 76.6785
3 17 0 9.05148 21.851
3 18 0 86.6414 74.5003
3 19 1 85.2342 25.8844
3 20 1 87.0394 35.0443
3 21 1 71.8677 26.8665
3 22 0 74.5312 78.7376
3 23 1 35.8902 49.8151
3 24 0 45.711 90.063
3 25 0 99.4683 7.62408
3 26 0 91.9643 9.51871
3 27 0 57.4077 38.0167
3 28 0 26.7214 88.3487
3 29 1 27.872 8.26844
3 30 0 97.0813 67.5921
3 31 0 52.2636 34.817
3 32 0 54.6336 42.2398
3 33 0 0.397128 78.4547
3 34 0 6.28079 27.6315
3 35 1 52.0133 23.5692
3 36 0 35.7707 38.9989
3 37 0 42.7374 48.4092
3 38 0 14.6627 2.36855
3 39 0 13.1995 96.9787
3 40 1 61.6737 97.2574
4 1 0 44.2265 12.8055
4 2 0 86.9252 3.98563
4 3 0 81.0279 77.8094
4 5 1 94.7327 13.5162
4 6 0 37.962 74.5125
4 7 0 31.2451 13.4574
4 8 0 92.5828 65.85
4 9 0 5.3928 81.3894
4 10 0 39.1118 22.7724
4 11 0 71.3672 90.1947
4 12 0 36.604 0.581058
4 13 0 34.0527 89.4932
4 14 0 4.37869 11.9192
4 15 0 19.2973 21.125
4 16 0 66.7167 31.208
4 17 0 52.4381 35.6876
4 18 0 94.421 11.4099
4 19 1 36.7746 7.37835
4 20 1 17.2003 67.5719
4 21 1 35.7919 72.2559
4 22 0 10.0995 40.959
4 23 0 61.8535 66.5246
4 24 0 92.9415 5.16625
4 25 0 82.1336 31.6873
4 26 0 15.1149 28.2165
4 27 0 49.9252 13.1291
4 28 0 83.466 97.2673
4 29 0 19.1766 22.0429
4 30 0 78.9518 50.5451
4 31 0 72.5832 45.6914
4 32 0 3.67363 6.96601
4 33 0 30.3908 55.2868
4 34 0 69.3034 58.8194
4 35 0 49.3555 35.3676
4 36 0 15.2418 60.0077
4 37 0 0.988591 89.0572
4 38 0 93.653 93.634
4 39 1 70.2219 55.233
4 40 1 42.233 55.0699
5 1 0 24.5649 86.2992
5 2 0 29.5338 75.2441
5 3 0 78.1247 68.6024
5 4 0 64.5063 63.4648
5 6 1 44.6251 1.4496
5 7 0 67.5058 26.2684
5 8 0 43.326 35.1038
5 9 0 71.809 12.6483
5 10 0 55.5169 65.0391
5 11 0 98.054 61.9374
5 12 0 13.3537 79.8129
5 13 1 87.0795 78.1302
5 14 0 69.8978 87.0533
5 15 0 70.1031 8.8946
5 16 0 51.811 74.4544
5 17 0 80.0328 29.0832
5 18 0 20.2361 30.5923
5 19 1 73.6848 72.0768
5 20 1 8.49249 93.5248
5 21 0 25.1916 65.7218
5 22 0 63.4125 27.7778
5 23 1 11.5287 76.2692
5 24 0 93.4358 91.5528
5 25 1 60.3472 49.1764
5 26 0 75.437 71.7492
5 27 0 28.822 35.6933
5 28 0 28.8171 56.5323
5 29 0 32.1336 59.9401
5 30 0 84.6511 91.479
5 31 0 16.9068 91.5887
5 32 0 41.6344 25.6046
5 33 0 75.1098 22.4867
5 34 0 58.3883 53.8463
5 35 0 72.3685 31.3506
5 36 0 7.64045 76.7377
5 37 0 12.9866 34.4613
5 38 0 62.7903 33.8039
5 39 0 86.6815 22.4964
5 40 0 52.6014 20.6937
6 1 0 80.6943 7.9201
6 2 1 28.3867 8.16288
6 3 0 69.9825 83.7137
6 4 0 88.2061 4.47733
6 5 0 89.7463 53.0301
6 7 1 6.00318 62.8388
6 8 1 33.2051 33.2713
6 9 1 95.2254 32.0225
6 10 0 10.8116 87.8193
6 11 0 55.3949 14.8549
6 12 0 23.4939 38.2301
6 13 0 94.2363 2.07483
6 14 0 97.1871 9.82188
6 15 0 62.1624 49.6969
6 16 0 29.9196 31.8992
6 17 0 83.2821 79.1657
6 18 0 69.7015 5.3839
6 19 1 95.4738 8.22191
6 20 0 24.8475 76.0191
6 21 0 60.036 96.6347
6 22 0 37.6847 20.6422
6 23 1 29.092 16.8373
6 24 0 66.5675 27.622
6 25 1 50.775 40.1988
6 26 0 1.13168 57.2639
6 27 0 45.8238 42.8301
6 28 0 73.7759 81.181
6 29 0 77.932 0.303813
6 30 0 0.267609 34.033
6 31 0 66.0981 46.8198
6 32 0 0.919112 41.4098
6 33 0 81.0804 3.23878
6 34 1 20.2241 6.18001
6 35 0 94.9073 80.2982
6 36 0 2.2474 34.2225
6 37 0 7.35797 47.4671
6 38 0 2.4331 40.7596
6 39 0 4.14427 24.2447
6 40 0 21.7394 2.41666
7 1 1 87.8257 77.9941
7 2 0 24.9648 96.0546
7 3 0 71.9959 89.7912
7 4 0 48.3576 38.6364
7 5 1 10.1855 8.0476
7 6 0 23.3976 67.4241
7 8 1 52.7259 79.5457
7 9 0 47.5139 49.1847
7 10 0 24.5165 68.1825
7 11 0 33.3029 25.1885
7 12 0 74.5819 50.6817
7 13 0 99.6326 85.5727
7 14 0 11.7116 87.1665
7 15 0 48.1962 75.2099
7 16 0 23.5809 87.4775
7 17 0 23.3807 52.2349
7 18 0 69.9347 64.9893
7 19 0 4.10557 33.4496
7 20 0 88.4026 46.5858
7 21 0 54.7753 78.8733
7 22 0 42.9202 68.3347
7 23 0 28.4227 41.5247
7 24 0 98.4352 43.2762
7 25 0 95.3667 54.1327
7 26 0 86.8034 99.0375
7 27 1 66.5378 12.0577
7 28 0 19.0937 92.7792
7 29 0 82.2607 35.678
7 30 0 99.5838 38.712
7 31 0 57.7598 11.1786
7 32 0 97.708 15.3409
7 33 0 82.1375 61.6087
7 34 0 99.1362 45.7087
7 35 0 89.8839 48.7271
7 36 1 28.7357 1.1865
7 37 0 90.5371 80.2337
7 38 0 76.3879 56.8149
7 39 1 45.7715 56.0899
7 40 0 10.5104 49.0764
8 1 0 28.8836 4.47358
8 2 0 52.1211 71.8718
8 3 0 97.6036 29.573
8 4 0 44.1409 94.0636
8 5 1 40.4722 33.6418
8 6 0 72.791 34.3755
8 7 0 30.7845 73.0909
8 9 1 15.7202 5.57892
8 10 0 72.0193 55.0946
8 11 0 89.2376 84.882
8 12 0 98.6029 96.3487
8 13 0 66.6047 6.05204
8 14 1 55.9899 37.2318
8 15 0 60.7202 83.3412
8 16 0 34.3353 52.9487
8 17 0 59.7567 31.8898
8 18 0 48.0005 16.6587
8 19 0 46.0981 55.0218
8 20 0 25.1854 54.791
8 21 0 65.109 83.0255
8 22 0 85.7063 33.7289
8 23 0 42.3131 9.01167
8 24 0 24.8581 42.8672
8 25 0 92.4379 7.70804
8 26 0 21.9272 74.857
8 27 0 35.8428 15.6382
8 28 0 50.1156 59.0934
8 29 0 50.4294 50.0616
8 30 0 89.7848 82.3174
8 31 0 19.9485 19.8315
8 32 0 22.5917 20.4531
8 33 1 95.247 98.7202
8 34 0 68.1348 27.2039
8 35 0 36.2044 31.8342
8 36 1 16.5104 7.26333
8 37 1 97.2461 81.2996
8 38 0 73.6441 61.1173
8 39 0 14.5368 58.9872
8 40 0 93.1746 87.482
9 1 1 9.69806 72.3612
9 2 0 36.7345 2.47262
9 3 0 74.1257 87.5382
9 4 0 38.8092 17.7611
9 5 0 90.3546 57.3563
9 6 0 22.3718 38.8988
9 7 0 98.386 39.5335
9 8 1 4.03039 6.31759
9 10 1 78.2379 43.689
9 11 0 65.4601 21.2995
9 12 0 43.1103 89.7672
9 13 0 45.0845 48.8674
9 14 0 45.2822 11.4568
9 15 0 31.6649 39.5583
9 16 1 43.8095 79.8117
9 17 1 92.7089 53.802
9 18 1 22.5547 8.77134
9 19 0 14.1788 95.631
9 20 0 66.4736 75.3609
9 21 1 9.00661 11.2986
9 22 0 22.3893 72.087
9 23 0 66.345 43.1936
9 24 0 93.9007 92.9463
9 25 0 73.5889 34.1151
9 26 0 53.113 42.7276
9 27 0 13.5731 84.4684
9 28 0 59.5998 71.7286
9 29 0 6.19267 75.7418
9 30 0 63.145 38.0504
9 31 0 10.5531 66.5333
9 32 0 76.7191 87.9785
9 33 0 18.459 72.7293
9 34 1 29.8747 73.6648
9 35 0 16.1562 27.3303
9 36 0 28.9396 10.9563
9 37 0 87.849 13.7963
9 38 1 58.8275 56.3907
9 39 0 84.2976 53.5197
9 40 0 78.1802 23.6616
10 1 1 74.892 69.4528
10 2 0 6.50266 1.2777
10 3 1 89.1722 55.0633
10 4 0 3.14338 55.7852
10 5 0 26.1412 98.4691
10 6 0 58.5912 18.011
10 7 0 30.8382 15.2052
10 8 0 58.6603 95.1159
10 9 1 31.5703 14.0976
10 11 1 64.4119 93.7545
10 12 0 54.404 37.0973
10 13 0 87.4248 86.0197
10 14 0 55.188 8.93683
10 15 0 75.201 80.1163
10 16 0 20.4515 25.4194
10 17 0 2.15972 70.4416
10 18 0 64.2582 38.5195
10 19 0 16.4798 23.8542
10 20 0 77.7509 82.4203
10 21 0 55.9858 72.1448
10 22 0 72.4374 41.1002
10 23 0 55.6713 24.2999
10 24 0 46.1223 35.2849
10 25 0 22.2698 58.6385
10 26 1 16.9136 12.748
10 27 0 18.9916 31.6742
10 28 0 52.5262 78.1118
10 29 0 90.2151 74.2502
10 30 1 21.2748 84.9645
10 31 0 65.4012 37.6848
10 32 0 25.4905 92.3267
10 33 0 74.0722 61.1518
10 34 0 77.2143 37.2309
10 35 0 91.1909 1.38512
10 36 0 87.9078 97.7449
10 37 0 3.08414 27.9608
10 38 0 7.08785 28.0814
10 39 0 66.6997 6.23647
10 40 1 67.7 90.0212
11 1 0 87.2294 67.4259
11 2 0 4.00264 18.0144
11 3 1 64.8702 37.3663
11 4 1 25.6239 24.2687
11 5 0 60.3244 65.6275
11 6 0 45.792 37.6843
11 7 0 51.0478 55.4412
11 8 0 98.4592 70.5794
11 9 0 2.74071 63.3065
11 10 0 64.5387 71.8412
11 12 1 70.4622 83.472
11 13 1 3.44397 33.8243
11 14 0 71.7403 82.662
11 15 1 39.0638 12.0477
11 16 0 28.1751 12.679
11 17 0 1.93755 52.8995
11 18 0 17.0514 9.96377
11 19 0 16.1103 81.6869
11 20 0 5.13382 29.4866
11 21 0 44.8226 91.7181
11 22 0 33.0022 0.771436
11 23 0 71.2516 27.4774
11 24 0 33.053 16.4018
11 25 0 99.1928 60.3502
11 26 0 48.1655 65.5218
11 27 0 80.2371 8.30415
11 28 0 62.9116 68.5906
11 29 0 82.1163 50.5826
11 30 0 97.1061 25.2601
11 31 0 30.9213 80.4832
11 32 0 74.1615 2.10199
11 33 0 72.3425 53.2862
11 34 0 23.5908 93.1576
11 35 1 60.452 87.3299
11 36 0 97.3959 99.4738
11 37 0 98.8872 14.7204
11 38 1 56.3359 11.1576
11 39 0 25.2583 46.2873
11 40 0 9.56729 98.4473
12 1 0 68.2109 79.9316
12 2 0 64.5568 22.388
12 3 0 46.9372 51.2376
12 4 0 94.3103 26.4089
12 5 1 34.0041 54.6274
12 6 0 93.8972 32.2666
12 7 0 62.822 86.1444
12 8 1 34.008 17.7712
12 9 0 49.312 81.2132
12 10 0 72.7591 21.058
12 11 0 90.9222 49.0315
12 13 1 53.0913 49.6512
12 14 1 67.332 82.9142
12 15 1 5.39263 50.021
12 16 0 78.3455 54.4905
12 17 0 72.8474 16.9014
12 18 0 53.3716 54.2381
12 19 1 40.0102 82.0379
12 20 0 22.0607 34.5816
12 21 0 28.6488 5.96485
12 22 0 97.4013 65.8643
12 23 0 36.965 52.1346
12 24 1 18.6145 13.1423
12 25 0 84.047 10.4875
12 26 1 73.2313 62.7062
12 27 1 92.6161 87.2828
12 28 0 16.4521 19.0548
12 29 0 11.9986 16.9622
12 30 1 10.9674 10.9776
12 31 0 72.8519 0.703708
12 32 0 53.689 74.4352
12 33 0 98.8084 46.5936
12 34 0 37.8846 2.87671
12 35 0 72.127 4.08922
12 36 0 71.3579 64.0861
12 37 0 33.5571 27.2264
12 38 0 19.0836 22.0216
12 39 0 35.1416 22.244
12 40 0 26.8348 59.1688
13 1 0 68.1474 79.6426
13 2 0 33.7829 79.1942
13 3 0 41.0101 97.5085
13 4 0 66.5991 48.7845
13 5 0 64.3086 45.8758
13 6 0 27.0196 53.6338
13 7 0 97.1062 0.474807
13 8 0 50.0725 22.9524
13 9 0 29.6385 49.4877
13 10 0 41.4909 74.9352
13 11 0 42.2497 27.5215
13 12 0 13.9335 64.1851
13 14 1 53.2218 80.0838
13 15 1 11.7719 25.7462
13 16 1 22.3521 27.9315
13 17 0 38.0045 68.944
13 18 1 68.6905 67.8543
13 19 0 90.3233 95.7045
13 20 1 93.5482 48.8998
13 21 0 50.9132 77.793
13 22 0 79.2895 0.913107
13 23 1 11.4115 33.8191
13 24 0 15.3393 62.3799
13 25 0 32.3022 38.8615
13 26 0 35.1664 41.7025
13 27 0 37.7103 99.04
13 28 0 52.6912 15.9383
13 29 0 12.4374 88.393
13 30 0 9.54501 81.9681
13 31 0 54.3444 74.4477
13 32 0 75.1244 66.5037
13 33 0 60.6242 41.4219
13 34 0 0.598342 7.4049
13 35 0 32.1357 62.5544
13 36 0 91.8378 45.2356
13 37 0 50.331 36.391
13 38 0 89.936 69.225
13 39 0 65.1842 54.4084
13 40 0 63.8221 23.0698
14 1 0 1.31494 98.4339
14 2 0 44.7582 54.1374
14 3 0 2.51533 21.8616
14 4 0 60.9979 25.2328
14 5 0 8.18378 41.7418
14 6 0 1.14162 59.0588
14 7 0 66.6218 40.4949
14 8 0 81.2141 2.94564
14 9 0 35.0514 95.5965
14 10 0 17.2388 77.5369
14 11 0 98.9036 84.643
14 12 0 29.0343 94.8251
14 13 1 18.8204 82.5567
14 15 1 71.0875 60.6701
14 16 1 50.5707 77.3013
14 17 0 19.5326 30.2941
14 18 0 81.8002 2.43276
14 19 0 60.4006 51.299
14 20 0 12.507 5.61529
14 21 0 22.9245 19.6207
14 22 1 7.47026 55.0832
14 23 1 5.63288 39.5463
14 24 0 89.5705 8.48761
14 25 0 83.8104 1.73596
14 26 0 63.7829 26.1753
14 27 0 0.182126 83.462
14 28 0 71.826 50.3552
14 29 0 61.8518 28.7218
14 30 0 98.78 59.2031
14 31 0 1.43412 43.3753
14 32 1 1.10482 45.0314
14 33 0 75.1036 94.615
14 34 0 77.974 64.8331
14 35 0 82.6922 76.325
14 36 0 9.51424 63.2034
14 37 1 65.6052 45.5396
14 38 0 5.75957 5.71833
14 39 1 57.3083 26.7955
14 40 0 15.6936 25.3425
15 1 0 16.4873 48.0304
15 2 1 49.659 63.3655
15 3 0 38.5228 13.3174
15 4 0 31.8433 76.1231
15 5 0 51.2406 84.1324
15 6 0 43.596 31.4098
15 7 0 80.3791 90.4729
15 8 0 87.5544 95.2105
15 9 0 80.9371 7.95773
15 10 0 2.15464 28.3457
15 11 0 66.7747 65.7628
15 12 0 79.7993 75.5911
15 13 0 22.315 54.3141
15 14 0 58.9225 76.3805
15 16 1 48.663 47.5837
15 17 0 83.1122 94.7978
15 18 0 88.5586 67.6693
15 19 0 13.0614 7.77652
15 20 0 94.7795 18.5023
15 21 0 86.0788 87.5049
15 22 0 6.32306 56.6947
15 23 0 10.5585 75.6529
15 24 0 4.1781 75.7275
15 25 0 76.9561 57.2842
15 26 0 7.33555 31.5676
15 27 0 64.7412 49.9468
15 28 0 21.2576 82.2455
15 29 0 17.5144 56.9257
15 30 0 18.4794 65.0858
15 31 0 98.2002 67.0334
15 32 0 37.4413 31.5548
15 33 0 26.8945 96.9306
15 34 0 58.287 52.5544
15 35 0 48.9943 5.07323
15 36 0 97.279 15.0621
15 37 0 54.2477 29.6635
15 38 0 27.4099 67.5497
15 39 0 4.9888 30.3423
15 40 0 58.3299 20.7635
16 1 0 46.7129 52.447
16 2 0 91.5492 95.3797
16 3 1 0.834148 0.299373
16 4 0 47.5574 5.50517
16 5 0 4.28903 46.2093
16 6 1 32.2317 25.0619
16 7 0 62.0304 46.3673
16 8 0 22.8558 96.8483
16 9 1 67.1892 47.7241
16 10 0 78.6574 13.0067
16 11 0 94.899 40.0143
16 12 1 20.0659 26.3717
16 13 0 51.0084 29.721
16 14 0 44.935 97.1993
16 15 0 38.8813 35.9847
16 17 1 69.2092 68.1839
16 18 1 68.6692 72.7612
16 19 0 24.312 66.221
16 20 0 53.1129 91.1306
16 21 1 67.1103 4.94543
16 22 0 87.3323 16.7488
16 23 0 46.7641 23.7469
16 24 0 22.8145 27.1106
16 25 0 94.0263 50.6116
16 26 1 41.7667 82.4566
16 27 0 22.8121 3.56345
16 28 1 54.5989 33.5927
16 29 1 69.0734 62.2084
16 30 0 11.2446 64.7089
16 31 0 5.29293 9.79534
16 32 0 87.7412 21.2652
16 33 0 2.26524 29.0464
16 34 0 70.5952 29.0403
16 35 0 94.4996 96.1806
16 36 1 42.8843 55.7739
16 37 0 56.6926 6.3352
16 38 0 18.9766 41.4603
16 39 0 72.8546 98.1142
16 40 0 81.6416 80.2262
17 1 0 67.829 43.2718
17 2 0 84.7179 92.3608
17 3 0 52.9129 9.53969
17 4 0 0.439383 75.3453
17 5 0 74.4728 75.5617
17 6 1 45.484 91.5612
17 7 1 7.13718 44.5395
17 8 1 0.784382 20.4301
17 9 0 46.8065 28.8865
17 10 0 54.3524 6.54858
17 11 0 66.2578 66.8824
17 12 0 39.936 19.1414
17 13 1 43.049 39.6147
17 14 0 75.785 26.6943
17 15 0 51.0145 7.50748
17 16 0 84.1284 52.1171
17 18 1 93.5972 15.9543
17 19 0 78.293 93.2163
17 20 1 99.6276 56.4414
17 21 0 85.7124 90.9448
17 22 1 4.07474 11.6326
17 23 0 95.0546 74.6291
17 24 1 30.825 31.3631
17 25 0 3.29516 29.7586
17 26 0 94.5027 3.43619
17 27 1 7.16732 88.9469
17 28 1 1.61424 14.9183
17 29 0 30.5536 25.9848
17 30 0 61.1888 48.062
17 31 0 72.9549 66.6583
17 32 0 77.4769 31.6702
17 33 0 34.2417 46.9331
17 34 1 66.6194 95.6258
17 35 0 33.6401 62.0157
17 36 0 37.057 52.9385
17 37 0 41.5961 67.6761
17 38 0 56.2881 82.6419
17 39 0 18.9545 10.3998
17 40 0 68.3254 84.0373
18 1 0 17.4169 90.0934
18 2 0 51.5532 32.4419
18 3 1 0.539946 62.6465
18 4 0 43.6613 36.5309
18 5 0 23.268 61.6741
18 6 0 32.068 54.6293
18 7 0 25.406 97.3682
18 8 0 17.1555 8.62831
18 9 1 32.752 77.9358
18 10 0 87.8773 69.4328
18 11 0 82.8925 47.2792
18 12 1 74.8685 99.2372
18 13 0 57.7669 22.0286
18 14 0 65.1156 86.9702
18 15 1 83.1113 53.0948
18 16 0 92.5832 54.8963
18 17 1 34.5366 73.6373
18 19 1 71.1302 50.9966
18 20 1 64.8439 59.5641
18 21 0 27.1502 82.6664
18 22 0 53.3069 73.0452
18 23 1 67.7714 86.6769
18 24 1 9.86689 72.7827
18 25 0 54.1914 5.54434
18 26 0 57.016 71.6506
18 27 0 41.7997 80.4949
18 28 0 29.4528 31.6379
18 29 0 16.0877 19.7098
18 30 0 28.7425 80.9872
18 31 0 28.8791 37.7019
18 32 0 17.3506 52.6357
18 33 0 71.5308 88.6498
18 34 0 98.553 70.7039
18 35 0 84.4112 63.7197
18 36 0 84.8393 63.0806
18 37 0 33.7303 28.5018
18 38 0 76.0175 5.35322
18 39 1 88.2273 4.59712
18 40 0 26.3993 68.1405
19 1 0 76.6203 42.9458
19 2 0 84.2551 44.0974
19 3 0 12.5715 10.8312
19 4 0 71.9415 99.9984
19 5 0 45.6382 72.2515
19 6 1 13.9447 16.6124
19 7 0 32.716 38.3538
19 8 1 58.1713 13.7315
19 9 1 27.3684 78.1572
19 10 0 98.9449 64.0277
19 11 0 51.2961 29.5083
19 12 0 62.3662 46.6453
19 13 0 86.3365 85.3137
19 14 1 5.49522 83.6685
19 15 0 99.7579 86.1014
19 16 0 87.7495 93.3513
19 17 0 75.3911 29.6891
19 18 0 67.4618 44.0281
19 20 1 91.5587 55.4778
19 21 0 89.7142 94.4063
19 22 0 6.73229 79.601
19 23 0 12.9972 10.3995
19 24 0 43.8751 67.1687
19 25 1 74.3109 73.3741
19 26 0 57.6054 62.5505
19 27 0 91.3545 15.3355
19 28 1 94.9749 59.6035
19 29 0 31.3508 36.5554
19 30 1 8.94219 96.3576
19 31 0 9.08728 72.6982
19 32 1 99.4475 94.8993
19 33 0 96.014 14.6948
19 34 0 50.1717 6.83674
19 35 0 5.84272 35.2487
19 36 0 96.406 0.810061
19 37 0 71.7576 99.174
19 38 0 36.3689 4.87669
19 39 0 25.8573 37.0842
19 40 0 95.2691 2.13429
20 1 1 31.0791 70.941
20 2 0 11.6096 60.3813
20 3 1 42.3993 5.14671
20 4 0 81.4975 68.7296
20 5 0 29.8943 5.902
20 6 1 73.0386 91.0972
20 7 0 29.4652 85.4812
20 8 0 10.4896 32.551
20 9 0 59.8825 56.6151
20 10 0 98.6682 8.65292
20 11 0 31.8481 97.0014
20 12 1 35.6101 5.75169
20 13 0 38.8932 89.5144
20 14 0 89.6684 27.4683
20 15 0 42.7684 0.672079
20 16 0 44.6297 14.4362
20 17 0 97.3005 21.3481
20 18 1 87.0904 29.4737
20 19 0 16.1895 81.9835
20 21 1 13.6662 84.2847
20 22 0 29.8743 39.4045
20 23 0 11.5589 80.1785
20 24 0 70.263 38.848
20 25 0 46.3342 11.8713
20 26 0 42.8119 18.6473
20 27 0 31.6977 86.8674
20 28 0 29.0884 8.53615
20 29 0 84.703 53.5192
20 30 0 11.3983 71.3777
20 31 1 3.93731 29.1099
20 32 0 17.0067 44.3827
20 33 0 71.8405 96.3771
20 34 0 74.4057 2.57163
20 35 0 98.5846 54.9088
20 36 0 39.6687 84.622
20 37 0 36.423 59.5645
20 38 0 88.6557 50.05
20 39 1 60.8932 85.6445
20 40 0 10.8578 44.6756
21 1 1 78.5807 57.7683
21 2 0 56.6235 68.439
21 3 0 21.4571 70.0535
21 4 0 97.4183 42.0066
21 5 0 62.8672 98.5592
21 6 1 79.9355 96.9815
21 7 0 77.7966 10.3402
21 8 0 49.5324 63.666
21 9 0 14.3354 71.7027
21 10 0 50.4721 32.5719
21 11 0 29.3043 67.119
21 12 0 14.8488 69.0743
21 13 0 6.66284 62.0822
21 14 0 14.6922 62.5077
21 15 0 77.9734 76.4004
21 16 0 54.7648 24.1971
21 17 0 4.21416 30.1941
21 18 1 5.21037 5.281
21 19 0 43.5233 68.3842
21 20 0 81.4275 44.6797
21 22 1 29.3063 53.2067
21 23 0 29.8315 31.3705
21 24 1 84.9107 15.4605
21 25 0 64.1089 52.6181
21 26 0 86.2533 67.4002
21 27 0 24.4422 52.8712
21 28 0 23.0351 66.6305
21 29 0 61.8433 58.5252
21 30 0 95.6594 90.9603
21 31 0 10.3096 69.1503
21 32 1 47.705 31.0213
21 33 1 32.5702 81.5833
21 34 0 52.2291 45.7912
21 35 0 82.3484 6.93618
21 36 0 23.6802 1.30211
21 37 1 0.614467 56.5557
21 38 0 88.5839 7.04066
21 39 0 84.524 34.0983
21 40 0 42.5931 51.2048
22 1 1 83.3595 32.4538
22 2 0 42.0229 36.2949
22 3 0 96.568 38.5205
22 4 0 59.0306 73.0269
22 5 0 27.9391 76.028
22 6 1 77.4029 35.1664
22 7 0 74.6261 63.0681
22 8 0 93.0781 15.5789
22 9 0 93.4066 98.9151
22 10 0 69.4135 87.9112
22 11 0 61.4026 34.0421
22 12 0 27.3552 21.2271
22 13 1 42.9886 76.4608
22 14 0 36.1383 46.3022
22 15 0 32.8663 72.1981
22 16 0 49.7556 73.0378
22 17 0 63.5658 35.8508
22 18 0 99.4551 0.259735
22 19 0 95.8937 90.6537
22 20 1 76.3316 32.4563
22 21 0 10.1288 38.445
22 23 1 57.5029 95.4674
22 24 1 4.44713 11.0404
22 25 0 95.84 23.1973
22 26 0 53.728 41.91
22 27 0 40.4441 35.3668
22 28 0 9.01606 69.8246
22 29 0 99.2805 92.2257
22 30 1 89.4957 76.1828
22 31 0 29.6055 71.967
22 32 0 94.6584 45.1342
22 33 0 52.7393 49.9754
22 34 1 43.056 78.073
22 35 0 51.2559 25.4143
22 36 0 33.8314 45.7104
22 37 0 90.0867 83.9255
22 38 1 74.8714 16.2297
22 39 0 34.3529 34.4356
22 40 0 65.4051 82.135
23 1 0 53.727 84.6434
23 2 0 88.7905 13.9478
23 3 0 63.7624 60.7807
23 4 0 2.32464 75.5052
23 5 0 18.0597 99.2909
23 6 0 70.7718 40.8743
23 7 0 44.8724 15.9268
23 8 0 35.8471 2.44301
23 9 0 58.13 42.1715
23 10 0 1.93338 52.0043
23 11 0 58.2223 8.20023
23 12 0 39.4048 30.2515
23 13 0 2.31418 37.3009
23 14 0 76.0133 59.7299
23 15 0 6.82951 99.6336
23 16 0 94.4702 66.0649
23 17 0 96.92 51.4433
23 18 0 60.1401 30.2207
23 19 1 70.9739 62.8533
23 20 0 42.0624 65.3633
23 21 0 3.74926 43.852
23 22 0 94.3745 95.3641
23 24 1 51.1363 44.8011
23 25 0 13.8196 90.877
23 26 0 7.37042 12.6391
23 27 0 53.1921 72.1842
23 28 0 70.1534 37.3704
23 29 0 3.22427 76.0141
23 30 0 55.5982 42.1352
23 31 0 22.1434 44.5011
23 32 0 79.0396 2.18545
23 33 0 59.532 63.2085
23 34 0 48.5633 20.2291
23 35 1 86.5802 65.7822
23 36 0 79.5202 39.1219
23 37 0 19.9399 32.9871
23 38 0 73.2609 3.8932
23 39 0 54.3884 70.5511
23 40 0 97.1242 42.4414
24 1 0 88.1015 13.4995
24 2 0 67.7932 46.5315
24 3 0 26.5779 86.6655
24 4 0 21.4971 30.081
24 5 0 39.3986 56.2768
24 6 0 56.9037 16.9888
24 7 0 55.6231 35.5663
24 8 1 77.2713 13.4956
24 9 0 31.0617 41.1896
24 10 0 63.521 11.6643
24 11 0 0.901899 65.8216
24 12 1 80.028 36.6149
24 13 0 58.716 70.8119
24 14 0 53.7338 61.362
24 15 0 3.51413 68.7604
24 16 0 86.1247 85.5608
24 17 1 10.2552 17.0202
24 18 0 83.6212 42.3318
24 19 0 18.0542 27.7058
24 20 0 42.7585 82.0667
24 21 0 90.2871 80.8372
24 22 1 94.5786 21.5549
24 23 0 38.5428 58.3945
24 25 1 20.0161 20.0073
24 26 0 96.8792 64.4664
24 27 0 98.4884 98.5041
24 28 1 54.8997 56.2348
24 29 0 93.367 77.084
24 30 0 33.221 21.2003
24 31 0 5.95004 91.6387
24 32 0 18.479 30.8649
24 33 0 93.5162 59.1246
24 34 0 8.5461 87.4987
24 35 0 66.4558 21.6146
24 36 1 81.9295 66.8864
24 37 0 77.5566 72.6363
24 38 0 61.9946 54.6269
24 39 0 30.1077 18.5074
24 40 0 42.9659 76.4716
25 1 0 27.3132 53.8863
25 2 1 88.7367 6.1419
25 3 1 52.7501 85.9976
25 4 0 21.8821 0.818405
25 5 0 66.4378 87.636
25 6 1 28.6927 73.5788
25 7 0 22.4515 89.8558
25 8 0 19.3566 81.3611
25 9 1 56.3131 6.52389
25 10 0 63.8659 90.8843
25 11 0 28.0681 60.0527
25 12 0 65.8393 20.4687
25 13 1 27.113 54.9293
25 14 0 86.8991 25.7833
25 15 0 75.7687 86.2918
25 16 0 6.45693 37.5887
25 17 0 61.1607 86.3004
25 18 0 21.5459 50.7067
25 19 0 87.069 21.1731
25 20 0 28.5977 46.1763
25 21 1 87.5608 73.7917
25 22 0 60.3514 35.5479
25 23 0 43.6616 98.3213
25 24 0 42.391 23.4675
25 26 1 64.8454 71.7156
25 27 0 20.0801 17.7498
25 28 0 21.3431 26.9148
25 29 0 11.3952 61.0193
25 30 0 44.4861 58.044
25 31 0 42.4762 97.507
25 32 0 15.8658 4.05859
25 33 0 62.7982 39.5215
25 34 0 70.8045 27.7961
25 35 0 64.4902 0.204406
25 36 0 23.1327 52.7686
25 37 0 34.5682 81.2419
25 38 0 97.4379 46.9426
25 39 0 98.8073 36.4967
25 40 0 17.8494 3.95693
26 1 0 88.0718 73.9339
26 2 1 71.7909 97.9237
26 3 0 90.4776 78.8227
26 4 0 33.7444 31.3614
26 5 0 34.2268 50.7161
26 6 1 66.9957 37.8194
26 7 0 12.3872 7.38359
26 8 0 97.9607 6.32258
26 9 0 94.2756 58.9319
26 10 0 71.098 30.1766
26 11 0 42.8667 5.26551
26 12 0 77.5384 31.5584
26 13 0 41.6066 2.31611
26 14 0 29.437 34.1666
26 15 0 46.7408 8.07098
26 16 0 25.9819 68.3178
26 17 1 92.2728 96.4235
26 18 0 48.7333 70.1711
26 19 0 56.9448 62.7058
26 20 0 68.3358 82.0826
26 21 0 69.4255 61.088
26 22 0 13.8055 35.4513
26 23 0 72.7951 96.6818
26 24 0 72.8195 53.6843
26 25 0 59.8665 85.4323
26 27 1 59.8243 71.5515
26 28 0 86.3321 12.2975
26 29 0 13.9613 50.6142
26 30 0 31.0918 26.9105
26 31 1 21.0125 95.9918
26 32 0 19.0634 99.9348
26 33 1 29.8375 21.779
26 34 0 32.994 33.2879
26 35 1 96.2973 65.8161
26 36 0 95.9192 86.8123
26 37 0 20.0715 76.8021
26 38 0 79.1496 56.6267
26 39 0 8.8394 17.119
26 40 0 81.7066 97.1024
27 1 0 37.6514 47.2908
27 2 0 43.5512 91.5628
27 3 0 51.6821 63.5187
27 4 1 26.0379 66.2705
27 5 0 63.1019 28.4057
27 6 0 57.2093 19.6587
27 7 0 99.8678 16.296
27 8 0 78.9907 97.9544
27 9 0 69.8206 18.9688
27 10 0 1.02523 57.061
27 11 0 40.9953 96.0075
27 12 1 46.3677 25.5338
27 13 0 57.0098 99.8111
27 14 0 73.2263 26.3738
27 15 0 76.4435 21.3031
27 16 1 46.8348 64.4323
27 17 1 55.2492 16.4188
27 18 1 54.2101 24.4854
27 19 0 42.5248 12.7139
27 20 0 37.4996 35.35
27 21 1 13.305 51.7403
27 22 0 95.8251 18.6648
27 23 1 42.1824 73.516
27 24 0 82.2972 1.88146
27 25 0 95.8963 49.0073
27 26 0 99.7065 8.74601
27 28 1 29.5829 84.1979
27 29 0 67.1905 8.20327
27 30 0 78.0687 90.3646
27 31 1 52.8522 53.3148
27 32 1 1.74999 3.55071
27 33 0 3.19733 3.68347
27 34 0 50.1376 6.32823
27 35 0 23.1735 40.3937
27 36 1 16.9164 84.272
27 37 1 90.3989 32.5365
27 38 1 82.9139 86.1503
27 39 1 91.768 14.0988
27 40 0 53.7965 35.2687
28 1 0 14.9273 61.0824
28 2 0 15.1346 72.4193
28 3 0 35.7089 21.3151
28 4 0 69.8536 93.6738
28 5 0 46.4273 94.2593
28 6 0 86.1333 45.9226
28 7 0 76.6345 70.1314
28 8 0 79.7777 58.2574
28 9 0 51.3921 13.0925
28 10 0 22.727 74.0448
28 11 0 72.979 54.4256
28 12 0 97.5042 62.3494
28 13 0 82.2999 26.754
28 14 0 10.4774 64.6751
28 15 0 33.8953 75.4372
28 16 0 70.7336 57.9459
28 17 0 47.1434 97.361
28 18 0 58.1424 41.5282
28 19 0 72.672 57.5585
28 20 0 14.9218 26.4414
28 21 0 59.3876 90.5598
28 22 0 34.514 97.2251
28 23 0 27.0987 0.594118
28 24 0 12.0506 42.6518
28 25 0 19.7384 85.335
28 26 0 60.3005 26.0471
28 27 1 68.6981 19.6046
28 29 1 68.336 31.3754
28 30 1 12.3228 55.2318
28 31 0 60.9037 11.7726
28 32 1 4.46911 14.8937
28 33 0 9.88904 47.1593
28 34 0 27.7891 49.0623
28 35 1 36.9347 76.2982
28 36 0 8.83185 14.317
28 37 0 74.8733 49.4185
28 38 1 64.5219 43.7551
28 39 0 33.8712 48.028
28 40 0 44.0697 96.7917
29 1 1 38.408 56.9196
29 2 0 29.2882 26.151
29 3 0 67.7638 85.8282
29 4 0 5.11262 12.0477
29 5 0 47.8344 0.336135
29 6 1 96.7552 7.65427
29 7 0 45.2361 34.4028
29 8 0 81.9636 71.4956
29 9 1 4.00546 5.8486
29 10 0 6.6026 58.5848
29 11 1 50.5823 52.2468
29 12 0 1.55016 11.4318
29 13 0 77.4004 32.3957
29 14 0 40.7983 81.6922
29 15 0 67.7094 62.7198
29 16 1 94.2052 38.2825
29 17 0 46.4053 8.46449
29 18 0 33.3599 65.8332
29 19 0 39.3754 50.9336
29 20 0 61.7474 74.7836
29 21 1 51.9217 6.2005
29 22 0 21.8701 90.2972
29 23 0 9.12147 94.1506
29 24 0 23.0929 2.70436
29 25 0 53.5262 74.0088
29 26 0 92.1959 81.3467
29 27 1 93.6034 14.684
29 28 0 55.4325 86.9993
29 30 1 64.1312 45.2497
29 31 0 64.5945 78.6512
29 32 0 12.6467 39.1267
29 33 0 19.4424 77.529
29 34 0 3.68994 91.6932
29 35 0 99.0672 96.6536
29 36 0 90.2364 57.9785
29 37 0 7.7474 25.3451
29 38 0 16.8106 11.9738
29 39 0 58.1072 87.4951
29 40 0 64.12 17.6621
30 1 0 52.466 33.6063
30 2 0 46.1655 30.4584
30 3 0 9.4492 40.671
30 4 0 53.4576 46.4622
30 5 0 72.6191 89.6272
30 6 0 36.6255 20.5961
30 7 0 27.9437 15.36
30 8 0 62.3566 39.55
30 9 0 52.2548 62.0412
30 10 0 76.8627 61.4262
30 11 1 78.6807 94.2764
30 12 0 96.5908 64.6837
30 13 0 89.0917 94.144
30 14 1 21.7057 2.51069
30 15 0 29.605 45.0038
30 16 0 88.6532 72.0819
30 17 0 91.8781 79.1792
30 18 0 54.8089 63.9651
30 19 1 36.3615 97.2497
30 20 0 13.0634 88.7135
30 21 0 95.5155 80.7227
30 22 1 50.8652 55.5924
30 23 0 56.1997 1.4637
30 24 0 10.8233 7.83282
30 25 1 97.4199 29.2208
30 26 0 36.0696 33.0907
30 27 0 6.63603 98.3419
30 28 0 8.25482 4.84513
30 29 0 74.5149 93.5753
30 31 1 56.8755 46.2835
30 32 0 64.4361 77.2242
30 33 0 77.264 27.057
30 34 1 48.0165 75.7598
30 35 0 69.9082 34.0666
30 36 1 79.9724 30.6288
30 37 0 14.0329 28.9719
30 38 0 31.7241 69.3998
30 39 0 53.0959 23.1148
30 40 1 61.4137 83.4316
31 1 0 6.38164 65.5048
31 2 0 71.1737 42.2862
31 3 0 80.6333 55.9512
31 4 0 4.70149 62.2028
31 5 0 71.0083 3.84379
31 6 0 43.1163 27.8889
31 7 0 86.6698 56.7208
31 8 0 22.737 39.2263
31 9 0 35.0358 2.47482
31 10 0 19.6451 43.1108
31 11 0 95.9822 47.1474
31 12 0 86.5271 90.5696
31 13 0 68.2242 32.0244
31 14 0 59.4805 97.2791
31 15 0 76.8391 78.5106
31 16 0 12.0501 34.8225
31 17 1 95.2049 59.3278
31 18 0 7.98455 97.8743
31 19 0 34.5893 55.8101
31 20 0 37.8305 6.4786
31 21 0 82.9864 62.7553
31 22 0 79.8595 9.84989
31 23 1 56.3932 94.6166
31 24 0 93.3606 74.8859
31 25 0 78.7654 87.3717
31 26 0 33.7452 20.9901
31 27 0 9.3 5.64885
31 28 0 16.1405 93.6486
31 29 0 38.6841 28.1476
31 30 0 14.029 1.89932
31 32 1 76.8423 4.67018
31 33 0 71.1868 26.2595
31 34 0 94.9457 51.9782
31 35 0 58.3159 44.8136
31 36 0 54.996 7.8678
31 37 0 79.5797 64.5762
31 38 0 4.12401 32.8987
31 39 1 99.6844 91.7389
31 40 0 8.28343 43.5251
32 1 0 52.09 83.9979
32 2 0 5.05604 73.1487
32 3 0 83.1562 78.8121
32 4 0 85.3593 0.949516
32 5 0 96.405 73.4009
32 6 0 43.1755 76.2251
32 7 0 52.149 6.54473
32 8 0 95.6443 91.9489
32 9 0 72.4446 98.9555
32 10 0 16.2049 39.844
32 11 0 87.3753 72.9452
32 12 0 20.2161 44.4617
32 13 0 16.8863 47.7832
32 14 0 39.4329 52.4249
32 15 1 88.7369 44.2523
32 16 0 12.6244 18.5116
32 17 0 0.457391 80.5199
32 18 0 70.8145 15.3196
32 19 0 98.3544 40.2274
32 20 0 5.45788 99.536
32 21 0 93.1249 27.9943
32 22 0 17.0884 34.399
32 23 0 94.3727 58.5085
32 24 0 68.7335 52.4389
32 25 0 78.8006 8.891
32 26 0 17.9439 47.023
32 27 0 31.1601 24.4606
32 28 1 72.8275 71.1473
32 29 1 3.82218 21.9296
32 30 0 59.8444 27.8827
32 31 0 2.52104 45.1954
32 33 1 43.4365 25.7555
32 34 0 76.8116 53.942
32 35 0 16.4871 57.581
32 36 0 84.7443 56.8985
32 37 0 48.7972 54.921
32 38 0 26.4581 36.4524
32 39 0 56.1131 99.331
32 40 0 36.8667 59.0079
33 1 0 72.8395 57.2675
33 2 1 62.6441 42.0387
33 3 0 11.5019 44.4958
33 4 0 36.4585 3.94544
33 5 1 70.0101 37.6709
33 6 0 57.7041 79.756
33 7 0 51.1059 26.0704
33 8 0 72.3608 86.0972
33 9 0 60.5695 95.5717
33 10 0 65.5351 35.1329
33 11 0 92.1777 41.2711
33 12 1 5.63641 67.4273
33 13 0 58.8782 13.8005
33 14 0 82.4883 65.2811
33 15 0 50.855 85.1747
33 16 0 80.2451 64.848
33 17 1 91.1397 77.3826
33 18 0 24.8123 67.5699
33 19 0 87.896 41.6677
33 20 0 20.3832 76.7265
33 21 0 35.0208 76.1314
33 22 0 77.2917 84.3514
33 23 1 61.3614 40.9696
33 24 0 38.521 0.237065
33 25 0 21.7124 75.7746
33 26 1 13.7613 93.4867
33 27 1 80.5749 15.8284
33 28 0 7.25059 82.8301
33 29 0 30.5168 31.4133
33 30 0 96.7134 31.9688
33 31 0 7.23259 97.4118
33 32 0 7.18732 44.1091
33 34 1 6.43376 93.7619
33 35 0 24.1385 0.368553
33 36 1 5.8869 77.7493
33 37 0 19.4903 32.8372
33 38 1 38.9068 99.836
33 39 0 18.3578 42.9885
33 40 0 0.321501 63.3413
34 1 1 49.1038 60.1759
34 2 1 74.9982 85.8032
34 3 0 80.201 68.9867
34 4 0 32.1418 24.262
34 5 1 12.2718 70.932
34 6 0 31.069 92.4978
34 7 1 97.3431 94.2114
34 8 0 33.0731 54.862
34 9 0 15.2724 95.3675
34 10 0 95.659 97.0574
34 11 0 45.0654 0.572892
34 12 0 31.5819 66.4656
34 13 0 62.9487 40.9413
34 14 0 23.2596 28.5935
34 15 0 23.1698 10.9648
34 16 0 57.408 27.9488
34 17 0 73.2559 22.4528
34 18 0 47.2733 10.0231
34 19 0 7.35094 12.5301
34 20 0 41.5793 8.60221
34 21 1 68.8559 55.7918
34 22 0 41.0533 43.7772
34 23 0 61.6731 7.14145
34 24 0 10.6395 16.7948
34 25 0 82.6371 11.0776
34 26 1 11.837 93.9212
34 27 0 50.9166 63.5357
34 28 0 44.1011 70.6918
34 29 0 18.1529 57.5534
34 30 0 6.89818 43.8667
34 31 0 72.3009 95.9441
34 32 1 42.014 39.8693
34 33 0 97.9179 67.7941
34 35 1 98.977 94.2629
34 36 0 28.9427 92.9879
34 37 0 81.397 0.523416
34 38 1 55.3842 39.0572
34 39 0 19.5674 47.3197
34 40 0 87.8026 93.5282
35 1 0 41.2098 91.3733
35 2 0 44.6438 37.6673
35 3 1 11.7649 61.9318
35 4 0 41.6076 17.8083
35 5 0 74.0834 76.0807
35 6 0 75.5724 87.6179
35 7 0 98.7155 49.4638
35 8 0 75.9451 87.3171
35 9 0 51.4537 3.83724
35 10 1 99.2808 90.9542
35 11 1 81.672 74.9585
35 12 0 24.7195 0.887637
35 13 0 56.4046 11.4215
35 14 0 92.8924 88.7452
35 15 0 60.618 58.8445
35 16 0 5.47694 79.0194
35 17 0 15.6535 15.2093
35 18 0 33.0941 32.9635
35 19 0 96.4102 94.2524
35 20 0 31.8212 83.4826
35 21 0 49.5935 80.9959
35 22 0 29.617 95.83
35 23 0 9.84261 97.3617
35 24 1 54.0138 44.6206
35 25 0 60.8587 79.2523
35 26 0 93.5515 60.2332
35 27 0 34.8541 0.921643
35 28 0 86.9994 60.3704
35 29 0 3.47326 93.9082
35 30 0 19.7772 38.8179
35 31 0 51.7481 27.9051
35 32 0 64.9009 92.9693
35 33 0 65.9402 77.1497
35 34 1 58.1836 71.2833
35 36 1 63.0283 95.8476
35 37 0 17.1754 71.6801
35 38 0 94.8503 5.29301
35 39 1 17.1879 52.6969
35 40 1 46.9377 26.3792
36 1 1 85.6774 61.2231
36 2 0 70.4642 9.8811
36 3 0 39.4715 45.7545
36 4 1 39.2322 10.6963
36 5 0 53.9331 65.2836
36 6 0 71.4283 83.1493
36 7 1 21.7561 58.4019
36 8 0 60.3953 11.251
36 9 0 95.4617 95.0364
36 10 0 81.1923 18.1379
36 11 0 22.5332 90.062
36 12 0 52.3145 59.5774
36 13 0 46.6739 50.465
36 14 0 19.3225 74.106
36 15 0 40.7013 55.3912
36 16 0 9.40979 69.3697
36 17 0 36.7389 44.2727
36 18 0 88.9195 21.4432
36 19 0 29.6349 74.3456
36 20 0 79.3917 25.2479
36 21 0 63.3427 0.294548
36 22 0 48.1434 15.6072
36 23 0 99.135 15.5371
36 24 0 89.4245 76.4493
36 25 1 5.25606 51.5503
36 26 0 92.0724 94.7477
36 27 0 24.9949 38.9401
36 28 0 0.758847 26.8853
36 29 1 37.7109 61.6564
36 30 0 54.382 65.9722
36 31 0 97.5259 3.03195
36 32 0 25.7355 58.8312
36 33 1 95.384 41.5886
36 34 0 3.42496 61.1699
36 35 0 77.7799 18.7847
36 37 1 66.4606 34.8577
36 38 0 66.8513 57.963
36 39 0 21.3995 56.5493
36 40 0 42.4654 16.9881
37 1 0 16.6739 66.4426
37 2 0 99.1253 14.562
37 3 0 18.788 83.1521
37 4 0 72.5032 99.2587
37 5 0 50.3214 12.3407
37 6 0 53.9343 79.8678
37 7 1 8.67607 73.1537
37 8 0 12.8325 32.1153
37 9 0 78.2848 32.5815
37 10 0 23.4932 39.1048
37 11 0 49.881 59.3192
37 12 0 50.5995 18.3186
37 13 0 74.6618 80.6293
37 14 0 80.4769 81.2683
37 15 0 45.8576 52.8612
37 16 0 73.8587 27.9549
37 17 0 61.4476 77.088
37 18 0 34.1418 36.8911
37 19 0 77.4847 48.7605
37 20 1 74.4353 99.7998
37 21 0 75.5153 38.4509
37 22 0 14.622 86.7318
37 23 0 16.1984 61.3999
37 24 0 25.3272 42.1213
37 25 0 69.3278 24.2722
37 26 0 17.269 34.8066
37 27 0 48.2083 55.4651
37 28 0 70.4044 40.8615
37 29 1 0.970934 11.8907
37 30 1 50.4757 44.1115
37 31 0 86.5866 49.4963
37 32 0 62.505 1.30623
37 33 1 50.9699 43.0271
37 34 0 60.0446 76.8356
37 35 0 85.3235 51.2915
37 36 0 70.1534 48.5095
37 38 1 62.667 76.9441
37 39 1 68.5939 77.7721
37 40 0 60.8064 52.7722
38 1 0 56.6468 15.2664
38 2 0 69.7237 17.3709
38 3 0 44.1508 26.3481
38 4 0 54.2616 98.4263
38 5 1 41.5883 53.8282
38 6 1 61.5175 41.7074
38 7 0 68.0356 79.8761
38 8 0 87.2653 31.8461
38 9 0 42.001 35.1631
38 10 1 89.919 32.7983
38 11 0 36.2574 39.0961
38 12 0 11.0076 91.2058
38 13 0 37.4196 75.8703
38 14 0 93.5591 42.2541
38 15 0 47.1619 53.1059
38 16 0 98.7734 65.3085
38 17 1 74.7668 60.6624
38 18 0 52.5646 63.2898
38 19 0 57.2176 99.6947
38 20 0 74.7063 75.4679
38 21 0 26.9574 91.5394
38 22 1 37.532 69.5479
38 23 0 45.8505 59.3116
38 24 0 16.3229 0.715556
38 25 0 18.4863 68.2263
38 26 0 68.9573 36.7655
38 27 0 89.1662 88.6206
38 28 0 13.7082 0.188372
38 29 0 14.8717 99.5307
38 30 0 91.745 31.7069
38 31 0 74.1927 46.879
38 32 0 53.8584 82.9988
38 33 0 38.8166 38.0823
38 34 0 45.7609 95.5417
38 35 0 2.96715 37.4165
38 36 0 99.7239 90.4201
38 37 0 29.3287 90.3796
38 39 1 3.63093 77.0298
38 40 0 80.3519 97.7944
39 1 1 49.3041 85.3882
39 2 0 56.4485 96.4636
39 3 0 82.0345 57.9548
39 4 1 58.1515 36.9429
39 5 0 21.2552 46.2589
39 6 0 4.77066 89.288
39 7 0 48.5052 5.50484
39 8 0 85.8821 91.9423
39 9 0 7.14528 29.8722
39 10 0 74.1843 82.0856
39 11 0 68.7246 89.2117
39 12 0 39.4661 71.8849
39 13 0 78.2262 19.8437
39 14 0 26.2977 32.5972
39 15 0 98.2356 19.6672
39 16 1 4.08397 27.442
39 17 0 28.5761 1.81326
39 18 0 39.28 9.41188
39 19 1 17.1093 76.2712
39 20 0 65.8749 12.9599
39 21 0 48.4808 40.5241
39 22 0 78.1727 81.7848
39 23 0 56.2433 78.8099
39 24 0 54.0075 51.1179
39 25 0 46.4751 75.7065
39 26 0 25.0382 30.187
39 27 0 81.5133 83.1189
39 28 0 35.8254 50.6924
39 29 0 44.95 85.4086
39 30 0 12.217 18.1801
39 31 0 47.3579 88.4394
39 32 0 94.668 57.6655
39 33 1 91.8534 57.3899
39 34 0 81.6129 52.6148
39 35 0 19.2648 90.83
39 36 0 41.4487 64.7577
39 37 0 90.7487 78.7429
39 38 1 50.9158 87.6174
39 40 1 39.302 3.27677
40 1 1 80.7932 68.9037
40 2 0 85.134 61.3516
40 3 0 48.2849 69.5293
40 4 1 57.7644 83.1352
40 5 0 17.6915 96.0428
40 6 0 90.5212 53.3919
40 7 0 17.76 88.6805
40 8 0 49.5063 27.4096
40 9 0 28.9961 66.4779
40 10 0 32.6222 11.6553
40 11 0 31.9459 24.3012
40 12 0 97.8977 46.9526
40 13 0 93.383 46.8786
40 14 0 36.8598 9.47192
40 15 0 83.7952 12.4441
40 16 0 42.6225 20.6108
40 17 0 9.24239 20.9179
40 18 1 23.7543 7.13657
40 19 1 28.4626 32.7706
40 20 1 0.499667 17.4761
40 21 0 16.6005 32.0814
40 22 0 87.5752 42.6442
40 23 0 52.6261 2.48561
40 24 0 2.83679 93.5696
40 25 0 0.200634 73.1756
40 26 0 24.4053 84.2225
40 27 0 5.16924 75.6554
40 28 0 88.3877 62.8723
40 29 0 21.4776 72.6946
40 30 0 56.0903 80.1084
40 31 0 6.62892 78.1357
40 32 0 91.6823 53.6902
40 33 0 16.4573 89.357
40 34 0 72.0546 23.5557
40 35 0 77.9833 47.6533
40 36 0 52.6099 94.4976
40 37 1 73.4708 40.7562
40 38 0 73.8549 11.2369
40 39 0 48.4397 5.86703
10.6148 5.2305 22.8386 22.8256 17.7194 26.8823 27.3856 7.32759 8.02634 13.3342 36.6316 21.0095 27.1361 34.8435 34.3134 3.65154 28.0499 16.0861 18.7285 2.40182 37.1845 6.5787 14.7601 4.28927 36.6935 39.588 2.76995 26.9647 11.8024 28.9467 12.4664 4.09048 9.84793 27.6661 35.2407 38.9779 15.9979 10.212 25.9038 9.98682 