40
500
3
100
1 2 1 55.5551 57.6804
1 3 0 87.6011 59.5181
1 4 1 14.8114 47.1666
1 5 0 43.4005 98.4838
1 6 0 10.9707 35.5455
1 7 0 89.4724 85.6223
1 8 0 40.0771 16.3622
1 9 0 96.3515 27.1748
1 10 0 0.920746 87.9366
1 11 0 81.7986 13.5709
1 12 0 52.4075 29.3703
1 13 0 26.2606 74.2632
1 14 0 79.4224 80.0248
1 15 0 12.1362 24.0471
1 16 0 95.9723 36.0295
1 17 1 23.5189 5.20246
1 18 0 62.2468 68.921
1 19 1 35.3009 3.01231
1 20 1 74.9782 13.7814
1 21 1 34.333 65.1309
1 22 1 8.06089 18.5126
1 23 0 52.5574 16.3108
1 24 0 89.9778 46.0284
1 25 0 6.1791 53.3217
1 26 0 88.7879 40.8999
1 27 0 92.4832 39.1247
1 28 0 32.561 64.4102
1 29 1 46.9176 91.9287
1 30 0 94.799 20.7719
1 31 0 92.433 78.0351
1 32 0 68.282 48.9624
1 33 0 24.2894 22.5115
1 34 0 21.847 27.7504
1 35 0 63.4869 36.0087
1 36 0 80.7071 0.604979
1 37 1 59.2245 31.4579
1 38 0 69.0459 17.6587
1 39 1 49.7192 99.7649
1 40 0 20.5354 50.1996
2 1 0 15.8683 11.6749
2 3 1 58.5042 30.6445
2 4 0 51.4379 55.1375
2 5 0 75.2956 91.4091
2 6 0 59.8625 87.9068
2 7 1 82.9513 98.5997
2 8 1 87.2964 17.2294
2 9 0 52.6571 71.2808
2 10 0 96.6455 74.0603
2 11 0 38.9305 96.6153
2 12 0 52.1939 19.9972
2 13 0 5.87015 49.8704
2 14 0 65.9155 44.6975
2 15 0 76.9922 49.0445
2 16 0 21.543 86.8498
2 17 1 72.0533 37.7352
2 18 0 20.3098 42.6366
2 19 1 21.7456 12.057
2 20 0 74.2532 54.678
2 21 1 77.5197 83.7098
2 22 1 87.1317 17.6384
2 23 0 96.7041 68.7154
2 24 0 59.675 55.1685
2 25 0 73.1375 39.0637
2 26 1 30.5104 74.6566
2 27 0 79.9594 22.8619
2 28 0 8.11873 72.3504
2 29 0 43.9564 68.252
2 30 0 13.1871 3.6784
2 31 0 76.3185 67.8749
2 32 0 87.6795 69.186
2 33 0 41.3261 0.233406
2 34 0 84.7085 5.08694
2 35 1 29.3375 8.63632
2 36 0 34.8362 80.2813
2 37 0 63.207 13.7697
2 38 1 98.8879 12.2325
2 39 1 2.16545 95.7362
2 40 0 81.8342 40.5466
3 1 0 22.7879 70.9566
3 2 0 7.77747 91.0473
3 4 1 17.1278 61.6302
3 5 1 99.0456 34.606
3 6 0 61.2253 58.6128
3 7 0 41.6462 26.8659
3 8 1 27.4231 41.8789
3 9 0 56.1051 52.9241
3 10 0 72.2937 73.9189
3 11 0 48.4045 18.8296
3 12 1 4.13947 67.0784
3 13 1 60.9798 50.6391
3 14 1 2.25745 76.6292
3 15 0 14.171 72.5558
3 16 0 50.9334 6.38225
3 17 1 98.9862 36.2266
3 18 0 18.8851 74.6856
3 19 0 73.5188 17.5686
3 20 1 41.2848 61.7067
3 21 0 41.0454 7.54297
3 22 0 23.0475 75.3796
3 23 0 86.6188 90.0945
3 24 0 99.4477 18.3955
3 25 0 25.9542 25.5286
3 26 0 50.5592 44.5416
3 27 0 12.3238 85.3951
3 28 0 85.3509 78.7752
3 29 0 30.8403 59.9662
3 30 1 74.4444 59.7309
3 31 0 58.834 51.5648
3 32 0 8.43081 41.9819
3 33 0 1.59305 10.4942
3 34 0 88.3948 46.725
3 35 0 86.1681 70.2502
3 36 0 45.3623 77.7188
3 37 1 9.90367 24.9267
3 38 1 79.3089 11.9128
3 39 1 91.8802 54.8128
3 40 1 4.22306 22.834
4 1 0 65.9386 38.6646
4 2 0 87.915 26.9517
4 3 0 71.975 86.3611
4 5 1 42.3146 19.3923
4 6 0 59.1427 66.536
4 7 1 29.3514 69.9733
4 8 0 4.52954 44.6624
4 9 0 28.8628 38.9805
4 10 0 68.6647 65.7769
4 11 0 97.5906 98.6268
4 12 1 33.5481 73.0689
4 13 0 15.9827 89.256
4 14 0 86.7388 42.4597
4 15 1 83.7116 76.8343
4 16 0 71.1779 41.2946
4 17 0 16.8504 53.4563
4 18 0 52.2241 28.3377
4 19 0 80.733 93.9182
4 20 1 37.4139 29.4996
4 21 0 66.4078 69.1632
4 22 1 76.5728 20.7023
4 23 0 37.6383 99.7381
4 24 0 57.5236 2.08669
4 25 0 98.0644 32.0896
4 26 0 58.9744 96.2737
4 27 0 74.3924 26.3691
4 28 0 63.0011 11.7901
4 29 1 16.1338 35.475
4 30 0 69.3396 4.65218
4 31 0 85.4983 30.6144
4 32 0 29.9671 84.6839
4 33 1 89.5149 56.2581
4 34 0 5.38246 41.533
4 35 1 46.9025 98.7667
4 36 1 73.2472 14.0539
4 37 0 22.5147 51.9463
4 38 1 10.9794 89.9314
4 39 0 53.3193 25.5759
4 40 0 47.7504 47.6318
5 1 0 44.5337 36.1979
5 2 0 40.4209 43.2299
5 3 0 27.5941 63.2925
5 4 1 58.9344 93.3294
5 6 1 86.7502 54.371
5 7 0 94.8049 71.159
5 8 1 75.4353 82.4927
5 9 0 31.9169 44.378
5 10 0 83.2065 43.4778
5 11 0 57.8738 67.0517
5 12 0 20.2409 46.219
5 13 0 12.7303 4.24691
5 14 0 50.7236 64.1497
5 15 0 90.4217 37.5779
5 16 1 10.5936 31.2992
5 17 0 90.3457 36.2541
5 18 0 79.971 89.318
5 19 0 17.6513 67.8009
5 20 0 56.8441 2.13063
5 21 1 73.8887 3.20915
5 22 0 77.2706 5.2703
5 23 1 35.2233 13.5491
5 24 0 65.9884 38.1834
5 25 0 67.6939 88.3596
5 26 1 33.8426 32.2012
5 27 0 97.5355 59.7044
5 28 0 13.4545 49.7168
5 29 0 44.7561 83.5598
5 30 0 31.1286 22.7289
5 31 0 88.3003 71.7181
5 32 1 31.7459 24.6696
5 33 0 90.1701 74.3129
5 34 0 21.9672 71.0493
5 35 0 87.7843 76.2387
5 36 0 77.8821 39.3823
5 37 1 75.824 11.7386
5 38 0 48.7516 46.9294
5 39 1 92.9512 67.8458
5 40 0 15.4477 5.90796
6 1 0 91.8787 19.0868
6 2 0 77.7213 88.2379
6 3 1 67.3072 90.941
6 4 0 91.8897 71.8206
6 5 0 37.402 5.29463
6 7 1 62.3892 45.87
6 8 0 29.8083 9.48446
6 9 0 31.5179 37.5652
6 10 0 2.74159 59.0079
6 11 1 74.9433 54.1717
6 12 0 88.4563 13.8171
6 13 0 79.7137 91.4745
6 14 0 53.7114 99.4579
6 15 0 40.5303 56.5918
6 16 1 77.8194 35.4858
6 17 0 14.6309 52.0993
6 18 1 61.2624 48.1566
6 19 1 85.1724 57.5667
6 20 1 63.4921 68.7732
6 21 1 4.43011 89.1694
6 22 0 46.6856 40.1142
6 23 1 5.83873 97.6995
6 24 1 85.4492 76.6031
6 25 0 57.7383 86.8296
6 26 0 85.5574 23.8445
6 27 0 16.0149 44.0037
6 28 0 27.7435 46.0203
6 29 0 10.8122 46.8884
6 30 0 73.388 57.4505
6 31 0 61.8855 69.8447
6 32 1 35.8278 80.3528
6 33 0 1.64744 86.6396
6 34 0 2.1873 56.1187
6 35 0 38.6335 9.45867
6 36 1 97.4225 63.4139
6 37 0 88.427 77.9371
6 38 0 9.70857 52.66
6 39 0 23.2936 25.0644
6 40 0 63.8353 30.1888
7 1 0 7.15687 64.0759
7 2 0 9.79205 99.7516
7 3 0 71.5202 34.5126
7 4 0 78.1338 70.5733
7 5 1 71.8819 53.7843
7 6 0 95.0173 87.9066
7 8 1 69.7647 91.0473
7 9 0 35.1573 86.3852
7 10 1 34.6545 15.5523
7 11 1 63.28 71.8264
7 12 1 59.5089 66.6065
7 13 0 54.9673 22.9034
7 14 0 19.1585 87.2105
7 15 0 47.5245 31.7476
7 16 0 31.8128 46.03
7 17 1 8.29429 53.2712
7 18 0 65.3936 55.5775
7 19 0 54.9657 31.5381
7 20 1 60.232 41.0423
7 21 0 8.03 77.8784
7 22 0 7.42134 24.542
7 23 0 33.6309 85.3769
7 24 0 64.6521 29.1272
7 25 0 30.4403 80.1423
7 26 0 93.1641 53.5024
7 27 0 20.6284 60.0695
7 28 1 19.6949 26.2134
7 29 1 86.0826 71.1477
7 30 0 31.3506 2.89494
7 31 0 32.6011 95.0267
7 32 1 5.53724 23.148
7 33 1 64.962 37.4768
7 34 0 26.8941 56.2365
7 35 0 86.3226 54.172
7 36 1 74.8203 7.02433
7 37 0 20.4496 97.8298
7 38 0 89.9789 56.0633
7 39 0 84.6773 57.8877
7 40 1 60.9978 58.9608
8 1 0 61.0658 65.5916
8 2 0 72.8538 52.0174
8 3 1 89.5073 77.3411
8 4 0 75.0785 32.9944
8 5 0 80.1305 87.8045
8 6 1 87.9051 31.3853
8 7 0 11.0899 72.773
8 9 1 13.614 9.67074
8 10 1 52.7064 46.7008
8 11 1 15.6768 97.5981
8 12 1 8.88834 13.585
8 13 0 34.0473 81.4543
8 14 0 64.3579 84.0349
8 15 0 28.1418 81.2131
8 16 1 9.58675 59.1274
8 17 0 66.0687 98.444
8 18 1 0.756865 1.99284
8 19 1 13.4405 36.0951
8 20 0 41.9882 48.6885
8 21 0 10.9715 29.515
8 22 0 88.4678 13.5455
8 23 0 47.6031 93.7455
8 24 0 12.9092 92.2135
8 25 0 58.6328 44.7348
8 26 0 61.8987 39.2695
8 27 0 53.3476 87.6679
8 28 0 10.7313 96.5667
8 29 0 25.3867 49.632
8 30 0 80.0536 57.0112
8 31 0 40.0576 34.7636
8 32 0 94.793 0.0390915
8 33 1 95.7026 33.6407
8 34 0 21.5538 96.354
8 35 1 48.4129 46.3957
8 36 0 15.3985 73.3575
8 37 0 3.20905 21.3131
8 38 1 62.4935 64.5231
8 39 1 64.07 47.9054
8 40 0 61.6362 73.1056
9 1 0 19.9318 16.9543
9 2 0 88.0051 20.8
9 3 1 75.0292 50.4153
9 4 0 88.055 45.5592
9 5 0 19.5634 83.7102
9 6 1 38.4078 48.0765
9 7 0 84.948 98.8921
9 8 0 43.8135 71.7281
9 10 1 13.6446 5.22635
9 11 0 30.6669 69.5281
9 12 1 19.7827 80.4087
9 13 0 18.9217 21.8799
9 14 0 69.88 65.666
9 15 0 73.0686 55.3035
9 16 1 16.8348 22.9765
9 17 0 18.7339 69.9825
9 18 1 40.7494 5.91473
9 19 0 40.8178 77.2063
9 20 0 57.7566 14.0937
9 21 0 34.4775 57.8298
9 22 1 47.2395 85.8019
9 23 0 1.6202 73.1846
9 24 0 16.931 79.5782
9 25 1 75.2697 8.89332
9 26 0 2.22518 17.7732
9 27 1 25.988 70.3663
9 28 0 5.06696 50.0388
9 29 0 19.023 55.034
9 30 0 73.4163 38.1089
9 31 0 45.5311 20.2598
9 32 0 24.3628 46.8052
9 33 0 40.6116 56.5912
9 34 0 16.4114 24.4472
9 35 0 79.8604 95.5525
9 36 1 60.4144 18.7234
9 37 1 41.6159 23.9691
9 38 1 15.3202 20.1888
9 39 0 65.0459 17.3013
9 40 1 94.3977 55.8761
10 1 1 53.8875 39.2462
10 2 0 25.2236 10.2111
10 3 0 82.3024 28.4987
10 4 0 79.5903 86.8542
10 5 0 92.5151 84.3885
10 6 0 24.5663 26.6765
10 7 1 15.4855 80.5503
10 8 0 53.7139 41.9208
10 9 0 25.0772 30.043
10 11 1 74.6174 2.85577
10 12 1 2.77829 11.2616
10 13 1 7.11503 84.2807
10 14 1 60.9086 27.7923
10 15 0 0.759372 5.55015
10 16 0 75.4593 59.4763
10 17 0 13.114 68.2442
10 18 0 47.7446 96.4799
10 19 0 13.9065 13.0634
10 20 0 27.4957 19.1839
10 21 0 29.9401 65.4
10 22 1 26.1004 30.4158
10 23 0 51.1506 16.8656
10 24 0 95.4554 78.3947
10 25 0 40.9428 81.3526
10 26 1 62.7687 12.1465
10 27 0 69.7531 73.8033
10 28 0 7.67213 16.9776
10 29 0 43.9005 21.0066
10 30 0 95.1577 37.8487
10 31 0 16.2279 89.7771
10 32 0 39.9055 6.79755
10 33 0 65.3204 63.5761
10 34 1 29.2702 22.697
10 35 0 87.3278 9.00609
10 36 0 26.9717 68.448
10 37 1 18.6036 70.2983
10 38 0 30.8196 47.9125
10 39 0 82.0141 5.43527
10 40 0 9.21884 83.8913
11 1 0 73.9179 62.6626
11 2 0 94.6555 6.0653
11 3 1 52.6049 13.3462
11 4 0 70.775 39.3728
11 5 0 44.9202 36.9327
11 6 0 37.4161 73.3689
11 7 1 4.59415 76.6103
11 8 1 56.0712 96.8655
11 9 1 42.9363 3.88763
11 10 0 41.5916 19.0471
11 12 1 73.8046 25.4207
11 13 0 9.68246 46.1048
11 14 0 33.3495 83.2682
11 15 1 90.3232 9.06256
11 16 0 98.6326 98.4007
11 17 0 85.517 50.6146
11 18 1 11.4634 65.3739
11 19 0 65.2629 14.4177
11 20 0 38.6138 70.7757
11 21 0 84.9788 71.765
11 22 0 41.0045 93.1776
11 23 0 15.8123 57.1532
11 24 1 44.0807 89.3925
11 25 0 87.575 27.6057
11 26 1 74.1498 26.7261
11 27 0 52.1012 19.1098
11 28 0 21.2157 7.22144
11 29 1 89.3184 78.2072
11 30 1 4.32098 57.5155
11 31 1 34.1769 56.5849
11 32 0 74.1402 46.9021
11 33 0 22.6624 54.0973
11 34 0 32.3108 79.6567
11 35 0 46.9451 36.0294
11 36 0 20.8911 6.72202
11 37 0 35.9796 22.112
11 38 0 56.7949 39.4716
11 39 0 85.8574 46.124
11 40 0 65.7668 86.3806
12 1 1 78.3077 52.3416
12 2 0 41.067 49.2687
12 3 0 42.883 87.7149
12 4 0 55.5675 21.6112
12 5 0 11.8247 28.2039
12 6 0 62.6612 68.1336
12 7 0 47.0154 21.3585
12 8 1 11.0073 89.6121
12 9 1 41.9122 86.6002
12 10 1 22.7302 73.6385
12 11 0 85.3172 76.9328
12 13 1 8.90473 70.0171
12 14 1 42.3282 35.6644
12 15 0 94.9693 21.691
12 16 0 33.1482 40.4063
12 17 0 25.5495 77.5167
12 18 1 64.6959 99.3148
12 19 1 18.5504 27.8901
12 20 1 34.0219 77.6479
12 21 0 66.1666 9.59611
12 22 0 84.7924 84.5182
12 23 1 61.745 14.7927
12 24 0 35.5631 59.9508
12 25 0 87.5265 61.5559
12 26 1 8.75272 51.0768
12 27 1 48.5188 42.3263
12 28 0 76.1396 92.3613
12 29 0 70.3057 11.7009
12 30 0 72.0288 87.5767
12 31 1 5.91333 8.42594
12 32 0 7.04748 60.0916
12 33 0 70.2405 47.5621
12 34 0 31.9394 78.5022
12 35 0 12.9127 27.0733
12 36 0 17.1864 93.0873
12 37 1 30.3631 99.21
12 38 0 64.2106 81.8583
12 39 0 88.7565 98.2494
12 40 1 13.2784 15.2945
13 1 1 3.91353 40.3969
13 2 0 58.4561 82.9958
13 3 0 57.3859 55.472
13 4 1 76.9786 24.4914
13 5 1 8.56976 59.575
13 6 1 72.4873 28.7564
13 7 0 5.91768 9.90319
13 8 0 26.3448 22.8338
13 9 0 62.7351 43.6935
13 10 0 11.3445 38.4125
13 11 0 79.0501 75.5283
13 12 1 6.691 19.0627
13 14 1 23.2304 18.4617
13 15 1 49.23 89.8087
13 16 0 32.481 67.315
13 17 0 77.6643 42.9012
13 18 1 1.83768 5.84985
13 19 0 8.26265 8.42549
13 20 0 83.6254 63.7192
13 21 0 88.3645 58.2531
13 22 0 67.4628 83.3931
13 23 0 23.1941 3.77076
13 24 1 81.2972 77.4812
13 25 1 89.5736 86.1899
13 26 0 64.036 1.64458
13 27 0 4.84416 18.699
13 28 0 20.1934 55.175
13 29 1 0.45145 75.2272
13 30 0 16.3991 26.6277
13 31 0 74.774 26.9269
13 32 0 33.2969 39.1676
13 33 0 43.5688 78.3932
13 34 0 55.2738 72.5904
13 35 0 27.0983 20.4319
13 36 1 90.3198 93.7097
13 37 1 64.9089 60.7792
13 38 1 23.0598 57.4518
13 39 1 88.9948 24.6317
13 40 1 75.4579 43.4227
14 1 0 60.6602 1.48019
14 2 1 33.8109 31.1041
14 3 0 6.59903 91.9104
14 4 0 20.3837 90.2971
14 5 0 13.191 26.422
14 6 0 47.6186 89.602
14 7 0 61.5603 62.3428
14 8 1 26.2629 22.6074
14 9 0 98.3861 76.7534
14 10 0 35.1664 28.7166
14 11 0 59.5831 2.22058
14 12 0 7.09189 52.7044
14 13 0 35.4491 75.4292
14 15 1 93.8643 8.92322
14 16 1 86.9499 26.1109
14 17 0 91.4727 95.9177
14 18 1 13.2762 9.04435
14 19 1 23.278 98.8674
14 20 0 12.6766 18.0099
14 21 1 6.62287 67.1276
14 22 0 48.6531 75.2723
14 23 0 33.4091 97.4503
14 24 0 0.727997 38.0116
14 25 1 1.03144 41.3905
14 26 0 29.8186 94.6423
14 27 1 27.0013 53.0333
14 28 0 93.3522 90.0516
14 29 1 94.0326 89.2386
14 30 0 28.5255 81.4677
14 31 0 52.3143 85.2742
14 32 0 87.3348 32.3455
14 33 0 27.3156 73.3634
14 34 0 46.896 99.972
14 35 1 20.8157 69.9075
14 36 0 92.7009 97.2749
14 37 0 80.2775 47.8394
14 38 0 38.4473 46.7245
14 39 1 87.051 23.6909
14 40 1 0.231167 1.72838
15 1 1 61.2276 44.1239
15 2 1 55.5512 6.42058
15 3 0 35.7231 30.8704
15 4 0 13.2189 64.6543
15 5 1 52.5613 45.2862
15 6 1 28.1252 6.63538
15 7 1 22.1294 20.7617
15 8 0 10.5047 28.9754
15 9 0 15.8231 41.5473
15 10 0 35.433 78.0416
15 11 1 30.9739 44.9973
15 12 1 60.2277 48.3399
15 13 1 88.227 89.6416
15 14 0 55.5262 27.0335
15 16 1 49.7489 85.0389
15 17 1 27.9386 90.6387
15 18 0 85.2281 21.3222
15 19 0 60.0337 12.1511
15 20 1 51.6026 37.9927
15 21 1 81.7433 34.9068
15 22 0 35.614 99.324
15 23 0 94.4146 98.8094
15 24 0 24.741 4.23467
15 25 0 47.2157 4.01777
15 26 0 35.1611 63.5327
15 27 0 74.2999 86.8949
15 28 0 21.658 42.7459
15 29 1 63.3261 88.7059
15 30 0 20.2304 46.8482
15 31 0 27.5859 91.8656
15 32 0 52.5047 29.5725
15 33 1 17.2242 24.2511
15 34 0 79.3238 10.6415
15 35 1 20.8573 35.1377
15 36 0 69.0788 79.1339
15 37 0 70.2105 50.1696
15 38 1 55.1138 50.2934
15 39 1 35.3744 13.5063
15 40 0 8.86441 92.7099
16 1 1 96.937 80.1648
16 2 0 69.9988 72.6253
16 3 0 97.8759 8.6778
16 4 1 36.1098 48.1354
16 5 0 96.6741 84.7532
16 6 0 58.2062 25.8069
16 7 0 79.2647 78.3416
16 8 1 75.2297 42.9634
16 9 1 28.8467 36.9265
16 10 0 26.3314 95.2563
16 11 0 8.12216 44.5202
16 12 0 1.95372 53.1374
16 13 0 85.779 12.7642
16 14 0 46.5067 54.1483
16 15 1 6.55705 71.222
16 17 1 52.7036 58.998
16 18 0 9.09711 62.8653
16 19 1 35.298 73.7208
16 20 0 76.8646 86.6619
16 21 0 19.8371 29.4779
16 22 0 85.1702 30.499
16 23 0 34.857 73.0043
16 24 0 58.8172 70.7833
16 25 0 25.4275 36.3432
16 26 0 25.2555 42.815
16 27 1 36.2452 81.5222
16 28 0 71.5821 52.8643
16 29 0 97.6434 99.6165
16 30 1 92.942 72.0511
16 31 0 21.8255 10.4256
16 32 0 16.3026 78.4968
16 33 0 95.197 93.0078
16 34 0 62.7849 70.0746
16 35 0 35.7154 22.9715
16 36 0 86.1823 97.1904
16 37 0 98.5346 82.795
16 38 0 2.42083 59.302
16 39 0 21.9394 24.4703
16 40 0 72.2252 10.2817
17 1 0 84.1928 3.49253
17 2 0 87.1229 93.995
17 3 0 19.4145 91.9919
17 4 1 25.9967 80.8905
17 5 1 73.7066 99.0052
17 6 0 55.0233 4.53806
17 7 0 0.231848 7.56448
17 8 0 16.9031 27.1734
17 9 0 25.7157 35.0207
17 10 0 3.33566 81.4143
17 11 0 65.884 71.1162
17 12 1 53.0119 26.5431
17 13 0 71.7206 55.0671
17 14 0 65.5443 65.8378
17 15 1 70.1416 57.4252
17 16 0 84.2528 49.9535
17 18 1 40.4663 4.42611
17 19 0 49.0546 33.9503
17 20 1 88.4934 64.3904
17 21 1 85.5795 71.9683
17 22 0 38.0225 35.3486
17 23 1 97.2684 12.1272
17 24 1 0.298501 4.67707
17 25 0 74.4362 1.93795
17 26 1 62.4493 51.0149
17 27 0 37.5925 88.2003
17 28 0 38.6884 23.9337
17 29 0 21.5182 69.2512
17 30 1 43.7915 35.7785
17 31 0 41.1397 68.3316
17 32 1 9.89086 20.8381
17 33 0 54.607 25.7592
17 34 1 86.1293 29.4689
17 35 1 12.2948 82.9304
17 36 0 31.7155 21.993
17 37 0 37.9625 52.7864
17 38 0 56.5571 61.7198
17 39 1 79.8439 32.32
17 40 0 59.2206 71.0456
18 1 0 49.8653 81.8514
18 2 1 90.0045 17.2657
18 3 0 5.87328 60.3711
18 4 1 59.5709 20.8817
18 5 0 37.325 49.4432
18 6 0 69.621 88.5663
18 7 0 34.4349 24.1597
18 8 0 17.9193 85.4346
18 9 0 49.3242 55.3682
18 10 0 76.1341 84.115
18 11 0 85.4107 51.7441
18 12 0 17.5633 99.2159
18 13 1 74.8849 87.8922
18 14 1 95.159 72.7372
18 15 0 3.94896 76.3294
18 16 0 11.7287 80.698
18 17 0 85.6033 5.27089
18 19 1 89.5671 36.152
18 20 1 85.2925 76.3085
18 21 0 84.4048 34.0174
18 22 0 65.7692 59.5711
18 23 1 7.89413 71.3808
18 24 0 8.37501 11.6351
18 25 1 0.87716 48.7115
18 26 1 49.2768 10.0656
18 27 1 91.3012 53.377
18 28 0 86.8582 89.0775
18 29 0 82.5282 74.7456
18 30 0 47.5745 49.8206
18 31 0 46.9891 6.64008
18 32 1 27.2788 89.6742
18 33 1 91.5547 34.4432
18 34 1 45.1875 38.3249
18 35 1 87.7354 20.719
18 36 0 91.3171 97.1744
18 37 0 63.6068 37.2449
18 38 0 36.6177 12.1893
18 39 0 83.1543 99.8229
18 40 1 50.9209 84.3898
19 1 0 76.6814 93.6865
19 2 1 99.0136 6.35481
19 3 0 35.8094 15.9555
19 4 0 81.586 63.5968
19 5 0 15.1129 62.6808
19 6 1 78.8113 85.5603
19 7 0 86.7506 6.83691
19 8 0 65.8625 9.72223
19 9 0 51.8415 7.17147
19 10 0 2.72937 81.3141
19 11 0 8.38026 26.2878
19 12 1 42.4292 91.2961
19 13 0 68.3782 7.9556
19 14 0 86.8647 70.4211
19 15 1 36.4007 66.2077
19 16 0 47.1804 17.4183
19 17 1 74.0371 1.44497
19 18 1 78.0507 47.4541
19 20 1 82.686 46.6812
19 21 0 61.0199 7.28097
19 22 0 24.1517 47.8989
19 23 1 91.3067 52.3935
19 24 0 36.8258 19.7142
19 25 0 62.5612 66.0311
19 26 1 31.7059 37.4309
19 27 0 34.6844 39.0972
19 28 0 12.5961 65.0602
19 29 0 61.5509 12.7331
19 30 0 23.4093 28.492
19 31 0 40.5407 13.894
19 32 0 40.6051 54.7873
19 33 1 28.4341 23.1293
19 34 1 2.76226 94.6031
19 35 1 59.9799 28.3893
19 36 0 45.5253 10.511
19 37 1 39.4904 77.0273
19 38 0 91.8931 26.6739
19 39 0 68.1093 7.62522
19 40 0 37.1585 2.8352
20 1 0 17.3978 45.5675
20 2 0 48.9188 98.2152
20 3 0 66.031 30.8982
20 4 1 32.1783 91.6597
20 5 0 30.0897 57.0565
20 6 0 47.8355 26.3812
20 7 1 90.4403 39.3894
20 8 0 15.7099 51.9097
20 9 1 87.6831 37.2363
20 10 1 71.9356 48.7804
20 11 1 11.8928 51.1654
20 12 0 68.8811 52.759
20 13 1 70.071 62.376
20 14 1 1.9377 72.5808
20 15 0 72.0038 86.1075
20 16 0 21.7627 5.80004
20 17 0 55.7082 36.2901
20 18 0 41.7456 20.2827
20 19 1 38.9086 30.6395
20 21 1 4.36994 92.0061
20 22 0 59.6816 84.6902
20 23 0 67.4532 9.27542
20 24 0 30.4087 17.7533
20 25 1 67.5795 0.496553
20 26 0 15.0416 79.6135
20 27 1 12.188 30.9238
20 28 0 65.4847 2.69886
20 29 0 2.7328 36.8753
20 30 1 95.1944 46.4556
20 31 0 97.3558 63.5582
20 32 1 38.582 46.4244
20 33 1 16.2202 50.1264
20 34 1 21.3965 53.3978
20 35 0 57.4311 92.2809
20 36 0 17.0034 56.3953
20 37 1 38.5636 87.7847
20 38 1 13.7585 64.2597
20 39 0 81.0217 74.3275
20 40 1 86.5554 55.0252
21 1 0 23.1905 45.5408
21 2 0 44.0726 21.4882
21 3 0 85.8758 79.1815
21 4 1 49.2276 63.7374
21 5 1 8.48884 41.7722
21 6 0 82.9439 30.6098
21 7 0 82.7645 34.8426
21 8 0 81.7017 94.4993
21 9 1 59.8029 80.8051
21 10 0 39.8414 27.3742
21 11 1 49.0279 98.0038
21 12 0 60.095 21.9197
21 13 0 78.4945 65.7572
21 14 0 82.421 57.6813
21 15 0 7.09695 40.8114
21 16 1 17.325 51.1965
21 17 0 24.4213 51.5943
21 18 1 67.7466 8.30421
21 19 1 15.7304 12.6463
21 20 0 29.8938 58.5287
21 22 1 44.0197 3.17632
21 23 0 17.671 59.7344
21 24 1 87.3737 57.4258
21 25 1 95.6899 50.4908
21 26 0 73.0635 68.8264
21 27 1 31.9663 37.0404
21 28 0 79.0782 99.1775
21 29 1 70.1522 23.8933
21 30 1 66.8647 75.2001
21 31 0 24.5783 27.0089
21 32 0 24.9851 25.5562
21 33 1 40.1293 21.1482
21 34 1 56.4422 0.673968
21 35 0 20.4215 99.2024
21 36 0 37.6522 98.8433
21 37 1 65.2163 72.3584
21 38 0 48.0508 65.9939
21 39 0 24.1188 87.5727
21 40 0 53.7077 16.6206
22 1 1 44.4533 45.6022
22 2 0 3.47026 55.0723
22 3 1 41.4651 58.8657
22 4 0 25.8116 40.2579
22 5 0 40.8915 50.256
22 6 1 92.691 14.9009
22 7 0 35.148 58.2287
22 8 1 21.0024 1.97104
22 9 0 4.78862 18.6691
22 10 1 49.9252 92.4793
22 11 0 3.21523 3.42362
22 12 0 65.9395 76.4178
22 13 1 56.4015 74.3393
22 14 0 90.7065 6.38541
22 15 0 95.779 64.4707
22 16 0 96.853 78.8333
22 17 0 26.3092 96.0865
22 18 0 58.2966 84.4646
22 19 0 57.0255 35.3491
22 20 0 28.5456 33.3908
22 21 0 89.2748 9.07197
22 23 1 32.0907 41.0814
22 24 0 92.8373 13.7329
22 25 0 28.0316 90.7485
22 26 1 19.6185 49.5831
22 27 0 30.0807 90.5612
22 28 1 33.6908 25.3342
22 29 0 82.0833 38.4152
22 30 0 48.3111 27.2226
22 31 0 45.6325 98.3714
22 32 1 85.6518 28.2148
22 33 0 5.18218 59.3624
22 34 0 44.6486 10.6316
22 35 0 57.7221 24.8186
22 36 0 66.5457 59.1821
22 37 0 9.12459 52.6854
22 38 1 63.8859 29.8263
22 39 0 37.2287 80.898
22 40 0 56.8412 54.2571
23 1 1 34.7093 62.3253
23 2 0 42.6454 54.0989
23 3 0 90.5275 77.5251
23 4 0 41.5107 83.5923
23 5 0 64.6794 67.032
23 6 0 6.69023 19.5588
23 7 1 87.6127 44.0363
23 8 1 66.5647 98.8732
23 9 0 59.2603 96.8335
23 10 0 40.6882 99.1917
23 11 0 52.6271 7.96331
23 12 0 35.5721 53.1886
23 13 0 47.1509 12.5744
23 14 0 89.8351 91.603
23 15 0 62.9343 71.0527
23 16 0 3.68426 38.8786
23 17 1 89.9695 27.2892
23 18 0 74.7459 49.0449
23 19 0 9.02557 82.3804
23 20 0 21.4353 33.2107
23 21 1 1.4692 12.6705
23 22 0 89.2648 92.78
23 24 1 36.2876 20.5624
23 25 0 4.93816 9.12288
23 26 0 19.8879 69.5615
23 27 0 3.38551 78.5052
23 28 0 65.3386 50.9834
23 29 1 54.0084 79.1793
23 30 1 64.0876 26.1694
23 31 0 22.6657 81.4124
23 32 0 38.3374 16.0041
23 33 1 82.3251 18.9058
23 34 1 58.1121 50.5786
23 35 0 61.4649 29.8145
23 36 0 64.4714 65.8327
23 37 0 28.681 71.4886
23 38 0 92.8814 38.2059
23 39 0 73.3888 37.1977
23 40 1 59.9757 93.2833
24 1 0 61.8051 58.2365
24 2 0 90.4871 10.4825
24 3 0 69.582 83.7359
24 4 0 68.4451 93.6082
24 5 0 37.4642 7.35966
24 6 1 20.3764 74.0905
24 7 0 46.3408 36.09
24 8 1 18.1552 47.3676
24 9 0 24.5972 98.3112
24 10 0 41.5265 12.0646
24 11 1 40.1469 75.8525
24 12 1 35.255 38.355
24 13 0 98.2367 81.5581
24 14 0 78.5752 53.4063
24 15 0 16.9137 80.8265
24 16 0 79.5754 91.6903
24 17 0 40.6216 99.5613
24 18 0 91.9297 18.8603
24 19 1 15.6656 87.8366
24 20 0 27.5481 67.8764
24 21 0 46.1832 87.2218
24 22 1 44.397 15.6597
24 23 1 85.9529 73.8554
24 25 1 62.8763 80.5962
24 26 0 58.1095 18.277
24 27 0 79.4706 24.3024
24 28 1 0.0890151 48.8791
24 29 0 0.248086 85.531
24 30 0 54.56 57.656
24 31 1 41.7641 93.7571
24 32 0 8.55548 39.3058
24 33 0 12.138 26.3513
24 34 0 71.1479 39.0667
24 35 0 10.9781 60.992
24 36 0 9.53613 63.9027
24 37 1 60.6748 40.7289
24 38 1 17.25 31.0699
24 39 0 79.9828 36.7101
24 40 1 81.8798 82.917
25 1 0 29.9744 86.5016
25 2 1 45.7914 47.9949
25 3 0 9.6197 38.1358
25 4 1 61.8607 55.0088
25 5 0 92.6484 32.2258
25 6 0 66.2748 56.125
25 7 0 8.53205 85.478
25 8 1 94.4077 72.0327
25 9 1 78.3435 50.048
25 10 0 91.5835 69.7588
25 11 0 13.0566 36.6622
25 12 0 11.8214 79.0687
25 13 1 70.5699 93.4472
25 14 0 73.7288 81.6226
25 15 1 91.0746 8.38175
25 16 0 45.2436 25.9495
25 17 0 14.7302 93.1787
25 18 0 8.93451 87.597
25 19 1 64.4752 37.3836
25 20 1 81.9951 5.12359
25 21 0 44.6774 43.3917
25 22 0 92.2879 67.1423
25 23 1 20.0626 5.57849
25 24 0 64.9042 50.0268
25 26 1 20.5894 56.9428
25 27 0 45.2602 49.5714
25 28 0 13.472 52.9558
25 29 0 82.813 39.3116
25 30 0 71.3818 27.333
25 31 0 39.6795 60.1684
25 32 0 96.077 33.6518
25 33 0 33.9692 29.1618
25 34 0 57.4557 59.8905
25 35 0 91.9487 1.65646
25 36 0 24.3556 86.0546
25 37 0 24.0976 78.9589
25 38 1 86.0075 12.1549
25 39 0 78.2686 84.6784
25 40 0 28.1817 40.1095
26 1 0 93.5393 79.5325
26 2 0 56.8981 20.6941
26 3 1 29.2531 9.41288
26 4 1 58.4831 6.02327
26 5 0 42.1363 53.2242
26 6 1 45.9627 21.5374
26 7 0 91.9966 80.0586
26 8 1 26.1702 29.8197
26 9 1 71.2433 26.6552
26 10 1 79.2321 2.34436
26 11 0 97.332 71.187
26 12 1 61.1615 39.5077
26 13 0 67.9546 49.9453
26 14 1 42.2481 17.3626
26 15 1 92.376 67.1322
26 16 0 17.1796 40.403
26 17 1 41.5358 7.67475
26 18 0 79.2006 74.6153
26 19 0 71.4831 62.8143
26 20 0 41.3204 86.2597
26 21 0 13.3907 33.1261
26 22 1 87.6006 40.1932
26 23 0 19.9923 94.0737
26 24 0 49.6872 46.5319
26 25 1 95.661 28.3161
26 27 1 16.5038 91.0358
26 28 0 45.8507 49.4961
26 29 0 62.594 89.5583
26 30 0 87.6378 80.6065
26 31 0 75.4491 59.8276
26 32 1 3.32075 93.5902
26 33 1 49.3796 37.7464
26 34 0 69.5049 94.7465
26 35 1 45.9739 4.05093
26 36 1 21.7498 8.86169
26 37 0 73.8186 97.4142
26 38 1 93.8787 31.2939
26 39 0 68.9612 7.91901
26 40 1 11.5717 24.215
27 1 0 62.3157 41.479
27 2 0 67.2289 99.9251
27 3 0 31.5037 81.5957
27 4 1 33.1605 42.4094
27 5 0 75.1655 13.6008
27 6 0 85.7658 79.5656
27 7 1 39.7749 21.6321
27 8 1 54.5467 15.9909
27 9 0 52.7903 6.57661
27 10 0 48.3908 73.5701
27 11 1 41.9772 40.76
27 12 0 82.6929 77.3831
27 13 1 4.0804 89.7439
27 14 1 66.0583 46.0178
27 15 1 76.1573 83.9161
27 16 0 29.9585 23.1081
27 17 0 84.784 93.2596
27 18 0 11.8361 60.9127
27 19 0 56.392 70.0637
27 20 0 64.0859 92.5155
27 21 1 48.2912 34.9286
27 22 1 40.8314 52.7608
27 23 0 53.2593 12.446
27 24 1 0.709023 45.3864
27 25 0 89.1148 6.94077
27 26 0 31.01 2.91918
27 28 1 57.1515 59.8644
27 29 1 99.2193 45.5851
27 30 1 17.1576 9.31427
27 31 0 83.169 44.9969
27 32 1 29.2688 34.3577
27 33 0 81.4961 78.7811
27 34 0 60.0401 54.5581
27 35 0 80.239 38.36
27 36 1 4.48982 82.5572
27 37 1 19.9596 53.5803
27 38 0 11.6215 58.2403
27 39 0 58.4458 2.33934
27 40 0 60.3216 62.348
28 1 0 87.6131 38.8609
28 2 0 90.5862 44.5222
28 3 0 27.401 88.7896
28 4 1 36.8026 25.5136
28 5 0 60.9795 16.6264
28 6 0 30.3937 84.4174
28 7 0 93.8565 67.3712
28 8 0 82.2863 33.0097
28 9 0 46.1586 86.6387
28 10 0 85.7864 91.8445
28 11 1 76.2693 38.5554
28 12 1 85.362 69.0038
28 13 0 86.5942 48.4345
28 14 0 48.0399 3.05504
28 15 0 31.4362 5.60784
28 16 0 6.10638 50.8731
28 17 0 74.6996 48.5903
28 18 0 22.0136 60.3724
28 19 0 28.1514 51.0483
28 20 0 8.47741 67.9581
28 21 0 38.8873 31.276
28 22 0 29.8328 55.8005
28 23 0 12.7107 43.5657
28 24 0 19.3357 24.7128
28 25 0 76.731 24.1408
28 26 1 88.7873 36.1233
28 27 1 28.0035 0.69308
28 29 1 40.905 48.2552
28 30 1 48.6429 71.255
28 31 0 88.3518 59.818
28 32 0 24.4067 83.5483
28 33 0 88.8268 84.0212
28 34 0 4.51364 27.9595
28 35 1 29.283 65.4583
28 36 0 53.5554 54.0827
28 37 0 14.1532 69.545
28 38 0 5.73139 24.0156
28 39 0 4.18189 23.6126
28 40 0 21.9036 28.9308
29 1 0 60.7405 77.8569
29 2 0 5.68266 76.3139
29 3 0 33.8419 70.3116
29 4 0 27.9365 37.385
29 5 0 2.89249 57.1915
29 6 0 89.5752 8.16955
29 7 0 66.0323 50.4188
29 8 0 60.4501 96.7721
29 9 0 82.4275 40.6528
29 10 1 5.46557 42.1096
29 11 1 58.2411 81.1028
29 12 1 61.6368 37.4343
29 13 0 66.1609 38.8581
29 14 0 99.8314 63.7449
29 15 0 24.485 0.722311
29 16 0 80.8522 18.2112
29 17 1 14.1057 57.8445
29 18 0 11.2169 87.578
29 19 0 18.1509 15.3368
29 20 0 20.2035 77.0604
29 21 0 27.4678 27.008
29 22 1 44.2038 69.6079
29 23 0 59.8374 23.8674
29 24 0 56.8796 40.1083
29 25 0 15.842 53.0887
29 26 1 53.0208 84.6578
29 27 0 16.5551 39.5252
29 28 0 74.5323 26.3784
29 30 1 59.1286 61.7919
29 31 0 30.0632 29.6322
29 32 1 85.0097 99.4627
29 33 0 6.21695 88.7561
29 34 0 26.7339 3.03233
29 35 0 32.9001 36.9903
29 36 1 57.5977 73.8355
29 37 1 71.9553 62.648
29 38 1 87.9889 51.6344
29 39 0 74.945 42.3586
29 40 0 79.3244 95.3918
30 1 0 15.4256 43.0702
30 2 0 57.8788 33.4691
30 3 0 75.2769 84.3202
30 4 1 51.6525 14.5219
30 5 0 63.8001 64.4518
30 6 0 78.7726 50.2865
30 7 1 62.9583 64.6536
30 8 0 86.1165 6.4928
30 9 0 15.2494 22.7515
30 10 1 40.6819 79.2483
30 11 0 72.8406 49.4421
30 12 1 78.8875 7.31981
30 13 0 60.5243 69.4626
30 14 0 98.5755 78.2459
30 15 0 80.7774 11.5484
30 16 1 51.3935 57.9645
30 17 0 86.6476 22.9371
30 18 1 35.7674 57.6969
30 19 0 84.4532 1.15696
30 20 0 5.10376 27.1272
30 21 1 96.6241 54.8017
30 22 0 79.8123 39.8844
30 23 0 34.4041 32.5552
30 24 1 78.9715 40.4349
30 25 0 46.614 51.5955
30 26 1 51.413 24.4448
30 27 1 29.9283 44.9666
30 28 1 52.2351 47.4514
30 29 0 11.3671 93.6853
30 31 1 86.1163 63.5366
30 32 0 74.0339 43.8847
30 33 0 40.4088 69.117
30 34 0 57.1103 95.3716
30 35 0 40.9251 14.5068
30 36 0 7.20774 74.0112
30 37 0 29.1044 37.9574
30 38 0 47.4284 37.9716
30 39 1 31.9036 90.4093
30 40 1 98.4278 59.8993
31 1 1 69.2113 19.3974
31 2 0 65.6934 58.5818
31 3 0 74.7653 53.8422
31 4 0 38.9584 75.8762
31 5 0 73.7019 41.4627
31 6 1 61.4676 16.3646
31 7 1 70.4034 95.5092
31 8 1 21.7771 90.06
31 9 0 21.1777 73.1267
31 10 0 92.6951 47.0156
31 11 0 24.0879 50.1396
31 12 0 25.0798 88.6393
31 13 1 61.4564 28.5103
31 14 0 66.9253 12.213
31 15 0 7.86348 47.5219
31 16 0 69.602 20.2098
31 17 1 13.9521 16.9786
31 18 0 42.4351 85.4744
31 19 0 53.1189 21.6953
31 20 1 28.3103 67.658
31 21 1 0.605048 48.0802
31 22 1 33.3775 81.0417
31 23 0 7.42184 10.677
31 24 1 85.0595 90.8182
31 25 1 8.98072 95.8567
31 26 0 21.2739 67.7889
31 27 0 26.6607 73.0301
31 28 0 11.6086 73.1433
31 29 0 11.3742 67.8984
31 30 0 55.7122 75.8534
31 32 1 7.98198 5.36031
31 33 0 90.6757 4.75801
31 34 0 86.2607 32.2563
31 35 0 50.7045 65.9926
31 36 0 57.0286 80.3246
31 37 1 71.3422 47.0507
31 38 0 95.8369 17.3111
31 39 0 67.0641 28.0241
31 40 0 96.328 92.0197
32 1 0 59.9311 72.7664
32 2 0 5.1762 68.0836
32 3 1 88.1934 42.8986
32 4 1 4.93716 22.0673
32 5 0 94.8864 61.1453
32 6 0 10.8058 40.7935
32 7 0 55.1243 4.69806
32 8 0 74.503 31.3761
32 9 0 60.455 38.4746
32 10 1 12.4052 8.63171
32 11 0 68.3867 68.4355
32 12 0 61.6416 2.79078
32 13 0 61.9967 25.2331
32 14 1 1.48851 16.8084
32 15 0 43.7384 35.5219
32 16 0 92.9409 27.1041
32 17 0 9.86099 39.3831
32 18 1 78.6894 1.49678
32 19 0 1.90944 52.1532
32 20 1 79.921 65.9371
32 21 0 92.9305 38.2669
32 22 0 53.6297 34.2606
32 23 0 75.3458 53.1565
32 24 0 28.5885 9.50724
32 25 0 80.2608 80.685
32 26 1 88.7489 97.1867
32 27 0 55.5603 64.3505
32 28 0 94.0724 38.0417
32 29 0 1.84259 69.9679
32 30 0 83.2801 46.4622
32 31 0 66.4441 66.8499
32 33 1 10.4612 15.5416
32 34 0 53.7688 38.0048
32 35 1 93.2706 73.843
32 36 0 3.34349 26.2035
32 37 0 1.43404 55.6158
32 38 1 55.6032 35.9049
32 39 0 77.5051 52.5409
32 40 0 75.4965 17.8602
33 1 0 6.01427 11.3139
33 2 0 2.43653 53.6786
33 3 1 50.7548 5.97717
33 4 1 12.3523 8.82687
33 5 0 40.1783 56.3895
33 6 0 85.8904 59.7078
33 7 1 33.6772 28.4165
33 8 1 34.0239 90.6522
33 9 1 23.2239 98.7997
33 10 0 83.8289 50.5723
33 11 0 23.2765 61.5342
33 12 0 75.4315 87.3683
33 13 0 81.8823 0.86187
33 14 1 77.3291 17.1189
33 15 0 70.2984 5.16454
33 16 0 31.5678 36.9989
33 17 0 24.7144 58.3186
33 18 1 70.8616 80.5669
33 19 0 3.31042 75.9595
33 20 0 95.3432 55.2638
33 21 0 99.5452 1.98947
33 22 0 38.8482 99.3165
33 23 0 44.4818 27.242
33 24 1 91.9207 15.1548
33 25 0 27.566 18.067
33 26 0 45.1988 12.4458
33 27 0 2.52951 0.458261
33 28 0 32.5288 53.943
33 29 0 38.2773 55.8668
33 30 0 93.1935 47.9277
33 31 1 13.5085 17.2985
33 32 0 31.1592 25.779
33 34 1 28.3049 10.537
33 35 0 92.2065 67.8179
33 36 1 87.0007 95.9038
33 37 0 5.85609 84.3741
33 38 1 21.2042 89.5504
33 39 1 85.9371 8.01049
33 40 0 73.8125 40.1726
34 1 0 36.3873 51.6976
34 2 1 40.9116 55.6365
34 3 0 32.573 20.5824
34 4 0 91.7751 85.4449
34 5 0 47.0562 9.07356
34 6 0 69.0372 7.94449
34 7 1 13.9318 2.71202
34 8 0 20.7349 14.6813
34 9 0 83.224 90.4579
34 10 0 5.09602 22.7112
34 11 0 67.215 60.3099
34 12 0 8.27239 82.5614
34 13 0 48.7065 96.5147
34 14 1 29.9637 76.8428
34 15 1 51.053 43.5566
34 16 0 12.1242 96.0736
34 17 0 71.8001 60.7025
34 18 0 99.2966 81.0279
34 19 0 53.3821 9.60573
34 20 1 35.5213 85.7077
34 21 0 7.23351 92.6223
34 22 1 57.5594 64.3558
34 23 0 5.24969 69.2375
34 24 1 67.9862 79.4259
34 25 0 44.0624 54.1544
34 26 1 65.5395 44.8149
34 27 0 32.1911 83.5596
34 28 1 62.5806 36.2683
34 29 1 29.0092 1.35574
34 30 0 65.715 29.8225
34 31 0 97.814 99.3553
34 32 0 79.2852 20.3573
34 33 0 81.3779 4.04549
34 35 1 48.8072 27.269
34 36 1 1.05704 47.7232
34 37 0 22.9245 28.6722
34 38 0 27.395 1.39379
34 39 1 37.9821 31.4215
34 40 0 64.9365 51.207
35 1 0 33.2032 62.435
35 2 0 58.2277 1.3836
35 3 0 10.1249 24.0096
35 4 1 53.8053 50.8884
35 5 1 46.0117 72.9249
35 6 0 59.2746 82.169
35 7 0 27.2635 9.91446
35 8 1 56.6004 73.7849
35 9 0 92.7279 94.1632
35 10 0 91.8028 96.5491
35 11 0 86.6289 60.8017
35 12 0 45.5032 48.0155
35 13 0 1.86189 36.215
35 14 0 1.01244 32.2563
35 15 1 96.8495 29.0101
35 16 0 79.3749 66.1227
35 17 1 10.7072 88.67
35 18 0 17.6014 9.00523
35 19 0 87.796 80.9561
35 20 0 17.6768 45.2396
35 21 0 41.9006 0.916875
35 22 0 73.6219 96.5918
35 23 1 71.8098 94.5956
35 24 0 6.16882 25.8665
35 25 0 68.9057 89.6672
35 26 0 4.49925 82.7642
35 27 0 18.9245 1.03898
35 28 0 65.7451 98.1868
35 29 1 19.8216 25.4095
35 30 0 96.6935 77.6015
35 31 0 69.0358 5.48519
35 32 1 64.0693 7.34846
35 33 0 19.0622 18.1124
35 34 0 97.8614 93.0415
35 36 1 91.7257 26.5073
35 37 0 71.8189 50.8925
35 38 0 43.366 25.4176
35 39 0 38.3001 36.4659
35 40 0 82.324 42.0285
36 1 0 55.9542 10.8346
36 2 0 26.3403 62.0777
36 3 0 77.5158 68.6055
36 4 0 22.0259 69.0297
36 5 0 16.0443 15.0916
36 6 0 51.1746 25.0156
36 7 0 71.9435 33.1756
36 8 1 33.9623 73.3058
36 9 0 77.7014 39.8382
36 10 0 51.1241 22.9882
36 11 0 16.057 18.9044
36 12 1 46.2079 57.3575
36 13 0 29.1781 85.9826
36 14 1 45.3573 2.80925
36 15 0 39.4494 43.9206
36 16 0 35.1378 74.4272
36 17 1 17.8904 60.3467
36 18 0 26.4913 81.828
36 19 0 3.32309 97.7179
36 20 0 13.1788 74.2281
36 21 1 77.7691 82.1176
36 22 1 23.2805 48.102
36 23 0 42.2352 52.1474
36 24 0 38.73 82.1761
36 25 0 8.42456 32.8535
36 26 1 84.0668 55.9684
36 27 0 60.9514 42.048
36 28 1 17.3666 11.0168
36 29 0 34.9735 59.6586
36 30 0 91.5116 50.9757
36 31 0 9.32577 87.2161
36 32 1 50.9008 8.50685
36 33 0 75.2559 84.6186
36 34 0 61.4325 80.7027
36 35 0 11.1808 15.7657
36 37 1 7.71028 32.3481
36 38 0 51.9117 78.2661
36 39 0 79.4892 74.0631
36 40 0 85.0752 18.4823
37 1 0 60.7978 78.0467
37 2 0 91.8762 50.4893
37 3 0 8.07116 12.8268
37 4 0 24.5276 49.0428
37 5 0 95.232 67.959
37 6 1 56.1697 83.0922
37 7 1 10.9659 41.7135
37 8 1 63.6061 9.82418
37 9 0 52.2232 14.9096
37 10 0 34.8997 58.2813
37 11 0 59.9874 51.7468
37 12 0 17.5557 57.9436
37 13 0 14.9616 41.1898
37 14 1 74.5738 43.0681
37 15 0 70.4403 92.9595
37 16 0 38.1352 79.8968
37 17 0 6.57767 98.5337
37 18 0 48.042 49.8077
37 19 0 89.1177 33.2004
37 20 0 24.1418 59.2907
37 21 1 42.0077 30.8498
37 22 0 64.1225 51.2566
37 23 1 56.608 76.6663
37 24 0 27.3056 38.6005
37 25 1 0.162907 46.3044
37 26 0 49.5013 87.1947
37 27 0 88.2957 30.3778
37 28 0 86.1073 58.6343
37 29 0 16.274 85.337
37 30 0 47.5039 35.3526
37 31 0 34.0951 82.6686
37 32 0 89.3094 31.6501
37 33 0 36.6048 56.1841
37 34 0 52.4451 19.1593
37 35 0 11.0818 71.2115
37 36 1 82.2013 30.0975
37 38 1 89.0863 68.8144
37 39 0 34.9126 97.2118
37 40 0 72.9485 14.8376
38 1 0 99.082 77.0656
38 2 0 64.4516 34.0403
38 3 0 2.62611 39.116
38 4 1 84.4728 16.086
38 5 0 17.0239 69.2889
38 6 0 19.8964 38.3211
38 7 0 15.2058 99.803
38 8 0 97.6378 63.4502
38 9 0 67.5272 83.5316
38 10 1 28.4761 7.06486
38 11 0 26.3892 69.8835
38 12 0 71.1421 59.2997
38 13 0 70.4789 13.8356
38 14 1 62.8491 7.35801
38 15 0 28.9098 14.677
38 16 1 81.7502 85.9338
38 17 0 57.1628 35.0924
38 18 0 36.9769 98.0965
38 19 0 14.1004 74.2879
38 20 1 86.9946 56.5758
38 21 0 8.29306 28.3088
38 22 0 26.1253 64.4075
38 23 1 75.3473 56.4863
38 24 0 75.6347 51.9533
38 25 1 81.9757 67.1943
38 26 0 40.7949 99.0737
38 27 0 36.479 59.2509
38 28 1 42.4729 95.5688
38 29 1 53.2067 38.5124
38 30 1 86.6355 50.287
38 31 0 22.7074 23.9892
38 32 1 6.08892 38.6786
38 33 0 37.9708 22.2671
38 34 0 39.2769 83.0377
38 35 0 2.82098 64.6585
38 36 0 87.1547 56.3096
38 37 0 84.3335 79.0767
38 39 1 23.8107 42.442
38 40 1 93.5599 69.7523
39 1 0 58.9664 76.9042
39 2 0 40.2715 66.1066
39 3 0 12.2037 85.823
39 4 0 52.0591 50.8396
39 5 0 45.7876 43.2012
39 6 0 22.5209 43.9857
39 7 0 92.9695 58.0731
39 8 1 37.862 34.7388
39 9 1 21.2812 60.52
39 10 0 23.3585 84.8999
39 11 0 98.9888 68.137
39 12 0 17.473 2.79456
39 13 0 81.4912 74.6705
39 14 0 39.0682 29.8894
39 15 1 86.062 79.7082
39 16 0 8.89743 55.0819
39 17 0 43.9193 22.0052
39 18 0 77.6105 46.7521
39 19 1 65.6807 22.3129
39 20 0 69.4759 83.5819
39 21 0 4.4122 62.8819
39 22 0 61.3734 56.3536
39 23 0 45.3411 13.4999
39 24 0 63.3349 38.3204
39 25 0 55.8442 15.3178
39 26 0 9.71526 93.7167
39 27 1 73.8063 27.7381
39 28 1 85.879 62.043
39 29 1 42.2752 35.7469
39 30 0 92.3669 92.5291
39 31 1 4.86619 82.7113
39 32 0 77.9987 76.2575
39 33 0 68.9526 83.6498
39 34 0 97.946 3.49057
39 35 0 69.8035 73.5994
39 36 0 7.29587 30.5228
39 37 0 19.7515 96.5426
39 38 1 43.9759 61.6436
39 40 1 59.3155 90.2293
40 1 1 46.2737 48.7296
40 2 0 12.2463 74.7163
40 3 0 4.015 73.6451
40 4 0 96.9724 64.1866
40 5 0 21.759 60.5498
40 6 1 98.5014 59.3088
40 7 0 13.0847 61.0159
40 8 0 42.0672 21.2435
40 9 0 3.65259 40.9632
40 10 0 68.5198 14.0371
40 11 0 86.5828 2.83112
40 12 1 77.4322 85.8291
40 13 1 14.3456 98.0115
40 14 1 0.359322 27.761
40 15 0 7.10471 28.8185
40 16 0 27.8514 53.01
40 17 0 51.8047 79.313
40 18 0 61.6991 91.4435
40 19 0 23.7984 46.8616
40 20 1 2.36031 60.9461
40 21 0 18.271 78.6185
40 22 0 87.8905 16.0519
40 23 0 75.8978 88.6452
40 24 1 98.819 17.2816
40 25 1 2.53468 42.6836
40 26 1 20.84 31.9399
40 27 0 15.3866 52.847
40 28 0 50.5158 41.2219
40 29 0 50.3073 85.1779
40 30 1 84.1073 72.6455
40 31 0 76.2042 84.7978
40 32 0 50.7548 34.7291
40 33 0 90.8977 28.4374
40 34 0 89.052 28.7226
40 35 0 34.4887 15.1285
40 36 0 44.8202 14.6793
40 37 1 20.2132 58.3268
40 38 0 24.2588 39.0955
40 39 0 62.4514 95.9304
30.4173 12.7105 14.8508 14.2072 12.8362 7.44766 7.73438 17.6707 35.19 17.9952 9.63443 10.3163 12.6028 9.30194 10.5775 15.8203 11.6322 6.95421 17.756 13.8092 17.836 24.9058 39.3491 19.9949 21.5175 16.7286 36.5336 4.2702 8.84004 10.8811 38.6005 14.6138 31.135 26.0896 6.12663 37.2429 34.0403 13.4609 11.1317 32.5745 