40
300
5
50
1 2 1 18.4087 16.5463
1 3 0 6.07665 75.6968
1 4 1 58.9688 5.13103
1 5 0 12.3002 45.0361
1 6 0 79.8431 52.9625
1 7 0 27.3201 79.4215
1 8 0 96.4824 48.4929
1 9 0 79.0543 37.2766
1 10 0 63.9431 64.8162
1 11 0 92.7899 99.3622
1 12 1 37.4713 79.0687
1 13 0 39.0449 61.2398
1 14 0 31.3505 20.6583
1 15 0 14.4821 80.9749
1 16 1 66.0461 6.04757
1 17 0 21.8677 66.3601
1 18 0 43.1541 45.5155
1 19 0 24.7754 14.8631
1 20 0 36.2045 98.7623
1 21 0 79.4706 4.29619
1 22 0 97.3824 34.9121
1 23 0 89.7672 97.362
1 24 0 93.5287 83.4148
1 25 1 54.6903 6.00444
1 26 0 20.2233 51.832
1 27 0 96.5595 4.09123
1 28 1 52.8409 36.1519
1 29 0 74.0678 41.1621
1 30 0 34.7488 67.7649
1 31 0 94.6646 67.7466
1 32 1 72.4531 68.4942
1 33 0 23.6154 82.5562
1 34 0 47.6465 43.8886
1 35 0 41.1045 17.4941
1 36 0 76.2568 36.4471
1 37 0 15.9354 97.3244
1 38 0 98.6683 11.3253
1 39 0 19.4579 59.9465
1 40 0 8.86966 41.4888
2 1 1 37.5868 31.3422
2 3 1 6.22685 67.1248
2 4 1 18.0146 21.6608
2 5 0 65.8544 2.34743
2 6 1 83.6733 21.8761
2 7 1 80.1772 11.8791
2 8 1 27.222 68.2872
2 9 0 90.8522 84.247
2 10 0 84.7008 53.7607
2 11 1 68.6023 71.964
2 12 0 56.1031 97.5262
2 13 0 66.3598 30.8305
2 14 0 46.4364 71.5287
2 15 0 97.4828 7.16083
2 16 0 14.4846 93.7997
2 17 1 10.5839 40.2934
2 18 1 3.1751 22.2148
2 19 0 45.8911 54.816
2 20 0 81.4533 59.2689
2 21 0 25.3926 41.3852
2 22 1 61.7462 94.31
2 23 0 9.69769 38.8427
2 24 0 32.8223 28.9978
2 25 0 25.1985 19.1352
2 26 0 32.5397 38.5072
2 27 0 47.8171 14.1402
2 28 0 36.3012 22.9359
2 29 1 4.21158 66.8464
2 30 0 44.328 80.4569
2 31 0 19.9626 53.2001
2 32 0 42.1718 87.0546
2 33 1 14.5277 82.5773
2 34 0 89.7027 39.5406
2 35 0 29.4868 82.3872
2 36 1 64.9989 56.5558
2 37 0 85.6337 26.1715
2 38 0 36.7375 92.2948
2 39 1 79.887 13.1836
2 40 0 73.8003 81.7508
3 1 0 77.5291 79.5136
3 2 0 67.3092 54.3294
3 4 1 18.6841 79.8658
3 5 1 91.6199 36.0388
3 6 0 69.0567 24.0811
3 7 1 17.2605 86.3426
3 8 0 42.576 58.955
3 9 0 26.2235 85.5877
3 10 0 62.1531 90.993
3 11 1 94.373 25.988
3 12 0 84.0886 72.7569
3 13 0 12.0267 32.0906
3 14 0 26.5037 68.9883
3 15 0 70.9163 5.58359
3 16 1 88.2203 0.0593398
3 17 0 77.8427 89.8765
3 18 0 14.9574 21.9924
3 19 0 38.1554 70.363
3 20 0 39.0067 40.5433
3 21 0 24.5909 33.2528
3 22 1 31.4474 91.1371
3 23 0 7.49794 56.1065
3 24 0 82.0158 3.35747
3 25 1 99.951 10.7473
3 26 0 84.845 93.2219
3 27 0 91.857 99.0501
3 28 1 74.974 46.8745
3 29 0 61.9334 56.6022
3 30 0 89.7583 19.6054
3 31 0 38.0204 71.5584
3 32 0 99.3117 33.3072
3 33 0 19.9479 44.5945
3 34 0 96.4197 34.7339
3 35 0 66.984 7.54866
3 36 1 89.6737 43.4604
3 37 0 4.7035 64.6856
3 38 0 60.5585 63.0335
3 39 1 0.535771 12.3298
3 40 0 21.6141 67.1537
4 1 0 66.4608 60.2876
4 2 0 71.9421 3.5339
4 3 1 39.5074 98.7902
4 5 1 46.2749 29.3768
4 6 0 6.61608 55.136
4 7 0 49.0427 35.2531
4 8 0 17.8069 46.9503
4 9 0 18.7544 57.8864
4 10 0 58.5257 72.7876
4 11 1 71.0182 86.9692
4 12 0 56.211 8.357
4 13 0 55.8428 93.9975
4 14 0 71.717 71.4592
4 15 0 68.5471 54.0228
4 16 0 41.3383 50.1146
4 17 0 5.36508 4.34343
4 18 0 49.2077 72.2693
4 19 0 21.278 45.8756
4 20 0 71.3782 36.1484
4 21 0 54.4601 75.8758
4 22 0 48.1558 85.6538
4 23 0 12.0188 31.138
4 24 0 75.7041 94.7492
4 25 1 9.53076 15.6961
4 26 0 47.1592 13.3947
4 27 0 85.1638 29.0083
4 28 0 65.0601 2.47415
4 29 0 61.7595 30.4659
4 30 0 33.0512 15.5362
4 31 0 33.5901 20.3079
4 32 1 36.697 41.8013
4 33 0 41.3365 16.8152
4 34 0 78.7276 2.11342
4 35 0 43.1881 16.8873
4 36 0 12.8212 33.4844
4 37 0 83.5143 60.7209
4 38 1 61.3863 35.1325
4 39 0 78.3207 40.7411
4 40 0 85.6092 80.6767
5 1 0 70.511 42.5898
5 2 0 79.5678 86.0292
5 3 0 88.6802 57.5
5 4 0 30.1094 18.5605
5 6 1 91.0072 5.28594
5 7 0 65.5584 69.5938
5 8 0 78.7814 4.91955
5 9 1 33.5263 54.7335
5 10 1 66.0314 82.8903
5 11 0 10.8752 5.19046
5 12 0 7.09909 7.31771
5 13 0 99.7692 36.5155
5 14 0 81.7021 73.1651
5 15 0 91.5001 63.6107
5 16 0 96.9399 26.5121
5 17 1 81.267 82.4351
5 18 0 55.0823 25.4326
5 19 1 95.4415 95.7484
5 20 1 6.29333 83.0965
5 21 0 23.5426 44.0896
5 22 0 32.5777 22.4046
5 23 0 62.421 56.0084
5 24 1 43.0052 88.7859
5 25 0 33.1425 40.5281
5 26 0 97.5986 94.0171
5 27 0 91.1581 3.21113
5 28 0 67.6856 46.1621
5 29 0 9.59181 19.599
5 30 0 9.51529 29.1236
5 31 0 58.2114 24.6352
5 32 1 54.0292 0.96904
5 33 0 61.5517 72.1274
5 34 1 39.1382 77.841
5 35 0 70.2024 35.209
5 36 0 20.6779 71.1655
5 37 1 99.7489 5.53384
5 38 0 25.1861 35.8599
5 39 0 58.6932 24.7499
5 40 0 23.8671 54.3753
6 1 0 97.7567 86.6541
6 2 0 66.2258 69.2535
6 3 0 68.7427 72.1202
6 4 0 28.27 26.151
6 5 0 34.9581 13.5065
6 7 1 76.7261 33.7698
6 8 0 5.08759 0.825605
6 9 0 74.3031 86.2513
6 10 0 73.1404 72.3402
6 11 0 21.1991 27.3832
6 12 0 9.07159 28.8131
6 13 0 4.62889 10.7547
6 14 0 46.0952 89.1551
6 15 0 89.5936 95.1277
6 16 0 45.324 32.0424
6 17 1 79.971 99.1144
6 18 0 18.8233 29.9809
6 19 0 73.5421 3.94368
6 20 1 93.4773 23.5274
6 21 0 3.25869 23.2763
6 22 0 33.8716 54.5976
6 23 0 56.1329 5.49011
6 24 0 34.4432 14.9137
6 25 1 20.8095 62.4458
6 26 0 42.0025 75.943
6 27 0 96.4155 19.7908
6 28 0 99.1018 24.0263
6 29 0 92.8261 22.5991
6 30 0 98.2994 33.4329
6 31 0 43.0907 29.6179
6 32 0 40.8625 71.1677
6 33 0 2.00627 22.4863
6 34 0 41.2564 6.11854
6 35 1 19.3758 78.6334
6 36 1 75.5543 92.0767
6 37 0 60.5727 52.3988
6 38 1 87.1117 38.0419
6 39 0 48.3858 10.914
6 40 0 14.3494 81.4148
7 1 0 25.4413 69.4544
7 2 0 57.5238 0.490264
7 3 0 1.85534 16.142
7 4 0 49.8763 49.4331
7 5 0 30.394 44.1018
7 6 0 47.9574 97.4549
7 8 1 36.5263 38.8706
7 9 0 88.2237 51.1459
7 10 0 73.3285 87.8474
7 11 0 98.5213 69.8398
7 12 0 96.2457 95.5797
7 13 0 76.5421 97.4374
7 14 1 47.8346 21.0728
7 15 0 92.4673 60.1138
7 16 0 25.2095 15.0969
7 17 0 15.6977 90.9808
7 18 0 19.4247 19.9136
7 19 0 75.8581 11.2635
7 20 0 87.2744 9.10326
7 21 0 6.4039 46.8181
7 22 0 22.5402 33.9811
7 23 0 82.733 34.3269
7 24 0 94.1668 59.264
7 25 0 23.1622 43.7526
7 26 0 41.1878 99.6703
7 27 0 71.7127 62.4211
7 28 0 60.1183 5.98684
7 29 0 55.5903 60.8722
7 30 0 71.1899 23.741
7 31 0 79.2369 39.8739
7 32 0 11.111 97.11
7 33 0 59.072 91.7965
7 34 0 30.9728 48.9352
7 35 0 70.018 32.2029
7 36 0 89.5125 49.5044
7 37 0 7.96497 34.0762
7 38 0 44.6089 18.5185
7 39 0 32.0587 33.0536
7 40 0 15.1467 28.3469
8 1 0 32.7432 31.7904
8 2 0 61.0288 12.1052
8 3 0 34.0016 37.3678
8 4 0 47.0664 25.11
8 5 0 20.8486 80.0086
8 6 0 32.2339 78.2721
8 7 0 84.8968 98.3274
8 9 1 53.69 88.2962
8 10 0 64.6034 18.34
8 11 0 68.2286 27.0371
8 12 1 34.2148 27.2624
8 13 0 18.2675 29.8525
8 14 0 43.6087 52.7723
8 15 0 78.1269 27.5551
8 16 0 37.1224 31.6807
8 17 0 47.564 43.3162
8 18 1 59.9566 26.3937
8 19 0 45.5872 46.2833
8 20 0 15.9613 45.0938
8 21 0 32.1866 99.0331
8 22 0 79.5938 72.6349
8 23 0 73.2406 60.3546
8 24 0 67.3054 0.0941688
8 25 0 56.5824 8.15928
8 26 1 3.45895 39.8881
8 27 0 18.2849 47.5913
8 28 1 49.1009 39.8541
8 29 0 9.84581 3.76577
8 30 1 16.4457 15.8208
8 31 0 22.263 76.9221
8 32 0 5.99025 33.8764
8 33 0 58.0367 82.8018
8 34 0 52.2852 98.4111
8 35 0 92.086 84.5536
8 36 0 2.63493 98.5578
8 37 0 59.0333 30.1463
8 38 1 33.2423 57.5392
8 39 0 38.741 20.6726
8 40 0 85.7893 54.1642
9 1 1 67.2469 23.8995
9 2 0 56.4379 82.6946
9 3 0 92.2644 61.7499
9 4 1 5.99704 54.0026
9 5 0 32.661 96.3013
9 6 0 88.5229 33.7694
9 7 1 50.3033 49.9412
9 8 0 3.99869 91.291
9 10 1 1.99752 76.1663
9 11 0 92.2409 15.9249
9 12 1 26.2362 60.9755
9 13 0 85.3242 83.1965
9 14 0 8.77107 48.8477
9 15 0 47.7013 50.4389
9 16 1 73.9402 60.9833
9 17 0 31.0142 7.01039
9 18 0 34.5041 61.79
9 19 0 54.6445 12.5032
9 20 0 21.1593 20.8395
9 21 0 90.3287 89.2781
9 22 1 79.0446 31.6402
9 23 0 19.4699 15.6453
9 24 0 30.7578 96.4602
9 25 0 94.134 68.4605
9 26 1 45.172 75.048
9 27 0 62.3876 85.7855
9 28 0 78.471 68.0966
9 29 0 92.0764 74.952
9 30 0 46.6754 92.8514
9 31 0 69.5776 26.6422
9 32 1 10.1535 44.3386
9 33 0 13.074 49.2345
9 34 0 11.1708 89.0807
9 35 0 32.6367 91.6116
9 36 0 86.8614 98.5795
9 37 1 29.8405 99.3393
9 38 0 21.1771 65.0083
9 39 0 28.4001 73.249
9 40 1 93.2212 7.65149
10 1 0 28.2227 41.3267
10 2 1 68.4972 50.678
10 3 0 15.3305 79.6997
10 4 0 25.3868 88.2295
10 5 0 73.4117 57.6417
10 6 1 91.4377 18.4679
10 7 0 31.7809 54.6405
10 8 0 45.8415 83.7787
10 9 0 38.2355 23.6562
10 11 1 72.3833 75.6462
10 12 0 89.7794 18.0448
10 13 0 47.0097 4.69723
10 14 0 96.9412 41.4923
10 15 0 1.65545 7.98325
10 16 0 19.2329 44.1666
10 17 0 68.4458 60.1709
10 18 0 8.99521 78.436
10 19 1 28.5355 36.3822
10 20 0 41.7331 80.0328
10 21 0 59.3546 0.130345
10 22 0 59.8814 21.584
10 23 0 90.803 42.8804
10 24 0 22.6486 60.7133
10 25 0 30.6796 25.2276
10 26 0 70.206 25.9095
10 27 1 23.5219 18.4763
10 28 0 94.7349 80.3166
10 29 0 22.941 89.5076
10 30 0 55.5517 76.2291
10 31 0 36.558 10.9704
10 32 0 10.004 14.9864
10 33 0 75.2452 73.109
10 34 0 55.6157 15.6211
10 35 0 18.5811 97.0029
10 36 0 34.898 94.2565
10 37 1 92.2496 43.4625
10 38 0 78.9608 88.8326
10 39 0 26.8357 70.4173
10 40 0 6.21109 39.9794
11 1 1 43.6548 27.2233
11 2 0 51.8756 31.0386
11 3 1 46.6008 95.3126
11 4 0 6.20805 25.4762
11 5 0 89.1895 54.6226
11 6 0 23.8879 46.4228
11 7 1 34.5343 20.3085
11 8 1 25.2874 17.8371
11 9 0 88.4327 66.5655
11 10 0 50.7171 7.03324
11 12 1 57.152 44.7617
11 13 0 72.5261 80.0615
11 14 0 6.86761 66.4586
11 15 0 70.6176 98.7532
11 16 0 51.3748 6.00497
11 17 0 81.5937 80.4225
11 18 0 43.4191 82.9927
11 19 0 7.23516 27.7652
11 20 0 40.5625 25.692
11 21 0 38.7484 94.4006
11 22 0 88.5247 51.2897
11 23 0 58.3674 74.4473
11 24 0 35.0864 28.0349
11 25 0 79.9439 91.2852
11 26 1 89.0277 84.2723
11 27 0 61.0716 89.4743
11 28 0 46.6281 37.9674
11 29 0 40.1125 84.944
11 30 0 34.168 78.6819
11 31 0 55.8104 44.1119
11 32 0 32.1797 53.4113
11 33 0 91.9379 5.25258
11 34 0 5.73505 30.9183
11 35 0 70.7414 42.7233
11 36 0 34.0507 78.416
11 37 0 68.9442 22.6305
11 38 0 30.8594 49.9899
11 39 0 10.0822 92.8933
11 40 1 38.4892 21.5018
12 1 1 46.2005 94.374
12 2 0 91.3337 29.8265
12 3 0 44.9733 96.5928
12 4 0 58.7873 38.9359
12 5 0 30.13 0.354576
12 6 0 92.8911 54.7937
12 7 0 37.6424 8.35258
12 8 1 93.7145 9.79672
12 9 0 70.035 35.3125
12 10 0 42.9579 90.7056
12 11 0 63.6331 22.8963
12 13 1 16.4728 95.2727
12 14 0 44.3759 48.1581
12 15 0 55.4127 66.8426
12 16 0 99.5043 58.2324
12 17 0 42.1763 82.3767
12 18 0 37.6399 80.3638
12 19 0 77.8175 23.2005
12 20 0 87.9415 8.79676
12 21 0 83.0207 13.6047
12 22 0 18.5853 82.0971
12 23 0 74.5739 46.2768
12 24 0 96.6526 50.1641
12 25 0 56.6094 93.1802
12 26 0 21.1574 34.7361
12 27 0 54.388 25.307
12 28 0 35.7351 52.6282
12 29 0 94.9751 38.5498
12 30 0 20.0582 93.4143
12 31 1 80.6544 6.9637
12 32 1 46.2238 48.5263
12 33 0 62.7379 9.97788
12 34 0 14.0582 54.3896
12 35 0 82.472 53.0977
12 36 1 49.5964 69.4693
12 37 1 83.2535 18.5628
12 38 0 12.6548 43.339
12 39 0 54.2163 34.8381
12 40 0 58.5043 38.8858
13 1 0 18.1401 71.2849
13 2 0 66.6279 4.22522
13 3 0 98.9689 81.8585
13 4 1 99.0902 64.1046
13 5 1 11.0363 69.0912
13 6 0 20.3185 91.427
13 7 0 72.2448 85.2366
13 8 0 14.8462 59.3576
13 9 0 64.448 78.1666
13 10 1 65.5592 73.3775
13 11 0 88.7458 79.4224
13 12 0 58.2227 78.547
13 14 1 2.47992 29.5594
13 15 0 45.0666 47.1645
13 16 0 13.0461 87.1252
13 17 0 48.9373 72.1643
13 18 0 89.346 40.1113
13 19 0 57.5648 41.5358
13 20 0 91.1432 19.1874
13 21 0 79.4308 18.8457
13 22 0 18.9572 2.04251
13 23 0 74.7972 13.9081
13 24 0 16.1628 82.2136
13 25 0 30.2909 81.4328
13 26 0 93.0963 15.6257
13 27 1 93.2758 13.3527
13 28 0 33.7241 33.9392
13 29 0 54.1764 16.4369
13 30 0 78.3556 49.0622
13 31 0 86.1729 70.4468
13 32 1 57.9159 15.2251
13 33 0 58.1004 88.8839
13 34 0 70.0118 74.0108
13 35 0 93.1718 97.0749
13 36 0 0.248555 12.5085
13 37 0 42.5651 35.2713
13 38 1 9.41967 82.6347
13 39 0 82.1369 21.9224
13 40 0 38.815 55.093
14 1 0 16.476 74.8277
14 2 0 68.9876 17.3803
14 3 0 63.663 72.0095
14 4 0 50.2384 56.5543
14 5 0 90.7252 64.9538
14 6 0 83.3287 41.7276
14 7 0 18.6696 14.5
14 8 0 51.7199 64.5686
14 9 0 93.2908 54.4125
14 10 0 37.7594 33.0015
14 11 0 79.8984 71.3079
14 12 0 86.0121 97.6638
14 13 0 4.96638 11.5229
14 15 1 99.7746 59.6816
14 16 0 86.8556 10.3063
14 17 0 62.6461 61.6689
14 18 0 83.0959 31.2042
14 19 0 21.6565 70.8735
14 20 0 7.91884 11.4248
14 21 0 81.5011 49.0566
14 22 0 18.728 63.7888
14 23 0 80.5936 68.4514
14 24 0 96.4814 98.2078
14 25 0 81.2978 16.8478
14 26 0 91.0882 7.47742
14 27 0 10.3585 71.529
14 28 0 53.3955 29.2286
14 29 0 30.5638 92.725
14 30 0 74.7447 88.7709
14 31 1 91.9063 5.48684
14 32 0 52.1644 13.9217
14 33 0 36.1284 69.0921
14 34 1 81.0068 46.0711
14 35 1 98.1788 6.68998
14 36 1 62.7494 89.9712
14 37 0 0.0249139 46.7683
14 38 0 4.65419 89.7095
14 39 0 92.8258 22.6552
14 40 0 83.9719 7.40364
15 1 0 55.8548 47.0294
15 2 0 4.85028 52.912
15 3 0 18.1026 89.6276
15 4 0 19.2895 9.94179
15 5 0 61.0488 45.865
15 6 0 29.624 66.1873
15 7 0 18.6217 93.4964
15 8 0 48.8442 27.884
15 9 0 30.8953 53.0654
15 10 0 80.7901 49.0845
15 11 1 68.5768 29.7703
15 12 0 23.845 16.8458
15 13 1 44.5792 40.9764
15 14 0 92.0138 10.3683
15 16 1 15.0905 78.1954
15 17 0 76.7318 56.9161
15 18 0 11.8497 75.0196
15 19 1 26.2572 2.72121
15 20 0 75.4849 35.9275
15 21 0 22.6289 4.12672
15 22 0 0.205463 34.1494
15 23 0 6.76017 8.57449
15 24 1 47.0691 97.6879
15 25 0 67.137 94.7903
15 26 0 55.9053 94.1102
15 27 0 99.4282 66.5054
15 28 0 69.8983 15.238
15 29 1 56.5528 48.1671
15 30 1 88.0088 29.2648
15 31 0 57.7711 52.6575
15 32 0 0.437633 40.6753
15 33 0 77.0902 32.9544
15 34 0 21.2944 20.4253
15 35 0 23.9783 28.5022
15 36 0 94.5545 90.7192
15 37 0 90.4656 5.46817
15 38 0 55.3056 53.1398
15 39 0 83.1838 62.9802
15 40 0 46.1415 92.235
16 1 0 53.2133 46.8209
16 2 0 30.6768 10.2228
16 3 0 71.9589 63.7947
16 4 0 74.1408 82.5317
16 5 0 39.3953 57.7978
16 6 0 95.7278 43.7466
16 7 0 33.6958 54.3505
16 8 0 77.4576 19.6693
16 9 0 1.53807 79.1069
16 10 0 66.7758 40.8189
16 11 0 77.7345 88.0614
16 12 0 31.1269 62.8849
16 13 1 23.6056 67.4089
16 14 0 86.1744 42.4716
16 15 0 28.7083 54.6748
16 17 1 25.1015 15.493
16 18 0 1.92309 20.421
16 19 0 50.0319 10.2613
16 20 0 88.3583 38.6308
16 21 0 24.7653 38.3242
16 22 0 73.4157 77.3137
16 23 0 16.6543 49.5264
16 24 1 39.4221 33.845
16 25 0 9.48845 68.3631
16 26 0 23.8652 82.0861
16 27 1 73.2154 42.1382
16 28 0 31.6926 21.1156
16 29 0 37.7718 78.6229
16 30 0 31.2095 61.8941
16 31 0 3.3134 93.7403
16 32 0 90.2094 9.60563
16 33 0 56.9271 15.0222
16 34 0 20.7513 33.1159
16 35 0 50.3294 90.5242
16 36 1 23.3984 20.0241
16 37 0 95.3334 26.4331
16 38 0 72.4542 3.59616
16 39 0 68.2893 18.7553
16 40 0 85.8954 18.7988
17 1 0 97.6857 78.5364
17 2 0 70.3074 60.3644
17 3 0 56.9049 43.8622
17 4 0 74.6253 41.8301
17 5 0 44.7616 15.2571
17 6 1 55.8972 83.8975
17 7 0 64.2246 52.1339
17 8 0 80.8298 17.2698
17 9 0 12.5576 14.3948
17 10 1 80.4083 90.0941
17 11 0 2.45154 81.0388
17 12 0 46.7617 77.0067
17 13 0 48.5775 20.9278
17 14 0 47.0148 60.4437
17 15 0 71.7566 52.2161
17 16 0 56.9578 3.4292
17 18 1 77.1152 65.5965
17 19 0 43.5444 45.4205
17 20 0 22.9876 96.1441
17 21 0 66.5631 56.479
17 22 0 8.63294 17.254
17 23 0 54.6467 34.5243
17 24 1 42.2909 50.5535
17 25 0 69.9997 53.494
17 26 0 74.0974 89.9229
17 27 0 71.6873 59.9002
17 28 0 55.8594 12.9085
17 29 0 9.82144 50.0958
17 30 0 37.8232 17.925
17 31 0 91.8717 75.1743
17 32 0 55.1868 13.7664
17 33 0 51.8043 85.3624
17 34 0 70.5341 99.8749
17 35 0 63.792 82.0888
17 36 0 83.0251 10.7338
17 37 1 84.8192 10.0008
17 38 0 93.7422 16.5569
17 39 0 21.398 70.7922
17 40 0 27.8021 44.1298
18 1 0 37.7014 94.8155
18 2 0 56.4242 63.5189
18 3 0 55.6343 13.2382
18 4 0 35.4411 52.8378
18 5 0 25.6839 85.2842
18 6 0 41.937 44.3603
18 7 1 68.8913 10.9894
18 8 0 44.6683 71.0787
18 9 0 11.7553 92.718
18 10 0 74.2284 92.23
18 11 1 29.0929 63.5125
18 12 0 88.0033 18.8254
18 13 0 45.4503 72.3694
18 14 0 54.1503 72.9622
18 15 0 17.3957 39.6357
18 16 0 57.8528 10.5385
18 17 0 85.9652 37.6017
18 19 1 87.9795 3.19512
18 20 1 59.9027 73.9968
18 21 0 3.10471 56.4399
18 22 0 14.8755 62.5379
18 23 0 3.06753 8.10233
18 24 0 40.0568 87.1888
18 25 0 34.5086 99.2188
18 26 0 69.7758 64.0197
18 27 0 3.12097 88.4453
18 28 0 15.8773 54.1609
18 29 0 7.9305 65.6544
18 30 0 40.686 39.6294
18 31 0 17.4274 19.9976
18 32 0 75.0483 75.8934
18 33 1 83.1897 4.81661
18 34 0 76.1503 70.7858
18 35 0 57.0739 71.831
18 36 0 79.3211 55.0584
18 37 0 55.9657 70.3847
18 38 0 79.2651 66.7532
18 39 1 17.4654 56.3334
18 40 0 79.3691 53.4116
19 1 0 10.6952 20.732
19 2 0 4.44014 93.7208
19 3 1 72.2721 55.1977
19 4 0 25.3912 75.848
19 5 0 22.1942 65.3198
19 6 0 85.2503 23.0463
19 7 1 72.0402 91.7283
19 8 0 62.0983 44.337
19 9 1 64.5707 0.323532
19 10 0 40.2497 89.9239
19 11 0 49.8922 38.3394
19 12 0 13.945 95.6324
19 13 0 34.6294 99.2693
19 14 1 37.6645 72.4652
19 15 0 85.8712 97.1234
19 16 0 69.56 16.7885
19 17 0 27.2059 20.5029
19 18 0 86.7686 77.3395
19 20 1 30.1004 64.9088
19 21 0 49.6317 58.3064
19 22 1 37.9718 85.9568
19 23 1 51.6042 42.7365
19 24 0 58.5318 93.2344
19 25 0 48.4451 78.1219
19 26 1 97.0072 84.5972
19 27 0 24.4813 6.10179
19 28 0 20.4897 30.0146
19 29 1 74.1145 49.1728
19 30 0 95.1134 34.1876
19 31 1 25.8014 63.9325
19 32 1 24.5311 64.5433
19 33 0 34.7123 11.931
19 34 0 23.3326 56.3646
19 35 0 22.3561 78.6164
19 36 0 99.0779 42.6735
19 37 0 42.7045 52.7623
19 38 1 91.9843 52.6271
19 39 0 8.87571 75.0359
19 40 0 36.282 41.1768
20 1 0 39.3228 52.9764
20 2 0 0.0507742 27.9456
20 3 0 50.0907 50.7665
20 4 0 53.3623 82.2922
20 5 1 41.3763 79.7535
20 6 1 85.608 66.4814
20 7 0 94.6094 49.1335
20 8 0 36.3602 23.9828
20 9 0 85.5903 55.5113
20 10 0 17.9883 71.1415
20 11 0 54.1153 42.4793
20 12 0 98.8831 16.8134
20 13 0 32.3012 41.8537
20 14 0 39.0249 94.9024
20 15 0 15.6282 68.6807
20 16 1 31.1084 6.91216
20 17 0 55.9586 0.609433
20 18 1 38.6731 4.18669
20 19 0 35.2136 13.6321
20 21 1 6.34393 21.6244
20 22 0 81.1618 35.1749
20 23 0 15.0848 54.0083
20 24 0 91.8262 55.1436
20 25 0 14.0406 12.9307
20 26 0 29.5614 33.6227
20 27 0 78.6882 79.2475
20 28 0 59.5722 74.4753
20 29 0 71.3543 25.9216
20 30 0 38.6758 84.4812
20 31 0 9.6677 59.2678
20 32 0 0.56262 64.4116
20 33 0 63.6839 23.6017
20 34 0 52.4237 5.51289
20 35 0 34.6998 59.2809
20 36 0 84.999 4.18878
20 37 1 57.4006 74.2457
20 38 0 59.4982 42.1192
20 39 0 36.0819 73.5621
20 40 0 63.3702 66.6608
21 1 0 37.7963 45.3827
21 2 0 34.2371 94.8357
21 3 0 70.3299 58.1154
21 4 0 28.4307 46.8506
21 5 0 9.50797 40.7
21 6 0 22.1041 68.6823
21 7 0 2.25098 31.0074
21 8 0 3.1557 15.0011
21 9 1 97.5702 46.6832
21 10 0 78.6083 12.3821
21 11 1 0.531688 74.2705
21 12 0 98.6397 44.2513
21 13 0 45.4052 61.5522
21 14 0 84.2613 82.6849
21 15 0 41.7877 30.1704
21 16 0 28.4119 29.7045
21 17 0 61.9696 87.1715
21 18 0 12.3103 50.8065
21 19 1 23.5813 75.9285
21 20 0 30.9989 82.3714
21 22 1 97.3153 4.85162
21 23 0 63.1641 17.7168
21 24 0 68.9857 24.0658
21 25 0 78.2984 30.0455
21 26 0 24.5125 92.1829
21 27 1 43.0295 75.709
21 28 0 12.8417 32.5549
21 29 1 77.5873 85.5212
21 30 0 25.6767 17.4495
21 31 0 78.8746 74.6547
21 32 0 63.3702 98.5764
21 33 0 49.4044 97.5343
21 34 0 86.3951 59.8908
21 35 0 62.1648 10.5095
21 36 0 60.6168 7.75859
21 37 0 79.3968 47.1735
21 38 0 88.86 72.7438
21 39 0 49.6141 22.0301
21 40 0 23.3208 21.0262
22 1 1 62.985 58.4239
22 2 0 70.7457 15.411
22 3 0 39.3862 43.4736
22 4 1 41.9373 5.47991
22 5 0 88.8558 54.6364
22 6 0 22.1734 25.4743
22 7 0 27.2918 96.5818
22 8 0 2.99214 45.1666
22 9 0 80.97 72.8036
22 10 0 33.4755 97.4614
22 11 0 40.4699 84.0768
22 12 0 6.12319 49.8593
22 13 0 37.0051 45.0882
22 14 0 98.588 97.5631
22 15 0 39.1235 86.2377
22 16 1 0.438927 91.7227
22 17 0 11.2782 18.4521
22 18 0 86.526 83.0917
22 19 0 52.233 97.171
22 20 0 42.9145 15.8854
22 21 0 12.5256 15.4174
22 23 1 36.1188 43.1062
22 24 0 80.1116 23.0389
22 25 0 52.7742 33.0117
22 26 0 39.4029 62.2771
22 27 0 48.1445 79.4124
22 28 1 68.5623 41.2234
22 29 1 1.03175 93.8319
22 30 1 64.608 97.6972
22 31 0 93.5503 57.7465
22 32 0 39.0479 60.729
22 33 1 11.6918 12.7355
22 34 0 67.2104 15.351
22 35 0 56.9834 13.309
22 36 1 3.69562 83.8734
22 37 1 77.0441 21.0363
22 38 0 65.1219 27.0697
22 39 0 6.43845 34.8484
22 40 0 45.199 29.9407
23 1 1 99.3533 87.1731
23 2 0 71.2676 86.0788
23 3 0 99.6196 66.9353
23 4 0 50.3935 0.834754
23 5 0 66.8895 44.36
23 6 1 92.5301 2.03581
23 7 0 11.0308 40.8666
23 8 0 23.4303 30.6715
23 9 0 82.188 40.0825
23 10 0 30.5654 14.7598
23 11 0 78.303 60.2102
23 12 0 12.951 86.2387
23 13 0 87.8069 81.8347
23 14 0 17.9081 52.4574
23 15 0 34.5796 73.0132
23 16 0 95.1397 4.30736
23 17 0 30.007 14.0441
23 18 0 44.467 4.33151
23 19 1 26.5753 43.9255
23 20 0 34.3971 44.3756
23 21 0 95.7926 83.7271
23 22 0 85.7954 41.5965
23 24 1 10.8408 12.0899
23 25 0 41.2097 83.8783
23 26 0 44.3736 48.4878
23 27 1 95.1561 52.9542
23 28 0 84.9533 11.5716
23 29 0 9.63719 34.1926
23 30 0 99.2248 45.3271
23 31 0 54.4905 1.45845
23 32 0 13.2332 20.5619
23 33 1 63.212 52.1224
23 34 0 30.0389 45.2216
23 35 0 62.8426 72.9562
23 36 0 77.6679 83.1465
23 37 0 0.686026 74.7077
23 38 0 20.2538 67.3429
23 39 0 9.00782 96.6348
23 40 1 63.011 96.6066
24 1 0 17.654 87.1271
24 2 1 38.6444 95.8732
24 3 0 94.938 45.6959
24 4 0 38.9774 14.5634
24 5 0 49.2767 56.3384
24 6 0 4.74546 85.5171
24 7 0 72.2318 11.6786
24 8 0 94.4093 39.5361
24 9 0 94.2621 55.4831
24 10 1 95.0126 39.8486
24 11 0 77.0651 50.5411
24 12 0 11.0754 93.8606
24 13 1 13.1266 81.7769
24 14 1 20.3949 31.3033
24 15 0 98.6175 83.9456
24 16 0 18.8747 69.2485
24 17 0 9.56815 98.78
24 18 1 1.75738 67.1795
24 19 1 43.7376 22.2162
24 20 0 71.26 32.87
24 21 0 64.0658 58.8795
24 22 0 93.1704 39.37
24 23 0 72.2521 6.79902
24 25 1 13.3612 95.0883
24 26 0 36.2652 56.5996
24 27 0 23.9653 77.0105
24 28 0 12.2196 24.0354
24 29 0 60.0472 4.42158
24 30 0 22.0166 79.5968
24 31 0 20.5755 45.4531
24 32 1 87.9015 24.3219
24 33 0 3.94708 79.3883
24 34 0 95.252 23.7155
24 35 0 33.8189 68.5744
24 36 1 75.6054 11.2277
24 37 0 94.3774 79.0951
24 38 0 20.9857 30.3243
24 39 0 4.52436 54.5342
24 40 0 36.9144 44.0654
25 1 0 46.8627 86.474
25 2 0 66.0938 92.0973
25 3 0 95.286 26.716
25 4 0 36.3331 20.5582
25 5 0 67.1999 32.6705
25 6 0 74.6176 13.4454
25 7 0 74.0267 77.9877
25 8 0 31.2838 78.4958
25 9 1 7.29172 13.4753
25 10 0 65.1391 53.2601
25 11 0 72.2951 18.3263
25 12 0 86.8922 45.0833
25 13 0 92.9739 10.7685
25 14 1 64.0313 53.7106
25 15 1 53.4546 74.3269
25 16 0 26.5437 14.4477
25 17 0 88.3218 89.0447
25 18 0 40.9137 65.6878
25 19 0 62.4147 88.4485
25 20 0 83.0731 59.0412
25 21 0 74.0551 69.5531
25 22 0 11.0446 60.4881
25 23 0 12.9757 99.6785
25 24 0 86.4311 23.3778
25 26 1 77.2621 76.774
25 27 0 51.8734 43.2013
25 28 0 21.1278 82.8861
25 29 0 50.1269 87.8896
25 30 0 66.386 74.0844
25 31 0 28.3055 62.2343
25 32 0 64.3135 76.745
25 33 0 88.7656 52.5913
25 34 1 43.3463 71.0511
25 35 0 21.0042 53.8988
25 36 0 50.2518 14.1883
25 37 0 82.7834 71.7296
25 38 0 67.1715 68.1735
25 39 1 40.9189 5.93051
25 40 0 43.3408 79.7598
26 1 0 87.1066 83.53
26 2 0 68.2317 38.9411
26 3 0 57.273 16.289
26 4 1 53.8235 11.9752
26 5 0 82.7558 7.27162
26 6 0 2.84151 69.708
26 7 0 65.9182 81.1459
26 8 0 47.155 2.00996
26 9 0 29.1483 74.5721
26 10 1 23.3755 77.1536
26 11 0 9.80571 15.3409
26 12 0 20.348 86.8972
26 13 0 29.1117 86.5681
26 14 0 57.1048 54.1634
26 15 0 34.8702 92.4488
26 16 0 46.7263 49.35
26 17 0 27.9928 12.6938
26 18 0 69.3417 62.6497
26 19 0 3.0804 0.810974
26 20 1 7.39242 42.2365
26 21 0 88.6984 2.38823
26 22 0 81.5281 13.5147
26 23 0 98.9592 67.559
26 24 0 11.9764 19.7301
26 25 0 9.96261 51.9048
26 27 1 98.5748 63.1495
26 28 0 92.5439 63.8195
26 29 0 75.4084 24.1755
26 30 0 25.6897 28.7961
26 31 0 90.5618 79.0158
26 32 1 66.6493 26.664
26 33 0 44.404 24.8499
26 34 0 13.9817 7.13557
26 35 1 88.3066 31.3479
26 36 0 18.9129 21.1295
26 37 0 41.6281 80.5619
26 38 0 0.9162 77.7586
26 39 0 63.2268 51.994
26 40 0 71.5465 4.16619
27 1 0 71.5156 3.27257
27 2 0 58.5178 11.1877
27 3 1 81.3939 21.7845
27 4 0 74.8553 70.5311
27 5 0 51.932 64.6889
27 6 0 79.8419 17.6895
27 7 0 56.5635 28.6441
27 8 0 57.1184 27.4515
27 9 0 9.24185 88.5115
27 10 0 53.321 83.8328
27 11 1 63.2176 81.4483
27 12 1 34.6617 13.2069
27 13 0 87.4525 19.0107
27 14 0 85.0416 98.6747
27 15 0 71.2916 40.4551
27 16 0 9.2793 2.38167
27 17 0 95.5447 87.9228
27 18 0 97.724 28.4592
27 19 0 94.0983 37.2375
27 20 1 68.0559 21.4161
27 21 0 69.3727 96.545
27 22 0 20.6301 66.9941
27 23 0 47.2963 12.3984
27 24 0 98.3969 6.28897
27 25 0 15.9039 56.5414
27 26 0 15.431 35.8573
27 28 1 14.4484 37.7297
27 29 1 28.9279 56.0938
27 30 1 43.3201 68.341
27 31 0 8.49137 4.16934
27 32 0 29.5453 31.2552
27 33 0 71.573 90.7699
27 34 0 4.10288 7.3872
27 35 0 82.1483 87.3035
27 36 1 88.2378 24.952
27 37 1 89.1442 12.3554
27 38 0 32.4032 74.1767
27 39 0 97.4766 68.3972
27 40 1 91.8501 57.4063
28 1 0 10.1214 10.5633
28 2 0 57.3978 74.15
28 3 0 27.7382 39.1656
28 4 0 13.9774 83.1235
28 5 0 11.7791 68.9695
28 6 0 85.3378 25.9519
28 7 0 98.4959 50.207
28 8 0 20.2517 5.22468
28 9 0 57.1245 27.5801
28 10 0 73.0168 27.0204
28 11 0 13.22 9.10093
28 12 0 9.94094 21.1811
28 13 0 77.4335 4.377
28 14 1 9.78842 92.224
28 15 0 68.8327 47.6124
28 16 0 85.9873 56.6947
28 17 1 24.4253 76.9809
28 18 0 59.6781 7.44959
28 19 0 17.6276 75.1012
28 20 0 25.4554 67.3907
28 21 0 94.1875 56.8142
28 22 0 97.4243 50.9471
28 23 0 16.6493 32.3908
28 24 0 85.2779 39.2186
28 25 0 15.2612 53.911
28 26 0 83.2313 56.9202
28 27 0 81.8547 38.7027
28 29 1 68.4349 19.0903
28 30 0 10.3888 25.943
28 31 0 87.0217 59.2714
28 32 1 62.1796 2.7697
28 33 0 78.1676 69.1548
28 34 0 70.0428 33.8922
28 35 0 74.1307 67.2963
28 36 0 78.0974 24.4504
28 37 1 70.5829 34.9898
28 38 0 95.8002 23.7867
28 39 0 43.3379 75.3778
28 40 0 27.0826 28.3825
29 1 0 66.3916 12.6993
29 2 0 63.3633 71.0714
29 3 0 7.8924 36.5943
29 4 0 76.466 75.0106
29 5 0 35.9997 45.9314
29 6 1 47.6213 67.4128
29 7 0 90.8783 74.2771
29 8 0 69.7915 31.1093
29 9 0 46.8769 68.2213
29 10 0 81.5079 14.3761
29 11 0 87.3016 95.1948
29 12 0 92.6324 64.1997
29 13 0 2.60809 74.4234
29 14 0 91.7303 19.5067
29 15 0 70.491 59.3379
29 16 0 34.1982 49.3358
29 17 0 75.0295 92.4948
29 18 0 28.5873 63.2486
29 19 0 64.5437 90.3221
29 20 0 63.0683 84.9356
29 21 0 84.6014 90.5655
29 22 0 36.4414 38.2005
29 23 1 66.0071 50.306
29 24 0 34.8285 76.0735
29 25 1 64.6376 88.5714
29 26 0 95.714 93.2958
29 27 0 60.4162 52.2849
29 28 0 73.4944 48.4308
29 30 1 51.7915 82.6819
29 31 0 88.3364 16.831
29 32 0 1.36104 33.9762
29 33 0 42.9824 40.0532
29 34 0 14.8009 21.7379
29 35 1 32.37 82.87
29 36 0 77.6061 79.1197
29 37 0 25.021 17.0112
29 38 0 59.2928 65.557
29 39 0 63.5258 52.5042
29 40 0 66.149 71.5889
30 1 0 64.5182 38.9044
30 2 0 0.282936 70.2638
30 3 0 28.5014 24.7945
30 4 0 28.0767 3.03718
30 5 0 2.3218 87.073
30 6 0 40.4025 36.5379
30 7 0 63.0945 65.6803
30 8 0 81.1531 53.4129
30 9 1 19.6463 75.32
30 10 0 24.6185 76.8218
30 11 0 94.4528 96.3397
30 12 0 66.2464 9.33482
30 13 0 55.2973 35.7844
30 14 1 19.9802 58.5902
30 15 1 42.7579 96.2268
30 16 0 23.8546 83.8933
30 17 0 32.1816 84.3884
30 18 0 18.8557 74.526
30 19 0 57.3761 43.6356
30 20 0 22.443 40.8097
30 21 1 63.0757 26.0057
30 22 0 94.6504 92.5299
30 23 1 76.0187 9.3694
30 24 0 8.22885 94.4736
30 25 0 88.9706 21.8276
30 26 0 26.687 24.3818
30 27 0 53.7913 60.7225
30 28 0 93.6132 20.9981
30 29 0 4.82889 25.9176
30 31 1 9.10409 15.0851
30 32 1 94.9729 11.3054
30 33 0 54.8138 17.2328
30 34 0 69.1414 36.0837
30 35 0 59.1823 18.2353
30 36 0 3.41094 37.7932
30 37 0 84.4702 21.0427
30 38 1 65.9228 22.7575
30 39 0 45.7187 96.5697
30 40 0 47.6232 30.0545
31 1 0 68.7322 49.072
31 2 0 20.8281 94.6223
31 3 0 19.3493 8.57615
31 4 0 25.915 41.8712
31 5 0 12.4454 78.1984
31 6 0 46.6765 85.6986
31 7 0 57.1297 65.0347
31 8 0 18.8561 58.2092
31 9 0 53.3227 79.8728
31 10 0 10.0501 44.1701
31 11 0 98.8681 19.1536
31 12 0 80.0818 76.8563
31 13 0 88.6085 81.9827
31 14 0 90.413 56.8492
31 15 0 31.2242 4.54268
31 16 1 44.9666 23.7439
31 17 0 75.7375 23.3777
31 18 0 55.9347 80.303
31 19 0 8.22676 48.8845
31 20 0 71.5941 14.3623
31 21 0 11.4249 36.8518
31 22 0 67.1407 89.8572
31 23 0 64.3735 43.774
31 24 0 87.9666 1.49299
31 25 1 85.8675 63.4304
31 26 0 57.4178 23.9308
31 27 0 20.4981 52.4881
31 28 0 12.1799 22.3672
31 29 0 8.13276 15.4051
31 30 0 49.0793 39.7314
31 32 1 3.2386 67.628
31 33 0 14.2653 25.31
31 34 0 23.7472 84.6365
31 35 0 27.589 55.2526
31 36 0 95.1091 85.6427
31 37 0 81.4786 1.51581
31 38 0 81.373 1.38003
31 39 0 98.4535 8.26336
31 40 0 33.7778 14.749
32 1 0 13.323 66.8327
32 2 1 29.4579 30.998
32 3 1 75.0681 39.419
32 4 0 21.116 56.3489
32 5 1 52.4894 67.8988
32 6 0 42.109 98.5135
32 7 0 19.6503 31.4605
32 8 0 36.3065 16.7413
32 9 0 57.8786 29.243
32 10 0 42.9019 16.9419
32 11 0 73.1597 46.204
32 12 0 7.26081 68.0075
32 13 0 93.8496 30.9536
32 14 0 55.3578 50.5104
32 15 0 97.0339 12.678
32 16 1 20.4852 86.0474
32 17 0 95.0085 90.3617
32 18 0 93.5181 54.6836
32 19 1 59.623 76.2415
32 20 0 3.26693 73.443
32 21 1 35.606 37.7894
32 22 0 7.60064 42.2809
32 23 0 54.0961 86.3357
32 24 1 58.0763 66.4989
32 25 0 43.8727 82.5606
32 26 1 70.0078 55.7725
32 27 0 76.1116 61.9518
32 28 1 27.931 46.6188
32 29 1 4.57282 19.1755
32 30 0 73.1726 92.6562
32 31 1 60.7815 79.755
32 33 1 28.9379 69.3433
32 34 0 5.77307 63.858
32 35 0 21.2426 94.1998
32 36 0 13.4444 86.3459
32 37 1 26.995 28.0341
32 38 0 2.80962 82.8703
32 39 0 70.2374 52.0254
32 40 0 38.2841 21.4099
33 1 0 80.5852 2.67276
33 2 0 38.6527 82.2996
33 3 0 73.9569 22.2585
33 4 0 24.5354 79.8279
33 5 0 98.5604 76.68
33 6 0 88.334 23.2624
33 7 1 55.2768 56.8824
33 8 0 5.91217 14.478
33 9 0 54.5108 36.0842
33 10 1 61.0368 65.4819
33 11 1 65.7175 70.7065
33 12 0 87.3341 75.7465
33 13 1 37.4096 47.6965
33 14 0 12.3499 34.7676
33 15 0 89.6171 11.2647
33 16 0 36.3694 67.367
33 17 0 50.6743 61.3004
33 18 0 2.98525 62.161
33 19 0 47.5532 25.8393
33 20 0 30.3706 55.6627
33 21 1 59.2345 91.0431
33 22 0 65.8428 21.0375
33 23 0 66.3588 39.7254
33 24 0 60.1297 82.2927
33 25 0 94.1254 39.2668
33 26 0 59.6247 25.9607
33 27 0 87.0053 68.8627
33 28 0 91.9944 3.48549
33 29 1 13.0255 74.5927
33 30 0 50.8415 70.9158
33 31 0 64.2911 62.37
33 32 1 23.6303 81.3155
33 34 1 35.0605 34.5811
33 35 0 51.4943 93.8028
33 36 0 70.7938 64.3327
33 37 0 26.059 25.2992
33 38 0 92.7677 75.8114
33 39 1 53.3318 80.6283
33 40 0 31.8792 23.0885
34 1 0 94.9442 72.1315
34 2 0 97.7871 73.9815
34 3 1 58.7336 88.1122
34 4 0 29.7055 47.1924
34 5 0 37.391 19.2297
34 6 0 10.3089 13.8291
34 7 0 82.4884 75.9095
34 8 0 8.79517 96.1793
34 9 0 64.5925 2.22383
34 10 0 30.8706 64.8325
34 11 0 43.183 75.8806
34 12 1 68.2192 50.1958
34 13 1 0.272922 99.3181
34 14 0 39.9276 37.9698
34 15 0 55.741 70.8916
34 16 0 70.453 6.90904
34 17 0 31.6881 9.15607
34 18 0 3.64001 6.38402
34 19 0 45.6614 96.1619
34 20 0 20.0713 41.3917
34 21 1 63.3397 93.0879
34 22 0 54.2139 3.63621
34 23 0 74.7071 52.1731
34 24 0 38.2054 87.4829
34 25 0 79.5308 38.9335
34 26 0 93.8333 86.2682
34 27 0 77.6852 63.7552
34 28 1 41.3282 39.4374
34 29 0 18.9113 34.1433
34 30 0 60.6123 58.4546
34 31 0 8.03828 4.80014
34 32 0 99.0929 23.4835
34 33 1 55.928 6.00869
34 35 1 32.6448 20.1991
34 36 0 71.1189 27.6985
34 37 0 2.26519 25.4178
34 38 0 42.8797 74.3227
34 39 0 60.8925 1.64208
34 40 0 8.06724 70.6872
35 1 1 86.171 8.91928
35 2 0 99.4498 93.1166
35 3 1 75.2226 54.6691
35 4 0 92.1319 74.8202
35 5 0 61.1454 86.2597
35 6 1 37.4362 46.2192
35 7 0 76.9782 40.4773
35 8 0 22.2312 23.6615
35 9 0 42.1345 97.3621
35 10 1 39.1645 25.197
35 11 0 52.1026 41.3391
35 12 0 61.8868 64.3038
35 13 0 51.4225 6.5939
35 14 0 4.90423 24.8098
35 15 0 95.4443 36.2495
35 16 0 14.785 13.5243
35 17 0 47.062 28.7827
35 18 0 63.3449 96.3659
35 19 1 11.4563 10.3686
35 20 0 72.2671 43.5763
35 21 1 6.62534 64.104
35 22 0 89.4174 96.4664
35 23 0 82.201 16.9027
35 24 0 93.9013 28.3108
35 25 0 53.2153 43.0842
35 26 0 66.4888 6.63401
35 27 0 42.2528 10.7372
35 28 0 57.9571 84.257
35 29 0 81.4091 87.1109
35 30 0 58.0754 52.3031
35 31 0 44.5829 87.3424
35 32 1 76.6331 85.3951
35 33 0 94.49 97.9068
35 34 0 73.9734 45.8203
35 36 1 64.9371 90.0672
35 37 0 34.4043 98.482
35 38 1 57.9815 10.5334
35 39 1 90.1836 71.8248
35 40 0 15.3126 13.2876
36 1 0 90.238 99.2231
36 2 0 77.6506 37.8916
36 3 0 61.183 94.2486
36 4 0 25.3973 43.908
36 5 0 82.6061 35.0366
36 6 0 4.96163 4.21843
36 7 0 25.5699 64.1535
36 8 0 18.3252 97.7952
36 9 0 54.4779 91.6426
36 10 0 70.2505 77.4893
36 11 0 92.0363 23.8881
36 12 0 39.7365 59.7313
36 13 0 84.3342 27.3537
36 14 0 91.5916 1.66979
36 15 0 79.837 66.9967
36 16 0 89.059 86.9653
36 17 0 88.0425 19.5044
36 18 0 86.0387 33.1692
36 19 0 38.455 78.6809
36 20 0 20.9855 85.1732
36 21 0 19.7899 10.1697
36 22 0 37.8506 44.8102
36 23 0 17.1439 28.1012
36 24 1 94.4316 10.1869
36 25 0 97.848 51.0521
36 26 0 13.3827 35.5624
36 27 1 73.7126 96.9806
36 28 0 32.1093 98.7388
36 29 0 72.0885 49.4419
36 30 0 7.306 87.2986
36 31 0 32.535 56.6342
36 32 0 91.9121 59.5778
36 33 0 11.0418 27.0429
36 34 0 33.1097 56.3757
36 35 1 11.0195 92.2963
36 37 1 22.5615 10.6408
36 38 0 92.6137 6.78014
36 39 0 4.75491 76.4189
36 40 0 79.5258 36.3654
37 1 0 79.1864 96.2843
37 2 0 20.1245 11.5742
37 3 0 54.3938 86.7078
37 4 1 12.3429 58.0111
37 5 0 18.0227 22.2204
37 6 0 7.14148 94.022
37 7 0 43.1612 78.4309
37 8 0 35.8984 70.8667
37 9 1 66.444 25.7708
37 10 0 99.419 16.7622
37 11 1 69.9741 61.2209
37 12 0 47.4552 24.6276
37 13 0 30.2394 29.3321
37 14 0 73.0064 39.5277
37 15 1 66.0643 37.5267
37 16 0 5.82074 12.9982
37 17 0 46.7317 30.5879
37 18 0 15.7235 30.0002
37 19 0 82.6286 44.279
37 20 0 3.5468 33.3585
37 21 0 76.5059 67.5773
37 22 0 29.8569 40.335
37 23 0 21.0049 60.8113
37 24 0 48.5322 74.0356
37 25 1 28.7869 80.3149
37 26 0 40.36 87.1439
37 27 1 96.1756 64.2042
37 28 0 90.5498 65.9546
37 29 0 53.0252 6.28439
37 30 1 52.7355 98.4104
37 31 0 11.3948 69.7462
37 32 0 13.9277 27.115
37 33 1 54.7217 21.1571
37 34 0 80.8243 21.739
37 35 0 32.6143 66.5928
37 36 0 56.5192 90.6178
37 38 1 26.7705 15.7571
37 39 0 89.629 86.8313
37 40 0 85.9827 94.5144
38 1 1 95.2292 84.7199
38 2 0 48.8122 51.1454
38 3 0 12.7429 53.7631
38 4 0 1.36318 62.562
38 5 0 54.4558 4.22982
38 6 1 10.9478 53.3091
38 7 0 87.2435 69.1048
38 8 1 59.1651 19.0982
38 9 0 14.2533 24.702
38 10 1 69.053 50.9168
38 11 0 70.1392 45.1936
38 12 0 4.18653 41.0747
38 13 0 14.794 42.6772
38 14 0 60.005 26.512
38 15 0 5.6892 82.7016
38 16 0 60.2177 60.1943
38 17 1 59.9641 41.5015
38 18 1 88.5868 87.5914
38 19 0 16.5026 1.06211
38 20 0 20.7212 9.09066
38 21 0 31.208 12.8471
38 22 0 69.3375 54.8429
38 23 0 63.0487 3.11734
38 24 0 3.0146 95.2349
38 25 0 73.0238 0.83
38 26 0 29.5299 94.8454
38 27 0 47.6427 66.4845
38 28 0 96.2259 65.7584
38 29 0 87.3503 34.0615
38 30 0 25.6605 42.322
38 31 0 85.4773 83.0868
38 32 1 27.2437 65.1891
38 33 1 84.7803 44.807
38 34 1 2.97687 43.2931
38 35 0 95.0466 99.9443
38 36 0 17.8037 20.6175
38 37 0 25.8492 85.6092
38 39 1 44.8572 24.5944
38 40 0 35.4686 33.2497
39 1 0 80.8417 87.2434
39 2 0 99.7766 38.3294
39 3 0 29.1289 21.6601
39 4 1 26.2717 56.2884
39 5 0 42.4153 79.2485
39 6 0 67.6016 33.218
39 7 0 9.83974 67.2993
39 8 0 48.4754 70.8209
39 9 0 47.6955 93.1806
39 10 1 11.128 57.6372
39 11 0 81.1871 55.8809
39 12 0 56.6293 92.4612
39 13 0 76.6502 44.5511
39 14 0 43.1511 91.5882
39 15 0 23.359 78.4987
39 16 0 54.9762 91.0155
39 17 1 10.4569 78.5296
39 18 0 62.9438 46.2217
39 19 0 4.58708 27.6598
39 20 0 15.7963 48.1267
39 21 0 86.0976 2.72669
39 22 1 20.6778 4.26186
39 23 0 47.4771 70.447
39 24 1 27.7065 90.9291
39 25 0 70.8945 48.7577
39 26 0 31.4158 90.2492
39 27 1 73.5618 40.2508
39 28 0 48.4457 19.0065
39 29 1 52.4016 42.5332
39 30 0 13.095 23.5531
39 31 0 78.5661 27.5283
39 32 0 97.2677 21.788
39 33 0 69.1132 9.70233
39 34 0 81.3233 87.991
39 35 0 61.3622 20.4314
39 36 1 78.4091 12.7538
39 37 0 1.78373 52.4539
39 38 1 31.0845 27.509
39 40 1 35.4952 63.1468
40 1 1 40.903 8.53166
40 2 0 41.9745 12.9442
40 3 0 92.575 58.1874
40 4 0 31.7515 70.0105
40 5 0 0.455238 43.1293
40 6 0 73.789 67.0759
40 7 0 51.1901 64.3238
40 8 1 57.1473 3.60996
40 9 0 78.9459 12.3189
40 10 0 77.9124 53.5233
40 11 0 42.9786 66.6733
40 12 0 7.9677 5.52642
40 13 0 38.482 23.515
40 14 1 55.4738 44.0224
40 15 0 35.703 26.7937
40 16 0 76.0631 98.586
40 17 0 48.579 57.6757
40 18 1 51.5236 82.7488
40 19 0 2.39432 35.2415
40 20 0 81.5609 46.9851
40 21 0 52.1377 38.8303
40 22 1 8.52358 90.0226
40 23 0 25.3717 65.78
40 24 0 14.3441 72.9778
40 25 0 74.2906 15.8109
40 26 0 94.3477 58.0741
40 27 0 36.9362 51.6062
40 28 0 60.0467 55.5601
40 29 0 78.5255 65.3402
40 30 0 60.8644 82.6217
40 31 1 66.6477 46.0382
40 32 0 93.8943 57.4881
40 33 0 22.191 51.858
40 34 0 66.052 76.921
40 35 0 4.19113 84.1939
40 36 0 1.48008 95.7921
40 37 0 55.8164 29.0078
40 38 0 63.3819 97.801
40 39 0 21.1163 69.1171
35.7658 37.2637 35.1275 15.8157 28.7044 0.929757 32.3405 16.6005 9.6772 31.2628 27.0774 4.92014 12.2713 3.43859 26.161 19.6726 18.6049 19.4286 8.06539 33.5306 18.6565 35.015 14.2948 3.42207 30.4871 27.8649 3.27296 26.6131 38.0837 37.9106 12.2849 8.90287 39.745 27.5016 10.468 32.8236 36.3229 14.6233 14.5431 31.9067 