40
300
2
100
1 2 1 65.8972 13.1491
1 3 0 1.48083 0.333082
1 4 0 87.688 87.9033
1 5 1 26.4115 52.7698
1 6 0 6.19218 67.0023
1 7 0 55.2353 62.0163
1 8 0 13.8716 73.8957
1 9 0 45.8734 20.6385
1 10 0 98.4206 11.5961
1 11 0 61.1108 83.0941
1 12 0 46.0371 71.084
1 13 1 66.476 60.1824
1 14 0 88.3035 75.5335
1 15 0 96.3257 87.0577
1 16 0 57.2991 55.3169
1 17 0 7.30326 1.26196
1 18 0 92.9819 19.7894
1 19 0 31.0458 96.5776
1 20 0 39.5761 16.6435
1 21 0 95.0256 65.1486
1 22 0 95.9165 38.7525
1 23 1 52.0535 56.5894
1 24 0 80.8666 44.7286
1 25 0 73.0093 4.89495
1 26 0 71.9466 83.0038
1 27 0 60.2893 53.3753
1 28 1 60.4641 14.1232
1 29 0 58.4359 98.1151
1 30 0 68.1394 27.5349
1 31 1 77.6759 62.6873
1 32 0 76.8632 10.5482
1 33 0 38.674 78.9048
1 34 1 77.4589 6.52803
1 35 0 93.3728 8.45645
1 36 0 65.3403 13.1398
1 37 0 94.8534 65.5486
1 38 0 62.4708 48.9906
1 39 0 31.3938 26.8539
1 40 0 33.6747 22.3626
2 1 0 63.2874 9.83558
2 3 1 19.437 46.9099
2 4 0 64.9776 45.3219
2 5 0 43.3472 54.9948
2 6 0 8.53529 5.69796
2 7 0 19.5969 96.8337
2 8 0 8.54734 27.147
2 9 0 64.8825 24.4447
2 10 0 55.1733 41.3575
2 11 0 80.7806 72.2844
2 12 0 31.544 91.783
2 13 0 71.5442 30.2019
2 14 0 71.7633 52.4817
2 15 1 34.5182 48.3484
2 16 0 52.5424 13.4208
2 17 0 46.0601 1.53499
2 18 0 36.2414 68.6205
2 19 0 31.8175 91.2046
2 20 0 90.4465 6.5228
2 21 0 98.0482 39.799
2 22 0 62.1741 83.4354
2 23 0 59.3362 84.3283
2 24 0 35.0588 15.2988
2 25 0 4.07668 51.8565
2 26 0 95.8101 13.1143
2 27 0 79.7382 10.7528
2 28 0 19.9852 95.9108
2 29 0 79.9464 5.25987
2 30 0 12.5073 4.66504
2 31 1 79.923 32.5726
2 32 0 13.7869 63.3784
2 33 0 16.5403 98.5509
2 34 1 7.64636 75.2319
2 35 0 59.395 88.3588
2 36 0 60.7167 99.747
2 37 0 18.6243 14.5021
2 38 0 80.4682 50.999
2 39 0 92.3723 21.5476
2 40 0 78.0534 4.67229
3 1 0 84.6539 47.8131
3 2 0 70.4452 11.4031
3 4 1 1.72432 91.2308
3 5 0 16.5643 77.7868
3 6 0 82.535 36.1381
3 7 0 54.0147 75.7755
3 8 0 47.8622 35.0887
3 9 0 90.3791 35.8017
3 10 0 51.7724 22.9934
3 11 1 56.0037 88.8209
3 12 0 4.6894 72.8762
3 13 0 65.3864 34.2956
3 14 0 51.059 94.8847
3 15 0 24.0759 11.8125
3 16 0 1.61846 26.0999
3 17 0 0.855306 2.71249
3 18 0 22.361 52.2273
3 19 1 35.0403 16.0955
3 20 1 79.5422 59.0713
3 21 0 65.4217 97.9744
3 22 0 5.76171 30.5137
3 23 0 98.8044 28.6853
3 24 1 37.9937 69.6495
3 25 1 16.3673 79.1554
3 26 0 75.1244 97.3888
3 27 0 64.6676 57.6408
3 28 1 21.1807 55.4149
3 29 0 9.66346 66.5142
3 30 0 54.9448 83.7257
3 31 0 43.464 26.4063
3 32 0 97.8738 84.222
3 33 0 90.2854 38.9776
3 34 0 93.7064 61.6107
3 35 0 43.0276 65.4185
3 36 0 91.3164 27.0551
3 37 0 70.5372 96.0223
3 38 0 31.522 10.6492
3 39 0 16.7104 81.8757
3 40 0 34.5124 47.0951
4 1 0 36.1685 63.0229
4 2 0 21.6624 33.2339
4 3 0 69.9611 5.61139
4 5 1 20.4917 93.3147
4 6 1 93.4058 90.5893
4 7 1 12.8221 41.2749
4 8 0 2.0218 12.1458
4 9 0 3.21638 35.4612
4 10 0 83.5539 50.4151
4 11 0 16.3685 1.0781
4 12 0 29.138 19.5514
4 13 0 74.0273 17.6176
4 14 0 81.7968 19.632
4 15 0 73.4725 75.0366
4 16 0 49.5459 18.8864
4 17 0 14.7911 99.3921
4 18 0 48.9586 81.2681
4 19 0 3.57753 97.0254
4 20 0 30.0752 29.8931
4 21 1 18.8879 99.8049
4 22 0 57.7288 19.651
4 23 0 64.9003 75.0241
4 24 0 11.4458 83.7612
4 25 0 36.2095 13.4122
4 26 0 79.288 43.2389
4 27 0 84.5494 75.7796
4 28 0 68.4198 28.5214
4 29 0 33.1492 73.7837
4 30 0 92.368 8.0803
4 31 0 47.4653 62.8959
4 32 0 68.4428 72.6767
4 33 1 13.6508 55.9243
4 34 0 27.4867 9.82231
4 35 0 46.0341 27.5918
4 36 0 54.8345 62.271
4 37 0 72.261 70.7701
4 38 0 69.0369 21.2725
4 39 0 71.2741 38.5511
4 40 0 38.4114 27.1477
5 1 0 27.3419 7.39859
5 2 0 97.3916 19.9878
5 3 0 54.381 0.718296
5 4 0 87.918 5.79967
5 6 1 18.6689 86.0318
5 7 0 52.9731 72.7383
5 8 0 37.0224 86.4096
5 9 0 71.5446 52.2785
5 10 0 80.055 35.6343
5 11 0 50.4402 35.648
5 12 0 82.8259 76.6978
5 13 0 30.8922 78.6403
5 14 0 66.2006 27.1847
5 15 0 16.4821 18.5756
5 16 1 5.53239 40.2213
5 17 0 18.9187 72.4055
5 18 0 33.1381 45.2469
5 19 0 29.7879 63.1443
5 20 0 56.419 34.6217
5 21 1 52.1395 59.856
5 22 0 5.0253 48.0658
5 23 0 16.141 6.62062
5 24 0 5.57602 99.8428
5 25 0 42.8691 83.3247
5 26 0 19.0702 59.7232
5 27 0 82.1052 46.4176
5 28 0 60.2878 23.2184
5 29 1 19.4492 26.8603
5 30 0 59.7618 74.3752
5 31 0 37.5003 52.0511
5 32 1 84.0973 67.8394
5 33 0 16.8464 83.6103
5 34 1 0.245148 56.9578
5 35 0 47.3571 40.8229
5 36 0 7.59306 21.2577
5 37 0 29.4115 58.6708
5 38 0 46.5002 76.7153
5 39 0 60.0338 0.36587
5 40 0 46.4087 80.3418
6 1 0 0.730951 49.1744
6 2 0 50.7493 40.9943
6 3 0 98.1283 53.8043
6 4 0 17.5213 8.32702
6 5 0 24.8617 90.5327
6 7 1 20.2101 36.6221
6 8 1 67.2486 68.6111
6 9 1 34.004 12.5972
6 10 0 41.6164 67.9253
6 11 0 71.1049 67.3533
6 12 0 34.1373 40.6068
6 13 0 66.8964 79.3272
6 14 0 5.69209 1.71873
6 15 0 8.27826 68.6858
6 16 0 17.6812 78.2954
6 17 0 51.4711 28.8968
6 18 0 51.1959 8.31534
6 19 0 2.40978 18.6819
6 20 0 27.8367 23.846
6 21 0 23.289 77.0533
6 22 0 73.9994 77.0851
6 23 0 37.5045 84.5316
6 24 1 91.5842 65.4292
6 25 1 44.8211 31.4374
6 26 0 36.891 77.816
6 27 0 54.4317 23.2144
6 28 1 80.9428 48.5681
6 29 1 46.4393 86.6781
6 30 1 58.0431 63.7299
6 31 1 29.6363 8.8983
6 32 0 67.103 61.8898
6 33 0 1.18373 89.9554
6 34 0 63.2849 85.8954
6 35 0 8.5764 64.574
6 36 0 11.0479 95.5168
6 37 0 43.5575 88.1916
6 38 0 28.2586 82.322
6 39 0 2.66492 21.3885
6 40 1 88.2512 88.6894
7 1 0 6.31468 14.0914
7 2 0 86.4698 6.46996
7 3 0 48.9388 50.8575
7 4 0 43.7328 85.0903
7 5 0 38.3635 86.139
7 6 0 83.4824 93.6296
7 8 1 12.0457 61.057
7 9 0 97.4914 61.872
7 10 1 49.6788 52.4412
7 11 0 29.5354 14.0235
7 12 0 74.6652 97.3113
7 13 0 11.0004 83.8256
7 14 1 9.14869 34.4027
7 15 1 16.6655 68.6778
7 16 0 82.1564 15.5592
7 17 0 91.7312 75.0418
7 18 0 89.5138 66.973
7 19 1 95.2768 44.9566
7 20 1 49.4742 79.9237
7 21 0 87.9598 2.86895
7 22 0 33.8295 68.6033
7 23 0 18.2127 48.6662
7 24 0 17.353 24.1128
7 25 0 55.1093 14.6084
7 26 1 25.6506 85.9188
7 27 0 29.1331 31.9455
7 28 0 41.1953 53.6542
7 29 0 1.16251 21.3553
7 30 0 98.6253 6.25276
7 31 0 61.9556 11.5198
7 32 0 85.0917 44.6878
7 33 0 96.289 32.7807
7 34 0 72.7709 46.236
7 35 0 69.2491 41.7603
7 36 0 41.7158 99.4598
7 37 1 99.4812 27.2826
7 38 0 88.8746 35.4948
7 39 1 28.4188 12.9259
7 40 0 76.7597 4.87245
8 1 1 50.6462 4.20708
8 2 0 1.1283 18.2884
8 3 0 80.2992 82.1948
8 4 0 52.1717 38.9012
8 5 1 11.6141 10.9198
8 6 1 70.2684 46.144
8 7 0 32.5213 42.4714
8 9 1 30.1072 80.2922
8 10 1 38.0776 44.4729
8 11 1 38.3407 93.7393
8 12 1 40.5144 7.25664
8 13 1 25.0162 88.6622
8 14 0 87.8311 90.1409
8 15 0 5.08348 62.0141
8 16 0 94.9492 79.2325
8 17 1 85.5941 62.5846
8 18 0 99.1483 37.688
8 19 0 21.0749 61.6738
8 20 0 32.6534 84.9711
8 21 1 29.8885 91.2147
8 22 1 89.9709 64.2729
8 23 1 69.4108 88.2489
8 24 0 13.5616 70.4102
8 25 1 14.4879 42.7084
8 26 0 72.0094 75.7841
8 27 1 80.0995 37.2969
8 28 1 50.7773 99.0467
8 29 0 13.7368 87.8151
8 30 0 61.9472 19.7527
8 31 0 15.0294 55.381
8 32 0 57.2494 88.7877
8 33 0 50.1043 79.3543
8 34 1 85.1108 9.82854
8 35 0 95.7605 52.2755
8 36 0 42.4523 60.9612
8 37 0 84.6624 39.1801
8 38 0 74.1652 99.205
8 39 0 46.8222 3.51516
8 40 0 50.2559 72.9625
9 1 0 19.3535 62.3521
9 2 0 90.6991 8.30744
9 3 0 94.1116 34.4417
9 4 0 94.9627 19.8015
9 5 1 50.7488 6.93379
9 6 0 15.957 37.1485
9 7 0 21.6987 54.3507
9 8 0 88.9182 36.2333
9 10 1 1.6789 64.9517
9 11 1 97.4029 55.0913
9 12 0 46.5812 9.15461
9 13 0 95.4969 41.2942
9 14 1 35.0017 81.1376
9 15 0 35.4906 39.8487
9 16 0 39.0818 23.1265
9 17 1 48.1053 9.53203
9 18 0 60.9465 37.237
9 19 0 90.4263 61.5743
9 20 0 29.9617 91.5474
9 21 0 24.3176 25.1119
9 22 0 40.0732 9.13304
9 23 0 7.71328 51.3266
9 24 1 66.0228 43.0302
9 25 0 89.2359 45.578
9 26 1 94.7229 58.8365
9 27 1 8.07634 2.78914
9 28 0 25.749 55.7948
9 29 0 5.17459 43.3183
9 30 0 87.1448 82.3749
9 31 0 81.3315 71.4203
9 32 0 51.0498 83.5355
9 33 0 74.1247 63.1257
9 34 1 38.1446 39.0994
9 35 0 62.6837 48.4849
9 36 0 38.7509 99.3877
9 37 0 4.12459 86.7986
9 38 0 87.3888 99.3589
9 39 0 44.0411 10.4885
9 40 0 26.6084 65.8248
10 1 1 79.5018 43.9816
10 2 0 41.339 74.9641
10 3 0 37.8819 10.9711
10 4 0 19.486 83.4099
10 5 0 30.6438 5.47663
10 6 0 7.46297 23.5147
10 7 0 6.17478 86.3429
10 8 0 0.760237 79.6839
10 9 0 44.8628 29.4549
10 11 1 41.2866 2.53243
10 12 0 86.9439 7.58567
10 13 0 77.3054 46.8771
10 14 0 69.442 57.5659
10 15 0 31.9969 21.2119
10 16 1 79.7123 71.55
10 17 0 37.6978 53.1151
10 18 1 66.9298 63.5796
10 19 1 63.6948 45.7379
10 20 0 21.9741 54.2121
10 21 1 30.1162 92.2737
10 22 0 64.3921 53.9233
10 23 1 32.5271 59.9742
10 24 0 34.1741 4.18004
10 25 0 36.1151 60.0731
10 26 0 47.3736 75.5606
10 27 0 37.0456 79.48
10 28 0 5.30843 49.1301
10 29 0 30.8957 58.9405
10 30 0 43.8959 12.8176
10 31 0 6.90575 78.5041
10 32 1 38.4204 84.2104
10 33 0 23.0776 78.1317
10 34 0 82.4028 9.95372
10 35 0 99.006 75.9075
10 36 0 9.71777 87.5816
10 37 1 74.8565 72.853
10 38 0 64.9739 42.6534
10 39 1 57.7102 44.0211
10 40 0 67.2588 36.2563
11 1 0 65.9447 17.3145
11 2 0 57.7929 80.1936
11 3 0 53.1123 5.7977
11 4 0 94.5999 47.1086
11 5 0 40.067 24.6005
11 6 0 29.312 48.354
11 7 1 80.5568 31.565
11 8 0 64.4924 79.85
11 9 0 94.1068 93.4242
11 10 0 19.5411 85.5401
11 12 1 18.5185 83.3402
11 13 0 13.8056 92.1405
11 14 0 94.9704 70.5827
11 15 0 50.805 11.8434
11 16 1 39.9072 41.9373
11 17 0 27.0494 95.8236
11 18 0 31.0786 22.3546
11 19 0 19.0673 12.8007
11 20 0 79.5459 68.8588
11 21 0 64.3495 54.7264
11 22 0 21.5774 72.2125
11 23 1 63.4859 60.6233
11 24 0 58.8359 54.6313
11 25 0 40.2832 18.3301
11 26 0 37.2778 64.9904
11 27 0 20.6804 96.1288
11 28 0 54.8257 5.37508
11 29 0 90.3247 80.1292
11 30 0 27.7774 21.3108
11 31 0 27.3483 25.6091
11 32 0 60.4886 89.3763
11 33 0 25.0964 93.3635
11 34 0 31.5642 45.4308
11 35 0 86.3631 7.70229
11 36 0 94.2965 24.5052
11 37 0 22.6501 39.0525
11 38 0 47.2304 16.8297
11 39 1 18.797 92.3923
11 40 0 4.19472 69.5498
12 1 0 74.8308 62.8023
12 2 0 44.7429 38.0063
12 3 0 17.6065 31.3487
12 4 0 55.5675 55.5555
12 5 1 0.692664 29.8145
12 6 0 64.5033 30.0875
12 7 0 55.1777 67.3522
12 8 0 86.1431 70.7892
12 9 0 51.5409 13.6686
12 10 0 80.9268 55.5223
12 11 0 7.70862 81.2797
12 13 1 22.5753 77.0578
12 14 0 78.3766 40.6077
12 15 0 70.691 23.6196
12 16 0 36.7665 99.0082
12 17 1 81.6389 47.8005
12 18 0 1.48979 41.0814
12 19 0 7.34426 36.6041
12 20 0 3.80456 52.3214
12 21 1 58.3222 52.7992
12 22 0 70.8296 98.7351
12 23 0 77.1355 74.7426
12 24 0 40.5984 74.0956
12 25 0 33.836 87.0892
12 26 0 61.4834 98.7552
12 27 0 99.7541 17.1528
12 28 0 38.8507 76.9708
12 29 0 22.2082 46.4362
12 30 0 87.8948 23.5109
12 31 0 41.6053 93.1621
12 32 0 17.0164 48.915
12 33 0 69.5119 99.6895
12 34 0 42.6795 84.3321
12 35 0 61.7156 67.5277
12 36 0 0.413352 20.9488
12 37 0 51.1393 10.3978
12 38 0 41.2192 86.8767
12 39 0 46.0607 7.3829
12 40 0 88.9135 47.504
13 1 0 15.9792 44.4892
13 2 0 53.5299 34.3949
13 3 0 52.58 76.593
13 4 0 30.3702 37.0104
13 5 0 43.6582 41.3063
13 6 0 32.4526 81.8693
13 7 1 53.6265 5.99355
13 8 0 46.3673 14.7722
13 9 0 31.3702 87.6717
13 10 0 81.8725 81.3869
13 11 0 20.1256 95.2113
13 12 0 11.0346 71.4057
13 14 1 34.9767 12.0993
13 15 0 16.8513 0.399363
13 16 0 55.9259 13.1864
13 17 0 31.232 29.4097
13 18 0 29.7086 88.1907
13 19 0 15.7987 89.3944
13 20 0 9.09752 9.82755
13 21 0 98.4767 95.8985
13 22 0 47.2136 47.7776
13 23 0 75.38 21.1739
13 24 0 14.8761 60.9211
13 25 0 43.2729 24.5808
13 26 0 12.1665 74.9325
13 27 1 50.678 9.01454
13 28 0 95.8904 53.4016
13 29 0 47.5979 97.7371
13 30 0 54.9233 29.2263
13 31 0 1.99416 54.1625
13 32 0 6.20755 94.6337
13 33 0 98.6219 15.3147
13 34 0 66.2852 7.57745
13 35 0 25.4561 24.9893
13 36 0 67.5886 34.7443
13 37 0 65.0547 95.4345
13 38 0 44.6665 9.56578
13 39 0 16.6493 0.10206
13 40 0 92.7534 66.1872
14 1 0 48.2984 33.6503
14 2 1 51.3054 75.3008
14 3 1 89.9837 34.9257
14 4 0 38.9216 27.0135
14 5 0 19.5566 56.6122
14 6 0 48.2805 60.5443
14 7 1 46.0183 99.7938
14 8 0 61.5123 8.4229
14 9 0 42.328 10.9508
14 10 0 78.4235 20.7097
14 11 1 47.342 25.1919
14 12 0 85.2233 83.0733
14 13 1 12.3068 52.118
14 15 1 3.24041 67.4419
14 16 1 96.0023 93.4076
14 17 0 56.188 91.286
14 18 0 90.6506 89.222
14 19 0 67.665 71.5654
14 20 0 21.4258 98.909
14 21 0 82.5659 55.4652
14 22 0 37.1838 10.5259
14 23 0 10.4664 78.2403
14 24 0 29.3653 38.1535
14 25 0 28.3925 53.7391
14 26 0 24.6124 9.00371
14 27 0 87.3396 3.66979
14 28 0 49.017 16.5127
14 29 0 36.9697 69.1698
14 30 0 64.3198 53.0324
14 31 0 41.966 37.565
14 32 0 96.6367 2.38043
14 33 0 57.2211 68.2747
14 34 0 38.7899 49.9428
14 35 1 11.7441 94.8727
14 36 0 23.1644 15.8875
14 37 0 44.5061 23.0184
14 38 0 48.8414 50.7067
14 39 0 69.545 11.4702
14 40 0 76.8636 25.2899
15 1 0 95.9603 8.80341
15 2 1 31.9018 52.1889
15 3 0 24.1231 5.51143
15 4 0 75.4635 39.1279
15 5 0 84.085 80.2609
15 6 0 44.5924 47.2305
15 7 0 14.7518 62.0775
15 8 0 5.03828 12.4981
15 9 0 22.3512 30.687
15 10 0 7.39249 63.6348
15 11 0 6.22159 28.0492
15 12 1 40.7026 56.3458
15 13 0 60.8277 12.793
15 14 0 76.6702 72.0659
15 16 1 99.9213 62.8197
15 17 0 11.1302 73.3132
15 18 0 76.7999 65.3402
15 19 1 43.5149 48.7895
15 20 0 96.7981 71.9729
15 21 0 16.0193 5.65638
15 22 1 37.1076 29.2219
15 23 1 42.7201 27.9808
15 24 0 58.1135 74.8138
15 25 0 74.0558 54.7576
15 26 0 21.6689 7.85103
15 27 0 44.1807 3.83104
15 28 0 54.3643 11.0775
15 29 0 15.0652 37.4503
15 30 0 76.7324 17.5869
15 31 0 66.7019 82.9237
15 32 1 8.95723 58.9955
15 33 0 7.12963 95.5525
15 34 0 83.4504 36.6325
15 35 1 89.7602 82.6881
15 36 0 69.085 1.34011
15 37 0 27.6839 44.2142
15 38 0 74.4226 69.771
15 39 1 10.2601 70.6677
15 40 0 97.392 96.6615
16 1 0 1.07083 33.1298
16 2 1 64.455 2.00509
16 3 0 96.0707 93.7072
16 4 0 13.239 54.0902
16 5 1 48.2814 65.7635
16 6 0 34.0053 7.95871
16 7 1 36.509 86.3515
16 8 1 97.7413 63.9493
16 9 0 90.2049 66.8111
16 10 0 19.1424 91.841
16 11 1 41.4806 80.1152
16 12 0 37.324 35.6615
16 13 0 34.5966 13.2488
16 14 0 9.01422 50.6673
16 15 0 51.004 88.2685
16 17 1 61.3283 36.3692
16 18 0 85.6752 98.2512
16 19 0 13.3736 14.8693
16 20 0 52.2153 7.52084
16 21 1 16.9684 70.8768
16 22 0 8.32378 89.7386
16 23 0 99.644 69.0029
16 24 1 64.4525 61.2729
16 25 0 80.691 11.0214
16 26 0 73.299 18.1938
16 27 0 3.62626 38.3531
16 28 0 27.7561 32.554
16 29 0 83.5904 57.09
16 30 0 24.3005 23.3077
16 31 0 87.7734 98.6557
16 32 0 52.4916 4.80998
16 33 0 73.7645 10.2706
16 34 1 98.5705 8.90771
16 35 0 65.2633 99.4979
16 36 0 80.6165 7.81131
16 37 0 21.6695 67.2857
16 38 0 26.797 13.0235
16 39 0 27.5502 41.2744
16 40 0 75.4826 54.4267
17 1 0 65.3008 96.8639
17 2 0 21.3689 32.3222
17 3 0 95.7563 38.9762
17 4 0 72.9549 76.5835
17 5 0 92.3933 99.4953
17 6 0 0.17903 71.5908
17 7 1 73.5099 26.141
17 8 0 95.1934 43.1293
17 9 0 97.2687 96.8247
17 10 0 54.5262 12.1913
17 11 1 74.6622 15.4083
17 12 0 23.7259 85.375
17 13 0 16.4709 26.0743
17 14 1 59.9024 9.49139
17 15 0 19.2968 19.9933
17 16 0 82.3643 84.0131
17 18 1 1.9694 74.5086
17 19 0 78.6234 55.9091
17 20 0 46.4863 31.9755
17 21 0 64.662 98.9836
17 22 0 17.1942 58.0941
17 23 0 57.9471 73.4112
17 24 0 5.30197 64.0373
17 25 0 73.9887 31.0117
17 26 0 24.6323 79.8086
17 27 1 95.0353 64.1934
17 28 0 60.4878 19.755
17 29 0 17.5856 34.1272
17 30 0 45.1815 72.1947
17 31 0 57.6449 53.7526
17 32 0 66.2688 75.4134
17 33 0 9.8699 55.6588
17 34 0 46.492 47.8679
17 35 0 90.6419 94.6602
17 36 1 15.4268 47.0709
17 37 0 50.525 51.2814
17 38 0 60.6588 2.67561
17 39 0 20.3771 11.1549
17 40 0 60.7901 25.0928
18 1 1 0.340135 22.9979
18 2 0 86.8096 21.2714
18 3 1 20.8634 20.0342
18 4 0 16.6478 70.8548
18 5 1 77.9313 86.762
18 6 0 83.1628 75.3152
18 7 0 98.4026 16.2792
18 8 0 19.2173 11.952
18 9 0 10.8454 19.7801
18 10 1 64.2491 55.8753
18 11 0 38.5819 5.08427
18 12 0 55.1304 84.674
18 13 1 85.7396 47.8757
18 14 0 42.1914 93.3531
18 15 0 77.266 85.8669
18 16 0 96.6089 56.3049
18 17 0 64.6885 29.9967
18 19 1 6.37394 26.2254
18 20 0 78.9174 43.8285
18 21 0 8.79143 36.9784
18 22 0 33.7643 39.6385
18 23 0 31.6972 16.5738
18 24 1 36.6773 74.7129
18 25 0 53.0247 0.377692
18 26 1 17.8914 82.3835
18 27 0 78.0982 76.1383
18 28 0 63.439 46.6517
18 29 1 4.12663 15.9144
18 30 0 79.9516 63.7627
18 31 0 76.7349 49.8138
18 32 0 57.422 16.1201
18 33 1 18.343 38.1281
18 34 0 74.0916 73.854
18 35 0 47.3117 59.5225
18 36 1 81.8249 51.6695
18 37 0 56.2881 86.0405
18 38 0 4.09844 33.9553
18 39 0 67.562 14.5773
18 40 1 90.7279 27.8024
19 1 0 36.314 53.5501
19 2 0 0.113132 83.2707
19 3 1 69.0333 79.416
19 4 0 26.5534 62.7804
19 5 1 35.6627 19.4906
19 6 0 71.7122 26.607
19 7 0 48.9353 5.05761
19 8 0 46.2241 30.0623
19 9 0 34.0118 45.7429
19 10 0 35.7351 63.101
19 11 1 0.00854973 19.3625
19 12 1 66.6418 26.1236
19 13 0 50.7724 58.9648
19 14 0 1.40859 86.8118
19 15 0 78.2447 34.9276
19 16 0 15.3592 73.5035
19 17 0 28.5844 74.8008
19 18 0 88.7142 66.288
19 20 1 54.7629 21.7259
19 21 0 51.8954 43.6343
19 22 0 27.7476 51.76
19 23 0 57.7781 89.2804
19 24 0 99.8727 13.8529
19 25 0 26.7601 63.3549
19 26 0 71.1514 50.8505
19 27 1 43.6953 79.2409
19 28 0 36.9586 99.6442
19 29 1 19.5858 75.5774
19 30 0 57.6922 44.6399
19 31 0 41.7781 53.3796
19 32 0 21.708 3.20222
19 33 0 86.2178 21.9387
19 34 0 6.62444 0.157884
19 35 0 82.9438 94.7391
19 36 0 88.1775 86.8444
19 37 0 56.1408 34.955
19 38 0 77.0041 88.0387
19 39 1 42.4647 1.56663
19 40 0 23.128 82.5689
20 1 0 67.6483 19.6287
20 2 0 57.9715 30.9166
20 3 0 62.5765 24.0229
20 4 1 90.9007 89.3962
20 5 0 32.2706 86.6658
20 6 0 99.8822 8.09662
20 7 0 64.7141 27.4077
20 8 1 99.0863 62.0339
20 9 0 32.7552 76.5448
20 10 0 64.13 70.6759
20 11 0 16.275 96.3258
20 12 1 82.5016 35.0038
20 13 0 39.7902 79.8826
20 14 0 7.81531 96.0063
20 15 0 14.5915 77.0922
20 16 0 51.5435 92.2565
20 17 0 7.42971 31.2866
20 18 1 64.0738 27.7363
20 19 0 41.6399 38.3595
20 21 1 11.6854 92.5893
20 22 0 33.1696 99.8878
20 23 0 14.4726 78.1145
20 24 0 87.9723 5.7952
20 25 0 54.5761 51.472
20 26 0 60.8878 63.7113
20 27 0 99.0521 30.259
20 28 0 34.0224 16.2834
20 29 0 53.7591 60.5046
20 30 1 85.2795 8.32345
20 31 0 13.7154 14.8413
20 32 1 28.4836 30.3284
20 33 0 92.3577 92.5168
20 34 0 42.8134 83.786
20 35 0 99.5507 48.7702
20 36 0 42.1567 78.0128
20 37 0 30.735 60.6396
20 38 1 19.6104 6.52006
20 39 0 12.1803 82.638
20 40 0 38.8025 62.9092
21 1 0 76.7635 51.6031
21 2 0 41.9449 62.1379
21 3 0 82.5432 94.4477
21 4 0 66.0782 18.0642
21 5 0 48.7261 30.4698
21 6 0 86.4054 31.9294
21 7 0 43.8335 14.3795
21 8 0 15.9576 97.3839
21 9 0 41.8853 91.0074
21 10 0 68.3443 37.9403
21 11 0 6.45943 25.1945
21 12 0 46.2982 77.0884
21 13 1 58.4422 86.0828
21 14 0 97.1618 60.5352
21 15 0 62.5205 53.8372
21 16 0 33.7121 16.1749
21 17 0 26.9693 92.7511
21 18 0 50.2177 54.0664
21 19 0 50.7197 77.9397
21 20 0 80.36 69.9003
21 22 1 46.7535 89.2069
21 23 0 76.5725 29.9852
21 24 0 11.1244 67.755
21 25 0 53.7618 89.6562
21 26 0 72.4129 66.6552
21 27 1 4.37593 7.51021
21 28 0 59.6805 82.8974
21 29 0 92.6365 56.1762
21 30 1 92.2432 22.203
21 31 0 67.9753 74.685
21 32 0 64.6379 3.15878
21 33 0 41.2716 69.6949
21 34 1 14.712 97.9724
21 35 0 9.52696 30.5619
21 36 0 72.8453 73.5888
21 37 0 15.913 77.7853
21 38 0 37.3425 1.11846
21 39 0 59.8362 44.0105
21 40 0 34.0256 49.2542
22 1 0 51.246 15.457
22 2 0 10.4826 54.7647
22 3 0 94.3777 1.47722
22 4 0 18.4866 41.2804
22 5 0 52.3878 15.534
22 6 0 84.1016 38.6599
22 7 0 61.9746 94.0227
22 8 0 96.4528 42.5295
22 9 0 2.91312 69.3906
22 10 0 53.7297 39.8313
22 11 0 11.2998 9.93565
22 12 1 95.621 0.299078
22 13 0 73.8734 51.4291
22 14 0 5.69717 72.5861
22 15 0 50.0526 33.6046
22 16 0 96.6989 58.0565
22 17 0 69.5757 3.17338
22 18 0 9.48544 37.1417
22 19 0 71.6529 88.2476
22 20 0 58.2978 24.1006
22 21 0 54.4563 27.6241
22 23 1 48.2283 10.2136
22 24 0 63.5602 59.8666
22 25 0 90.1101 35.7219
22 26 0 24.4294 6.93567
22 27 0 57.8337 10.1252
22 28 0 12.2861 76.1858
22 29 0 11.8278 92.5532
22 30 0 65.5633 1.32619
22 31 0 81.2761 77.8366
22 32 0 18.9771 60.4867
22 33 0 32.686 54.014
22 34 0 82.9288 57.5267
22 35 1 20.0017 9.20275
22 36 0 67.7316 85.9916
22 37 1 10.9889 14.3533
22 38 0 21.9417 48.0579
22 39 0 30.1237 51.1298
22 40 0 3.49454 0.0583484
23 1 0 21.2443 94.3535
23 2 0 22.5315 88.45
23 3 0 76.0113 67.7571
23 4 0 71.9446 58.1371
23 5 0 58.3401 11.0687
23 6 0 88.2171 61.5077
23 7 0 7.33802 24.554
23 8 0 68.9699 93.9098
23 9 0 89.0232 84.5978
23 10 0 73.8192 69.0986
23 11 1 49.3688 10.8175
23 12 0 64.954 91.2083
23 13 0 74.9045 99.5653
23 14 0 79.6803 44.865
23 15 0 81.8207 99.5033
23 16 0 41.6745 39.187
23 17 0 80.1519 34.1034
23 18 1 36.2772 74.2375
23 19 0 81.2873 80.6613
23 20 1 11.458 78.2006
23 21 0 91.2225 1.04241
23 22 0 60.2672 3.13468
23 24 1 67.7796 4.36116
23 25 0 86.1184 58.7975
23 26 0 56.7596 2.76618
23 27 0 41.4336 49.5662
23 28 1 73.9132 72.9479
23 29 1 62.9581 10.7575
23 30 0 63.1025 97.9928
23 31 1 14.6595 12.4733
23 32 0 12.8634 18.5279
23 33 0 46.4323 32.9863
23 34 1 62.0459 43.5063
23 35 0 34.4179 79.2355
23 36 0 44.7153 19.7745
23 37 0 69.3822 81.0029
23 38 1 63.8816 28.6618
23 39 1 82.2304 46.4172
23 40 0 30.2943 15.8513
24 1 0 22.0832 75.3938
24 2 0 85.9213 99.6683
24 3 0 23.8593 98.4297
24 4 0 2.71833 45.6013
24 5 0 90.0315 65.3771
24 6 1 57.4451 53.5832
24 7 0 3.10656 79.414
24 8 0 80.4173 29.4001
24 9 0 58.3533 27.2485
24 10 0 65.1571 42.526
24 11 0 69.1947 22.7065
24 12 0 52.2502 7.9895
24 13 0 52.9067 31.7587
24 14 0 51.5813 43.4832
24 15 0 26.2443 58.3705
24 16 0 91.3477 41.165
24 17 1 70.7047 28.9199
24 18 0 61.2157 13.8742
24 19 0 5.95769 39.7497
24 20 0 51.7126 38.0701
24 21 0 88.2923 75.2574
24 22 0 73.9017 31.3408
24 23 0 46.1959 24.1583
24 25 1 51.619 71.045
24 26 1 29.9327 9.23317
24 27 1 89.5878 12.3832
24 28 0 79.5231 7.54896
24 29 0 86.2343 82.8122
24 30 0 86.9361 73.7134
24 31 0 85.5845 92.29
24 32 0 19.1761 64.6897
24 33 0 33.4198 56.2598
24 34 0 65.737 57.3664
24 35 0 5.43963 59.1998
24 36 1 59.3104 70.2074
24 37 0 39.3795 99.3445
24 38 0 74.0472 21.3721
24 39 1 45.4914 18.8867
24 40 0 73.9216 51.3123
25 1 0 8.49502 35.0749
25 2 0 78.4771 14.1361
25 3 0 90.7292 75.7527
25 4 1 48.194 19.3117
25 5 0 86.1107 5.43838
25 6 0 91.9828 81.9564
25 7 0 68.5234 50.6412
25 8 1 4.97798 2.88619
25 9 0 64.976 59.6437
25 10 1 0.567869 37.5027
25 11 1 94.9537 51.3369
25 12 0 3.35326 66.0374
25 13 0 70.5191 24.1032
25 14 0 97.2265 53.2297
25 15 0 46.4414 59.1561
25 16 0 75.8588 75.6912
25 17 0 79.1961 55.5724
25 18 0 53.4044 89.3615
25 19 0 92.2797 34.612
25 20 0 68.2238 8.1419
25 21 0 37.2208 32.3407
25 22 0 30.9314 31.2964
25 23 0 85.7249 51.6425
25 24 0 53.5056 32.8632
25 26 1 44.1712 57.3367
25 27 0 39.253 99.0097
25 28 0 98.9652 53.6236
25 29 1 16.8287 87.8809
25 30 0 60.8911 58.366
25 31 0 85.8011 13.7014
25 32 0 90.2475 40.8851
25 33 0 78.7583 57.8785
25 34 0 38.7905 50.8009
25 35 0 9.4814 2.5157
25 36 0 55.4811 90.8738
25 37 1 90.2245 34.4468
25 38 0 11.5193 56.5892
25 39 0 50.1774 90.3973
25 40 0 3.56197 37.7373
26 1 0 81.4149 22.0642
26 2 0 55.8511 22.8529
26 3 0 32.3738 47.4679
26 4 1 94.6573 31.8851
26 5 0 72.665 81.3463
26 6 0 59.0701 76.2698
26 7 0 52.1568 56.5989
26 8 0 90.3492 91.9359
26 9 0 6.35258 34.6889
26 10 1 91.239 16.6711
26 11 0 61.3511 92.2729
26 12 0 34.7112 86.4883
26 13 0 74.5146 70.6494
26 14 0 94.92 42.0154
26 15 0 31.2367 75.6941
26 16 0 67.1024 37.2652
26 17 1 28.1891 9.69312
26 18 0 94.3193 24.0931
26 19 0 85.9817 93.4163
26 20 0 90.7426 26.5729
26 21 0 33.5931 83.6472
26 22 0 78.6655 35.5469
26 23 0 4.65929 21.956
26 24 1 99.3275 72.6527
26 25 0 53.8487 27.1277
26 27 1 23.9488 46.7103
26 28 0 35.6268 0.532889
26 29 0 67.2444 27.8536
26 30 0 96.5245 89.3294
26 31 0 18.5053 65.9981
26 32 0 35.2076 31.3157
26 33 1 66.7952 46.1079
26 34 0 26.4576 35.4032
26 35 0 28.5624 78.0167
26 36 1 7.55153 53.0744
26 37 0 2.54261 7.07609
26 38 0 48.0498 94.9873
26 39 0 73.3893 79.5187
26 40 0 77.4193 35.8787
27 1 0 25.218 44.2855
27 2 0 40.2564 4.37581
27 3 0 8.66604 15.4029
27 4 0 3.4827 9.88729
27 5 0 66.078 14.0877
27 6 1 89.3937 31.3326
27 7 1 62.3849 14.9821
27 8 1 98.9687 84.2599
27 9 0 72.5169 47.7705
27 10 0 11.6444 47.7626
27 11 0 67.7748 12.8479
27 12 0 87.8612 52.4459
27 13 0 83.7941 36.4343
27 14 1 96.8922 18.7607
27 15 0 73.3397 5.01668
27 16 0 21.1313 87.2155
27 17 0 54.709 11.0378
27 18 0 91.6699 6.54396
27 19 1 74.6238 52.0429
27 20 0 37.8031 55.6909
27 21 0 68.1949 31.1678
27 22 0 57.6182 63.841
27 23 0 20.3886 58.6146
27 24 0 56.5659 16.5459
27 25 0 32.0845 12.2703
27 26 1 2.9135 87.021
27 28 1 14.6561 21.0498
27 29 0 87.7057 24.1708
27 30 0 89.8734 26.0434
27 31 0 40.9999 84.0569
27 32 0 12.0275 57.4352
27 33 0 53.612 79.8039
27 34 0 2.51445 96.0801
27 35 0 25.7381 84.3277
27 36 1 66.7977 49.3029
27 37 0 36.3082 34.5422
27 38 0 52.5727 96.9075
27 39 0 70.4505 79.5461
27 40 1 39.6868 20.2028
28 1 0 45.0251 58.735
28 2 0 65.985 33.755
28 3 0 94.8921 56.2892
28 4 1 73.1419 55.2061
28 5 0 37.4514 27.7263
28 6 1 51.4615 18.5547
28 7 0 12.8748 63.748
28 8 0 77.369 98.7374
28 9 1 6.75711 86.3065
28 10 0 51.0123 12.1015
28 11 0 54.3582 13.031
28 12 0 70.9509 51.1308
28 13 0 87.2186 56.7459
28 14 0 19.3892 43.7082
28 15 0 43.8098 17.5673
28 16 0 91.9661 19.5478
28 17 0 60.4116 55.7658
28 18 0 27.7012 3.37351
28 19 0 55.5896 37.9427
28 20 0 51.26 29.3656
28 21 0 86.4432 95.4245
28 22 0 79.3728 48.2583
28 23 0 67.214 57.9066
28 24 0 74.6729 62.2898
28 25 0 15.384 15.9351
28 26 1 98.4233 80.3987
28 27 0 21.8919 53.5405
28 29 1 83.8802 62.2393
28 30 0 2.32771 60.1321
28 31 1 71.8781 0.602653
28 32 1 84.6729 89.7935
28 33 0 47.4042 44.3804
28 34 0 33.8735 11.8514
28 35 0 80.3699 31.5295
28 36 0 74.0142 48.8275
28 37 0 3.73573 67.2789
28 38 1 64.3534 1.08972
28 39 0 15.1394 13.8076
28 40 1 97.9915 16.616
29 1 0 43.092 40.6265
29 2 0 39.7327 5.40134
29 3 0 83.6432 8.29956
29 4 0 21.5692 53.9835
29 5 0 19.2435 74.3889
29 6 0 24.5999 11.6076
29 7 0 47.5068 12.1753
29 8 0 5.96974 11.9652
29 9 0 27.8128 99.4464
29 10 0 7.29253 24.5373
29 11 0 49.5381 58.9587
29 12 0 25.5062 56.7835
29 13 0 96.1109 34.3871
29 14 0 27.906 35.7045
29 15 0 40.936 53.1952
29 16 1 71.2315 1.18884
29 17 1 27.2196 88.9472
29 18 0 0.447776 65.1604
29 19 0 13.6017 39.5981
29 20 0 35.9688 90.7012
29 21 0 58.7407 73.1043
29 22 0 11.1569 80.842
29 23 0 87.4083 8.99473
29 24 0 86.4346 7.1221
29 25 0 93.2702 99.3198
29 26 0 52.1141 15.0054
29 27 0 14.3086 36.1426
29 28 0 73.1878 51.0768
29 30 1 25.3616 2.3079
29 31 0 59.6618 48.8433
29 32 0 81.6331 73.0649
29 33 0 74.6132 80.3647
29 34 0 75.278 88.7189
29 35 0 0.377791 8.58773
29 36 0 35.2516 68.4396
29 37 0 67.5874 87.0552
29 38 0 56.5886 97.8064
29 39 0 40.7083 63.8234
29 40 0 25.7764 34.0443
30 1 0 27.2196 29.5397
30 2 0 55.1753 14.8081
30 3 0 65.5688 79.6334
30 4 0 49.9873 6.03059
30 5 0 16.7455 96.2579
30 6 0 96.7307 79.221
30 7 1 10.6087 6.3479
30 8 0 84.4823 90.213
30 9 1 91.6014 56.0713
30 10 0 44.7483 48.1138
30 11 0 96.6042 91.5599
30 12 0 66.0366 3.93767
30 13 0 4.65098 89.1119
30 14 0 82.7629 23.7294
30 15 0 16.5846 96.563
30 16 0 1.12846 4.04059
30 17 0 98.3966 12.2135
30 18 0 26.9156 95.8776
30 19 0 30.8228 48.587
30 20 0 89.1059 85.7991
30 21 0 85.4846 60.846
30 22 0 10.9045 28.7924
30 23 0 77.8194 69.7147
30 24 0 80.9126 13.1444
30 25 1 71.0505 94.9965
30 26 0 24.2375 24.3506
30 27 0 81.0987 83.004
30 28 0 47.3063 76.8702
30 29 0 76.4504 6.26741
30 31 1 18.9417 0.899309
30 32 0 49.7103 36.5735
30 33 0 0.853083 98.3514
30 34 0 89.5863 39.1956
30 35 0 85.3621 82.924
30 36 0 81.3389 85.705
30 37 0 52.662 63.5223
30 38 1 83.8745 60.6156
30 39 0 30.7596 19.8497
30 40 1 44.79 60.7788
31 1 0 4.44312 93.5507
31 2 0 41.8141 25.6508
31 3 1 66.428 98.597
31 4 0 98.9301 20.4934
31 5 0 76.9007 7.18689
31 6 0 37.7606 4.93446
31 7 1 88.4497 33.3999
31 8 0 91.0244 66.9405
31 9 0 72.3868 9.38662
31 10 0 37.4654 14.6858
31 11 0 52.056 66.9761
31 12 0 76.7906 55
31 13 1 86.9061 19.8837
31 14 1 47.7617 46.0343
31 15 0 73.1963 51.0687
31 16 0 14.7218 92.8058
31 17 0 78.3885 7.31164
31 18 0 64.5624 98.7176
31 19 0 78.3529 14.8299
31 20 1 59.3632 3.80178
31 21 0 68.9693 47.0689
31 22 0 76.3959 60.7761
31 23 0 73.0916 90.0105
31 24 0 41.7314 72.1534
31 25 0 53.0734 46.4929
31 26 0 78.0552 34.3273
31 27 0 92.0331 87.3002
31 28 0 15.8157 58.1026
31 29 0 90.1939 44.5679
31 30 0 25.6272 77.8363
31 32 1 24.0312 84.149
31 33 0 86.6939 73.9607
31 34 0 50.8575 92.1805
31 35 0 99.501 82.7791
31 36 0 42.8564 47.2618
31 37 0 98.6434 94.4669
31 38 0 65.6654 66.8573
31 39 0 4.97667 96.5119
31 40 0 8.83281 60.6233
32 1 0 36.7357 5.93624
32 2 1 29.0402 35.6753
32 3 0 57.7722 86.9888
32 4 0 3.16083 36.2166
32 5 0 46.3179 15.0429
32 6 0 76.6591 38.4563
32 7 0 14.1048 32.1279
32 8 0 79.8631 94.4985
32 9 0 56.3934 25.9643
32 10 0 51.981 86.7207
32 11 0 63.7988 25.562
32 12 0 16.5203 87.0127
32 13 0 39.8685 22.7907
32 14 0 31.6431 70.3865
32 15 0 33.4129 76.2222
32 16 0 50.7293 92.7148
32 17 0 7.68843 70.3593
32 18 1 64.3582 58.6547
32 19 0 19.4751 92.2166
32 20 1 69.3207 32.1852
32 21 0 95.9393 27.7338
32 22 1 75.5637 42.7443
32 23 0 51.2619 83.7922
32 24 0 48.5686 28.2701
32 25 0 61.584 13.2431
32 26 0 79.8784 39.8285
32 27 0 3.40139 97.3777
32 28 1 44.1751 17.5664
32 29 0 50.4999 48.3122
32 30 0 13.0227 36.3099
32 31 0 58.1783 21.19
32 33 1 46.9772 44.6016
32 34 0 73.2844 58.3297
32 35 0 0.612759 87.7387
32 36 0 9.63831 70.4583
32 37 0 62.5932 37.2788
32 38 0 11.9316 4.71082
32 39 0 70.866 61.4693
32 40 1 54.8891 82.3622
33 1 0 38.9706 50.3519
33 2 0 1.68089 39.1612
33 3 1 95.5715 42.7627
33 4 0 21.2818 44.2108
33 5 0 34.2926 23.8303
33 6 0 7.10112 59.1039
33 7 0 93.1821 16.4058
33 8 0 59.6918 34.5245
33 9 0 90.8914 1.31054
33 10 0 52.6557 52.1799
33 11 0 48.3191 5.57485
33 12 0 35.5056 26.2073
33 13 1 68.5628 1.92445
33 14 0 99.9783 77.8853
33 15 0 4.89361 8.81372
33 16 0 35.7037 68.9664
33 17 0 83.2089 91.343
33 18 0 19.6679 18.7122
33 19 0 29.0702 9.6421
33 20 0 35.6966 85.2028
33 21 0 53.3056 3.21646
33 22 0 5.08718 6.21148
33 23 1 26.4029 71.5602
33 24 0 54.1439 19.0519
33 25 1 28.3531 74.7062
33 26 0 55.9287 28.415
33 27 0 55.5769 65.0341
33 28 0 54.1889 30.9034
33 29 0 52.822 42.7482
33 30 0 75.4529 3.40371
33 31 0 82.5616 11.488
33 32 0 7.8751 83.2453
33 34 1 15.2474 48.1086
33 35 0 98.6927 54.0849
33 36 0 9.17632 75.9182
33 37 0 28.2238 39.6177
33 38 0 81.7073 96.579
33 39 1 12.2585 22.7517
33 40 1 1.39882 50.4955
34 1 0 21.6345 18.8437
34 2 0 56.813 53.6121
34 3 0 28.8332 29.3444
34 4 0 86.0254 84.9515
34 5 0 56.7965 3.33025
34 6 0 86.1692 61.0786
34 7 0 89.6011 65.8244
34 8 1 69.385 96.3543
34 9 0 9.90689 38.1123
34 10 0 28.9278 20.2676
34 11 0 45.3079 47.0404
34 12 0 72.788 4.43442
34 13 0 43.2079 50.3753
34 14 1 38.5854 97.004
34 15 1 0.209534 12.128
34 16 0 88.7837 18.6532
34 17 0 95.8248 17.3489
34 18 0 11.1459 67.2885
34 19 0 20.5279 61.7088
34 20 1 87.8019 58.4555
34 21 1 6.44443 77.9264
34 22 0 60.0396 91.588
34 23 1 84.7759 5.95093
34 24 0 73.6893 76.4099
34 25 0 61.7989 5.93307
34 26 0 13.8198 83.388
34 27 1 78.5403 61.3624
34 28 0 11.5747 96.363
34 29 0 21.441 40.0225
34 30 0 58.3229 58.0146
34 31 0 26.41 73.1008
34 32 0 92.0899 59.0732
34 33 0 28.1951 64.4197
34 35 1 45.8015 78.7085
34 36 1 14.7654 10.2341
34 37 1 8.50835 20.6085
34 38 0 54.6923 50.9518
34 39 1 78.6801 21.4991
34 40 0 86.5324 58.8558
35 1 0 68.7571 74.3477
35 2 0 26.7579 2.52718
35 3 1 0.872953 35.6244
35 4 0 40.8941 54.8508
35 5 0 53.3919 8.46183
35 6 0 26.2159 54.2583
35 7 0 81.7224 72.5102
35 8 0 29.4478 91.0883
35 9 0 96.0022 17.0871
35 10 0 11.5738 17.9175
35 11 0 50.3729 87.8192
35 12 0 77.0332 32.1349
35 13 0 97.002 95.4187
35 14 0 26.2188 68.0932
35 15 1 9.17496 39.0371
35 16 0 73.6316 42.6646
35 17 0 1.39705 79.2325
35 18 1 8.20467 75.2594
35 19 0 73.1073 2.90211
35 20 0 15.1759 21.7078
35 21 0 46.6397 85.3512
35 22 0 99.8957 11.4566
35 23 0 56.8675 84.3493
35 24 0 58.6601 83.3178
35 25 1 65.4707 61.6123
35 26 0 44.5589 21.9413
35 27 1 81.3283 53.1741
35 28 0 3.56632 77.2407
35 29 0 30.9212 3.26232
35 30 0 39.1936 75.7889
35 31 0 57.0322 84.2883
35 32 1 65.6862 17.7609
35 33 1 92.706 76.7302
35 34 0 71.7258 56.3589
35 36 1 36.2637 25.3428
35 37 1 93.7364 96.3191
35 38 0 43.4471 91.6362
35 39 1 95.889 41.6367
35 40 1 27.1055 0.475047
36 1 0 71.5638 29.7508
36 2 1 16.0291 17.9694
36 3 0 18.4864 89.3421
36 4 0 58.1804 4.07671
36 5 0 98.5579 32.9182
36 6 0 84.8078 17.2324
36 7 0 77.1612 12.1058
36 8 0 92.7267 93.3755
36 9 0 1.25876 9.18265
36 10 0 60.9954 78.7456
36 11 1 80.1479 84.1199
36 12 0 10.1849 23.799
36 13 0 61.5931 46.3593
36 14 0 4.45007 6.11355
36 15 0 25.9422 49.0786
36 16 0 30.0534 47.7347
36 17 0 11.0792 32.3881
36 18 1 43.0421 64.6875
36 19 1 56.0293 62.3516
36 20 0 7.25943 7.98158
36 21 0 49.1568 74.9404
36 22 0 0.784528 84.6458
36 23 0 60.7904 53.6796
36 24 0 7.74837 60.4144
36 25 1 99.7036 60.6117
36 26 0 5.40461 50.8711
36 27 0 26.8893 89.8545
36 28 0 28.3451 62.6851
36 29 0 96.5565 64.5481
36 30 0 84.2345 69.7796
36 31 0 43.894 43.1889
36 32 0 39.5754 32.7632
36 33 0 8.79982 75.4902
36 34 0 0.447295 72.4075
36 35 1 7.30004 78.6019
36 37 1 88.2691 13.6622
36 38 0 33.1799 28.098
36 39 0 83.3216 29.7107
36 40 0 19.9969 84.2037
37 1 1 17.0024 71.8756
37 2 0 38.6881 15.962
37 3 0 2.59207 2.42341
37 4 0 32.2084 51.8465
37 5 0 20.8012 44.8668
37 6 0 11.2797 20.6535
37 7 0 25.0355 21.5775
37 8 0 12.6375 83.6971
37 9 0 0.718827 64.8341
37 10 0 8.99939 86.4964
37 11 0 26.8997 61.4111
37 12 0 85.0069 90.6673
37 13 0 35.3249 32.0328
37 14 0 85.5656 69.4992
37 15 0 55.9798 45.0486
37 16 1 84.5124 70.5113
37 17 1 5.13758 91.5138
37 18 0 87.857 34.3326
37 19 0 94.0275 28.0711
37 20 1 85.3109 9.5674
37 21 0 0.823998 30.2453
37 22 0 60.6298 99.3494
37 23 0 91.8011 34.9747
37 24 0 22.9643 43.3553
37 25 0 51.2653 32.0087
37 26 0 94.4067 77.7197
37 27 0 16.5017 73.3394
37 28 0 77.1854 66.4204
37 29 0 6.12977 36.8687
37 30 0 48.9334 76.4872
37 31 0 17.7192 41.7638
37 32 0 1.51422 20.3101
37 33 0 0.75678 97.2055
37 34 0 98.4808 83.8863
37 35 1 17.6824 32.3998
37 36 1 44.7134 51.838
37 38 1 44.6065 11.9792
37 39 0 16.5025 12.7793
37 40 0 67.4967 51.4613
38 1 0 63.3036 34.0653
38 2 0 3.46249 35.6906
38 3 0 44.28 16.6776
38 4 0 92.1988 27.2384
38 5 0 88.0776 35.4205
38 6 0 23.1045 56.7
38 7 0 19.4087 53.1619
38 8 1 34.4018 36.9698
38 9 0 51.818 72.4778
38 10 1 2.57845 24.3616
38 11 0 67.5261 80.3029
38 12 0 40.0674 72.903
38 13 0 55.1204 6.66706
38 14 0 47.3256 1.20061
38 15 0 13.622 95.7538
38 16 0 11.5464 47.0048
38 17 0 91.7168 46.5744
38 18 0 55.3969 72.1081
38 19 0 27.1894 15.5557
38 20 0 20.7328 10.2178
38 21 1 27.6418 51.3542
38 22 0 49.9672 30.6303
38 23 0 71.5628 81.4175
38 24 0 7.19689 80.3541
38 25 0 5.43349 41.1147
38 26 0 17.0647 45.2322
38 27 0 85.919 65.1769
38 28 0 58.2431 44.1792
38 29 0 31.6419 58.7024
38 30 0 52.6706 33.8667
38 31 0 72.4999 3.05567
38 32 0 79.0385 98.2017
38 33 0 92.2736 94.1858
38 34 0 67.6293 76.2297
38 35 0 62.1834 0.966575
38 36 0 19.2056 0.627437
38 37 0 99.168 32.9051
38 39 1 51.8336 16.2095
38 40 0 29.358 57.5591
39 1 1 99.2851 58.1325
39 2 0 39.7223 49.4847
39 3 0 17.1135 92.8937
39 4 0 26.9917 34.1035
39 5 0 16.5869 33.3782
39 6 0 87.3245 47.9706
39 7 1 48.9865 17.7327
39 8 1 76.2357 87.0203
39 9 1 49.4761 20.488
39 10 0 69.859 18.2302
39 11 0 92.8075 67.2019
39 12 0 61.2743 45.8212
39 13 0 29.3578 76.4597
39 14 0 40.0144 22.7841
39 15 0 60.9619 53.26
39 16 0 51.5038 98.0462
39 17 0 39.718 45.336
39 18 0 16.036 94.3302
39 19 0 85.8939 62.6598
39 20 0 18.4429 12.0293
39 21 1 2.69817 82.6035
39 22 1 5.97145 38.7231
39 23 0 13.0795 52.6805
39 24 1 55.6287 17.3874
39 25 0 45.8172 65.3993
39 26 0 6.61959 2.91006
39 27 0 16.0417 36.1288
39 28 1 70.3212 62.0698
39 29 0 58.9529 41.0861
39 30 0 16.0478 1.02688
39 31 0 90.9948 28.191
39 32 0 20.56 29.5257
39 33 0 16.0671 43.6611
39 34 0 59.4662 9.28629
39 35 0 16.4019 44.6658
39 36 0 30.4738 31.1362
39 37 0 23.9553 11.8857
39 38 0 53.1819 9.41394
39 40 1 13.0432 89.6125
40 1 1 48.6323 76.5675
40 2 1 69.1176 7.13437
40 3 0 49.8387 73.2694
40 4 0 96.6574 28.8548
40 5 0 36.0803 94.3273
40 6 0 75.8001 5.42053
40 7 0 20.4658 22.6294
40 8 0 66.8073 7.32836
40 9 0 37.26 95.1529
40 10 1 5.24704 0.60005
40 11 1 90.8698 74.6798
40 12 0 47.8947 35.2167
40 13 0 67.1 6.86413
40 14 0 83.0532 73.5619
40 15 0 6.58126 41.1452
40 16 0 69.5062 63.6981
40 17 1 21.3463 7.87935
40 18 0 78.2224 98.13
40 19 0 70.9443 76.107
40 20 0 22.3307 28.4997
40 21 1 59.1851 87.4576
40 22 0 38.8326 62.7489
40 23 0 7.56249 34.7962
40 24 0 82.9489 27.7978
40 25 0 7.32331 95.768
40 26 0 98.7964 54.7211
40 27 1 22.0064 67.7977
40 28 0 85.2913 66.0971
40 29 0 48.0794 13.4432
40 30 0 3.41893 61.8125
40 31 0 58.5726 65.3959
40 32 0 90.549 47.2991
40 33 0 55.5336 95.137
40 34 1 24.5338 73.3186
40 35 1 79.1608 71.0236
40 36 0 95.8803 20.6601
40 37 0 48.8609 20.7809
40 38 0 10.3161 36.0461
40 39 0 12.2056 55.808
19.7876 34.3833 38.6149 17.9357 28.7145 15.0246 5.48678 17.4631 14.6508 10.1556 5.0058 39.6503 28.336 25.2729 37.9545 0.88549 16.167 1.22566 27.7495 35.7618 17.6002 2.42906 11.907 4.40937 38.4976 10.0451 31.7234 26.6746 12.5268 34.9076 32.2914 9.11444 11.01 10.3177 28.7739 22.5794 5.00494 15.4426 25.2249 9.02303 